0.0044126169
0.0041387792
0.0034655365
0.0031821747
0.0029138654
0.0020576457
0.0049499422
0.0097752588
0.013142008
0.013733733
0.01360301
0.014162638
0.013759111
0.009842989
0.0067420637
0.0039672281
0.003950955
0.0043254351
0.0051327186
0.009921741
0.013308092
0.014489738
0.011438023
0.011975964
0.012398136
0.010958823
0.0095395639
0.0063127027
0.0042260737
0.0059352157
0.0065466372
0.0060155376
0.0053987192
0.0043493999
0.0027271627
0.00088291568
0.0015404014
0.00028655835
-0.0025159839
-0.0046400944
-0.0049109189
-0.0057326587
-0.0082904042
-0.0099340679
-0.012331871
-0.015421822
-0.016671095
-0.017327718
-0.018647512
-0.021254499
-0.021759768
-0.023602395
-0.02717254
-0.029841493
-0.03045351
-0.030378995
-0.028319265
-0.023959057
-0.019057838
-0.016672372
-0.017615835
-0.018687756
-0.018151961
-0.019052378
-0.01892275
-0.01950914
-0.021177948
-0.022550675
-0.024080008
-0.024733216
-0.025056579
-0.024459782
-0.023962032
-0.021128049
-0.019022765
-0.017362517
-0.014576189
-0.011332668
-0.0062799796
-0.0030002252
-0.00078619574
0.00040078123
0.00041298847
-0.0003443515
0.0016582386
0.0044991663
0.0030740465
0.0027269399
-0.00019126439
-0.00019368317
0.0019125111
0.0035280944
0.0050111854
0.007921819
0.0081769869
0.0070211336
0.0049668362
0.0039004498
0.0014397767
-0.00035524766
-0.0012055417
-0.0012584572
-0.0019779057
-0.0028424172
-0.0027691692
-0.002042458
-0.001542944
-0.0013983584
-0.0014071144
-0.0024923888
-0.002108354
-0.0029365592
-0.0036447664
-0.002805781
-0.0019997797
-0.0026902754
-0.0016273129
-0.0025048601
-0.0020997012
0.0015180254
0.0042961949
0.0056113609
0.0059335634
0.0087672526
0.0096559771
0.0066569517
0.0066485252
0.0098835725
0.012312553
0.012930805
0.013882181
0.013642542
0.012286464
0.0096582935
0.0072415496
0.0063450658
0.0054930628
0.0047048247
0.0041618667
0.003684188
0.003612272
0.0033256967
0.0035067411
0.0039463297
0.0057390984
0.0061840455
0.0059559814
0.0060419199
0.0049285442
0.0052404557
0.010528544
0.013236063
0.013384685
0.014618516
0.013488333
0.012526332
0.011716994
0.011459351
0.0058150484
0.0023249412
0.0029575629
0.00040481406
0.0023814565
0.0076590833
0.010158637
0.011151784
0.0081501458
0.0073848342
0.011653347
0.011375276
0.0080340689
0.004206268
0.0046831222
0.0064858202
0.0072041162
0.0043326243
0.0025408615
0.00083103957
-0.0022868247
-0.0031044899
-0.0029473113
-0.0038683404
-0.0073745617
-0.011277949
-0.013986089
-0.017604259
-0.021156854
-0.023750312
-0.027817966
-0.031099229
-0.031518609
-0.034457666
-0.035383041
-0.034505195
-0.033643332
-0.035653849
-0.038694097
-0.041023454
-0.039427667
-0.039036595
-0.035840769
-0.030811672
-0.026519623
-0.025114155
-0.023828605
-0.022364926
-0.021716416
-0.021120647
-0.019574718
-0.020641792
-0.019832259
-0.019164307
-0.02063578
-0.020096951
-0.019819655
-0.016578593
-0.013974894
-0.01112317
-0.009103643
-0.0073593928
-0.0044817471
0.0010986848
0.0052761353
0.009430305
0.010117819
0.010304147
0.00928255
0.0090085377
0.0094129747
0.0085658927
0.0071366097
0.0047977162
0.0041622163
0.0045249668
0.0066504903
0.009223957
0.010026552
0.0096863824
0.0074639587
0.0054141155
0.0036912964
0.0020901139
-0.00034632712
-0.00023760921
-0.0011170026
-0.001734567
-0.001448761
-0.0010050789
-0.0012498948
-0.00031269467
-0.00016174486
-9.0779955e-05
-0.00081584203
-0.0019222969
-0.002305767
-0.0026804563
-0.0033418107
-0.0026989453
-0.0016186304
-0.00094976924
-0.0029859339
-0.0016282573
0.00326956
0.0078915034
0.006665532
0.0097402223
0.012514759
0.011799511
0.013323881
0.01264244
0.013813948
0.016108811
0.017188761
0.015766638
0.014097687
0.010563424
0.010405467
0.0084661586
0.0072814702
0.0065716208
0.0060700322
0.0056598044
0.0054888054
0.0055923198
0.0055806414
0.0055894219
0.0051346259
0.0054376805
0.0084037942
0.0080752422
0.0091322248
0.009709418
0.009786617
0.0085451088
0.012387629
0.014636751
0.013237582
0.014814967
0.015889016
0.013943076
0.01113402
0.010143062
0.010726233
0.0099028573
0.0086064057
0.0028524869
0.00061495142
0.0035777553
0.010039046
0.01011994
0.0080847794
0.0089944297
0.012149333
0.010193759
0.0054308915
0.0024316387
0.0030270433
0.0068594524
0.0074609126
0.0051321374
0.0014076222
-0.0033940561
-0.0063113009
-0.007913113
-0.0090942007
-0.013372727
-0.017033923
-0.021926748
-0.026102334
-0.03226317
-0.03677714
-0.040670163
-0.04330721
-0.046383871
-0.048831309
-0.052494377
-0.055519892
-0.053414038
-0.051462297
-0.051336796
-0.048572351
-0.04992449
-0.051143539
-0.051296347
-0.045788213
-0.037523574
-0.036765898
-0.035000455
-0.031552596
-0.029020043
-0.024602866
-0.025512381
-0.022590885
-0.021605582
-0.018290686
-0.015300161
-0.015073619
-0.011633561
-0.010106428
-0.0076510139
-0.0031265037
0.0014535423
0.0065844097
0.0080323215
0.00819357
0.01233712
0.017163322
0.019400683
0.01820804
0.01886588
0.01648334
0.016814766
0.013434378
0.012088824
0.011288668
0.0097223456
0.0086729643
0.0090034423
0.01024291
0.010259887
0.009622256
0.0076337121
0.0053363947
0.002550156
7.7669808e-05
-0.0013234231
-0.0014713546
-0.0015869267
-0.0013195534
-0.00066382537
0.00073645849
0.0010470583
0.00096967168
0.0019641111
0.0023705312
0.0021481628
0.0019595746
0.00081000272
0.00021871079
-0.0010750634
4.7962064e-06
-0.00097655061
-0.003588981
-0.0004751226
0.0038387091
0.0073918539
0.0081554854
0.010226957
0.004991645
0.010867097
0.013064849
0.01651138
0.015103485
0.017138444
0.018887833
0.01801958
0.016024374
0.014184268
0.011701898
0.0089872359
0.0073948183
0.0060548465
0.0068103029
0.006258975
0.0059637718
0.0067120377
0.0071384258
0.0071595434
0.007257774
0.0071052385
0.0075608632
0.0076029462
0.0092530043
0.0095031788
0.011168201
0.01272686
0.012400607
0.010854974
0.014900668
0.019652406
0.016470392
0.01646378
0.019084243
0.01863573
0.017227757
0.015040771
0.013044127
0.01087383
0.01234079
0.0056186082
0.0029075558
0.0050957714
0.009010011
0.0093765068
0.0078633492
0.011489796
0.013056761
0.010059268
0.0070830324
0.005885561
0.0041146011
0.0073595872
0.0079581961
0.0074943507
0.0027239189
-0.0032238309
-0.0055768862
-0.0098743182
-0.01551582
-0.019213481
-0.022225794
-0.027621659
-0.037489699
-0.042021556
-0.046060669
-0.051965842
-0.055345181
-0.060154979
-0.063798723
-0.06949225
-0.073836427
-0.072223539
-0.069577741
-0.065929068
-0.062547915
-0.060872883
-0.062592981
-0.066306999
-0.059387018
-0.053046459
-0.053362813
-0.046932542
-0.040875933
-0.037941495
-0.033737227
-0.029935407
-0.026643134
-0.024624427
-0.019371877
-0.013218638
-0.0090114566
-0.0022577875
0.00071744473
0.0046465854
0.0083834375
0.013642315
0.019241099
0.018298917
0.01904745
0.024401975
0.027132832
0.028644084
0.028946335
0.02593087
0.02342595
0.022106748
0.019289227
0.017487792
0.015788483
0.013531414
0.012195884
0.010998216
0.0096272812
0.0083277875
0.0061923971
0.0049969136
0.0025801275
0.00046752103
1.2328791e-05
-0.00055257591
-0.00019299871
0.0002309915
0.00098580307
0.0011947268
0.0015401695
0.002987629
0.0045696147
0.0045004699
0.0051049565
0.0054986456
0.0052793522
0.004294969
0.0032925459
0.0021062066
0.0039088661
0.0032130862
0.0067838483
0.0088512069
0.010116239
0.011151735
0.0073456002
0.0058018837
0.0064561352
0.012794963
0.016597484
0.017044513
0.016841893
0.015388511
0.018152812
0.017542404
0.013452825
0.010109721
0.00579242
0.0026083077
0.001695264
0.0026209685
0.0042947537
0.005834913
0.0060768655
0.0069240508
0.0062924966
0.0071156268
0.0081579957
0.0085991223
0.0091293697
0.0092874759
0.010790614
0.011879611
0.013937513
0.014740723
0.015122422
0.014831383
0.021976923
0.026624083
0.025124728
0.025244232
0.022122044
0.020166149
0.019860484
0.018056859
0.012923103
0.010729118
0.0116462
0.009719809
0.0086920656
0.011289233
0.012896794
0.014888945
0.014092797
0.01718915
0.016664521
0.013634249
0.013846514
0.01110933
0.0085993491
0.0075996518
0.0085098824
0.0059269782
0.0021771633
-0.0032645498
-0.0099962762
-0.014790148
-0.019588096
-0.023769726
-0.030001576
-0.036560964
-0.046440721
-0.05046192
-0.052327306
-0.05678617
-0.062357415
-0.068685165
-0.072537742
-0.075540858
-0.07754618
-0.079634667
-0.0773013
-0.078874403
-0.07761833
-0.078588216
-0.077766609
-0.073987938
-0.069364282
-0.064448568
-0.061258176
-0.054263457
-0.048350427
-0.048337771
-0.043161096
-0.039458263
-0.031563771
-0.026311972
-0.018991151
-0.011544672
-0.005070569
0.0048588485
0.0088278656
0.016364977
0.019286308
0.021913931
0.02671146
0.027632767
0.030603159
0.032720321
0.032939359
0.033826343
0.031515935
0.027399791
0.022691516
0.022671475
0.017357106
0.017325906
0.016071766
0.01390101
0.012531439
0.0083239636
0.007957611
0.006627075
0.0042503212
0.0029696471
0.00040639076
-0.00022135443
-0.00055377439
-0.00025966378
0.00013230599
0.0025057294
0.0028083792
0.0025759217
0.0027947815
0.0038441126
0.0044246206
0.0048707295
0.0052487176
0.0063475664
0.0063142191
0.0063218169
0.0052719164
0.0058952961
0.0060880826
0.0079198024
0.010746249
0.011659251
0.010386072
0.0096907715
0.0084893858
0.0074528426
0.011436301
0.013170454
0.015521829
0.017318193
0.017179097
0.016166289
0.018352482
0.016903382
0.013537945
0.0071973285
0.0023240531
-0.00011583072
0.0013355165
0.0022929132
0.0043174263
0.0059985603
0.0061763738
0.0059662947
0.0060521727
0.0070886025
0.0088241413
0.010021653
0.0099238645
0.010557696
0.013524876
0.015047626
0.016101082
0.019468914
0.018978788
0.021986524
0.027429404
0.030612338
0.028436161
0.02859598
0.025702483
0.027849639
0.025030709
0.016570529
0.0085563927
0.0057350525
0.0093304647
0.011039857
0.015641929
0.018953622
0.023474435
0.022931755
0.02417198
0.021328984
0.01897173
0.018094156
0.015135053
0.012818406
0.012101674
0.0083699481
0.006313103
0.0027469668
0.00060583289
-0.0031101054
-0.0093087358
-0.014117554
-0.021612857
-0.028024362
-0.038358106
-0.048535705
-0.05527195
-0.059749008
-0.060211757
-0.055007173
-0.053805875
-0.059062301
-0.071139155
-0.074984949
-0.075307516
-0.073859555
-0.073027387
-0.075261875
-0.072172268
-0.071843004
-0.065216699
-0.060105959
-0.05255031
-0.05681928
-0.062598257
-0.057922203
-0.052403458
-0.050161075
-0.040865204
-0.034731169
-0.031122148
-0.02328234
-0.015345439
-0.005716948
0.0023100544
0.0097947527
0.01546606
0.021758644
0.027493855
0.030398054
0.031158338
0.032335374
0.035410611
0.035273701
0.034073883
0.032531539
0.029798368
0.025837311
0.024421218
0.020920982
0.019058049
0.015638501
0.012736634
0.00967341
0.0079202866
0.0071894088
0.0072528982
0.0074003031
0.0061268021
0.0036497398
0.0013769103
-0.00039279424
-0.0011783656
-9.0074164e-05
0.0014649607
0.0025876658
0.0035514743
0.0036099413
0.0038953792
0.0035581076
0.0036599732
0.0049159152
0.004938623
0.0055344493
0.0068241846
0.0077437781
0.0090373611
0.0084592471
0.01216139
0.016387526
0.011775064
0.010242316
0.0087415999
0.0089196716
0.007687952
0.0094428005
0.01379388
0.016137724
0.018546761
0.018808382
0.020266207
0.018497874
0.020357698
0.019635778
0.016181934
0.011068625
0.0026534048
0.0030378407
0.0047835551
0.0073802409
0.007666467
0.008723505
0.0085241712
0.0083053971
0.0076240062
0.0093322829
0.010703524
0.013018091
0.013754137
0.014086539
0.018047839
0.020171983
0.021122704
0.02076977
0.020488244
0.023327639
0.0280542
0.029796065
0.028527337
0.030078689
0.029117667
0.029333043
0.025463361
0.017555633
0.0063411293
-0.0010935987
0.0041087062
0.010650571
0.015038332
0.018578046
0.022636034
0.025037129
0.022110035
0.020407865
0.020011692
0.020493259
0.018365674
0.015359432
0.011127168
0.0084888284
0.0047648347
0.0022545996
-0.0037290748
-0.0074546459
-0.0099801857
-0.016208299
-0.025043016
-0.034342423
-0.047374293
-0.057541688
-0.062678098
-0.060965948
-0.055952507
-0.056379612
-0.056727114
-0.06222099
-0.063800364
-0.064207137
-0.059531136
-0.063650379
-0.068561104
-0.067303234
-0.065615725
-0.058811047
-0.049491474
-0.046268607
-0.045485266
-0.05292243
-0.057183684
-0.048495086
-0.043962339
-0.037437851
-0.038821468
-0.035210604
-0.024789947
-0.015877873
-0.0093056852
-0.0001447488
0.0086126944
0.016483005
0.022225628
0.024810324
0.026340285
0.031351572
0.03406492
0.031536785
0.033566856
0.030453439
0.029337627
0.027090161
0.024979221
0.024315174
0.021832413
0.018674353
0.016986715
0.0123831
0.012061719
0.0091040216
0.0074814397
0.0067342977
0.0077854659
0.0077971017
0.005509257
0.0035515337
0.002695742
0.00086073304
0.00074854501
0.00077294307
0.0017917844
0.0028747065
0.0045422104
0.0044647645
0.0047967162
0.0047614953
0.0055845857
0.0044084718
0.0056051072
0.0049290982
0.0058365474
0.008311675
0.012066641
0.013634996
0.018836447
0.017391128
0.011355817
0.0091729594
0.0089111965
0.0090498719
0.0086175318
0.011424265
0.01293495
0.019649155
0.024570595
0.025152664
0.023069811
0.019444242
0.020796654
0.020754456
0.017764844
0.013003859
0.0062326878
0.0082311149
0.0061747933
0.0076012203
0.0094912731
0.011516882
0.011579076
0.011762114
0.010477568
0.011746512
0.012054558
0.013730127
0.016732841
0.016644568
0.019774903
0.023418136
0.023076199
0.021201673
0.018976499
0.022076905
0.024160008
0.024266398
0.025469853
0.02736785
0.029669266
0.029643305
0.029085167
0.023192985
0.0078220102
-0.00056210611
0.0030250842
0.0085808397
0.012529303
0.015689375
0.019340344
0.021458498
0.023123
0.024711339
0.02529497
0.024420251
0.025235544
0.025833717
0.023219486
0.019488946
0.01573052
0.0090227133
0.0050082923
-0.0041830015
-0.010302763
-0.01754189
-0.026639954
-0.036706792
-0.046150924
-0.050693778
-0.046634532
-0.04562455
-0.042897331
-0.042961382
-0.042039173
-0.047847922
-0.048218018
-0.046632322
-0.051443489
-0.048301565
-0.047348603
-0.050459023
-0.048767494
-0.043418764
-0.042519744
-0.048974322
-0.051655253
-0.052067055
-0.048958326
-0.045475411
-0.03708596
-0.033173812
-0.028957225
-0.023365263
-0.015601666
-0.0080156226
-0.0028718117
0.0054582246
0.0084867389
0.015438281
0.018939273
0.021809255
0.025377974
0.027939561
0.02571738
0.027642986
0.025811589
0.023699501
0.022084967
0.021150432
0.020655703
0.020091074
0.019092114
0.015817398
0.013688492
0.011802512
0.010300978
0.009983025
0.0087412152
0.0072563151
0.0077454055
0.006710452
0.006726726
0.0059650243
0.0055672537
0.0059377253
0.0066725099
0.0070420447
0.0059236803
0.0045145192
0.0044422598
0.0047311566
0.0042745258
0.0045837922
0.0052511167
0.0054436635
0.0056086632
0.0076886462
0.0077929952
0.0079531862
0.0091353099
0.01383548
0.018012552
0.010474196
0.0048463228
0.0062825824
0.0067400827
0.0083276447
0.0077161314
0.011388403
0.014459398
0.019568989
0.025569002
0.02449743
0.024069602
0.02198748
0.023517594
0.023698925
0.015531813
0.0086313561
0.0077372407
0.0093411004
0.010910224
0.010827116
0.011373251
0.01378174
0.013851511
0.015201451
0.01337639
0.01474682
0.015072121
0.017246103
0.018676522
0.01908087
0.021102718
0.023033094
0.022762651
0.017496018
0.015796105
0.019422788
0.02162195
0.023050588
0.023134894
0.026889185
0.03032024
0.031957874
0.028185779
0.023612675
0.013367433
0.0042334306
0.0071763437
0.01000032
0.012397493
0.013426005
0.016589044
0.019808516
0.024010025
0.027399682
0.030294873
0.030259682
0.031896581
0.030388181
0.029243287
0.025082339
0.020948274
0.015502385
0.0092902131
0.0028242304
-0.0033232418
-0.011587336
-0.021480468
-0.031558676
-0.035959253
-0.037076584
-0.03402131
-0.038471003
-0.039935593
-0.038939979
-0.038985011
-0.040658116
-0.046938923
-0.040412546
-0.043196132
-0.041623018
-0.04630396
-0.045848756
-0.047195144
-0.048536086
-0.049885527
-0.049695957
-0.046896297
-0.045605445
-0.043671539
-0.039362516
-0.033707651
-0.028982808
-0.026960056
-0.021776489
-0.016247769
-0.010719516
-0.0052673056
-0.0010635928
0.0011687954
0.0053984302
0.0078073915
0.010786161
0.011323498
0.013435859
0.013734119
0.015507002
0.015565484
0.013195548
0.014355521
0.013521241
0.014210603
0.013376717
0.013501869
0.010705931
0.0094588257
0.0076498924
0.0062397719
0.0052680524
0.0054076744
0.0049555306
0.0046211164
0.0053371108
0.005909374
0.005005346
0.0045528656
0.0057464402
0.0073266944
0.0071014456
0.0070266667
0.0072294604
0.0062980474
0.006542168
0.006883496
0.007018095
0.0068098662
0.0061481957
0.0063217205
0.0074651391
0.0068591815
0.0055095487
0.0044759795
0.0081547187
0.012818337
0.0079647047
0.0028436965
0.0019314475
0.0050154773
0.0069246164
0.0081997374
0.01232585
0.01211061
0.014807449
0.020220041
0.018389607
0.017214027
0.017466139
0.016069932
0.012572894
0.010397895
0.0089187861
0.011281358
0.012774789
0.015230116
0.015258946
0.015238527
0.017203388
0.01824389
0.018406992
0.017685975
0.017814763
0.019535093
0.020795812
0.021887248
0.020930456
0.02542758
0.02440789
0.02514379
0.020691633
0.017610098
0.022173738
0.021559908
0.024419477
0.025072547
0.027413637
0.030758889
0.032293958
0.031181383
0.025366637
0.014689335
0.0069161403
0.0088976763
0.011467111
0.011795355
0.013385558
0.017357279
0.020371689
0.024831295
0.027510163
0.031191694
0.029599163
0.029290265
0.028655239
0.025163163
0.022496294
0.019752837
0.014198135
0.01125577
0.0072519065
-0.0017527683
-0.0087997078
-0.020367137
-0.028754067
-0.033097709
-0.028791315
-0.032678791
-0.037146397
-0.034428705
-0.038081955
-0.036428285
-0.039081297
-0.041490838
-0.033196256
-0.033880579
-0.037739862
-0.041996799
-0.043942489
-0.046685329
-0.04415512
-0.04421703
-0.043361041
-0.042224596
-0.042565231
-0.043104372
-0.040082993
-0.035187814
-0.031989064
-0.029578155
-0.027033246
-0.022186976
-0.017385779
-0.016245456
-0.016258414
-0.0097453111
-0.0090882288
-0.0056815284
-0.002500611
-0.0009515564
0.0035638144
0.0052926801
0.0045727594
0.004165066
0.0049515934
0.0056862423
0.007039962
0.0082635845
0.0075436224
0.0058699175
0.0046480532
0.0028476103
0.0023990843
0.0017177359
0.001182995
0.0013533889
0.00072910288
0.00061026595
0.001279086
0.00064715459
0.0004429043
0.00097389902
0.002260037
0.0020089614
0.0014560553
0.0022447412
0.0028666531
0.003680798
0.0026962449
0.0019600463
0.0019979524
0.0016940424
0.002598946
0.0035585982
0.0024586411
0.0019355625
0.00017187123
6.8760599e-05
0.0018669604
0.0044418875
0.0035547202
-8.7346201e-05
-0.0031435346
-0.00083363545
0.00075756631
0.0068977215
0.0091013942
0.0073757754
0.0082656097
0.010064615
0.0094423463
0.0076126309
0.009406017
0.007327271
0.0057179999
0.0055094622
0.0056525257
0.0083753917
0.012220407
0.013293372
0.012627761
0.015941254
0.017630691
0.021041987
0.022008648
0.023440051
0.022735299
0.023778233
0.027434914
0.028550396
0.027553252
0.026973074
0.027369789
0.027088549
0.024038314
0.020609041
0.023055075
0.024158186
0.026018326
0.024913266
0.028853219
0.028911741
0.029615109
0.030585098
0.025064669
0.016163808
0.0087567759
0.0082156561
0.0094625464
0.0088850684
0.0084973679
0.011700143
0.015024266
0.016332467
0.01929002
0.023549695
0.024786472
0.023241121
0.022017913
0.018813868
0.016321894
0.012372271
0.0082547061
0.0050428784
0.0015050806
-0.0041151911
-0.013364488
-0.023087054
-0.029713592
-0.030884785
-0.033192802
-0.035821452
-0.034725572
-0.035693677
-0.04068293
-0.040765582
-0.041817512
-0.037648359
-0.033680632
-0.034913175
-0.037361723
-0.038273489
-0.03865622
-0.037777867
-0.038229864
-0.036877264
-0.035286239
-0.032602144
-0.033334943
-0.034249843
-0.032272386
-0.029964701
-0.031332059
-0.031329568
-0.028051795
-0.023307867
-0.020488283
-0.020646524
-0.016396553
-0.013860075
-0.011231598
-0.0081762038
-0.007927499
-0.0058934846
-0.0024821247
-0.00088662047
-0.0027840524
-0.0013019836
-0.001950121
-0.0030250033
-0.0019214061
-0.00090361643
-0.0030020155
-0.003917665
-0.0049558947
-0.0080917255
-0.0083346567
-0.0081329181
-0.0078087082
-0.0070543792
-0.008011142
-0.0083514963
-0.0085262729
-0.0080442355
-0.0080155627
-0.0083577226
-0.0055469741
-0.0045666137
-0.0065655844
-0.0054089753
-0.0047808832
-0.0061492118
-0.0040642896
-0.0030229553
-0.0046453913
-0.0064010114
-0.0064565072
-0.0059858708
-0.0058049439
-0.0057274995
-0.0041962415
-0.0029528585
-0.0017152326
-0.002059541
-0.0052710009
-0.0034784584
-0.0031114923
-0.0033058839
-0.0015824789
0.00075636417
0.0054441074
0.0047096143
0.0032591663
0.0034120345
0.0037129868
0.0030965486
0.0036368036
0.0020416204
0.0022136317
0.002359851
0.0037215482
0.0057247251
0.0060905894
0.0080789253
0.0097654271
0.011722575
0.014564081
0.01636636
0.020237151
0.022828781
0.023990567
0.023344506
0.023511196
0.025779663
0.025963817
0.023054192
0.024109298
0.021731732
0.021092643
0.021330601
0.021225114
0.022663766
0.021024174
0.019966437
0.021865533
0.021496152
0.020493332
0.020140795
0.01965401
0.016483918
0.012943056
0.012298151
0.010536029
0.0084686873
0.0067463883
0.0065041847
0.0073503268
0.0089359482
0.01121442
0.013110859
0.013786626
0.013476362
0.013812369
0.01206185
0.0095018779
0.0047855515
-2.125343e-05
-0.000509612
-0.0038968496
-0.0096540761
-0.016762208
-0.025225774
-0.031227406
-0.034593207
-0.038465371
-0.036907445
-0.035695637
-0.036384832
-0.038050177
-0.039447969
-0.035136312
-0.034881406
-0.033148541
-0.032029739
-0.033190032
-0.03244958
-0.031917031
-0.029877704
-0.029861003
-0.030477271
-0.028837901
-0.026578131
-0.024814334
-0.02359335
-0.021638739
-0.019235245
-0.018143368
-0.015327343
-0.014654758
-0.013731048
-0.010892582
-0.0091836031
-0.0059089335
-0.003664527
-0.0015444346
0.00080627301
0.0019958392
0.0026412297
0.0025616274
0.0023808553
-0.0003815528
-0.0036079675
-0.0049166581
-0.0072870494
-0.0059840787
-0.0081154422
-0.0091796536
-0.01300727
-0.013185786
-0.01218709
-0.013849317
-0.017117944
-0.017333899
-0.01537633
-0.015192925
-0.012907983
-0.012797327
-0.011225252
-0.011626337
-0.010963389
-0.010856403
-0.0089967773
-0.010630344
-0.0083059263
-0.0063160197
-0.0057219165
-0.0063209448
-0.0049113086
-0.0035473592
-0.0057826731
-0.0063395679
-0.006073084
-0.0059641777
-0.0045550517
-0.0028016113
-0.0027118611
-0.0023653986
-0.0030341342
-0.0080380142
-0.0099143868
-0.0043988133
-0.003014915
-0.00095599785
0.0019136288
0.0031582759
0.0024998908
0.002593312
0.0036381588
0.0034497671
0.001711371
0.0015360228
0.0013653915
0.00096289156
0.0016550155
0.0022147902
0.0028343743
0.003608775
0.0055486452
0.0082635819
0.010899391
0.01368426
0.016006785
0.01868305
0.020087533
0.021456573
0.020551447
0.019794701
0.021164722
0.02111468
0.019346014
0.017776469
0.019300225
0.019389733
0.020114192
0.020329225
0.021123057
0.019319767
0.01684865
0.014596596
0.013609017
0.014069903
0.013486463
0.013229678
0.012281734
0.013889219
0.016419268
0.013363143
0.01064908
0.0065379028
0.005566636
0.0046941613
0.0048230075
0.0066388363
0.0071442427
0.0072228896
0.0063085061
0.006686074
0.0044742618
0.0019309374
-0.0014950105
-0.0042602251
-0.0056442902
-0.0089576232
-0.015267582
-0.020572606
-0.026177107
-0.031086801
-0.035456119
-0.034527506
-0.030164091
-0.029719292
-0.031032646
-0.032072695
-0.033889568
-0.030633711
-0.028044807
-0.026892582
-0.026720249
-0.027900487
-0.026209799
-0.026731097
-0.023047762
-0.021578523
-0.020827908
-0.021852321
-0.021310293
-0.018321348
-0.017433019
-0.013954914
-0.009474627
-0.0096276381
-0.0066971569
-0.0038969109
-0.0035378846
-0.00068239901
0.00098972915
0.0050901102
0.006054928
0.0064877667
0.0071442382
0.0076202818
0.0047528373
0.0040172
0.0030404602
3.9174642e-05
-0.002580132
-0.0060594371
-0.0089043156
-0.009071321
-0.011382997
-0.01285596
-0.013149933
-0.014532955
-0.014856675
-0.01608584
-0.017654254
-0.017171603
-0.016220222
-0.015087918
-0.012847363
-0.010783539
-0.0087573852
-0.0076028246
-0.0090289331
-0.010226948
-0.01146239
-0.012266889
-0.010305798
-0.0058264055
-0.0027736509
-0.0021268046
-0.00085377743
-0.00012454228
-0.0025499885
-0.0032949454
-0.0033231739
-0.0038294707
-0.0049928899
-0.0038640107
-0.0039336876
-0.0068536587
-0.0057870468
-0.0057634737
-0.005538174
-0.0050536269
-0.0032753571
-0.0018728257
-0.00068169301
-0.00071297029
-0.00078434987
-0.00060164462
-0.00060777223
0.00024185392
-0.00062918858
-0.0014260022
-0.0022990033
-0.0023363919
-0.0035124648
-0.0031962513
-0.0031622481
-0.00093467078
0.0013857321
0.0030375993
0.0060737837
0.010944352
0.01406085
0.016806003
0.016994708
0.019015981
0.01961725
0.017714582
0.018902767
0.018369022
0.018157665
0.017747583
0.017499214
0.015565507
0.016047932
0.016708292
0.015730094
0.016607862
0.014924138
0.014201207
0.010404767
0.0087217004
0.0082211365
0.010089657
0.0086905117
0.010354082
0.016665123
0.013073587
0.0099033191
0.0088069215
0.0074119178
0.0060674771
0.0056839495
0.0055260529
0.0056902968
0.0056973666
0.0049095209
0.0039640138
0.002568917
-0.00055931907
-0.0014626458
-0.0022249994
-0.0051831615
-0.008449075
-0.013061281
-0.017505516
-0.019862086
-0.024112308
-0.026482042
-0.026448669
-0.021829107
-0.023311952
-0.022244109
-0.023306135
-0.023457426
-0.020838029
-0.020569536
-0.020305745
-0.021165757
-0.021201369
-0.018381084
-0.016662043
-0.014861988
-0.012031576
-0.010428795
-0.011838225
-0.011169711
-0.0092707122
-0.0067428752
-0.0051661709
-0.0022779655
-0.0010836333
0.0016042709
0.0037326209
0.0044753136
0.0073231076
0.0094166888
0.010869048
0.011577251
0.01179812
0.010190935
0.0088650678
0.0069926264
0.0051528886
0.001683938
-0.0013338787
-0.0024155243
-0.0054222084
-0.0080059545
-0.0086153871
-0.010742587
-0.013754681
-0.016004338
-0.016664272
-0.017865035
-0.019779344
-0.020598698
-0.018953554
-0.018145002
-0.016449663
-0.014467496
-0.012459443
-0.011673535
-0.010105184
-0.011135759
-0.011153868
-0.011059498
-0.01022232
-0.0074286929
-0.0041334876
-0.0016968325
-0.00047088225
0.0017492924
0.0014016566
-0.00075919185
-0.0019482065
-0.0018624359
-0.0026082588
-0.0026448556
-0.0015128688
-0.0036525188
-0.0043523519
-0.0050139078
-0.0052136008
-0.0055409798
-0.0049696153
-0.004599051
-0.0033869295
-0.0027898666
-0.0033829192
-0.0036757393
-0.0041777627
-0.0045568095
-0.0038948735
-0.0031845794
-0.0047971555
-0.0066093199
-0.0080198099
-0.0091082048
-0.0093872485
-0.0095648273
-0.008673792
-0.0071207312
-0.0049650349
-0.0021114778
0.0023381422
0.0067889591
0.0099765396
0.012428811
0.015949537
0.016785423
0.018080454
0.018210706
0.017705282
0.017283208
0.017347726
0.015741565
0.014711531
0.012940966
0.011329941
0.0095880754
0.010782463
0.010423768
0.0093843876
0.008442856
0.0069704224
0.006372291
0.0077533927
0.0077266251
0.0091572765
0.012239137
0.011398254
0.01290312
0.0098360906
0.01017483
0.008238622
0.0078379169
0.0055710899
0.0053706513
0.0050303533
0.0051489539
0.0040318198
0.0031410771
0.00092956891
0.0018718297
0.0013201253
-0.0018738076
-0.0045003743
-0.0069246893
-0.0098766091
-0.012000075
-0.014661038
-0.017272017
-0.01781977
-0.015611702
-0.013857565
-0.015563827
-0.013163122
-0.012988199
-0.012722803
-0.012760275
-0.013614081
-0.013697721
-0.012278787
-0.010481397
-0.0086940986
-0.0072587391
-0.0052314002
-0.0026365897
-0.0028829327
-0.0015721283
-0.00056408387
0.0007055016
0.0023353378
0.0046808768
0.0058022848
0.0078580178
0.010102884
0.011339098
0.01266921
0.013403629
0.013581826
0.012869782
0.012135469
0.01022901
0.0087158204
0.0067353502
0.0046635695
0.002557133
-0.00013427847
-0.0016587858
-0.0039168329
-0.0070411398
-0.0092644281
-0.011263612
-0.013576294
-0.016982081
-0.018180116
-0.020519307
-0.022392167
-0.022369275
-0.021280325
-0.020330496
-0.019294011
-0.017397783
-0.014880271
-0.011778498
-0.011599615
-0.011374789
-0.011000695
-0.010784442
-0.010354251
-0.0070414907
-0.004926282
-0.0027788768
-0.0011624319
0.00026064533
0.00096475886
3.3905195e-05
-0.0010877812
-0.0028359312
-0.0034324547
-0.0056243811
-0.0044750806
-0.0044678917
-0.0039854805
-0.0046569479
-0.0037209768
-0.004467383
-0.0046833284
-0.0046391963
-0.0054145674
-0.0049444025
-0.0042755452
-0.0054859639
-0.0054036539
-0.0050089023
-0.0047905976
-0.0049857162
-0.0049447472
-0.0063578774
-0.0080606731
-0.010041948
-0.011814411
-0.013745317
-0.014715587
-0.014266465
-0.012759256
-0.010499581
-0.0079219247
-0.0043015029
-0.00026686271
0.0051315715
0.0095886181
0.012710604
0.015131109
0.016106808
0.017635295
0.014214599
0.013405348
0.013142363
0.014180034
0.011878608
0.0093553831
0.0084611209
0.0080479343
0.0079192079
0.008340245
0.0072798117
0.0072530299
0.0064729355
0.0074045423
0.007977167
0.0071633181
0.0088800167
0.011442328
0.012785434
0.01343771
0.012324476
0.011191369
0.010298614
0.0089057407
0.0076769819
0.007093743
0.0072823337
0.0069793417
0.0061802023
0.0060693606
0.0080131223
0.0084630302
0.0064303404
0.0026191721
0.0011983247
-0.0020137169
-0.0039444832
-0.0060026207
-0.0083275854
-0.0081354583
-0.0073490399
-0.0061768249
-0.007101667
-0.0042065959
-0.003020677
-0.0054947102
-0.0065623513
-0.0074861148
-0.0078831742
-0.0056121429
-0.0050881198
-0.0049577644
-0.0022071688
-0.0015590545
3.7713962e-05
0.0011555648
0.0025081744
0.0041212413
0.0053479323
0.0064895061
0.0082088024
0.0089379241
0.0094887938
0.01032086
0.011178565
0.011609352
0.012731836
0.012613434
0.011410333
0.010499984
0.008573056
0.0074832245
0.0065837436
0.0044658207
0.0021317538
-0.00019370771
-0.0018810754
-0.0030399467
-0.0061476002
-0.0090313109
-0.01077512
-0.012428868
-0.013557243
-0.016616004
-0.017684377
-0.019056136
-0.020462759
-0.020362491
-0.01870401
-0.017725059
-0.016866667
-0.014629792
-0.011725194
-0.011280244
-0.010994936
-0.011528518
-0.012528948
-0.012416217
-0.010122171
-0.0074393546
-0.004649541
-0.0035015861
-0.0020153998
-0.0011838799
-0.0012896209
-0.002420648
-0.0045747975
-0.0052974633
-0.0069469412
-0.0060231345
-0.0048547577
-0.0041698797
-0.0033041279
-0.003039457
-0.002436872
-0.0016340666
-0.0035498179
-0.0036391615
-0.0046860147
-0.005027573
-0.0044354768
-0.0050001071
-0.0052372117
-0.0049210562
-0.0047001789
-0.00503838
-0.0068470923
-0.0082859043
-0.0095567554
-0.010931653
-0.012763581
-0.014541271
-0.015544428
-0.015821069
-0.015508288
-0.014459191
-0.011917854
-0.0091663028
-0.0056436952
-0.00035634618
0.0048288373
0.0082470302
0.0099919464
0.01259554
0.0077253697
0.0085107266
0.0091262661
0.0096626351
0.0095233572
0.0091692266
0.0082440289
0.0088027917
0.0074997909
0.0072620147
0.00761162
0.0068672819
0.0080096469
0.0086384477
0.0095207298
0.0084454281
0.010521009
0.014617245
0.015363177
0.016599423
0.017182384
0.017907099
0.015783561
0.014080193
0.013055828
0.011551141
0.01118835
0.01058744
0.0098286776
0.011219872
0.013110533
0.014531232
0.01380978
0.012361754
0.010456806
0.0067715982
0.0042403188
0.0013582218
0.0012717924
0.0010063739
0.00096557559
0.0012605383
0.0023591547
0.0021919654
0.0022711972
0.00058500244
-0.0014891461
-0.0026399644
-0.0037143705
-0.0019900916
-0.001383768
-0.0020349663
-0.0015295249
-0.00048783196
0.00061656246
0.00081781492
0.0020300019
0.0039114157
0.0048437904
0.0061678209
0.0069402612
0.007080979
0.0087084045
0.0097321001
0.0099294711
0.0096105236
0.010028998
0.010142051
0.0097943735
0.0081579396
0.0075024246
0.0064664352
0.0057734034
0.0047504813
0.0033995326
0.001340898
0.00025340565
-0.0013528773
-0.0041918839
-0.0057855097
-0.0092131851
-0.010828834
-0.011258212
-0.01251451
-0.012454408
-0.013070984
-0.014537657
-0.013882643
-0.013964812
-0.014458569
-0.013259098
-0.011017977
-0.010503515
-0.009221138
-0.0087658796
-0.0084444575
-0.0090814655
-0.0097107692
-0.0090279823
-0.0078531474
-0.0065732857
-0.0044077161
-0.00053118757
-0.0018146255
-0.0014627842
-0.00065397995
-0.0030182097
-0.0043437058
-0.0056171105
-0.0038110299
-0.0032072674
-0.003812689
-0.0033668936
-0.0025618675
-0.0019896499
-0.0021874982
-0.0023729905
-0.0023977119
-0.0031356252
-0.0041797704
-0.0040524282
-0.0041790949
-0.0046563461
-0.0047397318
-0.0043188085
-0.0041952997
-0.0058239168
-0.0076611028
-0.0084529753
-0.0090755267
-0.0096588122
-0.011244117
-0.012475189
-0.013254543
-0.014238288
-0.014183022
-0.013653682
-0.013036114
-0.010549808
-0.0060373693
-0.0027626953
-0.00066737832
0.0023070334
0.0060758081
