0.0042337814
0.0038741682
0.0034360934
0.0030212486
0.0028196441
0.0023211064
0.0045999174
0.0089295167
0.011651688
0.011830145
0.011951188
0.01328456
0.012694866
0.0088987226
0.0058247654
0.0041069684
0.0043411634
0.0046835095
0.0064017918
0.010243053
0.013210536
0.01305369
0.009080151
0.0097490086
0.0097758298
0.0095044106
0.0086239439
0.0054947054
0.0037158137
0.005858954
0.0059869123
0.0047899805
0.0034894724
0.0024090789
0.0015146138
0.00012612242
0.0013231967
0.00067499911
-0.0021856382
-0.0031807158
-0.0029137895
-0.0038800616
-0.006232307
-0.0072299384
-0.0096113262
-0.013350037
-0.015061148
-0.016379698
-0.017734889
-0.019524028
-0.019168088
-0.021329596
-0.024304915
-0.02560793
-0.02535145
-0.025636293
-0.024049637
-0.020458028
-0.016291397
-0.014112954
-0.014710238
-0.014589547
-0.013466874
-0.014123609
-0.015199081
-0.017079807
-0.019134555
-0.021752747
-0.022998763
-0.023573978
-0.023026067
-0.022639256
-0.022003326
-0.018601291
-0.016204115
-0.014551573
-0.012724077
-0.0099003483
-0.0044776558
-0.00062736879
0.002121186
0.0037244638
0.0037110002
0.0018488481
0.0028344076
0.0046205487
0.0017991688
0.00052846487
-0.0023883644
-0.00092919634
0.0015616881
0.0035652732
0.0042330711
0.0055743443
0.0048862183
0.003951168
0.0025479953
0.0021925665
0.00017333048
-0.00092009843
-0.0012698487
-0.0013118745
-0.0018485883
-0.0027348936
-0.0027530946
-0.002237546
-0.0015445319
-0.0013657644
-0.0016124127
-0.0024597038
-0.0019315538
-0.0028091483
-0.0033898202
-0.0026263269
-0.0015260207
-0.0025454639
-0.0016230851
-0.0037113966
-0.0032333754
0.00077087943
0.0026610357
0.004108382
0.0041225513
0.0065185623
0.007353847
0.0051619366
0.0057208433
0.0087123239
0.010960339
0.012112365
0.012962131
0.011983515
0.010464577
0.0084943986
0.0062111243
0.005346633
0.0044592458
0.0034224691
0.0033948461
0.0028735786
0.0029999856
0.0029261051
0.0033183352
0.0036917088
0.0051462034
0.0056380459
0.0055466323
0.0055392993
0.0045882106
0.0049179029
0.0085144099
0.010453415
0.010034453
0.011311443
0.011097696
0.011118945
0.010208826
0.0097033783
0.0044889
0.00163631
0.0025914746
0.0015107653
0.0040634501
0.0077624968
0.0096595352
0.0090910563
0.0057535743
0.0046530117
0.0089259124
0.0088825466
0.0062533652
0.0030679228
0.0034204832
0.0056911173
0.0057638817
0.0026081579
0.00046734269
-0.00098813705
-0.003832945
-0.0041117896
-0.0036010886
-0.0047616726
-0.0082837483
-0.011429086
-0.013636942
-0.016344046
-0.018905289
-0.020858153
-0.024500225
-0.027733702
-0.028432558
-0.031205919
-0.032375875
-0.031382841
-0.030134675
-0.030835577
-0.032484384
-0.034056909
-0.032355633
-0.033497588
-0.030659248
-0.02662888
-0.022208161
-0.019811432
-0.018023164
-0.016231073
-0.015437661
-0.015507919
-0.014973858
-0.016842687
-0.017201626
-0.017419799
-0.018851933
-0.018321855
-0.016876391
-0.013608661
-0.010024325
-0.0065485018
-0.0050396114
-0.0042462549
-0.002027452
0.0029301293
0.0074398556
0.011168122
0.011721566
0.012151769
0.010443051
0.0097465992
0.0082765848
0.0056751052
0.0042029814
0.0022870004
0.0015441913
0.003137309
0.0060918006
0.0081483077
0.0072098167
0.0058792625
0.0035905536
0.0027874107
0.0017023008
0.00079703134
-0.00073292421
-5.0074952e-05
-0.00090643889
-0.0015177363
-0.0014450169
-0.00095835779
-0.0013926412
-0.00041392583
-0.00035646153
-0.00026409483
-0.0010004119
-0.0017716658
-0.0021434399
-0.0024786757
-0.0028385974
-0.0019720124
-0.0011875385
-0.00097208543
-0.0033009816
-0.0026544313
0.0013867072
0.005757983
0.0052177109
0.0082456671
0.010317592
0.0093116237
0.010843988
0.0098353666
0.011714493
0.013688109
0.014661186
0.013593745
0.012347028
0.0084595029
0.0084545743
0.0069074129
0.0062328672
0.0057286461
0.0049503234
0.004567431
0.0043755569
0.0048156087
0.0049515187
0.0049364606
0.0046030239
0.0049165028
0.0075948687
0.0075104026
0.0085659963
0.0091613838
0.008800368
0.008118616
0.01029505
0.011756702
0.010866017
0.011500157
0.012698793
0.011079143
0.008746531
0.0083065454
0.0087972476
0.007432792
0.0063652332
0.0023121255
0.0015091755
0.0046859414
0.010223206
0.0084441984
0.0051158755
0.0055622691
0.0094809456
0.0083731474
0.0036041538
0.00045326062
0.00037873208
0.0039694562
0.0040910185
0.00131828
-0.0019017037
-0.0062779694
-0.0085813311
-0.010393602
-0.012825767
-0.017250575
-0.02040667
-0.024594655
-0.02742578
-0.031624729
-0.034568716
-0.037708392
-0.040233366
-0.042755736
-0.044835848
-0.04747229
-0.049143901
-0.047899817
-0.045533708
-0.043326348
-0.040527545
-0.040834705
-0.041584315
-0.042466104
-0.038971975
-0.032683785
-0.030801362
-0.028212892
-0.024343942
-0.022076779
-0.018454151
-0.020352997
-0.017397267
-0.017797884
-0.014656184
-0.011740748
-0.011394336
-0.0075490896
-0.0058609569
-0.002951125
0.0025939242
0.007203739
0.010495185
0.010876079
0.010387906
0.014255265
0.018532897
0.020353639
0.018239319
0.017912148
0.014856724
0.013791372
0.0099104091
0.0080575332
0.007186788
0.0054779329
0.004773791
0.0064188051
0.0079417417
0.0083918671
0.0068034925
0.0045931014
0.0027081685
0.00051663975
-0.0006545205
-0.0014821552
-0.00098608949
-0.00072410454
-0.0006077562
-0.00013157316
0.00092247138
0.0015663994
0.0010449678
0.0018748637
0.0022555652
0.0023395482
0.0020407926
0.0011561358
0.00041809985
-0.00024382495
0.0010893673
0.00037739255
-0.0019607885
-0.0010538277
0.0030497612
0.0051767216
0.0067486533
0.008632774
0.0034323835
0.0098329044
0.011523064
0.014089047
0.012858793
0.014847797
0.016047952
0.015279837
0.013098187
0.012201134
0.0099100335
0.0070118565
0.0053496113
0.0044320522
0.0054373048
0.0051998836
0.0049329603
0.0055570347
0.0059010371
0.0061649103
0.0063830202
0.0063425212
0.0066503311
0.0066902889
0.0091508312
0.0094820876
0.011089235
0.012540983
0.011955672
0.010160286
0.014503387
0.017851644
0.01436757
0.013522632
0.015734001
0.015476876
0.013791639
0.011621338
0.0094533943
0.0080212646
0.010832045
0.0052102403
0.0042877635
0.0063477404
0.0087444129
0.0081607927
0.0056717708
0.0083366502
0.010098947
0.0076003795
0.0048504271
0.0026239767
0.00086846757
0.0033196732
0.0029083442
0.0014054541
-0.0025089065
-0.0082151471
-0.011546843
-0.016558188
-0.022484895
-0.026167284
-0.028602148
-0.032221116
-0.040909673
-0.043171374
-0.046184076
-0.051097599
-0.053965185
-0.057590633
-0.059862331
-0.063609747
-0.066341002
-0.063596189
-0.060128894
-0.055908974
-0.053094017
-0.051520176
-0.052759901
-0.056574079
-0.05175587
-0.047447025
-0.046157614
-0.038767164
-0.033679699
-0.031677855
-0.026924545
-0.023602687
-0.020621626
-0.018781896
-0.012335746
-0.0067702264
-0.0023355807
0.0047728172
0.0070030862
0.011037333
0.014958379
0.018447023
0.021271381
0.019756531
0.020807566
0.025398891
0.026621504
0.027049294
0.026501178
0.022839769
0.019545182
0.017653976
0.013968845
0.012456488
0.01041776
0.0089781626
0.0080014454
0.0076712906
0.0067411022
0.0056304009
0.0040877218
0.0031039451
0.001196539
8.0027954e-05
0.00026219598
-4.1443258e-05
0.00067378071
0.0013502919
0.0017244008
0.0015588813
0.0018267458
0.0032999364
0.0047476532
0.0046689896
0.0050955309
0.0055812836
0.0054198811
0.0045998941
0.0036407982
0.0028027318
0.0048100741
0.0045426908
0.0069230319
0.0079042454
0.0087010721
0.0092337919
0.0046640903
0.0028530119
0.0042153895
0.010948304
0.0153196
0.01538795
0.014538592
0.013620399
0.016127789
0.015197419
0.011087219
0.0075026545
0.0029206006
0.00012436095
0.00012951148
0.0014663727
0.0035959701
0.005098693
0.0051212237
0.0058974624
0.0052604855
0.0064639509
0.0075262066
0.0079636904
0.0085772594
0.0088339761
0.011153169
0.012543814
0.014167417
0.015023558
0.015235764
0.014035655
0.02078065
0.023395665
0.022022084
0.022276788
0.019011706
0.016959142
0.016380882
0.013493859
0.0092807154
0.0087384166
0.011604465
0.011465902
0.011426126
0.012947974
0.013294756
0.014113575
0.013247211
0.015422301
0.014867381
0.012472849
0.011923491
0.0078507487
0.0041632503
0.0022974086
0.0027667802
-0.00053978913
-0.0050380855
-0.010753104
-0.017006196
-0.022964559
-0.028879593
-0.033069944
-0.037783289
-0.043360521
-0.051528376
-0.0537458
-0.054729857
-0.057457958
-0.062462287
-0.066868
-0.069562611
-0.071122244
-0.072298066
-0.072254506
-0.06889141
-0.069231833
-0.067757386
-0.069280753
-0.06862799
-0.065928915
-0.062996306
-0.058067729
-0.055119442
-0.04729925
-0.041888514
-0.042606316
-0.037065988
-0.033230524
-0.025320459
-0.019172709
-0.012101228
-0.0051259761
0.0010965323
0.010391932
0.014543918
0.022255093
0.024514697
0.026645239
0.029303425
0.028511974
0.030585734
0.030030729
0.028916347
0.028530663
0.026794397
0.022808378
0.017979334
0.018065124
0.012583103
0.013071006
0.011137696
0.0099792306
0.0093267882
0.0054607742
0.0056474207
0.0051759606
0.003401518
0.0024654438
0.00023304456
-7.3560997e-05
3.513777e-06
0.00055306429
0.00093566037
0.0031862388
0.0032147297
0.0026353117
0.0028109178
0.0038996158
0.0045035129
0.0046191192
0.0052863762
0.0064789787
0.0062497957
0.0062580015
0.0050482653
0.0059919133
0.006774165
0.009362141
0.010366144
0.0097076383
0.0079771999
0.0069398786
0.0059137269
0.0051198051
0.010118633
0.012256651
0.014349975
0.016052242
0.015389113
0.014745211
0.016700825
0.015046245
0.011153682
0.0043973025
-0.00019144629
-0.0019890658
8.9837189e-05
0.0010205305
0.0033796276
0.0052348192
0.005307739
0.0050112228
0.0053296422
0.0064853185
0.0086415737
0.0096802248
0.0099358393
0.010654146
0.013914733
0.015467469
0.016924237
0.020029728
0.01883856
0.020817995
0.026095119
0.028836836
0.027818817
0.028369901
0.024604421
0.025556736
0.021394154
0.011894788
0.0052544855
0.0051070995
0.011459806
0.014600948
0.018894246
0.022156646
0.024676917
0.023929114
0.02356427
0.02078685
0.018661344
0.017216087
0.01386531
0.010834823
0.0085378384
0.0041067334
0.0017495312
-0.0021637383
-0.0043855441
-0.0097742523
-0.015107239
-0.020076936
-0.028394225
-0.035348664
-0.045256435
-0.05376175
-0.058282775
-0.060493566
-0.060380776
-0.05498254
-0.053931994
-0.059408957
-0.069385249
-0.07142121
-0.070716198
-0.069169279
-0.066520654
-0.068352307
-0.066066635
-0.065191527
-0.061387449
-0.057281646
-0.051129273
-0.055038696
-0.059802473
-0.053727451
-0.048658595
-0.047287301
-0.037533026
-0.030678114
-0.025861463
-0.018556099
-0.011576642
-0.002502674
0.005266707
0.012762555
0.019033216
0.025498346
0.030401409
0.031989596
0.031697167
0.03202975
0.032656821
0.030484852
0.028449131
0.025856239
0.02294288
0.019583569
0.018781194
0.01553468
0.013748198
0.011150049
0.0086593111
0.0065052795
0.005623153
0.0055301245
0.0058945223
0.0062873021
0.0052240885
0.0030523759
0.0011812422
-0.00069436059
-0.0011789496
0.00016867463
0.001743789
0.0027517225
0.0035698464
0.0034384725
0.0036558388
0.0032746123
0.0036096939
0.0049760932
0.0047291972
0.005386739
0.0065294681
0.0073569422
0.0089053268
0.0087220778
0.013068067
0.016178352
0.010015657
0.0087007574
0.0075707983
0.0079478848
0.0065742632
0.0090771995
0.013491604
0.015418991
0.018097158
0.018010109
0.019428395
0.016522915
0.018469683
0.017097529
0.013487085
0.0085371391
0.00097331867
0.0023303155
0.0042527702
0.0068163101
0.0067427274
0.0079023838
0.0077627955
0.0073829669
0.006729457
0.0087980564
0.010702052
0.013425741
0.014005324
0.014084159
0.018602968
0.02062414
0.021860096
0.020764085
0.020322385
0.022472269
0.027637097
0.030762202
0.03007365
0.031720923
0.029931089
0.02820336
0.022279498
0.013495024
0.0034766733
-0.00068143316
0.0083890687
0.016351516
0.02005638
0.023184547
0.026027304
0.027558698
0.024068694
0.022940386
0.022507563
0.022747988
0.01961142
0.015458437
0.010838479
0.0072902256
0.003244853
-0.0001058947
-0.0071827471
-0.011745289
-0.014337121
-0.020232286
-0.029419337
-0.038048983
-0.049883644
-0.057869057
-0.060825464
-0.057875187
-0.052939857
-0.054865514
-0.055268719
-0.059692897
-0.061221725
-0.062164299
-0.058176158
-0.061268972
-0.065068847
-0.064984787
-0.064177297
-0.057578948
-0.049050838
-0.046938964
-0.04757777
-0.054777518
-0.057062028
-0.046784793
-0.042694196
-0.035184259
-0.037293068
-0.033995187
-0.022987997
-0.013020956
-0.0071480594
0.0018497404
0.010420402
0.017799997
0.02313813
0.025723782
0.02681146
0.030563736
0.032328735
0.028894569
0.029264471
0.024759326
0.023202955
0.020660841
0.019547318
0.018665129
0.016963784
0.013998536
0.012503002
0.0086124571
0.0087055326
0.0062804323
0.0057330836
0.0052998708
0.0068516918
0.0066971196
0.0045853688
0.0031205851
0.0024410615
0.00048588074
0.0003675995
0.00049447905
0.0020601291
0.0032704022
0.0051424106
0.004960747
0.0053820258
0.0051684949
0.0060222918
0.0046543225
0.0061297395
0.0052039316
0.0060429301
0.0084041009
0.01261063
0.014130384
0.020168158
0.017257613
0.011189577
0.0092177207
0.0084461343
0.0087236436
0.0092244508
0.012408844
0.013998838
0.020126591
0.02405289
0.024734349
0.021904094
0.017943797
0.019308134
0.018801421
0.014859551
0.011473635
0.0059242199
0.0082726996
0.0059078093
0.0078873316
0.0093729838
0.011465473
0.011266342
0.011136911
0.010027832
0.011693479
0.012319568
0.014474201
0.017540237
0.017302768
0.020779331
0.02458376
0.023369317
0.021418478
0.019283727
0.0230672
0.025700613
0.026440485
0.027783367
0.029425423
0.031451683
0.029720734
0.028112945
0.021681724
0.006065433
0.00075491566
0.0071368591
0.014260096
0.017524563
0.020633668
0.024164916
0.026277325
0.027677078
0.02900185
0.029820194
0.028178281
0.02722801
0.026393877
0.022628244
0.018241982
0.013261587
0.0053710823
0.0006769954
-0.0092412126
-0.015644204
-0.022457577
-0.030697123
-0.039314202
-0.047940982
-0.050700761
-0.045351
-0.044226832
-0.040899865
-0.041214663
-0.039919798
-0.048036869
-0.048176241
-0.049433461
-0.052561167
-0.04831095
-0.049960264
-0.053526329
-0.05270664
-0.048124856
-0.048098958
-0.054612172
-0.055554848
-0.054152012
-0.050538196
-0.046058516
-0.037440385
-0.033821084
-0.029396756
-0.022727642
-0.014671335
-0.0068073067
-0.0010978682
0.0073683136
0.010234304
0.017304092
0.019510318
0.022409739
0.024885979
0.025825607
0.022853427
0.024440822
0.022047472
0.019613217
0.017800789
0.01691665
0.016416221
0.01666142
0.015696566
0.012786009
0.010701917
0.0088986738
0.0080407129
0.0079653122
0.0069053902
0.0057574135
0.0065409438
0.0055890598
0.005697917
0.0054501988
0.0053837491
0.0060318509
0.0067329985
0.0072118345
0.00604948
0.0047819619
0.0043676866
0.0045133761
0.0041455944
0.0044993469
0.0056278584
0.0059409915
0.0061078331
0.0087948219
0.0088815411
0.0085812269
0.0099031133
0.014828097
0.018654933
0.010930901
0.0054464442
0.006928747
0.0077264329
0.0085069857
0.0092471544
0.013243934
0.015663696
0.019145968
0.024866926
0.023268593
0.022950644
0.019838917
0.020926432
0.020325831
0.012061513
0.0067608574
0.0061827513
0.0088951395
0.010937081
0.011798763
0.012513774
0.014305485
0.014513736
0.015929896
0.014037531
0.015436165
0.016342938
0.018631744
0.019923892
0.019734523
0.023112303
0.023836584
0.02307065
0.018636801
0.017839364
0.021984032
0.024071597
0.025082618
0.025628372
0.029054227
0.031886612
0.033530035
0.028622375
0.02434006
0.013633403
0.006193039
0.011301921
0.015582352
0.01841095
0.019399229
0.0232094
0.026254763
0.029781936
0.032423769
0.034133979
0.032786659
0.032352288
0.030140497
0.027424382
0.021642479
0.01555001
0.0082481818
0.0014226889
-0.005689644
-0.011837562
-0.020020927
-0.02970199
-0.037959608
-0.040919533
-0.040385711
-0.036014941
-0.039736468
-0.039271631
-0.038595673
-0.038732273
-0.041972752
-0.048455518
-0.042384402
-0.045608802
-0.044826692
-0.050472823
-0.050731841
-0.052767515
-0.054605372
-0.056120889
-0.055840305
-0.051914211
-0.049477167
-0.04724423
-0.041753987
-0.035924033
-0.031146373
-0.028428381
-0.022804336
-0.016175085
-0.010104271
-0.0046894232
-2.2831516e-05
0.0023254175
0.006399051
0.0089998897
0.011151681
0.01066265
0.012398655
0.011685943
0.012962633
0.012778288
0.010959473
0.011933533
0.011793196
0.012426688
0.01189989
0.011666934
0.0087822848
0.0078166312
0.0058633838
0.0048788149
0.0036238495
0.0039056153
0.0038441965
0.003756822
0.0046920239
0.0055896236
0.0052692078
0.0048973205
0.0061989153
0.0080785543
0.0078321666
0.007871673
0.0078140468
0.0065960774
0.0068362539
0.0073145055
0.0073060399
0.0071227376
0.0067880163
0.0070606676
0.0088644412
0.0082963899
0.0066581378
0.0059978551
0.0097234586
0.013891131
0.0087456931
0.0041062232
0.0030146415
0.0058765355
0.0075096971
0.0086657277
0.013307177
0.012154572
0.014451171
0.019363599
0.016459549
0.014356409
0.013719081
0.012711377
0.010539288
0.0093481534
0.0087637197
0.011853823
0.014078533
0.016932099
0.017081367
0.01804972
0.02000418
0.020774222
0.019832939
0.019032696
0.019291599
0.021261337
0.022701364
0.023626288
0.022601969
0.029533742
0.027516879
0.026974587
0.022708843
0.019460018
0.024703473
0.023567258
0.026550607
0.027246705
0.029804692
0.032803638
0.034210279
0.032016
0.025452645
0.014788098
0.0089501983
0.012844878
0.01652423
0.018342171
0.020160632
0.025393364
0.028549479
0.032495305
0.033728101
0.035632518
0.032356714
0.030698325
0.028361195
0.023125966
0.018710453
0.01457186
0.0075563283
0.0032812892
-0.0034690196
-0.012638283
-0.019633429
-0.030697845
-0.038031804
-0.039258377
-0.032249168
-0.035588674
-0.037999805
-0.034919703
-0.038329005
-0.036091343
-0.040736698
-0.042937079
-0.035594041
-0.038035741
-0.042450836
-0.047982608
-0.051181687
-0.053986937
-0.051630227
-0.051770719
-0.050490784
-0.049033355
-0.048262914
-0.048594606
-0.044610005
-0.039238416
-0.036244446
-0.032822627
-0.029886451
-0.024049775
-0.018044578
-0.016233877
-0.015060182
-0.0084713304
-0.0086526465
-0.0062949321
-0.0045783561
-0.0025732927
0.0010818104
0.0025716877
0.0021988735
0.0019447853
0.0033913105
0.0043277998
0.0066132815
0.0070482394
0.0060879654
0.0040019414
0.0026480539
0.0014380355
0.0012514966
0.00042703339
-2.3570267e-06
8.7462497e-05
-0.00084076215
-0.00045629396
0.00012421382
-0.00039734904
-9.0216305e-05
0.0011280852
0.0023845413
0.0020819663
0.0019553659
0.0029014124
0.003908602
0.0044423693
0.0033694084
0.0024982548
0.0026301818
0.0018981861
0.0034001572
0.0051336574
0.0048330868
0.0048921252
0.0028449934
0.0021811179
0.003611704
0.0061477101
0.0049604863
0.0013707907
-0.00089193016
-0.00031838072
0.001047807
0.0077328476
0.0093193421
0.0083522069
0.0094788775
0.010708938
0.008831678
0.0054808907
0.0077518358
0.0072564326
0.0063290213
0.0061338976
0.0069836506
0.0095580358
0.014223957
0.014945192
0.01537663
0.019711591
0.022171988
0.026291867
0.025871723
0.026523862
0.026299495
0.027929683
0.031389483
0.032725577
0.031003441
0.031547931
0.030493019
0.029321533
0.025964241
0.021621218
0.025414741
0.025578341
0.027675929
0.026089923
0.031029532
0.031154021
0.03098119
0.031512949
0.023794252
0.01475015
0.0093271016
0.01157365
0.01433892
0.014458455
0.015018125
0.020183123
0.023926169
0.024766554
0.026624003
0.02893214
0.028068716
0.02408281
0.021948598
0.016742081
0.013380268
0.0079860004
0.0021885408
-0.001909186
-0.005816108
-0.013419185
-0.023435605
-0.03372033
-0.039833551
-0.037756228
-0.038521201
-0.039104708
-0.036459047
-0.036217295
-0.040728517
-0.04075351
-0.042368472
-0.0389041
-0.034874455
-0.03794447
-0.041295528
-0.041983314
-0.043441486
-0.044003067
-0.044017274
-0.042962679
-0.041107128
-0.03854245
-0.039076898
-0.039322136
-0.03750234
-0.035049387
-0.03652962
-0.03603153
-0.032097919
-0.025759348
-0.022284043
-0.021281152
-0.017335527
-0.015360867
-0.013279327
-0.010013032
-0.011349202
-0.0095127686
-0.0055472856
-0.004818675
-0.0066072868
-0.0043611415
-0.0045576005
-0.004575186
-0.0034037693
-0.0026360309
-0.0050229662
-0.0057484512
-0.0067875672
-0.0097218388
-0.010055116
-0.0097732119
-0.0095490489
-0.0080214421
-0.0090992036
-0.0090734039
-0.0089187318
-0.0078924228
-0.0073233583
-0.0081171937
-0.0046037361
-0.0036495958
-0.0054514655
-0.0035779431
-0.0030317092
-0.0040767155
-0.0013909098
-0.0013873765
-0.0032326108
-0.0055518081
-0.0052604586
-0.004129595
-0.0035225037
-0.0031309654
-0.0015862808
-0.0010660898
-0.0002851733
-0.00072661432
-0.0049300337
-0.00087964375
-0.00078113879
-0.0012990016
0.0010212635
0.0027848408
0.0072146496
0.006614138
0.0056902563
0.0055605382
0.0054696187
0.0044300338
0.0049596562
0.0036706726
0.0048463703
0.0050733886
0.0066983368
0.0085113908
0.0086319951
0.011014451
0.013111459
0.015640989
0.01907101
0.02149569
0.025001991
0.027089499
0.028688001
0.027572182
0.028083419
0.03135558
0.030989014
0.026592688
0.027272243
0.024588771
0.022722801
0.022190468
0.023804965
0.025299037
0.023159938
0.02128465
0.023926859
0.023273373
0.021908032
0.021025185
0.020247897
0.016011412
0.013607442
0.014976348
0.014320839
0.013338565
0.012077508
0.01297671
0.013664122
0.015716127
0.018501684
0.019622009
0.01823933
0.015945327
0.014339101
0.010584403
0.0065164495
0.00072520472
-0.005942591
-0.0054165463
-0.010274708
-0.019006257
-0.026722491
-0.036579138
-0.041429988
-0.041873466
-0.043973231
-0.041634886
-0.040371717
-0.03899736
-0.038315615
-0.038375412
-0.035611163
-0.034486395
-0.032434885
-0.03237042
-0.033681449
-0.032849776
-0.032867349
-0.032415361
-0.032973779
-0.033905994
-0.032601028
-0.030319436
-0.028232829
-0.027041579
-0.024653532
-0.021736922
-0.021108247
-0.018737734
-0.017132314
-0.015693094
-0.011987837
-0.011062915
-0.0076923316
-0.0056885559
-0.004787443
-0.0035440514
-0.0036197578
-0.0024130321
-0.0016678458
-0.0025773761
-0.0049210252
-0.0069953001
-0.0073697173
-0.0098312768
-0.008791144
-0.010011889
-0.010317762
-0.01413192
-0.013866448
-0.012362316
-0.0138371
-0.016656874
-0.017001686
-0.015425474
-0.014338963
-0.010655123
-0.0097162897
-0.0085547174
-0.0088704674
-0.0084417589
-0.0083472119
-0.0071536432
-0.0093172461
-0.0065024992
-0.0046763332
-0.004321387
-0.005326369
-0.0029491227
-0.0016784285
-0.0042060112
-0.004628953
-0.0036590954
-0.0033768081
-0.0018065436
0.00053501067
-0.00048453652
-0.00021720932
-0.0017506104
-0.0078000436
-0.0086979784
-0.0024973491
-0.00058231329
0.0014357807
0.0047345811
0.0054834132
0.004549945
0.0048277989
0.0062325375
0.0054574087
0.0038220137
0.0033657441
0.0035413176
0.0042732907
0.0048623814
0.0056507879
0.0061346935
0.0069772224
0.009513809
0.011778365
0.014582714
0.017573359
0.020204326
0.023014728
0.023415211
0.02359511
0.022366615
0.022165179
0.023931146
0.024671749
0.021533574
0.019672878
0.021625795
0.021397725
0.022614328
0.022668037
0.023894381
0.022959112
0.019673037
0.01676485
0.015714126
0.016126438
0.01540405
0.014502085
0.012953664
0.01360065
0.018336908
0.016291876
0.014903575
0.01083572
0.010273373
0.0093946803
0.0097682186
0.011543221
0.011816705
0.01101375
0.0084366285
0.0071541696
0.0021587975
-0.0026227444
-0.0080449674
-0.010882638
-0.013141587
-0.017338756
-0.025810716
-0.032258216
-0.038973557
-0.04246093
-0.045212293
-0.040583765
-0.036013988
-0.035138679
-0.034070388
-0.03364669
-0.034809694
-0.031724098
-0.028431436
-0.025987923
-0.025361736
-0.025146663
-0.023049947
-0.025560587
-0.02229339
-0.021990693
-0.021231484
-0.021848629
-0.021257464
-0.018169476
-0.017965116
-0.01452146
-0.009837941
-0.010362437
-0.0073189121
-0.0034338413
-0.003031094
-0.0006243435
0.00010685704
0.0031970491
0.0029158537
0.0020783987
0.002051992
0.0023961475
-0.00014074645
-0.0016705539
-0.0024662137
-0.0047632502
-0.0065342097
-0.0094691578
-0.011037057
-0.011216445
-0.013011244
-0.014361502
-0.014519421
-0.015573879
-0.015427181
-0.016198693
-0.017430225
-0.0173364
-0.016504175
-0.013919866
-0.010524985
-0.0079929475
-0.0058390859
-0.0048431765
-0.0060728469
-0.0075060995
-0.0086686592
-0.0099898011
-0.0077957659
-0.0040197136
-0.00090192015
0.00018207149
0.0027890365
0.0040038356
0.0013464187
0.0007308597
0.0005290658
-0.00021413704
-0.0022369685
-0.00041257797
-0.0016643892
-0.0061243985
-0.0046578119
-0.0042863809
-0.0038775181
-0.0025413977
-0.00049209914
0.00015336539
0.0017272762
0.0017326621
0.0013349841
0.0016519602
0.0019506508
0.0028057617
0.0017447681
0.0012145154
0.00052943397
0.001163897
0.00032209171
0.00066257862
0.00087628362
0.0031755039
0.0051294805
0.0076423863
0.010442811
0.014727718
0.017381942
0.02041203
0.019640684
0.020301657
0.019869684
0.018999086
0.020179776
0.019904288
0.020124439
0.020063468
0.019810725
0.017743411
0.019115834
0.019437885
0.018812507
0.020058148
0.018752715
0.017714801
0.013565336
0.011144836
0.010657397
0.012191797
0.0097988143
0.0095674583
0.017560619
0.015281839
0.012013219
0.01113716
0.01020911
0.0091106503
0.0090003327
0.0081112805
0.0078561443
0.0074885439
0.0050369653
0.0025298871
-0.00034494122
-0.0063840018
-0.0083799809
-0.0082359067
-0.012220623
-0.017142986
-0.02401152
-0.029173356
-0.032241088
-0.035818287
-0.037491151
-0.032348455
-0.025301068
-0.026970804
-0.024883349
-0.026111928
-0.026325876
-0.023298674
-0.021071183
-0.019340667
-0.017660607
-0.015965436
-0.013533975
-0.012797963
-0.011069071
-0.0088746107
-0.007972851
-0.0095446165
-0.0080308042
-0.0056502682
-0.0042071444
-0.0036229583
-0.0004474844
-0.00027470414
0.0019510347
0.0045044059
0.0053853437
0.0080619092
0.00910872
0.0091664572
0.008461788
0.0074777142
0.0048755837
0.0035836641
0.0016772598
-0.00047594922
-0.0047930899
-0.0067229209
-0.007148532
-0.009161718
-0.01065536
-0.010415196
-0.013184003
-0.016420394
-0.018282864
-0.01849578
-0.019442102
-0.020881106
-0.02118228
-0.019073583
-0.018144544
-0.015644027
-0.013256991
-0.010333683
-0.0088341208
-0.0064895598
-0.0076676645
-0.0077633528
-0.0083050916
-0.0076821728
-0.0041506011
-0.00096222808
0.00084161856
0.002414837
0.0054880692
0.0049182068
0.0031015002
0.002036618
0.0023119306
0.0014943327
0.0011704964
0.0025663041
-0.0011730107
-0.0026157383
-0.0029968233
-0.0029281179
-0.0026336054
-0.0018203814
-0.0018561195
-0.00053555216
-0.0003144318
-0.0015760507
-0.001712078
-0.0021696666
-0.0030305525
-0.0024729554
-0.0013171293
-0.0024123923
-0.00374084
-0.0048609113
-0.0053783326
-0.0049247343
-0.0044713862
-0.0034698605
-0.0023132209
-0.00016865274
0.002984564
0.0070697391
0.010492053
0.0137545
0.015978925
0.017991476
0.017792545
0.018686496
0.019861142
0.019343718
0.019503946
0.019668939
0.017718791
0.01622186
0.015230137
0.013440563
0.012551188
0.013839765
0.014126478
0.012961332
0.011615196
0.0094735224
0.0087321473
0.0097897202
0.0091077045
0.0095521171
0.013292439
0.013995411
0.01571979
0.012056871
0.012015749
0.010188938
0.0096860698
0.00711475
0.0066761076
0.0063712838
0.0053615784
0.0026574354
0.00035269163
-0.0031243619
-0.0023409066
-0.0042849459
-0.0092243088
-0.012415387
-0.016143279
-0.019904868
-0.022289646
-0.024259239
-0.026316233
-0.022987862
-0.018425462
-0.017167495
-0.018630389
-0.016088172
-0.015651496
-0.014933993
-0.013708768
-0.012668682
-0.010173935
-0.0079893892
-0.0063852031
-0.0034961401
-0.0020209843
-0.00048149542
0.00073832793
0.00031477629
0.002031777
0.0035595999
0.0037812773
0.0050099032
0.0067601829
0.0077487002
0.0093147774
0.01084876
0.01210838
0.013548684
0.013746373
0.012896516
0.011037364
0.0093263858
0.0062394096
0.0040123578
0.0012433031
-0.0015378996
-0.0039380203
-0.0060286016
-0.0069819917
-0.0085745087
-0.010226443
-0.011128156
-0.012458595
-0.015427392
-0.01900569
-0.020710654
-0.0235662
-0.024777637
-0.023640116
-0.022461544
-0.020957011
-0.019139492
-0.016872389
-0.013403747
-0.0088959344
-0.0082048406
-0.0083820123
-0.0081644411
-0.0075276645
-0.0073529018
-0.0039666339
-0.0021253302
-0.00033922429
0.001562606
0.0031317514
0.0037581036
0.0022993358
0.0020038412
-0.00058163969
-0.0011031645
-0.0033198205
-0.0024040757
-0.0025238501
-0.0022545534
-0.0024530354
-0.0013949539
-0.0026230667
-0.002814466
-0.003119247
-0.004315392
-0.0034661033
-0.0027419768
-0.004426207
-0.0044668459
-0.0038695929
-0.003925251
-0.0040856185
-0.0039209492
-0.0050324901
-0.0063743036
-0.0074966336
-0.0087948087
-0.010231261
-0.010520342
-0.0091166059
-0.0075593189
-0.0052857722
-0.0027532953
0.00088891379
0.0046921434
0.0095477452
0.013332903
0.014865239
0.016708929
0.018115836
0.019366683
0.016358999
0.015988055
0.0154082
0.015965911
0.013279073
0.011055427
0.010939297
0.01067287
0.010390443
0.01098761
0.0094948429
0.0095065874
0.0086906124
0.0095644147
0.0097121267
0.0083880369
0.010162646
0.013577454
0.015811872
0.016204907
0.014429708
0.012641804
0.011351744
0.0098900491
0.009022897
0.0081713118
0.0074648728
0.0063377168
0.0042336615
0.0037687853
0.0063231417
0.005910121
0.0015408005
-0.0042430048
-0.0059436615
-0.0096080479
-0.011534984
-0.012576119
-0.014004829
-0.011356457
-0.0094414655
-0.0089116777
-0.0094373766
-0.0059281522
-0.0052515092
-0.0077479518
-0.0084353008
-0.0075357469
-0.0064858061
-0.002968882
-0.0022144716
-0.0018119798
0.0019357566
0.0025863147
0.0038235599
0.0046390055
0.0057918672
0.0081998359
0.0091897361
0.0096267519
0.010312678
0.010475741
0.010803542
0.011209076
0.012209854
0.012916734
0.014192194
0.013614462
0.011318639
0.0096806711
0.0065503927
0.0046478744
0.002977584
-0.0001349028
-0.0025765629
-0.0044358832
-0.0060100629
-0.0067100049
-0.0084285533
-0.010313448
-0.011229178
-0.012552393
-0.01396341
-0.017565472
-0.019028351
-0.020728848
-0.022111498
-0.022388675
-0.020294401
-0.018975928
-0.017138498
-0.013912172
-0.010023835
-0.0089475129
-0.0084228032
-0.0087556888
-0.0097363331
-0.010002792
-0.0072017561
-0.0041834565
-0.0020619193
-0.0010482436
2.7687847e-05
0.00025793312
-0.00022796675
-0.00070170805
-0.0024083169
-0.0034793852
-0.0057735041
-0.0049134706
-0.0033091099
-0.0026410333
-0.0012787689
-0.0008739045
-0.00050285102
0.00013795677
-0.0028602739
-0.0033011164
-0.0041784976
-0.0046612816
-0.0038277375
-0.0046411135
-0.0045242013
-0.0042075401
-0.0038183025
-0.0043859474
-0.0060901296
-0.0072611045
-0.008269443
-0.0091368739
-0.010803179
-0.011905183
-0.012068746
-0.011762123
-0.011115346
-0.0096399561
-0.0073374474
-0.0046656535
-0.00071930718
0.0043911525
0.0086495764
0.010012902
0.011754234
0.014555907
0.0094824086
0.010408052
0.012054064
0.012425814
0.012182016
0.01167218
0.010975259
0.011981124
0.010048539
0.0095978163
0.0096359654
0.0084556903
0.0099757593
0.010178203
0.010867723
0.0095085714
0.011184939
0.017167127
0.018327605
0.019743376
0.020050806
0.019915294
0.017098753
0.014996342
0.013996746
0.012359233
0.01164758
0.010551045
0.0093251022
0.010998208
0.013571213
0.013994674
0.011354469
0.0091355093
0.00598514
0.0016423582
-0.0013444497
-0.0037032846
-0.0021640108
-0.00099380357
-0.00067870521
-0.0010972081
0.00031815101
0.00019474452
0.00068230068
-0.0018765938
-0.0048047425
-0.005669608
-0.0052372638
-0.0023579508
-0.0012760104
-0.0013682357
0.00017889227
0.0018941722
0.0028991076
0.0034135101
0.0047876151
0.0066900514
0.0082572467
0.0088466913
0.0087183228
0.0083066781
0.0097590121
0.010213347
0.010439787
0.010476255
0.011273793
0.01084635
0.0098630863
0.0076429068
0.0065242566
0.0047928032
0.00328176
0.0015426444
-0.00011174594
-0.0023056408
-0.0030842275
-0.0040482628
-0.0059545913
-0.0066412808
-0.0090961093
-0.010474489
-0.010866915
-0.011959801
-0.012431704
-0.014252798
-0.015682394
-0.015532712
-0.015847755
-0.01568291
-0.01419245
-0.011599415
-0.0099039105
-0.0073519476
-0.0063409255
-0.0059504896
-0.0067140543
-0.0077195058
-0.0064566413
-0.0051913021
-0.0042148719
-0.0026050283
-0.00034721816
-0.0015437494
3.6794656e-05
0.0015189031
-0.0012836084
-0.0035668602
-0.0046878041
-0.0029345473
-0.0021750817
-0.0029101979
-0.0025386828
-0.0013634999
-0.00089120906
-0.0012533807
-0.0011867841
-0.0015217155
-0.0027190971
-0.003428166
-0.0033934759
-0.0036540267
-0.0039017895
-0.0034472887
-0.0034225653
-0.0034145289
-0.0052654838
-0.0065895646
-0.0072594199
-0.0076436545
-0.0080307867
-0.009613694
-0.010901003
-0.011215501
-0.011984331
-0.01122677
-0.0107419
-0.010503347
-0.0081702514
-0.0028656639
0.00010835884
0.0016265266
0.0038689161
0.0077997405
