0.0048565634
0.0043946767
0.0038367356
0.0038236257
0.0033263394
0.0026856048
0.0051878881
0.01067836
0.01399847
0.013447888
0.013567027
0.013416425
0.012058034
0.0074223885
0.0054003983
0.0022356643
0.0023394963
0.0023174813
0.0037830588
0.0084183602
0.011269258
0.013286469
0.01081659
0.01117872
0.0098192639
0.0069725982
0.0050276426
0.0016517838
-0.0001356185
0.00026032303
0.00059132025
1.0047821e-05
-0.00085734324
-0.0026651207
-0.0050876561
-0.0064082477
-0.006101831
-0.0082076463
-0.011183501
-0.01302993
-0.013050225
-0.013678155
-0.015574511
-0.017593067
-0.020347674
-0.022841876
-0.022579017
-0.022118344
-0.022696202
-0.024215062
-0.023934755
-0.024916499
-0.029230331
-0.031862357
-0.031554037
-0.029539635
-0.025705421
-0.020341739
-0.015282679
-0.013461472
-0.014823922
-0.016648848
-0.0167398
-0.01808405
-0.016578828
-0.015711512
-0.016486768
-0.017312635
-0.019085996
-0.02057396
-0.020466588
-0.018782031
-0.017717731
-0.015013126
-0.011894804
-0.0090744237
-0.0052118004
-0.0017764897
0.0018531759
0.0030289807
0.0039184707
0.0050372952
0.0068451145
0.0087701192
0.012729593
0.014435199
0.013291903
0.011249582
0.0069331058
0.0067823856
0.008092623
0.0098563617
0.012329982
0.015244809
0.014025729
0.011467775
0.0082947717
0.0063979672
0.0032168609
0.0018229664
0.00070548196
0.0005412481
0.00020290792
3.7289863e-05
0.00046211655
0.0010666356
0.00088472797
0.0012941207
0.00099161654
0.00026156323
0.00065968217
-0.00022320336
-0.0007250324
0.00045767062
0.00078591368
0.0013237215
0.0027760505
0.0040537379
0.0051013934
0.0092135094
0.011749986
0.012314923
0.012407911
0.014442164
0.014545085
0.011689056
0.012853083
0.016435832
0.017388004
0.016526122
0.015982011
0.015029147
0.013327414
0.009925893
0.0076499385
0.0067504513
0.0057701933
0.0052923694
0.0047142015
0.0045305516
0.0046141945
0.0042389012
0.0044247048
0.0047146304
0.0055146464
0.0059084489
0.0054581551
0.0055041577
0.0042264116
0.0052187072
0.010207493
0.013407777
0.014706538
0.014903072
0.012426412
0.0099420418
0.0084862961
0.0074328019
0.00167506
-0.00018333936
-3.0838281e-07
-0.0020316366
0.0008935526
0.0064180594
0.0096567573
0.010320094
0.0072360602
0.0076209255
0.010188835
0.0071427476
0.0026806305
-0.0017635632
-0.0015485885
-0.00071304715
-0.00080522051
-0.0038098105
-0.005827706
-0.0090670468
-0.011669203
-0.012311374
-0.012274122
-0.013966747
-0.017729291
-0.021283947
-0.023427827
-0.026896546
-0.029885789
-0.032551651
-0.036273866
-0.038187596
-0.037603471
-0.03917796
-0.037844434
-0.035152902
-0.034521592
-0.036396675
-0.039883206
-0.040622973
-0.03814496
-0.035653127
-0.030456063
-0.02444996
-0.019966607
-0.019308214
-0.01747711
-0.01604948
-0.015451478
-0.01480945
-0.012519292
-0.012755831
-0.011386409
-0.011246909
-0.013163787
-0.01319883
-0.012358162
-0.0088183582
-0.0069024699
-0.004999597
-0.0014495003
0.0023642307
0.0059137596
0.010080389
0.013240087
0.016114457
0.015537877
0.015946948
0.017125382
0.017561292
0.018420937
0.017993936
0.01453456
0.012266304
0.01108977
0.010935187
0.013170792
0.015424618
0.015561937
0.014440347
0.011878225
0.008336564
0.0060861815
0.0035460552
0.0011132678
0.00099268176
0.00039663057
0.000343353
0.0012196557
0.0016712846
0.0017268079
0.0022228645
0.0021833907
0.0019716019
0.0010741297
9.7024726e-05
0.00013229582
-0.00055948711
-0.0008787471
-0.00026528104
0.0018456237
0.0027874206
0.002737686
0.0060473337
0.01115473
0.015641527
0.014237026
0.017987401
0.01912093
0.019109834
0.019508617
0.018811152
0.018855717
0.019724603
0.019222023
0.017103422
0.014112153
0.011351716
0.010621017
0.0078159996
0.0065123561
0.0060102898
0.0060919937
0.0059673064
0.0059482259
0.0057588759
0.0056811642
0.0057046211
0.0050330421
0.0052774956
0.0070012393
0.0068268832
0.007366986
0.0076516049
0.0066362413
0.0057952081
0.010426733
0.012122807
0.011501956
0.013905773
0.013816296
0.0097297662
0.006152911
0.0054993236
0.0056461545
0.0041316716
0.0011561402
-0.0046859471
-0.00491377
0.00044226468
0.0079618107
0.0078234069
0.0058134015
0.0065615357
0.0077938695
0.0041494901
-0.00065357316
-0.0033887195
-0.002636589
-0.00034729674
-0.001277001
-0.0045084359
-0.010112394
-0.01544888
-0.018530839
-0.020020418
-0.020942638
-0.025102976
-0.02859483
-0.033366383
-0.037494206
-0.043667667
-0.047856589
-0.051122035
-0.052832397
-0.055085665
-0.05651318
-0.059514788
-0.059979098
-0.053698259
-0.050868166
-0.050489717
-0.047059414
-0.048010597
-0.048301155
-0.045324634
-0.035313681
-0.02627129
-0.027321424
-0.02492088
-0.021334183
-0.017624504
-0.013820016
-0.014384971
-0.011757101
-0.010711921
-0.0070865728
-0.0049224778
-0.0036781419
-0.0018222271
-0.00086474896
0.0014105075
0.005509613
0.0094663034
0.014970471
0.016108334
0.017367164
0.020283281
0.024388634
0.02596874
0.025131388
0.025808213
0.025699023
0.02504232
0.021066062
0.019070709
0.01731056
0.015982875
0.013997429
0.013272346
0.01411377
0.012911883
0.01138503
0.0092485999
0.0065810648
0.003708182
0.00098607536
-0.00010496166
-0.00023461645
-0.0004750867
0.0002548693
0.0013658814
0.0028954117
0.0027765314
0.0031494958
0.0036357473
0.0038316571
0.003193135
0.0030728824
0.0015259934
0.001131648
-0.00032796756
0.0012056125
-0.00087391852
-0.0005913379
0.0058473674
0.010338907
0.013888531
0.013990643
0.01445532
0.011034025
0.018179097
0.019637618
0.021635731
0.018220111
0.0206437
0.020222184
0.017775468
0.015032871
0.012224223
0.0087637892
0.0072678993
0.0055886077
0.0051487344
0.0054978467
0.0054769947
0.0054364517
0.0063501801
0.0064747694
0.0063634414
0.0061323851
0.0062254538
0.0062007363
0.0066460509
0.0069472778
0.0072833521
0.0086732946
0.0092500023
0.0082356641
0.0080910974
0.012934854
0.016887074
0.013111584
0.014313575
0.014686581
0.012261357
0.011245746
0.0078200286
0.0038985404
0.0015873004
0.00054872969
-0.0050965868
-0.0052933981
-0.0012492404
0.0038390571
0.0042580746
0.003762583
0.0067306125
0.0065331805
0.0031182309
0.00031109957
-0.00030285922
-0.0027208721
-0.00037729389
-0.00093975828
-0.003424525
-0.010449874
-0.01762517
-0.02019084
-0.024873332
-0.02956653
-0.032814072
-0.036254266
-0.043079499
-0.052012414
-0.056385182
-0.060564547
-0.065726412
-0.068282447
-0.073055026
-0.076265482
-0.080316144
-0.081303194
-0.076075913
-0.071137812
-0.065558303
-0.059214219
-0.056539423
-0.058118719
-0.057706221
-0.045237917
-0.038446021
-0.039803646
-0.031880676
-0.02664097
-0.023355778
-0.018932546
-0.01531745
-0.012860372
-0.010290863
-0.0048611347
0.00059712767
0.0049350182
0.010242525
0.012404071
0.015427321
0.019087032
0.024849352
0.029297533
0.028007932
0.029738121
0.033681966
0.036378527
0.037486637
0.035760887
0.033365213
0.031540847
0.028194258
0.023993375
0.021107061
0.018420465
0.015407629
0.013753573
0.011470684
0.0099457612
0.0083020167
0.0060096563
0.004795369
0.002662876
0.00098189871
0.00042784184
0.00011848233
0.00015352757
0.00054178906
0.0016200473
0.0021978802
0.002920313
0.0043703281
0.0056235919
0.005602588
0.005964572
0.0058553143
0.0056014353
0.00445857
0.0037313123
0.0030065765
0.0049099557
0.0044649208
0.0087672843
0.01095616
0.012141929
0.01232952
0.010236695
0.010087141
0.011492924
0.017273586
0.017855566
0.017463045
0.016337941
0.01480327
0.016251525
0.013212019
0.0087298308
0.0049791005
0.0015335321
0.00040871069
5.5920612e-05
0.0016261307
0.0031663105
0.0042125924
0.0050681794
0.005817107
0.0049737486
0.0057733381
0.0065514342
0.0067310954
0.0071145737
0.0069239976
0.0079737915
0.0087401243
0.010314102
0.010877728
0.011234001
0.013084202
0.020546419
0.022267312
0.018688636
0.016936928
0.014412694
0.012741249
0.012274241
0.0089615829
0.00084745892
-0.0012073931
-0.001418548
-0.0033113587
-0.0015618757
0.0023614783
0.0051768304
0.006995299
0.0054797847
0.0074138644
0.0046452846
0.0029110079
0.0029246989
0.0008387666
-0.0021344887
-0.0036378996
-0.0038646487
-0.0081138818
-0.011550963
-0.018720909
-0.027191855
-0.031797592
-0.035824587
-0.040385481
-0.047072607
-0.054058018
-0.062710993
-0.064943964
-0.066909719
-0.072783319
-0.078584769
-0.084369129
-0.086030556
-0.086002132
-0.085967574
-0.086099182
-0.082467385
-0.082416313
-0.076811456
-0.073708685
-0.069520563
-0.061802896
-0.053752922
-0.048741951
-0.044678255
-0.038081213
-0.033823045
-0.032419823
-0.025700116
-0.021274482
-0.014268282
-0.0090364119
-0.0019170085
0.0046724471
0.011855662
0.019007107
0.022134514
0.027977943
0.031658002
0.03367743
0.037552376
0.038111807
0.040482705
0.04249844
0.041873247
0.041716093
0.035987749
0.031536977
0.027167368
0.024720431
0.018642389
0.018473466
0.016834031
0.013415172
0.010819663
0.0074608672
0.0066737687
0.00416099
0.0027115262
0.001256259
-0.00021498605
-0.00024140512
-0.00017287782
2.3779908e-05
0.00075033716
0.0023732587
0.0029043967
0.0031351383
0.0035777026
0.0045708805
0.0053416614
0.0057294738
0.0061513529
0.0069881705
0.0068823827
0.0068805976
0.006290769
0.0065559619
0.0067473946
0.0074892655
0.009908767
0.010477378
0.0096980845
0.010158879
0.0096133196
0.0099856363
0.012384565
0.013251202
0.014141217
0.015629767
0.014274883
0.013097194
0.013614455
0.011373437
0.0073837037
0.0015870671
-0.0017748286
-0.0025364934
-0.00076398492
0.00075512328
0.0025042436
0.004072147
0.004111909
0.0043889496
0.0046300006
0.0059550594
0.006878234
0.0076977894
0.0072670992
0.0079773344
0.0098423832
0.010869932
0.011455975
0.014924456
0.015572836
0.020484109
0.023656611
0.02380478
0.018247311
0.017997777
0.014945484
0.017728781
0.012611173
0.0042459036
-0.0042799638
-0.0060997485
-0.0034736065
-0.00010034995
0.0059081541
0.0091935599
0.013214749
0.011185559
0.011052022
0.0067643458
0.0042515251
0.0034683454
0.0002722068
-0.0026097258
-0.0032533215
-0.0082114656
-0.010702477
-0.014087544
-0.015746954
-0.020315103
-0.028068878
-0.033861047
-0.039269697
-0.04595344
-0.056390498
-0.065415928
-0.070629308
-0.073161889
-0.071194259
-0.065301469
-0.065780658
-0.072838507
-0.083498755
-0.082871169
-0.080394126
-0.075643659
-0.07530342
-0.073067776
-0.066994096
-0.063045776
-0.052488678
-0.045853056
-0.039756687
-0.046188385
-0.048720239
-0.043420302
-0.037608865
-0.033271719
-0.022472749
-0.017767718
-0.014170874
-0.0052874611
0.0028655748
0.012187338
0.019040891
0.024930679
0.029441941
0.034737947
0.039540219
0.042250498
0.042227973
0.04168477
0.043616682
0.043289334
0.040580705
0.038725776
0.034066401
0.028758152
0.025376535
0.021021173
0.018533691
0.014395755
0.012027926
0.0085816492
0.0072265475
0.005600096
0.0056193591
0.004906686
0.0035980918
0.0016047839
6.5577554e-05
-0.00075600248
-0.0010503925
0.00016208709
0.0019530278
0.0027292426
0.0035215166
0.0034535768
0.0037368884
0.0036902344
0.0043599973
0.0054141966
0.005647961
0.0066717878
0.0080135784
0.0090017451
0.009830116
0.0091419104
0.01232739
0.013553682
0.0083640541
0.0076598513
0.0071728967
0.0072547734
0.0084335882
0.010696138
0.014693506
0.016270735
0.016848177
0.016045277
0.016356583
0.01537761
0.016330398
0.014412835
0.010801201
0.0039040066
-0.0020755654
-0.00082289658
0.0015424196
0.0038492844
0.0044367986
0.0050706963
0.0050644985
0.0057873536
0.0058178085
0.007242996
0.0079160061
0.0094777726
0.0099461145
0.010391162
0.013634072
0.014954017
0.015010535
0.015469219
0.016158467
0.020382174
0.022964521
0.020405052
0.01778307
0.017457308
0.015855277
0.017094331
0.010959752
0.0027615745
-0.0089255575
-0.013817786
-0.0081649405
-0.0010266343
0.0051577576
0.0091532923
0.012330237
0.01163021
0.0077124599
0.0055630226
0.0050223478
0.0038427035
0.0006150033
-0.0028390526
-0.0070310926
-0.0092235969
-0.013541399
-0.016018683
-0.021354227
-0.023835656
-0.029123677
-0.037358967
-0.045208735
-0.05359938
-0.065344653
-0.072223567
-0.074501091
-0.070347011
-0.064963646
-0.064252362
-0.065338747
-0.069560234
-0.068751104
-0.065491658
-0.05811128
-0.064479111
-0.065487025
-0.059285534
-0.054688921
-0.04498027
-0.03665059
-0.034914184
-0.033255423
-0.041005445
-0.041658925
-0.032966815
-0.027267394
-0.022628108
-0.022919724
-0.016194382
-0.0052653261
0.0033397001
0.010682843
0.018793699
0.02564683
0.031073502
0.035732376
0.037788072
0.039898919
0.044098584
0.043932303
0.040601036
0.041107268
0.037697999
0.03590624
0.03256483
0.028731894
0.027025426
0.02241441
0.019188757
0.0164356
0.012223627
0.011335151
0.0080193653
0.0068244752
0.0059054664
0.0063179465
0.0057603809
0.0035110307
0.002216603
0.0017054204
0.00087570372
0.0012602155
0.0017393717
0.0030162315
0.0040775485
0.0050418063
0.0050448186
0.0054825302
0.0057292013
0.0060363703
0.0058470623
0.0070171469
0.006464222
0.0077902857
0.010466435
0.013236577
0.014469726
0.017572192
0.01399668
0.0071628695
0.0061506286
0.0072558081
0.0085834439
0.009681733
0.012170304
0.015168716
0.021741523
0.023954807
0.021785221
0.019165062
0.015149424
0.015948524
0.014997881
0.011466478
0.0041231569
-0.000483849
0.0023087362
0.001848566
0.0038841454
0.0058773494
0.0071353319
0.0072584468
0.0076932793
0.0069869901
0.0084828332
0.0083463299
0.010157151
0.012019225
0.011907798
0.015792742
0.018341341
0.017460811
0.01530615
0.014064895
0.018008715
0.017944418
0.015995375
0.018075457
0.019043657
0.019466326
0.019815763
0.016370596
0.0074819996
-0.0076214496
-0.011905647
-0.0072769007
-0.00085362491
0.0044730345
0.0082855251
0.011582199
0.012736249
0.012970554
0.013178418
0.011267366
0.011821741
0.011731913
0.010322348
0.0067456492
0.0029975906
-0.0015115247
-0.0070554292
-0.012100435
-0.021001434
-0.026378677
-0.034458875
-0.04431823
-0.053346096
-0.059909975
-0.06161863
-0.056459138
-0.054554272
-0.051232246
-0.050477726
-0.049027457
-0.053118533
-0.050844504
-0.047610897
-0.051336679
-0.0471459
-0.044000796
-0.043978614
-0.040101012
-0.03453377
-0.033837693
-0.040019748
-0.041087678
-0.04018566
-0.03460083
-0.030612825
-0.021297262
-0.017501341
-0.012092293
-0.005759316
0.0031764232
0.009484548
0.015558237
0.02182136
0.023725226
0.029005045
0.031928817
0.03375453
0.036662542
0.037836779
0.034846605
0.034553349
0.031603716
0.029639621
0.027297836
0.025818474
0.024144915
0.021946864
0.019702115
0.016646737
0.014685144
0.012762296
0.010963746
0.01050858
0.0090777425
0.007617504
0.0076896514
0.0064898078
0.0064204813
0.005694612
0.0054763027
0.0062254442
0.0068528651
0.0070579233
0.0064127361
0.0057962625
0.0065292523
0.0066586975
0.0065068717
0.0066351741
0.0069074662
0.0072136909
0.0082083514
0.0093823113
0.0094083557
0.0101298
0.01121164
0.015494824
0.017528604
0.0076702716
0.0043124482
0.0065898852
0.00754055
0.010448359
0.010376099
0.014127834
0.018781551
0.024033529
0.025341491
0.02309871
0.021278311
0.019418213
0.019125475
0.017065991
0.0081247168
0.0030990509
0.0034967124
0.00501817
0.0068214231
0.0071104949
0.0081639686
0.010385049
0.010043303
0.010945628
0.010000422
0.011419863
0.011729348
0.013859816
0.014775535
0.015286551
0.016692098
0.018172073
0.016609641
0.011734208
0.012299571
0.014970764
0.016318151
0.016765029
0.017889986
0.020830442
0.022051283
0.021276575
0.015698121
0.0086766255
-0.0025369632
-0.0076125928
-0.0028261074
0.0001733466
0.0028676964
0.0047225307
0.0082937404
0.012528223
0.015579899
0.018106555
0.019078198
0.018977053
0.019738166
0.017326959
0.016689188
0.011990621
0.0082215654
0.0034792785
-0.0027098535
-0.010122344
-0.017261084
-0.026478094
-0.036165132
-0.045302203
-0.047702956
-0.048131772
-0.04515149
-0.049363384
-0.04948485
-0.048128066
-0.046714727
-0.049246386
-0.051120978
-0.044153475
-0.046113078
-0.043555209
-0.04604683
-0.043084644
-0.044475312
-0.043404647
-0.04356052
-0.040085999
-0.036672722
-0.034135535
-0.030137368
-0.025684547
-0.01982503
-0.014470679
-0.011529451
-0.0059345857
-0.00041422484
0.005813012
0.010513817
0.013386721
0.01478499
0.01799574
0.019718308
0.022644848
0.022930528
0.024189194
0.02329537
0.023980058
0.022047342
0.019361963
0.019012102
0.016994188
0.016921192
0.0152317
0.015275914
0.012637581
0.01151892
0.010230879
0.0083511194
0.0075325149
0.0077200632
0.0070687481
0.0065514778
0.0072889365
0.0073027023
0.0061861312
0.0061774527
0.0072829547
0.0078868234
0.0077949979
0.0079295903
0.0083120708
0.0078096402
0.007645401
0.0077789013
0.0077566478
0.0074569255
0.0072131169
0.0080242652
0.008670649
0.0080985996
0.0069971028
0.0063987386
0.01066714
0.01329863
0.0073241337
0.0029514107
0.0040072933
0.0075636107
0.010535102
0.012608234
0.015001408
0.015475547
0.017262066
0.019682792
0.018241989
0.017062945
0.015697606
0.012801442
0.0087813524
0.0061906717
0.0053257714
0.0075192997
0.0087884078
0.011410427
0.01091611
0.01084344
0.012616651
0.013860991
0.01406255
0.013759389
0.013797549
0.015841753
0.016606559
0.017820276
0.017091306
0.018050615
0.0181741
0.018521884
0.013901595
0.014272009
0.017128078
0.016636036
0.019392158
0.018957859
0.020739879
0.023477206
0.022390299
0.017888712
0.0096503929
-0.00075506176
-0.0052289775
-0.0017014144
0.00032786912
0.0014338095
0.0034568018
0.0067580928
0.01048077
0.014454331
0.016770047
0.01916483
0.016889256
0.016746942
0.014728365
0.013085252
0.01082087
0.0090024347
0.0036551644
0.00093109444
-0.0033767578
-0.012455772
-0.020408508
-0.031599482
-0.039247092
-0.043221636
-0.040978898
-0.045204833
-0.048514848
-0.045438294
-0.048417615
-0.045839238
-0.047192357
-0.046547199
-0.037530915
-0.039186567
-0.041403928
-0.042406347
-0.041812386
-0.043520603
-0.039155023
-0.03830009
-0.035463195
-0.034344703
-0.033248671
-0.031090465
-0.026656878
-0.022186228
-0.017718982
-0.016853054
-0.012980483
-0.0079647334
-0.0046799959
-0.0038982553
-0.0027574895
0.0022556106
0.0026699215
0.0075025966
0.010026932
0.011550952
0.014746258
0.014844323
0.012891354
0.011701328
0.01115584
0.010129804
0.01015317
0.010878733
0.0095578058
0.0083007841
0.0073046688
0.0053172512
0.0056260782
0.0041693141
0.0037335466
0.0041602397
0.0039715952
0.0035054164
0.0041091149
0.0031251133
0.0029918094
0.0030300061
0.0044482847
0.0035258323
0.0029754647
0.0038758606
0.004298269
0.0047833842
0.0038409141
0.0029781691
0.0031865653
0.0033809703
0.0041237422
0.0045715207
0.0036674939
0.0030581992
0.0024470359
0.0027324249
0.0048341159
0.0057720408
0.0047238029
0.00065973274
-0.00076116
0.003414128
0.0055494302
0.011416483
0.012402738
0.009954756
0.009547015
0.010916613
0.010607135
0.009941097
0.0092893814
0.0060302518
0.0045057679
0.0049538639
0.0052121967
0.008847986
0.011579562
0.011619271
0.010599631
0.013542831
0.014450109
0.01605998
0.016841726
0.018862195
0.01679006
0.018213386
0.021291886
0.021416182
0.020743854
0.020854256
0.021371547
0.020910077
0.017754475
0.016796051
0.017962635
0.018743758
0.019074609
0.018352559
0.020171151
0.019213906
0.019401207
0.017349575
0.010695386
0.0016958823
-0.0044716249
-0.0046381722
-0.0037481418
-0.0033965129
-0.0023161474
0.00017649876
0.0028808944
0.0053674612
0.0085633941
0.011244116
0.011693787
0.011218831
0.0092551481
0.0063928681
0.0038507955
0.00096722106
-0.0013266185
-0.0063019589
-0.010054632
-0.014246711
-0.023767631
-0.03136517
-0.037538121
-0.040458902
-0.044003548
-0.046170166
-0.04586184
-0.048778629
-0.052468975
-0.049914568
-0.047900328
-0.041186737
-0.037697575
-0.03774568
-0.038700713
-0.039282921
-0.037944508
-0.035288593
-0.033150255
-0.031173895
-0.029324579
-0.02583465
-0.025969252
-0.024796605
-0.021667104
-0.01947378
-0.020463861
-0.01958944
-0.015944089
-0.011653605
-0.0096096156
-0.0093647587
-0.0053567908
-0.0037349342
-0.0011038462
0.001344438
0.0038109084
0.0050356888
0.0071433092
0.0081995565
0.0056400113
0.0050765986
0.0030169437
0.00097912456
0.0013880742
0.0015477049
0.00077184102
-0.00050795738
-0.0022485565
-0.0044976641
-0.0039795378
-0.0046235065
-0.0037201708
-0.003762502
-0.0041445263
-0.0046337499
-0.0048979544
-0.0049594662
-0.0049933611
-0.0039864529
-0.0021277948
-0.0027834925
-0.0045855045
-0.0033974478
-0.0024985457
-0.0032938756
-0.0020346628
-0.0012987788
-0.0022031723
-0.0031779437
-0.0026459667
-0.0024128391
-0.0018711575
-0.0013852388
1.2714034e-05
0.001916926
0.0018495739
-0.0010129822
-0.0025991679
-0.0002278875
-0.00045787078
0.00021734407
0.0011996473
0.0047276559
0.008346413
0.0065498831
0.0044080938
0.0040622247
0.0046213463
0.0040114973
0.0037677559
0.0024919211
0.0025196878
0.0029076905
0.00500215
0.0066075537
0.0074027063
0.0095387045
0.011223079
0.011786533
0.013718749
0.015881244
0.018538394
0.020221006
0.019208149
0.018385452
0.019478054
0.020025791
0.020094539
0.018482372
0.017469896
0.015362245
0.016361363
0.016044115
0.01443067
0.015000413
0.012895343
0.01258953
0.012988771
0.011690153
0.010924556
0.010348699
0.0092861161
0.0062580897
0.0026388894
0.00013373948
-0.0018943762
-0.0037361512
-0.0039679543
-0.0032413258
-0.0016190064
-0.00034296115
0.0011194813
0.0022026714
0.0034461476
0.0029178281
0.0025661851
0.00066877374
-0.0018362573
-0.0072226698
-0.010433042
-0.012775716
-0.014688782
-0.018096633
-0.02555027
-0.031635419
-0.036894832
-0.040892613
-0.044575867
-0.043205509
-0.043200552
-0.044954191
-0.048070155
-0.047320147
-0.03916313
-0.03780815
-0.03483772
-0.032858563
-0.032919749
-0.032177859
-0.030351152
-0.025685059
-0.025821311
-0.02440826
-0.021512997
-0.019088738
-0.016933976
-0.014651095
-0.012665709
-0.010179616
-0.0082454398
-0.0068860135
-0.0061836558
-0.0040542636
-0.0017972857
-0.00012550951
0.0029131086
0.0041700831
0.006530582
0.0089895186
0.010470997
0.010714427
0.0079668596
0.0065419143
0.0017198785
-0.002047677
-0.0044786515
-0.0056845326
-0.0048030763
-0.0073698135
-0.0091364162
-0.011848362
-0.011881123
-0.011503212
-0.012699101
-0.015381378
-0.014395727
-0.013457629
-0.013363966
-0.012426152
-0.012130187
-0.010197021
-0.01079784
-0.0099127685
-0.0088301783
-0.0067638581
-0.006806897
-0.0036125536
-0.0023812563
-0.0017576224
-0.0025101119
-0.0011549194
-0.00095347475
-0.0020426309
-0.0016938326
-0.0014199917
-0.00067012942
0.001018412
0.0013979544
0.0015410804
-0.00011658829
-0.0025718787
-0.0060567946
-0.0048388864
0.00018433997
0.0010315234
0.0028210423
0.0041209886
0.0049957263
0.003903514
0.0036666054
0.0034773571
0.0031807929
0.0011036205
0.0014314125
0.0011628299
0.00094981951
0.0025715917
0.0038959254
0.0048397716
0.0062983709
0.0083613891
0.011088598
0.013101637
0.015063082
0.016689424
0.019008213
0.019364514
0.019625894
0.018159773
0.01769691
0.01769627
0.016755958
0.016658112
0.014469599
0.014487167
0.014006625
0.0139669
0.014656503
0.014301861
0.011493575
0.010086263
0.0085477243
0.008377798
0.0082587894
0.0077829773
0.0074734799
0.008425707
0.0099793581
0.0076901246
0.0029867118
-0.00061514423
-0.0030314331
-0.0021386093
-0.0020891744
-0.001662013
-0.00021505018
-0.00060194534
-0.0002327608
-0.0012719178
-0.0020348043
-0.0032666153
-0.005857662
-0.0095575937
-0.011984721
-0.013637003
-0.015990226
-0.019786032
-0.022920002
-0.027674005
-0.03171967
-0.034694411
-0.034037212
-0.032191234
-0.033206978
-0.035837551
-0.038723578
-0.03870391
-0.032146924
-0.027355211
-0.026428948
-0.025726983
-0.026332318
-0.025300848
-0.022775466
-0.018147568
-0.016311151
-0.014800467
-0.015572983
-0.013752435
-0.010621872
-0.0082619638
-0.0039818302
-0.00047710261
-0.00074218189
0.0022338261
0.0031770029
0.0044666889
0.0071528543
0.0090356868
0.012409576
0.012240823
0.012995355
0.013228146
0.011979292
0.0094173853
0.0082175295
0.0055073136
0.00068450642
-0.0030899699
-0.0070796301
-0.0090275969
-0.0087383388
-0.0111478
-0.012878945
-0.013207923
-0.013574754
-0.013873214
-0.015245531
-0.016120015
-0.014689667
-0.013685203
-0.013458362
-0.012269389
-0.010171907
-0.009205104
-0.0086333143
-0.0096355241
-0.0092516546
-0.0095939216
-0.0073164736
-0.0042626111
5.6946161e-05
0.0025221347
0.0020118723
0.002461586
0.0017601363
-0.0010030665
-0.00072566753
-0.00087379988
-0.00081868597
-0.0017736485
-0.0010544099
-0.0023937978
-0.0046046882
-0.0032573934
-0.0026436215
-0.0013127876
-0.00244089
-0.00010231298
0.00032860328
0.00095178805
0.00054893623
-0.00017291043
-0.00088117738
-0.00058768229
1.8004153e-05
-0.00071982362
-0.0011271195
-0.0010292465
-0.0013386932
-0.0018721178
-0.0005679501
0.0001396208
0.0034511476
0.006016369
0.0075512178
0.011252025
0.015358387
0.017769609
0.018757425
0.01818103
0.020746427
0.020387461
0.018237146
0.017909124
0.016703802
0.018579403
0.016703113
0.01470722
0.012533822
0.012975892
0.013485333
0.011939086
0.011818676
0.010463539
0.010242237
0.0075599569
0.0069834742
0.0067689332
0.0089189557
0.0084178352
0.012091451
0.013460113
0.007249065
0.0042589062
0.0031154419
0.0019526884
0.0014721719
0.0014123467
0.001702685
0.0015219621
0.0013735193
0.00029624533
-0.00099099812
-0.0023745258
-0.0037305023
-0.0046854479
-0.0071209748
-0.010584068
-0.012656721
-0.015779527
-0.01795043
-0.018893272
-0.021706273
-0.021757272
-0.022951268
-0.021704457
-0.024320394
-0.023907725
-0.02565451
-0.024549237
-0.021076169
-0.018596099
-0.017437356
-0.018625306
-0.018469574
-0.015630622
-0.013213739
-0.010965297
-0.0072830596
-0.0060603573
-0.0074444211
-0.0059424753
-0.0026166722
0.00072121283
0.0028602231
0.005270479
0.0064053473
0.0090799232
0.0097171196
0.010238099
0.011610001
0.013147464
0.014190517
0.015198324
0.014554022
0.013362563
0.010932962
0.0086245373
0.0062744937
0.0030202249
-0.00013061669
-0.0017362339
-0.0050738457
-0.0080499504
-0.0090803792
-0.010803604
-0.013453747
-0.015044394
-0.01480059
-0.016316278
-0.017181583
-0.017265036
-0.016492148
-0.014569038
-0.012695147
-0.011733567
-0.010952267
-0.0099035473
-0.0089690635
-0.0091027719
-0.0075295583
-0.0066845433
-0.0045400941
-0.00266395
0.001832071
0.0042042555
0.005527465
0.0061675311
0.003292708
0.0011710309
-1.7385776e-05
-0.00024354974
-0.00097783868
-0.0011711434
-0.0018022219
-0.0038636843
-0.0034648063
-0.0029241392
-0.0022594573
-0.0022801311
-0.0022532449
-0.0019416923
-0.0011533127
-0.0012120711
-0.001747513
-0.0028986629
-0.0034591035
-0.0032214304
-0.0023002887
-0.0024466413
-0.0042704975
-0.0051094385
-0.0059314124
-0.0063768568
-0.0058276082
-0.0052107622
-0.0033238901
-0.00080353579
0.0023092708
0.00620796
0.010540488
0.014617759
0.016404907
0.017764473
0.020135405
0.021099752
0.021607805
0.020267148
0.019270454
0.019302143
0.017459083
0.014845594
0.013698311
0.011396963
0.010246039
0.0083353592
0.0098448636
0.0085731928
0.0089749398
0.0084103845
0.0077226176
0.0076873995
0.0096831409
0.0094086342
0.011841969
0.012502169
0.0099982018
0.0089692715
0.0066997173
0.00689381
0.0054666583
0.0056227418
0.0035551173
0.0033651647
0.002861257
0.0030826918
0.002108789
0.0015736602
2.3360639e-05
0.00064549895
-0.001380495
-0.0041971832
-0.0066584497
-0.0084035666
-0.0097113666
-0.010809193
-0.012286406
-0.01298054
-0.013757786
-0.012914506
-0.013365305
-0.014910697
-0.013352328
-0.012569794
-0.011264401
-0.010634175
-0.01028416
-0.0095569293
-0.0081782731
-0.0069802997
-0.0058648924
-0.0040423969
-0.0013256583
0.0010153199
0.0004346128
0.0021776774
0.0040448182
0.0061348341
0.0081852112
0.0096052604
0.0098274714
0.010957218
0.01240862
0.012654646
0.013222535
0.013476628
0.013183975
0.012641282
0.011740768
0.010150154
0.0086155595
0.0068633944
0.0047737027
0.0025329661
-0.00017906414
-0.0020954103
-0.0050466797
-0.0086136411
-0.01109694
-0.012847432
-0.01392936
-0.016200888
-0.01622339
-0.017960538
-0.019533395
-0.019371205
-0.018241571
-0.016717786
-0.015315973
-0.0129807
-0.010859727
-0.0096365907
-0.0095749912
-0.0083137567
-0.0072327877
-0.0064510798
-0.0045621073
-0.0010403538
0.0014164946
0.0038155403
0.0043384743
0.0049241987
0.0046943863
0.0028136733
0.00024409334
-0.00070086103
-0.0016406176
-0.0037972661
-0.0033130506
-0.0032599974
-0.0021478991
-0.0027470024
-0.0013432277
-0.0015597407
-0.0019715141
-0.00221357
-0.0027472231
-0.0015045758
-0.00181703
-0.0030924932
-0.0032070637
-0.0030665725
-0.0031184126
-0.0034368987
-0.0035785343
-0.0045525563
-0.0055710079
-0.0075853816
-0.0090414117
-0.010052531
-0.010187841
-0.0087358812
-0.0063683328
-0.0025703649
0.0017169903
0.0060750736
0.010106122
0.014939902
0.01717055
0.020215117
0.021295392
0.020509942
0.02068798
0.018461296
0.016471462
0.015766162
0.015330314
0.012929791
0.010394361
0.0093256869
0.0090352526
0.0091307824
0.0094066717
0.0090484616
0.0092057278
0.0088566718
0.010210148
0.010452929
0.0099697344
0.011635253
0.012623947
0.01143325
0.011267866
0.0095774607
0.0091451264
0.0086987279
0.0077118039
0.0063008753
0.0059905413
0.00614846
0.0056896504
0.0051856431
0.0053292265
0.0059596131
0.0052387236
0.0033646198
0.00047352213
-0.0010703893
-0.0029155907
-0.0033563055
-0.0048399012
-0.0058707932
-0.0060035408
-0.0061019306
-0.006150571
-0.0075099313
-0.0050298607
-0.0041819901
-0.0054153455
-0.0047486528
-0.0050019087
-0.0040412672
-0.0015927363
-0.0017023873
-0.0015051763
0.00032370856
0.001182503
0.0024687338
0.0035173088
0.0053780383
0.0066639757
0.0079593506
0.0092868685
0.010449327
0.010247719
0.010089403
0.010070929
0.0099583673
0.0096002183
0.010068184
0.009634652
0.0087521208
0.0077978836
0.0065318633
0.0056926288
0.0046338648
0.0024824724
8.3671979e-05
-0.0026759623
-0.0042863626
-0.0056939523
-0.0096665492
-0.012273035
-0.013833909
-0.014429051
-0.01537993
-0.016834188
-0.016673799
-0.017485401
-0.017937518
-0.016867938
-0.015551964
-0.01475683
-0.013916307
-0.012160361
-0.010079173
-0.009426073
-0.0088432672
-0.0093604086
-0.0088943649
-0.0066542533
-0.0040147513
-0.0014713829
0.0010613621
0.0019911416
0.0032718886
0.0030101621
0.0027636586
0.00034926537
-0.0015515944
-0.0022210111
-0.0037690068
-0.0031755589
-0.0025206232
-0.001668187
-0.00073403956
-0.0010336204
-0.00020270234
-2.4578544e-05
-0.0011772151
-0.00098277909
-0.0018583638
-0.0017038853
-0.0016011678
-0.0026253343
-0.0030559284
-0.003353394
-0.0036522171
-0.0040154948
-0.0054087811
-0.0063543166
-0.0076068119
-0.0091524382
-0.01026742
-0.011258152
-0.01168916
-0.011392551
-0.010266097
-0.0073156279
-0.0029001444
0.00062025089
0.0045456634
0.010190524
0.01387684
0.016712144
0.017636974
0.018481562
0.013857038
0.013715964
0.012748824
0.012534647
0.012029708
0.011937772
0.010425442
0.010403688
0.0095871035
0.0096262007
0.009932699
0.0096670725
0.011342905
0.012480855
0.013148451
0.01225934
0.01522508
0.016581734
0.015875691
0.015514034
0.015034797
0.015167493
0.013120093
0.012107693
0.01137141
0.01010902
0.0095128866
0.0089533089
0.0086059153
0.0092762821
0.0096885098
0.010412965
0.0095428088
0.0076579298
0.0063386314
0.003597348
0.0026263003
0.001016592
0.00073695225
0.00039901124
0.00020667838
0.00023556482
0.00061055479
-0.00072447697
-0.00073811515
-0.0015126769
-0.0020930269
-0.0016636725
-0.001151766
0.0012599929
0.0010265227
0.0004038142
0.0004826921
0.0015179727
0.0025429054
0.0025445768
0.0041653366
0.0060737048
0.0068807004
0.0078125803
0.0079979761
0.0081888971
0.0088991158
0.0089546472
0.0078931068
0.0070825596
0.0072124624
0.0074147213
0.006910507
0.0054066629
0.0052296288
0.0042769321
0.003550686
0.0022261098
0.00062875857
-0.0014052829
-0.0032045735
-0.0055392618
-0.0084395924
-0.010505394
-0.012894504
-0.012903368
-0.012663204
-0.013264818
-0.012652535
-0.012380345
-0.012856672
-0.011050862
-0.011504213
-0.012095759
-0.011348218
-0.0092623413
-0.009232034
-0.0078601367
-0.0077660299
-0.0072817863
-0.0071642249
-0.0059049395
-0.0043702378
-0.0021394463
-0.00077872276
0.0020280215
0.0047559796
0.0024146663
0.0034093495
0.0020518575
0.00023359628
-0.00056080723
-0.0013103695
1.1321198e-05
-0.00052891391
-0.0013946391
-0.00047657826
-0.00010321196
3.2161731e-05
-0.00067999676
-0.0010788757
-0.00079132057
-0.0011378934
-0.0012512672
-0.00091105601
-0.0014864042
-0.0025824457
-0.0030097169
-0.0029619199
-0.0030400623
-0.0044025466
-0.006085423
-0.0067277911
-0.0077584839
-0.0082315098
-0.0089687777
-0.0092026051
-0.0096046969
-0.010063474
-0.008953128
-0.0065673815
-0.0039568974
-0.00060471756
0.0033141517
0.0060067221
0.00828131
0.011277496
0.013278824
