0.0045585223
0.0040674672
0.0034899883
0.0031586076
0.002498527
0.0014172476
0.0033560455
0.0097276968
0.014704546
0.014788975
0.01469811
0.014257835
0.012862538
0.0077669007
0.0059297013
0.0022976446
0.0018334576
0.0019185042
0.0025407584
0.006210849
0.0097456929
0.012769214
0.011314129
0.012119171
0.011213104
0.0085880321
0.0070177594
0.0037183258
0.0015471845
0.0011775235
0.0017659647
0.0014194717
0.0010974779
-0.00051001293
-0.0029859602
-0.0043629959
-0.0042765851
-0.0060976161
-0.0089756364
-0.011292286
-0.011828353
-0.012493827
-0.014180437
-0.016419581
-0.0189229
-0.021243294
-0.020877522
-0.01995507
-0.020219839
-0.021370345
-0.021395327
-0.021975327
-0.027053625
-0.030914563
-0.031527697
-0.030386829
-0.027216676
-0.02267877
-0.017792576
-0.015753603
-0.016920834
-0.019157176
-0.019498443
-0.021008379
-0.019413068
-0.017394525
-0.01780681
-0.018121024
-0.019614774
-0.021399209
-0.021827675
-0.020583094
-0.02038023
-0.018254747
-0.015049425
-0.012407463
-0.0088161576
-0.0057196814
-0.0022515607
-0.0014182694
-0.00090982706
5.7554865e-05
0.0025212938
0.005558796
0.010317246
0.012894949
0.012877023
0.011589892
0.0066808583
0.005741418
0.0065236325
0.0085955688
0.010980563
0.014130568
0.013511174
0.011329094
0.0080541649
0.0056474042
0.0024083262
0.001335926
-1.3885354e-05
-0.00033061211
-0.00057838702
-0.0007567492
-0.00049459302
-1.4786486e-05
-0.00032082515
-6.7786111e-05
-0.00030136852
-0.0010698127
-0.00073988209
-0.0016539487
-0.0024197593
-0.0016230553
-0.0016227773
-0.0015463838
-0.0003958041
0.0019606059
0.0030150265
0.0070716193
0.00976586
0.010385937
0.01113489
0.01344961
0.014267097
0.011673965
0.012210659
0.015812584
0.016492688
0.015585145
0.0148694
0.014121388
0.013020314
0.009858493
0.0077579973
0.0067726004
0.0058900224
0.0055305112
0.0050163782
0.0047798898
0.005005947
0.0045257106
0.0044752458
0.0045082211
0.0052690501
0.0056617072
0.0049968266
0.0047685509
0.003060548
0.0036098683
0.0084551727
0.013496913
0.016422541
0.016688765
0.014223613
0.011479358
0.0096092628
0.009160064
0.0032872479
0.00034049071
0.00039043695
-0.0019774283
9.3183129e-05
0.0049088219
0.0095655212
0.011383936
0.0087398217
0.0092276954
0.012275808
0.0097801898
0.0056829446
0.00078906182
0.00064320649
0.0015300774
0.0016385554
-0.00077615525
-0.0025558134
-0.0059400699
-0.0089131167
-0.0098525657
-0.0099245846
-0.011343026
-0.01479584
-0.018411127
-0.020680103
-0.024010421
-0.026920474
-0.02997192
-0.033779536
-0.036025229
-0.035391265
-0.037040623
-0.036327713
-0.033935886
-0.033375859
-0.035285111
-0.039713171
-0.041481539
-0.04003885
-0.038609116
-0.034268192
-0.028667531
-0.024147433
-0.023373224
-0.022021347
-0.020574391
-0.019710716
-0.019360521
-0.016399456
-0.015781348
-0.014262602
-0.013047448
-0.014550752
-0.015270372
-0.015193014
-0.012205978
-0.01035616
-0.0090485822
-0.0055285527
-0.001667296
0.0012185052
0.004900023
0.0084482107
0.011333523
0.010884905
0.011929517
0.014130487
0.014813511
0.016384635
0.017158761
0.014005466
0.011955151
0.010806639
0.010377937
0.012153069
0.014374495
0.014665423
0.014133246
0.012175726
0.0084236104
0.0058658801
0.0032246772
0.00041135908
1.512519e-05
-0.00052771245
-0.00067004848
0.00019185501
0.00053524615
0.00054732861
0.00088429732
0.00076617006
0.00057087815
-0.00055211913
-0.00157036
-0.0017010213
-0.0026091019
-0.0033124723
-0.0032507926
-0.0015404357
-0.0010626744
-0.00082377478
0.002901128
0.0079706117
0.012984431
0.012266025
0.016336685
0.018241828
0.0188262
0.019389675
0.019041151
0.018492381
0.019102109
0.018899826
0.016888515
0.013965786
0.011571168
0.010902658
0.0081211545
0.0068297134
0.0064005348
0.0065517387
0.0064967564
0.0063522351
0.0061498262
0.0059082503
0.0059982236
0.0051515837
0.0051661286
0.0071486226
0.0067717057
0.0069256384
0.0070139138
0.0055242877
0.0041708122
0.0096928066
0.013229103
0.013601597
0.016141699
0.016517702
0.01199558
0.0085257535
0.0071832552
0.0072208979
0.0054463271
0.0023715557
-0.0033522645
-0.0046365334
0.00017085141
0.00871464
0.0097671671
0.0080021317
0.0092603735
0.01091535
0.0080203343
0.0036610325
0.00060543655
0.0012328754
0.0037797553
0.003214957
0.00041879659
-0.004512294
-0.010244498
-0.014714606
-0.016736243
-0.01714546
-0.020893388
-0.024004154
-0.028598383
-0.032473775
-0.038547503
-0.043283433
-0.047408214
-0.049766704
-0.052210039
-0.054336077
-0.057935717
-0.059947981
-0.054030608
-0.051078713
-0.051651818
-0.048970581
-0.049889558
-0.051549093
-0.049746256
-0.040744052
-0.030997612
-0.031928282
-0.030548556
-0.027257292
-0.023839422
-0.01967476
-0.019841326
-0.01706669
-0.015587375
-0.012134061
-0.0093914116
-0.0072919094
-0.0052808165
-0.0050615008
-0.0030148943
0.00097285229
0.0047267991
0.0097970739
0.011672304
0.012842441
0.015841228
0.019836707
0.022364741
0.021907768
0.023151765
0.024041423
0.023643763
0.020451139
0.018438592
0.017199459
0.016483747
0.014789012
0.013098853
0.013764434
0.012792142
0.011103872
0.0095192616
0.0067976888
0.0039214016
0.0010803655
-0.00037288277
-0.00080253459
-0.0014107034
-0.0008217686
0.00017112365
0.0016988979
0.0015674122
0.0019146502
0.0022174138
0.0025813222
0.0018856268
0.001591723
-5.512507e-05
-0.00081712235
-0.0024806718
-0.0013312613
-0.0039286907
-0.0046806481
0.001596901
0.0063368423
0.011445495
0.01208864
0.013032353
0.010097273
0.017025902
0.019490382
0.02158345
0.018226755
0.019988191
0.020167965
0.017707761
0.015256756
0.012489486
0.0090790228
0.0076308885
0.006075273
0.0056323657
0.0062011387
0.0063436682
0.0061836253
0.0069556106
0.0071888617
0.00689403
0.006729851
0.0066650127
0.0065153236
0.0067786738
0.0073574963
0.007387842
0.0086906721
0.0091718661
0.0079555648
0.0080970122
0.01342358
0.018507441
0.015726573
0.016941874
0.017295649
0.014443514
0.013752015
0.010522003
0.0064536495
0.0038532156
0.0026190919
-0.0024085029
-0.0030398579
0.00095697362
0.0062945305
0.0071690784
0.0069888254
0.010354533
0.010938437
0.0087738037
0.0055973008
0.0054854364
0.0035453087
0.0059359506
0.0061708337
0.0037432088
-0.0025101477
-0.010755952
-0.014377032
-0.018733662
-0.02307901
-0.026743764
-0.030087454
-0.036063211
-0.04456455
-0.049966753
-0.054145654
-0.060416958
-0.063963308
-0.06962718
-0.074751026
-0.079341262
-0.081621776
-0.077186672
-0.072954602
-0.067683261
-0.061344238
-0.058933223
-0.06159222
-0.061882275
-0.050053926
-0.042263855
-0.044960384
-0.038832888
-0.033775805
-0.030731348
-0.026214367
-0.022056183
-0.01958837
-0.017207072
-0.012170984
-0.0063802954
-0.0016187119
0.0039734571
0.0071327993
0.010453126
0.014107855
0.019588424
0.024936842
0.024229868
0.025714865
0.029936375
0.03346566
0.035295717
0.033755498
0.032340005
0.031267879
0.027802871
0.024353857
0.021978139
0.020115598
0.017171357
0.015230145
0.0122189
0.010492218
0.0087196704
0.0064324509
0.0052656823
0.0033103927
0.0015101512
0.00063337703
0.00012022436
-0.00011274764
-0.00030277886
0.00047715845
0.0011908136
0.0020200003
0.003308765
0.0046698554
0.0047227081
0.0050846265
0.0047561116
0.004604038
0.0032854624
0.0026079841
0.0014047323
0.0031088688
0.0019032826
0.0056046757
0.008508948
0.010327645
0.010984548
0.0099496006
0.01057549
0.01084506
0.016593196
0.01752612
0.017317029
0.016693127
0.015453904
0.016540299
0.013830427
0.0095728606
0.0060064724
0.0025511634
0.0016535873
0.0012702845
0.0026751008
0.0042972949
0.0054884439
0.006496892
0.0071870416
0.0061413108
0.0066891671
0.0074973905
0.0074782829
0.0077912798
0.0074661858
0.0087241724
0.0091698801
0.010526014
0.011412651
0.011553545
0.013981397
0.021759141
0.024033347
0.021283288
0.019447759
0.017809335
0.016237363
0.015700009
0.012977709
0.0045662938
0.0014868657
0.001509855
-0.00020438928
0.0012342316
0.0053190413
0.0090701056
0.011012546
0.0093516846
0.011685063
0.010292223
0.0094754589
0.010078679
0.0088973423
0.0068864637
0.0054048896
0.0045610493
0.00096510277
-0.0018807055
-0.0092141671
-0.018686871
-0.023888235
-0.028256535
-0.033221147
-0.039792637
-0.045896789
-0.054754059
-0.05802979
-0.060309811
-0.067337733
-0.074458068
-0.081647929
-0.084337135
-0.084839227
-0.085221442
-0.086890696
-0.083857171
-0.084737912
-0.079536925
-0.076164298
-0.072978572
-0.065294804
-0.057389153
-0.052926113
-0.049536834
-0.044579782
-0.040952515
-0.040119491
-0.033484866
-0.028737655
-0.022225207
-0.017151741
-0.010852627
-0.0041272036
0.0037742495
0.011385335
0.015298967
0.021841222
0.027325941
0.028989849
0.033327463
0.034930021
0.037164623
0.040081081
0.040359999
0.041188978
0.035392395
0.031683893
0.027529614
0.025127847
0.019894512
0.019899178
0.019001331
0.015188244
0.012507129
0.009115355
0.0076864269
0.0049949535
0.0035847544
0.0020352581
0.000293274
8.1219942e-05
-8.8742325e-05
-0.00023640969
7.0280393e-05
0.0014059521
0.0020589783
0.0027435438
0.0032575664
0.0040749588
0.0048848399
0.005255124
0.0056024918
0.0063587225
0.0062973965
0.0063142241
0.0057733123
0.005639156
0.005915014
0.0056821065
0.0083542503
0.0092084345
0.0091067882
0.0098100207
0.0097175958
0.010075872
0.011635166
0.012713224
0.013396636
0.01542048
0.014540339
0.013700419
0.014129084
0.012624814
0.0087988666
0.0037720029
0.00021094519
-0.00099772829
0.00053344462
0.0023046076
0.0040214212
0.00597832
0.0059991321
0.006069033
0.0061289162
0.0074135341
0.0078535612
0.0087257398
0.0081153234
0.0087523469
0.010726974
0.011768368
0.012090764
0.015907844
0.016876802
0.022384446
0.025581618
0.02595125
0.020401986
0.020095705
0.017526243
0.020545663
0.016844589
0.0090072066
0.00019340061
-0.003073672
-0.00056365462
0.0024925934
0.0090497616
0.012643992
0.017714621
0.016105335
0.016444422
0.013244604
0.011185874
0.010700304
0.0081974728
0.0056556935
0.0055824833
0.00086943008
-0.0021477286
-0.005524933
-0.0067522316
-0.010782826
-0.018987569
-0.025451825
-0.031033338
-0.037652091
-0.047998306
-0.058050739
-0.064605971
-0.068592957
-0.067393825
-0.061912404
-0.062516546
-0.0697358
-0.080895514
-0.081512654
-0.079815786
-0.075914631
-0.076214216
-0.074868583
-0.068955779
-0.065444906
-0.054584626
-0.047667125
-0.041366523
-0.047517382
-0.051679685
-0.048744771
-0.044113348
-0.040485444
-0.029616104
-0.024511755
-0.021864839
-0.013320741
-0.0053317772
0.0039894192
0.011232587
0.017652154
0.023056957
0.029036734
0.034638026
0.0386424
0.039631704
0.039798805
0.041770134
0.042562456
0.040679684
0.039753241
0.035333305
0.030094789
0.026469476
0.022331915
0.020242784
0.016398982
0.014276083
0.01090027
0.0094021853
0.0073817808
0.0067384753
0.0059449219
0.0045273854
0.002868635
0.0012432575
0.0005729906
-9.4838246e-05
0.0004780401
0.0018988108
0.0027677906
0.0034667381
0.0034723687
0.0035948493
0.0036636996
0.0043006665
0.005180574
0.0053675471
0.0064128664
0.0075965413
0.0086782307
0.0095595245
0.0087951705
0.01135944
0.012953355
0.0084173941
0.0073188618
0.0067904383
0.0067745978
0.0080987929
0.0099713598
0.01396292
0.015527045
0.016626115
0.015234656
0.015934699
0.016484371
0.017723711
0.016527402
0.01365317
0.0070490702
0.0011928152
0.0012963003
0.0033472156
0.0058942437
0.0064471766
0.0070235592
0.0067761877
0.0077014512
0.0075601507
0.0088435711
0.0090494252
0.010494743
0.010677563
0.011448723
0.014414453
0.015836189
0.016562354
0.017904247
0.018542549
0.022342411
0.025106763
0.022510257
0.01977936
0.019376692
0.018050385
0.020051739
0.014832825
0.0079090031
-0.0038468533
-0.0098584259
-0.0056530352
0.0012862369
0.0082574049
0.012918393
0.016951827
0.016752525
0.01362162
0.011591416
0.011117424
0.010283393
0.0074168552
0.0044318856
0.0004906549
-0.0010144286
-0.0050252622
-0.0078367946
-0.012886386
-0.015430583
-0.020393745
-0.02934796
-0.037439096
-0.046240433
-0.058768679
-0.06698557
-0.071001853
-0.068328251
-0.062803577
-0.062956279
-0.064419266
-0.068569135
-0.06886322
-0.065514333
-0.057236219
-0.064250059
-0.06704806
-0.060900574
-0.056647049
-0.047124462
-0.038369385
-0.037023589
-0.034774937
-0.042135668
-0.044655365
-0.037404848
-0.03255312
-0.027832349
-0.028223869
-0.022581928
-0.01222649
-0.0034201058
0.0045230901
0.011509652
0.018755848
0.024262443
0.029972859
0.033533798
0.036961078
0.041813266
0.0426544
0.040250082
0.040932981
0.038529888
0.037322329
0.03466603
0.030615183
0.028767961
0.024320799
0.020955447
0.018548445
0.014497531
0.013437278
0.010149932
0.0086705082
0.0075283693
0.0074803914
0.0070418453
0.0050307251
0.0036828175
0.0031382742
0.0025789943
0.0025791929
0.002658957
0.0037598546
0.0045766273
0.0053998322
0.0054328556
0.0058370052
0.005935221
0.0060764113
0.0060221547
0.007018999
0.0068379441
0.0081354917
0.010516901
0.013077199
0.01429211
0.017340571
0.014525264
0.0068928264
0.0059611006
0.0070809298
0.0085764871
0.0092953443
0.011878657
0.014816035
0.021343143
0.024002127
0.022311876
0.020397076
0.016843526
0.017377406
0.017661097
0.014736767
0.0075312974
0.002678898
0.0042632424
0.0039943125
0.0060377049
0.0081759934
0.0090299725
0.0088068336
0.009278194
0.0088155978
0.010271134
0.010018275
0.011170712
0.012996596
0.01281992
0.016920649
0.01980135
0.019566495
0.017966189
0.01665078
0.019849325
0.019695802
0.017454109
0.020108209
0.021329515
0.021623604
0.022974902
0.019586518
0.012018029
-0.0029384099
-0.0085818308
-0.0047849815
0.00092402988
0.0065065638
0.01065311
0.014649319
0.016387787
0.016998215
0.017326335
0.015530214
0.016673251
0.016979034
0.015600211
0.013329616
0.010819738
0.0060672078
0.00060689105
-0.0041419118
-0.013114525
-0.019024883
-0.026836461
-0.037457859
-0.048206895
-0.055684367
-0.059140657
-0.05504494
-0.053224569
-0.050378402
-0.049888585
-0.04807232
-0.052625175
-0.051206686
-0.047840911
-0.051347046
-0.049454304
-0.045531255
-0.04420693
-0.040554323
-0.034629832
-0.03292847
-0.039455745
-0.041903034
-0.04261611
-0.037637794
-0.034435728
-0.025727139
-0.021270544
-0.016397967
-0.0098421066
-0.0015524408
0.0049042535
0.010774634
0.017641461
0.019706025
0.024416073
0.028762809
0.031096131
0.034965054
0.037509438
0.035128516
0.034598247
0.032351002
0.030386186
0.02853254
0.026855021
0.025153379
0.02258689
0.020511812
0.01777973
0.015874269
0.014320501
0.012397577
0.011746631
0.010526807
0.0089840386
0.0087102499
0.0074669561
0.0070622036
0.0063682483
0.0060290619
0.0067863165
0.00727384
0.0074316444
0.0072607933
0.0070610965
0.0079070857
0.0077627558
0.0075194045
0.0076462954
0.007816061
0.007985137
0.0089814685
0.01007246
0.010236765
0.011103904
0.01180179
0.015483621
0.01881979
0.0091840411
0.0050596836
0.0072716266
0.0079726584
0.011252342
0.010706656
0.013943469
0.018860408
0.024059677
0.025162236
0.023871499
0.021950043
0.021165281
0.020947961
0.019855058
0.011740772
0.0065052313
0.0055488219
0.0062594891
0.0079025171
0.0083278387
0.0088734775
0.010898884
0.010732144
0.011871528
0.011064334
0.012307364
0.012703206
0.014582664
0.015569181
0.016432144
0.017967062
0.019842026
0.019431233
0.015024526
0.015518491
0.016842273
0.017765868
0.018191836
0.019594978
0.022627187
0.023885181
0.02373467
0.019126567
0.012236021
0.0012161345
-0.0045329752
-2.2562431e-05
0.0025383537
0.0046713545
0.0067183446
0.01055727
0.014937921
0.01831974
0.02110583
0.022510951
0.023001829
0.024343041
0.022845168
0.023297576
0.019355318
0.015996571
0.011348964
0.0054720481
-0.001948722
-0.0098932022
-0.019770837
-0.030192545
-0.040098182
-0.043739091
-0.045328251
-0.043063217
-0.047230151
-0.048686109
-0.04756667
-0.046145905
-0.048857496
-0.051144498
-0.045267634
-0.046523457
-0.044373423
-0.047056308
-0.043626377
-0.044973762
-0.043855861
-0.04402622
-0.041110813
-0.038739912
-0.036709557
-0.03242207
-0.028203603
-0.022581567
-0.016726611
-0.013598274
-0.0080876815
-0.0027368978
0.003514537
0.0088161399
0.012094335
0.013612087
0.016735912
0.018714411
0.021879795
0.023269445
0.024961204
0.024098284
0.02445414
0.022895451
0.020218734
0.019605272
0.017110559
0.016928044
0.015240145
0.015414004
0.013549737
0.012410084
0.011434975
0.0094573506
0.0084944758
0.0086001951
0.0080681844
0.007109504
0.0076233515
0.0075287799
0.0063508204
0.0064073751
0.0074673594
0.0078357334
0.0078308285
0.0082144112
0.0088338407
0.0088943556
0.0085931623
0.0084049601
0.0082829203
0.0082668182
0.0080936282
0.0090190336
0.0095077031
0.0090816926
0.0082552804
0.0074519732
0.011417225
0.014805984
0.0090527046
0.0043295412
0.0047096799
0.0080748866
0.011824202
0.013275658
0.014724589
0.015732204
0.017099472
0.019241245
0.019071904
0.017949608
0.016830538
0.014102416
0.010181868
0.0068450818
0.005655161
0.0070160159
0.0081756938
0.010784387
0.010480061
0.010232046
0.011950373
0.013241388
0.01391477
0.013904995
0.013975331
0.015905761
0.016833532
0.018256736
0.018313675
0.018490449
0.019369088
0.020547151
0.01630117
0.017041376
0.019130188
0.018918663
0.021505592
0.021152778
0.022548672
0.02633789
0.025340418
0.020948377
0.01295733
0.0028878071
-0.0016349936
0.0011261491
0.0034023817
0.0039771043
0.005744804
0.0086999878
0.012610664
0.01672163
0.019758357
0.023091781
0.021806129
0.022018888
0.020610842
0.019521203
0.017514783
0.016049419
0.011320123
0.0084190946
0.0044028838
-0.0047606095
-0.013607779
-0.025293179
-0.033668218
-0.038701826
-0.038119785
-0.042591274
-0.047233218
-0.045475412
-0.048386284
-0.046515559
-0.047465153
-0.048585986
-0.039850109
-0.040589962
-0.042761819
-0.042981544
-0.041963245
-0.04440675
-0.039940913
-0.038824131
-0.036360847
-0.035395134
-0.034237181
-0.031342307
-0.026815237
-0.022817788
-0.017493281
-0.016441131
-0.012600278
-0.0076812161
-0.0049020505
-0.0035120313
-0.0019558124
0.0021726871
0.0025925342
0.0070369927
0.010142159
0.011583178
0.015228387
0.01575853
0.014135519
0.012633428
0.011623083
0.01034309
0.0099259906
0.010463338
0.0096865876
0.00880952
0.0081886096
0.0064348189
0.0066338208
0.0052484795
0.004650414
0.0049397315
0.0051376092
0.0046261493
0.0049022744
0.0042170475
0.0036871739
0.0036957838
0.0049833352
0.0039883239
0.0034750673
0.0047380975
0.0051388531
0.0057513147
0.0049723798
0.0041347199
0.0041688748
0.0047397295
0.0051695424
0.00556388
0.0051952049
0.0045258429
0.003956119
0.0040893731
0.0061061249
0.0075892159
0.0063699295
0.0023216188
-0.00015794077
0.0042526391
0.0063481778
0.01121063
0.012529172
0.0099094235
0.0090290905
0.010309751
0.010632586
0.01013827
0.0086376288
0.0056194418
0.0036205767
0.0036477599
0.0029531176
0.0064400739
0.0096089665
0.0097482521
0.0088713127
0.011780119
0.013068256
0.013971932
0.014552964
0.017541106
0.015400664
0.016519126
0.019902185
0.020298152
0.020431904
0.020436562
0.021370719
0.021655911
0.019421999
0.019100651
0.01974191
0.020633505
0.021127012
0.020170964
0.022435785
0.022154809
0.02240024
0.020596273
0.014340826
0.0058424539
-0.00097893608
-0.0016735114
-0.00090797779
-0.00079016556
0.0004034076
0.0023959288
0.0050504251
0.0079717072
0.012025326
0.015452081
0.016150849
0.016097315
0.014658345
0.012543157
0.01042795
0.0077007046
0.006165865
0.00089403843
-0.0035507215
-0.0079021188
-0.017990126
-0.026159199
-0.033236527
-0.037351189
-0.041024149
-0.043769943
-0.045517434
-0.0500413
-0.054387968
-0.05310926
-0.05107982
-0.044207244
-0.04099394
-0.039878256
-0.040754488
-0.041650758
-0.040738082
-0.037684691
-0.034824471
-0.032516891
-0.030865577
-0.026944566
-0.026604807
-0.025363983
-0.022192907
-0.019207428
-0.019057318
-0.018428409
-0.015470914
-0.012174004
-0.0096802627
-0.0092565092
-0.0053475578
-0.0040371744
-0.0023570869
-0.00022374734
0.0033041043
0.0049148056
0.0073060077
0.0095463092
0.0078309308
0.0074064353
0.0054168958
0.0027932122
0.0030504067
0.0026919881
0.0024975655
0.00122928
-0.00045005432
-0.0022890075
-0.0019776341
-0.0028554091
-0.0024364957
-0.002801826
-0.0027605826
-0.0034577206
-0.0037243223
-0.0035345867
-0.0036078394
-0.0024394255
-0.0014658264
-0.0019599763
-0.0035448381
-0.0022498684
-0.0012380793
-0.0021351482
-0.0012325719
-0.00021813119
-0.00056653275
-0.001561116
-0.00069645981
-0.0007656804
0.00011857731
0.00021659715
0.0013704797
0.0031546848
0.0024666049
-0.00042659844
-0.001454544
0.0008382879
0.00014750663
4.5552939e-05
0.00080539489
0.0039083228
0.0073373161
0.0058176152
0.0035386928
0.002882873
0.003377702
0.0028827181
0.0021051432
0.00086454625
2.4791209e-05
0.00051720766
0.0023175139
0.0038602341
0.0043242686
0.0067707699
0.0088799211
0.0086916328
0.010698149
0.013044896
0.01552106
0.017800567
0.017197294
0.016619913
0.018065166
0.018578463
0.018952832
0.017076429
0.016477261
0.015155901
0.016734516
0.016829082
0.015470144
0.016047869
0.013954201
0.013816585
0.014506674
0.01345065
0.012794242
0.012116527
0.011775721
0.0093113609
0.0054669189
0.0023223426
0.00037048727
-0.0014252763
-0.0012909069
-0.00055953446
0.0010940473
0.0026178669
0.0042019487
0.0057809708
0.0077616813
0.0074463301
0.0075940705
0.006265981
0.004249645
-0.00093930125
-0.0039500655
-0.0075148422
-0.01025597
-0.013886121
-0.021884515
-0.028303095
-0.034534886
-0.038845594
-0.043510761
-0.043580723
-0.045299658
-0.047764483
-0.052027248
-0.053027869
-0.044819568
-0.042103975
-0.039314273
-0.036600381
-0.036293765
-0.036314155
-0.034670205
-0.029011807
-0.028521078
-0.027455163
-0.02423448
-0.021729582
-0.018985225
-0.01654045
-0.014138988
-0.011213365
-0.0083924097
-0.0075694434
-0.0068283186
-0.0046879254
-0.0027540396
-0.00098100794
0.0026297607
0.003513238
0.0057490232
0.0085704767
0.010943707
0.012136938
0.0099572791
0.0098717845
0.0056282133
0.0021091973
-0.00057093628
-0.0025017507
-0.0020928547
-0.0045096456
-0.006803912
-0.0097542181
-0.010419212
-0.010239782
-0.011558542
-0.01472193
-0.014600079
-0.014257629
-0.014958859
-0.014271581
-0.014355074
-0.01195806
-0.012459161
-0.011736553
-0.010624483
-0.0083211893
-0.0081202161
-0.004736027
-0.0032757729
-0.0023175789
-0.0026500619
-0.0012780227
-0.0013598157
-0.0019553944
-0.0013709101
-0.0012800422
-0.00034979823
0.0014650725
0.0018857208
0.0020382495
-0.0002340319
-0.0038209218
-0.0058332179
-0.0042318416
-5.210695e-05
0.00044553844
0.0013264229
0.0022955305
0.0034840591
0.0022351101
0.0016925818
0.0011145173
0.0012140115
-0.00071647124
-0.00095876172
-0.0011474564
-0.0018263978
-0.00011641849
0.001593029
0.0024239773
0.0035777849
0.005534209
0.0083876311
0.010187757
0.012038405
0.013498545
0.016295964
0.017343914
0.017634733
0.016893437
0.016466568
0.016375042
0.015587932
0.015287521
0.013179306
0.012861528
0.012884322
0.012737493
0.014195892
0.014449268
0.011805281
0.010430355
0.0092567752
0.0094505601
0.0088405592
0.0085125449
0.0088120073
0.010201195
0.012212209
0.0093437642
0.0046880381
0.0011535442
-0.0014149457
-0.00023697316
0.00057806724
0.0012979137
0.0028756504
0.0024338878
0.0034953088
0.0027115738
0.0024209782
0.0016484608
-0.00058439757
-0.0041204752
-0.0071971692
-0.0094051986
-0.013030137
-0.017477243
-0.021370758
-0.026706339
-0.030892404
-0.033892037
-0.034312925
-0.034161755
-0.036326688
-0.039358727
-0.043258081
-0.044144205
-0.038309204
-0.032504255
-0.030643626
-0.028623657
-0.029098779
-0.029328477
-0.02686271
-0.021609084
-0.018964158
-0.016705937
-0.017170699
-0.016012825
-0.013162846
-0.0109926
-0.0060351643
-0.0019080012
-0.0013574823
0.0013322634
0.0021213204
0.0029862567
0.0058072627
0.0078344944
0.011591098
0.011915011
0.013166341
0.014333958
0.013804671
0.011881396
0.011327827
0.0091994296
0.0049631911
0.0011522631
-0.003271969
-0.0056658646
-0.0058410294
-0.0084292276
-0.011050797
-0.012162442
-0.012922597
-0.01332802
-0.015351061
-0.016671733
-0.01588286
-0.015152984
-0.015722484
-0.014679005
-0.01327745
-0.012956043
-0.012679998
-0.013168025
-0.012126118
-0.012479055
-0.0097681635
-0.0068634617
-0.0021061069
0.0014104276
0.0017755854
0.0021570173
0.001222
-0.0015869425
-0.0016315628
-0.0016658892
-0.001194722
-0.0017755866
-0.0011743698
-0.0022639867
-0.0051517421
-0.0046524741
-0.0036219948
-0.00083659678
-0.00297911
-0.0011974486
-0.0012293241
-0.0007725751
-0.0013275629
-0.0027192888
-0.0033585525
-0.0033990646
-0.0024152935
-0.0029190698
-0.0035730757
-0.0033128133
-0.0035764149
-0.004318439
-0.003243554
-0.0028330237
0.00018350442
0.0024216211
0.0040092305
0.0077766647
0.011846698
0.014763424
0.015981758
0.015736512
0.018764959
0.019206027
0.017664636
0.016904997
0.015530131
0.017095237
0.015703404
0.013313872
0.011256754
0.011487552
0.012495142
0.010948094
0.010735844
0.010022454
0.010203897
0.0079241832
0.0074705595
0.0070913656
0.0094230869
0.0091958801
0.012738195
0.014170403
0.0086341962
0.0053874344
0.004116197
0.002968051
0.0026790435
0.0030113668
0.0035960666
0.0038240716
0.0038562086
0.003313612
0.0021724507
0.001055786
-7.144346e-06
-0.00082656257
-0.0035085351
-0.0073862721
-0.010911722
-0.015219275
-0.018048948
-0.019130656
-0.02221606
-0.022001355
-0.02382328
-0.023984596
-0.026859265
-0.02734972
-0.029784242
-0.028948423
-0.025465856
-0.022111506
-0.020116735
-0.020591292
-0.0206088
-0.018564943
-0.016430156
-0.013975457
-0.0099411993
-0.0081609539
-0.009579363
-0.008451056
-0.0047330951
-0.0012954266
0.0011772845
0.0039319653
0.0049050352
0.0075036835
0.0082013838
0.0087960864
0.010010294
0.011872284
0.013248651
0.014755026
0.014717049
0.014650539
0.012258014
0.010506501
0.0088393941
0.006483288
0.0033840987
0.0016787758
-0.0012669952
-0.0049452714
-0.0063014917
-0.0081303609
-0.01096214
-0.01297733
-0.01361026
-0.015860975
-0.017444535
-0.018260256
-0.018274466
-0.016647673
-0.015008944
-0.014359028
-0.013800015
-0.012679731
-0.01204495
-0.012470266
-0.010587538
-0.009567189
-0.0068526814
-0.0051097935
-0.00013091501
0.0028331158
0.0045021604
0.005243447
0.0022048132
0.00035925598
-0.00063181515
-0.0010552328
-0.0015829462
-0.0019438371
-0.0026099813
-0.0047586278
-0.0042700384
-0.0034615729
-0.002488178
-0.0018779388
-0.0019345435
-0.0021928967
-0.0019682744
-0.0024747702
-0.0032645099
-0.0046564645
-0.0054559576
-0.0052065049
-0.0044809381
-0.0045299283
-0.0062480728
-0.0070624166
-0.0078417544
-0.0086412363
-0.0081948857
-0.0078944819
-0.0064964673
-0.004265532
-0.0016231572
0.0020101078
0.0063808595
0.01092464
0.013119188
0.014212006
0.016987309
0.018857041
0.019985219
0.019014504
0.017823875
0.017924415
0.016313317
0.013782819
0.012658073
0.010287209
0.0093959079
0.0073767338
0.008752295
0.0074134255
0.0078872185
0.0077471717
0.0073473511
0.0074208699
0.0096491633
0.0091193671
0.011478243
0.012378186
0.010109391
0.0093559592
0.0070469617
0.0070293115
0.0058263764
0.0062274857
0.0047157673
0.0045290762
0.0042288443
0.0048923843
0.0041500447
0.003926812
0.0024488482
0.0023154057
0.00067648982
-0.0017595819
-0.0051618271
-0.0081787212
-0.010343293
-0.011818124
-0.013276899
-0.013917873
-0.014727197
-0.014531716
-0.015865452
-0.017529302
-0.016562271
-0.015485942
-0.013770914
-0.012831552
-0.012177437
-0.011133407
-0.0096542359
-0.0088465146
-0.0078197761
-0.0062269295
-0.0038394416
-0.0010793364
-0.0014914781
0.00018986454
0.0025976822
0.0050097402
0.0072567466
0.0087658813
0.0087368963
0.0095739753
0.010836825
0.011269602
0.012288129
0.012838715
0.013084964
0.012962048
0.012429995
0.010995987
0.0095094213
0.0081211612
0.0065310997
0.0049773653
0.0024961553
0.00058283329
-0.0017294353
-0.0052347493
-0.0080379648
-0.0099074061
-0.010520709
-0.013154766
-0.014183063
-0.016732462
-0.01909883
-0.019824988
-0.019717995
-0.018183179
-0.017313672
-0.015297034
-0.013300958
-0.012346798
-0.012567869
-0.011262012
-0.010009777
-0.0086480697
-0.0068016648
-0.0028176724
0.00041634652
0.0032433949
0.0037663561
0.0038623789
0.0038530623
0.0018453795
-0.00034355022
-0.0011931547
-0.002198881
-0.0045590068
-0.0042645374
-0.004267301
-0.0030537453
-0.0032728251
-0.0015620224
-0.001155709
-0.0018533814
-0.0022098335
-0.0028209325
-0.001657333
-0.0023583342
-0.0038288281
-0.0042218465
-0.0042766578
-0.0044738479
-0.0049002948
-0.0051565688
-0.0061116795
-0.0069263971
-0.0090632244
-0.010440972
-0.011688654
-0.012527897
-0.011255839
-0.0095002322
-0.0059761536
-0.0017242526
0.0025413575
0.0060126077
0.01084707
0.013142272
0.016639438
0.018569791
0.018067826
0.019082937
0.016349883
0.014766197
0.01420461
0.013889909
0.012196068
0.009711279
0.0083000128
0.0080766021
0.0084688861
0.0085247503
0.0082015672
0.0083858437
0.0079747632
0.009193775
0.0097837725
0.0093229466
0.010851452
0.012152102
0.011141578
0.01088678
0.0093304689
0.0088405645
0.0086772945
0.0076903642
0.0064748094
0.0062650671
0.0068071439
0.006499395
0.0064049539
0.0060979418
0.0062689916
0.0051918438
0.0038142447
0.0013479554
-0.00084982764
-0.0031135912
-0.0040526191
-0.0057469129
-0.0065911966
-0.0065482062
-0.0073071992
-0.0078913425
-0.0096277456
-0.0077708737
-0.0066380457
-0.0073917779
-0.006268801
-0.0062045921
-0.004984114
-0.0023130918
-0.0023669192
-0.002565755
-0.0012690819
-6.4313962e-05
0.0011330612
0.0023384851
0.0045975198
0.005985092
0.0070893289
0.0088296226
0.010098966
0.0098402939
0.0093323503
0.0092780356
0.0092268116
0.0089895876
0.0096071325
0.0097320903
0.0093421227
0.0086177062
0.0073662291
0.0067100128
0.0056411756
0.00385507
0.0018889933
-0.00064149935
-0.0020564325
-0.0029672319
-0.0068937585
-0.0095620886
-0.01108667
-0.011554793
-0.012738472
-0.014210417
-0.01465457
-0.015978859
-0.017386908
-0.016973118
-0.016194639
-0.01561011
-0.015104549
-0.014069947
-0.012401899
-0.011568456
-0.010926022
-0.011671013
-0.01096121
-0.0082442854
-0.005301738
-0.0027973184
0.00010659529
0.0011505369
0.0022650941
0.0023066709
0.001865377
-0.00077367489
-0.0028611864
-0.0029994926
-0.0047752506
-0.0045591806
-0.0036297676
-0.0025179194
-0.0011244914
-0.0012227596
-0.00029613159
-0.00029919162
-0.0010434292
-0.0006638427
-0.0013853117
-0.0014911904
-0.0016240771
-0.00286412
-0.0035061968
-0.0038687837
-0.0043347661
-0.0049221743
-0.0063532083
-0.0070893353
-0.0083248025
-0.009911003
-0.010998688
-0.012030627
-0.012818438
-0.013146761
-0.012397276
-0.009786261
-0.0055576583
-0.0025567362
0.00046537906
0.0061349771
0.0096847789
0.012927582
0.014751158
0.015643042
0.010899308
0.011493905
0.010709653
0.010495623
0.010208289
0.010637628
0.0092638985
0.0090266246
0.0085982079
0.0084369583
0.008839867
0.0084054468
0.0099709093
0.010972374
0.011862643
0.011000016
0.013576052
0.015428254
0.015061822
0.01481413
0.014388752
0.014385399
0.012934859
0.011928445
0.011139189
0.010268835
0.0097210574
0.00925179
0.0091167909
0.0092798275
0.0091434108
0.0092544975
0.0086968448
0.0069775085
0.0060711214
0.0033574549
0.0021915966
0.00074336412
0.00023875517
8.822096e-06
-0.00076205133
-0.00075104613
-0.00065061533
-0.0022897577
-0.0025300854
-0.0030361642
-0.0032819222
-0.002303144
-0.0014761587
0.0013227146
0.0012081699
0.00015446906
-0.00012975948
0.00069813295
0.0022112568
0.0022246957
0.0037033123
0.0055727518
0.00656911
0.0073596813
0.0075484902
0.0079648302
0.0085645701
0.0086843518
0.0076366119
0.0068394737
0.0070372161
0.0075185215
0.0073780138
0.0061766403
0.0061706329
0.00518317
0.0046467333
0.0034245352
0.001884696
0.00012785336
-0.0017256674
-0.0039148287
-0.0063323568
-0.0085346528
-0.010864167
-0.010846317
-0.010449697
-0.011365258
-0.010902404
-0.010605462
-0.011460551
-0.010127903
-0.010906523
-0.011906021
-0.011885051
-0.0098697203
-0.010260097
-0.0090476314
-0.0092957243
-0.0091737753
-0.0091497438
-0.0071992971
-0.0053462058
-0.0031827422
-0.0017277454
0.00061149215
0.0034223745
0.0014672627
0.0023057117
0.00067729415
-0.00080271016
-0.0014840742
-0.0020125721
-0.0011538815
-0.0011533113
-0.0015152806
-0.00021030565
-2.5777794e-07
0.0001261755
-0.00023653795
-0.00097797734
-0.00058219082
-0.00082810429
-0.00088674938
-0.0005802987
-0.0012708225
-0.0025068345
-0.0031436987
-0.003454838
-0.0033092071
-0.0046958208
-0.0062486013
-0.0067473388
-0.0080030693
-0.0085250874
-0.0092082202
-0.009495673
-0.010105708
-0.010961865
-0.010199866
-0.007833398
-0.0055062475
-0.0032706112
9.435944e-05
0.002409408
0.004661479
0.0077012604
0.010041022
