0.0049128694
0.0044663731
0.003917046
0.0039598648
0.0035000428
0.0029711639
0.0055998656
0.010980624
0.0141273
0.013377873
0.013332991
0.013148006
0.011749734
0.0072276528
0.0052304995
0.0020885057
0.0023078797
0.0023525632
0.0039785441
0.0086801329
0.011327772
0.013105851
0.010569298
0.010973949
0.0095745157
0.0067899278
0.0047428491
0.0013261739
-0.00030952178
0.00024473789
0.00056892212
-8.8557551e-06
-0.00095293912
-0.0028400558
-0.0053212827
-0.006671324
-0.0063653017
-0.0084692683
-0.011459963
-0.013307535
-0.013326787
-0.014020922
-0.015988215
-0.018000218
-0.020737215
-0.023224482
-0.022906009
-0.022429391
-0.023001021
-0.024472236
-0.024122994
-0.025145461
-0.029323412
-0.031726696
-0.031233037
-0.029143052
-0.025220105
-0.019897993
-0.014980725
-0.01325185
-0.014750333
-0.016527196
-0.016573654
-0.017814018
-0.016286127
-0.015479542
-0.016262672
-0.016991831
-0.01871262
-0.020178242
-0.020109374
-0.018429674
-0.017208756
-0.014462104
-0.011342677
-0.0084240813
-0.0045653763
-0.0010061297
0.0026884221
0.0039208899
0.0048066327
0.005811437
0.0073916123
0.0090404074
0.012912409
0.014521792
0.013257153
0.011160132
0.0069019904
0.0068256117
0.0082649294
0.0099165366
0.012256257
0.015101242
0.013906444
0.011320036
0.0082077762
0.0063478611
0.003276374
0.0018902181
0.00079150688
0.00066466926
0.00028451102
9.7679868e-05
0.00053856461
0.0011919525
0.0010388016
0.0014660207
0.0011712968
0.00042268217
0.00083703387
-1.2537311e-05
-0.00049180355
0.00070618137
0.0010618963
0.0016182444
0.0031892625
0.0043438384
0.005407924
0.0095007361
0.011938068
0.012434604
0.012583352
0.014622074
0.014580315
0.011629249
0.012912895
0.016533434
0.017363965
0.016548401
0.01601806
0.015017204
0.013216166
0.0098456729
0.007627638
0.0067575299
0.0057935086
0.0053072657
0.0047465279
0.0045684744
0.0046149555
0.0042617333
0.0044439115
0.0047658533
0.0055742378
0.0059622574
0.0055444237
0.0055970736
0.0043844117
0.0055087809
0.010542173
0.013519876
0.014571562
0.014647581
0.012056256
0.0096646184
0.0082810865
0.0071380879
0.0012953963
-0.00042501452
-0.00022081309
-0.0020823232
0.0010859389
0.0065476153
0.0095304542
0.010039792
0.0069051542
0.0074030814
0.0099204027
0.0068562242
0.0023107784
-0.0020443978
-0.0017218584
-0.00081225927
-0.00097116329
-0.0041019875
-0.0061631785
-0.0094509094
-0.012073007
-0.012680515
-0.012657662
-0.014349401
-0.018145782
-0.021709656
-0.02390784
-0.027378924
-0.030379408
-0.03304833
-0.036697439
-0.038479713
-0.037869927
-0.039412317
-0.03795497
-0.035104645
-0.034454122
-0.036341512
-0.039683196
-0.040282639
-0.037696141
-0.035124334
-0.029843277
-0.023899326
-0.019486837
-0.018904715
-0.017090774
-0.015628906
-0.014999154
-0.014319894
-0.012036124
-0.012311051
-0.010827436
-0.010658723
-0.012540099
-0.012555643
-0.011677044
-0.0080644713
-0.0060267134
-0.0040393029
-0.00059176547
0.0030917846
0.0067761202
0.011085621
0.01422362
0.016946165
0.016331917
0.016543894
0.017385441
0.017654511
0.018403817
0.017786438
0.014330592
0.01210477
0.011107534
0.010924915
0.01311796
0.015313291
0.015386216
0.014194914
0.011619599
0.0081399793
0.0059453022
0.0035046833
0.0011622178
0.0011007782
0.00049169901
0.00044779347
0.0012836797
0.0017304302
0.0018062692
0.0023465109
0.0023466403
0.0021466622
0.0012413472
0.00028642774
0.00035754455
-0.00027973375
-0.00058991708
9.2282782e-05
0.0021962205
0.0032001101
0.0031604134
0.0064052069
0.011518117
0.015861771
0.014424604
0.018178235
0.019162704
0.019088552
0.019370078
0.018694319
0.018868817
0.019743604
0.019174527
0.017004161
0.014023189
0.01128813
0.010609619
0.0078163254
0.0065664306
0.006036727
0.0061091584
0.0059783357
0.0059450362
0.0057389511
0.0056891872
0.0057001286
0.0050316683
0.0052931625
0.0070194973
0.0068387823
0.0074421967
0.0077753038
0.0068264495
0.006117055
0.010719057
0.012197321
0.011394014
0.013628972
0.013405677
0.0093505772
0.005750371
0.0050971123
0.0052025677
0.003706841
0.00078938098
-0.0049088709
-0.0049835005
0.00036845457
0.0076174468
0.0073339191
0.0053863178
0.0062369145
0.0074387556
0.0036794622
-0.0011841574
-0.0039335663
-0.0030787542
-0.00070846611
-0.0017641138
-0.0051291573
-0.010803705
-0.016186621
-0.019113595
-0.02049861
-0.021461316
-0.025623083
-0.02912458
-0.033946734
-0.038114365
-0.044260242
-0.04837328
-0.051563608
-0.053112742
-0.055314482
-0.05664794
-0.059556004
-0.059792697
-0.05338773
-0.050528781
-0.050030098
-0.046512385
-0.04755683
-0.047788115
-0.044735671
-0.03458689
-0.025640452
-0.026756178
-0.024319604
-0.020758526
-0.016977309
-0.013181395
-0.01371374
-0.010944992
-0.0098907405
-0.006172096
-0.0040076796
-0.0027295719
-0.00082688504
0.00013968047
0.0025472396
0.0067058241
0.010605513
0.016031385
0.017027063
0.018369742
0.021251899
0.025227519
0.026592663
0.025615798
0.02611187
0.025723951
0.025009802
0.020828821
0.0187975
0.01702661
0.015797481
0.013905411
0.013252908
0.014044109
0.0127581
0.011206586
0.0090316136
0.0063389017
0.003497483
0.00083697433
-0.00014696969
-0.00019704
-0.00037794152
0.00036854806
0.001469665
0.0029854009
0.0028608093
0.003262808
0.0038085026
0.0040115881
0.0033608438
0.0032263288
0.0016967306
0.0013427887
-5.6246908e-05
0.0015163072
-0.00052321838
-9.4013447e-05
0.0062705153
0.010746377
0.014120061
0.014170713
0.014573167
0.011126676
0.0182786
0.019651648
0.021606738
0.018072997
0.02060129
0.020188949
0.017727916
0.014878726
0.01212758
0.0087247827
0.0072998713
0.0056204
0.005179662
0.0055983788
0.0055184035
0.0054832816
0.0064003535
0.0064707587
0.0063811764
0.0061099873
0.0062146762
0.0062065957
0.0066645014
0.00693248
0.0073130095
0.0087726087
0.0093921679
0.0084212766
0.0082819434
0.013051878
0.016724766
0.012793751
0.013957994
0.014311567
0.01185587
0.010693105
0.007328394
0.0033782379
0.0011358022
0.00016892275
-0.0055288284
-0.0056606522
-0.0016995989
0.0032993752
0.0036292145
0.0032602981
0.0062445316
0.0060151886
0.0023583084
-0.00046977137
-0.0012010865
-0.0035208666
-0.0010978403
-0.0017660601
-0.0043681102
-0.011579692
-0.018669646
-0.021106664
-0.025751616
-0.030511577
-0.033641186
-0.037018955
-0.043906373
-0.05288401
-0.057048622
-0.061138608
-0.066224427
-0.068580515
-0.073301334
-0.076294914
-0.080207557
-0.080977908
-0.075606645
-0.070558387
-0.064969979
-0.058767246
-0.05617743
-0.057716754
-0.057115213
-0.044521084
-0.037829555
-0.039097918
-0.03105972
-0.025808456
-0.022521699
-0.018066541
-0.014364843
-0.011789972
-0.0090941483
-0.0034870693
0.0019592799
0.0062860441
0.011654144
0.013761301
0.016816947
0.020394821
0.026032484
0.030312059
0.028896969
0.030627213
0.03450619
0.036821786
0.037776101
0.035926153
0.03337495
0.031393439
0.028031139
0.023776171
0.020788412
0.018098059
0.015129079
0.013556113
0.011369151
0.009837331
0.0081254483
0.0058089235
0.0046306836
0.0024945734
0.00087640192
0.00037625857
0.00010608535
0.00018179214
0.00059094099
0.0016990208
0.002306013
0.0030082265
0.0045062955
0.0057244367
0.0057043901
0.0060694395
0.0059535544
0.0056469373
0.0045087221
0.0037650366
0.0031584455
0.0050820556
0.004689849
0.0090819555
0.011169961
0.012284277
0.012348251
0.010163544
0.010024673
0.01149286
0.017336689
0.017842184
0.017444447
0.01625858
0.014667714
0.016205537
0.013144188
0.0085729012
0.0048358043
0.0014941677
0.00038924165
8.4802689e-05
0.0016801242
0.0032889966
0.004299493
0.0050832439
0.005795891
0.004952352
0.0057825005
0.0065275162
0.0066960999
0.0070909912
0.0069028675
0.0079166862
0.0087168596
0.010323268
0.01084416
0.011214914
0.0130315
0.020473824
0.022047552
0.018308077
0.016505814
0.013834867
0.01210399
0.011560066
0.00823929
0.00030338487
-0.0015836593
-0.0017615685
-0.0037001244
-0.0019221502
0.0019230687
0.004631654
0.0063232478
0.0048658319
0.0068549837
0.0039631924
0.0019542531
0.0019192343
-0.00027292371
-0.0031824215
-0.0047184834
-0.00486953
-0.0092197488
-0.012960399
-0.020225874
-0.028473558
-0.033034081
-0.037083309
-0.041539819
-0.048053425
-0.055076515
-0.0637144
-0.065747269
-0.067671716
-0.073337073
-0.078925087
-0.084444938
-0.085955062
-0.085866136
-0.085785479
-0.085676682
-0.081990276
-0.08187783
-0.076313465
-0.073227162
-0.068921177
-0.061115846
-0.053156326
-0.04798935
-0.043877346
-0.037135407
-0.032751808
-0.031276617
-0.024522081
-0.020034094
-0.012849325
-0.0076367198
-0.00024776621
0.0063430066
0.013522518
0.020703402
0.023737076
0.029405267
0.032780035
0.034677114
0.038459032
0.038780827
0.041029613
0.042879806
0.042008707
0.041598159
0.035857072
0.031310123
0.02694047
0.024507394
0.018351547
0.01818756
0.016412965
0.013116376
0.010509867
0.0071709999
0.0065037149
0.0039737497
0.0024975955
0.0010817125
-0.00037464217
-0.00032283532
-0.00024570254
3.6585763e-07
0.00077901273
0.0024567082
0.002933373
0.0031323201
0.0035632874
0.0045843841
0.0053199044
0.005697066
0.0060908766
0.0069554063
0.0068066244
0.0067963742
0.0061814219
0.0065785983
0.0067274497
0.0076518364
0.010059754
0.010541792
0.0096566261
0.0099920706
0.009364526
0.0098428617
0.012314827
0.013219709
0.014150001
0.015621915
0.014166347
0.012936413
0.013579049
0.011124252
0.0071124701
0.001346863
-0.0019629436
-0.0026012362
-0.00072811121
0.00078859846
0.0025369402
0.0040235831
0.004014014
0.0042576915
0.0045399026
0.0058428043
0.0068000681
0.0076018572
0.0072072375
0.0079165895
0.0097243648
0.010822241
0.011425709
0.01481724
0.015384107
0.020224848
0.023407873
0.023482579
0.01790064
0.017599832
0.014460828
0.017171084
0.011902377
0.0035367015
-0.0048997978
-0.0063794011
-0.0036333344
-0.00029258493
0.0056193151
0.0088671886
0.012755818
0.010587829
0.010405253
0.0059813734
0.0033978445
0.002496
-0.00077210492
-0.0036114169
-0.0043326505
-0.0092575237
-0.011699831
-0.015164536
-0.017028837
-0.021782493
-0.029479308
-0.035193896
-0.040687517
-0.04738589
-0.05773973
-0.066537261
-0.071495984
-0.07372405
-0.071503263
-0.065581569
-0.0660065
-0.07290347
-0.083481328
-0.082706102
-0.080152215
-0.075296421
-0.074936122
-0.072544976
-0.066463929
-0.062406343
-0.05193029
-0.045300291
-0.039261956
-0.045736188
-0.048147379
-0.042573283
-0.036528202
-0.031997851
-0.021162562
-0.016537119
-0.012702459
-0.0036885666
0.0045067704
0.013736146
0.020629084
0.026393498
0.030809626
0.035858801
0.040465682
0.042879397
0.042698974
0.042058492
0.043793934
0.043273919
0.040422962
0.038417709
0.033651721
0.028380795
0.02505039
0.020708674
0.018209016
0.014015977
0.011643934
0.0082039742
0.0069252995
0.0053626553
0.0054729697
0.0047448095
0.0034469069
0.0014343497
-0.00010032266
-0.00092691273
-0.0011580797
0.00012157482
0.0019745858
0.0027632691
0.0035189796
0.0034235047
0.00370163
0.0036070802
0.0042795857
0.0052917704
0.0055575537
0.0066092228
0.00797032
0.0088997251
0.0097493076
0.0090328689
0.012368938
0.013615581
0.0083976797
0.0075785903
0.0070769464
0.0072218385
0.008252208
0.010683288
0.014573461
0.016196495
0.016717776
0.015969967
0.01630374
0.01518581
0.016209037
0.014180654
0.010550838
0.0036333316
-0.0023128702
-0.00086614038
0.0015622712
0.0038514863
0.0043391719
0.0048875364
0.004825556
0.0055210718
0.0056038149
0.0070952747
0.0078046075
0.0093857738
0.0098666975
0.010281991
0.013539354
0.014848087
0.01487652
0.015225443
0.015869193
0.020055716
0.022596465
0.020078578
0.017425309
0.017153123
0.015450953
0.016469123
0.010337391
0.002024619
-0.0095705443
-0.014196404
-0.0082514798
-0.0010977017
0.0049189113
0.0087477047
0.011812522
0.010994735
0.0069351286
0.0047338459
0.0042064868
0.0030007512
-0.00019970988
-0.0037304109
-0.0079953166
-0.010260191
-0.014582236
-0.017053033
-0.022510781
-0.024976816
-0.03026269
-0.038434977
-0.046424038
-0.054802939
-0.066456009
-0.073099752
-0.074943445
-0.070407716
-0.064892278
-0.064201075
-0.065099532
-0.069372497
-0.068416615
-0.065139155
-0.057955498
-0.064215491
-0.065099428
-0.058755431
-0.054052605
-0.04441321
-0.036090847
-0.034423549
-0.03295081
-0.04066403
-0.041030238
-0.032081755
-0.026285861
-0.021481063
-0.02184763
-0.014913378
-0.0039299877
0.0047336144
0.011983209
0.020199415
0.027009968
0.032307821
0.03668606
0.038536468
0.040421521
0.044490279
0.044108403
0.040716526
0.04105226
0.037484373
0.035651763
0.032187781
0.028399367
0.026657063
0.022062125
0.018885432
0.016093229
0.011862075
0.011076041
0.0077433537
0.0065893904
0.0057303015
0.0062164825
0.0055858837
0.0033415961
0.0020401158
0.0015298469
0.00070895024
0.001098867
0.0016612153
0.0029964273
0.0040707845
0.0050604898
0.0050228799
0.0054384849
0.0056502115
0.0059615346
0.0056822142
0.0069241452
0.006430748
0.0078221344
0.010469801
0.013243757
0.014442787
0.017561332
0.013841053
0.0071415999
0.0061614825
0.0072733722
0.0085330275
0.0096637891
0.012193543
0.015064961
0.021625618
0.02379349
0.021626831
0.018931491
0.014939377
0.015833156
0.014793457
0.011280438
0.0038973587
-0.00064288974
0.0022320013
0.0017584913
0.0038495771
0.0057468413
0.0069259376
0.0070032114
0.0074823311
0.0068001308
0.0083661035
0.0081906015
0.010081074
0.011952523
0.011780282
0.015696066
0.018254233
0.017147545
0.014992466
0.013678447
0.017645135
0.017639947
0.015754795
0.017704928
0.018627797
0.019087854
0.019176086
0.015713527
0.0067610065
-0.0083010076
-0.012396321
-0.0074831585
-0.00097764977
0.0042134524
0.0079422068
0.011126814
0.012220063
0.012411095
0.012598517
0.0106634
0.011098838
0.010973532
0.0096051413
0.0058659505
0.0019504487
-0.0027128017
-0.0082318314
-0.013379769
-0.022257428
-0.027457961
-0.035569215
-0.045264674
-0.054163742
-0.060488701
-0.061902712
-0.056496791
-0.054484339
-0.051059325
-0.050296277
-0.048914662
-0.0530012
-0.050524148
-0.047360065
-0.051110015
-0.04662968
-0.043563435
-0.043599217
-0.039633521
-0.034070468
-0.03362407
-0.039768977
-0.040708521
-0.039543102
-0.033869913
-0.029660893
-0.02029802
-0.016506142
-0.011089177
-0.0048319258
0.0041110068
0.010441878
0.016503999
0.022755517
0.024613049
0.029879281
0.032547644
0.03416395
0.036994263
0.0379644
0.034824949
0.0345792
0.031434095
0.029415283
0.027024763
0.025527622
0.023859524
0.021717937
0.019469782
0.016402895
0.014422061
0.012492435
0.010720038
0.010256597
0.0088306679
0.007412132
0.007519568
0.0063388665
0.0062781129
0.005552722
0.0053541363
0.0061116009
0.0067774435
0.0069896034
0.0063152675
0.0056597155
0.0063829021
0.0064938363
0.0063579351
0.006570582
0.0068891213
0.0071626869
0.008143306
0.0093155161
0.0093529205
0.010067817
0.01116512
0.015498012
0.017348672
0.007534566
0.0042692958
0.0065604785
0.0075823908
0.010353623
0.010383987
0.014142472
0.018654781
0.023926857
0.025295662
0.022913488
0.021195291
0.019262335
0.019059274
0.016849333
0.0078482751
0.0028730991
0.0033657154
0.0050102892
0.0068219481
0.0069812674
0.0080651404
0.01026081
0.0099768662
0.010838113
0.0099066972
0.011359435
0.011631211
0.013763274
0.01466344
0.015128139
0.016496902
0.018038336
0.016320941
0.011411446
0.011924245
0.014681578
0.016087018
0.016457668
0.017601735
0.020513976
0.021622358
0.020766037
0.015155936
0.0081364616
-0.0031143218
-0.0080419285
-0.0031639154
-6.980635e-05
0.0026251721
0.0044900046
0.0079747122
0.012172312
0.015211726
0.017651948
0.018590077
0.018348688
0.019028471
0.016413191
0.015570746
0.010813622
0.0068661588
0.0020316889
-0.004120799
-0.011465538
-0.018552984
-0.027666839
-0.037230337
-0.046106873
-0.048226388
-0.04843324
-0.04534593
-0.049559453
-0.049440674
-0.048060059
-0.046622223
-0.049188395
-0.050876548
-0.043766882
-0.045778175
-0.04321891
-0.04577392
-0.042787153
-0.044114393
-0.042934777
-0.043057329
-0.039636404
-0.036120397
-0.03349764
-0.029495431
-0.024991283
-0.01912836
-0.013855344
-0.010941048
-0.0053193305
0.00018035808
0.0063531491
0.01109261
0.013915711
0.015357515
0.018454268
0.020036637
0.022844196
0.023014953
0.024208951
0.023270658
0.023949833
0.021967227
0.019239706
0.018875054
0.016901073
0.016844586
0.015158485
0.015197215
0.012473868
0.011333231
0.0099939215
0.0081623013
0.007375945
0.0075653951
0.0068814593
0.0064150894
0.0071938817
0.0072304171
0.0061296334
0.0061345856
0.0072546819
0.0078563185
0.0077436131
0.0078685987
0.0082548074
0.0077219344
0.0075598775
0.0077250791
0.0077367012
0.00741322
0.0070815459
0.0078683443
0.00851388
0.0079767252
0.0068897164
0.0063391276
0.010618032
0.013121038
0.0071676144
0.0028713896
0.0039356598
0.0075348119
0.01047647
0.012505698
0.014927429
0.015324932
0.017257546
0.019751903
0.018010087
0.016829834
0.015571409
0.012717912
0.0086585349
0.0061458177
0.0054489715
0.0077471532
0.0090628866
0.01157563
0.011036763
0.010960016
0.012687666
0.013837802
0.014068668
0.013715946
0.013772297
0.01575741
0.016479127
0.017599757
0.016802088
0.017880334
0.017994081
0.018260312
0.013610282
0.014007489
0.016849538
0.016382753
0.019112923
0.018612602
0.020400551
0.022988515
0.021827885
0.017372533
0.0090776902
-0.0013050717
-0.0058120499
-0.0020866995
-6.1277107e-05
0.00099277106
0.0031295907
0.0064551909
0.010097845
0.014053117
0.016355441
0.018672945
0.016205517
0.015941291
0.013794403
0.011907297
0.009557388
0.0076672653
0.0022362403
-0.00045457603
-0.0048810063
-0.013894869
-0.021777472
-0.032769884
-0.040096189
-0.043770505
-0.041266711
-0.045491883
-0.048598391
-0.045409762
-0.04835797
-0.045646696
-0.047182921
-0.046285189
-0.03713654
-0.038860745
-0.041241832
-0.042337105
-0.041748483
-0.043256156
-0.03878249
-0.038052267
-0.035182513
-0.033983459
-0.03283718
-0.030805586
-0.026394794
-0.021899418
-0.017496595
-0.016700407
-0.012834597
-0.0077878558
-0.0044611918
-0.0037235175
-0.0024948054
0.0025830762
0.0028834541
0.0077084976
0.010132586
0.01169367
0.014881764
0.014851015
0.012864826
0.011595306
0.011087844
0.010137243
0.010186763
0.010967261
0.0095770317
0.0082674259
0.0072516064
0.0052686501
0.0055461218
0.0040972228
0.0036257461
0.0040430171
0.0038317498
0.0033600717
0.0040179093
0.0029978947
0.0028895115
0.0029690533
0.0043806262
0.0034262524
0.0029419312
0.0038457756
0.0042814264
0.0047225187
0.0037889323
0.0029470122
0.0031497713
0.0033062949
0.0040187523
0.0043846441
0.003438987
0.002873334
0.0022961849
0.0026508223
0.0048221774
0.0055870134
0.004553094
0.00053051761
-0.00072623602
0.0034092466
0.0054792864
0.01145088
0.012254076
0.0098404957
0.0095689749
0.010941723
0.010479258
0.0097344163
0.0092817347
0.0059834683
0.0045660087
0.0050719711
0.0055127147
0.0092179189
0.011945703
0.011910416
0.010905083
0.013860882
0.014797849
0.016359372
0.017144779
0.019102384
0.016953816
0.018392111
0.02133309
0.021330574
0.020542912
0.020803539
0.021272962
0.02074268
0.017524388
0.016498193
0.017703582
0.018520771
0.018759573
0.018074376
0.01991732
0.018771368
0.018917157
0.016722518
0.010034729
0.00096959625
-0.0050754641
-0.0051380246
-0.0042665622
-0.0039284466
-0.0028099068
-0.000230433
0.0025075573
0.0048684821
0.0081364773
0.01080683
0.011056298
0.010422593
0.0083506522
0.0052653249
0.0025770807
-0.00034659242
-0.0027634471
-0.0076632344
-0.011319064
-0.015574493
-0.025042562
-0.032470118
-0.038364166
-0.040977976
-0.044290144
-0.046564674
-0.045992566
-0.048655596
-0.052225024
-0.049686627
-0.047601214
-0.040943098
-0.037348264
-0.037547053
-0.038601354
-0.03912364
-0.037713159
-0.035065336
-0.032938609
-0.030947928
-0.029093455
-0.02563611
-0.025840596
-0.02475631
-0.02170435
-0.019450712
-0.020471009
-0.019644129
-0.015975326
-0.011539127
-0.0094475625
-0.0092137644
-0.005136662
-0.0035803144
-0.00098108836
0.0014627036
0.0038184852
0.0051014987
0.0071834613
0.0081403906
0.0055315727
0.0049995094
0.002941011
0.00091968655
0.0012709631
0.0014369354
0.00061586238
-0.00068826103
-0.0024595807
-0.0046724144
-0.0041508571
-0.0047162767
-0.0038616748
-0.0038268074
-0.004287549
-0.0047875369
-0.0049603202
-0.004952827
-0.0050358536
-0.00414552
-0.0022531804
-0.0028155443
-0.0045407632
-0.0033356535
-0.0025695469
-0.0032952242
-0.001982948
-0.0013539158
-0.0023574233
-0.0032874663
-0.0027866954
-0.0025665636
-0.0020512273
-0.001548282
-0.00010577391
0.0018171108
0.0019054801
-0.00092541578
-0.0026129703
-0.00027416618
-0.00044639743
0.00029750851
0.0013282611
0.0048128466
0.0084058487
0.0065344709
0.0043968321
0.0041376784
0.0046525221
0.0040120868
0.0038349038
0.0025799821
0.0026607726
0.0031627063
0.0052443809
0.0067952774
0.0076194598
0.0098234103
0.011435851
0.012129459
0.014011066
0.016116584
0.018871324
0.020493852
0.019391539
0.018475953
0.019425728
0.019986042
0.019987568
0.018381055
0.017476179
0.015303008
0.016269027
0.015892205
0.014317474
0.014852154
0.012715839
0.012465677
0.012903908
0.011432612
0.010595911
0.010063827
0.0088872034
0.0057617132
0.0021228024
-0.00025691956
-0.0023413941
-0.0041776754
-0.0044741198
-0.0037187928
-0.0020739462
-0.00082848389
0.00066085041
0.0017191671
0.0028694976
0.0023363612
0.0018640222
-0.00027704339
-0.0028894994
-0.0083083097
-0.011574655
-0.013867033
-0.015806617
-0.019188702
-0.026549021
-0.032624532
-0.037659037
-0.041369947
-0.044844052
-0.043289444
-0.043025832
-0.044663256
-0.047605579
-0.046659552
-0.038541355
-0.037434518
-0.034437478
-0.03253399
-0.032663402
-0.03175693
-0.029908193
-0.025341093
-0.025512766
-0.024081899
-0.021163303
-0.018710674
-0.016625784
-0.014437944
-0.012467359
-0.01004885
-0.0081982195
-0.0068368312
-0.0062228688
-0.0040319404
-0.0016591091
0.00014311584
0.0030904748
0.0042700484
0.0066291626
0.0089922288
0.010328711
0.010409828
0.0077396817
0.0062341956
0.0013780377
-0.0023998929
-0.0048109698
-0.0060861146
-0.0051154727
-0.0077287085
-0.0095055462
-0.012236852
-0.012135212
-0.011754384
-0.012890513
-0.015553798
-0.014360123
-0.01337759
-0.013203759
-0.012217256
-0.01188581
-0.0097973373
-0.010427364
-0.0096072044
-0.008637102
-0.006606799
-0.0066960895
-0.0034900534
-0.0022471118
-0.0015933108
-0.0024297136
-0.0011028853
-0.00087962462
-0.0019684934
-0.0016929703
-0.0013854995
-0.0006746256
0.0010758237
0.0014629961
0.0015844275
3.1199946e-05
-0.0023557709
-0.0059254986
-0.0047114425
0.00038881513
0.0011847209
0.0029841087
0.0042818363
0.0050837114
0.0040382859
0.0038436337
0.0037241159
0.0033786696
0.001295602
0.0015843231
0.0013206545
0.0011539657
0.0028153125
0.0041008978
0.0050008512
0.0064152283
0.0085350652
0.01122772
0.013219354
0.015263552
0.016903907
0.019162962
0.019504825
0.019669515
0.018089102
0.017527639
0.01759362
0.016640318
0.016468182
0.014371848
0.014595123
0.014121846
0.014110157
0.01473784
0.014273686
0.011390014
0.0099742227
0.0084613172
0.0082703243
0.0081644176
0.0077792266
0.007379688
0.0081849976
0.0096789561
0.0074669333
0.0027418709
-0.00089346301
-0.0033544627
-0.0024815234
-0.0024693446
-0.0020452359
-0.00065109702
-0.0010044263
-0.00070779672
-0.0017309181
-0.0025554771
-0.0039957314
-0.0065907502
-0.010403205
-0.012792198
-0.014489821
-0.016909637
-0.02070192
-0.023760877
-0.028318128
-0.032294135
-0.035181364
-0.034337281
-0.032257843
-0.033085478
-0.035518315
-0.038173425
-0.037995278
-0.031451703
-0.026831061
-0.025862832
-0.025258041
-0.025925437
-0.02475676
-0.02231047
-0.017665181
-0.015996642
-0.014527025
-0.015360206
-0.013430182
-0.010295612
-0.0079464107
-0.0036464679
-0.0002628816
-0.00057663726
0.0023570208
0.0033104836
0.0046455474
0.0074300711
0.0093406453
0.012609033
0.012318442
0.013029925
0.013179767
0.011854104
0.0090380907
0.0078830217
0.005156596
0.00035461509
-0.0034660808
-0.0074375987
-0.0094336786
-0.0091289652
-0.011496833
-0.013048868
-0.013343524
-0.013717117
-0.014004284
-0.015293007
-0.016116589
-0.014628537
-0.013566423
-0.013284232
-0.012062816
-0.010001765
-0.008891474
-0.0083484889
-0.0093315554
-0.0090939662
-0.0095222365
-0.0073333164
-0.004203948
0.00028617992
0.0026988942
0.0021725834
0.0026254742
0.0019360225
-0.00084958766
-0.00051381782
-0.00069601366
-0.00071656429
-0.0016265148
-0.00091040605
-0.0021664107
-0.004299238
-0.0028865958
-0.0022959369
-0.0010901907
-0.0021093349
0.00021371905
0.00062765827
0.0012014651
0.00083340809
0.00024295889
-0.00051572067
-0.0002668889
0.00036607592
-0.00040461093
-0.00084331744
-0.00075048963
-0.0010483577
-0.0015756406
-0.00025482852
0.00044391724
0.0036503415
0.0062497182
0.0078295493
0.011550064
0.015695466
0.018037524
0.019003519
0.018404452
0.020866597
0.020307466
0.018048443
0.017684649
0.016468619
0.018522027
0.016652747
0.014820798
0.01269135
0.013144151
0.013574632
0.0120116
0.011947515
0.010567499
0.010274035
0.0074953317
0.0069637555
0.0067651898
0.0088442643
0.0082892519
0.01197125
0.013369036
0.0071116766
0.0041149329
0.0030111998
0.001797023
0.0013043947
0.0012069359
0.0015014886
0.0013378782
0.0011681174
7.0430968e-05
-0.0012859341
-0.0027712811
-0.0042623781
-0.0052353915
-0.0076388263
-0.011136364
-0.013195969
-0.016258972
-0.0184276
-0.019394017
-0.022121551
-0.022185038
-0.023223788
-0.021722673
-0.024235324
-0.023737793
-0.025230197
-0.023943212
-0.02052065
-0.018193424
-0.017060917
-0.018296904
-0.018120102
-0.015160116
-0.012726785
-0.010571878
-0.0069630626
-0.0058011332
-0.0071117767
-0.0055872052
-0.0022558614
0.0010278119
0.0031652122
0.0055233739
0.0066675164
0.0093406512
0.0099618026
0.010573205
0.01206062
0.013532041
0.01444353
0.015291461
0.014552931
0.013132161
0.010706968
0.0083582452
0.0059332414
0.0025568564
-0.00064467178
-0.0022497795
-0.0056588202
-0.0084803398
-0.0095050124
-0.011223485
-0.013799479
-0.015355528
-0.015038732
-0.016467949
-0.017285632
-0.017281886
-0.016429929
-0.014448328
-0.01250821
-0.011536121
-0.010716044
-0.0096955547
-0.0087535251
-0.0088900018
-0.0073762342
-0.0065658805
-0.0043885192
-0.0024253692
0.0020379725
0.0043997405
0.0056605307
0.006291214
0.0034452149
0.0013229548
0.00015007116
-6.3049319e-05
-0.00084908929
-0.0009812047
-0.0015455175
-0.0035666464
-0.0031732224
-0.0026594141
-0.0020774513
-0.0021003318
-0.002046784
-0.0017223851
-0.00094388904
-0.0009913652
-0.0014801108
-0.0024971337
-0.0030700586
-0.0028541596
-0.0019579824
-0.0020884033
-0.0039532823
-0.0048318417
-0.0056622008
-0.0060896343
-0.0055574312
-0.0049305738
-0.0030567678
-0.00052854657
0.0026318823
0.0066042113
0.010943331
0.015066648
0.0168087
0.018135366
0.02049184
0.021266789
0.02158366
0.02014012
0.019152489
0.019331742
0.017539493
0.01497854
0.013813965
0.011553788
0.010414781
0.0085002441
0.010062976
0.0087233883
0.0091073884
0.0085056612
0.007840839
0.0078054647
0.0097151612
0.0093875333
0.011837352
0.012529318
0.010144158
0.0090565558
0.0066526204
0.0068777072
0.005395053
0.0055298745
0.0034517403
0.0032802258
0.0028064149
0.0030067197
0.0019990918
0.0013676367
-0.00027314208
0.00042870272
-0.0015776583
-0.0045037783
-0.0069755132
-0.0087288781
-0.0099901948
-0.011025365
-0.012498506
-0.013193584
-0.013965118
-0.012951723
-0.013273827
-0.014727882
-0.013052399
-0.012272381
-0.010963239
-0.010378249
-0.01004428
-0.0093928047
-0.0079351518
-0.0066859772
-0.0055020489
-0.0037577001
-0.0010062233
0.0013737097
0.00077554189
0.002511461
0.0043213062
0.0063964836
0.0084155106
0.0098772635
0.010094746
0.011314282
0.012732138
0.012972765
0.01350122
0.013706381
0.013292276
0.01265585
0.011609351
0.0099510939
0.0083905375
0.0066154067
0.0044848347
0.0021439307
-0.00063015287
-0.0025537431
-0.0055632025
-0.009097199
-0.011535268
-0.013196704
-0.014320452
-0.016563504
-0.016545696
-0.01815516
-0.019615361
-0.019339981
-0.018072162
-0.016533738
-0.015093094
-0.012777384
-0.010632752
-0.0093551131
-0.0092686589
-0.0080273621
-0.0069782486
-0.0062301657
-0.0043114333
-0.00076683114
0.0016498162
0.0040031834
0.0044991926
0.0051238409
0.0048019994
0.0029339215
0.00037789921
-0.00058167721
-0.0015178595
-0.0035847373
-0.003022582
-0.0030136139
-0.0019354352
-0.0025312922
-0.0011622198
-0.0014681295
-0.0017977392
-0.0019708806
-0.0025452119
-0.0013364607
-0.0016668162
-0.0028811255
-0.0029033825
-0.0027535695
-0.0028139245
-0.003118195
-0.0032889916
-0.0043132132
-0.0053961602
-0.0074244668
-0.0088460515
-0.0098704022
-0.0098699456
-0.0083569201
-0.0059569157
-0.0021711637
0.0021387539
0.0064853972
0.010577653
0.015429572
0.017642811
0.02058457
0.021530966
0.020717736
0.020798328
0.01864776
0.01660844
0.015963256
0.015549031
0.01306411
0.010513931
0.0094958155
0.009270748
0.0093845815
0.0096395302
0.00923279
0.0093742351
0.0089898772
0.010339689
0.010551173
0.010085453
0.011826832
0.012894293
0.011756286
0.011495473
0.0097119056
0.0091942951
0.0086695132
0.007681957
0.0062925275
0.0060351971
0.0062052119
0.0057570346
0.0051955189
0.0052845116
0.0059265405
0.0051953037
0.0032993875
0.00033860047
-0.0012144335
-0.0031339665
-0.0035328698
-0.0049655328
-0.0060125915
-0.0061729593
-0.0061734593
-0.0061540901
-0.0074064239
-0.0048187121
-0.0039967615
-0.0052591324
-0.0046398192
-0.0048723279
-0.0039334265
-0.0014777102
-0.0014994598
-0.0012859134
0.00057681053
0.0014270761
0.0027283341
0.0037348132
0.0055676161
0.0068006119
0.0081470884
0.0094439083
0.01060909
0.01040896
0.010284585
0.010287008
0.010163696
0.0097853114
0.010227498
0.0096912901
0.0087100768
0.0076415283
0.0063473725
0.0054974254
0.0044482863
0.0023145
-0.00017265548
-0.0029517517
-0.0045605351
-0.0060032578
-0.010001719
-0.012532686
-0.014037195
-0.014637944
-0.015570587
-0.01704594
-0.01684844
-0.017601966
-0.01795771
-0.016792054
-0.015385011
-0.014551581
-0.013721392
-0.011891129
-0.0098238284
-0.0091554953
-0.0085768031
-0.0090949811
-0.0086875236
-0.006512865
-0.0038781903
-0.0013067865
0.0012281445
0.0021112103
0.0034466852
0.0030950431
0.0027435721
0.00037200972
-0.0014338811
-0.0020846475
-0.0036203281
-0.0029150116
-0.0022774979
-0.0014756947
-0.00055918365
-0.00087006085
-4.9107661e-05
0.00018191275
-0.00099834002
-0.00083933104
-0.0017945822
-0.0016539665
-0.0015359875
-0.0024828076
-0.0028555273
-0.0031254587
-0.0034453874
-0.0038325989
-0.0052730782
-0.0062167304
-0.0075035941
-0.009052282
-0.010151799
-0.011078403
-0.011466911
-0.011044663
-0.0098152959
-0.0068536654
-0.0024468225
0.0010424876
0.0050472333
0.010693335
0.014393575
0.017155404
0.017932694
0.018759836
0.014197859
0.013954555
0.012972187
0.012773467
0.012274784
0.01213833
0.01064919
0.010712124
0.0098595914
0.0099664979
0.010242092
0.0099654399
0.01160071
0.012704308
0.013365322
0.01246772
0.015512922
0.016967538
0.016206928
0.015868059
0.015327289
0.015393712
0.013216008
0.012109278
0.011336951
0.010098651
0.0095211327
0.0090201573
0.0086966533
0.0094441837
0.0098466
0.010536842
0.009625625
0.0077563036
0.0063313163
0.0035271743
0.002553671
0.00086177905
0.00060391854
0.00024752487
0.00011285464
0.00013777343
0.00051945593
-0.00071228137
-0.00066088441
-0.0014559111
-0.0020320324
-0.0016944124
-0.001190293
0.0012420947
0.0010699353
0.00047164456
0.00060123159
0.0016850654
0.0026938327
0.00267825
0.0042581039
0.006119527
0.0068877496
0.007836496
0.0080430927
0.0082781511
0.0090315121
0.0090826136
0.0080368855
0.0072491918
0.0073214679
0.0074155957
0.0068058898
0.0052753821
0.0050196694
0.004070984
0.0033565257
0.0020841975
0.00049586678
-0.0015780067
-0.0033493389
-0.0056191821
-0.0084795394
-0.010576022
-0.013027561
-0.013038142
-0.01277181
-0.013348625
-0.012681669
-0.01248093
-0.012898103
-0.011110889
-0.011470702
-0.011992392
-0.01108467
-0.0089847447
-0.0089984947
-0.0076395577
-0.00748951
-0.0069865635
-0.0069074915
-0.0057271298
-0.0043263115
-0.0020737388
-0.00073019159
0.0020908267
0.0048567904
0.0023813049
0.0033210839
0.0021009792
0.00023770014
-0.00051068872
-0.0012498624
0.00012988428
-0.00037084241
-0.0013184528
-0.00042226631
5.3003431e-06
0.00015999396
-0.00056685918
-0.00096397408
-0.00069554379
-0.0011198871
-0.0013018709
-0.00094914342
-0.0014930032
-0.0025127593
-0.0028740741
-0.0027961384
-0.0028827059
-0.0042749854
-0.0059196905
-0.0065851158
-0.0075992493
-0.0081256615
-0.0088822358
-0.0090750806
-0.0094413407
-0.009792424
-0.0086758588
-0.0062610019
-0.0036796161
-0.00023631603
0.0037089416
0.0064149125
0.0086715241
0.011704358
0.01368595
