0.0042892698
0.0035988615
0.0030413316
0.0023235698
0.0014411391
9.1780367e-05
0.0027327107
0.011275476
0.016222249
0.015691017
0.015209812
0.0139345
0.011093891
0.0059544289
0.0051376076
0.0021958736
0.0020089971
0.0028011851
0.0032903758
0.0056466429
0.010109022
0.012841459
0.011606392
0.011626898
0.0098891039
0.006386318
0.0042545642
0.0013560603
-0.00050635625
-0.00070314682
-9.5926366e-05
-0.00031657119
-0.00047939076
-0.002400852
-0.0047891448
-0.0058942281
-0.0061564326
-0.0081896646
-0.010733608
-0.013218241
-0.013892363
-0.014758356
-0.016044567
-0.017707962
-0.019012484
-0.019473408
-0.017367847
-0.015868303
-0.016404321
-0.018410071
-0.019621994
-0.020293868
-0.025336419
-0.029024094
-0.028599556
-0.026191621
-0.022797028
-0.018717637
-0.014567539
-0.013781782
-0.015527105
-0.01813151
-0.018307617
-0.019969904
-0.017191251
-0.014968789
-0.015326444
-0.015021838
-0.016092223
-0.01675224
-0.016280443
-0.014363623
-0.014386053
-0.011636875
-0.0089290071
-0.0072624524
-0.0043815503
-0.0023353117
-0.00036726497
-0.00052240597
-0.00056970873
0.00030888656
0.0041798843
0.0090198811
0.014286421
0.016538528
0.017242497
0.015100899
0.0098626816
0.0091697676
0.009839628
0.012254793
0.01493337
0.017976037
0.015999559
0.013136887
0.0091567819
0.0058956928
0.0026325228
0.0020969937
0.0007320507
0.00086614734
0.00073401651
0.001018813
0.0015599319
0.0021296481
0.0015845493
0.0015781458
0.0012183469
0.0007731951
0.0010075491
-2.09745e-05
-0.00053990902
0.00030877521
-8.1768914e-05
-5.8794017e-05
0.0011233333
0.0054622048
0.0063887749
0.010718494
0.013214236
0.013547809
0.014222889
0.016008325
0.017034328
0.014360652
0.014925747
0.017721818
0.017411786
0.015298406
0.013862346
0.013327786
0.012280573
0.009059776
0.0073281756
0.006600741
0.0059297027
0.0056589233
0.0051513249
0.0047449262
0.0051826177
0.0046893569
0.0044785351
0.0043434505
0.0045235932
0.0046869805
0.0036147801
0.0030664718
0.001435013
0.0016979339
0.0073558316
0.013875294
0.016719126
0.015659859
0.01299964
0.010193684
0.0074576887
0.0070108743
0.0019538581
0.00043103689
8.4045878e-05
-0.0019728309
-0.00016691436
0.0046876101
0.0099182029
0.011185222
0.0084553645
0.0089987755
0.01044866
0.0068507851
0.0021211978
-0.0022924836
-0.0018515242
-0.0012741921
-0.0013333417
-0.0034486242
-0.0049736811
-0.0087822832
-0.011717045
-0.012630384
-0.013201673
-0.015055923
-0.018702216
-0.021812903
-0.023683141
-0.026551074
-0.028709236
-0.031055471
-0.033127138
-0.033235178
-0.030733335
-0.03168354
-0.030081209
-0.028900533
-0.029549011
-0.032390477
-0.036382506
-0.036381202
-0.033694851
-0.030705369
-0.026160201
-0.020845418
-0.017081103
-0.017026974
-0.016071982
-0.015436152
-0.015143801
-0.014383078
-0.011158407
-0.010766572
-0.009087084
-0.0075873549
-0.0080222353
-0.0078242682
-0.007610428
-0.0046645389
-0.0037465022
-0.0029365254
6.3550808e-05
0.0035492215
0.0047622622
0.006706412
0.0094412116
0.011119419
0.010291026
0.012194252
0.015587013
0.017095077
0.019710871
0.020533954
0.016996143
0.014912953
0.013406621
0.012922725
0.014865927
0.016250554
0.016614525
0.016407849
0.013747135
0.0092929183
0.0063629144
0.003186975
0.00045158198
0.00041219382
0.00026069137
0.0006149692
0.001852699
0.0021861009
0.0023054381
0.002518128
0.0020610649
0.0016356364
0.00046434062
-0.00044469438
-0.00059686346
-0.0015062397
-0.0019393473
-0.001565163
9.579232e-05
-0.00011572296
0.0012367012
0.0066592315
0.012368387
0.016315983
0.016521637
0.019985398
0.021337133
0.021254939
0.021732229
0.021461256
0.019498999
0.019954892
0.018549954
0.015649193
0.012380659
0.010807482
0.0098284625
0.0068883866
0.0057897831
0.005819874
0.0061450309
0.0058579258
0.0058331189
0.0058002848
0.0055125787
0.0055151318
0.0046533948
0.0047124293
0.0055571839
0.00495843
0.0046873326
0.0041676802
0.0022185854
0.00063373188
0.0072376206
0.011767737
0.012249965
0.01546919
0.014177759
0.0087042923
0.0056844013
0.0043520517
0.0048920637
0.0034097346
-0.00055541142
-0.005615586
-0.0057374532
0.00011596689
0.0080960601
0.0085229865
0.0069824344
0.0084332371
0.0081993664
0.0042910346
-0.00032713702
-0.0028540941
-0.001308021
0.00028817996
-0.00080521403
-0.0043700106
-0.0096546068
-0.015458252
-0.02064282
-0.022235928
-0.022553208
-0.02647793
-0.029776436
-0.034024693
-0.037095256
-0.042269384
-0.045715279
-0.048756353
-0.049336358
-0.050165131
-0.050428767
-0.052506606
-0.053363612
-0.046121625
-0.044715968
-0.045868232
-0.042736141
-0.042804451
-0.042798128
-0.038666954
-0.028672645
-0.020276317
-0.022035633
-0.020321913
-0.017317491
-0.014557729
-0.010825521
-0.011039204
-0.0082544901
-0.0063519114
-0.0034881248
-0.00090918553
0.0022751375
0.0042235826
0.0036780283
0.0059168486
0.0083080296
0.010977356
0.01415213
0.015170061
0.015147918
0.017335812
0.020211851
0.021723357
0.02189869
0.024084849
0.02545265
0.024575911
0.022192996
0.020372352
0.01939473
0.018260563
0.015530543
0.01291284
0.013427658
0.012424545
0.011241273
0.0096923625
0.0069504405
0.0040758919
0.0013230179
-0.00021404063
-0.00058483895
-0.00091489053
0.00029091832
0.0014294979
0.0027122436
0.0024655795
0.0030567694
0.0028157547
0.0030493353
0.0020126335
0.001680848
-0.00021951511
-0.0008262334
-0.0023339155
-0.0010089831
-0.0040743183
-0.004072721
0.0026932335
0.0082045594
0.014287062
0.01494396
0.015903645
0.014351463
0.020324893
0.021346116
0.022047845
0.019053399
0.020855835
0.020020691
0.016889439
0.014162536
0.011087267
0.0079517464
0.006195538
0.0046450565
0.0049487371
0.0053516472
0.0054148076
0.0052357988
0.0061200941
0.0063891756
0.0060529824
0.0059319488
0.0058578899
0.0054650793
0.0055195093
0.0053537002
0.0052382521
0.0063263788
0.0058994125
0.0046046671
0.0047937059
0.010577961
0.015848579
0.013091914
0.014737283
0.013791407
0.010331879
0.0096488842
0.005728861
0.0021081797
-0.00020458991
-0.002434773
-0.0063127174
-0.0050537352
-0.00020885944
0.0050167756
0.005585215
0.0062414541
0.0085973083
0.0078222249
0.0053886715
0.0017890128
0.0017937508
0.00030569694
0.0025497003
0.0015193413
-0.0020649395
-0.0096724951
-0.018567301
-0.022798705
-0.027182544
-0.030727952
-0.034782566
-0.03932253
-0.045516733
-0.052119849
-0.056202634
-0.059336576
-0.064707087
-0.066835939
-0.070926625
-0.074235693
-0.076401829
-0.075709724
-0.06949562
-0.064194561
-0.057383049
-0.050995547
-0.049278062
-0.051090916
-0.048140533
-0.035222211
-0.028754351
-0.0315116
-0.02511985
-0.019980923
-0.01647074
-0.012014411
-0.0079217792
-0.0061075178
-0.004254954
-0.00073444393
0.0057151122
0.010545028
0.015269236
0.017818898
0.019999471
0.022172529
0.026159525
0.029528731
0.027712784
0.028123917
0.031164413
0.034150088
0.03503288
0.032377353
0.031882038
0.030580231
0.026878004
0.0239507
0.022104554
0.020382019
0.016596362
0.013971104
0.0099637698
0.0087534222
0.0070580822
0.0055820858
0.0044802441
0.0027711294
0.00090063712
0.00030218026
-0.00020257281
-0.00020124247
-0.00031406568
0.00073674763
0.0015847584
0.0028129359
0.004031556
0.0051102503
0.0047506817
0.0049218902
0.0042098922
0.0039488099
0.0024495432
0.002152084
0.0010647027
0.0028636402
0.0011946267
0.004898408
0.0080338442
0.010082562
0.011100058
0.011670381
0.012234264
0.012404096
0.017106405
0.016623614
0.016501263
0.015503763
0.014983272
0.015227464
0.012011993
0.0073583547
0.004506789
0.0017216089
0.00091856916
0.00062093067
0.0024564208
0.0038053151
0.005039846
0.0059965321
0.0064095074
0.0053698664
0.0058844639
0.0064217075
0.0063219682
0.0063035932
0.0056700695
0.0065790877
0.0071727199
0.0083115595
0.0091756543
0.0089143051
0.012380522
0.019339463
0.020086955
0.017449709
0.015302989
0.013917308
0.011637519
0.010668423
0.0073452447
-0.0016147939
-0.0043966173
-0.0042274979
-0.0049771478
-0.0020988043
0.002648471
0.0065368552
0.0079289117
0.006002335
0.0081018441
0.0065329704
0.0070997569
0.0077295081
0.0059513181
0.0033882733
0.0010612861
-0.0013141353
-0.006066348
-0.0097759663
-0.018828112
-0.028839114
-0.033695308
-0.038161173
-0.0441598
-0.051249713
-0.056512618
-0.063788621
-0.065286374
-0.067076902
-0.073431595
-0.079844824
-0.084914573
-0.085711035
-0.083599712
-0.082170642
-0.081657579
-0.076652455
-0.07525188
-0.067290218
-0.063414515
-0.058704675
-0.049639698
-0.04149177
-0.038040254
-0.03390104
-0.029679467
-0.027004868
-0.024885287
-0.016643915
-0.011724798
-0.0055467554
-0.0011550439
0.0038292679
0.010491866
0.018783607
0.024174045
0.026683561
0.032559637
0.036398803
0.035735235
0.038739465
0.038969436
0.040201196
0.040898999
0.040892154
0.040367367
0.033063827
0.029578258
0.025546465
0.022613607
0.018556366
0.018920121
0.017181437
0.012621737
0.0096652215
0.0068425916
0.0053902816
0.0031497642
0.0020881934
0.00061796787
-0.00072679053
-0.00071701484
-0.00096003986
-0.00081945696
-0.00048678322
0.00097537036
0.0019400059
0.003325574
0.0037672901
0.0045959475
0.005198933
0.0055097392
0.0056913149
0.006096323
0.0058911111
0.0058431371
0.0053712344
0.0049525771
0.0051233872
0.004282191
0.0075241086
0.008396457
0.0086211163
0.009689172
0.010170447
0.010781021
0.010578967
0.011207097
0.011751921
0.013585853
0.012717732
0.012147583
0.012394097
0.010893694
0.0067069156
0.0025755067
-0.00021836166
-0.0012057476
0.00048052015
0.0026530209
0.0044423785
0.0060154509
0.0058289213
0.0058954817
0.0059083645
0.0069343432
0.0069256849
0.0075220891
0.0063835768
0.0070542704
0.0088254943
0.0097589763
0.010464765
0.014495904
0.015296628
0.020369089
0.022095117
0.020978928
0.014824438
0.015130262
0.013226692
0.016303658
0.010917216
0.0031020546
-0.0054131008
-0.0079400164
-0.0039026311
0.00071794578
0.0068569083
0.010058526
0.014650046
0.012579173
0.012996256
0.009331091
0.0080845931
0.0073640579
0.0047999282
0.0021421356
0.0011640615
-0.0044433136
-0.008113596
-0.012644549
-0.014557588
-0.019982763
-0.02878793
-0.036177479
-0.042473328
-0.049067609
-0.058956079
-0.06828626
-0.073106347
-0.075285932
-0.071340673
-0.065722605
-0.066583384
-0.074199936
-0.082119262
-0.079258928
-0.075452436
-0.070122379
-0.069066517
-0.064587626
-0.057898217
-0.052893523
-0.040725727
-0.035172713
-0.031102147
-0.03793808
-0.040639553
-0.035805435
-0.030486695
-0.024840918
-0.012940775
-0.0086856823
-0.0050279208
0.0036489877
0.010426758
0.018483273
0.024161153
0.029583831
0.033771146
0.039020531
0.042825958
0.045018183
0.043729464
0.042996014
0.044047845
0.043682256
0.040590741
0.038891394
0.033392952
0.027871034
0.023622181
0.019790695
0.017102318
0.013368613
0.011235716
0.0079316596
0.0063680539
0.0045522436
0.0040129818
0.0034294498
0.0021694157
0.00091313697
-0.00018766235
-0.00013498153
-0.00042083933
0.00021193945
0.0012127367
0.0022706619
0.0029812036
0.003316754
0.003620746
0.0040033113
0.0048896074
0.0056634806
0.0061140514
0.0069959518
0.0076782654
0.008499646
0.008774714
0.0081166174
0.010131787
0.010293762
0.0065821842
0.0062111562
0.0060149108
0.0069228774
0.0087852694
0.010220457
0.013589959
0.01361212
0.014411989
0.012301371
0.013424619
0.015942257
0.016007105
0.014191724
0.01100069
0.0042996074
0.00015753504
0.00022382664
0.0028818404
0.0050466546
0.0058407514
0.0064794227
0.0064879585
0.007458569
0.0074116924
0.0081367452
0.0080599762
0.0091430221
0.0088949793
0.0094266818
0.01248153
0.013386634
0.014869055
0.016256373
0.016809676
0.019932188
0.020967357
0.017104894
0.014666489
0.014030381
0.013044984
0.014635299
0.0090585728
0.0027620642
-0.0090539327
-0.012683587
-0.0068639393
0.00085332384
0.0076817391
0.0118914
0.015173233
0.013909656
0.010162832
0.0079609653
0.0074790936
0.0062368966
0.0028216037
-0.00077204265
-0.0053979116
-0.0061186913
-0.01147514
-0.015470372
-0.020944039
-0.024487324
-0.031155341
-0.041445296
-0.049609749
-0.058939772
-0.070633374
-0.076161803
-0.078640633
-0.072463542
-0.066645964
-0.066580279
-0.06869296
-0.070333612
-0.06806203
-0.061600044
-0.052627117
-0.060323755
-0.059149273
-0.051709304
-0.046310531
-0.035858047
-0.028454956
-0.02819226
-0.026009344
-0.032808756
-0.032878419
-0.025033587
-0.01987568
-0.014619694
-0.013506011
-0.0054199935
0.00432536
0.011805726
0.01869348
0.023576677
0.02897941
0.033523802
0.038274384
0.040344086
0.043152065
0.04606337
0.04524373
0.041914242
0.041817999
0.039123814
0.036758886
0.033142506
0.028655223
0.025925011
0.021226554
0.017857183
0.015347111
0.011789934
0.010030522
0.0068335468
0.0055911764
0.0046357195
0.0048551627
0.004858951
0.0033582158
0.0024806004
0.0025544201
0.0024699358
0.0026501859
0.0028541514
0.003512485
0.0041069539
0.0047347366
0.0047238876
0.005242998
0.0055433016
0.0061541103
0.0065279519
0.0074244079
0.0073961677
0.0089547659
0.01101108
0.012640966
0.013413261
0.01567706
0.010980915
0.0043409058
0.0047922339
0.0068840193
0.0092691872
0.010055446
0.012443351
0.015683526
0.021259343
0.021438124
0.019354683
0.016956207
0.013993865
0.014759361
0.014985391
0.011184925
0.0039658137
0.0010467221
0.002047899
0.0026012832
0.0045764937
0.0072729223
0.0079319883
0.0080022224
0.0084387538
0.0082375694
0.0093232055
0.0089588981
0.0097870612
0.011390538
0.010887549
0.01533485
0.017384171
0.01740915
0.016214485
0.014908953
0.017754929
0.01612233
0.014171077
0.01699987
0.017807484
0.017222181
0.018296595
0.013810987
0.0056785208
-0.0079878615
-0.010908352
-0.0047618315
0.0011092483
0.0065697495
0.010741711
0.014430306
0.0153484
0.014878943
0.014197372
0.012258989
0.013451126
0.012626538
0.0098674634
0.0071305186
0.0044746821
-0.0022013377
-0.0087607447
-0.014874965
-0.02463668
-0.031782845
-0.040202758
-0.051691664
-0.062277031
-0.067903552
-0.068379826
-0.062243585
-0.057646745
-0.054792608
-0.05325951
-0.050547354
-0.054111074
-0.050915483
-0.048211771
-0.049426467
-0.047534436
-0.041878532
-0.038444011
-0.034533434
-0.028558572
-0.027506648
-0.033285848
-0.034315549
-0.034186307
-0.028124814
-0.023125233
-0.01312164
-0.0082912474
-0.0026604554
0.004650906
0.012670766
0.017439572
0.022591579
0.027051557
0.027665106
0.031329785
0.034899607
0.036672106
0.040229335
0.040814678
0.037363319
0.035104831
0.032627208
0.03053182
0.028203994
0.025783531
0.023522928
0.020233772
0.017811033
0.015204231
0.013594418
0.012238355
0.010069036
0.009433675
0.0084960913
0.0071219149
0.0065432691
0.0059530331
0.0057192825
0.0053523487
0.0053800001
0.0060944997
0.0065996393
0.0066130403
0.0064782567
0.0070219827
0.0078101902
0.0076143335
0.0074615865
0.0077714282
0.0080213562
0.0082996843
0.0092944211
0.010293687
0.010821311
0.011901375
0.01206815
0.015708251
0.017391978
0.0065986679
0.0043875344
0.006857591
0.0089751258
0.013304901
0.011804351
0.015578501
0.020281795
0.02387205
0.023287062
0.02146123
0.018547372
0.018079743
0.017292697
0.015598559
0.0082401305
0.0041602297
0.0035288365
0.004042509
0.005959557
0.0063356402
0.0074913814
0.0095860261
0.0094477397
0.010638856
0.009834225
0.010914718
0.01115433
0.013096981
0.014040126
0.015001141
0.016527383
0.01788306
0.017408834
0.013591287
0.013985872
0.014358603
0.014855748
0.015932031
0.017182701
0.019302416
0.019700189
0.018779339
0.013718993
0.0064401798
-0.0032162948
-0.0057678094
0.00072852192
0.0029566567
0.0045239791
0.0073500114
0.011953001
0.01596285
0.018591304
0.02071755
0.020855118
0.020934473
0.021113214
0.019127045
0.018945769
0.012786278
0.0085598452
0.0014173743
-0.0063870675
-0.015302603
-0.025114599
-0.036313886
-0.04689974
-0.055391478
-0.05691833
-0.056478764
-0.053026496
-0.056171753
-0.056303041
-0.053357951
-0.050182991
-0.052744419
-0.052856204
-0.047777835
-0.047773934
-0.045983032
-0.046470916
-0.040826254
-0.042451405
-0.03974866
-0.039694236
-0.035164761
-0.032633412
-0.029833609
-0.024356182
-0.018417252
-0.011584856
-0.0055216218
-0.0015852954
0.0039212628
0.0089774009
0.015187438
0.019270045
0.020798891
0.021184978
0.023737312
0.025216002
0.027838632
0.02898543
0.029801747
0.027581787
0.026593871
0.023671575
0.021172898
0.01995332
0.016911699
0.016512206
0.014636851
0.014360516
0.012651173
0.011674086
0.010710811
0.0085645972
0.0076960569
0.0079296373
0.007257952
0.0062259345
0.0066761858
0.0063826647
0.0053917135
0.005927266
0.0070846373
0.0074207675
0.0075459089
0.008035935
0.0085138837
0.0086185875
0.0081468221
0.0079025546
0.0076493945
0.0079877937
0.0084929285
0.0095249759
0.0095543337
0.009249011
0.0091147688
0.008605281
0.012835934
0.015453361
0.0081064573
0.0040227475
0.0056444734
0.010411673
0.014836185
0.014856201
0.015424517
0.016417634
0.016829546
0.017241814
0.01728941
0.015492289
0.013269423
0.010315471
0.0064899069
0.0035848049
0.0031383981
0.0046676466
0.0061628306
0.0086274242
0.0081271051
0.0085451519
0.010462186
0.012053512
0.012886905
0.012875316
0.01283802
0.014163316
0.015113146
0.016613643
0.017020744
0.016209466
0.017810011
0.018580743
0.014349859
0.015466946
0.016005053
0.016833197
0.018654448
0.018136786
0.019648704
0.023277998
0.020677284
0.015774659
0.006935289
-0.00098103844
-0.002069504
0.001486598
0.0041051426
0.0050051224
0.0068467101
0.0099690827
0.013983931
0.017521723
0.020538513
0.022677764
0.020617237
0.02035937
0.01802676
0.016252142
0.012262544
0.0084684839
0.0017916566
-0.0025955587
-0.0094202069
-0.020335691
-0.030896894
-0.042480543
-0.04979169
-0.052499912
-0.050460596
-0.05424538
-0.057651458
-0.055613997
-0.056532773
-0.0525529
-0.052687589
-0.0517325
-0.043065854
-0.045154752
-0.045606586
-0.042465183
-0.040629675
-0.042532578
-0.03702022
-0.035121022
-0.032564131
-0.030877924
-0.028763496
-0.023995299
-0.018384382
-0.013960486
-0.007559922
-0.0059891621
-0.0011199642
0.0024977898
0.0050581474
0.0057344148
0.0072994445
0.009222695
0.010044856
0.014454979
0.016983848
0.017496563
0.020715694
0.020080192
0.017281159
0.015360564
0.013599862
0.011843323
0.011390388
0.011651714
0.010811988
0.01012287
0.0089371789
0.0069068226
0.0070888393
0.0054378031
0.005121496
0.005268856
0.0054619679
0.0044926329
0.0045858504
0.0042663696
0.0039314172
0.0040162137
0.0049748477
0.0039881925
0.0041027625
0.0054870027
0.0056338782
0.0060765672
0.0053568461
0.0045034868
0.0048461427
0.0058582023
0.0061823915
0.0065939093
0.0064287729
0.0052861762
0.0054412832
0.0063745565
0.0076070662
0.0089742254
0.0072518428
0.0031616065
0.0015787732
0.0069729883
0.0094895317
0.012575783
0.012310198
0.0091652814
0.0079847256
0.0089087541
0.0093817523
0.0086245294
0.0061134268
0.0034988957
0.0019839475
0.0020523301
0.0012815324
0.0051924543
0.0079145502
0.0081384762
0.0080606245
0.010697644
0.011613522
0.011475176
0.013032969
0.015996
0.01341923
0.014980454
0.017905474
0.017862122
0.017948345
0.017990002
0.018693437
0.018341242
0.016585776
0.016592853
0.016387458
0.017233848
0.017815392
0.0165273
0.018416465
0.017885159
0.01840004
0.01572416
0.0086931472
0.00095709302
-0.0046305092
-0.003728998
-0.0014021705
-0.00076533515
0.0012237217
0.0028076433
0.0056469735
0.0090144687
0.013214546
0.014968612
0.015054161
0.013506075
0.011220631
0.0087783918
0.0055330868
0.0014304342
-0.0020560618
-0.009071339
-0.015741541
-0.022745922
-0.034701424
-0.042683205
-0.048561355
-0.05132458
-0.053517093
-0.054085402
-0.056853336
-0.061437894
-0.063935258
-0.060677586
-0.055108725
-0.045700331
-0.044203397
-0.042272644
-0.042160962
-0.041867503
-0.039630619
-0.034786927
-0.031346546
-0.028492363
-0.026560292
-0.022048619
-0.021947738
-0.019325749
-0.01576599
-0.011721256
-0.011342407
-0.0097077001
-0.0068095242
-0.004282916
-0.002661877
-0.0014654752
0.0015331401
0.0020270459
0.0035840237
0.0050361845
0.0088310648
0.009569142
0.011503562
0.012882505
0.010814423
0.0099174637
0.0071748157
0.004135291
0.0049642019
0.0043914708
0.0040365654
0.0028355514
0.0012889088
-0.00034051837
-7.0335817e-05
-0.0012140349
-0.00087429512
-0.0015585123
-0.0014301857
-0.0028867718
-0.0026811696
-0.0024033396
-0.0021667167
-0.0012001106
-0.0010128902
-0.0014402168
-0.0025709953
-0.00069774963
0.00042701341
-0.00041510895
0.00044657855
0.0017210544
0.0014076069
0.0012260279
0.0026462982
0.0024968109
0.0033419916
0.0032250961
0.0044958485
0.0049335232
0.0033200624
-0.00020556654
0.00098158227
0.0033009629
0.0016043975
0.0014792332
0.0021640628
0.0053342313
0.0068039289
0.0043110926
0.0024234826
0.0014574965
0.0018387711
0.0011598939
9.7323767e-05
-0.00081426983
-0.0015172957
-0.00074189901
0.00064699472
0.0024580209
0.0033370708
0.0063183412
0.0087871575
0.0080799184
0.010682373
0.013043283
0.015656763
0.016831904
0.01561552
0.015304015
0.016707804
0.01671475
0.017050284
0.014219009
0.01288396
0.011883696
0.013573228
0.01328645
0.01211649
0.01229422
0.010226433
0.010595231
0.010413881
0.010106771
0.0097669426
0.0090835981
0.0080271658
0.0055144426
0.0013460401
-0.0013336754
-0.0023075178
-0.0026483558
-0.0014781126
-0.00068189433
0.00079206954
0.0023136092
0.003420022
0.0054263903
0.0067780404
0.0055484464
0.0046603142
0.0029952338
-0.00046119308
-0.0069263231
-0.010303279
-0.016519018
-0.02040335
-0.027151075
-0.035916293
-0.041920839
-0.047219478
-0.050568257
-0.053729844
-0.053163831
-0.056799306
-0.058566202
-0.062547606
-0.060830863
-0.04965918
-0.044858086
-0.041226802
-0.036934038
-0.036060583
-0.036063298
-0.033482294
-0.02658294
-0.024698869
-0.022959144
-0.01921316
-0.016591387
-0.013371375
-0.011543719
-0.0083264761
-0.0052120502
-0.0016857629
-0.0011703202
-0.00022090178
0.0016935864
0.0025143514
0.0045094755
0.0077896573
0.0080706396
0.010089332
0.012065627
0.01364035
0.013118421
0.010567908
0.010231419
0.0057474104
0.0023849073
-0.00094127439
-0.0029218976
-0.0029266148
-0.0051838785
-0.0070879351
-0.0096312061
-0.0095366822
-0.0092061876
-0.011101978
-0.014343651
-0.013996924
-0.01351861
-0.014248487
-0.013996634
-0.013483052
-0.011605236
-0.012678977
-0.01122358
-0.0091012089
-0.0061578603
-0.0049243145
-0.0011145782
2.0721999e-05
0.00057180867
0.0011023219
0.0026925835
0.0016329378
0.0015778886
0.0023381711
0.0023001157
0.0032762499
0.0044055839
0.0038604298
0.0036604043
-0.00010744565
-0.004611635
-0.0033081272
0.00017700604
0.0024265108
0.0017452881
0.0020791829
0.0024004307
0.0032019952
0.0012368211
0.00028023926
-0.00064766413
-0.00062752545
-0.0026332297
-0.0026446261
-0.0024578974
-0.0029927097
-0.00049346047
0.0011138648
0.0021556745
0.003607604
0.0059586113
0.0089330393
0.01029109
0.011649557
0.01271062
0.015762325
0.016435826
0.016188843
0.015597105
0.014607354
0.013687395
0.01335723
0.012997057
0.011031547
0.010380825
0.0097187647
0.0096191801
0.011524681
0.011397451
0.0090669002
0.0083106811
0.0072950078
0.0074229272
0.0067283471
0.0066091233
0.0069890955
0.0084584038
0.0095448371
0.005488516
0.00098575557
-0.001777851
-0.0033013131
-0.00086079642
0.00022298133
0.0012994798
0.0023191707
0.0012579154
0.0025899131
0.00067364119
0.00017680823
-0.0014329261
-0.0048427378
-0.0084941679
-0.011944102
-0.016067273
-0.022311062
-0.028025906
-0.03229408
-0.037553375
-0.040631872
-0.041529127
-0.041318431
-0.04211906
-0.044852689
-0.04735013
-0.050361663
-0.050018718
-0.042573237
-0.034794715
-0.030915534
-0.027332712
-0.028024329
-0.028101002
-0.02401833
-0.017673897
-0.013741105
-0.010318436
-0.010901522
-0.0095126659
-0.0073357823
-0.0042044626
0.00066246104
0.0043952922
0.0052986861
0.0078923477
0.007896629
0.0084275104
0.010122914
0.011444284
0.014374964
0.014522157
0.015390468
0.016087802
0.013996272
0.011725785
0.010558279
0.0071578137
0.0028175213
-0.0012399597
-0.0052277448
-0.0066700126
-0.0070046483
-0.010304233
-0.012197117
-0.012719568
-0.013287944
-0.013670902
-0.015466718
-0.016196596
-0.014946954
-0.01458752
-0.015573259
-0.014678752
-0.013198934
-0.01373769
-0.013483619
-0.012482909
-0.010113865
-0.0089148417
-0.0042407036
-0.00057445959
0.004031365
0.0069340592
0.0068636401
0.0061722058
0.0040508115
0.0011582389
0.00097938658
0.00080703055
0.0018143618
0.00029805449
0.00082341989
-0.0012610457
-0.0047299596
-0.0044905152
-0.002146217
0.0013287646
-0.0019622491
-0.00021890276
-0.00055357678
-0.00047374189
-0.001984814
-0.0040442835
-0.0042433816
-0.003508827
-0.0024241965
-0.0028422603
-0.0029216341
-0.0022651227
-0.0026300008
-0.0031164272
-0.0018865919
-0.0014918633
0.0016369422
0.0034720362
0.0055733946
0.0093744498
0.012837292
0.015541152
0.015771503
0.015642754
0.018409157
0.01861357
0.017308072
0.015536596
0.013970021
0.016121993
0.01468694
0.01136272
0.0099075791
0.010074966
0.01106449
0.0097467374
0.0094943936
0.0093690392
0.0095042243
0.0075862784
0.0074096246
0.0072754987
0.0099681245
0.0092742352
0.012449519
0.011805914
0.0062125055
0.0035618718
0.0026617163
0.0017505577
0.0020203839
0.0026385288
0.0033237602
0.0030440806
0.0026828837
0.0016217433
1.1266861e-05
-0.0018036614
-0.0030482178
-0.0046587529
-0.0072661235
-0.011989262
-0.018552323
-0.024035415
-0.026201708
-0.026552172
-0.028995888
-0.027437939
-0.028862855
-0.029336049
-0.032058405
-0.031554198
-0.033282786
-0.03155197
-0.027457194
-0.021856293
-0.019312537
-0.018173602
-0.017220007
-0.015570447
-0.012904511
-0.0094364669
-0.0047575609
-0.0024910508
-0.0035762403
-0.0018250895
0.00185472
0.0051321885
0.0071919387
0.0094422783
0.010489682
0.012273619
0.012198287
0.011721932
0.011480106
0.013281094
0.014281651
0.015788049
0.014984522
0.015075497
0.011199126
0.0090013901
0.0069089561
0.0049438266
0.0018327273
8.0341552e-05
-0.0029210083
-0.0067556005
-0.0079043576
-0.0095731971
-0.01166377
-0.01286276
-0.014277229
-0.016286174
-0.017085496
-0.017071625
-0.016494748
-0.014710874
-0.013930678
-0.01371198
-0.013316894
-0.011650122
-0.012120423
-0.011375579
-0.0081584004
-0.0056250625
-0.0017306009
0.00048162514
0.006546924
0.0086021286
0.0098389369
0.0084964825
0.005216817
0.0031500214
0.0019204219
0.00085244054
0.00041650691
-8.1854804e-05
-0.001222785
-0.0039467317
-0.0028753755
-0.0016860804
-5.6729444e-05
0.00048622207
-0.0001959859
-0.00072876479
-0.00066708303
-0.0018095676
-0.0026935505
-0.0044981957
-0.0047347066
-0.0042648843
-0.0036286969
-0.0038949799
-0.0048285875
-0.005178434
-0.0058839234
-0.0061977807
-0.0054916334
-0.0049343808
-0.0033768505
-0.00083658789
0.0018446251
0.0053362883
0.010267797
0.014103961
0.015098356
0.016011895
0.018181947
0.020153268
0.021185406
0.019983528
0.018097656
0.018034511
0.015914308
0.01330472
0.011994106
0.0096224979
0.0089834655
0.0077794422
0.0092335159
0.0076632861
0.0085899499
0.0083272241
0.0084611192
0.0084378226
0.010568647
0.0097356993
0.01248613
0.011869104
0.0088101835
0.0077608532
0.0060565215
0.0060696007
0.0052054415
0.0054833567
0.0042683438
0.0041142563
0.0037967752
0.0043088316
0.003026181
0.0020270193
-3.5046931e-05
-0.00049410386
-0.0021350443
-0.0046409658
-0.0098425383
-0.013598302
-0.016643497
-0.017799164
-0.018397214
-0.018111174
-0.017747339
-0.016764847
-0.018765018
-0.019103145
-0.017331777
-0.015593434
-0.013084931
-0.011628792
-0.010192629
-0.0073127599
-0.0054633359
-0.0057854976
-0.0046143785
-0.0023050605
0.00053272938
0.0036122337
0.003870591
0.0055438034
0.0077537647
0.0096672638
0.01134836
0.011970581
0.011330545
0.012070996
0.012322101
0.01194919
0.012195203
0.012062416
0.012526376
0.012243008
0.011358806
0.0094066774
0.0072768436
0.0054010803
0.0040161894
0.0031110402
0.00059250049
-0.0013509092
-0.0033059424
-0.0064583333
-0.0091875807
-0.01040945
-0.010191253
-0.012835644
-0.01410115
-0.017187074
-0.018905727
-0.019325052
-0.018635186
-0.016893287
-0.015897144
-0.013684449
-0.011919327
-0.011604732
-0.011822639
-0.0097766663
-0.0076649043
-0.0050701991
-0.0019699357
0.0027710221
0.0061216283
0.0089698619
0.0079293001
0.0072669502
0.0066622477
0.0041082606
0.0015266926
0.00072502855
-0.00058581707
-0.0032613674
-0.0027207863
-0.0026416936
-0.0010609184
-0.00061405852
0.0016473913
0.0019252703
0.00086049966
-0.00014236932
-0.00049838916
-1.1625367e-05
-0.0013176223
-0.0025343817
-0.0027077997
-0.0026833418
-0.0026084069
-0.0030697641
-0.0038737362
-0.0042157266
-0.0052220464
-0.0072010524
-0.0074427029
-0.0081602675
-0.0086964261
-0.0068129618
-0.0043634315
-0.00042422346
0.0041341039
0.0075228275
0.010383566
0.014408011
0.015856485
0.019365165
0.02031255
0.019989165
0.020120658
0.018021124
0.015879408
0.014788044
0.01382783
0.012329434
0.010104224
0.0086932746
0.0086853595
0.009092617
0.0089892721
0.0092031513
0.0092508185
0.0088127498
0.0098207114
0.010448065
0.010051648
0.011275914
0.011388307
0.0097079858
0.0090379656
0.0076046847
0.0075027967
0.0075084743
0.006378399
0.0052415058
0.005205032
0.0057285703
0.0050763423
0.0047402917
0.0038281782
0.0033887522
0.0020183475
0.00079856108
-0.0021916316
-0.0052196846
-0.007665972
-0.0087267218
-0.010425639
-0.0094293636
-0.0082288504
-0.0086768301
-0.0095146668
-0.010548855
-0.0081025562
-0.0069297647
-0.0069716166
-0.0050743252
-0.0042737879
-0.0016117575
0.00096892878
0.00012730771
-0.00026851213
0.00084182029
0.0027456371
0.004468026
0.0065284404
0.0087831261
0.0095083972
0.0096445702
0.010765301
0.011326356
0.010408328
0.0093598224
0.0089259506
0.0081962091
0.0074503858
0.0074232525
0.0077098801
0.0073275264
0.0066408761
0.0051520174
0.0046367351
0.0028931137
0.0010724282
-0.00032222983
-0.002666789
-0.0036389621
-0.0047221336
-0.0084070964
-0.010478839
-0.011348812
-0.011141828
-0.011911225
-0.01314761
-0.013826555
-0.015227176
-0.016531106
-0.015706904
-0.015337783
-0.015010186
-0.014555819
-0.013758873
-0.012076446
-0.011011208
-0.010489181
-0.010836814
-0.0085216247
-0.0040659512
-0.0010164349
0.0018679969
0.0049853442
0.0055149262
0.0056413719
0.0056617344
0.0042857219
0.00085307696
-0.0015105114
-0.001617079
-0.0034032535
-0.0031483108
-0.0016268157
0.00018583839
0.0019011764
0.0020190269
0.0030307053
0.0020840025
0.001246374
0.0012737492
0.00070696579
0.00044551778
-0.00010744828
-0.0010020414
-0.0015234945
-0.0018210973
-0.0022839909
-0.0032474719
-0.004512961
-0.005063887
-0.0063746338
-0.0073709378
-0.0078510624
-0.0083558261
-0.0084722443
-0.0084341936
-0.0069192855
-0.0035620471
0.00094422514
0.0031749464
0.0056931526
0.010803918
0.01342729
0.016356118
0.017781182
0.018177237
0.012957998
0.013735516
0.012459826
0.011605825
0.011149101
0.011452689
0.010020074
0.009845523
0.0095096199
0.0093373847
0.009547957
0.009355491
0.010893836
0.011557711
0.012106995
0.011335394
0.014005088
0.014526234
0.013456634
0.012762775
0.011762694
0.011624258
0.010541514
0.0099671221
0.0092318501
0.0083420754
0.007694466
0.0072939511
0.0069820341
0.0064156508
0.0060695325
0.005842599
0.0052460517
0.0034268713
0.0018529955
-0.0010185752
-0.0023555916
-0.0034699158
-0.0025037954
-0.0015448513
-0.0023273132
-0.0019804474
-0.0020746578
-0.0037054402
-0.0037069105
-0.003443808
-0.0026274215
-0.00063463126
0.0011135784
0.0041107536
0.0027417254
0.0011375741
0.0007173889
0.0019391289
0.0039526455
0.0041834786
0.0063602626
0.0077204829
0.0081468191
0.0082927016
0.0080750448
0.0080195534
0.0080186573
0.0075909093
0.0061330465
0.0048765568
0.004889236
0.0053712966
0.0053353978
0.0043491831
0.0042881921
0.003411539
0.0031209506
0.001428765
-0.00022138849
-0.002353137
-0.0043426413
-0.0063972113
-0.008345705
-0.010054408
-0.011296422
-0.010044579
-0.0093393655
-0.010130031
-0.0094501717
-0.0090500275
-0.0099084114
-0.0087433977
-0.0099143464
-0.011253523
-0.011482676
-0.010035583
-0.010540425
-0.0094240039
-0.0099565832
-0.009790472
-0.0090227023
-0.0052411816
-0.0025131664
-0.00026213068
0.00137404
0.0038620754
0.0056481041
0.0042102904
0.0046718062
0.0017687812
0.00099578794
0.00028817894
-0.00048583628
-7.6702568e-05
0.00036597479
0.0009051696
0.0027850484
0.0022543202
0.0022826519
0.0018176261
0.0010938954
0.0014224583
0.00060953137
0.00074747448
0.00097406526
0.00020070939
-0.00075928077
-0.00126933
-0.001510861
-0.0014753567
-0.0032377992
-0.0046858539
-0.0052984599
-0.0063945849
-0.0062919507
-0.0066615158
-0.0063502126
-0.0062631642
-0.0065858062
-0.0045870349
-0.0015920724
0.00049653981
0.0021746694
0.0048407982
0.0066394661
0.0086280338
0.010942684
0.012586412
