0.0045368292
0.0039598562
0.0033907114
0.0028876955
0.0020811927
0.0011410253
0.0035150403
0.011012613
0.015490909
0.014798873
0.014441158
0.013610521
0.010922737
0.0055128784
0.0041815002
0.0011534081
0.0013480782
0.001649817
0.0026210258
0.0056630519
0.0098940203
0.012833477
0.011490285
0.011808026
0.010020234
0.0066534758
0.0044224685
0.0013153985
-0.00076975118
-0.00080399187
-0.00014726971
-0.00068928084
-0.0011175049
-0.0031697925
-0.0054478235
-0.0065840366
-0.0065642893
-0.0085893524
-0.0113663
-0.013625753
-0.014072695
-0.014871031
-0.016378082
-0.01828111
-0.019978218
-0.020954568
-0.019177363
-0.017570845
-0.0177491
-0.019296938
-0.020102248
-0.021079394
-0.026212649
-0.029610885
-0.02956221
-0.027421917
-0.023852341
-0.01934924
-0.014842747
-0.013865808
-0.015454807
-0.017707297
-0.01780801
-0.0194567
-0.017069568
-0.014924624
-0.015386387
-0.015619465
-0.017045886
-0.01790117
-0.017246039
-0.015240637
-0.014829537
-0.011928318
-0.0088877529
-0.0070340273
-0.0040691176
-0.0017639446
0.0004046269
7.6640947e-05
0.00026198232
0.0012735013
0.0047756929
0.0091799125
0.014234373
0.016108156
0.016476074
0.014576902
0.0094076769
0.008692464
0.0094089048
0.011767285
0.014285757
0.017369631
0.015627125
0.01279128
0.0089285688
0.0059500389
0.0026286695
0.0019355917
0.0007195607
0.00069539303
0.00054487651
0.00072417713
0.0011876372
0.0017418308
0.0013274231
0.001491528
0.001053596
0.0005350645
0.00084881407
-0.00014859207
-0.00062950082
0.00034404447
0.00012244425
0.0002938753
0.0014686911
0.0048353299
0.0059997646
0.0098592549
0.012111005
0.01282057
0.01363709
0.015394975
0.015980163
0.013535282
0.014429439
0.017502695
0.017717502
0.015976834
0.014618249
0.013950835
0.012671103
0.0094689522
0.007481069
0.0066482969
0.0059674402
0.0056912729
0.0052047389
0.0049031187
0.0051898816
0.0047230156
0.0046376309
0.0045774172
0.0048880687
0.0050891243
0.0041972344
0.0036846792
0.0022264333
0.0029071146
0.0080196654
0.013664825
0.016210269
0.015252529
0.012523463
0.0097047619
0.0073338935
0.0065961499
0.00087428753
-0.00085545127
-0.00068094384
-0.0025855306
-0.0004329204
0.0045948311
0.0096321889
0.010957588
0.0082222474
0.0089066329
0.010522428
0.006730576
0.0018820002
-0.0026735952
-0.0022561641
-0.0016182103
-0.0017474084
-0.0041734615
-0.0060434441
-0.0096130078
-0.012433522
-0.013143919
-0.0133345
-0.015074111
-0.018875376
-0.022229625
-0.024114275
-0.027084242
-0.029585887
-0.032257842
-0.034893852
-0.035643781
-0.033477764
-0.034118691
-0.032289152
-0.030419098
-0.030631103
-0.033068647
-0.037337148
-0.037854231
-0.035596983
-0.032869521
-0.02794005
-0.022269506
-0.018394294
-0.018002494
-0.016584233
-0.015254711
-0.014855265
-0.014206712
-0.011017966
-0.010620133
-0.0090661571
-0.0082644411
-0.0095294404
-0.0094438284
-0.0086254281
-0.0053205032
-0.0041940659
-0.003315119
4.3932369e-05
0.0036633856
0.0054067187
0.0075606407
0.010143176
0.012081882
0.011241596
0.012877866
0.015807329
0.017004379
0.019492117
0.020127919
0.016844386
0.014769665
0.013046857
0.012413971
0.014424947
0.016125616
0.016257093
0.01579008
0.013166742
0.0089405218
0.00625683
0.0032061318
0.00056095433
0.00048002927
0.00021879135
0.00035327887
0.0015660212
0.001915053
0.0020220226
0.002256123
0.0019867457
0.0015539053
0.00040184119
-0.00047041325
-0.00052035291
-0.0014160319
-0.0017946431
-0.0014132523
0.0005522831
0.00056284305
0.0014072974
0.0062102997
0.011880475
0.015857603
0.015403687
0.019329265
0.020758709
0.020852544
0.02119868
0.020969547
0.019515021
0.020301006
0.019335145
0.016519074
0.013241053
0.011177137
0.01018227
0.0072971782
0.0060755075
0.0059469196
0.00624577
0.0059670429
0.0058980308
0.0058007391
0.0055765271
0.0056013776
0.0047709091
0.0048875816
0.0059753548
0.0054817685
0.0053802603
0.0050883424
0.0032122686
0.0020652491
0.0079021163
0.011684347
0.011906761
0.014786275
0.013927652
0.0085973888
0.0054046648
0.0041919376
0.0043954477
0.0027650837
-0.00075497401
-0.0060495292
-0.0062733718
-0.00019452259
0.0083455827
0.0085208764
0.0067844449
0.0081616698
0.0081591465
0.00392921
-0.00077155736
-0.0035223733
-0.0019854884
-0.000351412
-0.0016248137
-0.0050687625
-0.010606997
-0.016371738
-0.021124217
-0.022531185
-0.022797975
-0.02665844
-0.029919104
-0.034380633
-0.037676624
-0.043169247
-0.047143689
-0.050494284
-0.051658318
-0.052924033
-0.053606425
-0.055581426
-0.055773468
-0.048395547
-0.046254655
-0.047121471
-0.044127805
-0.044676584
-0.044996423
-0.041183558
-0.03111119
-0.022483035
-0.024281725
-0.022203917
-0.018528695
-0.01511184
-0.011218116
-0.011363935
-0.0086348308
-0.0069085887
-0.0038103098
-0.0014140704
0.00081078702
0.0026490114
0.0025163712
0.0047014815
0.0077920011
0.01057814
0.014352979
0.015189701
0.015401819
0.017602795
0.020878174
0.022389315
0.022076551
0.023830924
0.02509721
0.024237373
0.021908906
0.020404853
0.019385213
0.018186044
0.015336885
0.012948638
0.013572591
0.012358739
0.010942863
0.009291992
0.0065246882
0.0038445776
0.0012334945
-0.00013074082
-0.00055007728
-0.0009021249
5.9581941e-05
0.001354875
0.002762765
0.0024977972
0.0030299506
0.0029665939
0.0030535862
0.0021451387
0.0018487651
9.8920104e-05
-0.00049605818
-0.0019352379
-0.00059633838
-0.0034139388
-0.003211214
0.0036459788
0.0088835037
0.013966074
0.014287461
0.014973335
0.01302287
0.019888788
0.021294377
0.022066242
0.018794434
0.020809109
0.020258614
0.017442638
0.014783128
0.011667736
0.0083179862
0.0066197207
0.004956339
0.0051959613
0.0055313793
0.0055707053
0.0053910019
0.0062046749
0.0064317707
0.0061238466
0.0059756323
0.0059888988
0.0056736264
0.0058759512
0.0056710307
0.005671588
0.0068201536
0.0066152288
0.0052800371
0.0056220284
0.011065357
0.015590321
0.01273499
0.014172234
0.01360151
0.010274143
0.0097267892
0.0058372735
0.0020427288
-0.00016624223
-0.0020286539
-0.0063467525
-0.0056092102
-0.00058779506
0.0048713655
0.0054172392
0.0058206939
0.0083693556
0.007374098
0.0044942159
0.00093982694
0.00096902002
-0.00075532772
0.0011825341
-9.0036906e-06
-0.0034491958
-0.010805624
-0.019254582
-0.023119082
-0.027396084
-0.03105767
-0.0347982
-0.03882683
-0.045219115
-0.05265254
-0.057065399
-0.060791702
-0.066348588
-0.068875435
-0.073422241
-0.076803857
-0.078979059
-0.07840327
-0.071934227
-0.066649846
-0.059935498
-0.053249333
-0.051477867
-0.053455219
-0.051226908
-0.038315373
-0.03192243
-0.034580504
-0.027477357
-0.02213694
-0.018364118
-0.013628123
-0.0094777064
-0.0073794894
-0.0050454188
-0.00096568809
0.0047244321
0.0092997861
0.014050575
0.016582268
0.018807424
0.021273253
0.025800828
0.029423607
0.027485105
0.028402376
0.031499337
0.034569916
0.035254791
0.032621336
0.031657169
0.030374272
0.026861367
0.023763695
0.0218195
0.020118525
0.016436628
0.013652732
0.0099317511
0.008607073
0.0069717844
0.005436358
0.0043737976
0.0026550611
0.00094486528
0.00029298466
-6.3535225e-05
-0.00024232292
-0.00025697353
0.00078823566
0.0016136121
0.0026834026
0.0039920222
0.0050902093
0.0049090907
0.0050632309
0.0045599092
0.0043428031
0.0030061025
0.002542544
0.0015810441
0.003243621
0.0021250948
0.0062324504
0.0090552556
0.010860673
0.011186877
0.011019989
0.011474485
0.011929883
0.017214518
0.016898438
0.016615806
0.015503577
0.014706049
0.015281874
0.012185175
0.0078525207
0.0044983575
0.001519108
0.00083665408
0.00053060291
0.0022955742
0.0037329537
0.0048893394
0.0058346466
0.006216487
0.0051974194
0.0057858801
0.0063435234
0.0062909814
0.0063420415
0.0058569723
0.0067768981
0.0074459817
0.0086729479
0.0095524278
0.0093492632
0.012672652
0.019691991
0.020183741
0.017101934
0.015141539
0.013727536
0.011537746
0.010715256
0.0074072377
-0.0013565924
-0.0038919481
-0.0037203126
-0.0049568025
-0.0024276476
0.0022694185
0.0061177466
0.007661482
0.0058305962
0.0075366083
0.0054476852
0.0053425333
0.0057584757
0.0042966377
0.0015090272
-0.00084900908
-0.0031522439
-0.0077630081
-0.011369332
-0.019750839
-0.029562143
-0.034041667
-0.038202225
-0.043686845
-0.050722933
-0.056505756
-0.064455393
-0.066329846
-0.068580638
-0.075042892
-0.081587347
-0.086989344
-0.08762583
-0.085764646
-0.084491771
-0.084215224
-0.079502403
-0.078328112
-0.070441486
-0.066461201
-0.061889444
-0.053165309
-0.044825642
-0.040931472
-0.037102496
-0.032161037
-0.029119346
-0.027040347
-0.019279329
-0.014028601
-0.0075641981
-0.0028259441
0.0026067854
0.0089355875
0.016915524
0.02283175
0.02561831
0.031322955
0.035091064
0.03513715
0.038521733
0.038716748
0.04029313
0.041323063
0.040948656
0.040284421
0.033269392
0.029516516
0.025496052
0.022769692
0.018172701
0.018789523
0.017246442
0.012855502
0.0098448739
0.0067298665
0.0053387036
0.0029781157
0.0020168214
0.00052677216
-0.00075333543
-0.00066960122
-0.00078769536
-0.00073076824
-0.00029637218
0.0010750763
0.0019765226
0.0030828212
0.0036245939
0.004336068
0.0050584129
0.0053550393
0.0057003619
0.0062601363
0.006127563
0.0061170359
0.0056622998
0.0053183537
0.0054265493
0.0051154741
0.0080771705
0.0088091452
0.0090345472
0.0096585522
0.0098657459
0.010282177
0.011169404
0.011650363
0.012284471
0.013659794
0.012596299
0.011985099
0.012089609
0.010791108
0.0067730884
0.002005688
-0.000900373
-0.0016147203
-1.6061134e-05
0.0019225884
0.0037880502
0.0055242342
0.0052989269
0.0053419136
0.0054490091
0.0066032766
0.0067143993
0.0074295426
0.0063920733
0.0071118373
0.0088889505
0.0099037355
0.010456576
0.014451004
0.015317463
0.020597777
0.022356262
0.021005528
0.014949176
0.014867955
0.012739661
0.015844834
0.010738083
0.0028078803
-0.0055192166
-0.007980865
-0.0047994806
-0.00034501236
0.0059917672
0.0091843182
0.013518486
0.011548326
0.011634876
0.0077713864
0.0058071947
0.0050364427
0.0023207518
-0.00022438115
-0.0010820899
-0.0067035496
-0.010351114
-0.014228363
-0.015884158
-0.021143059
-0.029712945
-0.036376009
-0.042072215
-0.04874383
-0.058599966
-0.06799526
-0.07306189
-0.075454724
-0.072332401
-0.066520457
-0.067398675
-0.075110887
-0.083744
-0.081182526
-0.077792249
-0.072328149
-0.071704425
-0.067649063
-0.060670731
-0.055795032
-0.04384354
-0.037613717
-0.033111046
-0.040016498
-0.042797591
-0.038118562
-0.03279161
-0.027477388
-0.015800419
-0.011261722
-0.0077618522
0.00095718814
0.0082668511
0.016897815
0.022789527
0.028339088
0.032542921
0.037892279
0.041937037
0.044478901
0.043814552
0.042832669
0.043916448
0.043521213
0.040443304
0.038557512
0.033112601
0.027519794
0.023532728
0.019866741
0.01751145
0.01373842
0.011694438
0.0083745953
0.006746724
0.0047394604
0.0042277189
0.0035591838
0.0023647844
0.00088960688
-0.00025442059
-0.00036855001
-0.00071828664
-3.0296911e-05
0.0012310277
0.0020760676
0.0028321046
0.0029877182
0.0033223527
0.0035701464
0.004495394
0.0053960958
0.0058237838
0.0068276141
0.0076994007
0.008714893
0.0092035915
0.0083718617
0.010629964
0.010967279
0.0066924331
0.0063970018
0.0061359546
0.0066292276
0.0085740479
0.010326737
0.014178566
0.01473671
0.015178411
0.013147232
0.013994922
0.015538622
0.01607994
0.014117486
0.010885398
0.0040042967
-0.00032083296
-0.00019965036
0.0023576357
0.0044926692
0.0051223355
0.0057781949
0.0058734601
0.006775431
0.0067816657
0.0076687765
0.0076967928
0.0088774616
0.0088496258
0.0094163617
0.012564797
0.013644594
0.014709994
0.015886151
0.016364091
0.019757057
0.021111349
0.01726357
0.014744169
0.013955318
0.012803118
0.014460944
0.0085240412
0.0019173186
-0.0098336735
-0.013725393
-0.0080992852
-0.0004617838
0.0063034888
0.010596918
0.013709849
0.012438887
0.0087427484
0.0064111719
0.0056221748
0.0042386757
0.00071664305
-0.0027552852
-0.0070396527
-0.0080857862
-0.012864596
-0.016595092
-0.021746922
-0.02506769
-0.031218999
-0.040901292
-0.048685545
-0.057644163
-0.069243599
-0.074927982
-0.077520579
-0.072037769
-0.066421322
-0.066345873
-0.06807391
-0.07052939
-0.068710008
-0.062931805
-0.053950566
-0.061502345
-0.061252745
-0.053641213
-0.048323373
-0.03765626
-0.03004121
-0.02960025
-0.027381571
-0.034619251
-0.034949126
-0.026787586
-0.021803871
-0.016864008
-0.016089263
-0.0083227208
0.0018622733
0.009907255
0.016921013
0.022681127
0.028644686
0.033131935
0.038290958
0.040527521
0.043269826
0.046274573
0.045555123
0.042232476
0.04199961
0.039256386
0.037002882
0.033244669
0.028649304
0.026278001
0.021468077
0.018285461
0.015880119
0.012356891
0.01085292
0.0074725673
0.0061554982
0.0050811976
0.0051823656
0.0050668656
0.0034321934
0.0024970119
0.0024409241
0.0022032425
0.002425264
0.0026212235
0.0035408972
0.0041585195
0.0047908634
0.0047833927
0.0052355744
0.0054172035
0.0059799761
0.0064682839
0.0075443603
0.0074017337
0.0086963099
0.010927858
0.012932776
0.013674958
0.016135622
0.011756821
0.0048708839
0.0050665957
0.006801423
0.008714085
0.009848253
0.012581944
0.01596446
0.022018647
0.022410092
0.020116596
0.017651666
0.014259364
0.015156155
0.014996266
0.011219151
0.0039541988
0.00063439867
0.0018655836
0.0023067317
0.0043484382
0.0066843626
0.007438495
0.0074798689
0.0079009558
0.0076248277
0.0087870679
0.0083932182
0.0095051345
0.011093792
0.010867135
0.015561654
0.017811356
0.017517597
0.016121067
0.014638813
0.01746131
0.016323417
0.014280324
0.01691326
0.017661175
0.017295638
0.018286683
0.013812252
0.0054191182
-0.008920034
-0.011737899
-0.0063137955
-0.0001877767
0.0054603465
0.0095700356
0.013158191
0.014310903
0.014043212
0.013247073
0.011151774
0.012185525
0.011426097
0.0090775069
0.0063275619
0.0035453013
-0.002227903
-0.0083956989
-0.014252818
-0.023696177
-0.030334707
-0.038063401
-0.04925888
-0.059169661
-0.065025466
-0.065940818
-0.060309081
-0.056596027
-0.053637553
-0.052617486
-0.049845619
-0.053719312
-0.05057581
-0.047822079
-0.049584133
-0.047075495
-0.041998736
-0.03915946
-0.035145904
-0.029253511
-0.028498603
-0.03456818
-0.035441027
-0.035000073
-0.02892514
-0.024492355
-0.01461989
-0.01005903
-0.0045005314
0.0023124933
0.010651348
0.016018278
0.021500043
0.026738032
0.027447664
0.031379177
0.034910935
0.036576641
0.040051439
0.040912977
0.037580712
0.035621264
0.032947135
0.030824081
0.028473024
0.026210671
0.023999603
0.020957711
0.018730647
0.015993874
0.01425116
0.012925837
0.010839946
0.010262498
0.0091079437
0.0077253561
0.0072634742
0.0064386772
0.0062731918
0.0058250747
0.0058341116
0.006573521
0.0069283593
0.0070780455
0.0068397121
0.0070517539
0.0079113928
0.0076901457
0.0076253487
0.0077571049
0.0079353775
0.0083005588
0.0093692247
0.010366464
0.010681807
0.0117291
0.012109503
0.015726656
0.017684005
0.0067575986
0.0046504205
0.0069130925
0.0084022626
0.012425451
0.011399614
0.015380636
0.020411345
0.024398045
0.023979805
0.02222456
0.019558402
0.018722356
0.017851076
0.01604992
0.0082641116
0.0039021498
0.0032864675
0.0040768577
0.0058534956
0.0063538658
0.0073861033
0.009545262
0.0094793692
0.010516788
0.0096707549
0.010862476
0.011210472
0.01308565
0.01404895
0.014980303
0.016840941
0.018301786
0.017404717
0.013359767
0.013924614
0.014465016
0.01495588
0.01566864
0.017111762
0.019337369
0.019892236
0.019040174
0.013519441
0.0060709011
-0.0040214419
-0.0071071684
-0.0010169736
0.0014991431
0.0034010003
0.005919691
0.010270691
0.014518893
0.017189295
0.019195795
0.019564702
0.019574859
0.019958251
0.018049508
0.018097141
0.01251264
0.0085069248
0.0023482293
-0.0050184007
-0.01363501
-0.022351035
-0.032630532
-0.042875528
-0.051452731
-0.0536199
-0.0536948
-0.050551826
-0.054092436
-0.054274172
-0.051730006
-0.048921218
-0.051482385
-0.051666042
-0.046401715
-0.046855739
-0.044938678
-0.046044222
-0.04091868
-0.042198269
-0.039997958
-0.039723284
-0.035565968
-0.032670205
-0.029853824
-0.024578831
-0.019296511
-0.012521171
-0.0067492086
-0.0033355538
0.0021956212
0.0073218768
0.013751371
0.01797573
0.019932825
0.020315463
0.022806112
0.024475027
0.027127224
0.028011555
0.029099653
0.027101856
0.026434912
0.023788231
0.021200752
0.020066149
0.017285879
0.016882628
0.01506747
0.015082247
0.013190639
0.012112636
0.011192613
0.00918499
0.00829686
0.008509011
0.0079343948
0.0069473951
0.0074429978
0.0071862112
0.0061495375
0.0065795259
0.0076335145
0.0079238345
0.008077101
0.0084697846
0.0090042912
0.0089295485
0.0083740537
0.0080765293
0.007900958
0.007882613
0.0082682521
0.0094239464
0.0096593164
0.0091898828
0.00869206
0.008200032
0.01244108
0.014915348
0.0079475987
0.00383921
0.0053836639
0.0097873497
0.013684086
0.014366762
0.015494552
0.0165111
0.017222629
0.018181614
0.018153395
0.016643945
0.014539641
0.011308803
0.0073413407
0.0044065775
0.0036203459
0.0050332554
0.0063320471
0.0089081053
0.0085260441
0.0088630697
0.010870894
0.01240759
0.013122379
0.012978778
0.013150171
0.014648862
0.015637282
0.016909515
0.017240013
0.01688986
0.018323714
0.018967894
0.014626775
0.015775409
0.016570332
0.016767724
0.01855504
0.017993302
0.01961765
0.023079366
0.020582455
0.015184442
0.0065395973
-0.0021974348
-0.0038134155
-0.0001041701
0.002297269
0.0034484893
0.0054244239
0.008460377
0.012418274
0.015936638
0.018681157
0.020988527
0.01897411
0.018834727
0.016766756
0.015226399
0.012137297
0.0091462966
0.0032059073
-0.00061778518
-0.0065447832
-0.016967864
-0.026681359
-0.038049355
-0.045484823
-0.049209083
-0.047876666
-0.051732891
-0.054955436
-0.052656306
-0.053933316
-0.050356415
-0.050719288
-0.050039327
-0.041252923
-0.043117512
-0.044451844
-0.042205259
-0.040341413
-0.042007177
-0.036833404
-0.034948335
-0.032291643
-0.030796287
-0.028744393
-0.024460818
-0.01920334
-0.01486115
-0.0090299084
-0.0076725292
-0.0030081345
0.00082297979
0.003333691
0.004318198
0.0057820753
0.0082942876
0.0087244383
0.013211263
0.015761294
0.016444215
0.019554931
0.019268182
0.016651352
0.014718307
0.01343431
0.01189212
0.01138666
0.01169868
0.010801453
0.010083342
0.0091730934
0.0070603436
0.0073614993
0.0059035186
0.0054872981
0.0057982362
0.0059686917
0.0051159679
0.005237435
0.0047859556
0.0045059047
0.0045908972
0.005494215
0.0044536864
0.0043637067
0.0056382491
0.0058154359
0.0061415942
0.0052367672
0.0043168994
0.0045251596
0.0053307214
0.0056227501
0.006125346
0.0060105462
0.0050403089
0.0047700808
0.0055746486
0.0072253469
0.0085125537
0.0066182659
0.0023500058
0.00097867645
0.0062982723
0.0087869091
0.012533414
0.012852758
0.0097956823
0.0088586034
0.0098718018
0.010412406
0.0097219537
0.0074578203
0.004546275
0.0028047379
0.0029540759
0.0022931788
0.0060985028
0.0088138396
0.0088722957
0.008842388
0.01181747
0.01269613
0.012849607
0.014035322
0.016885425
0.014446428
0.016095508
0.018964484
0.019042496
0.018928291
0.01940168
0.02002602
0.019744818
0.017387326
0.017123606
0.017264863
0.018009176
0.017903153
0.016657348
0.018649699
0.017813785
0.017875029
0.015130002
0.0082547177
0.00014183637
-0.0053723382
-0.004836401
-0.0029032859
-0.0022430076
-0.00027683394
0.0016104284
0.0043261069
0.0075755396
0.011549609
0.013419059
0.013486366
0.012535724
0.01048315
0.0082543074
0.0053139656
0.0019942511
-0.00066016164
-0.0072281765
-0.013083998
-0.019146499
-0.030354991
-0.038414602
-0.044488697
-0.047763006
-0.050804358
-0.05173359
-0.053777416
-0.058101568
-0.060540723
-0.05762691
-0.053136041
-0.044321408
-0.041974452
-0.040690615
-0.040839555
-0.040742925
-0.038834246
-0.034487394
-0.031130064
-0.028426351
-0.026736781
-0.022321063
-0.022104332
-0.019866083
-0.016198261
-0.01262376
-0.01249389
-0.011166146
-0.0080965829
-0.0051136423
-0.0033966387
-0.002532703
0.00083733905
0.0012387832
0.0029940538
0.0048481137
0.0085252081
0.0090750671
0.011149364
0.012572071
0.010265198
0.0093422739
0.0066351717
0.0039625766
0.0046275456
0.0041628368
0.0037785218
0.0024120769
0.00090911985
-0.00074130369
-0.00051982469
-0.0014679375
-0.00094932842
-0.0014522577
-0.0012886981
-0.0023382218
-0.002282445
-0.0020838504
-0.0019658289
-0.00090401358
-0.0004619493
-0.0010863167
-0.0025345412
-0.0010398524
-1.3453771e-05
-0.00088369295
-7.7577195e-05
0.0011641832
0.00068594001
0.00015569567
0.0013330994
0.0013790739
0.002249001
0.0019945006
0.0033941145
0.0044263785
0.003026912
-0.0002097711
8.4076699e-05
0.0023432779
0.00092066014
0.0010956184
0.0020146301
0.0055097538
0.0077229182
0.0053477614
0.0034414045
0.0027201845
0.0030363482
0.0023608272
0.0013072068
0.00017277718
-0.00031122482
0.00061540824
0.0022272859
0.0038389521
0.0047416079
0.0074739921
0.0094804596
0.0089614797
0.011526992
0.014066914
0.016495484
0.018059801
0.016798318
0.016359735
0.017898669
0.018038469
0.01849894
0.015968132
0.014544429
0.013538692
0.014869116
0.014390977
0.012702333
0.012983168
0.010667616
0.010790434
0.010678453
0.0099348071
0.0093497664
0.0085155047
0.0077778228
0.0051493322
0.0011309644
-0.0017475883
-0.0030132637
-0.0038495498
-0.0027479515
-0.0017530736
-5.8251888e-05
0.0014982695
0.0026659379
0.0043057077
0.0056854248
0.0046419714
0.0040597352
0.0024082084
-0.00036437809
-0.0063412641
-0.0094691042
-0.014798016
-0.017982115
-0.02352877
-0.03223569
-0.038199303
-0.043520222
-0.047095066
-0.050643601
-0.049977798
-0.052661933
-0.054483034
-0.058181781
-0.056902272
-0.046782713
-0.042708895
-0.039137303
-0.035411461
-0.034510136
-0.03443197
-0.031951072
-0.025872068
-0.024706998
-0.022909671
-0.019232411
-0.016750507
-0.013645806
-0.011692222
-0.0089575535
-0.0055867217
-0.002663517
-0.0020918817
-0.00099010196
0.0011001872
0.0022105583
0.0039270534
0.0071727682
0.0075064091
0.0094731734
0.011938616
0.013675146
0.013371238
0.010674823
0.010033523
0.0053264154
0.0019327924
-0.001221828
-0.0029122334
-0.0029233278
-0.0054251067
-0.007452104
-0.010069653
-0.010087711
-0.0097109795
-0.011377008
-0.014347826
-0.013882881
-0.013523729
-0.013907198
-0.013413783
-0.012816535
-0.010862034
-0.011899941
-0.010707844
-0.0085794511
-0.0057677369
-0.0049457364
-0.0011754168
-0.00012701007
0.00033434739
0.00039240018
0.0019643943
0.0011864156
0.00082729609
0.0015152483
0.0014351575
0.0024152305
0.0036507049
0.0031337779
0.0028408501
-0.0002636153
-0.0042047914
-0.0043521076
-0.0014216925
0.0017076471
0.0014711212
0.0022863715
0.0031088858
0.0040362727
0.0022185268
0.0015623563
0.00083428028
0.00075781699
-0.0013810302
-0.0013920136
-0.0014045829
-0.0018465007
0.00048279477
0.002251873
0.0030902597
0.0046633721
0.0070461605
0.010111273
0.011651935
0.012965195
0.01400094
0.016748579
0.017334375
0.017217492
0.016659964
0.015912272
0.015331581
0.014761821
0.014470855
0.012227209
0.011675084
0.011139834
0.010595174
0.012186808
0.011867409
0.0092161406
0.0082133482
0.0071211594
0.0072792847
0.006440702
0.0063685087
0.0068826723
0.0082803039
0.0094711962
0.0054754981
0.00099311305
-0.0020496003
-0.003834185
-0.0016254967
-0.00054429716
0.0004478646
0.0016411396
0.00072221012
0.0017764733
0.00026212873
-0.00026901577
-0.0014890917
-0.0043920567
-0.0080155219
-0.011323678
-0.014583573
-0.019679144
-0.024772152
-0.028980015
-0.034171724
-0.037542001
-0.038802103
-0.038465123
-0.038783487
-0.041167519
-0.043898329
-0.046918837
-0.046476883
-0.0393801
-0.032445765
-0.029389974
-0.026504998
-0.026926068
-0.027048505
-0.023256456
-0.017546584
-0.014265695
-0.011317236
-0.011772289
-0.010107697
-0.007715718
-0.0049862415
2.6433747e-05
0.0036866835
0.0042100398
0.0068876281
0.0071328993
0.0080977657
0.010187643
0.011472408
0.014466508
0.014350039
0.015021568
0.015497928
0.013844907
0.011908443
0.010915178
0.0074433203
0.0029159129
-0.0013189874
-0.0054993139
-0.007050945
-0.0070960734
-0.010195735
-0.012539485
-0.013235269
-0.013484001
-0.013859077
-0.015750103
-0.016368149
-0.015117515
-0.014643655
-0.015225703
-0.014084771
-0.01262954
-0.012701877
-0.012525876
-0.012002636
-0.009942449
-0.0089760947
-0.0047648691
-0.0012021146
0.0034324094
0.0062042614
0.0059480438
0.005371818
0.0034457581
0.00045929838
0.0004979017
0.00021828431
0.0011525026
-2.239834e-06
0.00054640098
-0.001228564
-0.0044472066
-0.0041196718
-0.0024125017
0.00055060387
-0.0024136206
-0.00056867609
-0.00075994205
-0.00030620102
-0.0015347335
-0.0031956035
-0.003467782
-0.0028334451
-0.0019015939
-0.0024881665
-0.0028477795
-0.0022144336
-0.0025552393
-0.0028768284
-0.0015140068
-0.00071627926
0.0027123159
0.0048228144
0.0069101359
0.010890742
0.014254323
0.016783475
0.017092377
0.016851248
0.019516706
0.019387976
0.018067498
0.016795437
0.015381033
0.017131558
0.015427175
0.012019745
0.010231919
0.010590619
0.011289823
0.0099218709
0.0095302084
0.0090493164
0.0089507571
0.0071023164
0.0069424512
0.0067655382
0.0094711606
0.0089727667
0.012409985
0.012078597
0.006322179
0.0034911691
0.0025342575
0.0016095141
0.0017625714
0.0022314563
0.0029290862
0.0027833434
0.0025017237
0.0015210549
5.8969228e-05
-0.0013518505
-0.0022940669
-0.0036591341
-0.0067299511
-0.01076834
-0.015893314
-0.020963085
-0.023297437
-0.023912984
-0.026551203
-0.025482442
-0.026750141
-0.026938302
-0.029479955
-0.029354961
-0.031106039
-0.02948847
-0.02551861
-0.020681978
-0.018349571
-0.018164009
-0.017267814
-0.015265881
-0.012916676
-0.00980236
-0.0055813493
-0.0035731437
-0.0047784946
-0.0029055967
0.0010191573
0.0042513874
0.0063832794
0.0084543116
0.0094852723
0.011643209
0.011848423
0.011945426
0.012115552
0.013652419
0.014493673
0.015720377
0.014887402
0.014653565
0.011404222
0.0094441081
0.0073783058
0.0050398481
0.0018610327
6.7213758e-05
-0.0029291827
-0.0067516118
-0.0079001972
-0.009553161
-0.012152426
-0.013439403
-0.014548419
-0.016633236
-0.01763226
-0.017631924
-0.016927121
-0.014947615
-0.013727713
-0.013187839
-0.012642102
-0.011180975
-0.011286544
-0.010949367
-0.008203065
-0.0058917841
-0.0023760733
-0.00043682165
0.0052806584
0.0074565683
0.0087634403
0.0078060792
0.0044006564
0.002403314
0.0012398774
0.00059013344
0.00011126528
-0.00036537106
-0.0012687414
-0.0034903344
-0.0027278692
-0.0018037624
-0.00041614093
-6.1579847e-05
-0.00066694395
-0.0012770357
-0.0012548035
-0.0021352684
-0.0028632394
-0.0045711108
-0.0047361094
-0.0041627466
-0.0034979812
-0.0038041188
-0.0052093665
-0.0055049129
-0.0062036552
-0.006538518
-0.0057505327
-0.0049158481
-0.0030140374
-0.00027373572
0.0026597963
0.0063546991
0.011080796
0.01505744
0.016069268
0.017119256
0.019343165
0.020703767
0.021632645
0.020390306
0.018830666
0.018561286
0.016322886
0.013407144
0.011988831
0.0095822347
0.0087623531
0.0073389035
0.008772969
0.0073452091
0.0082110415
0.0079602664
0.0079902001
0.008147441
0.01037293
0.0095844344
0.012354096
0.012140799
0.0092631536
0.0081485114
0.0062930463
0.006282208
0.0053084587
0.0055596163
0.0041678471
0.0040546715
0.0037296246
0.0042502323
0.003238829
0.0026173192
0.00085037398
0.00045249648
-0.0014359054
-0.0038341494
-0.0082592759
-0.01162763
-0.014127904
-0.015516655
-0.016482408
-0.01666001
-0.016622147
-0.015772223
-0.017272389
-0.017920088
-0.016135118
-0.014622294
-0.012435692
-0.011094037
-0.01009236
-0.0079785289
-0.0060769405
-0.0057595841
-0.0047302134
-0.0028266088
-3.4142247e-05
0.0025623142
0.0027290465
0.0046845924
0.0070587228
0.0091055348
0.010844615
0.011562761
0.011020154
0.011837192
0.012587201
0.012544988
0.012894326
0.012683775
0.012808016
0.01243939
0.011521551
0.0096441808
0.0078101625
0.0060604622
0.0043911808
0.0030652915
0.00054495803
-0.0013759294
-0.0034863696
-0.0067976843
-0.0094267386
-0.010789024
-0.010885469
-0.013649045
-0.014693491
-0.017531823
-0.019262284
-0.019644148
-0.018856789
-0.016985925
-0.016022915
-0.013724739
-0.011837087
-0.011251295
-0.011468291
-0.0096654126
-0.0078648878
-0.0056807401
-0.0029640811
0.0016701252
0.004701453
0.0074704637
0.007056023
0.0064910089
0.0060061128
0.0034793027
0.001030912
0.00027887725
-0.00086767454
-0.0032563901
-0.0027908125
-0.0025403732
-0.0012917503
-0.0011217913
0.00085777557
0.0010896408
6.2487455e-05
-0.00090705276
-0.001367915
-0.00056770965
-0.0016733918
-0.0029740801
-0.0033348574
-0.0031871258
-0.0032614548
-0.0035485392
-0.0041523923
-0.0046790146
-0.0055056383
-0.0076130074
-0.0083481746
-0.0090410768
-0.0093552596
-0.0074343015
-0.0047935824
-0.00054349454
0.0040033752
0.007910656
0.010949091
0.015272771
0.016751668
0.020049048
0.020869509
0.020276782
0.020581221
0.018489117
0.016368049
0.015336716
0.014333137
0.012419551
0.010046885
0.0087410669
0.0086295351
0.0088959351
0.0087504954
0.0088553125
0.0090415615
0.0087170033
0.0099992939
0.010570041
0.010215581
0.011609053
0.012062543
0.01037837
0.0098113279
0.008229048
0.0080412359
0.0079583947
0.0069378415
0.0057736397
0.005648268
0.0060976978
0.0055982379
0.0053193262
0.004769033
0.0044120418
0.0030466738
0.0018274702
-0.0011849289
-0.0039904514
-0.0061367844
-0.0070263919
-0.0088851213
-0.008741798
-0.0079058493
-0.0083019851
-0.0088338877
-0.0099962633
-0.0073187637
-0.0060835499
-0.0064635829
-0.0047841919
-0.0044685838
-0.0021952583
0.00053585916
-0.0002617919
-0.00051601395
0.00067896545
0.0021429405
0.0036148576
0.0054867649
0.0079042519
0.008815452
0.0094145672
0.010742589
0.011310058
0.010516242
0.0096989342
0.0095768598
0.0090712801
0.0084783461
0.0084028549
0.0083349499
0.0077659439
0.0069247235
0.0055318963
0.0049948398
0.0035379663
0.0014412596
-0.0003022423
-0.0026933332
-0.0037239848
-0.0050163415
-0.0087518012
-0.010798683
-0.011904733
-0.011985407
-0.012892306
-0.014007273
-0.014495668
-0.015764897
-0.016993158
-0.01603847
-0.015383979
-0.015007461
-0.014562146
-0.013701957
-0.011902524
-0.01096154
-0.010500811
-0.010970598
-0.0091804947
-0.0052169226
-0.0021887697
0.00046543606
0.003514441
0.0043259277
0.0048811443
0.0048587928
0.003909574
0.00065480927
-0.0014152946
-0.0016183214
-0.0033487166
-0.003008094
-0.0016673633
-0.00018872697
0.0011865382
0.0010800077
0.0020983763
0.0014389507
0.00067929987
0.00069906642
3.0090873e-05
-0.00015348992
-0.00055229789
-0.0017382039
-0.0023151816
-0.0027318761
-0.0031820964
-0.0038540427
-0.0049734538
-0.0054800799
-0.0067363246
-0.0079463871
-0.0086384939
-0.0093405505
-0.0096311644
-0.0094733868
-0.007940143
-0.0044986641
0.00017535132
0.0030608243
0.0059277966
0.01128404
0.014052237
0.01691421
0.018204947
0.01849196
0.013558048
0.013993319
0.013009579
0.012268565
0.011744352
0.011950333
0.010430931
0.010168101
0.0096093235
0.0094179355
0.0095390239
0.0092912667
0.010895196
0.011884036
0.012629892
0.011831652
0.014444425
0.015417538
0.014454553
0.013807245
0.012941895
0.012543285
0.011192716
0.010504086
0.0099460488
0.009069524
0.008353187
0.0078648621
0.0075979891
0.0072361528
0.0067818442
0.0066690916
0.0061273401
0.0043414514
0.0029597909
1.3546e-05
-0.0011335065
-0.0024459531
-0.0021521845
-0.0016364874
-0.002227911
-0.0018052121
-0.0018501673
-0.003313936
-0.0031632128
-0.0031570886
-0.002705908
-0.0010630607
0.00049203114
0.0034790931
0.0024352053
0.00099957716
0.00068073265
0.001688991
0.0033554784
0.003463971
0.005558435
0.0071404755
0.0078442824
0.0083042023
0.0083321795
0.0084548867
0.0085767451
0.0083227247
0.0069705826
0.0058336155
0.005833957
0.0061148342
0.0058604845
0.0046863065
0.0046306236
0.0036689737
0.003307943
0.0016459333
-7.5803009e-05
-0.0020383383
-0.0040734687
-0.0063758913
-0.0085923422
-0.010374851
-0.0118777
-0.010819451
-0.010309552
-0.011018821
-0.010310617
-0.0099400681
-0.010684648
-0.0093266835
-0.010359968
-0.01155676
-0.011613874
-0.01009694
-0.010502541
-0.0092927075
-0.0098735283
-0.0097677248
-0.0092649314
-0.0061092699
-0.0036295588
-0.0013209787
0.00011082767
0.0028704238
0.00504046
0.0034736597
0.0043432525
0.0017884252
0.00075723281
0.00015523894
-0.00041489265
0.00011541223
0.00026585514
0.00049476482
0.0020852314
0.0016628555
0.0017177008
0.0012579825
0.00052708149
0.00088905245
0.00019161106
0.00027941225
0.00056824541
-0.00031748283
-0.0014600277
-0.0020370605
-0.0022852933
-0.0021900917
-0.0037441646
-0.0050383944
-0.0055165168
-0.0066613915
-0.0068261793
-0.0072828806
-0.0072680005
-0.007430593
-0.0079348342
-0.0061695377
-0.003061907
-0.00064516339
0.0016143663
0.0046766541
0.0067094734
0.0089102038
0.011536219
0.013232293
