0.0048908488
0.00443685
0.003887047
0.0039093945
0.003432989
0.0028676982
0.0054544463
0.010892728
0.014081365
0.013395959
0.01341689
0.013235092
0.011830863
0.007247891
0.0052446332
0.0020995778
0.0022964027
0.002314786
0.0038896789
0.0085545347
0.01128468
0.013149306
0.010627954
0.011001075
0.0095873047
0.0067619234
0.0047493435
0.0013574874
-0.00033534127
0.00014467134
0.00046469091
-0.00012698716
-0.0010481811
-0.0029089116
-0.0053620322
-0.0066833238
-0.0063780761
-0.0084946743
-0.011477156
-0.013308721
-0.013316929
-0.01397913
-0.01590997
-0.017916517
-0.020651635
-0.023116046
-0.022795694
-0.022319685
-0.022888335
-0.024372141
-0.024043366
-0.025056569
-0.029293438
-0.031764592
-0.03132266
-0.029233434
-0.025323703
-0.019972973
-0.014994941
-0.013247705
-0.014695157
-0.016484282
-0.01654339
-0.017821058
-0.016283794
-0.015456277
-0.016236398
-0.017015682
-0.018766241
-0.020232179
-0.020116373
-0.018405472
-0.017238229
-0.014487759
-0.011352308
-0.0084713564
-0.0046055322
-0.0011085453
0.0025331351
0.0037135247
0.0045886559
0.005642969
0.0073308525
0.0091142714
0.013019756
0.014629873
0.013391951
0.011286484
0.0069991965
0.0069106841
0.0082942515
0.0099973676
0.012403978
0.015261435
0.014018302
0.01142098
0.0082725489
0.0063914496
0.0032706623
0.00188886
0.00078771569
0.00065248991
0.0002970417
0.00013055401
0.00057183678
0.0012027125
0.0010344233
0.0014567009
0.0011522288
0.00042001199
0.00083148313
-3.4468915e-05
-0.00051140687
0.0006896817
0.0010378527
0.0016011843
0.0031268566
0.0043387463
0.0054054595
0.0095133997
0.011977792
0.012498773
0.0126149
0.014638334
0.014630849
0.011721778
0.01297214
0.016557629
0.017415256
0.016562896
0.016005375
0.015014004
0.013243172
0.0098532259
0.0076143012
0.0067339737
0.0057652785
0.005289266
0.0047229081
0.0045479598
0.0046131752
0.0042514719
0.004439345
0.0047483516
0.0055381002
0.0059265711
0.0054931417
0.0055435555
0.0043066561
0.0053933915
0.01040733
0.013467375
0.014609357
0.014705138
0.012147202
0.009705614
0.008286996
0.0071623393
0.001354694
-0.00038913656
-0.00018598925
-0.0020973461
0.00098145769
0.0064704839
0.0095555766
0.010103063
0.0069764805
0.0074323622
0.0099350179
0.0068375071
0.0023136252
-0.0020673774
-0.0017809469
-0.00091578472
-0.0010710099
-0.0041567842
-0.0062032689
-0.0094736922
-0.012067707
-0.012677638
-0.012648167
-0.014354631
-0.018143119
-0.021693174
-0.023855748
-0.02731467
-0.030292266
-0.032939373
-0.036596313
-0.038398133
-0.037776055
-0.039304922
-0.037861204
-0.035073862
-0.034439326
-0.036319178
-0.039709139
-0.040323415
-0.037751842
-0.035178025
-0.029905708
-0.023922736
-0.0194879
-0.018875748
-0.017040131
-0.015594089
-0.014981963
-0.014312468
-0.012022275
-0.012285225
-0.010851224
-0.010718977
-0.012619678
-0.012636927
-0.011747365
-0.0081517657
-0.006170747
-0.0042180061
-0.00071182682
0.0030368833
0.0066590202
0.010881205
0.014002134
0.016760573
0.016134548
0.016425777
0.017412902
0.017747024
0.01853097
0.017972192
0.014496106
0.012259057
0.011175086
0.011008909
0.013232239
0.015439456
0.015519913
0.014341895
0.011754305
0.0082344428
0.0060199443
0.0035303331
0.0011594194
0.0010810919
0.00048628418
0.00045005683
0.0013134479
0.0017647131
0.0018353567
0.0023544177
0.0023336607
0.00212328
0.0012215947
0.00026570977
0.00032823321
-0.00033275376
-0.00063116535
3.5553377e-05
0.0021595362
0.0031357321
0.0031122383
0.006406291
0.011524733
0.015905917
0.01447591
0.018224518
0.019241341
0.019183162
0.019496019
0.018801094
0.018895695
0.019750088
0.019183057
0.017018893
0.014019949
0.011280939
0.010570381
0.0077698788
0.0065058294
0.0059956904
0.0060798986
0.0059520892
0.0059270631
0.0057290614
0.0056699237
0.0056834218
0.0050163391
0.005275716
0.0069722747
0.006799907
0.0073703198
0.0076772027
0.0066851038
0.0059374928
0.010555105
0.012104245
0.011373387
0.013677135
0.013476834
0.0093829002
0.0057951732
0.0051550064
0.0052721966
0.0037631857
0.00080778309
-0.0049348287
-0.0050322808
0.00035972524
0.0077202499
0.007460158
0.005471257
0.0062640753
0.0074428653
0.0037007633
-0.0011414357
-0.0038700125
-0.0030480198
-0.00074204975
-0.0017828693
-0.0051126828
-0.010776718
-0.016122141
-0.019103585
-0.020521001
-0.021473315
-0.025639559
-0.029140007
-0.033935037
-0.038073151
-0.044213308
-0.048325334
-0.051509749
-0.053095849
-0.055290668
-0.056630081
-0.059540584
-0.05980056
-0.053400887
-0.050554822
-0.050085534
-0.046595298
-0.047586931
-0.047794212
-0.044707092
-0.03456482
-0.025610343
-0.026715848
-0.024265695
-0.020681593
-0.016917316
-0.013137674
-0.013685083
-0.010979447
-0.0099322958
-0.0062501611
-0.0041032747
-0.0028428719
-0.00098262658
-1.6729902e-05
0.0023410961
0.0064676731
0.010386119
0.015829323
0.016859882
0.018155883
0.021030341
0.025045716
0.026466014
0.025529966
0.026082302
0.025805742
0.025076709
0.02096903
0.018955483
0.017189985
0.015911884
0.013962283
0.013276522
0.014083084
0.01282026
0.011274279
0.0091079555
0.0064244578
0.0035723952
0.00089728119
-0.00011633012
-0.00019361433
-0.00039014024
0.00036073437
0.0014750884
0.0029972648
0.0028724503
0.0032659025
0.0037798697
0.0039736177
0.0033239875
0.0031961837
0.0016580951
0.0012948674
-0.00012298951
0.0014474238
-0.00061361621
-0.00019442693
0.0062175325
0.010704904
0.014128035
0.014193241
0.01459324
0.011186313
0.018342875
0.019719325
0.021656134
0.018153827
0.020639789
0.020170921
0.017696357
0.014881685
0.012100537
0.0086697485
0.0072276284
0.0055471007
0.0051291634
0.0055133879
0.005465554
0.0054292927
0.0063475957
0.0064352124
0.0063378078
0.0060816728
0.0061871579
0.0061674406
0.0066267111
0.0068845294
0.0072485846
0.0086743389
0.0092563438
0.0082590374
0.0081310507
0.012943129
0.016698265
0.01281456
0.013998991
0.014319779
0.011862599
0.01075604
0.0073416832
0.0033989268
0.0011467059
0.00013596386
-0.0055189652
-0.0056310466
-0.0016036019
0.0034321396
0.0037766615
0.0033471395
0.0063009463
0.0060442156
0.0024708683
-0.00034368
-0.0010281102
-0.0033949824
-0.0010240801
-0.0016923512
-0.0042835772
-0.011442628
-0.018556866
-0.021043259
-0.025713437
-0.030429383
-0.033602757
-0.037020968
-0.043894531
-0.052826057
-0.057040098
-0.061154708
-0.066230533
-0.068642728
-0.073350028
-0.076381651
-0.080296357
-0.081065839
-0.075682581
-0.070638872
-0.065014022
-0.058720847
-0.056090114
-0.057619427
-0.057016366
-0.0444194
-0.037730084
-0.039020416
-0.030992695
-0.025759317
-0.02246014
-0.01801014
-0.014351897
-0.011838859
-0.0091909694
-0.0036600226
0.0017747406
0.0060992238
0.011413894
0.013515784
0.016541894
0.020137627
0.025818386
0.030121459
0.028726101
0.030448847
0.034320812
0.036776142
0.037757536
0.035914895
0.033410041
0.031465999
0.028079388
0.023832361
0.020889975
0.018194154
0.015203983
0.013592032
0.011352455
0.0098255236
0.0081419606
0.0058464208
0.0046577707
0.0025273953
0.00089489526
0.00038063508
0.0001052865
0.00017052475
0.00058411349
0.0016886102
0.002285427
0.003002408
0.0044814743
0.005707855
0.0056838397
0.0060400483
0.0059236169
0.0056370705
0.0044996147
0.0037695123
0.0031255093
0.0050451981
0.004639249
0.0090048094
0.011117348
0.012260732
0.012358555
0.010227943
0.01008444
0.011543522
0.017345939
0.017842848
0.017432444
0.016246224
0.014679373
0.016150889
0.01305861
0.0085248608
0.0047879801
0.0014182887
0.00032725042
1.8706713e-05
0.0016206527
0.0031971476
0.0042186069
0.0050359823
0.0057570182
0.0049123391
0.0057349465
0.0064885367
0.0066618879
0.0070479582
0.0068558255
0.0078742148
0.0086649056
0.010248906
0.010784886
0.011147432
0.012997529
0.020429913
0.021996159
0.018296934
0.016499782
0.013886615
0.012176581
0.01165533
0.0083020464
0.00027968719
-0.0016435786
-0.0018330862
-0.0037263295
-0.0019284684
0.0019568046
0.0047019699
0.0064222297
0.0049258834
0.0068672763
0.0039870241
0.0021135801
0.0020815018
-7.9230868e-05
-0.0030415349
-0.0045724521
-0.0047945828
-0.0091370781
-0.012758748
-0.020002594
-0.028345902
-0.032912958
-0.036935706
-0.041434741
-0.048027967
-0.055029636
-0.063632346
-0.06569645
-0.067628663
-0.073367181
-0.079018545
-0.08459599
-0.086102587
-0.085973443
-0.085863423
-0.085795712
-0.082085582
-0.081942611
-0.076281754
-0.073145825
-0.068823697
-0.061013152
-0.052991553
-0.047894849
-0.043793424
-0.037097668
-0.032785829
-0.031315236
-0.02454978
-0.020080576
-0.012974969
-0.0077522117
-0.00048523414
0.006081628
0.013256538
0.020368006
0.023408295
0.029126675
0.032594971
0.034511905
0.038298376
0.038674826
0.040959761
0.042825966
0.042028467
0.041675587
0.035893492
0.03136906
0.026988011
0.024522975
0.018403746
0.018251503
0.016518522
0.013161177
0.010552558
0.0072181401
0.0064956165
0.0039750886
0.0025302648
0.0011007508
-0.00034267585
-0.00031387157
-0.00023028606
3.4181306e-06
0.00077166
0.0024252787
0.0029269798
0.0031428293
0.0035835959
0.004592195
0.0053425409
0.0057204782
0.0061308792
0.0069769677
0.0068438041
0.0068353586
0.0062353253
0.006574189
0.0067439188
0.0075890413
0.0099931598
0.010498957
0.0096601651
0.010056729
0.0094718689
0.0099110829
0.012343237
0.013216195
0.014118558
0.015580238
0.014139331
0.012935218
0.013489795
0.011108722
0.0070955404
0.0013199427
-0.0019851899
-0.0026473621
-0.000800048
0.00072249674
0.0024752879
0.0039920054
0.0040009328
0.0042631771
0.0045302385
0.0058444634
0.006781418
0.0075859316
0.0071698503
0.0078812904
0.009701368
0.010762767
0.011366648
0.014787505
0.015391392
0.020259413
0.023390018
0.023436816
0.017837516
0.01755611
0.014446561
0.017181529
0.01191685
0.0035480814
-0.0049073891
-0.0064672741
-0.0037602126
-0.00036232392
0.0055862563
0.0088410653
0.012737212
0.010593126
0.010402546
0.0060090873
0.0034570565
0.0025959384
-0.00065894422
-0.003520326
-0.004228869
-0.0091919321
-0.011663881
-0.015107991
-0.016882
-0.021578097
-0.029305551
-0.035051834
-0.040494226
-0.047184168
-0.057556271
-0.06640224
-0.071404313
-0.073698967
-0.071521515
-0.065595439
-0.066063527
-0.07305137
-0.083601825
-0.082784325
-0.080199612
-0.075338424
-0.074961155
-0.07255257
-0.066438545
-0.062364806
-0.051825533
-0.045193816
-0.039176986
-0.045657136
-0.04805377
-0.042544942
-0.036581076
-0.032097131
-0.021258496
-0.016620432
-0.012867015
-0.0039028752
0.0042638154
0.013519632
0.020353285
0.026134209
0.030554163
0.035678674
0.040327962
0.0428222
0.04266249
0.042025049
0.043816231
0.043333672
0.040507845
0.038532372
0.033769683
0.02846905
0.025094365
0.02074356
0.018242401
0.014075374
0.011710287
0.0082738558
0.0069736612
0.0053855174
0.0054639501
0.0047367178
0.0034393344
0.0014378929
-8.2787179e-05
-0.00089374472
-0.0011362029
0.00012936225
0.0019603798
0.0027382273
0.0035097714
0.0034255167
0.0037096301
0.0036412564
0.0043205716
0.0053527665
0.0056092013
0.0066510215
0.0079997494
0.0089539584
0.0097846039
0.009083124
0.012355598
0.013540135
0.008317712
0.0075681454
0.0070891317
0.0072129467
0.008334808
0.010697344
0.014630253
0.016212204
0.016735089
0.015949663
0.016259882
0.015194224
0.016165612
0.014150573
0.010508285
0.0035774506
-0.0023325811
-0.0009394889
0.0014802255
0.0037703768
0.0043053076
0.0048894352
0.0048653275
0.005576716
0.0056439363
0.007100883
0.0077946842
0.0093598717
0.0098319306
0.010249541
0.013505183
0.014802532
0.014835449
0.015226339
0.015892781
0.020089598
0.02260509
0.020017456
0.017372991
0.017053458
0.015385486
0.016480539
0.01029225
0.0020179995
-0.0095959667
-0.014244095
-0.0083719169
-0.0012021448
0.0048820987
0.0087646514
0.011839852
0.011018645
0.007001229
0.0048203788
0.0042746021
0.0030497686
-0.00018894167
-0.0037079515
-0.0079401353
-0.010182692
-0.014512612
-0.016997708
-0.022403983
-0.024873754
-0.030199261
-0.038408567
-0.046319549
-0.054677133
-0.066325441
-0.072968337
-0.074923112
-0.070476455
-0.065015785
-0.064296898
-0.06528103
-0.069483312
-0.068531831
-0.065200052
-0.057921876
-0.064243787
-0.065077487
-0.058738612
-0.054046255
-0.044331536
-0.036037188
-0.034365068
-0.032822222
-0.040554189
-0.040952652
-0.032090802
-0.026319859
-0.021605745
-0.021913571
-0.015013147
-0.0040401152
0.0045843487
0.011856554
0.01999955
0.026781138
0.032093399
0.036557865
0.038460896
0.040418534
0.044500945
0.044142616
0.040745111
0.041118317
0.037591333
0.035750888
0.032308975
0.028484378
0.026740679
0.022116688
0.018922268
0.016134795
0.011927567
0.011095913
0.0077721175
0.0066182404
0.0057377603
0.0061936092
0.0055893836
0.0033469321
0.0020606766
0.0015630726
0.00075009779
0.0011523465
0.0016897114
0.0030034994
0.0040723923
0.005045996
0.0050259344
0.0054537621
0.0056827321
0.0059912715
0.0057641009
0.0069794229
0.0064572378
0.0078294002
0.010490064
0.013252897
0.014454501
0.017538652
0.013828121
0.0070774705
0.006114759
0.0072442625
0.008544149
0.0096776064
0.012189153
0.015133633
0.021689644
0.023823573
0.021616206
0.018928929
0.014922687
0.015771338
0.014743122
0.01119142
0.0038101047
-0.00070291013
0.0021589096
0.0017099497
0.0037895288
0.0057296681
0.0069388293
0.0070445639
0.0075021652
0.0068154071
0.0083487199
0.0081884196
0.010053743
0.011903461
0.011758801
0.015665402
0.018196324
0.017168542
0.015007818
0.01373896
0.017705132
0.017630705
0.015715219
0.0177245
0.018647972
0.019063736
0.019235333
0.01573043
0.0067584458
-0.0082945955
-0.012360146
-0.0075173576
-0.0010234214
0.0042288345
0.0079897508
0.011202212
0.012293947
0.012481039
0.012648799
0.010699748
0.011185861
0.011039609
0.0096152333
0.005912058
0.0020513842
-0.0025709243
-0.0081006984
-0.013233163
-0.02211018
-0.027392605
-0.035493003
-0.045249701
-0.054146295
-0.060503964
-0.061954118
-0.056604664
-0.054611902
-0.051211591
-0.050436815
-0.049012489
-0.053077753
-0.050629769
-0.047439247
-0.051143202
-0.046740937
-0.043628376
-0.043610086
-0.039654524
-0.03409208
-0.033565751
-0.039713705
-0.04065963
-0.039555173
-0.033872409
-0.029732618
-0.020367564
-0.016584839
-0.011144454
-0.0048407285
0.0041087218
0.010398073
0.016458482
0.022664589
0.024510333
0.029752033
0.032496631
0.034180278
0.037016245
0.038014908
0.034911234
0.034609477
0.031522618
0.029519402
0.027132507
0.025634569
0.023946877
0.021767403
0.019508793
0.016444407
0.014476164
0.01255102
0.010771177
0.010317409
0.0088875691
0.0074583663
0.0075522659
0.006363569
0.0063069471
0.0055854098
0.0053904575
0.0061531869
0.0068011814
0.0070085405
0.0063473556
0.0057178088
0.0064494429
0.0065654377
0.0064293707
0.0066036731
0.006900198
0.0071919815
0.0081866741
0.0093538261
0.0093870465
0.010105299
0.011200764
0.015508723
0.017383822
0.0075143052
0.0042626034
0.0065694138
0.0075753868
0.010413587
0.010405803
0.014174739
0.018758402
0.023994032
0.025277542
0.022931655
0.021147996
0.019232608
0.018970448
0.01678159
0.0077955841
0.0028400344
0.0033264295
0.0049325763
0.0067459507
0.0069700301
0.0080568112
0.010259204
0.0099467186
0.010822076
0.0098892175
0.011327372
0.011618212
0.013750503
0.014647249
0.015125685
0.016510616
0.018005998
0.016324148
0.011436157
0.012003075
0.014719668
0.016086872
0.016485068
0.017622918
0.02052333
0.021649678
0.020783109
0.015143125
0.0080921442
-0.0031245515
-0.0080251034
-0.0031372995
-7.4792103e-05
0.0026313498
0.0045010062
0.0080345063
0.012244793
0.015264249
0.017720168
0.018630295
0.018430507
0.019105936
0.016549794
0.015771618
0.010997091
0.0071137739
0.0022987426
-0.0038929261
-0.011289269
-0.018410329
-0.02757087
-0.037164249
-0.046098823
-0.048278392
-0.048535597
-0.045472013
-0.049671159
-0.049601919
-0.048215282
-0.046758339
-0.049306503
-0.050993924
-0.043947669
-0.045918199
-0.043346967
-0.045843569
-0.042832893
-0.044179855
-0.043012952
-0.043129064
-0.039630513
-0.03614448
-0.033526696
-0.029501593
-0.025002039
-0.019124257
-0.013811438
-0.010879264
-0.0052587719
0.00024568909
0.0064383304
0.011127262
0.01394015
0.015336095
0.018460177
0.020086963
0.022928892
0.023120987
0.024318717
0.023367894
0.024031694
0.022029683
0.019318996
0.018944586
0.016949001
0.016875324
0.015184229
0.015217161
0.01252204
0.011396875
0.010077618
0.0082263375
0.0074331259
0.0076248764
0.0069552129
0.0064735616
0.0072376868
0.0072558747
0.0061500108
0.0061594377
0.0072744817
0.0078729331
0.0077714862
0.0079039529
0.0082859445
0.0077606273
0.0075982373
0.0077482915
0.0077429794
0.0074252216
0.0071411326
0.0079450589
0.0085869484
0.0080301329
0.0069342894
0.0063784135
0.01066367
0.013182808
0.0071905605
0.0028857221
0.0039858224
0.007587474
0.010539182
0.012580954
0.014981721
0.015407412
0.017268764
0.019692012
0.018066047
0.016880474
0.015552969
0.01265663
0.0086161949
0.0060890133
0.0053411601
0.0076030353
0.0089002488
0.01146114
0.010931118
0.01086489
0.012616194
0.013808853
0.014018896
0.013682712
0.013736918
0.015749616
0.016481587
0.017639556
0.01686081
0.017881498
0.018003056
0.018279712
0.01363907
0.014053317
0.016886768
0.016407691
0.019138768
0.018648016
0.020432495
0.023053376
0.021875494
0.017344869
0.0090470595
-0.0013238202
-0.0057355592
-0.002052194
-2.2251482e-05
0.0010790839
0.0031811383
0.0065010047
0.010185788
0.014133101
0.01641693
0.018720497
0.016301473
0.016072847
0.013950333
0.012165693
0.0098361132
0.0079550992
0.0025321708
-0.00017934445
-0.0045947949
-0.013652427
-0.021578301
-0.032636187
-0.040066972
-0.043818538
-0.041408954
-0.045628314
-0.048763247
-0.045595372
-0.048534216
-0.045839948
-0.047278167
-0.046409189
-0.0373238
-0.039046503
-0.041334313
-0.042344649
-0.041735026
-0.043291835
-0.03884252
-0.038043008
-0.035157497
-0.033991758
-0.032844531
-0.030726366
-0.026278695
-0.021785081
-0.017354375
-0.016535292
-0.012634859
-0.0076146081
-0.0043200417
-0.003575954
-0.002373711
0.0026497866
0.0029969127
0.0078288253
0.010268975
0.011803613
0.014957815
0.014945036
0.012948314
0.011705191
0.011172912
0.010175158
0.010213336
0.010956049
0.0095808367
0.0082961376
0.0072804825
0.0052971593
0.0055902688
0.0041309715
0.0036858588
0.0041124083
0.0039084678
0.0034428847
0.0040733204
0.0030637683
0.0029505709
0.0030160878
0.0044297985
0.003481381
0.0029800877
0.0038809602
0.0043084544
0.0047619843
0.0038203969
0.0029683571
0.0031795462
0.0033531617
0.0040806153
0.0044811621
0.0035563438
0.0029726931
0.0023859572
0.002716171
0.0048524787
0.0056792125
0.0046319914
0.0005827388
-0.00070354294
0.0034616358
0.005575348
0.011491636
0.012339506
0.0099019612
0.0095697953
0.010933616
0.010526276
0.0098193841
0.009257281
0.0059742454
0.0045338999
0.0050244404
0.0054025723
0.0090879642
0.011801727
0.011780579
0.010779131
0.013732631
0.014643281
0.016217117
0.017000807
0.018966396
0.016835755
0.018286686
0.021272528
0.021313729
0.020565407
0.020787706
0.021256039
0.020731863
0.017529057
0.016548865
0.017728611
0.018516525
0.018776766
0.01807479
0.019875559
0.018792154
0.018928919
0.016753958
0.01004877
0.0010156189
-0.0050376903
-0.0051057728
-0.004202848
-0.0038322529
-0.0027078639
-0.00015556979
0.002567367
0.004989762
0.0082143165
0.010843826
0.011149931
0.010561813
0.0085051803
0.0055048796
0.0028756824
-4.0614352e-05
-0.0024176883
-0.0073793796
-0.011079444
-0.015332759
-0.024826162
-0.032302179
-0.038299863
-0.041020231
-0.044425879
-0.046606027
-0.046119379
-0.048893406
-0.052462592
-0.049854682
-0.047747778
-0.041028091
-0.037494501
-0.037627571
-0.038623552
-0.039145438
-0.03773361
-0.035057129
-0.032910797
-0.030922316
-0.029053873
-0.025580522
-0.025759881
-0.024610164
-0.021506343
-0.019284953
-0.02030405
-0.019430894
-0.015756541
-0.011381927
-0.0093349747
-0.0090900389
-0.0050480274
-0.0034770749
-0.00085979436
0.001581216
0.0039836157
0.0052160324
0.0072921347
0.0082556353
0.0056420168
0.0050784496
0.0029951098
0.00096734105
0.0013474174
0.0015062996
0.00069801972
-0.0006033034
-0.0023610133
-0.004579153
-0.0040512543
-0.0046532929
-0.0037678519
-0.0037728404
-0.0041960956
-0.0046867577
-0.0048958639
-0.0049246561
-0.0049805883
-0.0040244214
-0.0021481444
-0.0027680101
-0.0045242152
-0.0033196728
-0.002496001
-0.0032498577
-0.0019634749
-0.0012918405
-0.002252078
-0.0031955056
-0.002676983
-0.0024474047
-0.0019126214
-0.0014141099
1.5036325e-05
0.0019199895
0.0019086414
-0.00095535167
-0.0025687855
-0.00020328432
-0.00040505634
0.00031668099
0.0013288285
0.004846083
0.0084249959
0.0065596898
0.0044220326
0.0041274609
0.0046633373
0.0040341253
0.0038266453
0.0025642198
0.002637856
0.0030973678
0.0051933313
0.0067682001
0.0075874685
0.0097619531
0.011397011
0.012023846
0.01393019
0.0160604
0.018756712
0.020374504
0.019287703
0.018414217
0.019434603
0.019975688
0.020006963
0.018393713
0.017407615
0.015262885
0.01624322
0.015871315
0.01427393
0.014810699
0.012677399
0.012406903
0.012799349
0.011393133
0.010589402
0.010025571
0.0088845341
0.0057852365
0.0021559301
-0.00027637206
-0.0023251311
-0.0041419989
-0.0043854333
-0.0036243655
-0.0019878405
-0.00072801519
0.00074088455
0.0017988281
0.0029722201
0.0024147711
0.0019696552
-7.8223932e-05
-0.0026615481
-0.0080812951
-0.011311671
-0.013632138
-0.015549485
-0.018963223
-0.026370611
-0.032423951
-0.037530558
-0.041350369
-0.04488307
-0.0433662
-0.043211283
-0.044883184
-0.047875453
-0.046937252
-0.038768397
-0.037546719
-0.034533019
-0.032604178
-0.032681686
-0.031839449
-0.02996514
-0.025345896
-0.025512126
-0.024063286
-0.021147165
-0.018706586
-0.016589287
-0.014349992
-0.012372369
-0.0099229686
-0.0080429479
-0.0066958467
-0.0060322944
-0.0038618396
-0.001553275
0.00018072985
0.0031513704
0.0043517901
0.0067058926
0.0090892363
0.010472484
0.010593179
0.0078554805
0.0063571516
0.0014849382
-0.0022830753
-0.0047067424
-0.0059264581
-0.005001663
-0.0076023247
-0.0093686714
-0.012074162
-0.012014876
-0.011631666
-0.012795769
-0.015453428
-0.014327458
-0.013373327
-0.013215877
-0.01225122
-0.01191252
-0.0099021156
-0.010523117
-0.0096658347
-0.0086283462
-0.0065798624
-0.0066368291
-0.0034289089
-0.002207058
-0.0015801541
-0.0023874219
-0.0010419828
-0.00084336682
-0.0019289921
-0.0016186064
-0.0013240018
-0.00058937395
0.0011297869
0.001494117
0.0016158326
-1.0545883e-05
-0.002431425
-0.0059431
-0.0046804004
0.00037843053
0.001186344
0.002980004
0.0042730503
0.0050981802
0.0040210983
0.0038029513
0.0036457137
0.0033155884
0.0012339547
0.0015562562
0.0012954404
0.0011246069
0.0027794151
0.0040826024
0.005007681
0.0064515716
0.0085525588
0.011253995
0.013251915
0.015246925
0.016868219
0.019139057
0.019455817
0.019643254
0.018099752
0.017588968
0.017610941
0.016660293
0.016539949
0.014396117
0.014521435
0.014032118
0.014004595
0.014650087
0.014210956
0.011353326
0.0099445265
0.0084206312
0.0082398634
0.008122322
0.0076899413
0.0073239845
0.0082035034
0.0096978403
0.007407891
0.0026814725
-0.00092737793
-0.0033379172
-0.0024322917
-0.0024042901
-0.0019709855
-0.00056180188
-0.00093740561
-0.00061799157
-0.0016657366
-0.0024797178
-0.0038321301
-0.0064457202
-0.01021332
-0.012610041
-0.01428639
-0.016669463
-0.020450905
-0.023529704
-0.028169447
-0.032149937
-0.035040833
-0.034244113
-0.032263111
-0.033171178
-0.035684545
-0.038416225
-0.038249686
-0.031651455
-0.026953032
-0.02600882
-0.025364149
-0.025988835
-0.024864727
-0.02234575
-0.017705295
-0.015966114
-0.014479889
-0.015284352
-0.013379521
-0.01024609
-0.0078757348
-0.0035841788
-0.00016749933
-0.00047233446
0.0024793067
0.0034075909
0.0047318788
0.0074542946
0.0093398739
0.01262427
0.012362963
0.013077135
0.01323531
0.011906261
0.0091951878
0.0080064588
0.0052536211
0.0004239947
-0.0033787902
-0.0073513703
-0.0092994738
-0.008990484
-0.011373673
-0.012994077
-0.013294001
-0.013649668
-0.013935635
-0.015254986
-0.016081825
-0.014598633
-0.013559573
-0.013294184
-0.012073335
-0.0099867444
-0.0089429004
-0.0083914345
-0.0093770381
-0.0090644599
-0.0094327537
-0.0071720693
-0.0040603351
0.00034647245
0.0027473321
0.0022058043
0.0026401754
0.0019191033
-0.0008577752
-0.00053904337
-0.00071300837
-0.00069416593
-0.0016307509
-0.000907879
-0.0022234754
-0.0043781387
-0.0029848225
-0.0023738113
-0.0011191323
-0.0021918884
0.00014447777
0.00055185419
0.0011538154
0.00075983125
0.0001023212
-0.00063719463
-0.0003529012
0.00026544441
-0.00049346594
-0.00090923118
-0.00080389738
-0.0011071429
-0.0016211941
-0.00029544589
0.00042058241
0.0036977562
0.0062821728
0.0078469695
0.011563518
0.015672426
0.018020675
0.018967318
0.01836346
0.02085892
0.02035363
0.01813783
0.01777888
0.016568523
0.018571864
0.016683465
0.014765685
0.012610615
0.013069041
0.013519677
0.011962621
0.011866534
0.010494776
0.010224489
0.0074902014
0.0069466131
0.0067443638
0.0088584478
0.0083247656
0.01200758
0.013329994
0.007066578
0.0040862185
0.0029694372
0.0017847224
0.0013095193
0.0012328009
0.001526964
0.0013439922
0.0011767838
7.0584965e-05
-0.0012610616
-0.0027073071
-0.0041326487
-0.0051060712
-0.0075383325
-0.011020145
-0.013066985
-0.01615029
-0.018286631
-0.01922878
-0.021966911
-0.022003662
-0.023097968
-0.021710977
-0.024265259
-0.023778754
-0.02537011
-0.024128143
-0.020668136
-0.018258075
-0.017121585
-0.018333859
-0.018142232
-0.015218063
-0.012789726
-0.010577348
-0.0069315628
-0.0057598799
-0.0071035672
-0.0055671662
-0.0022283376
0.0010728474
0.0032060733
0.0055733101
0.0067035873
0.009363077
0.0099703362
0.010532761
0.011946482
0.013426156
0.014377826
0.015278578
0.01455397
0.013219504
0.01077029
0.0084267774
0.006021076
0.0026909913
-0.00048377826
-0.0020872337
-0.005465187
-0.0083443739
-0.00936393
-0.011075561
-0.013679628
-0.015225582
-0.014928796
-0.016390026
-0.017208524
-0.01722448
-0.016387199
-0.014409018
-0.012498198
-0.011527164
-0.010723219
-0.0096787579
-0.0087396791
-0.0088624016
-0.0073079892
-0.006469506
-0.004297057
-0.0023704637
0.002112324
0.0044463691
0.005718497
0.0063172026
0.0034333361
0.0013130487
0.00013362137
-8.756364e-05
-0.00084979775
-0.0010074418
-0.0016131078
-0.0036472129
-0.0032339736
-0.0027069394
-0.0020827976
-0.0021066424
-0.0020696448
-0.001751653
-0.00096996803
-0.0010269609
-0.0015390973
-0.0026248026
-0.0031883656
-0.0029546531
-0.002044886
-0.0021932169
-0.0040390125
-0.0048845781
-0.0057004648
-0.0061172188
-0.005558599
-0.0049182849
-0.0030150288
-0.00047045944
0.0026849106
0.0066303173
0.010961551
0.01504378
0.016773307
0.018103115
0.020443107
0.021279051
0.021658264
0.020242682
0.019244201
0.019370478
0.017532598
0.014939974
0.013773026
0.011493503
0.010343762
0.0084415834
0.009981902
0.0086676661
0.0090727888
0.0084796174
0.0078079201
0.0077746929
0.0097249
0.0094135901
0.011864318
0.012502868
0.010048888
0.0089648129
0.0066351949
0.0068425689
0.0053897328
0.0055325198
0.0034564706
0.0032802791
0.0027916659
0.0029942441
0.0019939024
0.0014001234
-0.00019781723
0.0004639242
-0.0015743167
-0.0044518782
-0.0069129887
-0.0086429138
-0.009903615
-0.010954857
-0.012413128
-0.013091344
-0.013850144
-0.01290402
-0.013289666
-0.014763595
-0.013125034
-0.012327851
-0.011012237
-0.010401712
-0.010053097
-0.0093541654
-0.0079227417
-0.0066946486
-0.0055358458
-0.0037484759
-0.00099980866
0.0013426113
0.00074578417
0.0024953532
0.0043332469
0.0064105083
0.0084338318
0.009855404
0.010060824
0.011228815
0.012643799
0.012873146
0.013404891
0.013612125
0.01323579
0.012626042
0.011631052
0.0099931792
0.008434596
0.0066599079
0.0045369493
0.002234544
-0.00051249751
-0.0024318062
-0.0054193055
-0.0089598342
-0.011403997
-0.013089534
-0.014186807
-0.016426361
-0.016406829
-0.018066043
-0.019554739
-0.019305939
-0.018080406
-0.016532078
-0.015094898
-0.012756066
-0.010619438
-0.0093718242
-0.0092919111
-0.0080291819
-0.0069588573
-0.0061852343
-0.0042664325
-0.00073178237
0.0016905165
0.0040452611
0.0045279661
0.0051176526
0.0048149189
0.0029282895
0.00036017235
-0.00058543503
-0.0015296381
-0.0036272396
-0.0030964318
-0.0030589565
-0.0019595906
-0.002555728
-0.0011664548
-0.0014405188
-0.0018063966
-0.002020565
-0.0025703047
-0.0013429415
-0.0016763791
-0.0029153798
-0.0029803491
-0.0028355607
-0.0028945597
-0.0032053434
-0.0033653979
-0.0043645974
-0.0054139238
-0.0074255379
-0.008846167
-0.0098430082
-0.0098749515
-0.0083651071
-0.0059539776
-0.002135428
0.0021763058
0.0065274705
0.010587743
0.015411175
0.01760154
0.02057296
0.021538841
0.020717529
0.020817172
0.018656459
0.016624813
0.015943952
0.01549764
0.013036806
0.010493886
0.0094618113
0.0092109261
0.0093159334
0.0095741611
0.0091906503
0.0093379024
0.008974124
0.010329872
0.010544636
0.01007342
0.011780322
0.01278626
0.011600691
0.011372347
0.0096239427
0.0091524834
0.0086612848
0.0076736126
0.0062740329
0.0060000319
0.0061572645
0.0056990266
0.0051564762
0.005272752
0.0058994003
0.0051616073
0.0032630475
0.00033479031
-0.0012081409
-0.003076802
-0.0034779874
-0.0049302367
-0.0059538747
-0.0060924758
-0.0061284854
-0.0061385087
-0.0074230895
-0.0048682925
-0.0040425759
-0.0052802828
-0.004627398
-0.0048638078
-0.0038994595
-0.0014419408
-0.0015174435
-0.001303313
0.00054635534
0.0014012492
0.0026914148
0.0037207318
0.0055644707
0.0068172833
0.008135533
0.0094353004
0.010582145
0.010362333
0.010211348
0.010191164
0.010062688
0.0096860882
0.010131832
0.0096263053
0.0086811255
0.0076562313
0.0063726793
0.0055180397
0.0044534784
0.0022955788
-0.00015527219
-0.0029242094
-0.0045243557
-0.0059588845
-0.0099429655
-0.01248893
-0.014004972
-0.014587465
-0.015522117
-0.01696805
-0.016769952
-0.017539035
-0.017916065
-0.016775408
-0.015400273
-0.014577564
-0.013731045
-0.011923359
-0.0098488265
-0.0091850463
-0.0086071535
-0.0091200887
-0.0086640672
-0.0064398647
-0.0037991299
-0.001242161
0.0012747862
0.0021644025
0.0034555974
0.0031205884
0.0028102146
0.00040842816
-0.0014308626
-0.0020942785
-0.0036280772
-0.0029640784
-0.0023176632
-0.0014859311
-0.00056486366
-0.00087512345
-4.7395605e-05
0.00014311506
-0.0010267065
-0.00085454621
-0.0017744662
-0.0016216185
-0.0015160803
-0.0025030288
-0.0029013634
-0.0031877341
-0.0034966723
-0.0038768328
-0.005291762
-0.0062297366
-0.0074981626
-0.0090328276
-0.010121725
-0.011061392
-0.01144775
-0.011057678
-0.0098504607
-0.0068632241
-0.0024379683
0.0010700063
0.005052484
0.010689255
0.014355583
0.017123328
0.017940282
0.018755018
0.014162928
0.013947285
0.012963044
0.012751869
0.012246108
0.012121495
0.010616224
0.010639952
0.0098000862
0.0098805697
0.010163142
0.0098998519
0.011557095
0.012674813
0.013327198
0.012436154
0.015452338
0.016826132
0.016073161
0.015706178
0.015184044
0.015267932
0.01313978
0.012081612
0.011325963
0.010079071
0.0094943886
0.0089665326
0.008630918
0.009337387
0.0097336544
0.010435852
0.00952667
0.0076454285
0.0062611101
0.0034937308
0.0025315796
0.00088792565
0.00063268124
0.00029006709
0.00013528403
0.00016796296
0.00054818745
-0.00073085901
-0.00069981218
-0.0014829441
-0.002045244
-0.0016553553
-0.0011295441
0.0012927584
0.0010773906
0.00046981317
0.00058312164
0.0016497608
0.0026615759
0.0026526369
0.0042598555
0.0061389873
0.0069207943
0.0078519082
0.0080408347
0.008248427
0.0089685635
0.0090041837
0.0079387588
0.0071362494
0.0072302403
0.0073691985
0.0067994797
0.0052781172
0.0050581977
0.0041008096
0.0033754429
0.0020669058
0.00046722854
-0.0015916234
-0.0033743574
-0.0056765812
-0.0085527974
-0.01062942
-0.013028262
-0.013010187
-0.012746956
-0.013322848
-0.012667224
-0.012429388
-0.012855517
-0.011050473
-0.011453425
-0.011997164
-0.011148102
-0.0090588927
-0.0090509991
-0.0076769659
-0.0075554666
-0.0070551867
-0.0069485832
-0.0057173264
-0.0042452993
-0.001993138
-0.00064999103
0.0021719533
0.0048793176
0.0024500701
0.0034237334
0.0021187444
0.00028020437
-0.00048773016
-0.0012246808
0.00013101153
-0.00040142365
-0.0013041747
-0.00039143537
4.0572155e-06
0.00014326815
-0.00058585277
-0.00098135609
-0.0007036323
-0.0010923005
-0.0012353935
-0.00089006472
-0.0014548522
-0.0025112577
-0.0029026677
-0.0028371308
-0.0029233339
-0.0043066449
-0.0059626832
-0.006612797
-0.0076279709
-0.0081176179
-0.0088486717
-0.0090474433
-0.0094164272
-0.0097986635
-0.0086565012
-0.0062335681
-0.0036251107
-0.00021155747
0.00371974
0.0064103764
0.0086719147
0.011676476
0.013639227
