0.0051467327
0.0046441465
0.0041823357
0.0039693249
0.0038452067
0.0036384835
0.0065847524
0.011273601
0.013877609
0.013726586
0.013769958
0.014309187
0.012664742
0.0082253208
0.0054862443
0.003758827
0.0043793844
0.0048330551
0.007033159
0.011270916
0.013227837
0.011774881
0.0079473682
0.008847016
0.0084117019
0.0072319506
0.0052255384
0.0016353478
0.00046817612
0.0027105105
0.0022063324
0.00092480378
-0.00035256428
-0.0013898783
-0.002516486
-0.003606227
-0.0025819686
-0.0041056474
-0.0069917533
-0.0082464939
-0.0085697134
-0.010086857
-0.012579418
-0.013488361
-0.016150226
-0.019159947
-0.019904016
-0.02059292
-0.021594342
-0.022894964
-0.022563241
-0.024606251
-0.026825976
-0.02726754
-0.026084874
-0.025241974
-0.022292018
-0.018070386
-0.01357922
-0.012200507
-0.01371384
-0.014078011
-0.013645846
-0.014919784
-0.015742219
-0.017444763
-0.019127191
-0.020490977
-0.020617497
-0.020166691
-0.018864251
-0.017642695
-0.015860485
-0.012022569
-0.0096621845
-0.0077637537
-0.0052835631
-0.001613742
0.0035776866
0.0061865228
0.0078543234
0.0079849312
0.0070992863
0.0052984343
0.0070522868
0.0079774376
0.0050437158
0.003965272
0.0017758107
0.0038643932
0.0061925754
0.0076563351
0.0081838507
0.0094600201
0.0081795908
0.0067361565
0.00484542
0.0039944314
0.0015136011
0.00064893797
0.00020353496
0.00046904972
-0.00020938107
-0.00074078589
-0.00045232633
0.0003158255
0.00072936374
0.00085969472
0.00047231669
-0.00020811658
0.00032951949
-0.00042229001
-0.00063554495
0.00052909359
0.0011453185
0.00035770908
0.0012108085
-0.00029446799
0.0016449152
0.0057354719
0.0076673293
0.0085653996
0.0086510578
0.011332133
0.011326749
0.0089519782
0.010211928
0.013027393
0.014175061
0.014162045
0.01402786
0.012924233
0.011100323
0.0085540559
0.0063349037
0.005696535
0.0048117466
0.004125953
0.0040782873
0.0037454937
0.0039700128
0.0039193183
0.0043299966
0.0047445013
0.0057156396
0.0060615156
0.0058576219
0.0057888133
0.0048419613
0.0054144917
0.0099185638
0.011364627
0.011373561
0.012730545
0.01154485
0.010793393
0.0094588902
0.0083519285
0.0022905487
0.00057556445
0.001282168
0.00042551004
0.0037666576
0.0079046262
0.0085796745
0.0071882762
0.0034540881
0.003659707
0.0073665605
0.0057552941
0.001950385
-0.0013129434
-0.00017453045
0.0015385239
0.00052762515
-0.0031373662
-0.0049754895
-0.0067944754
-0.0093486293
-0.0091470052
-0.0090209472
-0.010746022
-0.014673503
-0.01797604
-0.020520887
-0.023533911
-0.026026963
-0.027585469
-0.030875581
-0.032731745
-0.032666739
-0.034743949
-0.03436738
-0.032293277
-0.030733449
-0.031642656
-0.033294101
-0.03354971
-0.030826222
-0.030186683
-0.025611296
-0.020746734
-0.016249856
-0.014927258
-0.013476726
-0.012534735
-0.012298173
-0.012330257
-0.011562876
-0.013396442
-0.012653369
-0.012596936
-0.012846752
-0.011326353
-0.0094430549
-0.0055910748
-0.0019549556
0.00088551875
0.002181083
0.0033016583
0.0061372949
0.011286263
0.015303019
0.017708835
0.016932208
0.016042677
0.013780143
0.012848169
0.011111784
0.0087716299
0.0070175359
0.0051906215
0.0054059173
0.0072061329
0.0098910843
0.011000623
0.0098709679
0.008236141
0.0057766407
0.0045131173
0.003229564
0.0019947341
0.0006816218
0.001399085
0.00049129509
0.00024644575
0.00067949578
0.0011525933
0.00098669941
0.0020695695
0.001934599
0.0019057603
0.0010056567
0.0002809122
0.00016260428
5.5703267e-05
4.5328639e-05
0.0011759294
0.002170769
0.0021387104
0.00027706431
0.0027979718
0.0078295296
0.011285185
0.010103037
0.013638035
0.014681302
0.013899043
0.01487025
0.014177625
0.015920117
0.016967533
0.016474066
0.014357369
0.01220226
0.0088282029
0.0090197338
0.0070143696
0.00643683
0.005724037
0.0052718504
0.0049661015
0.0051576188
0.0054735195
0.0055528382
0.0053342319
0.0050671221
0.0053904161
0.007559879
0.0073495241
0.008311525
0.0086894639
0.0080401113
0.0071525222
0.0098430199
0.011128721
0.010041179
0.011299283
0.011591155
0.0092536144
0.0065529993
0.0063480825
0.0062598887
0.0050877476
0.0030074972
-0.0015938254
-0.0015453954
0.0028147036
0.0073806864
0.0040576004
0.001123996
0.0024853357
0.0052028876
0.001901064
-0.0033091228
-0.0061029294
-0.005139216
-0.0018341376
-0.00309128
-0.0065015281
-0.010608238
-0.015056128
-0.017246562
-0.018728607
-0.021156923
-0.025419176
-0.028633178
-0.032747471
-0.035845036
-0.040337664
-0.042703751
-0.044950843
-0.045976217
-0.047734236
-0.048736471
-0.050353808
-0.050595427
-0.046874472
-0.04351119
-0.041153934
-0.037923991
-0.038395615
-0.038412492
-0.037312416
-0.030787825
-0.023514785
-0.022328694
-0.019526668
-0.016300428
-0.013936252
-0.010837352
-0.012450521
-0.0088388647
-0.0086855563
-0.00453962
-0.0023044309
-0.0011399178
0.0026442163
0.0038784535
0.0070551658
0.012116045
0.015484507
0.018442054
0.017433232
0.017549859
0.021695059
0.025356129
0.025304507
0.022474938
0.021353451
0.017916145
0.016547003
0.012078242
0.010611422
0.0095052377
0.0080520156
0.00780553
0.0094015151
0.010394103
0.0098203676
0.0078961718
0.0054075411
0.0033743873
0.0012631271
0.00013964217
-0.00043159002
0.00041347996
0.00068760636
0.0012350926
0.0019229032
0.0033175878
0.0035834746
0.0034442767
0.0043082387
0.0044819734
0.0042145206
0.0038034757
0.0026898011
0.0021877918
0.0016477635
0.0032545985
0.0019722605
0.00061616446
0.0034427313
0.0080403469
0.0096866559
0.011174365
0.011824723
0.0073772619
0.014143735
0.015122378
0.017692226
0.015657005
0.018141054
0.018167009
0.016291178
0.012939184
0.011649273
0.0089215233
0.0066149826
0.0050597632
0.0046692411
0.0055837474
0.0052030578
0.0051367466
0.0060442031
0.0062904569
0.0065101512
0.0064331753
0.0064388964
0.0066591634
0.0068782629
0.0082033047
0.008596727
0.01028117
0.011210717
0.010040965
0.0088052844
0.013301803
0.015477389
0.011195013
0.011226385
0.012940531
0.012013071
0.0098577324
0.0075484832
0.0051417194
0.0039482847
0.0048054089
-0.0020182973
-0.0017968737
0.0006716046
0.0031188483
0.0014971508
-0.00021786568
0.0026440911
0.0029818334
-0.0011308217
-0.0041678259
-0.0063476506
-0.0077795684
-0.0053174596
-0.0066551011
-0.0087152888
-0.01445284
-0.02040941
-0.023538876
-0.028512049
-0.033617875
-0.036802017
-0.039071502
-0.043853487
-0.052182503
-0.053526715
-0.056501898
-0.060141027
-0.061421366
-0.063905455
-0.064946476
-0.067594625
-0.067632471
-0.062765699
-0.057980013
-0.052826041
-0.049574483
-0.047727781
-0.048904391
-0.050160393
-0.041811114
-0.036506824
-0.034513734
-0.026219011
-0.021520489
-0.018736799
-0.013900931
-0.010266124
-0.0071094299
-0.0046547379
0.0019262101
0.0071382429
0.011582309
0.017364462
0.018200732
0.021558482
0.024383888
0.027277538
0.028797229
0.026259003
0.027529052
0.031896621
0.032334432
0.03158113
0.029350145
0.024925756
0.021664761
0.019268858
0.015493464
0.013864057
0.011670903
0.0099947133
0.0090715136
0.0084073627
0.007095663
0.0056739826
0.0040704888
0.0030526479
0.0011007947
0.00025961498
0.00066157053
0.00069730239
0.0017112187
0.0024235016
0.0029482765
0.0030214374
0.0037770893
0.0054655265
0.0065715827
0.0062202662
0.006637631
0.0068696527
0.0063291516
0.0053308301
0.0043128219
0.0040165405
0.0062299201
0.005856001
0.0091774393
0.0099449825
0.010538393
0.010118128
0.0055076386
0.0050166183
0.0074304792
0.014377324
0.017080931
0.016036594
0.01487905
0.013803179
0.015819259
0.013378792
0.0083060699
0.0045274498
0.00089047238
-0.00075372753
-4.1499272e-05
0.001663323
0.0038390027
0.0050201716
0.0051707218
0.0058150721
0.0051984326
0.0064768125
0.0072573758
0.0076524838
0.008031067
0.0081041715
0.0098831253
0.01124944
0.012690372
0.013095465
0.012855232
0.012816392
0.019582231
0.020838972
0.018431638
0.017481844
0.013396401
0.011381259
0.010547236
0.0075488411
0.0030706981
0.0024604925
0.0042703446
0.002901244
0.0031245861
0.0047104007
0.005197703
0.0056769387
0.0043668463
0.0063679655
0.0041314907
0.00086589067
-0.00046665778
-0.0051357024
-0.0087411948
-0.01061573
-0.010619798
-0.014965999
-0.01990138
-0.026430573
-0.033104561
-0.038477977
-0.043082179
-0.04698568
-0.051745643
-0.057478248
-0.064797003
-0.065247962
-0.065582357
-0.068018232
-0.072007336
-0.07492473
-0.075781383
-0.075407179
-0.074780922
-0.072779389
-0.068621456
-0.06804771
-0.064914139
-0.064991177
-0.061977321
-0.057227678
-0.051571352
-0.045550036
-0.041265261
-0.032464703
-0.028023723
-0.027338151
-0.020531171
-0.015781539
-0.0068674585
-0.0015942605
0.0057250809
0.011885529
0.01848292
0.026100755
0.028475019
0.034231244
0.034086288
0.034756518
0.036032873
0.034768174
0.036327406
0.034955492
0.03344457
0.031890067
0.028839225
0.023624177
0.019390026
0.018837812
0.013201669
0.013976173
0.011510406
0.010354785
0.0087138104
0.0051030607
0.0056293174
0.004410481
0.0024240767
0.0014797358
-0.00033498834
-0.0001379497
0.00021050464
0.00099123232
0.0018893057
0.0043303137
0.0039772106
0.0037734331
0.0042192423
0.0053725404
0.0057395415
0.005882094
0.0064755515
0.0073542608
0.0069074338
0.00671766
0.0056357455
0.0069142358
0.0075861452
0.0100051
0.010776556
0.010444605
0.0084737422
0.0079546046
0.006621313
0.0070698692
0.011502057
0.012878083
0.01490288
0.015548789
0.014239332
0.013218583
0.014450503
0.011611806
0.0066680023
0.00030290805
-0.0028932638
-0.0032075165
-0.00044263083
0.00087730828
0.0033858918
0.0048305641
0.0047076199
0.004479216
0.0049381057
0.0062790728
0.0082685884
0.0089301022
0.0089308533
0.0095561319
0.012143656
0.013875262
0.015238238
0.017913828
0.016505647
0.019319998
0.023878276
0.024873401
0.022270948
0.021498499
0.017080184
0.018049389
0.01200679
0.0030478654
-0.0027095686
-0.0015027583
0.0045638498
0.0073128314
0.011174875
0.013647393
0.015264427
0.013132872
0.011927733
0.0082605625
0.0054586879
0.0032605076
-0.00077452214
-0.0041529276
-0.0069549627
-0.011987948
-0.014413987
-0.018622402
-0.021432117
-0.027507807
-0.033152456
-0.038711823
-0.046608043
-0.053191215
-0.062606328
-0.069636605
-0.07221985
-0.072322771
-0.069335846
-0.062853571
-0.062520593
-0.068008474
-0.076469861
-0.075231129
-0.072885935
-0.068873861
-0.066230662
-0.066226387
-0.061756711
-0.059268746
-0.053139148
-0.047726796
-0.041569136
-0.046327537
-0.048199087
-0.039356263
-0.033734593
-0.030363363
-0.018985079
-0.012882343
-0.0078243448
-0.00014051399
0.0067911063
0.015817299
0.022803792
0.028726821
0.032795335
0.037107557
0.039663125
0.0391469
0.037489283
0.037060026
0.037012548
0.034281898
0.031177912
0.028036329
0.024356371
0.02085011
0.019517928
0.015631537
0.013920766
0.010674341
0.0082111422
0.0059690502
0.0052535051
0.0050952903
0.0055346803
0.0054578183
0.0039295261
0.0014232899
-0.00020312287
-0.0014398948
-0.0010717514
0.00074701731
0.0026093371
0.0036281339
0.0043936337
0.0042325676
0.0046185336
0.0041052221
0.0047288297
0.0058976698
0.0057951411
0.0065679407
0.0078184348
0.0086479363
0.0098873707
0.009555293
0.01419834
0.015308091
0.0092618424
0.0085610385
0.0074290316
0.008117622
0.0073324538
0.01048096
0.014196339
0.015962217
0.017506236
0.016927703
0.017454122
0.014442925
0.016098446
0.013113372
0.0092991182
0.0035455866
-0.0022191201
0.000629459
0.003276724
0.0057738337
0.0054949817
0.0066098579
0.0061537163
0.0059652455
0.0058178367
0.0082008972
0.010043634
0.01232832
0.01240459
0.012287746
0.016660141
0.018410229
0.018978963
0.017718725
0.017508403
0.020158071
0.024414194
0.025235087
0.023489643
0.023897846
0.020767524
0.018468307
0.011403375
0.0028789286
-0.0063486855
-0.0080213216
0.0020762018
0.0089858499
0.012483129
0.01465317
0.016738991
0.016142836
0.011708857
0.010212681
0.0089918962
0.0078696231
0.0036649322
-0.0014993296
-0.0068455689
-0.010401222
-0.014899773
-0.018707311
-0.025921818
-0.029763219
-0.032949675
-0.040179733
-0.0493465
-0.057638092
-0.068361556
-0.07341106
-0.073613252
-0.067399123
-0.061997295
-0.062552232
-0.062267443
-0.06561436
-0.065240781
-0.063626734
-0.058717274
-0.061763194
-0.063334966
-0.060778519
-0.056863065
-0.048286015
-0.039924854
-0.038564371
-0.039212713
-0.045606025
-0.043881166
-0.032292985
-0.027216815
-0.020203732
-0.022036337
-0.015372511
-0.0037135148
0.0053090009
0.010650219
0.019368821
0.026411643
0.032361913
0.035174243
0.035603176
0.035071784
0.038129619
0.037250421
0.033274711
0.032774545
0.027897179
0.026026112
0.022862673
0.021061843
0.019841385
0.017157661
0.014123341
0.01225901
0.0084155425
0.0085680269
0.0059039159
0.0054680023
0.0052231112
0.006696254
0.0059624058
0.0036595154
0.0022574918
0.0015883229
0.00018225902
0.00069428358
0.0013795788
0.0031623285
0.0045096406
0.0061467381
0.0057811747
0.0060763503
0.0059748404
0.0066594187
0.0054655909
0.0071654079
0.0062345188
0.0079663463
0.010760243
0.014404249
0.01558268
0.020283558
0.015067109
0.0097744375
0.0078583776
0.0083639039
0.0087101165
0.0099606689
0.013010582
0.015004535
0.021294726
0.023621611
0.022686402
0.019066065
0.014992164
0.01661313
0.014498832
0.010854779
0.0066219827
0.0024215248
0.0053967539
0.003599093
0.0064412242
0.008013011
0.0097412286
0.0092296105
0.0092954872
0.0083583077
0.010442286
0.011001428
0.013594402
0.015971127
0.015415966
0.018998982
0.021988932
0.020105893
0.018156883
0.016041049
0.020005275
0.021150915
0.021436065
0.022305689
0.023668239
0.024219019
0.021478216
0.018635166
0.0099870395
-0.0047954947
-0.0071548976
0.00094635918
0.0076623347
0.010480563
0.013592038
0.016466806
0.01771622
0.018070468
0.018334687
0.017276895
0.014645365
0.013086383
0.011184279
0.0058455606
0.00088709046
-0.005250754
-0.013026422
-0.018569793
-0.028374021
-0.034253344
-0.041282164
-0.049085295
-0.056547032
-0.062911383
-0.061755445
-0.054615724
-0.051833292
-0.048278129
-0.047914462
-0.047207662
-0.053874385
-0.05134078
-0.051518743
-0.052987737
-0.047819298
-0.04847257
-0.050565401
-0.047316031
-0.041840255
-0.042280687
-0.04767991
-0.04644798
-0.043379814
-0.037566432
-0.031426384
-0.021730124
-0.018214295
-0.012380889
-0.0058237534
0.0028337198
0.0091299422
0.014373631
0.020761104
0.02268377
0.028414169
0.02907306
0.030736195
0.031970043
0.031516745
0.027799695
0.028575279
0.025126317
0.022629947
0.020411977
0.019278487
0.018256725
0.017929953
0.016159507
0.012993868
0.010915383
0.0092599238
0.0083408498
0.0082632516
0.0069644682
0.0061366491
0.0067465283
0.0058140985
0.0060847963
0.0056485559
0.0057723749
0.0062979975
0.0070148813
0.0071686031
0.0058600489
0.0047765432
0.004786315
0.0050803988
0.0048475967
0.0055575078
0.0066702985
0.0067929915
0.0074275813
0.0098987217
0.009501917
0.0096936167
0.011119906
0.016109344
0.017617024
0.0082109981
0.0046994632
0.0070493063
0.0081905674
0.0093298819
0.010164214
0.014888335
0.016970135
0.021319074
0.025074146
0.022472287
0.021259642
0.017600858
0.019070812
0.016631011
0.008258132
0.0039472552
0.0049810783
0.0080438362
0.010209128
0.010505103
0.01159351
0.013016077
0.013219695
0.014112974
0.012320995
0.014077446
0.014895513
0.017240929
0.017992257
0.017774689
0.019558795
0.020208831
0.018858234
0.014267098
0.014318667
0.018136918
0.019944206
0.020745812
0.021033416
0.024280787
0.026101931
0.025541967
0.018907338
0.013336522
0.0024264684
-0.0021505325
0.0044360247
0.0082373899
0.010443609
0.011520295
0.015093268
0.017778064
0.020555105
0.022167509
0.022551582
0.02001507
0.018814084
0.014991848
0.011113636
0.0042390816
-0.002022242
-0.00941768
-0.016587652
-0.02359137
-0.029724542
-0.037866815
-0.046681868
-0.052825987
-0.053075731
-0.050785641
-0.045938126
-0.04968506
-0.047509055
-0.046769995
-0.045755177
-0.049229998
-0.052274241
-0.045389859
-0.048410525
-0.046792819
-0.051288732
-0.049536207
-0.050369002
-0.050338842
-0.050005454
-0.047329231
-0.042471637
-0.03925197
-0.035547361
-0.028792403
-0.022475217
-0.017846914
-0.014678746
-0.0084869259
-0.0022956603
0.0029627959
0.0072876998
0.010572153
0.011990844
0.015525555
0.016903909
0.018141118
0.017020494
0.018108897
0.016730788
0.017824662
0.016403476
0.014707483
0.01529393
0.014665594
0.014675598
0.013609309
0.012688565
0.0096501937
0.0085460504
0.0065065782
0.0055662655
0.0048438796
0.0053026947
0.0050250011
0.0051965513
0.0061910285
0.0067693771
0.0060106164
0.0059001613
0.0075073337
0.0089111918
0.0083360735
0.008384392
0.0080233847
0.0069356518
0.007376555
0.007684747
0.0075713904
0.0073479095
0.0070582539
0.007557432
0.0088272711
0.007668256
0.0062430868
0.0059567949
0.010417803
0.013008743
0.0065137597
0.0027705678
0.0034534862
0.0070432391
0.0085870398
0.010446149
0.014450193
0.01290007
0.016255513
0.01972172
0.016020654
0.014172953
0.013870362
0.012565989
0.010079121
0.0088496202
0.0090234366
0.012471372
0.014209796
0.016600369
0.016093914
0.016978229
0.018410636
0.018439004
0.017550019
0.016696969
0.017295347
0.01923864
0.020217101
0.020491007
0.019047479
0.023878979
0.021917237
0.02166966
0.01652415
0.015410125
0.020164948
0.01896081
0.022308068
0.022270741
0.024816809
0.026605894
0.026072184
0.022004503
0.014209019
0.0035516723
0.00014369655
0.0052426662
0.0087264277
0.0097119266
0.011921928
0.016163201
0.018501152
0.021487619
0.021944569
0.022714279
0.017970739
0.015865205
0.012354057
0.0067504572
0.0020346072
-0.0026537781
-0.0099396576
-0.013810158
-0.020855508
-0.02955657
-0.036477696
-0.046396861
-0.050883346
-0.049706142
-0.042612249
-0.046492726
-0.04694185
-0.043848972
-0.046636859
-0.043651971
-0.048081602
-0.046968716
-0.039276178
-0.042563412
-0.046478881
-0.050591666
-0.051962134
-0.052669974
-0.048239498
-0.047421049
-0.044862276
-0.042693213
-0.041510239
-0.040573934
-0.034960466
-0.029559989
-0.025999424
-0.022510556
-0.018833606
-0.012896456
-0.0078024991
-0.0074767234
-0.0061369646
-0.00044770978
-0.0010951495
0.0018716613
0.0034602506
0.005323664
0.0085499334
0.0089416057
0.0075175737
0.0072564859
0.007953448
0.0085893811
0.0099763722
0.0097720643
0.0080944546
0.0057268297
0.0043949676
0.0029661971
0.0028005758
0.0019207648
0.001688874
0.001564575
0.00099086415
0.0015399882
0.0020402019
0.0014702997
0.0020060058
0.0031355216
0.0040796804
0.0034976247
0.0034997282
0.0043838603
0.004977872
0.0052683372
0.0039528258
0.0032085577
0.0033458599
0.0030882435
0.0049176284
0.0057333075
0.0047727944
0.0038610316
0.0019435789
0.0021881132
0.003962637
0.006138833
0.0040754767
0.00054647332
-0.00053726736
0.0014515265
0.0041927557
0.010649572
0.010891934
0.0098140392
0.010801958
0.011749099
0.0094124202
0.0075779919
0.0096967069
0.0083419916
0.0076099904
0.0078137706
0.0091836216
0.012364405
0.01638094
0.016202673
0.01705735
0.020696688
0.022362321
0.025114141
0.024304289
0.025123298
0.024309813
0.026152373
0.02877002
0.028667984
0.026048176
0.027277906
0.025766977
0.024421868
0.020127879
0.017479751
0.020871991
0.020994676
0.022548248
0.021102604
0.02531977
0.023439078
0.023045013
0.021312151
0.012627405
0.003766135
-0.00027073963
0.0026568755
0.0051287796
0.004662197
0.0055462988
0.0097845171
0.012225255
0.012425717
0.014217214
0.016123206
0.014007873
0.0097052822
0.0066837751
0.00112927
-0.0026257649
-0.0083142818
-0.013757317
-0.018034165
-0.022221395
-0.030046973
-0.039197344
-0.047716623
-0.050474175
-0.047552936
-0.047876209
-0.047250255
-0.043890574
-0.044701625
-0.048332195
-0.046960741
-0.046904843
-0.041466272
-0.038032873
-0.041132342
-0.043057969
-0.043432496
-0.043883833
-0.043015304
-0.042331409
-0.040080579
-0.037218234
-0.034532804
-0.035016097
-0.034427761
-0.031784182
-0.029483474
-0.030522781
-0.028570705
-0.023629911
-0.017488998
-0.01488075
-0.013965368
-0.010005549
-0.0085396218
-0.0060607083
-0.0039096259
-0.0054017465
-0.0031108169
0.00015295078
-5.0956024e-05
-0.0019310333
-1.4841008e-05
-0.0010618248
-0.001664329
-0.00073211117
-0.000729278
-0.0035127685
-0.0041057107
-0.0057571636
-0.0083887734
-0.00830339
-0.0078775137
-0.0073241608
-0.0062683481
-0.0074569481
-0.0067871762
-0.0063475105
-0.0051857147
-0.0052987126
-0.0053527162
-0.0020227856
-0.0017727419
-0.0034430871
-0.0015040013
-0.0015213521
-0.0021824071
0.00028969882
-0.00021645616
-0.0024517517
-0.0039670339
-0.0033303802
-0.002458682
-0.0020899407
-0.0014210697
1.446669e-05
0.00035510852
0.0012244199
-1.481544e-05
-0.0030157576
0.0010027416
0.000914992
0.0012712978
0.0033300648
0.0058652812
0.0096350692
0.0081165399
0.0070592841
0.0068766259
0.0066254907
0.0058450208
0.0064709257
0.0052731108
0.0062715349
0.0065545225
0.0086090397
0.010286217
0.010786084
0.01347585
0.015381546
0.018032287
0.020698885
0.022468301
0.025274698
0.026482927
0.026963929
0.025413999
0.026183678
0.028099377
0.026978149
0.023975315
0.023361986
0.020154998
0.018856673
0.018870843
0.019690685
0.02034254
0.017499973
0.016424671
0.018140615
0.016486995
0.015003418
0.013729973
0.012073313
0.0075825818
0.0055437706
0.0063907055
0.0049676089
0.0033315433
0.0020032399
0.0024052071
0.0030568053
0.0049366411
0.0071170649
0.0075796045
0.0059154275
0.0037550491
0.0017884379
-0.0023691076
-0.0066912826
-0.013121251
-0.018147042
-0.018383722
-0.024210614
-0.031855945
-0.038909795
-0.046614775
-0.049163376
-0.048817187
-0.04922813
-0.045259394
-0.043121207
-0.041769633
-0.041459139
-0.040376604
-0.036124627
-0.03515066
-0.032752419
-0.032526181
-0.03334696
-0.031988883
-0.031509744
-0.030527986
-0.030841668
-0.030671382
-0.028245773
-0.02516669
-0.022984404
-0.021294548
-0.018661684
-0.015981573
-0.015006464
-0.012158564
-0.011283809
-0.0093239624
-0.0059472329
-0.0047778323
-0.0017759672
-0.00074395144
0.00029541142
0.0010176874
0.00092297053
0.0014610317
0.00065364374
-0.00077847689
-0.004065491
-0.00638187
-0.0072351591
-0.0091325346
-0.0078039214
-0.0094264786
-0.010035105
-0.013926816
-0.012598293
-0.011475154
-0.013165293
-0.015830449
-0.014871644
-0.012945964
-0.011257879
-0.0079775962
-0.0075740458
-0.0067221618
-0.0071384534
-0.00650025
-0.0061354058
-0.0049182479
-0.0064869096
-0.0033031519
-0.0019532768
-0.0018695972
-0.0025462394
-9.2499201e-05
0.00019934895
-0.0023039238
-0.0025005864
-0.0016505192
-0.001517663
0.00045290474
0.001688349
0.00064939825
0.00071852747
-0.0012782471
-0.0066346505
-0.0054958982
0.0012638196
0.0024206582
0.0048210051
0.0073489829
0.0074531697
0.0064393835
0.0067541881
0.0075029698
0.0063952629
0.0048901917
0.0050199045
0.0054165428
0.0058792109
0.006386644
0.0071162535
0.0078299831
0.0090981387
0.011527403
0.013924685
0.016772634
0.019246052
0.021375142
0.023269094
0.023228047
0.023069928
0.021347855
0.02119195
0.022537025
0.022612907
0.020457202
0.018369548
0.020193745
0.019490374
0.020467219
0.019972893
0.020272102
0.017821451
0.014314989
0.011560464
0.010868745
0.010987828
0.010043827
0.0091959812
0.0079889332
0.0094275463
0.012093735
0.0085503283
0.0062102114
0.0017266549
0.0015572852
0.00038003129
0.0010801631
0.0023564931
0.0024896554
0.0011074868
-0.0011365958
-0.0025855815
-0.0073571194
-0.01195826
-0.016607594
-0.019020307
-0.021324493
-0.025827838
-0.033217711
-0.038208808
-0.042774327
-0.044622232
-0.045576436
-0.039457536
-0.034623983
-0.033940761
-0.033416877
-0.032859176
-0.032811254
-0.027953363
-0.024941577
-0.023159307
-0.022864215
-0.022439454
-0.020658881
-0.021946747
-0.018086153
-0.017889699
-0.016891639
-0.017432694
-0.015466069
-0.012405049
-0.012021879
-0.007703898
-0.0037136487
-0.0042212927
-0.00045638758
0.0023632505
0.0024696179
0.0044076473
0.0052072527
0.007773689
0.0064702571
0.0055898944
0.0052207788
0.0043970545
0.00081672881
-1.8975549e-05
-0.0013868529
-0.0041323466
-0.006252138
-0.0092276804
-0.010738057
-0.010758867
-0.012693664
-0.013471589
-0.013359499
-0.013925929
-0.013485952
-0.014255852
-0.014932534
-0.013692938
-0.012144415
-0.0092995459
-0.0062998239
-0.0041312879
-0.0024840749
-0.0021767899
-0.0040894366
-0.0052479212
-0.0059812398
-0.0063522777
-0.0032446117
0.00095957689
0.0031667755
0.0036138935
0.0053034592
0.0051318132
0.0021056664
0.0017833438
0.001562659
0.00046887128
-0.00073837086
0.0010005926
-0.00085000179
-0.0040856834
-0.0020193416
-0.0019418315
-0.0010812397
0.00032897978
0.0022218346
0.0030947013
0.0044281093
0.0038008548
0.0038615909
0.0039403341
0.0043434249
0.0047929111
0.0037107796
0.0030617616
0.0026934129
0.003078504
0.0022170952
0.002864879
0.0033350294
0.0061552336
0.0083334626
0.010759573
0.013957807
0.018089732
0.020223078
0.022375396
0.020855408
0.02169417
0.020470106
0.019534231
0.020224997
0.019852599
0.020766785
0.020025614
0.019011557
0.017136445
0.01843935
0.018214964
0.017280693
0.017582153
0.015262259
0.013615437
0.0091855427
0.007837904
0.0077719252
0.0094094758
0.0069624017
0.0088199021
0.01480887
0.010245091
0.0070853397
0.0060615408
0.0046569716
0.0033445031
0.0027894221
0.0021538938
0.0020683246
0.0013064956
-0.001061277
-0.0031011545
-0.0062643073
-0.011134736
-0.012174721
-0.012896627
-0.017106336
-0.021528426
-0.027196845
-0.030477184
-0.031967958
-0.034132597
-0.033959576
-0.028193815
-0.022341828
-0.024051546
-0.02172734
-0.02302594
-0.021406485
-0.017971183
-0.016248015
-0.014966066
-0.013924082
-0.012359515
-0.0093859539
-0.0084476792
-0.0067456941
-0.0045046999
-0.0040165894
-0.0055281616
-0.0035085253
-0.0014947431
-0.00027476871
0.0010320186
0.0039873332
0.0041210022
0.0070162441
0.0085901655
0.0092021747
0.011186963
0.01166651
0.011335632
0.010255788
0.0084365032
0.005688773
0.0038898753
0.001622841
-0.0010657631
-0.0048084449
-0.0064466729
-0.0070263706
-0.0095367017
-0.010811029
-0.011045186
-0.013809031
-0.016428579
-0.017494188
-0.017261879
-0.017594964
-0.018456895
-0.017599179
-0.01489691
-0.013415752
-0.010688837
-0.0081338382
-0.0056176493
-0.0044175798
-0.0027520508
-0.0042830899
-0.0042689215
-0.0044229902
-0.0025776116
0.00084086658
0.0036414852
0.0049135488
0.0060039448
0.0080228193
0.0062726001
0.0041131344
0.003155216
0.0036021079
0.0024772832
0.0027551189
0.0033149757
-9.5369527e-05
-0.00079450696
-0.0011827317
-0.0011477889
-0.00097009127
-1.2354285e-05
0.00031653666
0.0016634098
0.0013605705
0.0004606811
0.00037711674
-6.3323111e-05
-0.00044242341
0.00042356372
0.0010263428
-0.00054049361
-0.001929626
-0.0027977949
-0.0029218808
-0.0023022844
-0.0017060255
-0.00023265272
0.0015072611
0.0043331664
0.0077508541
0.012047238
0.015585145
0.018400981
0.020076113
0.021487797
0.020782721
0.02144056
0.021298715
0.020763621
0.021185014
0.020528321
0.018019646
0.016573164
0.014807523
0.013013037
0.01223376
0.013489525
0.012826741
0.011442858
0.0097911156
0.0083135072
0.0078721804
0.0093172902
0.008433696
0.010061153
0.012711144
0.01232971
0.012956307
0.0091220186
0.0092037285
0.0069220246
0.0062133427
0.0036430516
0.0036874399
0.0030903508
0.0020678648
-0.00031974292
-0.0023999274
-0.0052628248
-0.0041654845
-0.0067661886
-0.011062004
-0.01413461
-0.016972439
-0.019687238
-0.020637718
-0.021834124
-0.022175568
-0.019014865
-0.014633204
-0.013650459
-0.014625805
-0.011696355
-0.011363561
-0.010241925
-0.0091327889
-0.0082921409
-0.0060854669
-0.0040565444
-0.0022749124
0.00034161152
0.0015576702
0.0032211083
0.0042591951
0.0036876173
0.0054408172
0.0061379657
0.0064764476
0.0076956904
0.009493738
0.0102929
0.011943978
0.013251562
0.013982051
0.014471925
0.013724496
0.012204504
0.0099521358
0.0078719372
0.0046492722
0.0024539986
-0.0003442414
-0.0027587328
-0.0049573333
-0.0069346754
-0.007858144
-0.0096541117
-0.011666501
-0.012995253
-0.014598005
-0.017271757
-0.019991519
-0.020773085
-0.022609874
-0.022596925
-0.020638613
-0.018594734
-0.016502444
-0.014266087
-0.011792523
-0.0082719925
-0.0047543413
-0.0047864377
-0.0046499231
-0.0044840043
-0.0041043035
-0.0032543612
0.00055235216
0.0019279897
0.0035041596
0.0045867075
0.0058147075
0.005566253
0.0040596274
0.0028901291
0.00077621163
0.00018267037
-0.0013972169
5.8231168e-05
-1.77284e-05
0.00022371793
-0.0003148182
0.00046170942
-0.00084024368
-0.00071683685
-0.0011717335
-0.0018850403
-0.0009553537
-0.00064843245
-0.002130953
-0.0016066155
-0.0011583387
-0.0011816257
-0.0014013488
-0.0014794513
-0.0029627933
-0.0042007738
-0.0055558978
-0.0065779821
-0.0075353022
-0.0069547468
-0.0051186489
-0.0027567394
-7.1663877e-07
0.0030109811
0.006943254
0.010953369
0.015618919
0.018805634
0.020042669
0.021218536
0.021531916
0.022020044
0.020132548
0.018623681
0.017713715
0.017672047
0.014427828
0.012236384
0.011913198
0.011547959
0.011475319
0.011773663
0.010272305
0.010394711
0.0096134914
0.01072692
0.010425002
0.0094286499
0.011787565
0.014486104
0.015535686
0.015063043
0.012920082
0.011300149
0.010001516
0.0084877462
0.007545839
0.006836556
0.0063955758
0.0053332536
0.0036545314
0.0037029984
0.0054938151
0.0042212819
-0.00020632522
-0.0049743768
-0.0062166615
-0.0096994318
-0.010458589
-0.011285604
-0.011482117
-0.0089334033
-0.0073154139
-0.0065882732
-0.0064547243
-0.0027278959
-0.0030627897
-0.0056515209
-0.0055995913
-0.0047687508
-0.0033368692
0.00013695464
0.00022314838
0.0012711641
0.0047220109
0.0052292051
0.0066067516
0.0071811816
0.0083910277
0.010035758
0.010347318
0.01084582
0.011257066
0.011214512
0.011331591
0.011767854
0.012353781
0.012534172
0.012979527
0.011483766
0.0088396971
0.0068005084
0.0037724408
0.0021314514
0.0003176498
-0.0024832771
-0.0046962231
-0.0064097427
-0.0076660782
-0.0084696126
-0.010852369
-0.012772281
-0.013818803
-0.014885186
-0.016186125
-0.018857476
-0.019459222
-0.020458711
-0.020889485
-0.019718996
-0.016804154
-0.015199091
-0.012985741
-0.0098421133
-0.0066954364
-0.0063450784
-0.0060120536
-0.0067377709
-0.0075335667
-0.006910208
-0.003597527
-0.00079950774
0.0011956403
0.0016996202
0.0027519511
0.0025843329
0.0020633575
0.0010543196
-0.00087367402
-0.001735484
-0.0031898555
-0.0016480585
-0.00015966575
0.00047561357
0.0012608762
0.0012080804
0.0016884958
0.0014801839
-0.0013048449
-0.0011009762
-0.0022034417
-0.0022060465
-0.0015610089
-0.0023827204
-0.0021245615
-0.0018188236
-0.001607316
-0.0024016935
-0.0042607897
-0.005437223
-0.0063467516
-0.0071962571
-0.0085617353
-0.0091907853
-0.0087914808
-0.0079700674
-0.0066063233
-0.0044118803
-0.0013981827
0.0018435807
0.0059590283
0.0108765
0.014724795
0.016036677
0.017356372
0.019422967
0.015078386
0.015625045
0.016308613
0.015993389
0.015243795
0.014270397
0.01344252
0.014023852
0.011996947
0.012051591
0.011962387
0.011365786
0.012929995
0.013064375
0.013509972
0.01223554
0.015089577
0.019546752
0.01973077
0.020411498
0.019909359
0.019261415
0.015984316
0.014289728
0.013020174
0.011646737
0.011166377
0.01023854
0.0094785405
0.01135463
0.012883699
0.012625001
0.0097794667
0.0077193184
0.0042554682
0.0004436448
-0.0020552682
-0.003453604
-0.0017326556
-0.0011283491
-0.00082567657
-0.00083327279
0.00063134104
0.00048613169
0.00049776275
-0.0023447924
-0.0043241603
-0.0047068197
-0.0036830488
-0.00056433565
0.00017934083
0.00014733484
0.0016825163
0.0033736499
0.0046092521
0.0051918042
0.0065729782
0.008202459
0.0090133067
0.0094895262
0.0090918287
0.0088135439
0.010270298
0.010391268
0.010146705
0.0096621328
0.0099417877
0.0090567472
0.0076299349
0.0052277344
0.0041251322
0.0023291332
0.00089190565
-0.00064856144
-0.0021089433
-0.0041271567
-0.0047562743
-0.0061248517
-0.008046312
-0.0091354592
-0.011804921
-0.012648607
-0.012622507
-0.013403298
-0.013327381
-0.014621387
-0.015292839
-0.014334693
-0.013998446
-0.013536628
-0.01125603
-0.0084841769
-0.0071584254
-0.0052361447
-0.004844234
-0.0046168774
-0.0056684479
-0.0059588465
-0.0045595191
-0.0032564137
-0.0020026144
-5.8256729e-06
0.0022432196
0.00073420679
0.0022727932
0.0027048646
-0.00030257002
-0.0018825501
-0.0024186567
-0.00046490633
-1.0474509e-05
-0.00073635502
-0.00010582138
0.00097173538
0.0011340018
0.00047146418
0.00022893275
-0.00020729991
-0.0012924619
-0.0019880209
-0.0016618864
-0.0018682144
-0.0020690596
-0.0017819521
-0.0016408377
-0.0018120435
-0.0037699066
-0.0050643257
-0.0056036919
-0.0058607526
-0.0062384137
-0.0075585925
-0.0082108969
-0.0082109425
-0.008324583
-0.0070190476
-0.0059362439
-0.004824453
-0.001362346
0.0037668309
0.0063418461
0.0080187343
0.010721424
0.014224131
