0.0045853113
0.0040799492
0.0035137207
0.0031405082
0.0024128749
0.0014688853
0.0036565923
0.010454053
0.01510829
0.014644584
0.014292099
0.013741325
0.011822173
0.0065237866
0.0048341399
0.0014065609
0.0013954151
0.0015351525
0.00228039
0.0056151049
0.0094124851
0.012493371
0.01120593
0.011924855
0.010658231
0.0077707497
0.0058314637
0.0025857298
0.00038837323
6.3215683e-05
0.00075482834
0.00027948085
-8.7754254e-05
-0.0019725257
-0.0043967255
-0.0056546974
-0.0056044495
-0.0074907325
-0.010377058
-0.012673679
-0.013164542
-0.013859927
-0.015484139
-0.017601642
-0.019799333
-0.021561104
-0.020548557
-0.019233108
-0.019294809
-0.020413421
-0.020721472
-0.021578309
-0.02675297
-0.030365396
-0.030714533
-0.0291506
-0.025776775
-0.02125548
-0.016401574
-0.014839523
-0.016218756
-0.018449286
-0.018590745
-0.020093411
-0.018167501
-0.016066014
-0.016482365
-0.016781507
-0.018425335
-0.019945516
-0.01985692
-0.018157422
-0.017795973
-0.015168838
-0.011768392
-0.0093849581
-0.0060745829
-0.0033276456
-0.00048578784
-0.00037852233
-0.00023730399
0.00062183813
0.0034101364
0.0070824798
0.012089622
0.01426683
0.014339075
0.012841096
0.0078066064
0.0070685511
0.0077874616
0.009980849
0.012383971
0.015564402
0.014515359
0.012054994
0.0085307255
0.0058668644
0.0026095409
0.0016426491
0.00034545718
0.00017282859
-4.4653059e-05
-5.6420276e-05
0.00029897927
0.00081432453
0.00047066957
0.00072624237
0.0003920634
-0.00026915283
7.8589534e-05
-0.00089125554
-0.0015455905
-0.00062634905
-0.00068571056
-0.00051977686
0.00068738629
0.0033922345
0.0045958585
0.0085697225
0.010911195
0.011520568
0.012397977
0.014362738
0.014903496
0.012318041
0.013085837
0.016372508
0.016868627
0.015747528
0.014665837
0.013962653
0.012797801
0.0096780322
0.0076363683
0.0066954174
0.0059356256
0.0056346663
0.0051366755
0.0048864315
0.0051153878
0.0046277972
0.0045689651
0.0045799295
0.0051579527
0.0054623765
0.0047191683
0.0043426646
0.0027626448
0.0035575391
0.0084788024
0.013667438
0.016309121
0.015866865
0.013192368
0.010453279
0.0083678318
0.0077457477
0.0018305946
-0.00056710517
-0.0003583503
-0.002409178
-0.00035084176
0.0044658123
0.009390058
0.011013746
0.0083955148
0.0091262092
0.011619177
0.00850579
0.0039885164
-0.00086788895
-0.00076968065
-5.4896647e-05
-0.00018132171
-0.0025761652
-0.0044470979
-0.007944625
-0.010830178
-0.011674147
-0.011758882
-0.013277218
-0.016901702
-0.020487049
-0.022606982
-0.025737275
-0.028456453
-0.03140672
-0.03475842
-0.036424069
-0.035183856
-0.036292781
-0.034908887
-0.032533854
-0.03228667
-0.034391091
-0.038822738
-0.040020229
-0.038280828
-0.036281522
-0.031585223
-0.025815323
-0.021515821
-0.020925146
-0.019528909
-0.01797322
-0.017232177
-0.016733351
-0.01354297
-0.012985014
-0.011377476
-0.010378759
-0.01203559
-0.012547404
-0.012032361
-0.0086999705
-0.0070409348
-0.0059717212
-0.0024869043
0.0013061467
0.0037988597
0.0067554747
0.0096487963
0.011850849
0.011066038
0.01217995
0.014619581
0.015431523
0.017484504
0.018281354
0.015165031
0.013304847
0.011931794
0.011297495
0.013134153
0.015120708
0.015283301
0.014822312
0.01262669
0.0086288802
0.0060936382
0.0032610247
0.00050760656
0.00024157617
-0.00015225867
-0.00018707881
0.00082518347
0.0011996255
0.0012747733
0.0015606905
0.0013938788
0.0010732027
-8.0432989e-05
-0.0010063704
-0.0011087256
-0.0020301688
-0.0025828426
-0.0023638694
-0.00048409886
-0.00011981558
0.00039909085
0.0045050495
0.0098795372
0.014467712
0.013775586
0.017748308
0.01937287
0.019709772
0.020046638
0.019786843
0.018752673
0.019431309
0.019048858
0.016738919
0.013681482
0.011476845
0.010647154
0.0078410327
0.0065954889
0.0062522683
0.0065098105
0.006318566
0.0061578822
0.0059973718
0.0057729503
0.0058270165
0.0049822634
0.0050571327
0.0066824125
0.0062711766
0.0063164867
0.0062732785
0.0045928216
0.0035213523
0.0091381061
0.012583861
0.012706036
0.015252935
0.015101485
0.010143523
0.0068069282
0.0055214119
0.0056281886
0.0038918609
0.00072909809
-0.0048005107
-0.0056581793
-0.00027534683
0.0084223883
0.0091561802
0.0074447421
0.0088857905
0.0098919192
0.0063162875
0.0017087903
-0.0013152503
-0.00023294132
0.0018909402
0.00081222267
-0.0022161805
-0.0074710852
-0.013295744
-0.017944768
-0.019706832
-0.020035154
-0.02379395
-0.026979451
-0.031569269
-0.035237004
-0.041033734
-0.045464058
-0.049282256
-0.051197807
-0.053227138
-0.054812369
-0.057699687
-0.058694781
-0.051886338
-0.04910319
-0.04979298
-0.047015145
-0.047821939
-0.048939936
-0.046089378
-0.03642292
-0.027099879
-0.028522136
-0.026901642
-0.02331708
-0.019723808
-0.015613845
-0.015607136
-0.012774767
-0.011134944
-0.007718858
-0.005075189
-0.0029397622
-0.0011610525
-0.0010080286
0.0011604783
0.0048306326
0.0081000507
0.012578949
0.013949049
0.014641908
0.017067732
0.02060868
0.022494154
0.021840339
0.023126486
0.024156327
0.023440751
0.020601612
0.019048624
0.018115248
0.017399649
0.015158435
0.01299317
0.013587272
0.012462041
0.010858261
0.0092923491
0.0065140165
0.0037821623
0.0011081955
-0.00022056396
-0.00066311048
-0.0011495804
-0.00042603815
0.00072352843
0.0022541508
0.0020723876
0.0025165189
0.0027023372
0.002909092
0.0020518665
0.0017308932
4.1660251e-05
-0.00066213459
-0.0021879668
-0.00097646097
-0.0036791448
-0.0039379552
0.0026169747
0.0076834233
0.012787952
0.013221558
0.013921663
0.011420032
0.018354942
0.020415956
0.021721391
0.018266264
0.020163518
0.019991145
0.01741004
0.015012912
0.012189396
0.0088403507
0.0073758062
0.0056810895
0.0055998908
0.0060990904
0.0061321472
0.0059220317
0.0066677067
0.0068659924
0.0065700713
0.0063947477
0.0063949356
0.0061778796
0.0064395964
0.0066330572
0.0066737496
0.0079524407
0.0081058914
0.0068377094
0.0071503927
0.012486753
0.017084752
0.01416341
0.015382157
0.015273289
0.012129702
0.011556427
0.0080915487
0.0040867266
0.0018067864
0.00028537076
-0.0044120582
-0.0044955102
-2.1358828e-05
0.0054295545
0.006211751
0.0063956621
0.0096026167
0.0094846388
0.0068872014
0.0034540796
0.0034134388
0.001642893
0.0038288358
0.0032636061
0.00021969181
-0.0065570802
-0.014964547
-0.018644652
-0.02303388
-0.027057835
-0.03071042
-0.034274611
-0.040475033
-0.048612755
-0.053571456
-0.057654269
-0.063725323
-0.06692331
-0.072261645
-0.076696187
-0.080199228
-0.081053857
-0.075524527
-0.07070098
-0.064717723
-0.058025921
-0.055879543
-0.058216241
-0.057203646
-0.044729668
-0.037625533
-0.040497374
-0.033908178
-0.028681406
-0.025165253
-0.020295735
-0.015982309
-0.013586893
-0.011046347
-0.0062236269
-0.00054813733
0.0042145906
0.0094116953
0.012341763
0.015153361
0.018140969
0.023142302
0.027690727
0.026249901
0.027447307
0.031008288
0.034205696
0.035468246
0.033191005
0.031858612
0.030567191
0.02707127
0.023819522
0.021720031
0.020054178
0.016903775
0.014517895
0.011039771
0.0093873304
0.0076328056
0.0057395507
0.0047044259
0.0028790899
0.0011912505
0.00040164486
3.3762549e-05
-0.00019314202
-0.00030977508
0.00062064497
0.0014202905
0.0023450471
0.0036735279
0.0049037162
0.0048562245
0.0050758237
0.004656963
0.0044654177
0.0031674934
0.0025919298
0.0015390388
0.0031841754
0.0019760851
0.0059809702
0.0088980885
0.010757782
0.011183174
0.010577602
0.011084064
0.011355879
0.016987976
0.01727271
0.016977626
0.016055019
0.014947289
0.015763797
0.012862232
0.0087263147
0.0053472988
0.0021441329
0.0014450197
0.001107076
0.002672288
0.0042111054
0.0053175222
0.0062824366
0.0067858219
0.005727999
0.0063244869
0.0069943002
0.0069642505
0.0071683056
0.0067563564
0.0078091926
0.0083456825
0.0096559146
0.010587585
0.010574787
0.013460065
0.020907265
0.022224952
0.019179059
0.017202042
0.015715253
0.013886706
0.01318969
0.010257933
0.0017029247
-0.0010712182
-0.00092144935
-0.0024490894
-0.00067927971
0.0037059467
0.0074780945
0.0092257157
0.0076099804
0.0097879554
0.0079514468
0.0074240254
0.0079146577
0.0067187466
0.0044257943
0.0024544267
0.0008457838
-0.0033129792
-0.0065891993
-0.01439841
-0.024106157
-0.029030255
-0.033132678
-0.038206909
-0.044912933
-0.05094065
-0.059485859
-0.062178661
-0.064561302
-0.071500177
-0.07842858
-0.084963835
-0.086767791
-0.086238264
-0.08582641
-0.086630098
-0.08277826
-0.082765686
-0.076082694
-0.072203341
-0.068240867
-0.060017077
-0.0518879
-0.047580763
-0.044132691
-0.039052653
-0.03571901
-0.034290652
-0.027029828
-0.021923418
-0.015307849
-0.01019991
-0.0041182093
0.0023993702
0.010400812
0.017251072
0.020648227
0.026822521
0.031478463
0.032197745
0.036149562
0.036997566
0.03895331
0.040985397
0.040873676
0.040902756
0.034464355
0.030656147
0.026491814
0.023947655
0.018974467
0.019286001
0.018177723
0.014087212
0.011244115
0.0079153521
0.0064376345
0.0038610516
0.0027168563
0.0011925921
-0.00031765944
-0.00036041624
-0.00047008476
-0.00052444348
-0.00012667685
0.0011941289
0.0019516454
0.0028455624
0.0034076626
0.0041586365
0.0049169341
0.0052422352
0.0056011634
0.0062733791
0.0061835994
0.0062011947
0.0057417381
0.0055575228
0.0057271825
0.0054193229
0.0082239416
0.0089756044
0.0090944362
0.0097545959
0.0098682856
0.010192884
0.011524701
0.012360805
0.012969184
0.014679758
0.013506365
0.01283615
0.012951053
0.011527523
0.0077711701
0.002942561
-0.00035236806
-0.0011822417
0.0004027447
0.0021987842
0.0039327121
0.0058092113
0.0056650399
0.005723479
0.0057930699
0.0070516669
0.0073095003
0.0081570567
0.0073230187
0.0079951387
0.0098199309
0.010893829
0.011288736
0.015196144
0.016172101
0.021630601
0.024142382
0.0235956
0.017703469
0.017431352
0.015022416
0.01814961
0.01386172
0.0059985646
-0.0025131004
-0.0052068849
-0.0025657636
0.0010858291
0.0075849415
0.010970208
0.015517286
0.013680341
0.013934816
0.010471092
0.0084215157
0.0077570561
0.0051557992
0.0026349311
0.0022505514
-0.0029115584
-0.0063697775
-0.0099991737
-0.011312504
-0.015938274
-0.02437908
-0.030936894
-0.036468162
-0.043060882
-0.053134715
-0.062810597
-0.068743184
-0.071967149
-0.069939822
-0.064415575
-0.065202692
-0.0727771
-0.082989929
-0.082069637
-0.079580715
-0.074947351
-0.074799549
-0.072182075
-0.06560504
-0.061342979
-0.049913675
-0.04312174
-0.037693537
-0.04428603
-0.0479273
-0.044153996
-0.039168884
-0.034724894
-0.023377731
-0.018480551
-0.015395178
-0.0066483077
0.0010765201
0.010195017
0.016843869
0.022867252
0.027700231
0.033323178
0.038334924
0.041587002
0.041929486
0.041467106
0.042976376
0.043230285
0.040784262
0.039285965
0.034301877
0.028887472
0.024974306
0.021087279
0.018939853
0.015142893
0.013095076
0.0097965229
0.0082579191
0.0061309558
0.0055070305
0.0047100077
0.0034352648
0.0018391405
0.00043077738
2.6188737e-05
-0.00046714738
0.00016760786
0.0015493099
0.0023533279
0.0030439569
0.0030908908
0.0033001295
0.0034687432
0.0042217802
0.0051438778
0.0054738238
0.0065555432
0.0075883904
0.0086687084
0.0094177254
0.0086465202
0.011111037
0.01203023
0.00742225
0.0066803091
0.0064074242
0.0065537108
0.0082546267
0.010112979
0.014075217
0.015347549
0.016099679
0.014364986
0.015099153
0.016041035
0.017028998
0.015425111
0.012384317
0.0055585766
0.0005255168
0.00068525372
0.0029686094
0.0052825519
0.0057555776
0.0063119161
0.0062791637
0.0072358464
0.0071879222
0.0083142324
0.0084117264
0.0097243088
0.0097914124
0.010460109
0.013468849
0.014772056
0.01565313
0.016927866
0.017396139
0.021027533
0.023151706
0.019862549
0.017166349
0.016587462
0.015273896
0.017182055
0.011618665
0.0049077916
-0.006784275
-0.011765724
-0.0069036253
0.00037749175
0.007215625
0.011707052
0.015270444
0.014487524
0.011153809
0.0089843018
0.0083298031
0.0072137363
0.0040016733
0.00071315817
-0.0033575073
-0.004725074
-0.0089302562
-0.012243126
-0.017298375
-0.02011708
-0.025710218
-0.035093002
-0.043022532
-0.051757644
-0.063941622
-0.070822592
-0.074177177
-0.070227549
-0.064665279
-0.064820349
-0.066348081
-0.069943874
-0.069309062
-0.064861172
-0.05620602
-0.063503848
-0.064880246
-0.057873144
-0.053140804
-0.042952596
-0.034663031
-0.033831642
-0.031569982
-0.038866038
-0.040412134
-0.032664381
-0.027658668
-0.02294966
-0.022876881
-0.016150158
-0.0056616782
0.0029181056
0.01043093
0.016800358
0.023530832
0.02846773
0.034050148
0.037123171
0.040284201
0.044287116
0.044302725
0.041502175
0.04157996
0.039087113
0.037448138
0.034226842
0.029798712
0.027671091
0.023009337
0.019694932
0.017251708
0.013535856
0.012349533
0.0089839007
0.007580067
0.0064189632
0.0063507896
0.0059943831
0.0041888623
0.0030175234
0.0027549578
0.0023532688
0.0024655794
0.0026472535
0.0036798502
0.0044089092
0.0051180718
0.0051018876
0.0054980166
0.0055741956
0.0058570312
0.0061285191
0.0072782074
0.0071826566
0.0084616444
0.010714967
0.013086154
0.01402855
0.016806748
0.013152515
0.0058100988
0.0054816433
0.0069042709
0.0085208909
0.0094337614
0.012141976
0.015327207
0.021868443
0.023551104
0.02144262
0.019313495
0.015723305
0.016441768
0.016573314
0.013142066
0.005827718
0.0017763205
0.0032230642
0.0032706567
0.0053275991
0.0073951184
0.0081584377
0.0080993234
0.0086211748
0.0082668484
0.0095980268
0.0092021375
0.010346907
0.011992226
0.011812213
0.016234695
0.018807113
0.018478932
0.017036205
0.015665436
0.018674313
0.017964772
0.015870153
0.018532387
0.019491243
0.01937777
0.020539327
0.016693356
0.0088259644
-0.0059552146
-0.01022921
-0.0056191742
0.00022067403
0.0058591561
0.010009763
0.01383088
0.015306902
0.015608496
0.015353632
0.013344796
0.014456467
0.014244027
0.012357781
0.0098569705
0.0071104072
0.0019363943
-0.0036872686
-0.0089771791
-0.018052774
-0.024435641
-0.032134715
-0.043001893
-0.053338576
-0.060013528
-0.062333637
-0.057516871
-0.05495687
-0.051939378
-0.05138446
-0.049154072
-0.05343118
-0.051082743
-0.048024594
-0.0508053
-0.04854056
-0.044048904
-0.041957508
-0.038046
-0.032148394
-0.030961486
-0.037490355
-0.039230666
-0.039275984
-0.033697956
-0.030001975
-0.020691304
-0.016140723
-0.010902654
-0.0041652133
0.0041522163
0.010210536
0.015899937
0.02217864
0.02352619
0.027888096
0.031861033
0.033860004
0.037600065
0.039329852
0.036507196
0.035311625
0.032728668
0.030716537
0.028648721
0.026704988
0.024736359
0.021933305
0.019791154
0.017063591
0.015195438
0.013783727
0.01178079
0.01116598
0.0099732711
0.0084995581
0.0081197555
0.0070017211
0.0067344611
0.006180301
0.0060587955
0.0068868995
0.0072779943
0.0074430398
0.0072613838
0.0071994457
0.0080334656
0.0078235162
0.0077121835
0.0078567897
0.007957981
0.0082040257
0.0092730863
0.010327646
0.010556175
0.011489172
0.012089418
0.015711167
0.018495773
0.0080879233
0.004885496
0.0072813203
0.0081389263
0.011781244
0.011027079
0.014546727
0.019686599
0.02443052
0.024795999
0.023301326
0.021079493
0.020290652
0.019710613
0.018136934
0.010141215
0.0053003743
0.0045107543
0.0052829146
0.0069329103
0.0073589923
0.0080887616
0.010182979
0.010141966
0.01124875
0.010424286
0.011615472
0.012001664
0.013831588
0.014792
0.01566355
0.017543178
0.019245374
0.018551711
0.014308041
0.014856259
0.015787206
0.016452734
0.016937445
0.018436514
0.021036753
0.021887707
0.021451248
0.01642263
0.0091614454
-0.0014688013
-0.0059477408
-0.00063604419
0.0019187431
0.0039878893
0.0062171706
0.010265557
0.014618719
0.017717434
0.020096545
0.020993408
0.021226847
0.022070647
0.020314515
0.020684361
0.01604145
0.012366862
0.007175657
0.00071258581
-0.007404478
-0.01579059
-0.025758865
-0.036005768
-0.045207751
-0.048214434
-0.049205522
-0.046609896
-0.050548732
-0.051461038
-0.049771948
-0.047627682
-0.050256975
-0.051425932
-0.045812583
-0.046661772
-0.044713877
-0.046767352
-0.042498942
-0.043707898
-0.042104893
-0.042109238
-0.03870017
-0.03607222
-0.03358634
-0.028836503
-0.024168362
-0.017964338
-0.011978221
-0.0087562973
-0.0031076544
0.0020228397
0.0084792419
0.0133782
0.016088506
0.016993317
0.019687755
0.021499616
0.024467735
0.025607508
0.026989516
0.02563422
0.025524824
0.023410815
0.020739682
0.019881178
0.017253689
0.016980894
0.01523583
0.015349677
0.013477707
0.012343417
0.011392919
0.0094354063
0.0085153533
0.0086526985
0.0081213748
0.0071817159
0.007694478
0.0075108681
0.0064110918
0.0066656771
0.0077383079
0.0080322439
0.0081498903
0.0085676297
0.0091683427
0.009179184
0.0087239212
0.0084209975
0.0082855354
0.0081906987
0.0082094934
0.009294785
0.0097058655
0.0092634118
0.0085378149
0.0078980238
0.011999
0.014975997
0.0086074298
0.0041095323
0.0049781989
0.0089006306
0.012671613
0.013708317
0.015070882
0.016203736
0.017330903
0.018864388
0.018729122
0.017627574
0.016074895
0.013047236
0.0090358445
0.005908797
0.0049311993
0.0062294142
0.0073810891
0.009877579
0.0095023217
0.0094755327
0.011347181
0.012769063
0.013556186
0.013451217
0.013652774
0.015361775
0.016335224
0.017668657
0.017841297
0.018001894
0.019131037
0.02006715
0.015780566
0.016765631
0.018240986
0.018132698
0.020271353
0.019655171
0.021147502
0.024775735
0.023070138
0.018119785
0.0097773416
0.00020322799
-0.0029766501
0.00042701345
0.0026909856
0.0035533752
0.0055060593
0.0084795671
0.012472226
0.016303287
0.019166403
0.021960907
0.020285585
0.02030285
0.018600401
0.017320456
0.014979752
0.012895445
0.0076786787
0.0043959835
-0.00046458903
-0.010232376
-0.019527932
-0.030918826
-0.038827983
-0.043330602
-0.042670907
-0.046986128
-0.050959659
-0.048998547
-0.051210496
-0.048500615
-0.049140036
-0.049299636
-0.040483648
-0.041687896
-0.043702251
-0.042812083
-0.041353219
-0.0432813
-0.038554364
-0.037084965
-0.034428493
-0.03327732
-0.031679349
-0.028125518
-0.023230478
-0.019062592
-0.013516168
-0.012341386
-0.0079392706
-0.0034594677
-0.00086175532
0.00043367367
0.0020003191
0.0053185771
0.0056208533
0.010079747
0.012954155
0.014059549
0.017334367
0.017485422
0.015440843
0.013628386
0.012516134
0.011136254
0.010689926
0.01109442
0.010295084
0.0094926878
0.0088280119
0.0068981882
0.0070645462
0.0056839742
0.0051699833
0.0055208636
0.0057530626
0.0050986994
0.0052354368
0.0046291732
0.0042303065
0.0043763024
0.0054747448
0.0044480492
0.0041851768
0.0054477968
0.0057389413
0.0062193118
0.0053452101
0.0044183975
0.0044753654
0.0051298667
0.005445992
0.0058922367
0.0056937612
0.0049333655
0.0044050654
0.0048289846
0.0067376789
0.0081137775
0.0066052366
0.002294804
0.00030038495
0.0050829755
0.0074764249
0.01182064
0.012701793
0.0099383104
0.009034812
0.010150505
0.010574567
0.010126442
0.0082652188
0.0053584187
0.0034784784
0.0035762567
0.002934805
0.0065533246
0.0094402515
0.0093712466
0.0089071811
0.011928335
0.013044883
0.013494261
0.014358392
0.01726258
0.014948776
0.016406775
0.019585723
0.019872552
0.020002389
0.020360665
0.02109542
0.021219433
0.018936281
0.018583113
0.018890183
0.019722654
0.019887268
0.018707011
0.020805876
0.020193303
0.020202178
0.017912752
0.011326037
0.0029437236
-0.0032575798
-0.0033235449
-0.0020701233
-0.0016105669
-5.0376438e-05
0.0019878402
0.0046212534
0.0077630373
0.011865356
0.014513935
0.014710893
0.014317567
0.012480333
0.010420651
0.0079743005
0.0050711239
0.0031606483
-0.0026109697
-0.0076408372
-0.012802354
-0.023350662
-0.031512291
-0.0382422
-0.041903202
-0.045576765
-0.047623237
-0.049429476
-0.054025203
-0.057497243
-0.05542837
-0.052272754
-0.044495339
-0.041451806
-0.040325648
-0.040922302
-0.041302963
-0.039920707
-0.036223121
-0.033086582
-0.030562786
-0.028866206
-0.024772519
-0.024460438
-0.02282171
-0.019314503
-0.016035275
-0.015907631
-0.014966032
-0.011875222
-0.0086117102
-0.0064226711
-0.0058818802
-0.0020998258
-0.0013713327
0.00032155618
0.0024284926
0.0061747957
0.007306926
0.0094854878
0.011391748
0.0093414165
0.0086484653
0.0061901438
0.0034468872
0.003835364
0.003463207
0.0032473204
0.0018676781
0.00032726798
-0.0013748681
-0.0011066769
-0.002095223
-0.0016208242
-0.0020090938
-0.0018667109
-0.0026704332
-0.0027528621
-0.0025710453
-0.0025630217
-0.0013887114
-0.00064083316
-0.0011484744
-0.0026795495
-0.0013671172
-0.00044661825
-0.0012923995
-0.00054237589
0.00057289349
0.00019006948
-0.00063786697
0.00034342653
0.00034303343
0.0013178415
0.0011799825
0.0024165274
0.0038810654
0.0027984991
-0.00022087746
-0.00067936961
0.0016145555
0.00050932398
0.00045163714
0.0013070168
0.0045760713
0.0075912588
0.0056066451
0.0035107786
0.002911081
0.0033563026
0.0027824725
0.0019132301
0.00063267574
-4.622446e-05
0.00071823657
0.0024599396
0.0039637108
0.0046375244
0.0072687605
0.0092608189
0.0088663594
0.011063645
0.013537797
0.016000443
0.018000236
0.017152172
0.016602647
0.018188345
0.018526465
0.019084805
0.016920712
0.015954531
0.014852678
0.016354626
0.016161687
0.014576996
0.01487125
0.012634607
0.012604174
0.01284988
0.011807052
0.011212202
0.010380075
0.0098456601
0.0072064065
0.0033106557
0.00024916438
-0.0013812888
-0.002761483
-0.0021418516
-0.0012274867
0.00046523317
0.0020788241
0.003506039
0.0050951765
0.0068054755
0.0061005077
0.005893146
0.0043483819
0.0020743441
-0.0034344104
-0.0063744419
-0.010712523
-0.01363774
-0.018012067
-0.026424211
-0.032729384
-0.038543889
-0.042495603
-0.046755775
-0.046416729
-0.048619138
-0.050856991
-0.054916391
-0.054917159
-0.045923273
-0.042573317
-0.039368545
-0.036224753
-0.035489642
-0.035407156
-0.033246642
-0.027441112
-0.026781599
-0.025328564
-0.021790204
-0.019239029
-0.016307773
-0.013995585
-0.011567874
-0.0084389458
-0.0055931513
-0.0049613612
-0.003948869
-0.0016762609
-4.5673754e-05
0.0016462331
0.0050130231
0.0056457943
0.0077399248
0.010417042
0.012671427
0.013191835
0.010743166
0.010338155
0.0057379531
0.0022860389
-0.00069095547
-0.0025431002
-0.0023175023
-0.0049405047
-0.0071614587
-0.0099673211
-0.010357906
-0.010063043
-0.011525035
-0.014591486
-0.014240859
-0.013995265
-0.01442928
-0.013838594
-0.013480533
-0.01119049
-0.012046561
-0.011279107
-0.0097198249
-0.0071098904
-0.0065941908
-0.002962432
-0.0016037148
-0.00090923354
-0.001150888
0.00035172057
1.643381e-05
-0.00049527402
0.00015138122
0.00022233751
0.0012257293
0.002844892
0.0027589899
0.0025930358
-0.000184532
-0.0038794046
-0.0050469303
-0.0028912165
0.00079463663
0.00087785493
0.0016703745
0.0026460453
0.003768667
0.0022639658
0.0016593428
0.0010815297
0.0011525882
-0.00090123189
-0.0010558189
-0.0011446322
-0.0017410547
0.00025665596
0.0020039554
0.0027881658
0.0040780085
0.0062678381
0.0092048902
0.011044447
0.012655032
0.013901044
0.016641572
0.017437245
0.017462608
0.016868947
0.016381799
0.016128547
0.015413434
0.015297698
0.013164038
0.012779187
0.012614488
0.01221285
0.013623602
0.013523282
0.010743437
0.0095167386
0.008394353
0.0085353343
0.0077497095
0.0074882051
0.0078831158
0.0093175658
0.01091479
0.0074267241
0.0028392609
-0.00045765171
-0.0026816477
-0.00098942564
-4.8424329e-06
0.00085222197
0.0023024047
0.001681048
0.0026976962
0.0016089941
0.0011350939
0.00017218121
-0.0023625665
-0.0059331326
-0.009053687
-0.011687509
-0.015911962
-0.020592318
-0.024639536
-0.029981048
-0.033868075
-0.036170766
-0.03614139
-0.036182934
-0.038407759
-0.041313742
-0.044869496
-0.045118512
-0.038758326
-0.032492668
-0.030086195
-0.0276658
-0.028047708
-0.028251393
-0.025141527
-0.019658294
-0.016871898
-0.014259796
-0.014720698
-0.013205661
-0.010497454
-0.0080313994
-0.0029925464
0.00091434787
0.0013903099
0.0040475402
0.004637714
0.0056351763
0.008287685
0.0099424841
0.013311573
0.01345655
0.01447002
0.015274743
0.014126847
0.01219681
0.011616589
0.0088149837
0.0043375204
0.000218757
-0.0042427263
-0.0063353041
-0.0063658904
-0.0091813472
-0.011824202
-0.012915256
-0.013399015
-0.013753223
-0.015761602
-0.016769494
-0.015663365
-0.01504882
-0.015587473
-0.014451878
-0.013081793
-0.012893402
-0.012732777
-0.012814453
-0.011421044
-0.011095065
-0.0075841454
-0.0041757306
0.00067876455
0.0039021992
0.0040109719
0.00388771
0.0024765592
-0.0004494355
-0.00044072603
-0.00060979445
0.00011682708
-0.00061874724
-6.7265055e-05
-0.0014196938
-0.0044957434
-0.0040913014
-0.0027890093
3.7934798e-05
-0.0026272058
-0.0009250818
-0.0011066969
-0.00057896201
-0.0014641737
-0.0030200413
-0.0035418353
-0.0031865663
-0.0021431385
-0.0027374697
-0.0032969593
-0.002846218
-0.0031681654
-0.0037393445
-0.0025437936
-0.001969062
0.0013302007
0.0035639578
0.0053998309
0.00939252
0.013185843
0.015895597
0.016684008
0.016395987
0.019305557
0.019386079
0.017960996
0.01697915
0.015753074
0.017511466
0.015991661
0.013138285
0.011022467
0.011349515
0.01211489
0.01062369
0.010306302
0.0096468206
0.0095873864
0.0074300458
0.0071600215
0.0068170435
0.0093603403
0.0090616043
0.012591224
0.013178957
0.0074607563
0.0043973434
0.0032631566
0.0022510195
0.0022219708
0.0026412798
0.0032989838
0.0033804148
0.0032540002
0.0025033042
0.0011527348
-0.00010375662
-0.0010789682
-0.0020329785
-0.0050268429
-0.0089377203
-0.013030783
-0.017695863
-0.020307125
-0.021207505
-0.024064272
-0.023603706
-0.025195078
-0.025352713
-0.02802469
-0.028219028
-0.030302221
-0.029071598
-0.025508995
-0.021542778
-0.019315406
-0.019532497
-0.01911237
-0.016994393
-0.014854782
-0.012061315
-0.0079825126
-0.0061635911
-0.0075016025
-0.0059945755
-0.0020510715
0.0013287198
0.0037577468
0.0061260833
0.0070281697
0.0094976878
0.010024021
0.010531598
0.011281784
0.012941871
0.01401938
0.015351515
0.0149807
0.014774089
0.012009623
0.010188392
0.0083666066
0.0059666865
0.0028201997
0.0010540038
-0.0019283663
-0.0056946612
-0.007049308
-0.008773591
-0.011595673
-0.013329414
-0.014181464
-0.016461462
-0.017847127
-0.018330529
-0.017911759
-0.015997385
-0.014490342
-0.013872499
-0.013280826
-0.011960538
-0.011676872
-0.011867028
-0.0096255281
-0.0080381395
-0.0047715314
-0.0029744439
0.0023781714
0.004996995
0.0065699158
0.0065560774
0.0032794193
0.0014343372
0.000322139
-0.00018889699
-0.00064318529
-0.0010312688
-0.0018198348
-0.0039342217
-0.0032946986
-0.0025258579
-0.0013250766
-0.0007786973
-0.0011556388
-0.0016879629
-0.0016243157
-0.0023737374
-0.0031530401
-0.0047451001
-0.0053531232
-0.0048574688
-0.0041370857
-0.0042696971
-0.0059528287
-0.0064915126
-0.0072197037
-0.0078198943
-0.0072255776
-0.0067243188
-0.0050342359
-0.0025217389
0.00033569857
0.0040605231
0.0086395792
0.01305807
0.014644024
0.015667767
0.018336161
0.019879397
0.02089182
0.019808908
0.018572236
0.018573458
0.016696631
0.013913641
0.012552212
0.010122095
0.0091639437
0.0073602387
0.008735849
0.0072961631
0.0079850917
0.007774647
0.0075497598
0.0076625204
0.0098883321
0.009238257
0.011834223
0.012287596
0.0097628755
0.0087219264
0.0066134832
0.0066253194
0.0055780831
0.0059678098
0.0045045004
0.0043531491
0.0040634751
0.004632533
0.0037416403
0.003350734
0.0017521081
0.0015153128
-0.00026856509
-0.0027042106
-0.0064999816
-0.0096682536
-0.011891939
-0.013364245
-0.014635994
-0.015170231
-0.015681808
-0.015239156
-0.01660974
-0.017810692
-0.01642414
-0.015054839
-0.013194895
-0.012062211
-0.011266829
-0.0097640324
-0.0080043226
-0.0073451533
-0.0063034649
-0.0046858678
-0.0020451847
0.00052769588
0.00030486719
0.0022404929
0.0047407238
0.0070517882
0.0091161518
0.010235064
0.009890485
0.010679157
0.011761013
0.012089657
0.01286459
0.013016168
0.013107148
0.012823799
0.012106816
0.010466172
0.0088490512
0.0073413008
0.0056760875
0.0041627528
0.0016603984
-0.00025858399
-0.0024726498
-0.0059181465
-0.0086426953
-0.010308592
-0.010681561
-0.013408301
-0.014492633
-0.017213461
-0.019335086
-0.019890694
-0.019496949
-0.017684008
-0.016790458
-0.014590568
-0.012590535
-0.011774824
-0.012013205
-0.010512592
-0.0090556955
-0.0073178205
-0.0051008039
-0.00072855025
0.002392039
0.0051009843
0.0052348759
0.0050207195
0.0048021264
0.0026254448
0.00032444324
-0.00049028861
-0.0015595737
-0.0038256635
-0.0035011488
-0.0033404137
-0.0020852888
-0.0021726719
-0.00033409648
8.3051633e-06
-0.00078432011
-0.0014782898
-0.002103854
-0.0011307267
-0.0021082234
-0.0034735502
-0.003938068
-0.0039373857
-0.0041081309
-0.0044384782
-0.0048498323
-0.0056558369
-0.0063904569
-0.0084754616
-0.0096052836
-0.010632292
-0.01118323
-0.009654145
-0.0075232716
-0.0035535177
0.00089888851
0.0050906688
0.0083878283
0.013037299
0.014982317
0.01845528
0.019910189
0.019352115
0.020128175
0.017658441
0.015871533
0.015116709
0.014461174
0.012583048
0.010063453
0.0087166473
0.0085487361
0.0088228941
0.0086466072
0.0084644046
0.0086639906
0.0082790011
0.0095627523
0.010160325
0.0097946858
0.011316689
0.012281916
0.01088416
0.010412778
0.00881393
0.0084638019
0.0083712323
0.0073951348
0.0062715821
0.0061307713
0.006599967
0.0061793373
0.0059522812
0.0055237609
0.0054906311
0.0042361759
0.0030061755
0.00035007169
-0.0022043596
-0.0044437865
-0.0053238145
-0.007128603
-0.0076579313
-0.0073352483
-0.0079555999
-0.0084741612
-0.0099605362
-0.0077457397
-0.0064380832
-0.0070019791
-0.0055893729
-0.0054289981
-0.0037493357
-0.0009024423
-0.0012964675
-0.0015756445
-0.00031082067
0.00097217148
0.0021857464
0.003684355
0.0061058043
0.0073542994
0.0082666624
0.0099134528
0.010828513
0.010248401
0.0095444201
0.00951365
0.0093340718
0.0090080981
0.0093430046
0.0092838603
0.0087714806
0.007902106
0.0065766486
0.0059335869
0.0047873073
0.0028354196
0.00094673947
-0.0015277539
-0.0027058632
-0.0038115627
-0.007739526
-0.010095603
-0.01142512
-0.011761412
-0.012885973
-0.014165578
-0.014647162
-0.015959881
-0.017305656
-0.016618905
-0.015785047
-0.015278549
-0.014766122
-0.013854663
-0.012149812
-0.011216162
-0.010724063
-0.011394805
-0.010255446
-0.0069506156
-0.0039170935
-0.0014223012
0.0014715015
0.0023884435
0.0032603143
0.0032380309
0.0027060249
-0.00016228146
-0.0021509434
-0.0022962476
-0.0040291238
-0.0037175309
-0.0026332315
-0.0013040544
6.5284782e-05
-0.00010724965
0.000859049
0.00056760297
-0.00014713398
3.5794383e-05
-0.00073786938
-0.00087718446
-0.0011510307
-0.002397908
-0.0030299164
-0.003443941
-0.0039774582
-0.0046385894
-0.0059048287
-0.006466091
-0.007692657
-0.0090575446
-0.0099384797
-0.010816262
-0.011428819
-0.011538257
-0.010479582
-0.0074860899
-0.0030710031
-3.3178043e-05
0.0030153099
0.0086104996
0.011829631
0.014943886
0.016593057
0.017249875
0.012364904
0.012880562
0.012066522
0.011710889
0.011301479
0.011626284
0.010145348
0.0099040023
0.0093850586
0.0091656271
0.0093827203
0.0089683429
0.0105042
0.011484671
0.012356752
0.011560674
0.014212025
0.015683487
0.015025012
0.01455195
0.013917766
0.013659205
0.012197101
0.011269843
0.010657066
0.0098912472
0.0092699792
0.0087786826
0.0085672517
0.0084439174
0.0080746047
0.0080534347
0.0075182695
0.0058237591
0.0047437069
0.0018989459
0.00068304086
-0.00073427256
-0.0010207253
-0.00098597795
-0.0017061743
-0.0014409561
-0.0013973159
-0.0029446109
-0.0030037521
-0.0032353755
-0.0031406925
-0.0018509024
-0.00064768577
0.0023279903
0.0018369482
0.00057033994
0.0002817076
0.0011831606
0.0027311546
0.0026868058
0.004434894
0.0062522336
0.0071424629
0.0078118347
0.0079934177
0.0083258392
0.008690057
0.0086280723
0.0074749992
0.0065471328
0.0066575795
0.0070462203
0.0068191227
0.0056121354
0.005552678
0.004554481
0.0041356827
0.0027736719
0.0011139585
-0.00067597563
-0.0025972549
-0.0048318603
-0.0072882602
-0.0093944049
-0.011368663
-0.010823233
-0.01035477
-0.011204528
-0.010615916
-0.01032601
-0.01110125
-0.0097735104
-0.010580745
-0.011674717
-0.011611137
-0.009894681
-0.010327673
-0.0090710977
-0.0095045523
-0.0094587363
-0.0092911115
-0.0068653915
-0.0047533731
-0.0024984051
-0.0011670709
0.0012979548
0.0038128015
0.0020155882
0.0030648909
0.0010736302
-0.000205994
-0.00074421495
-0.0012027822
-0.00044951954
-0.00042477489
-0.00053118923
0.00095844527
0.00085515881
0.00090703044
0.0004822605
-0.00027728317
0.00015850772
-0.0002897305
-0.00032362868
-8.4081887e-06
-0.00081487625
-0.0020354484
-0.0026818349
-0.0029733203
-0.0028561305
-0.0043411442
-0.0057307967
-0.0061983591
-0.0073972455
-0.0077525529
-0.0082797886
-0.0084661611
-0.0089082295
-0.0096468098
-0.0085289209
-0.005806492
-0.0034660358
-0.0011878838
0.0021154106
0.0043508895
0.006669044
0.0096242482
0.011714569
