0.0047464546
0.004303004
0.0038452229
0.0035404701
0.0033984555
0.0030986277
0.0056891372
0.010028719
0.012642468
0.012626399
0.012810525
0.013790681
0.012654791
0.0085033392
0.005622438
0.0039674333
0.0044467614
0.004845156
0.0068174627
0.010909356
0.013371595
0.012352833
0.0084025706
0.00923619
0.0090404184
0.0083637015
0.0068751148
0.0034406539
0.0019355687
0.0041371655
0.0038543168
0.0025224797
0.0011823717
0.00010413409
-0.000908394
-0.0020988484
-0.0009341648
-0.0020523546
-0.0049164709
-0.0059633114
-0.0060311081
-0.0073822564
-0.0099086768
-0.010885965
-0.013435573
-0.016833426
-0.017987201
-0.018944299
-0.020108329
-0.021569438
-0.021215397
-0.023405218
-0.025954365
-0.026770546
-0.025970764
-0.025658519
-0.023240906
-0.019252133
-0.014920404
-0.013093794
-0.014159908
-0.01426391
-0.013514728
-0.01456124
-0.015587513
-0.017465267
-0.019439954
-0.021503872
-0.02210986
-0.022056907
-0.021016319
-0.020128167
-0.018791883
-0.015071349
-0.012702748
-0.010902428
-0.0087406963
-0.005377601
6.665149e-05
0.0033148969
0.005501849
0.0062947401
0.0056992666
0.0037671404
0.0051670142
0.0064813441
0.0035219118
0.0023155599
-0.00020796855
0.0017198699
0.0041878828
0.0059029949
0.0064538321
0.0077368208
0.0067167682
0.0055179787
0.0038356525
0.0032137277
0.00090958228
-3.5488929e-05
-0.00044022225
-0.00033815568
-0.00095596449
-0.0016407942
-0.0014854532
-0.00080165828
-0.00025997314
-0.0001340967
-0.00048623768
-0.0012349116
-0.00072142043
-0.0015395236
-0.0019025354
-0.00086574968
-3.0164511e-05
-0.00095776533
-8.6804351e-05
-0.0019914497
-0.00063584582
0.0034309755
0.00534241
0.0065338832
0.00653821
0.0090951279
0.0094571492
0.0072061253
0.0082791506
0.011344291
0.01301046
0.013470663
0.013605729
0.012406432
0.010762039
0.0085008331
0.0062585423
0.0055258456
0.0046285429
0.0037674171
0.0037456968
0.0033309201
0.00352678
0.0034791903
0.0038828326
0.0042789942
0.0054623777
0.0058781365
0.0057163399
0.0056609494
0.0047503217
0.0051755763
0.0091032722
0.010681009
0.010383582
0.011876484
0.011281538
0.010922518
0.0097466982
0.0089641118
0.0032161677
0.0010586078
0.0019325114
0.00096516338
0.0039632902
0.0079276853
0.0092182514
0.008074567
0.0044301532
0.0040497844
0.0081025189
0.00719233
0.0039385261
0.00062878079
0.0014114294
0.0033855912
0.0027718513
-0.00079504241
-0.002795395
-0.0044807083
-0.0072057392
-0.0071459516
-0.0067908277
-0.0082969942
-0.012043595
-0.015229864
-0.017611704
-0.020534896
-0.023129598
-0.02492202
-0.028371378
-0.030841622
-0.031047133
-0.03345334
-0.03375905
-0.032159672
-0.030706292
-0.031459326
-0.033106988
-0.033981305
-0.031716498
-0.031952153
-0.028049151
-0.023529044
-0.018924617
-0.017042232
-0.015427087
-0.01407526
-0.013649635
-0.013787667
-0.013171698
-0.01508736
-0.014881978
-0.015014471
-0.015806093
-0.01460016
-0.012804703
-0.0092153755
-0.0055249388
-0.00235301
-0.0010445916
-9.768261e-05
0.0024785368
0.0075563773
0.011899691
0.014963361
0.014791082
0.014487044
0.012374828
0.011575477
0.0099083577
0.007396573
0.0057912795
0.0038455916
0.0036303055
0.0053940991
0.008271423
0.0097647574
0.0086596785
0.0071301992
0.0047455404
0.0037136553
0.0025091255
0.0014017947
-1.3629414e-05
0.00071615656
-0.00018816948
-0.00060570645
-0.00032088484
0.00016614847
-0.00012985271
0.00093445811
0.00088325665
0.00091066652
5.4744995e-05
-0.00068346973
-0.00093625739
-0.0011363159
-0.0012955811
-0.00026511372
0.00061172565
0.00070307498
-0.0014911564
0.00018900408
0.0048667605
0.0087777134
0.0078342913
0.011205527
0.012647197
0.011769131
0.013015308
0.012188657
0.014186185
0.015761415
0.015856564
0.014093231
0.012201498
0.0085337545
0.0087426604
0.0069820373
0.0064026069
0.0057557333
0.0051252269
0.0047538022
0.0047828851
0.0051978505
0.0053124775
0.0051824015
0.0048735558
0.0051961741
0.0076045647
0.0074628049
0.0084406059
0.0089084035
0.0083811069
0.0075714333
0.0098829988
0.011208644
0.010199451
0.011252225
0.011981866
0.010015927
0.0074879629
0.0072194486
0.0073963057
0.0061267059
0.0046138215
0.00024060274
-0.00015479005
0.0037054119
0.0088329252
0.0060827706
0.0028048875
0.0037828391
0.0071035761
0.0047163966
-0.00032940424
-0.0033059669
-0.0028293357
0.00058931814
-0.00013971499
-0.0033430333
-0.0070946987
-0.011580757
-0.013834317
-0.015471805
-0.017922073
-0.022290757
-0.025454755
-0.029571234
-0.032487698
-0.036880916
-0.03955983
-0.042291349
-0.043973744
-0.045986186
-0.047477894
-0.049463946
-0.050311819
-0.047751747
-0.044703487
-0.042301293
-0.039278668
-0.039634629
-0.039997146
-0.039891462
-0.034773011
-0.027808041
-0.026133014
-0.023331325
-0.01980385
-0.017534622
-0.01425173
-0.016062874
-0.012737669
-0.012856088
-0.0090198614
-0.0065107999
-0.005688093
-0.0017308065
-0.00021391472
0.0028406963
0.0082112406
0.012034048
0.015048767
0.014579368
0.014304532
0.018400401
0.022400046
0.02323504
0.020716481
0.019914648
0.016586873
0.015379236
0.011175934
0.0095003255
0.0084875558
0.0068261265
0.0063737077
0.008059516
0.0093717399
0.009258357
0.0074126876
0.0050027302
0.002999158
0.00085095008
-0.00026038285
-0.00094984144
-0.00024462452
2.7437171e-05
0.00036811817
0.00096546755
0.0022099588
0.0026560341
0.0023356868
0.0032269223
0.0034914772
0.0033945738
0.0030072621
0.0020098723
0.0013752107
0.0008085546
0.0022834532
0.0012288776
-0.0006793872
0.0013018442
0.0057873431
0.0076261406
0.0091614245
0.010319099
0.0055891599
0.012281157
0.013483714
0.016056935
0.014391479
0.016692856
0.017349818
0.016009917
0.013115511
0.011865973
0.0092394149
0.0066919775
0.0051569195
0.0045998011
0.0055894119
0.0052412371
0.0050530203
0.0058291076
0.0061251413
0.0063961323
0.0064495413
0.0064358043
0.006671247
0.0068175766
0.0086867361
0.0090576664
0.01068951
0.011874819
0.010894565
0.0094055559
0.013845902
0.016513385
0.012537437
0.012201979
0.014128068
0.013476692
0.011538911
0.0093347142
0.0070904738
0.0059433173
0.0077529932
0.0013000677
0.0009517731
0.0032538783
0.005688804
0.0044186696
0.0022686672
0.0050657644
0.0060433872
0.0025980294
-0.00041409757
-0.0026202964
-0.0041957263
-0.0017780946
-0.0027587022
-0.0046128084
-0.0095243421
-0.015486433
-0.018788662
-0.023878744
-0.029297426
-0.032726407
-0.035061566
-0.039289643
-0.047814215
-0.049545876
-0.052603014
-0.05690069
-0.058879866
-0.061803191
-0.063327201
-0.066411781
-0.06755367
-0.063463519
-0.059213929
-0.054394708
-0.051394155
-0.049651853
-0.050915302
-0.053399104
-0.04664171
-0.041659755
-0.039827791
-0.031822272
-0.026994393
-0.024592198
-0.01972206
-0.016226579
-0.013102626
-0.010788669
-0.0041219096
0.001214784
0.0058094345
0.01232477
0.013804581
0.017381966
0.020642097
0.023747376
0.02573946
0.023497228
0.024619694
0.029066177
0.029872663
0.029720211
0.02820024
0.023989924
0.020716947
0.018524675
0.014807909
0.013237729
0.011118524
0.0094987692
0.0085544731
0.0080878097
0.0069774565
0.0056591771
0.0040718387
0.0030680416
0.0011262754
0.00017407709
0.00047942355
0.00036571446
0.0012686802
0.0019674105
0.002408251
0.0023572274
0.0028915891
0.0045447998
0.0058195327
0.0055919433
0.0060020524
0.0063639544
0.0059812425
0.005066915
0.0040560273
0.003504791
0.0056337634
0.0052794365
0.0081102917
0.0090370484
0.0097243657
0.0097002701
0.0050454966
0.0039203185
0.0059871536
0.012935152
0.016458908
0.01581192
0.014730036
0.013780391
0.016011446
0.014252485
0.0095742936
0.0057018327
0.0015339631
-0.00052298515
-7.3969626e-06
0.0016155205
0.0038146619
0.0051156619
0.0051780954
0.0058900861
0.0052626618
0.0065451469
0.0074331538
0.0078546158
0.0083411154
0.0085009765
0.010555176
0.01195176
0.013447588
0.014083884
0.013917817
0.013381589
0.020172057
0.021951769
0.020070274
0.019612313
0.015866329
0.013818912
0.01310551
0.010178735
0.0059854322
0.0055060861
0.00782466
0.0068424002
0.0069084805
0.0083943654
0.0087623192
0.0093360193
0.0081837506
0.010247812
0.0087687096
0.0058153935
0.0047648259
0.00028742006
-0.0033444765
-0.005286104
-0.0051530527
-0.0090664855
-0.013860526
-0.020021186
-0.026550502
-0.032355615
-0.037594246
-0.041610053
-0.046301232
-0.051985115
-0.059753982
-0.06101428
-0.061656929
-0.064262626
-0.068747084
-0.07223375
-0.073907188
-0.074307073
-0.074408678
-0.073101736
-0.069197579
-0.069053382
-0.066697867
-0.067395632
-0.065365145
-0.061596049
-0.057126482
-0.051454465
-0.047732817
-0.039166661
-0.034343779
-0.034351881
-0.028010128
-0.023552259
-0.014882575
-0.0090747258
-0.0017892155
0.0046853296
0.011249787
0.019768995
0.023003119
0.029664985
0.030495195
0.031745646
0.033406146
0.032170568
0.033900149
0.032782171
0.031424891
0.030389551
0.027912049
0.023178091
0.018650003
0.018432067
0.012873718
0.013569482
0.01130593
0.010208107
0.0090024422
0.0052568873
0.0057008376
0.0048443126
0.0029332197
0.0019302779
-8.2621107e-05
-8.8038824e-05
0.00014450506
0.00083394741
0.001478024
0.003858303
0.0036561798
0.0032623918
0.0036135133
0.0047769963
0.0052675966
0.0054077576
0.0060509376
0.0070707835
0.0066925851
0.00658947
0.0054123911
0.0065529422
0.0072836524
0.00978772
0.010547156
0.010038577
0.0081631171
0.0074642242
0.0062910153
0.0062200979
0.011070505
0.012694642
0.014798794
0.015887479
0.014809454
0.014011493
0.015495565
0.013179758
0.0085660552
0.0018591085
-0.0019926367
-0.0028405301
-0.0002684827
0.00093002586
0.0034484409
0.0050774654
0.0050309881
0.0047570204
0.0051749347
0.0064356903
0.0085256116
0.0093555878
0.0094637589
0.010139213
0.013014804
0.014685649
0.016108311
0.018930306
0.017573982
0.020049343
0.024963817
0.026731541
0.024854988
0.024635148
0.02046225
0.021343334
0.016092784
0.0068371052
0.00080961564
0.0015298226
0.0077543195
0.010729533
0.014762561
0.017524474
0.019483218
0.01794184
0.016956366
0.013638238
0.011141298
0.0091709116
0.0054297995
0.0022233474
-0.00036326268
-0.0051962554
-0.0077333619
-0.011803997
-0.014326766
-0.020167979
-0.025699292
-0.031116679
-0.039324566
-0.04611075
-0.055770028
-0.063483323
-0.067019852
-0.068099955
-0.066383726
-0.060250626
-0.059664391
-0.065231445
-0.074345378
-0.074443258
-0.072751134
-0.069720656
-0.066982926
-0.067851811
-0.064304331
-0.062431656
-0.057335754
-0.052437435
-0.046307403
-0.050750402
-0.053913468
-0.046126684
-0.040606339
-0.038099903
-0.02730502
-0.020656391
-0.015626035
-0.0079872155
-0.00097390531
0.0080286305
0.015501912
0.022259929
0.027438075
0.032673405
0.036163352
0.036413068
0.035206229
0.035015522
0.035110301
0.032542016
0.02988921
0.026927726
0.023595641
0.020131065
0.019115938
0.015495954
0.013766561
0.010851195
0.0084090459
0.006242176
0.0055161475
0.005406062
0.005824826
0.0059613016
0.0046277916
0.0022444926
0.00044755405
-0.0011106638
-0.0011001383
0.00051833431
0.0022585227
0.0032864019
0.0040774719
0.0039072894
0.0042487731
0.0038094875
0.0043313466
0.0055849624
0.005412791
0.0061381411
0.0073341739
0.0081929694
0.0095906266
0.0092861377
0.013843041
0.015763189
0.0095340633
0.0086304165
0.0075050373
0.0080539948
0.0070106667
0.01001841
0.014040318
0.015861042
0.017934597
0.01752928
0.018423461
0.015411669
0.017242143
0.014855201
0.011039186
0.0055394554
-0.0010637851
0.0012767707
0.0036619328
0.0062912984
0.0060970444
0.0072560298
0.0069180952
0.0065960308
0.0062430761
0.0085059851
0.010411701
0.012912265
0.013203675
0.013170765
0.017636374
0.019481285
0.020328495
0.019099745
0.018813637
0.021263043
0.026037962
0.027897858
0.026592611
0.027581877
0.024961382
0.022777234
0.016128236
0.0073640387
-0.0021477689
-0.004821193
0.0050221811
0.012402653
0.015977613
0.018584475
0.021001795
0.021303109
0.017128824
0.01579345
0.014949559
0.014369022
0.010569894
0.0059026608
0.00078380088
-0.0028620196
-0.0071858292
-0.010901997
-0.018101258
-0.022254695
-0.025171852
-0.031913872
-0.041297447
-0.049810666
-0.061144363
-0.067489589
-0.068916561
-0.064076085
-0.058886366
-0.060133296
-0.060170486
-0.063924933
-0.064414272
-0.06385442
-0.059322506
-0.062441318
-0.064895165
-0.063438137
-0.060757935
-0.052843819
-0.044375059
-0.042743996
-0.043505853
-0.050339254
-0.050222081
-0.039031436
-0.034281892
-0.026883648
-0.028932469
-0.023657367
-0.012035939
-0.0024703455
0.0031591146
0.012064968
0.019813078
0.026472183
0.030401901
0.031808626
0.031872508
0.035177104
0.035327196
0.031482115
0.031255355
0.026479426
0.024747814
0.021875146
0.020413566
0.019301576
0.017075764
0.014062453
0.012380911
0.0085480005
0.0086989523
0.0061668924
0.0057303059
0.0054083226
0.0069526267
0.0064372738
0.0042315192
0.00281146
0.0021032274
0.00039713656
0.00064405236
0.0010656235
0.0027807079
0.0040830054
0.0058426868
0.0055482037
0.0059167418
0.0057504996
0.0065306037
0.0052241415
0.0068554028
0.005912609
0.0072505969
0.0099104887
0.013866795
0.015167772
0.020534478
0.016136458
0.010512624
0.0085524192
0.0084433177
0.0087777118
0.0097587893
0.01293194
0.014727275
0.020988944
0.02404961
0.023707089
0.020386636
0.016355791
0.01790901
0.016425827
0.012504552
0.0086410859
0.0038222298
0.0066134703
0.0045731512
0.0071349658
0.0086957818
0.010626625
0.010153356
0.010120624
0.0090892268
0.011013872
0.01160239
0.014066074
0.01676568
0.016370509
0.019929272
0.023269978
0.021589794
0.019690389
0.017666583
0.021581758
0.023417395
0.023870246
0.024891385
0.026402964
0.027617663
0.025271483
0.022951298
0.015163143
-9.0147117e-05
-0.0036657539
0.0037588763
0.010820408
0.013753156
0.016846459
0.01998497
0.021655178
0.022445239
0.023235651
0.022969284
0.020706715
0.019323368
0.017881136
0.013101206
0.0083323081
0.0025512818
-0.0053247097
-0.010549815
-0.020480118
-0.026549523
-0.033525416
-0.041666444
-0.049694746
-0.057167196
-0.057701722
-0.051352566
-0.049235326
-0.045742918
-0.045701582
-0.044758011
-0.052271855
-0.050845013
-0.051562508
-0.053620644
-0.048831756
-0.049900263
-0.052670861
-0.050419074
-0.045326492
-0.04555047
-0.051449357
-0.051081667
-0.048680721
-0.043720225
-0.038206482
-0.028851183
-0.025246263
-0.019875765
-0.013168918
-0.0046182818
0.0025078053
0.0080249649
0.0153672
0.017643032
0.024014048
0.025295305
0.02750811
0.029213454
0.029274611
0.025857891
0.026929821
0.023841262
0.021386272
0.019347981
0.018358011
0.017549707
0.017474292
0.016018949
0.012959412
0.010891817
0.0091979517
0.0083432989
0.0082804142
0.0070943748
0.0061538481
0.0068510857
0.0058860764
0.0061132765
0.0057655048
0.0058244563
0.0064051372
0.0070708023
0.0073453979
0.0060761043
0.0049200677
0.0047445216
0.0049672085
0.0046783216
0.0052435816
0.0063933792
0.0065922855
0.0070147766
0.0096580695
0.0094474066
0.0094352813
0.010843744
0.015780882
0.018322784
0.0095473116
0.0051053248
0.007125655
0.0081071706
0.0091287512
0.0099059286
0.014371785
0.016574274
0.020541349
0.025207133
0.022899363
0.022172072
0.018628325
0.019967416
0.018258999
0.0098270572
0.0050999395
0.0054772618
0.0084700452
0.010656924
0.011236131
0.01219503
0.013784472
0.01398432
0.015062061
0.013185932
0.014796354
0.015649427
0.018003984
0.018982148
0.018742639
0.021240814
0.021888707
0.020740112
0.016270893
0.016120272
0.020102687
0.021965299
0.022863053
0.023307761
0.026593609
0.028904933
0.029352823
0.023437597
0.018306116
0.0073354876
0.0015175756
0.007587061
0.011741286
0.014232393
0.01523957
0.018877833
0.021695717
0.024808551
0.026791814
0.027735404
0.025667053
0.02474228
0.021555289
0.018043368
0.011516226
0.005171177
-0.0022491754
-0.0092738395
-0.016398723
-0.022521729
-0.03073741
-0.039966065
-0.047130728
-0.048488916
-0.046933024
-0.042244884
-0.046039799
-0.04449844
-0.043822655
-0.043351434
-0.046867162
-0.051444038
-0.04480625
-0.047923338
-0.04673734
-0.051770658
-0.050891191
-0.052279441
-0.053005245
-0.053485868
-0.051668673
-0.047116594
-0.044156396
-0.041036385
-0.034740426
-0.028500082
-0.023773426
-0.020740109
-0.014663669
-0.0081661202
-0.0024239929
0.0024110795
0.0063184064
0.0080879302
0.01187023
0.013811858
0.015405458
0.014554694
0.015928064
0.014764227
0.015960815
0.01499672
0.013217974
0.013980596
0.013607501
0.01389283
0.013054355
0.012399535
0.0094021734
0.0083859106
0.0063666174
0.0053960443
0.0044247891
0.004884497
0.0047172802
0.0047821649
0.0057745927
0.0065231342
0.0059794486
0.0057181487
0.0072005207
0.0088063051
0.0083311486
0.0083935399
0.0081587128
0.0069881352
0.0073540683
0.0077429262
0.0076665685
0.0074334504
0.0071411086
0.0075747595
0.0091334659
0.0081838884
0.0066754493
0.0062001261
0.010346909
0.013594551
0.0076626019
0.0033979144
0.0033071592
0.0066759327
0.0082202165
0.0098098068
0.014142136
0.012666829
0.015599238
0.019724374
0.016263988
0.014278219
0.01382884
0.012714578
0.01041094
0.0092356118
0.00907155
0.012451092
0.014492777
0.017121866
0.016925259
0.017846823
0.019543465
0.019818027
0.018812213
0.017936533
0.018346983
0.020317292
0.021512581
0.022042923
0.020754539
0.026628336
0.024513044
0.024120581
0.019295992
0.017279338
0.022396847
0.02110949
0.024329941
0.024652769
0.027240162
0.029600656
0.029966673
0.02659491
0.019251449
0.0084738776
0.004059466
0.0087106423
0.0123881
0.013813538
0.015889445
0.020574207
0.023164634
0.026511974
0.027209324
0.028435223
0.024253495
0.022239397
0.019091342
0.013524082
0.008865751
0.0043030852
-0.0029093633
-0.0070555783
-0.014076935
-0.023030594
-0.02997696
-0.040444164
-0.046171918
-0.045849134
-0.038714308
-0.042423184
-0.04365229
-0.040498679
-0.043569009
-0.040880956
-0.045557903
-0.04596367
-0.038302009
-0.041297879
-0.045532593
-0.050283701
-0.052439817
-0.054071075
-0.050533665
-0.050055408
-0.047966462
-0.046007209
-0.044906039
-0.044542756
-0.039491649
-0.034038892
-0.030721379
-0.027187614
-0.023794076
-0.01780021
-0.012202275
-0.011160199
-0.0098083149
-0.0037558465
-0.0043040183
-0.0016045076
1.1456067e-05
0.0020169179
0.0054484212
0.0063838441
0.0053956574
0.0051346081
0.0062211929
0.0069552906
0.008740227
0.008755344
0.0074088714
0.0050918904
0.0037408632
0.0024262637
0.0022343246
0.0013820972
0.0010794122
0.0010472369
0.00027286807
0.00081274167
0.0013596614
0.00082467175
0.0012499207
0.002491234
0.0035705838
0.0030809731
0.0030267699
0.003987294
0.0047553595
0.0051124092
0.00390742
0.0031076183
0.0032264802
0.0027192856
0.0044847749
0.0057848664
0.0051679546
0.0046669164
0.0025563686
0.002393338
0.0039938521
0.0063275603
0.0046067351
0.00097969481
-0.00065960709
0.00068027777
0.0028584899
0.0095495086
0.010316803
0.0092988591
0.010360549
0.011464487
0.009220441
0.0067463546
0.009105086
0.0081313347
0.0073440795
0.0073377515
0.0085173715
0.011482749
0.015912106
0.016055215
0.01681756
0.020871396
0.022901641
0.02619915
0.02534897
0.026047406
0.025470844
0.027240212
0.030247002
0.030775908
0.028478367
0.029397115
0.027961623
0.026696015
0.022770601
0.019373526
0.023088237
0.023167436
0.024945084
0.023433346
0.028135275
0.027048354
0.026758083
0.025991283
0.017606418
0.0085978334
0.004000682
0.0066947058
0.0093766014
0.0091985221
0.010011397
0.01475824
0.017618236
0.017965467
0.01963762
0.021639558
0.019965639
0.015720531
0.013057534
0.0075568326
0.0039042487
-0.0017543183
-0.0073194893
-0.011617165
-0.015793289
-0.023669528
-0.033247463
-0.042620195
-0.046786154
-0.044054357
-0.044523571
-0.044357836
-0.041166136
-0.041498443
-0.045568133
-0.044865371
-0.045583151
-0.040994239
-0.037233247
-0.040393852
-0.042899602
-0.043289724
-0.044251311
-0.044010007
-0.043629389
-0.041946043
-0.039461613
-0.036750653
-0.037297032
-0.037029438
-0.034660292
-0.032276894
-0.033568595
-0.032201162
-0.027619689
-0.021309098
-0.01831772
-0.017264567
-0.013250275
-0.011598085
-0.0092782986
-0.0065724966
-0.0080441439
-0.0059307252
-0.0023194999
-0.0021632415
-0.0039713284
-0.0018714141
-0.0025035534
-0.0028327039
-0.001816777
-0.0014883914
-0.0041736793
-0.0047631512
-0.0061616082
-0.0089093151
-0.0090121537
-0.0086615422
-0.008267172
-0.0069523803
-0.0081749451
-0.0078158059
-0.0074479085
-0.0062282457
-0.0060460804
-0.0064574603
-0.0029978709
-0.0024782084
-0.0042032681
-0.0022545234
-0.0020631375
-0.0028573479
-0.00026127804
-0.00053518395
-0.0026411853
-0.0045230921
-0.0039480332
-0.0029460708
-0.0025100201
-0.0019604212
-0.00040965349
-8.4950095e-05
0.00077022531
-0.00014717395
-0.0037192163
0.00034633632
0.00029028537
0.00033214674
0.0025170594
0.0047093669
0.0088078102
0.0076447354
0.0067168008
0.006571346
0.0063413437
0.0054865654
0.0060816331
0.0049211752
0.0060577021
0.0062497546
0.0081047842
0.0098502261
0.010148199
0.012756598
0.014731416
0.017403319
0.02048883
0.022514166
0.025616935
0.027167742
0.028116949
0.026646045
0.027346438
0.029937805
0.029014543
0.025465833
0.025353412
0.022276852
0.020634485
0.020430304
0.021698717
0.022713563
0.020110353
0.018701847
0.020945472
0.019631983
0.018187954
0.017109712
0.01583634
0.011356093
0.0091911201
0.010292136
0.0092528721
0.0078982597
0.0066575777
0.0072808085
0.0078652112
0.0097405324
0.012106609
0.012746402
0.01106231
0.0087852903
0.0069619057
0.0028852771
-0.0013134477
-0.0075795639
-0.013370984
-0.013177222
-0.01880429
-0.027049685
-0.034427643
-0.043138066
-0.046591202
-0.046560954
-0.047659967
-0.044277076
-0.042429848
-0.040900344
-0.0404404
-0.039899899
-0.036321272
-0.035175278
-0.032936868
-0.032773884
-0.033817645
-0.032613368
-0.032318999
-0.031566197
-0.03207645
-0.032436336
-0.030536182
-0.027745208
-0.025605275
-0.024122432
-0.021512667
-0.018729102
-0.017950555
-0.015283149
-0.014044648
-0.012331351
-0.0087501261
-0.0076519098
-0.0043408108
-0.0029466143
-0.0019947071
-0.0010239984
-0.0011434072
-0.00016876608
-0.00026267136
-0.0015114769
-0.0043518056
-0.0065647314
-0.0072618421
-0.0094571493
-0.0082707714
-0.0097059776
-0.01011069
-0.013989339
-0.013108515
-0.011811427
-0.01340649
-0.016130373
-0.015711051
-0.013934067
-0.012483028
-0.0088902988
-0.0082002951
-0.0072681855
-0.0077026469
-0.007194788
-0.0069475329
-0.0057979603
-0.0076636733
-0.0045901782
-0.0030161696
-0.0028397461
-0.0037092442
-0.0011898431
-0.00047218188
-0.0029485155
-0.0032137971
-0.0022792331
-0.0021146652
-0.00028094266
0.0014849267
0.00031596091
0.00049706923
-0.0013445883
-0.0070520932
-0.0068500221
-0.000223887
0.0013089699
0.0035835915
0.0065198872
0.0068374132
0.0058471729
0.0061841358
0.00721272
0.0061888007
0.0045968925
0.0044606463
0.0048487365
0.0055185259
0.0060874436
0.0067991788
0.0073955859
0.0085205134
0.011048976
0.013315523
0.016191203
0.018881738
0.021217529
0.023458253
0.023544888
0.023524589
0.021994944
0.021853448
0.02340795
0.023822255
0.021194222
0.019181796
0.021056815
0.020514306
0.021595231
0.021400425
0.022104892
0.020272167
0.016805708
0.013978384
0.013141909
0.013368757
0.012516135
0.011617051
0.010236322
0.011404814
0.015011203
0.012064
0.010133396
0.0058226971
0.0054734225
0.0043746644
0.0048922238
0.0062869488
0.006387755
0.0051896527
0.002728083
0.0013042351
-0.0036234843
-0.0082972055
-0.013408904
-0.016041161
-0.018303844
-0.022778867
-0.03069494
-0.036392009
-0.041939094
-0.044364912
-0.046038967
-0.040417333
-0.035535722
-0.034694971
-0.033851275
-0.033392806
-0.03393553
-0.029857553
-0.026571001
-0.024458757
-0.024057003
-0.023641882
-0.021769575
-0.023577881
-0.019930992
-0.01973582
-0.018897985
-0.019498822
-0.018142008
-0.014957779
-0.014710052
-0.010754804
-0.0064806655
-0.0070635063
-0.0035583141
-0.00020337815
9.0604386e-05
0.0022195287
0.0029903782
0.0058655594
0.0049453879
0.0040323985
0.0038336479
0.0035965573
0.00037469889
-0.00084175791
-0.0019044669
-0.0044472153
-0.0064019932
-0.0093366967
-0.01083993
-0.010950907
-0.012806552
-0.013846251
-0.013888037
-0.01466352
-0.014287165
-0.015023985
-0.016005982
-0.015266967
-0.013936614
-0.011075868
-0.0078062959
-0.0054700119
-0.0035799383
-0.0030060234
-0.0046449467
-0.0060258799
-0.0069482938
-0.0077750209
-0.0050770696
-0.0010070931
0.0016647833
0.0023725777
0.0045101093
0.0048977076
0.0020058482
0.0014897685
0.0013468114
0.00033326573
-0.0012651386
0.00058213934
-0.0010957768
-0.0048924258
-0.0029827882
-0.0027698866
-0.0021524561
-0.00070096436
0.0012373562
0.0019554621
0.0034871286
0.0031049493
0.0029593081
0.0031762325
0.0035392343
0.0041763154
0.0030802409
0.0024948935
0.0020120497
0.0025839941
0.0017197381
0.0022597304
0.0026266863
0.0052089823
0.0072981402
0.0097527584
0.01277059
0.016972859
0.019285988
0.021819839
0.020572493
0.021289559
0.020354453
0.0194801
0.020398501
0.02009354
0.020710314
0.020289868
0.019555449
0.01754478
0.018901489
0.018913488
0.018185205
0.018912717
0.017002314
0.015575925
0.011181943
0.0093145723
0.0090930832
0.01067091
0.0081831163
0.0091905294
0.016139942
0.012512653
0.0092556934
0.0083126061
0.0071311223
0.0059059743
0.0054915377
0.0045958803
0.0044320269
0.0038256589
0.0013368758
-0.00092417668
-0.0039845008
-0.0094717256
-0.010862193
-0.011206368
-0.015374961
-0.020112368
-0.026384942
-0.030543257
-0.032721425
-0.03543644
-0.03595324
-0.030256528
-0.023740439
-0.025444824
-0.023128799
-0.024457346
-0.02363807
-0.020317095
-0.018319009
-0.016780681
-0.015427477
-0.013772615
-0.0110815
-0.010190836
-0.008471534
-0.0062793066
-0.0056260975
-0.0071850149
-0.005345235
-0.0030946129
-0.0019017439
-0.0010153288
0.0020955828
0.0021621511
0.0048094068
0.00687244
0.0076070366
0.0099088279
0.01057814
0.010352143
0.0094737672
0.0079634825
0.005245628
0.0036656078
0.0015616296
-0.00094632662
-0.0050021871
-0.0066692082
-0.0071288655
-0.0093987011
-0.010740189
-0.010745381
-0.013591074
-0.016519921
-0.017903554
-0.017889223
-0.018486568
-0.019590854
-0.019190473
-0.016682484
-0.01538319
-0.01268612
-0.010139568
-0.0073621852
-0.0060094707
-0.0040161107
-0.0054137988
-0.0054559156
-0.0058836387
-0.0045568201
-0.000978788
0.0019551239
0.0034334604
0.004685913
0.0071702753
0.0058869683
0.0038029911
0.0027481698
0.003143611
0.0021548072
0.0021826698
0.0031366597
-0.00048026733
-0.0013885289
-0.0017706988
-0.0017023636
-0.0015127229
-0.00064913646
-0.00052176731
0.00088788846
0.00078903325
-0.00029212678
-0.00036392603
-0.00082328054
-0.0014337089
-0.00063469742
0.0002366916
-0.0011346621
-0.0025113271
-0.0034831972
-0.0037682752
-0.0031642732
-0.0026072689
-0.0013348315
0.00012642858
0.0026460252
0.0059687774
0.010149474
0.013623564
0.016662646
0.018626867
0.020252877
0.019648735
0.0204535
0.020843506
0.020290026
0.020649388
0.020337024
0.018009977
0.016548282
0.015141005
0.013317607
0.012523219
0.013821763
0.013577638
0.012283875
0.010672944
0.008862776
0.0083112303
0.009597058
0.0087653588
0.0098587231
0.013087983
0.013171729
0.01422156
0.010372174
0.010400204
0.0083180821
0.0076621662
0.0050448753
0.0048957778
0.0044397617
0.003393138
0.000824046
-0.0013619356
-0.0045635816
-0.0035679245
-0.0059181293
-0.010502931
-0.01365545
-0.016993671
-0.020268714
-0.021841889
-0.02337731
-0.024310728
-0.020876085
-0.016368056
-0.015235007
-0.016375186
-0.013550609
-0.013189053
-0.012275662
-0.011088436
-0.010127607
-0.0077353628
-0.0055859501
-0.0039245006
-0.0012048178
0.00014661742
0.0017648163
0.0028690106
0.0023575702
0.0041541537
0.0052537729
0.005484911
0.0066654282
0.0083716357
0.0092538117
0.010830165
0.012245628
0.013233509
0.014185072
0.013818265
0.012545652
0.010401256
0.0084152387
0.0052067736
0.0029665437
0.00013894192
-0.0024767272
-0.0047281052
-0.0067048134
-0.007593371
-0.0092570281
-0.011037208
-0.012147846
-0.013675769
-0.01658556
-0.019713909
-0.020931294
-0.023237449
-0.023695946
-0.02204332
-0.020328419
-0.018432415
-0.016266942
-0.013807014
-0.010230263
-0.0062314817
-0.0060298454
-0.0060357663
-0.0057980623
-0.0053517523
-0.0048746034
-0.0012197272
0.00034511668
0.0020088177
0.0033649749
0.004693574
0.0047573303
0.0032436376
0.0024557175
0.00010552805
-0.00044501367
-0.0023175448
-0.0010440604
-0.0010968751
-0.00073843923
-0.0011022689
-0.00020895045
-0.0015369673
-0.0015237453
-0.0019532821
-0.0028930545
-0.0019308485
-0.0014139724
-0.0030402195
-0.0027304859
-0.002201242
-0.0022315412
-0.0024212611
-0.002368622
-0.0037333777
-0.0050136975
-0.0062487323
-0.0073977474
-0.0085787308
-0.0083324571
-0.0066373122
-0.004594757
-0.0020201797
0.00079233937
0.0046167207
0.0085625451
0.013316472
0.016713276
0.018031736
0.019491016
0.020284092
0.021050794
0.01865937
0.017671794
0.016904543
0.017075461
0.014042909
0.011867064
0.011658003
0.011310447
0.01115372
0.011581093
0.010063921
0.010112065
0.0093463914
0.010379159
0.010289486
0.0091099738
0.011250878
0.014307182
0.015852029
0.015663874
0.013602514
0.011877951
0.010580046
0.00909983
0.0081903975
0.0074230042
0.0068624999
0.0057594611
0.0038510378
0.0037187489
0.0058679247
0.0049024071
0.00041497245
-0.0048120233
-0.0062261305
-0.0098861924
-0.011203517
-0.012096348
-0.012793454
-0.010004268
-0.0082390536
-0.0076289674
-0.0077689832
-0.0040282769
-0.0038796011
-0.0065163009
-0.0068275743
-0.0059350285
-0.0046802382
-0.0011052309
-0.00079226669
-7.0494838e-05
0.0035329797
0.0041226896
0.0054937749
0.00624325
0.0074493985
0.0095056107
0.010057762
0.010495389
0.01101048
0.011003522
0.011167153
0.011557151
0.012336804
0.01277531
0.013594677
0.012460039
0.0099418343
0.0080064745
0.0048673587
0.0030877733
0.0012902402
-0.0016827
-0.0039789979
-0.0057121824
-0.0070735812
-0.0077624458
-0.0097940707
-0.01166228
-0.012678669
-0.013901901
-0.015324045
-0.018444379
-0.019399816
-0.020740922
-0.021579248
-0.021039323
-0.018363071
-0.016802178
-0.014643213
-0.011372598
-0.0078811557
-0.007256887
-0.0068510311
-0.0073987576
-0.0083537283
-0.0081928545
-0.0050858187
-0.0022107437
-0.00018753419
0.00047459576
0.0014772945
0.001439777
0.00086627208
0.00013877246
-0.0016465313
-0.0026187803
-0.0044176125
-0.0031220455
-0.0015196603
-0.00080215616
0.00028566044
0.00038720503
0.00084688942
0.0010113698
-0.0019854664
-0.0020577031
-0.0030179112
-0.0032181391
-0.0024329096
-0.0032573018
-0.0030631205
-0.0027497669
-0.002449617
-0.0031645516
-0.0049397789
-0.0061313192
-0.0070862561
-0.0079345359
-0.0094406585
-0.010275379
-0.010110121
-0.00948128
-0.0084110162
-0.0064864828
-0.0037636669
-0.00072585883
0.0033764346
0.0083716251
0.012304052
0.013572027
0.015087437
0.017464507
0.012768822
0.013538724
0.014713134
0.014697517
0.014169682
0.013379391
0.012597164
0.013361164
0.011314229
0.011145573
0.01109915
0.010227939
0.011820116
0.012016986
0.012620469
0.011270666
0.013688617
0.01888045
0.019433462
0.020431397
0.02019869
0.019720733
0.016569742
0.01468745
0.013529242
0.012026386
0.011474381
0.010483997
0.009511166
0.011362797
0.013381403
0.013356727
0.010501041
0.0083322327
0.0049622567
0.0008750871
-0.0018336982
-0.0036452811
-0.0018919226
-0.0010486689
-0.00072391871
-0.00092979981
0.00051534791
0.00041209683
0.00068781031
-0.0020835949
-0.0045261281
-0.0051406965
-0.0044286237
-0.0013951643
-0.00050446476
-0.00057362203
0.00096966574
0.0026245395
0.0037748696
0.0044159377
0.0058773857
0.0076805945
0.0088524953
0.0093432296
0.0090469726
0.0086739535
0.010132031
0.010392175
0.010353781
0.010103771
0.010583586
0.0098910111
0.0086470258
0.006284654
0.0051438031
0.0033553618
0.0018477065
0.0001530666
-0.0013894075
-0.0034558126
-0.0040822114
-0.0052596773
-0.0070976782
-0.0079850072
-0.010552386
-0.01167335
-0.011854813
-0.012784659
-0.012987938
-0.014553932
-0.015570324
-0.014972217
-0.014847801
-0.014447827
-0.012492927
-0.0097260359
-0.0081577421
-0.0059160849
-0.0052874386
-0.0049958223
-0.0059634481
-0.0066358936
-0.0052890981
-0.0040674937
-0.0029824186
-0.0012023362
0.00097037099
-0.0004166064
0.0011737769
0.0021120008
-0.00084740145
-0.0027640922
-0.0034861311
-0.0015902207
-0.00097830313
-0.0016426045
-0.0011459445
-5.9977936e-06
0.00033326313
-0.0001716185
-0.00030057312
-0.00072855647
-0.0018828709
-0.0025838008
-0.0024024201
-0.0025999327
-0.0027993095
-0.0024349358
-0.002373801
-0.0024647754
-0.0043995223
-0.0056613723
-0.0062552187
-0.0065634894
-0.0069712204
-0.0084299141
-0.0093561081
-0.0094862965
-0.0098843002
-0.0087795491
-0.0079388498
-0.0071986631
-0.0041773274
0.0010992516
0.0038068667
0.0053687459
0.0078555255
0.011571156
