0.0039505665
0.0037085394
0.0033800341
0.0029346118
0.0027070586
0.0020388356
0.0039328837
0.0086688923
0.011342497
0.01166945
0.011459468
0.012797315
0.012487615
0.0087740137
0.0054252614
0.0035974857
0.0037154541
0.0040401122
0.0059508764
0.0092577466
0.01221918
0.013151674
0.0093672489
0.0099961791
0.010001559
0.0099072083
0.0093743192
0.006503279
0.0047819151
0.0068223571
0.0072627293
0.0064562413
0.0054014944
0.0046317197
0.0039943329
0.0024570702
0.0036209218
0.0032982989
0.00035091241
-0.00068858836
-0.00012035144
-0.00063909705
-0.0025398178
-0.0031722901
-0.0054043804
-0.0092045715
-0.011635885
-0.013644283
-0.015268558
-0.017477397
-0.017103359
-0.019029813
-0.022230783
-0.023563542
-0.023756406
-0.024547329
-0.023573496
-0.020512298
-0.016640514
-0.014749637
-0.015091758
-0.014546302
-0.013001571
-0.013098094
-0.014330827
-0.016242255
-0.018045595
-0.020900716
-0.022269397
-0.023435173
-0.023278465
-0.02374415
-0.023886128
-0.02091982
-0.018437522
-0.016948679
-0.015239672
-0.012971157
-0.0078749273
-0.0038373141
-0.00054034368
0.002026206
0.0026962461
0.0010124958
0.0015873795
0.003557351
0.00073639463
-0.00043005089
-0.003410335
-0.0024794591
-0.00034008011
0.0016830837
0.0023659154
0.00349518
0.0029000749
0.0021048698
0.0010793765
0.001134033
-0.00043161763
-0.0015235261
-0.0017584369
-0.0018799211
-0.0023266035
-0.0034097543
-0.0036948574
-0.0034216313
-0.0026522327
-0.0023824793
-0.0025368491
-0.0034256748
-0.0028268931
-0.0036655102
-0.0044328186
-0.0039917756
-0.0026796876
-0.0036096394
-0.0026232189
-0.004733085
-0.0048888429
-0.0008379753
0.00097968235
0.0026552729
0.0029610957
0.0053675525
0.0064801335
0.0044922769
0.004499592
0.0065748375
0.0087830604
0.010430025
0.012201318
0.01172831
0.01024885
0.0085690062
0.0061943065
0.005102001
0.0041857504
0.0030766486
0.003165552
0.0025476903
0.0026412541
0.0025538981
0.0029662448
0.0033675428
0.0048747653
0.0054964872
0.0055279264
0.0056637025
0.0045075085
0.0048786907
0.0084136003
0.010580407
0.010378258
0.011031583
0.010522445
0.010633124
0.010280997
0.0095520707
0.0047215422
0.0014679278
0.0024958829
0.0017002139
0.0040164026
0.0071556882
0.0090269348
0.009132939
0.0064414759
0.004772811
0.0089611611
0.009639434
0.0073797792
0.0046958114
0.0045595419
0.006882638
0.0075998453
0.0051896668
0.0031599129
0.0021497791
-0.0004559633
-0.00095572234
-0.00056923612
-0.0015050306
-0.0049452419
-0.008021869
-0.010081951
-0.012280195
-0.014442715
-0.015957447
-0.019651319
-0.02334569
-0.02473093
-0.027842497
-0.029858192
-0.029393747
-0.028338347
-0.028991596
-0.030396728
-0.032233102
-0.030987336
-0.032914363
-0.031098016
-0.027792298
-0.023992983
-0.021720522
-0.019636017
-0.01734167
-0.01601851
-0.015807401
-0.015295452
-0.017096838
-0.017938261
-0.018209004
-0.01981362
-0.020227674
-0.01933324
-0.016521822
-0.013098288
-0.0096117241
-0.0076731955
-0.0069948187
-0.0050430248
-0.00011213865
0.0042913515
0.0082542137
0.009501658
0.010521929
0.0091888329
0.0084238645
0.0067073977
0.0037384613
0.0025072255
0.00096395446
-0.00016505983
0.0012093161
0.0040919023
0.0066294393
0.0057207978
0.0044009872
0.0021651252
0.0017533046
0.0009094541
0.00042993912
-0.00095216648
-0.00023628162
-0.0010319903
-0.0018173912
-0.002049718
-0.0016508252
-0.0021627681
-0.0013576698
-0.0012378354
-0.0011487575
-0.0016743357
-0.0023487799
-0.0027329324
-0.0032214451
-0.0037143954
-0.0029979089
-0.0021718814
-0.0019903424
-0.0041194349
-0.0043455092
-0.001170374
0.0035430912
0.0036592164
0.0065457231
0.0091575204
0.0081516568
0.0098192935
0.0087307532
0.0099027846
0.011294649
0.012736115
0.01247278
0.012281387
0.008498762
0.0082104155
0.0067630416
0.0058515958
0.0054724413
0.0045767852
0.0043249845
0.004007453
0.0044027138
0.004524061
0.0046481443
0.0043504243
0.0046422708
0.0073528701
0.0073566732
0.008572809
0.0092580182
0.0090452288
0.0086293879
0.010918678
0.012368811
0.011593209
0.011349572
0.012687873
0.011127994
0.0090051208
0.008511452
0.0089384679
0.0073702168
0.006503132
0.0030954301
0.0023662369
0.0051736251
0.010407922
0.0092067165
0.0062379389
0.0061011084
0.010375546
0.010762572
0.0062759335
0.0030073243
0.0023341939
0.0058911972
0.0067646025
0.0045065678
0.0018252841
-0.0019810044
-0.0038368446
-0.005776861
-0.0083948505
-0.012840438
-0.015831608
-0.019998717
-0.02263236
-0.026184127
-0.028867236
-0.031736764
-0.034756674
-0.037717695
-0.039992259
-0.043096069
-0.04540704
-0.045428641
-0.043854369
-0.041790769
-0.039152896
-0.039331999
-0.040301062
-0.041796508
-0.039953654
-0.034849667
-0.033307026
-0.031323359
-0.027144262
-0.024426351
-0.020383902
-0.02212497
-0.019261813
-0.019952417
-0.017903721
-0.014820378
-0.014854621
-0.011538146
-0.010115854
-0.007546917
-0.0021414084
0.0033662895
0.0070280667
0.0083680777
0.0081958713
0.011684469
0.015939032
0.018454962
0.016376299
0.016096904
0.013089887
0.01181892
0.007847752
0.0059027586
0.0051851998
0.0037710829
0.0031769483
0.0050274024
0.0064836022
0.0073029008
0.0058040567
0.0037981892
0.00231594
0.00020509547
-0.00080191223
-0.0015676255
-0.0011093561
-0.00083842608
-0.00091686985
-0.00061574964
0.00024736129
0.001000404
0.00027659849
0.00083590569
0.001284032
0.0015352917
0.0014268862
0.00074929775
3.9519786e-05
-0.00071932525
0.00052975847
0.00014934842
-0.0020742104
-0.0023464079
0.0010978388
0.0031339288
0.0050149435
0.0075499394
0.0021784101
0.0083823387
0.010613245
0.013235406
0.012226395
0.013778988
0.01458585
0.013734558
0.011958281
0.01180104
0.010352281
0.0072002025
0.0053613615
0.0039684921
0.0047706665
0.0046998814
0.0044700369
0.0050194398
0.0054243627
0.0056698597
0.0060424747
0.0060144983
0.0063909312
0.00631992
0.0092563794
0.0095845682
0.011191516
0.012725075
0.012625933
0.010696113
0.015144438
0.018700864
0.015604741
0.014002008
0.016367232
0.016500479
0.014821373
0.01254216
0.010075906
0.0079023493
0.01164153
0.0075152521
0.006624602
0.0084225561
0.010268875
0.01018078
0.0075490375
0.0098724685
0.012079002
0.010559219
0.0084417461
0.0060691193
0.0042792045
0.0067049585
0.0066273756
0.0051387927
0.0019395155
-0.0029961357
-0.0060926118
-0.010718184
-0.017311161
-0.02121097
-0.02336821
-0.026374654
-0.034743001
-0.036679961
-0.039157704
-0.043750762
-0.047005713
-0.050888362
-0.053459994
-0.0575194
-0.061375017
-0.060220194
-0.057618442
-0.0542873
-0.051782844
-0.050201763
-0.051146383
-0.055875271
-0.053138744
-0.050211012
-0.049340075
-0.042795147
-0.037578783
-0.035622596
-0.030767165
-0.027581851
-0.024757989
-0.023665286
-0.01772167
-0.012035591
-0.0080155058
-0.0010396891
0.0012000469
0.0057433213
0.010376824
0.014025685
0.017527643
0.01711125
0.018655998
0.023039283
0.024122858
0.024670704
0.02482941
0.021558223
0.017824933
0.016090603
0.012301738
0.01090232
0.0087134979
0.0078893378
0.0070402984
0.006985772
0.00612027
0.0052804878
0.0039061388
0.003006424
0.0011935011
0.00013094218
0.00032559612
-1.1945278e-05
0.00055215186
0.0011556918
0.0014676666
0.0011742516
0.0011998634
0.0023692588
0.0038409187
0.0038711719
0.0043682518
0.0049062578
0.0049981084
0.0043696674
0.0034738986
0.0024935924
0.0044137956
0.0043459413
0.0064994115
0.0069947441
0.0078036158
0.0088531999
0.0043532173
0.002335322
0.0031875826
0.0096997911
0.014388723
0.015083376
0.014623308
0.013417209
0.015736799
0.015268732
0.011366315
0.00833697
0.0039244322
0.00056310966
0.00010779844
0.0010711801
0.0029779609
0.0046101961
0.0046132139
0.0054673174
0.0048608317
0.0060031321
0.0072221769
0.007665366
0.0083559952
0.0087116594
0.011436263
0.012765921
0.014449898
0.015327662
0.016148184
0.014342679
0.020853915
0.024035149
0.022624174
0.023559993
0.020651185
0.018636381
0.017968789
0.014749093
0.010040081
0.0096196309
0.013199409
0.014634528
0.014912497
0.016249063
0.016386052
0.017092545
0.016671715
0.018682257
0.018609759
0.016906381
0.01669232
0.012912879
0.0089099617
0.0072474889
0.0082265509
0.0050584577
0.00077071076
-0.004506615
-0.010229013
-0.015989795
-0.022463727
-0.026529752
-0.030929638
-0.036490565
-0.044223891
-0.046523551
-0.047217599
-0.049438698
-0.054047888
-0.058845199
-0.061968399
-0.064228612
-0.066439778
-0.067452916
-0.064878863
-0.065561518
-0.064915918
-0.067164033
-0.067957641
-0.066317721
-0.065087511
-0.061365018
-0.059015438
-0.052133269
-0.04609583
-0.046795349
-0.041970224
-0.038827426
-0.0322368
-0.026138826
-0.019603054
-0.01209979
-0.0064276221
0.0029704161
0.0076865964
0.015892131
0.019061336
0.022176525
0.025842108
0.025619609
0.027877101
0.027703176
0.026692678
0.026583445
0.025480393
0.022072993
0.016981302
0.017191804
0.011711542
0.012031175
0.010478143
0.009400783
0.0092569541
0.0053951345
0.0052391497
0.0049055148
0.0033873484
0.0027983608
0.00055809553
2.200961e-05
0.0001144822
0.00057183744
0.00081109877
0.0028533527
0.0030085855
0.0022325376
0.0022084824
0.0031463583
0.0037848092
0.0038132838
0.0045325016
0.0058457961
0.0058240315
0.0059341872
0.004876654
0.0057596903
0.0066645999
0.0095142167
0.010634591
0.0094625549
0.0078898558
0.0065268579
0.0054306343
0.004159821
0.0091307234
0.012108386
0.013988351
0.015911984
0.015772008
0.014932086
0.01737149
0.015907712
0.012505481
0.0060278989
0.0012846618
-0.0012272605
0.00030304839
0.00087769389
0.002937924
0.0048857426
0.0050314007
0.0047256997
0.0049859601
0.0061247096
0.0083953993
0.0095073284
0.0099942674
0.010799413
0.014545671
0.015933109
0.017330836
0.020716862
0.019560923
0.020951171
0.026348734
0.029824149
0.029515913
0.03071965
0.027036455
0.027890162
0.024347677
0.014507067
0.0074166692
0.0070414126
0.014302213
0.017647612
0.021926894
0.025676713
0.028452931
0.02804964
0.028164487
0.02587022
0.02384902
0.023059073
0.019914977
0.016911734
0.014422292
0.010201621
0.0084009336
0.0046618781
0.0024987127
-0.0026485014
-0.0075411423
-0.01189356
-0.020063768
-0.026937194
-0.036697272
-0.045328838
-0.049541631
-0.051923389
-0.052756751
-0.048186335
-0.046563389
-0.051543036
-0.061707594
-0.065225442
-0.065274541
-0.065325002
-0.062795213
-0.065181151
-0.064192988
-0.064465967
-0.06244514
-0.05966623
-0.053901524
-0.056974616
-0.06249901
-0.057884165
-0.053679296
-0.053318107
-0.044342781
-0.037819225
-0.03340167
-0.026694904
-0.020154676
-0.010793676
-0.0030146336
0.0049367839
0.011599934
0.018959545
0.024827231
0.027648904
0.028379913
0.029289208
0.030299546
0.028305698
0.026872318
0.024700217
0.021867672
0.01877062
0.017943995
0.015054218
0.013319452
0.010980063
0.0085351305
0.0064133355
0.00535331
0.0052052766
0.0054772159
0.0059975117
0.0052209262
0.0032530702
0.0015973442
-0.0004040042
-0.0012677177
-7.1381453e-05
0.0014302648
0.0023627861
0.0031380242
0.0031215196
0.0031649531
0.0027580453
0.0029166572
0.0044309507
0.0041059847
0.0046950409
0.0059178579
0.0066646196
0.0082926091
0.0084212024
0.012685232
0.016598361
0.010536987
0.0086727252
0.0075078016
0.0077928901
0.0061213687
0.0082043039
0.01300728
0.014950601
0.018280075
0.018337198
0.020258741
0.017035189
0.018773244
0.018291845
0.015051981
0.010795531
0.0028992163
0.0033858897
0.0047458242
0.0068893511
0.0067209824
0.0079081632
0.0079294099
0.0076834967
0.0068166808
0.0087986086
0.010724379
0.013666386
0.014465927
0.014623563
0.019231128
0.021494912
0.023009104
0.021934924
0.021172609
0.022935797
0.028417669
0.03269214
0.032695688
0.034610991
0.0332006
0.03171545
0.026059693
0.017505067
0.0072519174
0.00270489
0.011762525
0.020312764
0.023786387
0.027025214
0.02990472
0.032301191
0.029660062
0.028805506
0.028448652
0.029264886
0.026639513
0.022451374
0.018305011
0.014844749
0.010913971
0.008016804
0.0010428253
-0.004193409
-0.0068423304
-0.011713059
-0.020013988
-0.028180167
-0.039694398
-0.048076922
-0.051602371
-0.050125959
-0.045535498
-0.048208554
-0.04858856
-0.053392242
-0.05554379
-0.058112572
-0.054893448
-0.057497415
-0.062557417
-0.063661294
-0.064998138
-0.06037615
-0.05209884
-0.049833616
-0.050361078
-0.05730617
-0.061312645
-0.051732974
-0.048525213
-0.041414415
-0.043571203
-0.04185758
-0.031907966
-0.021783075
-0.016013181
-0.0069735862
0.0025702838
0.010122898
0.016336861
0.019809512
0.021701576
0.025662258
0.028985596
0.026038587
0.026910841
0.022673435
0.021191008
0.019086332
0.018157269
0.01752183
0.016301348
0.013436062
0.012025993
0.0080670901
0.0081235168
0.0058222146
0.0052317646
0.0047304584
0.0062329923
0.0063868888
0.0042575827
0.0027902357
0.0021177389
9.9340401e-05
-0.00021745062
-0.00027044141
0.0012760829
0.0025122682
0.0045044791
0.004480186
0.0049290165
0.0046843717
0.0055235638
0.0041536974
0.0055720088
0.0046239418
0.0050696922
0.0071501963
0.011453377
0.013312194
0.019711758
0.018094111
0.011547325
0.0096082528
0.0083900896
0.0086397119
0.0089772988
0.011934614
0.013762458
0.019437075
0.023801889
0.025464096
0.022910696
0.01883919
0.01991769
0.019964957
0.016407415
0.013643133
0.0078417909
0.0097468791
0.0071354444
0.008438318
0.0096344508
0.011697207
0.011963522
0.011817265
0.01069674
0.012246268
0.012968222
0.014901869
0.018135727
0.017955668
0.021344318
0.025432465
0.024745306
0.022492562
0.019885102
0.023616244
0.027283463
0.028293844
0.030026102
0.031538199
0.034171249
0.032395458
0.031308985
0.026097966
0.010376926
0.0045560652
0.010785736
0.017655555
0.021123427
0.02428641
0.028134011
0.030389253
0.032383363
0.033878561
0.035485186
0.034084468
0.03325976
0.03254878
0.029570942
0.025440031
0.021056288
0.013105679
0.0087437578
-0.0010581738
-0.0078993224
-0.014403129
-0.02212898
-0.030660242
-0.039386166
-0.043420057
-0.038661279
-0.038544152
-0.035359006
-0.035933152
-0.034371153
-0.042824345
-0.044435757
-0.046372024
-0.050278976
-0.04633217
-0.049341734
-0.053548619
-0.054297951
-0.050099166
-0.049882397
-0.056949971
-0.058614038
-0.057543711
-0.055250448
-0.051664947
-0.043981942
-0.040519752
-0.037176877
-0.030532861
-0.023110653
-0.015049638
-0.0093182039
0.00010967948
0.0037854982
0.011141194
0.013961116
0.017319871
0.020205671
0.021785958
0.01906119
0.021252836
0.019732827
0.017362927
0.015678362
0.014830642
0.014674289
0.015373473
0.014877759
0.012176628
0.0098803711
0.0079907628
0.0071557966
0.007072826
0.006150603
0.0047659858
0.0056388509
0.0047800308
0.0047526446
0.0045874995
0.0043292158
0.0050298463
0.0058833636
0.0066591872
0.0056528159
0.0043330994
0.0037081949
0.0038191567
0.003472809
0.0036753469
0.0048063175
0.0052271385
0.0053030296
0.0079050861
0.0081974648
0.0075882691
0.0088203749
0.01396074
0.018640549
0.011896107
0.0056830246
0.0066892588
0.0075135955
0.0078040775
0.0090163412
0.012596964
0.014972573
0.018041458
0.024171352
0.023433004
0.023078433
0.020427417
0.021138649
0.021212559
0.013445669
0.0078482466
0.0066867758
0.0093402818
0.011013164
0.012200192
0.012578624
0.014429309
0.014633433
0.016362258
0.014708416
0.016017342
0.017127206
0.019182581
0.020660771
0.020401511
0.024649419
0.025276469
0.025079606
0.020650009
0.018952299
0.023217734
0.025749913
0.026715821
0.027150244
0.030884776
0.033909346
0.036176588
0.031771595
0.028717755
0.018602717
0.010399386
0.0148375
0.01910271
0.022071532
0.023051879
0.027178618
0.030523302
0.034183226
0.037254209
0.039356582
0.0381519
0.037586895
0.0358816
0.033713242
0.028571803
0.022654248
0.015392383
0.008722163
0.0017637286
-0.0043844333
-0.012300104
-0.022040495
-0.030382027
-0.034389436
-0.034468439
-0.030299857
-0.03340309
-0.033435529
-0.032998061
-0.033820479
-0.036957223
-0.044847311
-0.039437639
-0.043012521
-0.042543601
-0.048794225
-0.050047506
-0.052577901
-0.055514504
-0.057704525
-0.059151786
-0.055875185
-0.053797905
-0.052348213
-0.047418171
-0.042415944
-0.037497043
-0.034959481
-0.029845542
-0.023110095
-0.017065278
-0.011251994
-0.0059133799
-0.0028287789
0.0015127941
0.0044840787
0.00683448
0.0063593652
0.0082975708
0.0080400974
0.0091474325
0.00969547
0.0081851448
0.0094026732
0.0096025037
0.010438785
0.010273235
0.010424499
0.0076339435
0.0065856934
0.0046925716
0.003848685
0.0023846276
0.0024292676
0.0024476499
0.0023003028
0.0031624044
0.0042049001
0.0040158086
0.0035876916
0.0046772008
0.0068003545
0.0069131647
0.0069087239
0.0069228293
0.0056955963
0.0058289871
0.0065391254
0.0065934662
0.0065277782
0.006138603
0.0062252572
0.0082127456
0.0080770634
0.0062383568
0.0056385531
0.009037878
0.013959387
0.0093870647
0.0046314533
0.0028791155
0.0051070258
0.0069874293
0.007725846
0.01259421
0.011803469
0.013482489
0.018776783
0.016412475
0.014352631
0.013373273
0.01216712
0.010122146
0.0092802068
0.0084572977
0.01145755
0.01363181
0.016529687
0.016814969
0.017827697
0.019765733
0.021074817
0.020136268
0.019598823
0.020071287
0.022125077
0.023619103
0.02486521
0.024090665
0.032182172
0.03041791
0.029637895
0.025802872
0.021556321
0.02648649
0.025619272
0.028326297
0.029323632
0.03178747
0.034938072
0.036901398
0.035683064
0.029885333
0.019906207
0.013225433
0.016486304
0.020057365
0.022105609
0.02365532
0.02943758
0.033379802
0.037878742
0.039384886
0.041414062
0.038438278
0.036836482
0.034943978
0.029926529
0.025530221
0.021908142
0.014946808
0.010518946
0.0037522027
-0.0053564551
-0.012069766
-0.023104886
-0.031365474
-0.033629503
-0.026522532
-0.029377074
-0.03245361
-0.029085033
-0.032774
-0.031225782
-0.036109111
-0.039469795
-0.033008857
-0.035242971
-0.039546151
-0.045851076
-0.0500861
-0.053875115
-0.052429117
-0.053239974
-0.052634422
-0.051774317
-0.051476508
-0.052279632
-0.049103063
-0.043971208
-0.041105696
-0.03776535
-0.035113048
-0.029307786
-0.023135053
-0.020750581
-0.019754971
-0.012718868
-0.012243202
-0.010394611
-0.008899094
-0.0068995637
-0.0034616794
-0.0018359945
-0.0016660696
-0.0018308168
3.1646509e-05
0.0012865813
0.0042070327
0.0050610104
0.0041664639
0.0023445255
0.0010924539
-0.00011031107
-0.00015065936
-0.0010215549
-0.0015323494
-0.0014365943
-0.0023540525
-0.0021088839
-0.0016200569
-0.0021936772
-0.0018574451
-0.00062343704
0.00067782016
0.00059691448
0.00056290954
0.0013779896
0.0026288444
0.0033688697
0.0024119072
0.0015367252
0.0017921993
0.00094304075
0.0022638806
0.0042581876
0.0040210428
0.0045698636
0.0031302721
0.0018505103
0.0032366142
0.0059286877
0.005209151
0.0017733435
-0.00098478497
-0.0010670589
-0.00032461441
0.0062140329
0.0084698398
0.0077162186
0.0089345534
0.010114034
0.0086070377
0.004446632
0.0061353373
0.0061254523
0.0050490497
0.0048741008
0.0055120428
0.0077892285
0.01242256
0.013694311
0.013967773
0.0182133
0.021038703
0.026063691
0.026344454
0.026981374
0.027393329
0.028869771
0.032696852
0.034707678
0.033372852
0.033700081
0.033005595
0.03178873
0.028802526
0.023556125
0.027249383
0.027326532
0.029830994
0.028268603
0.033045859
0.034182049
0.033946472
0.035299576
0.027986766
0.019184212
0.01349137
0.015669991
0.018462904
0.018763746
0.019209249
0.024728819
0.029605534
0.031072834
0.03325688
0.035430404
0.034970789
0.030715577
0.028794838
0.023359887
0.020267703
0.014929273
0.008378498
0.0043145433
0.00099594294
-0.0061644454
-0.016194293
-0.026831347
-0.034148906
-0.032271541
-0.033106614
-0.034141756
-0.031868625
-0.030901086
-0.035526793
-0.036035915
-0.038567761
-0.036327723
-0.03237013
-0.035398354
-0.039625077
-0.040991989
-0.0428327
-0.044306053
-0.044647949
-0.043929677
-0.042565727
-0.040468574
-0.040940925
-0.041505555
-0.040415904
-0.037792823
-0.039017165
-0.039194009
-0.035882193
-0.029459061
-0.025385044
-0.024416069
-0.02096175
-0.018676376
-0.016871986
-0.013177489
-0.014528148
-0.012924661
-0.0088872263
-0.0077809776
-0.0094747741
-0.007086475
-0.0070988096
-0.0065565238
-0.0051666194
-0.0041510799
-0.0060596868
-0.0070970325
-0.0078546796
-0.011153617
-0.011803179
-0.01144974
-0.011234493
-0.0093080861
-0.010200954
-0.010152917
-0.010249397
-0.0097373206
-0.0090038512
-0.010079171
-0.0062832224
-0.004935354
-0.0067942981
-0.0048300284
-0.003800577
-0.0051230427
-0.0024593788
-0.0024007157
-0.003906219
-0.0065302312
-0.0066461545
-0.0052705582
-0.0044418995
-0.0039694778
-0.0026527553
-0.0017591547
-0.0012989982
-0.0013443597
-0.0061927145
-0.001514113
-0.0013278155
-0.0025384796
-2.0501465e-05
0.0014610313
0.0058914649
0.0060022497
0.0049993561
0.0045215645
0.0048315508
0.0035548456
0.0038667788
0.0022761286
0.0034628861
0.0038638219
0.005577229
0.0071722002
0.0072733354
0.0094855112
0.011652561
0.014217645
0.017581575
0.020500783
0.024537018
0.027251471
0.029591533
0.028663734
0.029187106
0.032988181
0.033129392
0.027390197
0.028710808
0.026484229
0.024595856
0.023718621
0.025682139
0.027398577
0.025735091
0.02340978
0.02612284
0.02607649
0.024738938
0.023648842
0.02313677
0.019226656
0.016832234
0.018838434
0.018413534
0.018003289
0.016657767
0.017914753
0.018990302
0.021483795
0.024884531
0.026291752
0.024997721
0.02230606
0.020258445
0.016469102
0.012086474
0.0065994006
-0.0009763359
-0.00022070042
-0.0042484335
-0.013514809
-0.021445562
-0.032189249
-0.037898949
-0.037925521
-0.040338499
-0.038851582
-0.038141158
-0.036814029
-0.035518936
-0.035701847
-0.033976865
-0.033037233
-0.031060786
-0.031411569
-0.03289106
-0.03259033
-0.033365016
-0.033639261
-0.034066754
-0.035431082
-0.034430786
-0.032807331
-0.030970418
-0.029690225
-0.027745779
-0.024547981
-0.023851573
-0.021736924
-0.019819881
-0.018241307
-0.014398878
-0.013862546
-0.011041901
-0.0085658241
-0.0078475253
-0.0065371959
-0.0067535397
-0.0058013416
-0.0043927284
-0.0048983598
-0.006601791
-0.008276632
-0.0081111217
-0.010683065
-0.0097916736
-0.010505729
-0.010739117
-0.014659328
-0.014752644
-0.013053493
-0.014250202
-0.017160081
-0.018183374
-0.016883433
-0.015856083
-0.012217281
-0.011508498
-0.010394579
-0.01021968
-0.0096414814
-0.0097626056
-0.0084550761
-0.010753653
-0.0080189759
-0.0060341692
-0.0055633021
-0.0064758573
-0.0042222817
-0.0024224669
-0.0051154336
-0.0057258229
-0.004745128
-0.0043710097
-0.0029032774
-0.00014708482
-0.00097488475
-0.0007441137
-0.0021277771
-0.0086466222
-0.0099440139
-0.0039236567
-0.0018863646
-9.7853168e-05
0.0032897244
0.004487494
0.0035814478
0.003700601
0.0055993465
0.005129765
0.0034744735
0.0028482862
0.0026803012
0.0034531106
0.0039306893
0.004951121
0.0053943507
0.0059745378
0.0083929716
0.010798796
0.013405548
0.016493844
0.019448275
0.022795077
0.023646962
0.023710881
0.022808558
0.022545063
0.024504201
0.025537398
0.02177629
0.020063767
0.022132769
0.022325115
0.023861349
0.023760487
0.025356917
0.025441626
0.022153461
0.019067266
0.017621202
0.018387719
0.0177596
0.016712179
0.014932652
0.014755689
0.02107635
0.019996784
0.019273789
0.015433972
0.01473766
0.014070134
0.014515626
0.016813718
0.017313138
0.016715641
0.013823973
0.012248482
0.006705654
0.0011598644
-0.0047989009
-0.0073708254
-0.0098702039
-0.01378198
-0.023115961
-0.030285962
-0.03777017
-0.042010132
-0.045080459
-0.040420084
-0.036548539
-0.035669861
-0.0338924
-0.033386127
-0.034923523
-0.032638933
-0.029570244
-0.026630086
-0.025566837
-0.025605481
-0.023181125
-0.026923671
-0.024353035
-0.02430627
-0.023179677
-0.023678413
-0.023733868
-0.021122096
-0.020710097
-0.017748861
-0.012586533
-0.01271892
-0.010059989
-0.0058559208
-0.0057074876
-0.0029923258
-0.0024905716
0.00016192205
7.5729313e-05
-0.00085732459
-0.00082273678
-0.00017429853
-0.0020224495
-0.0036841619
-0.0043110494
-0.0060966013
-0.0074098281
-0.010214114
-0.011700442
-0.01177717
-0.013329948
-0.014798549
-0.014911297
-0.016057929
-0.016220442
-0.017209647
-0.018465193
-0.018674264
-0.018535496
-0.016247508
-0.013039086
-0.010454685
-0.0083823498
-0.0069717113
-0.0079126265
-0.009018201
-0.010312337
-0.012013522
-0.0098722223
-0.0064438608
-0.0031143672
-0.0015054135
0.0018509388
0.0041194114
0.0015909304
0.0010620913
0.00059127886
-2.3575565e-05
-0.0024418662
-0.00076782529
-0.0017483571
-0.0070610496
-0.0060806583
-0.0055715461
-0.0050996541
-0.003914371
-0.0017629347
-0.0010516467
0.00046806623
0.00086688198
0.00029490877
0.00062444209
0.00079972453
0.0018021467
0.00082047108
0.00031103722
-0.00045220712
5.1436254e-05
-0.00064028907
-0.00044508058
-0.00035061079
0.0017572619
0.0034548138
0.0063518104
0.0089334317
0.013037643
0.015969249
0.019418281
0.019007518
0.019418724
0.019298415
0.018561236
0.019861925
0.019662997
0.019827376
0.020021005
0.020428304
0.018356271
0.019741513
0.020285947
0.019592666
0.021135843
0.020406966
0.019643318
0.015765168
0.012900216
0.011981247
0.013348854
0.01106677
0.0092504149
0.018590135
0.017779951
0.014556428
0.013776345
0.013048662
0.012055907
0.012277091
0.011709675
0.011347692
0.010927175
0.0081124766
0.0050335579
0.001922164
-0.0049907733
-0.0077528532
-0.0069081368
-0.01087279
-0.016105341
-0.023754033
-0.029671255
-0.033492252
-0.037424523
-0.039724771
-0.034046018
-0.026436013
-0.028125974
-0.026259635
-0.027495664
-0.02876874
-0.026282925
-0.02333619
-0.021193951
-0.018675338
-0.016815154
-0.01488034
-0.014703566
-0.012943706
-0.010890464
-0.0098465417
-0.01133118
-0.010094631
-0.0079600289
-0.006223021
-0.0055780509
-0.0023713491
-0.0019420852
-0.00020754824
0.0025296991
0.0035799613
0.0065494728
0.0076694708
0.0077719402
0.0066923609
0.0059749846
0.0033452265
0.0023231924
0.00052854545
-0.0011398757
-0.0055457618
-0.0076184716
-0.0080739554
-0.0097414235
-0.011319267
-0.010739549
-0.013240727
-0.016451533
-0.018628504
-0.018713824
-0.019820863
-0.021462465
-0.022271621
-0.020576238
-0.020088254
-0.017731479
-0.015608054
-0.012836051
-0.011406274
-0.0088594697
-0.0099618419
-0.010130146
-0.010489469
-0.010411047
-0.0070294561
-0.0035868183
-0.0015613514
0.0006536209
0.0046615354
0.0048688206
0.0036598851
0.0029259139
0.0031231387
0.0023142707
0.0016292613
0.003254837
-0.00091832433
-0.0033938988
-0.003962531
-0.0038207483
-0.0032354553
-0.0024038927
-0.0025367351
-0.0013711696
-0.00093374977
-0.0024093018
-0.0027630889
-0.0031617607
-0.0042507647
-0.0040322058
-0.0027563922
-0.0035278348
-0.0045728988
-0.0056470359
-0.0062204313
-0.0058308032
-0.0054452506
-0.0046339682
-0.0037753188
-0.0018684459
0.0012847397
0.0053595887
0.0085782775
0.01197625
0.014099952
0.015999308
0.016270822
0.016984455
0.019104062
0.018689518
0.018797127
0.019415441
0.018023921
0.016421287
0.015806159
0.014123007
0.013162397
0.014301597
0.015117299
0.013821869
0.012772445
0.010323596
0.009332862
0.010057119
0.0094159988
0.0091999403
0.013420643
0.015106356
0.017539722
0.014012101
0.013834023
0.01212352
0.011770953
0.0093668696
0.0085463473
0.0081300605
0.0067815801
0.0035415195
0.00068923012
-0.003016017
-0.0023174069
-0.0041630409
-0.0098586046
-0.013123968
-0.017292043
-0.021046477
-0.023815676
-0.025696831
-0.028600927
-0.024860653
-0.020004746
-0.01890352
-0.020541002
-0.018409776
-0.018179998
-0.017564856
-0.016071779
-0.014532928
-0.011335387
-0.0093696835
-0.0078784767
-0.0043051022
-0.0027560254
-0.0016544804
-0.00061019846
-0.00089162504
0.00063491788
0.0024269061
0.0025331643
0.0038010385
0.0056525634
0.0066588186
0.0082306019
0.0097467845
0.011235155
0.012961018
0.013457643
0.012720642
0.0108981
0.0094136478
0.0063005826
0.0040166361
0.0012331676
-0.0015837603
-0.0041003845
-0.0063017617
-0.0074195147
-0.0089283774
-0.010330376
-0.01098662
-0.011978076
-0.014859399
-0.018622776
-0.020615844
-0.023753315
-0.025319642
-0.024409821
-0.023723375
-0.02247317
-0.021095389
-0.019262722
-0.015956292
-0.011101698
-0.009867907
-0.010342438
-0.010391928
-0.0093350061
-0.0091393864
-0.00622904
-0.0042209564
-0.0023598843
0.00045220709
0.0026415469
0.0039461104
0.0027179635
0.0031675412
0.00028516633
-0.00022683221
-0.0026332915
-0.0022320223
-0.0025636041
-0.0027744136
-0.0028741859
-0.0017700895
-0.0029378215
-0.0035141079
-0.0037600279
-0.0051912759
-0.0044258728
-0.0036726819
-0.0053786075
-0.0058219624
-0.0052407025
-0.0053834646
-0.0055889414
-0.0053896374
-0.0061663439
-0.0073742972
-0.0081558314
-0.0093815185
-0.010905219
-0.011524989
-0.01027662
-0.0092454421
-0.0073666609
-0.0049868452
-0.0014442707
0.0021270593
0.0068750051
0.010951899
0.01235803
0.014388912
0.016390559
0.018052049
0.014907129
0.015063934
0.014511251
0.015384764
0.013045778
0.010805165
0.0109158
0.01075022
0.010226636
0.010912765
0.009293983
0.0093301622
0.0083487094
0.0089562458
0.0090951112
0.0077401476
0.009135775
0.012988766
0.016054872
0.017081536
0.015636132
0.013726315
0.012291373
0.010664876
0.0098403711
0.0087544466
0.0075524858
0.0060990592
0.0036891387
0.0029185123
0.0060069247
0.005957698
0.0013876168
-0.0053242951
-0.0075293894
-0.010952246
-0.01266651
-0.013489836
-0.015271607
-0.012603824
-0.010529342
-0.010099448
-0.010747686
-0.0075468454
-0.0068543287
-0.0091576435
-0.0099386388
-0.0087308435
-0.0074092162
-0.0041193697
-0.0029084713
-0.0023217164
0.0018772075
0.002549724
0.0034341846
0.0039325586
0.0047421991
0.0072959632
0.0087318072
0.0091290117
0.0096947389
0.0098571251
0.01040049
0.010924357
0.012253385
0.013237774
0.014781476
0.014568772
0.012195537
0.010757287
0.0075146659
0.0054144661
0.0038750536
0.00058091961
-0.0018704643
-0.0038576647
-0.0057157814
-0.0065751014
-0.0079934785
-0.0098607657
-0.010620019
-0.011880612
-0.013110617
-0.017029392
-0.018959699
-0.020681387
-0.022238069
-0.022976567
-0.021329712
-0.020289825
-0.019000826
-0.01603968
-0.011797488
-0.01023269
-0.0095264386
-0.0098014585
-0.010688761
-0.011075349
-0.00854813
-0.0053897252
-0.0032891415
-0.0017725543
-0.00043845486
0.00010176211
-5.493478e-05
-2.0059586e-05
-0.0016339284
-0.0026969935
-0.0056740309
-0.0052580285
-0.0037077799
-0.0033095522
-0.0017841661
-0.00095493321
-0.00087075813
-0.00018344662
-0.003221239
-0.0039978028
-0.0049102147
-0.0056414599
-0.0048809127
-0.0058271566
-0.0058133625
-0.0055053463
-0.0050954028
-0.0056012906
-0.00720546
-0.0082201216
-0.0090749786
-0.0098284873
-0.011594158
-0.012725474
-0.013005874
-0.012824394
-0.012479248
-0.011446119
-0.0095754752
-0.0073766171
-0.0036773664
0.0014478277
0.0061229624
0.0073705426
0.0092552778
0.012499927
0.0074212209
0.008393504
0.010371585
0.010984781
0.010819046
0.01048509
0.010019517
0.011366562
0.009436705
0.0086979102
0.0087095968
0.0072293326
0.0086137133
0.0086679023
0.0091478726
0.0078476802
0.008617872
0.015476262
0.017373953
0.01910618
0.020076248
0.020105419
0.017595179
0.015140186
0.014205901
0.012464905
0.011410211
0.0098965341
0.0083613906
0.010020348
0.013166716
0.013784252
0.011152756
0.0088286064
0.0055686393
0.0011859551
-0.001988692
-0.0044903026
-0.003092115
-0.00117063
-0.00071635743
-0.0013902211
0.00016566843
-4.2873278e-05
0.00052009448
-0.001970886
-0.0055046651
-0.0066008068
-0.0059274148
-0.0030000115
-0.0017614143
-0.0015968744
0.00013467693
0.0023910131
0.0033590676
0.0036044512
0.0046832214
0.0062914984
0.0081552609
0.0085979368
0.0084903877
0.0080400276
0.0093347798
0.0098398768
0.010325016
0.010706305
0.01190828
0.011635486
0.010743057
0.0085033295
0.0073288849
0.0054826508
0.0038949921
0.0021742628
0.00040351528
-0.001956827
-0.0028821064
-0.0035542368
-0.0056828425
-0.0061963646
-0.0084876142
-0.010012325
-0.010534679
-0.0117203
-0.012339955
-0.014446046
-0.015942392
-0.015888455
-0.01652483
-0.016444112
-0.015218945
-0.013041091
-0.011290209
-0.0085182639
-0.0069153313
-0.0065674333
-0.0071384772
-0.0084158528
-0.0072090709
-0.0058374331
-0.0048878483
-0.0033736499
-0.00092956828
-0.0018430727
6.5553396e-05
0.0020540899
-0.00060367207
-0.0032470618
-0.0047085205
-0.0029889386
-0.0019853131
-0.0029577638
-0.0028406061
-0.001646366
-0.0012060852
-0.001801953
-0.0015160232
-0.0018413192
-0.0032185035
-0.0038947276
-0.0038940464
-0.0043426084
-0.0047574159
-0.0042797985
-0.0043719293
-0.0043577347
-0.0060507926
-0.007282996
-0.0079358989
-0.0082828947
-0.0086236066
-0.010206207
-0.011840497
-0.012110052
-0.013089171
-0.012505337
-0.012482461
-0.012669071
-0.011097727
-0.005754273
-0.0024779551
-0.00094379101
0.0010878187
0.0051822685
