0.0045669606
0.0042760516
0.0035998112
0.0033736007
0.0031184483
0.0023731272
0.0053702968
0.010115532
0.013340437
0.013770588
0.013573285
0.014059856
0.013522275
0.0095022949
0.0064738584
0.0037676107
0.0039090903
0.0042776445
0.0051977099
0.01008779
0.013355044
0.014361233
0.011249947
0.0117932
0.012064219
0.010490347
0.0089853241
0.0057071135
0.0036855634
0.0053963249
0.0059362757
0.005373473
0.0047041678
0.0035727917
0.0018392492
2.196159e-05
0.0006536375
-0.00072285691
-0.0035492341
-0.0056439825
-0.0058841908
-0.0067744703
-0.0093504342
-0.010982909
-0.013387636
-0.016410718
-0.017570153
-0.018175652
-0.019522857
-0.022096293
-0.022528292
-0.024336369
-0.027839338
-0.03036402
-0.030784237
-0.030432727
-0.028057831
-0.023512169
-0.018633946
-0.016338416
-0.017351878
-0.018429274
-0.0179073
-0.018840091
-0.018636702
-0.019235567
-0.020882948
-0.02221329
-0.023641448
-0.024229456
-0.024454306
-0.023727155
-0.023073116
-0.020150057
-0.018032394
-0.016233232
-0.013300298
-0.0099557736
-0.0049079107
-0.0017733524
0.00033400556
0.0013840234
0.001345506
0.00065072931
0.0027827766
0.0055004201
0.0040043968
0.0035708255
0.00054587277
0.00062061537
0.0027231506
0.0043075194
0.0058449693
0.0087256566
0.0088128773
0.0074913952
0.0053331143
0.0042074466
0.0016765055
-9.5370758e-05
-0.00092739619
-0.00096534466
-0.0016863945
-0.0024818923
-0.0023564208
-0.001576604
-0.0011284046
-0.00096990931
-0.0010155665
-0.0020750477
-0.0016864279
-0.0025104559
-0.0031556376
-0.0022264129
-0.0014584748
-0.0020709411
-0.00095824697
-0.001787909
-0.0012330374
0.002462445
0.0052631208
0.0064952217
0.0067767537
0.0095508902
0.010210276
0.0071571118
0.0073146591
0.010650522
0.012947206
0.013402533
0.014200343
0.013821259
0.012374261
0.0096543608
0.0072669624
0.0063882376
0.005535452
0.0047712707
0.0042302146
0.0037888537
0.0037272047
0.0034525147
0.0036632941
0.0041193935
0.0058155137
0.0062523932
0.006010287
0.00610808
0.005007334
0.0054706814
0.010762541
0.013279472
0.013345646
0.014499417
0.01323818
0.012190375
0.011349135
0.010924427
0.0051603551
0.0019415603
0.0026167478
8.7413999e-05
0.0023166943
0.0076900016
0.010113333
0.010960512
0.007814752
0.0072035831
0.011384847
0.010819752
0.0073184863
0.0034963945
0.004007532
0.0057289077
0.0062980655
0.0032916553
0.001514576
-0.00033935223
-0.0034649251
-0.0042450345
-0.0041304042
-0.0051778574
-0.0087927294
-0.012687796
-0.015377199
-0.019014596
-0.022522994
-0.025071883
-0.029098912
-0.032152313
-0.032459478
-0.035292176
-0.03601097
-0.034977613
-0.034091021
-0.036086339
-0.039031936
-0.04110939
-0.039268145
-0.03862402
-0.035109827
-0.029960738
-0.025658333
-0.0243201
-0.022960565
-0.021506246
-0.020856424
-0.020219294
-0.018649797
-0.019712918
-0.018778856
-0.01817774
-0.019592754
-0.019014435
-0.018621304
-0.015303377
-0.012693484
-0.0098562375
-0.0077962856
-0.0059330463
-0.0028846904
0.0026636843
0.0067212269
0.0107356
0.011218334
0.0112546
0.010182542
0.0099638099
0.010328746
0.0094460327
0.0078884614
0.0055006061
0.0048838441
0.0052246817
0.0074072315
0.0099298878
0.010666825
0.010163355
0.0078302181
0.0056612958
0.003915143
0.0022398029
-0.00016518771
-8.017469e-06
-0.00088036712
-0.0014284785
-0.001079665
-0.00062962882
-0.00084193799
0.00010928494
0.00023786647
0.00029308425
-0.00046003551
-0.0015506632
-0.0018878505
-0.0022437741
-0.002844842
-0.0021413843
-0.00099133755
-0.00029738651
-0.0022580227
-0.00064466557
0.0043740605
0.0088930673
0.0075551396
0.010740746
0.013263553
0.012537587
0.013965163
0.013227919
0.014404222
0.016650212
0.01746933
0.015875993
0.014038928
0.010546379
0.010432375
0.0084246179
0.0072621386
0.0065415657
0.0060726181
0.0056689102
0.0055404232
0.0056371169
0.0056354056
0.0056389453
0.0051937125
0.0055143389
0.0083466773
0.0080441203
0.0090740157
0.009642355
0.0096562224
0.0084656015
0.012391653
0.014425585
0.012954234
0.014591902
0.015486426
0.013402642
0.010499034
0.0095698631
0.010104531
0.0092608893
0.0078270202
0.0019815486
-5.0871096e-05
0.0031968814
0.0096947994
0.009580704
0.007508359
0.0084343746
0.011421868
0.0091712938
0.0043745022
0.0014591579
0.0021449186
0.0058427257
0.0061840542
0.0036595682
-0.00026478876
-0.0051022957
-0.0080039713
-0.0095738723
-0.010822819
-0.015187649
-0.018896157
-0.023811979
-0.027989074
-0.034164576
-0.038561202
-0.042324308
-0.044770771
-0.047685309
-0.049963896
-0.053488475
-0.056207137
-0.053734671
-0.051635776
-0.051352438
-0.048449561
-0.049743646
-0.050722454
-0.050549332
-0.044541271
-0.036185412
-0.035510919
-0.033575694
-0.030066207
-0.027407136
-0.023027267
-0.02392904
-0.020916879
-0.019919053
-0.016484411
-0.013640305
-0.013341452
-0.0099103537
-0.0083697027
-0.0059205838
-0.0013814622
0.0031325121
0.0082500292
0.0095163089
0.0097115875
0.013816403
0.018519531
0.020505133
0.019228566
0.019708784
0.017308564
0.017629639
0.01411483
0.012789817
0.011865722
0.010260721
0.0091739351
0.0094994909
0.010701163
0.010613361
0.0098712576
0.0077783583
0.0054002315
0.002576211
0.00012115282
-0.0011978161
-0.0012887587
-0.0013555419
-0.0010231168
-0.0003030055
0.0011127965
0.0013741693
0.0013532863
0.0023502543
0.0027193432
0.0024647857
0.0022649387
0.0010981498
0.00053848195
-0.00075358519
0.0004054889
-0.00069155083
-0.003074427
0.0003713914
0.0047998067
0.0082499823
0.0089566049
0.01082902
0.0057205572
0.01174331
0.013780157
0.017164197
0.015513647
0.017605345
0.019135883
0.01813848
0.015952769
0.01398634
0.011400441
0.0087912481
0.0072295601
0.0059831115
0.0067298884
0.0061719502
0.0059111787
0.0067136115
0.0071057359
0.0071503822
0.0072036133
0.0070875501
0.007508809
0.007591918
0.0090709011
0.0093616259
0.011016838
0.01251791
0.012095982
0.010631134
0.014803669
0.019369863
0.015994819
0.016125561
0.018589235
0.017941398
0.016405113
0.014178082
0.012063402
0.0099522369
0.01120691
0.0042974767
0.0018155685
0.0041877892
0.0081877867
0.0083752606
0.0069598537
0.010574782
0.011890007
0.0086948614
0.0057319879
0.0045513191
0.0028071953
0.0059954406
0.006392893
0.0056983234
0.00062489514
-0.0053678793
-0.0077450567
-0.012183008
-0.017814585
-0.021487972
-0.024579382
-0.030190665
-0.03998653
-0.044333225
-0.048353344
-0.054101243
-0.057292977
-0.061924953
-0.065401634
-0.07092152
-0.07479372
-0.072730579
-0.069789544
-0.065891492
-0.062311567
-0.060512017
-0.062184906
-0.065477179
-0.057955167
-0.051512606
-0.051674653
-0.044934688
-0.038826434
-0.03580816
-0.031541917
-0.027705171
-0.024384005
-0.022269959
-0.016889344
-0.010765979
-0.006521438
0.0001570692
0.0030004965
0.0068118244
0.010453487
0.015776599
0.02114289
0.019911492
0.020682396
0.025911524
0.028447655
0.029845976
0.029835142
0.026585474
0.024064327
0.022661462
0.019751682
0.017835661
0.016028878
0.013673268
0.012323633
0.011066429
0.0096718833
0.0083090391
0.0061293166
0.0049255565
0.0024691716
0.00043859885
3.2560866e-05
-0.0004548955
-5.486122e-05
0.00042152965
0.0012195373
0.0014544425
0.0018348788
0.0033430652
0.0048782755
0.0047969149
0.0053903633
0.005749026
0.0054769432
0.0044939866
0.0034710999
0.0023865077
0.0042119389
0.0035744431
0.0072804263
0.0092914881
0.010573598
0.011425574
0.0076376544
0.0061869974
0.0070495386
0.013439923
0.016958207
0.017258175
0.016884107
0.015374341
0.01807221
0.017183756
0.012980893
0.0095343651
0.0052277059
0.0022103223
0.0014568672
0.0025040452
0.0042184589
0.00571771
0.0059689134
0.0068140442
0.0061806869
0.0070439951
0.0080499343
0.0084816799
0.0089882292
0.0091238002
0.010585423
0.011690009
0.013719392
0.014457096
0.014788356
0.014650314
0.02190787
0.026233085
0.024508934
0.024392007
0.021132253
0.019152808
0.018789795
0.016858575
0.011617801
0.0095131536
0.010315808
0.0082242962
0.00736426
0.010055409
0.01167029
0.013595829
0.012753961
0.015779643
0.014898486
0.011812233
0.011947009
0.0091567868
0.0066601351
0.0056265189
0.0063915856
0.003570112
-0.0003059654
-0.0058986277
-0.012707707
-0.017508268
-0.022278417
-0.026499087
-0.032845304
-0.039487067
-0.049280119
-0.052964551
-0.05476125
-0.059179909
-0.064657493
-0.070775834
-0.074387129
-0.077051437
-0.078809716
-0.080508608
-0.077930701
-0.079344413
-0.077738771
-0.078336783
-0.077037604
-0.072900106
-0.067888687
-0.062775582
-0.059314512
-0.052075732
-0.046207666
-0.046024735
-0.040629683
-0.036747255
-0.028679974
-0.023405694
-0.015912986
-0.0085797523
-0.0019672686
0.0077518206
0.011543139
0.018839607
0.021479543
0.024078172
0.028615249
0.029295438
0.032130339
0.034056573
0.03409845
0.034719825
0.032028236
0.027654883
0.022982526
0.022851909
0.017443161
0.017439664
0.016047898
0.013825737
0.012302677
0.0081070764
0.0078046573
0.0063738553
0.0040320893
0.002730077
0.00024228206
-0.00027238746
-0.0005245761
-0.00016563006
0.00031106546
0.0027057076
0.0029590331
0.002752742
0.0030022838
0.0040819637
0.0046577388
0.0051180672
0.005485783
0.0065694693
0.0064954136
0.0064923047
0.005453592
0.0061204944
0.0062990948
0.0081824202
0.010968036
0.011796498
0.01045245
0.0098252781
0.0085781937
0.0077497926
0.011744936
0.013367762
0.015664201
0.017334127
0.017022165
0.015946381
0.01797622
0.016304161
0.012756812
0.0063450127
0.001616405
-0.00056858889
0.0010533118
0.0020953569
0.0041855129
0.0057905338
0.0059651004
0.0057580324
0.0059052675
0.006965506
0.0087076748
0.0098385815
0.0097254465
0.010359157
0.013205023
0.014731317
0.015785855
0.019077994
0.018577036
0.02175583
0.027078803
0.02998921
0.027485307
0.027524717
0.024515931
0.02662015
0.023413056
0.014885928
0.0069210595
0.0044147075
0.007994514
0.0098257318
0.014451908
0.017748916
0.022110943
0.02135694
0.022425986
0.019284441
0.016880138
0.015871224
0.012851864
0.010545253
0.0097519049
0.0058789432
0.0037354104
8.9074629e-05
-0.0020430456
-0.0059395643
-0.012291277
-0.01724431
-0.024720597
-0.031112602
-0.041500197
-0.051487563
-0.057977216
-0.062108781
-0.062095171
-0.056674881
-0.055627569
-0.061089158
-0.073066407
-0.076327354
-0.076310531
-0.074435252
-0.073570309
-0.075367933
-0.071942303
-0.071179925
-0.064114275
-0.058820448
-0.051308619
-0.055837306
-0.061187443
-0.056070866
-0.050287163
-0.047705057
-0.038145755
-0.032074699
-0.02830039
-0.02022434
-0.012169081
-0.0025839155
0.0053561304
0.012666993
0.018126298
0.024194501
0.029628224
0.032254175
0.032757971
0.033769289
0.036601959
0.036225071
0.034814867
0.033068141
0.030087477
0.025979419
0.024442595
0.020832989
0.01891913
0.01537256
0.012484551
0.0093889071
0.0077289362
0.0069927566
0.0070961785
0.00717301
0.0058509372
0.0033513378
0.0011359634
-0.00054680366
-0.0011901461
-1.4662988e-06
0.001615289
0.0027455803
0.0037063662
0.0037422521
0.0040500484
0.0037055342
0.0038757562
0.0051207057
0.0051535735
0.0057813187
0.0070973998
0.0080129003
0.0092790697
0.0086860108
0.012471452
0.016395803
0.011628916
0.010134171
0.0086831589
0.0089026279
0.0077697029
0.0097533003
0.014065735
0.016355683
0.018609743
0.018758256
0.020060077
0.018191649
0.019997254
0.018974301
0.01541192
0.010063227
0.0018494613
0.0025422315
0.0044221392
0.0070700225
0.0073761347
0.008412658
0.0081827632
0.0079767578
0.0073816344
0.0091301373
0.010502
0.012774103
0.013468856
0.01376038
0.017694321
0.019730685
0.020536251
0.020152482
0.019943701
0.022934807
0.027567649
0.028945382
0.027515132
0.02890598
0.027741603
0.027829138
0.023662159
0.015543693
0.0043377275
-0.0026794973
0.0028529292
0.0094130762
0.013820761
0.017328789
0.021327686
0.0233924
0.020187253
0.018380236
0.017942654
0.018235591
0.015952064
0.012864296
0.0085218128
0.0058019621
0.0019874577
-0.00058459046
-0.0066217493
-0.010264346
-0.013006991
-0.01946545
-0.028391696
-0.037697252
-0.050625618
-0.0603538
-0.065007496
-0.062739422
-0.057594808
-0.057852872
-0.058202679
-0.063541954
-0.064796414
-0.064841136
-0.059999659
-0.064269984
-0.068713267
-0.066963866
-0.064810997
-0.057569508
-0.048217732
-0.04514426
-0.044438298
-0.051963023
-0.055605931
-0.046622011
-0.041849885
-0.035291188
-0.036606381
-0.032480118
-0.021848771
-0.012961363
-0.0063170153
0.0028861103
0.011482719
0.019132284
0.024540075
0.026854323
0.028215835
0.033131483
0.035354248
0.032653385
0.034448033
0.031127958
0.029908674
0.027511776
0.025261061
0.024489778
0.021787003
0.018621529
0.016800898
0.01220657
0.011886074
0.0088853494
0.00733749
0.0066292981
0.0076866774
0.0076003283
0.0052650272
0.0033597835
0.0025247599
0.0007672285
0.00076594603
0.00085668861
0.0019434556
0.0030785843
0.0047177887
0.0046334206
0.0049744914
0.004966389
0.005764223
0.0046130234
0.0058515274
0.0051790224
0.0062041833
0.0087526601
0.012467431
0.013972158
0.019021183
0.017185039
0.011128333
0.0090297228
0.0088956674
0.0090657231
0.0087920491
0.011650267
0.013276364
0.020064226
0.024748132
0.024952259
0.022705189
0.019045083
0.020396733
0.020105501
0.017012478
0.011970081
0.0054198295
0.0076122739
0.0056529964
0.0072534797
0.0092004233
0.011187205
0.011181887
0.011354825
0.010078554
0.011417845
0.011705749
0.013480468
0.016392874
0.01627583
0.019438979
0.022985893
0.022466407
0.020548752
0.018434733
0.021648086
0.023605461
0.023554395
0.024672328
0.026526579
0.028637756
0.028471678
0.027636054
0.021289139
0.0058595526
-0.0020097998
0.0018936702
0.0076027413
0.011566629
0.014735382
0.018288022
0.020310062
0.021828767
0.02330684
0.023606012
0.022673149
0.023400331
0.023778261
0.020850792
0.016945425
0.012954018
0.0062725103
0.0020868378
-0.0071706143
-0.013186703
-0.020543474
-0.029691757
-0.039601394
-0.048700202
-0.052708513
-0.048341295
-0.047148624
-0.044266062
-0.044241241
-0.043298668
-0.048987195
-0.048962221
-0.047252661
-0.051926984
-0.048487638
-0.047427338
-0.050332531
-0.048263918
-0.042818708
-0.042048954
-0.048447817
-0.050858249
-0.050939736
-0.047481999
-0.043713137
-0.035093268
-0.031169689
-0.026695978
-0.02104503
-0.013068416
-0.0055963024
-0.00036484969
0.0077963529
0.010702941
0.017532507
0.020821499
0.023512964
0.026915897
0.0291723
0.026784901
0.028537131
0.026414639
0.024272814
0.022549943
0.021598328
0.020986414
0.020303131
0.019115124
0.015783117
0.013677505
0.011789807
0.010294648
0.0099840365
0.0087033505
0.0072634588
0.0077420935
0.0066908156
0.0067232161
0.0059274601
0.0055808775
0.0059707108
0.0067100762
0.0070304293
0.0059024243
0.0045436209
0.0045621989
0.0048479616
0.0044371278
0.0047757125
0.0054548665
0.005635397
0.0058793487
0.007938259
0.0080123391
0.0082437201
0.0094925019
0.014185279
0.01802537
0.010180682
0.004808277
0.006414259
0.0069410969
0.0085997225
0.0080458649
0.011852874
0.014965302
0.020213254
0.025858985
0.024502186
0.023963978
0.02179699
0.023273467
0.023072569
0.01465504
0.0079318415
0.00733162
0.0089940539
0.010608854
0.010507045
0.011196079
0.013583647
0.013613885
0.01486472
0.013073653
0.014496711
0.014792567
0.017010165
0.018352271
0.01872891
0.020634315
0.02253753
0.022033012
0.016718448
0.015331616
0.019012986
0.021160198
0.022479131
0.022554099
0.026316338
0.029543383
0.030871828
0.026813378
0.021984769
0.011545514
0.0027890892
0.0060194541
0.0089553683
0.011384733
0.012470776
0.015632385
0.018908731
0.02305093
0.026286986
0.028946116
0.028737923
0.030185508
0.028368033
0.027036438
0.02266231
0.018443621
0.012887582
0.006635358
9.5448182e-05
-0.0061078261
-0.014464447
-0.024292252
-0.034226521
-0.038205366
-0.039059435
-0.035886966
-0.040363648
-0.041459041
-0.040431894
-0.040273234
-0.042047847
-0.047872428
-0.041131924
-0.04387458
-0.042208646
-0.046759256
-0.045997167
-0.047326009
-0.048389697
-0.049569229
-0.04898083
-0.046038286
-0.044561178
-0.042383107
-0.037887421
-0.032084364
-0.027349885
-0.025249211
-0.019920718
-0.014393127
-0.0088036935
-0.0034037608
0.00065101706
0.002816238
0.006949311
0.0092253451
0.012128544
0.012565872
0.014612207
0.014767674
0.016484993
0.016230587
0.013840335
0.01491819
0.014013031
0.014608916
0.013691921
0.013710402
0.010839953
0.0095922886
0.007773739
0.0063717324
0.0054463315
0.005630268
0.0051475481
0.0048322298
0.0055664312
0.0060916629
0.0051591994
0.0047597856
0.0059851584
0.0075065847
0.0072294013
0.007175387
0.0073579703
0.006436104
0.0066988041
0.0070358387
0.007158129
0.0069042034
0.0062452627
0.0064683494
0.007582986
0.0069313168
0.0056311549
0.0046850585
0.0085003916
0.012902399
0.007839494
0.0027916365
0.0021746132
0.0054100812
0.0073194039
0.0087286045
0.012798817
0.012535879
0.015353226
0.020520322
0.018490727
0.017331986
0.017479424
0.01588534
0.012342479
0.010204199
0.0088272117
0.011303652
0.012780018
0.015228863
0.015152547
0.015131388
0.017094363
0.018069528
0.018172969
0.017430747
0.017569321
0.019282135
0.020478217
0.021500462
0.020468297
0.024798354
0.023773866
0.024444118
0.019815871
0.017094652
0.02165972
0.021003344
0.023895861
0.024455085
0.026768939
0.029989144
0.031286723
0.029800214
0.023672013
0.012898999
0.0054036918
0.0076546789
0.010243137
0.010638469
0.012378331
0.016304756
0.019320838
0.023705747
0.026255704
0.029717211
0.027854059
0.027450237
0.026526523
0.022952251
0.0202118
0.017353468
0.011713127
0.0087992806
0.0046147846
-0.0044722902
-0.011555473
-0.023088632
-0.03122913
-0.035218618
-0.030803585
-0.034805356
-0.03892576
-0.03604181
-0.039638776
-0.037774712
-0.040388028
-0.042383567
-0.033897379
-0.034776219
-0.038623332
-0.042653204
-0.044355008
-0.046878625
-0.044120341
-0.044086515
-0.043007677
-0.041820283
-0.042041031
-0.042363793
-0.039036403
-0.034071751
-0.0307909
-0.028435704
-0.025775039
-0.020882892
-0.016139511
-0.015115805
-0.014971036
-0.0084518463
-0.0078625892
-0.0043380995
-0.0012421575
0.00032926266
0.0047626715
0.0062857491
0.0054127796
0.0049481197
0.0056941987
0.0063131958
0.0075838748
0.008716954
0.007851659
0.0061127866
0.0048600372
0.0030182882
0.0026211707
0.0019175189
0.0014137719
0.0015714005
0.00094446829
0.00083870384
0.0015124955
0.00083392761
0.00065821608
0.0012097748
0.0025047815
0.0021888877
0.0016551257
0.0024533737
0.0030604144
0.0038171464
0.0028182125
0.0021049005
0.0021492863
0.001853072
0.0027873728
0.0036632401
0.0025174504
0.0019845918
0.00027719642
0.00027373897
0.0021660614
0.0046149339
0.003630189
-7.4551353e-05
-0.0029246387
-0.0003475659
0.0013239847
0.0075674033
0.0095142088
0.0077565807
0.008653807
0.010436137
0.0096995876
0.007997332
0.0097177005
0.0074743317
0.0059502211
0.0058001012
0.0060719625
0.0089448992
0.012752603
0.013684902
0.013019461
0.016317087
0.017952364
0.021260589
0.022086481
0.023451333
0.022608969
0.023700842
0.027266231
0.028178872
0.027031939
0.026611318
0.026880252
0.026502865
0.023312638
0.020099263
0.022551481
0.023648979
0.025374119
0.024286542
0.028103281
0.027908259
0.028586411
0.029196496
0.02343682
0.014392444
0.0071255455
0.0067237068
0.0080167151
0.0074900941
0.0072707965
0.01053472
0.013753111
0.015030554
0.017980563
0.022076485
0.023065833
0.02140444
0.020012176
0.016681633
0.014066648
0.0099919139
0.0059269373
0.0025787258
-0.0010405387
-0.0066990281
-0.015939005
-0.025497867
-0.031818192
-0.032853406
-0.035089041
-0.037583072
-0.036294271
-0.03736315
-0.042167451
-0.042014831
-0.042768797
-0.038333337
-0.034371531
-0.035584736
-0.037902771
-0.038662822
-0.038853042
-0.037858213
-0.038203389
-0.036711245
-0.035036199
-0.032326677
-0.033128251
-0.03384364
-0.031691676
-0.029402241
-0.030768844
-0.030584205
-0.027199568
-0.022425785
-0.019709318
-0.019787765
-0.015412153
-0.012910204
-0.010235385
-0.0072620142
-0.0069581353
-0.00494489
-0.0016675813
-0.00024984511
-0.0022158125
-0.0008529921
-0.0016419653
-0.0027268302
-0.0016322727
-0.0007450446
-0.0029058057
-0.0037853909
-0.004922227
-0.0080188489
-0.008138583
-0.0079190645
-0.0075626864
-0.0068526239
-0.0078666168
-0.0082073686
-0.0083558712
-0.0078454407
-0.0078398957
-0.0080599809
-0.0052245684
-0.0044040994
-0.0064082925
-0.0051886515
-0.0046215642
-0.0059356683
-0.0038082992
-0.0028141902
-0.0045058267
-0.0061696692
-0.0061575884
-0.0056732652
-0.0055012369
-0.005334342
-0.0037504243
-0.0025012581
-0.0012728202
-0.0017792425
-0.0049445085
-0.0030802943
-0.0027389488
-0.0027805723
-0.0010516288
0.0014196004
0.0060047859
0.0051012432
0.0036480465
0.0038163114
0.0041067635
0.0034990569
0.0039863277
0.0024167089
0.0026565012
0.0028126645
0.00427423
0.0062549795
0.0066548496
0.0086786635
0.010330279
0.012335157
0.015098467
0.016895776
0.020754644
0.023166744
0.024096267
0.023305943
0.023486959
0.025625889
0.025674499
0.022888901
0.023721243
0.021227298
0.020668567
0.020858678
0.020674409
0.022020148
0.020285967
0.01931936
0.021115722
0.020575677
0.019530902
0.019144178
0.018529087
0.015223045
0.011673366
0.010932675
0.009117418
0.007067897
0.0054458722
0.0052792272
0.0061892984
0.0077475636
0.0099454836
0.011722102
0.012308804
0.011947994
0.012194208
0.010296827
0.0076348333
0.0027591543
-0.0019500503
-0.0025316781
-0.006023021
-0.011694894
-0.018802781
-0.027081871
-0.032875368
-0.03615837
-0.03975915
-0.037879518
-0.036602278
-0.037286458
-0.039017203
-0.040145614
-0.035579561
-0.035310482
-0.033445986
-0.032296136
-0.03333513
-0.032474456
-0.03180135
-0.029614585
-0.029640995
-0.030111542
-0.028323146
-0.026023818
-0.02424358
-0.022934799
-0.020929902
-0.018563127
-0.017411717
-0.014585312
-0.014007706
-0.013027429
-0.010195285
-0.0083961798
-0.0051137029
-0.0029472896
-0.00082902841
0.0014975455
0.0025860424
0.0031130658
0.0028643029
0.0025265803
-0.0004564297
-0.0037431812
-0.0051532944
-0.0074316102
-0.0061321033
-0.0083211338
-0.0093973819
-0.01318426
-0.013210226
-0.012291425
-0.013931335
-0.017134875
-0.017080914
-0.015115976
-0.014878428
-0.012643114
-0.012541744
-0.01095591
-0.011348877
-0.010675323
-0.010510315
-0.0086723393
-0.010249969
-0.0077832927
-0.0058813946
-0.0053205796
-0.0059566015
-0.0044929641
-0.0032586979
-0.0054717696
-0.0059724541
-0.0056834693
-0.0055377343
-0.0040484726
-0.0023574527
-0.0022758259
-0.0019666287
-0.0027552321
-0.007785561
-0.009360872
-0.0037333161
-0.002412592
-0.0002679617
0.0025240537
0.0036732578
0.0029489874
0.0030582597
0.0040406078
0.003756302
0.0019752622
0.0018738571
0.001688443
0.0013432636
0.0020970901
0.0026969613
0.0033769777
0.0042210754
0.0062241392
0.0089493176
0.0115611
0.01426778
0.016526283
0.019103108
0.020414407
0.021665667
0.020605014
0.019831556
0.021107552
0.02096988
0.019368939
0.017754682
0.019220172
0.019201797
0.019842439
0.01998055
0.020630731
0.018634842
0.016189296
0.013958217
0.013027803
0.013476387
0.01287126
0.012589823
0.011685291
0.013399776
0.015574738
0.012250451
0.009432162
0.0054090498
0.0045299165
0.0036858492
0.0038905636
0.0056422051
0.0060665591
0.0060860254
0.0051782708
0.0054707006
0.0032332149
0.00067712681
-0.0028382364
-0.0055706285
-0.0069728978
-0.010386622
-0.016588746
-0.021758307
-0.027196826
-0.031944909
-0.036069887
-0.034876208
-0.030387755
-0.030033463
-0.031371853
-0.032483018
-0.03414148
-0.030652175
-0.027990431
-0.026839525
-0.026722344
-0.027786712
-0.026020179
-0.026299897
-0.022495719
-0.021045524
-0.020300126
-0.021334114
-0.020613178
-0.017533553
-0.016524818
-0.012940918
-0.0085708302
-0.008779607
-0.0057921999
-0.0031943562
-0.0027550356
0.00010030148
0.0018413827
0.0058919251
0.0066839418
0.0070441222
0.0076382987
0.0079143581
0.0048696675
0.0040990559
0.0029505587
-0.00018081732
-0.0028906807
-0.0063993092
-0.0091641512
-0.0092508939
-0.011551476
-0.012909738
-0.013194899
-0.014523985
-0.014801097
-0.016004675
-0.017470069
-0.016797981
-0.015761451
-0.014591797
-0.012358833
-0.010307812
-0.0083050316
-0.0072627998
-0.0087572747
-0.0099339252
-0.011132258
-0.011749986
-0.009587609
-0.0050409973
-0.0021182639
-0.0015940736
-0.00041603417
0.00015459847
-0.0023450976
-0.0030318671
-0.0030449197
-0.00357099
-0.0046791621
-0.0035145511
-0.0036552238
-0.0064522242
-0.0052982622
-0.0052903551
-0.0050306174
-0.0045320019
-0.0027065789
-0.0013107303
-0.00014632662
-0.0002533743
-0.000319798
-0.00019055296
-0.00019856374
0.00060185732
-0.00030533713
-0.0010848437
-0.0018998891
-0.0019243433
-0.0030304276
-0.0025858631
-0.0024443921
-8.5315756e-05
0.0022626775
0.0039298103
0.0070478267
0.011908847
0.014886197
0.017488843
0.017554644
0.019571147
0.019958367
0.017988195
0.019096852
0.018490299
0.018493641
0.01796813
0.01756867
0.015545926
0.016029197
0.016600391
0.015595451
0.016354652
0.014587075
0.013799469
0.00997375
0.0084256836
0.0080011989
0.0099030024
0.0084816676
0.010470856
0.016430583
0.01246828
0.0093009881
0.0081912248
0.0067725673
0.005468082
0.0050860956
0.0049332566
0.0050794255
0.0050549393
0.0042258945
0.0032715458
0.0018158848
-0.0012291939
-0.0020923318
-0.0029706149
-0.0059914724
-0.0091956998
-0.013754338
-0.018029649
-0.020290714
-0.024370132
-0.026533926
-0.026399189
-0.021794761
-0.023322084
-0.022172196
-0.023282781
-0.023272162
-0.020664106
-0.020399574
-0.020112635
-0.020990043
-0.020898469
-0.017956752
-0.016116262
-0.014241384
-0.011381599
-0.00984901
-0.011269042
-0.010530144
-0.0085273494
-0.0059271972
-0.0043227897
-0.0014290042
-0.00026427492
0.0024520716
0.0044275912
0.0051798014
0.0079671787
0.0099699537
0.011333343
0.011998603
0.012060859
0.010329656
0.0088718861
0.0068947053
0.0049483438
0.0014011927
-0.0016127374
-0.0027275397
-0.0058154153
-0.0083371359
-0.0089326528
-0.011043925
-0.013986382
-0.016117187
-0.016685185
-0.017836496
-0.019648291
-0.020244536
-0.01852099
-0.01761876
-0.015847621
-0.013840571
-0.011933763
-0.011167043
-0.0096636089
-0.010680562
-0.010567704
-0.010439484
-0.0094851167
-0.0066485562
-0.0033569407
-0.00097528811
0.00017506999
0.0022934941
0.0017403231
-0.00049512876
-0.0016823663
-0.001606737
-0.0023665752
-0.0023353888
-0.0013018937
-0.0034254458
-0.0040612113
-0.0047329662
-0.0048725335
-0.0052066259
-0.0046051243
-0.0041994982
-0.002936166
-0.0023889158
-0.0029888495
-0.0033154411
-0.0038184861
-0.0041586013
-0.0034540622
-0.0028431915
-0.0045172993
-0.0062783489
-0.0076227304
-0.0086283166
-0.0088104914
-0.0088691969
-0.0078223802
-0.006135253
-0.0038723339
-0.00088486841
0.0036276114
0.0080548244
0.011122123
0.013528685
0.016922302
0.017608823
0.018788818
0.018676249
0.018128027
0.017836039
0.017728333
0.015980778
0.01489102
0.013018619
0.01140281
0.0096459869
0.010902348
0.010417291
0.0094196541
0.0084385772
0.0070277135
0.0065116336
0.0079657432
0.0078988922
0.0094826044
0.012378393
0.011416472
0.012714449
0.0095865339
0.0099028971
0.0079165052
0.007520405
0.0052432762
0.0050983547
0.0047354427
0.0048710349
0.0037338763
0.0028628638
0.00066883718
0.0016814086
0.001014029
-0.0021882825
-0.0048007442
-0.0071846785
-0.010063372
-0.012106951
-0.014733158
-0.017146271
-0.017652712
-0.01534204
-0.013631887
-0.015267278
-0.012835384
-0.012756964
-0.012481777
-0.012568544
-0.013392922
-0.013404435
-0.011856395
-0.010019556
-0.008224578
-0.0067372646
-0.0046152171
-0.0020315042
-0.0023211903
-0.00098695561
2.9789263e-05
0.0013573615
0.0029981583
0.0053134476
0.0063727703
0.0084126349
0.010572764
0.011717688
0.012935075
0.013582793
0.013646963
0.012859127
0.012025907
0.010067753
0.0084949005
0.0064645869
0.0043670081
0.0022100314
-0.00053196033
-0.0020828256
-0.00444402
-0.0075834955
-0.0098162753
-0.011791191
-0.014060501
-0.017313395
-0.018346693
-0.020550098
-0.022257127
-0.022092065
-0.02086257
-0.019853261
-0.01870017
-0.016727228
-0.014190171
-0.011234131
-0.011147921
-0.010839661
-0.010412531
-0.010192467
-0.0096535153
-0.006308508
-0.0042177895
-0.0020661189
-0.00058047755
0.00078346599
0.0013486029
0.00037684987
-0.00089064001
-0.0025839748
-0.0032105418
-0.0053479756
-0.0041472997
-0.0041386055
-0.0036371437
-0.0043295207
-0.0033990409
-0.0041705306
-0.004360014
-0.0043222872
-0.005055868
-0.004521432
-0.0038999439
-0.0051349071
-0.0050047632
-0.0046104175
-0.0044041947
-0.0046359241
-0.0046299588
-0.0061027201
-0.0077711599
-0.0097314217
-0.011454828
-0.013300792
-0.014094718
-0.013489656
-0.011792815
-0.0093879229
-0.0066393233
-0.0029155672
0.0012216749
0.0066295583
0.010945448
0.013978491
0.016222663
0.017019289
0.018358266
0.015061103
0.014081058
0.01376523
0.014634667
0.012198466
0.0096757938
0.0087722467
0.0083647275
0.0082541769
0.008636073
0.0075894807
0.0075729027
0.0068363256
0.0078380809
0.0083817155
0.0076082492
0.0093696846
0.011838652
0.013016209
0.013538665
0.012313638
0.011164545
0.010229652
0.0088319864
0.0075917326
0.0070650166
0.0072633773
0.0069606766
0.0061769526
0.0061368528
0.0080153574
0.0083421485
0.0062297911
0.0024578994
0.0010249343
-0.0021802806
-0.0040080261
-0.0060682002
-0.0082579529
-0.0080049865
-0.0071539788
-0.005989616
-0.0069015324
-0.0039449756
-0.0029132504
-0.0054467683
-0.0064912979
-0.0074174858
-0.0077135471
-0.0053524511
-0.0048447924
-0.0045956725
-0.0018609626
-0.0011915442
0.00046027943
0.0015799806
0.0029296945
0.0045182233
0.0057197201
0.0068641863
0.0085631266
0.0092040108
0.0097014002
0.010481059
0.011253381
0.011606543
0.012633534
0.012391296
0.011158543
0.010174338
0.0082268082
0.0071321784
0.0061739655
0.004015737
0.0016511228
-0.0007180423
-0.0024008837
-0.0036081668
-0.0068081759
-0.0096579432
-0.011394787
-0.012959127
-0.014052179
-0.016988851
-0.01785502
-0.019113451
-0.020332199
-0.020048441
-0.018282384
-0.017275602
-0.016375577
-0.014090974
-0.011291855
-0.010941609
-0.01064948
-0.011191684
-0.012117924
-0.011852323
-0.0094894148
-0.0067991315
-0.0040291975
-0.0029800972
-0.001506245
-0.0007867621
-0.00094475207
-0.0021787287
-0.0043020961
-0.0050012626
-0.0065796546
-0.0055814359
-0.0044275867
-0.0037393464
-0.0028861468
-0.0026771552
-0.0020728285
-0.001367836
-0.0032906932
-0.003347713
-0.0043978217
-0.0046761745
-0.0041072384
-0.0046869641
-0.0049200519
-0.0045992516
-0.0044259521
-0.0048231805
-0.0066397584
-0.0080545309
-0.0093105827
-0.010686012
-0.01247588
-0.014175047
-0.015071094
-0.015195359
-0.014741726
-0.013497119
-0.010757984
-0.0078753088
-0.0042095205
0.0011469535
0.0062702358
0.0095820214
0.011198686
0.013660631
0.0087766966
0.0094433139
0.0099352006
0.010387499
0.010163278
0.0097483271
0.0087887599
0.0093047313
0.0079761618
0.007808794
0.0081369316
0.0074485918
0.0086198144
0.009308129
0.010174987
0.0091245406
0.011334883
0.015242388
0.01584508
0.016976886
0.017454679
0.01806812
0.015811494
0.014112549
0.013055171
0.011579893
0.011238931
0.010640195
0.0099468933
0.011386643
0.013205451
0.014540252
0.013698072
0.012162991
0.010176719
0.0065067365
0.0040520779
0.001263093
0.001238687
0.0009729337
0.00099854904
0.0013203223
0.0023704251
0.0021335456
0.0021645523
0.00043775448
-0.0015916921
-0.0027380226
-0.0037599163
-0.0019611868
-0.0013711269
-0.0019582642
-0.0014314193
-0.00036283258
0.00075594594
0.00098827289
0.0022679809
0.0041414973
0.0050305585
0.0063578057
0.0070959026
0.0072297651
0.0088283007
0.0097838239
0.0098768809
0.0094898509
0.0098432667
0.0099375017
0.0095155939
0.0078457634
0.0071866527
0.0061328525
0.005422194
0.0043312548
0.0029476644
0.00086424551
-0.0002340935
-0.0019574814
-0.0047976799
-0.0064344911
-0.0098395539
-0.011307763
-0.011669484
-0.012820994
-0.012639035
-0.013173681
-0.014505777
-0.013698444
-0.013733223
-0.014157753
-0.012899616
-0.010688603
-0.010215027
-0.0089612792
-0.0085430287
-0.0082113732
-0.0088351922
-0.0093696177
-0.0086197542
-0.0073708333
-0.0060423075
-0.0037934058
-7.552201e-06
-0.0014788481
-0.0010916958
-0.00043485587
-0.0028096972
-0.0040849776
-0.0052560257
-0.0033878688
-0.0028539933
-0.0034601317
-0.0030289609
-0.0022286432
-0.0016877144
-0.0019396674
-0.0021584052
-0.0021922329
-0.0029494726
-0.0039686798
-0.0038130931
-0.0039389203
-0.0044320523
-0.0045185163
-0.0040860327
-0.0040311039
-0.0056817195
-0.0074773507
-0.0082272547
-0.0088433375
-0.0094342165
-0.010990562
-0.01211807
-0.012824757
-0.013692928
-0.013507853
-0.012824757
-0.012002518
-0.0092990954
-0.004737101
-0.0014907808
0.00061079679
0.0036156484
0.0072609292
