0.0050726814
0.0045796187
0.0041204164
0.0038934585
0.0037722297
0.0035675399
0.0064241784
0.010983218
0.013557108
0.013416305
0.013506883
0.014146605
0.012595599
0.008211644
0.005460618
0.0037846551
0.0043996246
0.0048416021
0.0070093609
0.011210896
0.01325406
0.011823459
0.0079612502
0.0088586343
0.0084618433
0.0074010754
0.005494621
0.0019283454
0.00069641524
0.0029304061
0.0024417369
0.0011277788
-0.00017650035
-0.0012250323
-0.0023239217
-0.0034153176
-0.0023500661
-0.0037962489
-0.0066712485
-0.0078518934
-0.0081253119
-0.0096343077
-0.012146522
-0.013059614
-0.015696957
-0.018783873
-0.019597639
-0.020337642
-0.021370225
-0.022674506
-0.022328252
-0.024414798
-0.02667272
-0.027152234
-0.026016846
-0.025265571
-0.022383673
-0.018202191
-0.013765514
-0.01229973
-0.013716732
-0.014006947
-0.013510202
-0.014750619
-0.015640554
-0.017407123
-0.019168388
-0.02069418
-0.020884427
-0.020486206
-0.019202359
-0.018033945
-0.01630943
-0.012474832
-0.010120239
-0.0082352372
-0.0058232183
-0.0021962485
0.0030677372
0.0058016353
0.0075689531
0.0078132905
0.0069501242
0.0050971988
0.0067779624
0.0077529678
0.0047860432
0.0036697919
0.0014189729
0.0035189861
0.0058805676
0.007386135
0.0078997947
0.0091494333
0.0079003501
0.0065011761
0.004651416
0.0038509452
0.0014038992
0.00054130136
0.00010939415
0.00033873431
-0.0003264512
-0.00087963151
-0.00061410708
0.00014519204
0.0005791208
0.00070282455
0.00031240956
-0.00037197381
0.00015717077
-0.0006058702
-0.00083707524
0.00031844357
0.00097184046
0.00015317716
0.0010041433
-0.00061012106
0.0012498683
0.0053356167
0.0072549505
0.0082154897
0.0082711832
0.01091568
0.010957858
0.0086271273
0.0098921787
0.012782209
0.014012142
0.014066708
0.013931022
0.012765229
0.010984348
0.0085046353
0.0062911016
0.0056401303
0.0047521565
0.0040317927
0.0039997542
0.0036551643
0.0038807825
0.0038360243
0.0042487831
0.004659688
0.0056539703
0.0060131155
0.0058157036
0.0057462613
0.0048184718
0.0053618403
0.0096902372
0.011113538
0.011034713
0.012450451
0.011410253
0.010746809
0.0094371013
0.008385412
0.0023754477
0.00062828093
0.0013839073
0.00052659079
0.0038193662
0.0079077677
0.0086950213
0.0073005989
0.0035620611
0.0036681824
0.0074461464
0.0059508708
0.0022575552
-0.0010146846
5.4969489e-05
0.0018097405
0.00083526876
-0.0028414816
-0.0047077075
-0.0065077863
-0.0090909964
-0.0088889012
-0.0087118592
-0.010413014
-0.014305791
-0.017560082
-0.020061598
-0.023051116
-0.025556994
-0.027151046
-0.030455497
-0.032400291
-0.032367282
-0.034496496
-0.034234677
-0.032240981
-0.030691109
-0.031540459
-0.033165244
-0.033514529
-0.030866816
-0.030407539
-0.025924379
-0.021134027
-0.016596652
-0.015155568
-0.013661733
-0.012636797
-0.012378814
-0.012452374
-0.01173404
-0.013600709
-0.012970439
-0.012974235
-0.013313035
-0.011822971
-0.0099197471
-0.0061233763
-0.0024570818
0.00044877811
0.0017183572
0.0027941222
0.0055880409
0.010711437
0.014797718
0.017315625
0.016639263
0.015844132
0.013575917
0.012676168
0.010917286
0.0085208787
0.0067999396
0.0049405155
0.0050797338
0.0068914393
0.0096322346
0.010788377
0.0096307464
0.0079908403
0.0055452419
0.0043400555
0.0030771053
0.0018686285
0.00055177858
0.0012853943
0.00037479721
0.00010116812
0.00051014212
0.00098702815
0.00079590849
0.0018797808
0.0017570874
0.001737758
0.00084074126
0.00012258234
-2.2134763e-05
-0.00014121282
-0.00016982813
0.00094923891
0.0019129443
0.0019013243
-4.2477916e-05
0.0023311021
0.0073056237
0.010836542
0.0096950683
0.013215747
0.014287986
0.0134875
0.01450621
0.013786445
0.015618451
0.016770866
0.016346958
0.014265254
0.01212785
0.0086976809
0.0089248441
0.006977969
0.006416553
0.0057107766
0.0052183061
0.0048954178
0.0050634258
0.0054095678
0.0054989413
0.0052953236
0.0050207453
0.0053449631
0.0075421046
0.0073512678
0.0083060627
0.0086967248
0.008062213
0.0071934369
0.0097617068
0.011020998
0.0099492171
0.011175295
0.011543462
0.0092884763
0.006627761
0.0064284301
0.0063829081
0.0051883039
0.0032399288
-0.001301591
-0.0013213218
0.0029646507
0.0076369544
0.0043630058
0.0013245215
0.0026165139
0.0054503588
0.0023007711
-0.0028755772
-0.0056948718
-0.0048287657
-0.0015285938
-0.0027303289
-0.0061280632
-0.010174348
-0.014625642
-0.016812736
-0.018321637
-0.020772698
-0.025057527
-0.028243742
-0.032334615
-0.035360542
-0.039808897
-0.042211466
-0.044540176
-0.045662737
-0.047425412
-0.048499789
-0.050139556
-0.050454382
-0.046956057
-0.043613042
-0.041197995
-0.038011037
-0.038435656
-0.038501458
-0.037601667
-0.031353365
-0.024137186
-0.022819428
-0.019986329
-0.016699954
-0.014361355
-0.011257742
-0.01292442
-0.0093626289
-0.0092780689
-0.0051623357
-0.0029033159
-0.001789096
0.0020524524
0.0033515966
0.0064993237
0.01163318
0.015045214
0.017963688
0.017015189
0.017033628
0.021175121
0.024886511
0.024983219
0.022192582
0.02109562
0.017658676
0.016316253
0.011893869
0.010385046
0.0092889586
0.0077788653
0.0075015744
0.0091414894
0.010206484
0.009715354
0.0077747379
0.0052891289
0.0032589448
0.0011517789
5.7675112e-05
-0.00052261182
0.00030956662
0.00058947477
0.0010963678
0.0017689555
0.003130703
0.0034303388
0.0032546103
0.0041287661
0.0043154052
0.0040842447
0.0036711028
0.002587354
0.00205665
0.0015266948
0.003108594
0.0018587321
0.00039392189
0.0030604128
0.0076570086
0.0093071988
0.010811582
0.011529352
0.0070692644
0.013838326
0.014816675
0.017370688
0.015394868
0.017847754
0.017986548
0.016210089
0.012918311
0.011612356
0.0088887146
0.0065563151
0.0050280254
0.0046333234
0.0055670247
0.0051865782
0.0050934011
0.0059765109
0.0062304145
0.0064705321
0.0064153364
0.0064206
0.0066334675
0.0068430653
0.0082690964
0.0086623485
0.010326804
0.011299625
0.010141995
0.0088655762
0.013352755
0.015575714
0.011332917
0.01130176
0.01303565
0.012146472
0.010024133
0.0077501067
0.0053823631
0.0042480164
0.0052948867
-0.0014861211
-0.0013482242
0.0010934281
0.003517464
0.0019139162
0.00010165389
0.0029400042
0.0033789879
-0.00062065375
-0.0036617941
-0.0058483776
-0.007297078
-0.0048729968
-0.0061811505
-0.0082345599
-0.013812214
-0.019776861
-0.022957756
-0.027975683
-0.033116819
-0.036341361
-0.038607391
-0.043263508
-0.051592504
-0.052955711
-0.055938989
-0.059682047
-0.061062182
-0.063573955
-0.064657117
-0.067334315
-0.067502313
-0.062716343
-0.058005134
-0.052892325
-0.049706839
-0.047870121
-0.049067657
-0.050540345
-0.042494695
-0.037246237
-0.035221999
-0.026947559
-0.022253284
-0.019550355
-0.01469149
-0.011093035
-0.0079386909
-0.0054804274
0.0011496866
0.0063551487
0.010857141
0.016782439
0.017715627
0.02107661
0.023952473
0.026847325
0.028379751
0.025843152
0.027079682
0.031427618
0.03190322
0.031257298
0.029119161
0.024687402
0.021423196
0.019058431
0.015298586
0.01368249
0.011498843
0.0098308649
0.0089119278
0.0083041958
0.0070404926
0.0056319811
0.0040374958
0.0030258448
0.0010807298
0.00024128071
0.0006358937
0.00065364283
0.0016555436
0.0023685616
0.0028714546
0.002915117
0.0036298019
0.0053254916
0.0064568306
0.0061279798
0.0065383222
0.0067958774
0.0062796707
0.005302776
0.004281808
0.0039475204
0.0061444324
0.0057752909
0.0089800587
0.0097699355
0.010377793
0.010006109
0.0053792605
0.0047738437
0.0071703076
0.014130891
0.016976944
0.015968041
0.0147981
0.013757212
0.015797082
0.013465307
0.0084563076
0.0046224046
0.00087761392
-0.00079530121
-7.2365232e-05
0.0016426986
0.0038327223
0.0050215093
0.0051458254
0.0058023872
0.0051855242
0.0064770446
0.0072678055
0.0076678417
0.0080645739
0.0081543767
0.0099946305
0.011369815
0.01280325
0.013249714
0.012987899
0.012863669
0.019624041
0.020912246
0.018608021
0.01772648
0.013695284
0.011675066
0.010857969
0.0078693831
0.0034976257
0.0029618187
0.0048790359
0.0035523412
0.0037534227
0.0052895211
0.0057245571
0.0061869163
0.004900294
0.0068912915
0.0047741328
0.0015561924
0.00024955276
-0.0044076273
-0.008015118
-0.0099234865
-0.0099319657
-0.014218804
-0.019141701
-0.025593265
-0.032231547
-0.037720373
-0.042446592
-0.046353365
-0.051064792
-0.056775925
-0.064144643
-0.064699977
-0.065073128
-0.067515893
-0.071571852
-0.074525102
-0.075498297
-0.075208729
-0.074675789
-0.072718103
-0.068572456
-0.068065589
-0.065072942
-0.065240187
-0.062370758
-0.057819755
-0.052380373
-0.046394226
-0.042195661
-0.033386738
-0.028908045
-0.028355575
-0.021608101
-0.016881291
-0.0079793133
-0.0025802556
0.0047377724
0.010916622
0.017531306
0.025303965
0.02782843
0.033719897
0.033693704
0.034445666
0.03569318
0.034362631
0.035916085
0.034527058
0.033018618
0.031531021
0.02857271
0.023422563
0.019143741
0.018664196
0.01305432
0.013831387
0.0113842
0.010265621
0.0087024941
0.0050756559
0.0056106001
0.0044681397
0.0025046321
0.0015415124
-0.00029845921
-0.00012251363
0.00021597889
0.00098790905
0.0018376873
0.0042674591
0.0039301662
0.0036859261
0.0041211321
0.0052839977
0.0056758606
0.0058169887
0.006424108
0.0073255465
0.0068808828
0.0067058193
0.0056004135
0.0068611166
0.00755005
0.0099910604
0.010705947
0.010312943
0.0083529815
0.0078165011
0.0065174031
0.006899943
0.011448241
0.012840877
0.014877622
0.015582687
0.014293215
0.013324745
0.014568855
0.011808478
0.0068837843
0.00042964837
-0.0028656002
-0.003218905
-0.00045269137
0.00085758609
0.0033870444
0.0048550239
0.0047410764
0.0045000353
0.004963484
0.0062899676
0.0083047214
0.0089872445
0.0090102482
0.0096463746
0.012271189
0.013991399
0.015367686
0.018041516
0.016623205
0.019377173
0.023985724
0.025098635
0.02263083
0.02194574
0.017553836
0.018468054
0.012536189
0.0035206567
-0.0022166276
-0.0010212904
0.0050962388
0.0079056865
0.011775514
0.014274644
0.01590133
0.013854403
0.012629237
0.0090070734
0.0062658953
0.0040741294
9.3614612e-05
-0.003245912
-0.0060289426
-0.011045761
-0.013525041
-0.017702007
-0.020446445
-0.026505726
-0.032119121
-0.037679949
-0.045648486
-0.052256763
-0.061690592
-0.068798783
-0.071522566
-0.071760535
-0.068966305
-0.062514872
-0.0621614
-0.067677621
-0.076198791
-0.07512206
-0.072852148
-0.068975565
-0.066282116
-0.06642227
-0.062107712
-0.059687116
-0.053766648
-0.048447858
-0.042333556
-0.047043136
-0.049100385
-0.040384233
-0.034753836
-0.031526124
-0.020223449
-0.013988467
-0.0089093705
-0.0012167467
0.0057205695
0.01470356
0.021785521
0.02786165
0.032134943
0.036574903
0.03923048
0.038781504
0.03714842
0.036722985
0.036619747
0.033868063
0.030828927
0.027689302
0.024066179
0.020572447
0.019319427
0.015484363
0.013778885
0.010611721
0.0081716141
0.0059642317
0.0052783203
0.0051393946
0.0055806061
0.0055407975
0.0040460095
0.0015629517
-9.5414953e-05
-0.0013898759
-0.0010686446
0.0007219772
0.0025635109
0.0035843659
0.0043506903
0.0041807807
0.0045651939
0.0040685606
0.0046851821
0.0058661326
0.0057466354
0.006511929
0.0077485365
0.0085867794
0.0098557046
0.0095260503
0.014165538
0.015364622
0.009245281
0.0085285415
0.0074077413
0.0080754304
0.0072507215
0.010427029
0.014182335
0.015943636
0.01757843
0.017008442
0.017583329
0.014545441
0.016236029
0.013308786
0.0094760302
0.0037480859
-0.0021340064
0.00068250183
0.0032984019
0.0058358428
0.0055678092
0.0066947435
0.0062521188
0.0060291307
0.0058561949
0.0082242021
0.010088247
0.012412022
0.012519582
0.012412427
0.016797967
0.018548557
0.019151731
0.017877453
0.01766057
0.020276113
0.024646697
0.025649827
0.023978067
0.024483689
0.021405284
0.019067789
0.012036793
0.0034439885
-0.0057758854
-0.0075291419
0.0026075952
0.0095931684
0.01307943
0.015312767
0.017433676
0.016957427
0.012521922
0.011056173
0.0099055202
0.0088525589
0.0046948841
-0.00037454901
-0.0056993595
-0.0092989473
-0.013770677
-0.017590626
-0.024805659
-0.028695576
-0.031836712
-0.038997056
-0.048232617
-0.056548584
-0.067353666
-0.072562396
-0.072928004
-0.066910014
-0.061556606
-0.062259553
-0.062028516
-0.065401615
-0.065166618
-0.063713548
-0.058877375
-0.061935101
-0.063599659
-0.061231648
-0.057495127
-0.048989384
-0.040630925
-0.03926452
-0.039975825
-0.04644477
-0.04490582
-0.033341132
-0.028305061
-0.0211902
-0.023084344
-0.016627891
-0.0049284782
0.0042036263
0.0095880052
0.018336373
0.025483591
0.031538629
0.034512821
0.035100851
0.03462644
0.037689766
0.036923067
0.032936243
0.032426034
0.027539061
0.025685616
0.022578399
0.02085122
0.019637952
0.017044157
0.014022699
0.012194618
0.0083791928
0.0085415678
0.0059178617
0.0055107604
0.0052609986
0.0067556509
0.0060448852
0.0037655194
0.0023735673
0.0016919827
0.00022781893
0.00070200986
0.0013403435
0.0031247756
0.0044710213
0.0061300063
0.0057745076
0.0060869031
0.0059709415
0.0066739188
0.0054542062
0.0071511429
0.0062137457
0.0078781585
0.010658797
0.014364214
0.015551582
0.020372037
0.015225634
0.009891073
0.007972617
0.0083587336
0.0087101141
0.0099473209
0.013031751
0.014989616
0.021262717
0.023696048
0.022815088
0.019227013
0.015165425
0.016780817
0.014739253
0.011011036
0.0068528508
0.0025765895
0.0055485899
0.0037171822
0.0065408222
0.0081109125
0.0098776603
0.009343169
0.0093852773
0.0084319837
0.010498476
0.01106414
0.013654977
0.016080509
0.015555985
0.019133436
0.022168594
0.020284858
0.018356955
0.016293272
0.02026111
0.021539756
0.021842677
0.022716677
0.024102559
0.024755415
0.022048849
0.019275693
0.010740758
-0.0041124719
-0.006588264
0.0014432394
0.0082622002
0.011062343
0.014158244
0.017056908
0.01838088
0.018793555
0.01915226
0.018210078
0.015615877
0.014046428
0.012196517
0.0069053091
0.0019577764
-0.0041692583
-0.011961469
-0.017462503
-0.027290972
-0.033172123
-0.040182952
-0.048051173
-0.055577063
-0.062110794
-0.061192252
-0.054178547
-0.051493081
-0.047937539
-0.04763267
-0.046890797
-0.053754204
-0.051379668
-0.051689227
-0.053193618
-0.048073981
-0.048818924
-0.051026034
-0.047929159
-0.042532192
-0.042947769
-0.04841644
-0.047277789
-0.044278024
-0.038576313
-0.032511491
-0.022854226
-0.019325981
-0.01353308
-0.0069288276
0.001739514
0.0081892236
0.013493051
0.020034235
0.021990052
0.027822206
0.028546321
0.030292238
0.031563087
0.031142927
0.027463746
0.028263481
0.024839866
0.022356038
0.020166995
0.019070156
0.018079523
0.017801998
0.016071001
0.01293031
0.010865453
0.00921689
0.0083283905
0.0082601359
0.0069867545
0.0061539658
0.0067822246
0.0058406734
0.0061108918
0.005693974
0.0058162952
0.0063530415
0.0070482223
0.0072160725
0.0059117408
0.0048260894
0.0048057392
0.0050833003
0.0048469489
0.0055354732
0.0066650144
0.0067985595
0.0073989242
0.0099173752
0.00954394
0.009701854
0.011132505
0.016097589
0.017759676
0.008442691
0.0047794257
0.0070906389
0.0082072491
0.0093250351
0.010165701
0.014856784
0.01693795
0.021202018
0.025091128
0.022491408
0.02138179
0.017708001
0.019153202
0.016796066
0.0083943941
0.0040537533
0.0050092804
0.0080881193
0.01027402
0.010635912
0.011716227
0.013157636
0.013356753
0.014261721
0.012453059
0.014186706
0.015011807
0.017363245
0.018141679
0.017903082
0.019818451
0.020445134
0.019102961
0.014562669
0.014647146
0.018498056
0.020292391
0.021099176
0.021424476
0.024658961
0.026553381
0.026159471
0.019628567
0.014110767
0.0031694788
-0.0015644895
0.0049844508
0.0088919264
0.011147599
0.012203689
0.015773726
0.018469931
0.021288042
0.02292313
0.023370196
0.020877896
0.019676046
0.01592591
0.012056034
0.0051970161
-0.0011253355
-0.0085443165
-0.015676708
-0.02270583
-0.028815261
-0.036962984
-0.045823987
-0.052119867
-0.052502166
-0.050302495
-0.045461275
-0.0492101
-0.047077368
-0.046369272
-0.045453327
-0.048983986
-0.05226659
-0.04541028
-0.048444353
-0.046926144
-0.051514356
-0.049902924
-0.050841766
-0.050919109
-0.050718804
-0.04813053
-0.04329341
-0.040083532
-0.036457865
-0.029753112
-0.023424722
-0.018781901
-0.015617319
-0.009417333
-0.003152401
0.0022115973
0.0066184548
0.010002331
0.011464214
0.015028627
0.016497193
0.017766693
0.0166782
0.017806392
0.016432027
0.017538875
0.016160116
0.014454574
0.015066561
0.014499675
0.014550028
0.013523884
0.012631644
0.0095971661
0.008520654
0.0064841212
0.0055458188
0.0047790672
0.0052605632
0.0050090224
0.0051669112
0.0061664858
0.0067807218
0.0060693125
0.0059276501
0.0075133294
0.0089465497
0.0083770565
0.0084348156
0.0080903147
0.0069832392
0.007414918
0.0077398488
0.0076285146
0.007395697
0.0071139656
0.0076121696
0.0089468815
0.0078123339
0.0063787165
0.0060639536
0.010469522
0.013138021
0.0067343834
0.002888505
0.0034572955
0.0070291677
0.0085543546
0.010378713
0.014443951
0.012873706
0.01616341
0.019719032
0.016019407
0.014139453
0.013797426
0.012533243
0.010108449
0.0089162568
0.0090447903
0.01251107
0.014323094
0.016760167
0.016308051
0.017205152
0.018685098
0.018728767
0.017782008
0.016916315
0.017474962
0.019422546
0.020435444
0.020739101
0.019315817
0.024369239
0.022340488
0.022046763
0.016943009
0.015704625
0.020551776
0.019299677
0.022628774
0.022661768
0.025213947
0.027094992
0.026716292
0.022716089
0.014973522
0.004295057
0.00077170553
0.0058321747
0.0093783984
0.010472672
0.012674282
0.016990666
0.01934288
0.022359473
0.022808136
0.023609114
0.018916072
0.01678249
0.013268419
0.0076293817
0.0028957648
-0.0018057657
-0.0090893833
-0.013034718
-0.020118721
-0.028852697
-0.035750971
-0.045736834
-0.050396759
-0.049267721
-0.042130894
-0.045985551
-0.046502949
-0.043376616
-0.046207323
-0.043264123
-0.047784058
-0.04692638
-0.039231351
-0.042509171
-0.046498948
-0.050715424
-0.052213053
-0.053066378
-0.048786524
-0.048005132
-0.045493269
-0.043335946
-0.042131114
-0.041285921
-0.035715964
-0.030298134
-0.026781505
-0.023268544
-0.019632033
-0.013664181
-0.0084634505
-0.0079966247
-0.0066186294
-0.00088928431
-0.0015527318
0.0013516749
0.002912438
0.004823935
0.008066095
0.0085510627
0.0071963068
0.0069353851
0.0077198646
0.0083583208
0.009817403
0.0096234538
0.0079994996
0.0056190018
0.0042839204
0.0028858216
0.0027189673
0.001845963
0.0016094551
0.0014981726
0.00087884806
0.001446138
0.0019539743
0.0013925479
0.0019124861
0.0030859272
0.004047667
0.0034736503
0.0034729291
0.0043816166
0.0050049873
0.0052908543
0.0039975099
0.0032470565
0.0033781058
0.0030650459
0.0049067618
0.0058266629
0.0049437643
0.0041066946
0.0021313541
0.002299624
0.0040369672
0.0062279264
0.0042075258
0.00065123307
-0.00051625563
0.0013499819
0.0039978581
0.010522129
0.010818234
0.0097651415
0.01077203
0.011744064
0.0093824026
0.0074404006
0.0096352325
0.0083580673
0.0076369726
0.007799133
0.0091581809
0.01231568
0.016430484
0.016280744
0.017155322
0.020886799
0.022619386
0.025446727
0.024557461
0.025329854
0.024554361
0.026391663
0.029067703
0.02906445
0.026471604
0.027665214
0.026114398
0.024773131
0.020528506
0.01776058
0.0212503
0.021337759
0.022919757
0.021464084
0.025797711
0.024020445
0.023637497
0.02204166
0.013364283
0.0044780901
0.00039736927
0.0033308523
0.0058692495
0.005470142
0.0063783093
0.010742023
0.013209699
0.013396059
0.015114311
0.016978678
0.014877216
0.010538946
0.0075590896
0.0019722461
-0.001786257
-0.0075038674
-0.01296324
-0.017274878
-0.021483725
-0.029352673
-0.038562831
-0.047218413
-0.050167394
-0.04719695
-0.047507522
-0.046914717
-0.043528427
-0.044245468
-0.047942238
-0.046696156
-0.046776554
-0.041490785
-0.037993114
-0.041130488
-0.043143051
-0.043482321
-0.044036701
-0.043290486
-0.042650603
-0.040507336
-0.037692395
-0.034994749
-0.035500396
-0.034938744
-0.032318409
-0.030004383
-0.031097821
-0.02922325
-0.024326742
-0.018135831
-0.015463864
-0.014486514
-0.01051217
-0.0090330984
-0.0065865279
-0.0043321814
-0.005842326
-0.0035831778
-0.00026168651
-0.00043468665
-0.0022877877
-0.00033506142
-0.001302076
-0.0018395907
-0.00089961693
-0.00085472963
-0.0036388324
-0.0042095417
-0.0058219605
-0.008460795
-0.0084034816
-0.0079885279
-0.0074650129
-0.0063465388
-0.007564079
-0.006950776
-0.0065076614
-0.0053057214
-0.0053673377
-0.0054872889
-0.0021196796
-0.0018422696
-0.0035150415
-0.0015582229
-0.0015530929
-0.0022207315
0.00028217435
-0.00019268999
-0.0024170264
-0.0039947541
-0.0033418041
-0.0024384801
-0.0020647785
-0.0014056378
6.3459712e-05
0.00036916017
0.0012353936
4.0648429e-05
-0.0030737121
0.0009821125
0.00088200137
0.0012060149
0.0032912064
0.0057597485
0.0095757936
0.0081074823
0.0070993287
0.0069217674
0.0066619511
0.0058757487
0.0064907187
0.0053248197
0.0063733164
0.0066247382
0.0086465867
0.010328852
0.010783759
0.013472217
0.015382359
0.018061428
0.02081093
0.022620563
0.025467333
0.026709848
0.027255061
0.025679958
0.026454197
0.028502057
0.027368273
0.024283405
0.023724691
0.020512888
0.019127536
0.019099809
0.02003412
0.02073865
0.017918112
0.016790505
0.018624516
0.016994399
0.015511247
0.014270849
0.012674817
0.0081520607
0.0061210115
0.0070339321
0.0056988948
0.0041295241
0.0028446129
0.0033013101
0.0039223785
0.0057816393
0.0079709553
0.0084174733
0.0066893075
0.0044735151
0.0025031686
-0.0016836158
-0.0059933788
-0.012427777
-0.017598871
-0.017733407
-0.023591739
-0.031374849
-0.038475441
-0.046349188
-0.04899062
-0.048651683
-0.049127448
-0.045209866
-0.043097642
-0.041655362
-0.041304808
-0.040304582
-0.036193682
-0.035155274
-0.032784308
-0.032582247
-0.033435714
-0.032081918
-0.031632402
-0.030703567
-0.031080722
-0.031011139
-0.028682861
-0.025646031
-0.02347371
-0.021811347
-0.019161689
-0.016466456
-0.015541394
-0.012727205
-0.011776229
-0.0098588616
-0.0064341035
-0.0052746874
-0.0021927154
-0.0011244126
-0.00012286653
0.00063240554
0.00050790811
0.0011555186
0.00048490792
-0.00093499551
-0.0041341628
-0.0064192712
-0.0072541677
-0.009207994
-0.007914928
-0.0094858393
-0.010033494
-0.01391711
-0.012648071
-0.011496957
-0.013161617
-0.015818773
-0.014933125
-0.013040773
-0.011375985
-0.0080055089
-0.0075406548
-0.0066965948
-0.0071222777
-0.0065193873
-0.0061739915
-0.004994835
-0.0066234337
-0.0034373861
-0.0020558091
-0.0019674099
-0.0026920596
-0.00019392332
0.00016182729
-0.0023245853
-0.0025220699
-0.001645246
-0.0015116519
0.00044772499
0.0017835327
0.00067827925
0.00077518183
-0.0012169733
-0.0066480348
-0.0056539871
0.0011086315
0.0023368773
0.0047255974
0.0073332584
0.0074466505
0.0064304254
0.0067606206
0.007555552
0.0064380705
0.0049122359
0.0049959778
0.0054136027
0.0059469262
0.0064689412
0.0071870329
0.0078786791
0.0091342409
0.011595515
0.013942315
0.016798708
0.019296099
0.021451733
0.023383548
0.023336204
0.023179784
0.021479638
0.02134017
0.022723843
0.022871566
0.020624177
0.018543585
0.020371152
0.019677648
0.020672385
0.020233974
0.020597019
0.018247546
0.014733946
0.011968707
0.011256723
0.01139005
0.010459783
0.0095891959
0.0083427636
0.0097474821
0.012588709
0.0091367022
0.0068791911
0.0024415556
0.0022482729
0.0010748229
0.0017413017
0.0030058707
0.0031039025
0.0017256749
-0.00058546876
-0.0020637397
-0.0068981967
-0.011526272
-0.016303079
-0.018751492
-0.021047425
-0.025577543
-0.033071233
-0.038191484
-0.042919755
-0.04479779
-0.04581903
-0.039700733
-0.034823996
-0.034096963
-0.033472411
-0.032935889
-0.032993767
-0.028278633
-0.025180031
-0.023319771
-0.023015764
-0.022555168
-0.02076786
-0.022151279
-0.018327156
-0.018159417
-0.017201916
-0.01775558
-0.015891001
-0.012785153
-0.012439047
-0.0081825252
-0.004160457
-0.0047011331
-0.0009717378
0.0019463154
0.0020998427
0.0040571658
0.0048437043
0.0074610051
0.006186738
0.005273486
0.004932095
0.0042203029
0.00068037895
-0.00024397283
-0.0015479838
-0.0042459958
-0.0063236005
-0.0092758187
-0.010756655
-0.010792342
-0.012695092
-0.013510622
-0.013430982
-0.014023041
-0.013573146
-0.014323733
-0.015055933
-0.013894903
-0.012360274
-0.0094704431
-0.0064006177
-0.0042062923
-0.0025180527
-0.0021808922
-0.0040500162
-0.0052673166
-0.0060314633
-0.0064879642
-0.0034439077
0.0007388354
0.0030292551
0.0035166925
0.0053022768
0.0052129388
0.0022011858
0.0018343231
0.0016424968
0.00054009628
-0.0007437993
0.0010343699
-0.00082141023
-0.0041607852
-0.0020905779
-0.0019870342
-0.0011753154
0.00026587581
0.0021596071
0.0029855162
0.0043767407
0.0037816837
0.003802705
0.0039102977
0.0043078882
0.0047874286
0.0036936158
0.0030635249
0.002689172
0.0031301263
0.0022750527
0.0029172231
0.0033785344
0.0061568594
0.0083136426
0.010748378
0.013905146
0.018030338
0.020164115
0.02237144
0.020871302
0.021658314
0.02045247
0.019548343
0.020275672
0.019922833
0.020803231
0.020122726
0.019138916
0.017223488
0.01854727
0.01835513
0.017477523
0.017848746
0.015596113
0.013972124
0.0095322502
0.0080859335
0.0080034565
0.0096217894
0.0071444476
0.0088634918
0.015030862
0.010618706
0.0074367471
0.0064347871
0.0050780977
0.0037866377
0.003247461
0.0025269769
0.0024222307
0.0016767772
-0.00074862139
-0.0028436517
-0.006009902
-0.011028795
-0.012119683
-0.012769239
-0.016991396
-0.021495656
-0.027294521
-0.030727763
-0.032331049
-0.034544319
-0.034435491
-0.028577937
-0.022567457
-0.024281001
-0.021927586
-0.023250608
-0.021767874
-0.018346603
-0.016545011
-0.015190034
-0.014060462
-0.012453177
-0.0095501228
-0.0086191532
-0.0069126436
-0.0046998201
-0.0041996261
-0.0057228219
-0.0037176687
-0.0016445627
-0.00046948744
0.00073135346
0.0037260086
0.0038148944
0.0066685475
0.0083311001
0.0089660296
0.010998624
0.011474466
0.011125993
0.010074408
0.0082794124
0.0055197728
0.0037576131
0.0015211191
-0.0011496403
-0.0049631798
-0.0065646125
-0.007105194
-0.0095559755
-0.010816914
-0.010993691
-0.013789964
-0.016461435
-0.017560246
-0.017360354
-0.017730447
-0.018619706
-0.017808638
-0.01511992
-0.01365369
-0.01090941
-0.008339599
-0.005764641
-0.0045338566
-0.0028054135
-0.0043201647
-0.0043095387
-0.0045382844
-0.0027785282
0.00069449162
0.0034971312
0.0047860878
0.0058926976
0.0079969746
0.0063072613
0.0041493144
0.0031697006
0.0036133217
0.0025110868
0.0027501649
0.0033790865
-9.0645574e-05
-0.00080304029
-0.0011928138
-0.0011405056
-0.00096477733
-2.8493877e-05
0.00025296325
0.0016304285
0.0013501218
0.00040888975
0.00033510385
-0.0001102942
-0.00053710064
0.00033221802
0.00098307115
-0.00054710978
-0.0019239066
-0.0027979862
-0.0029355032
-0.0022925102
-0.0016861595
-0.00023994885
0.0014443858
0.004214802
0.0076237239
0.011883169
0.015384241
0.018232355
0.019956402
0.021361427
0.020628015
0.021311839
0.021249907
0.02070706
0.021146952
0.020540549
0.018043469
0.016589365
0.014896877
0.013093005
0.01232831
0.013597628
0.013010722
0.011640731
0.0099718571
0.0084261449
0.0079754215
0.0093922131
0.0084995523
0.010026023
0.012796176
0.012506705
0.013181262
0.0093199002
0.0093863448
0.0071406324
0.0064337274
0.003848505
0.0038638002
0.0032923058
0.0022473327
-0.00019728154
-0.0023083112
-0.0052516657
-0.0041629315
-0.0067434915
-0.011101871
-0.01419373
-0.017151342
-0.01997884
-0.021026028
-0.022264176
-0.022646138
-0.019351671
-0.014916517
-0.013909832
-0.014892085
-0.011972355
-0.011648868
-0.010569969
-0.009432109
-0.0085419229
-0.0062602289
-0.0041909501
-0.0024447848
0.00019363739
0.0014359265
0.0030857628
0.0041143119
0.0035506711
0.0053256121
0.0061046331
0.0063999615
0.0075947292
0.0093483531
0.010156007
0.011775488
0.013087688
0.013862608
0.014434417
0.013732949
0.012229277
0.0099676904
0.0078777168
0.0046395353
0.0024249286
-0.00039203296
-0.002850101
-0.0050463137
-0.0070019485
-0.0079000303
-0.0096562034
-0.011590269
-0.012858026
-0.014447857
-0.017187351
-0.019969837
-0.020827749
-0.022739732
-0.022770356
-0.020835604
-0.018831109
-0.016753473
-0.01449413
-0.012004844
-0.0084525577
-0.0048465315
-0.0048621681
-0.0047534485
-0.0045629214
-0.0041787406
-0.0034099925
0.00036867153
0.0017639124
0.0033476352
0.0044534687
0.0056848169
0.005466737
0.0039533261
0.0028558056
0.00069093377
0.00011091367
-0.001514169
-8.1486319e-05
-0.0001445246
0.00013701581
-0.00036174367
0.00042897272
-0.00089604286
-0.00078503488
-0.0012500113
-0.0020050599
-0.0010464028
-0.00069986167
-0.002224118
-0.0017311079
-0.0012646143
-0.0012908325
-0.0015067879
-0.0015583908
-0.003028978
-0.0042625554
-0.005575455
-0.0066096339
-0.007597521
-0.0070454646
-0.0052078224
-0.0028887472
-0.00015813012
0.0028233191
0.0067369769
0.010733413
0.015397494
0.018584007
0.019794653
0.021001052
0.021393953
0.021903333
0.019946209
0.018533929
0.01764289
0.01761077
0.014391314
0.012219651
0.011930174
0.011563219
0.011476684
0.011793994
0.010282963
0.010387169
0.0096201746
0.010725648
0.010458833
0.0094221207
0.011750374
0.014520416
0.015648463
0.015192638
0.013037391
0.01138662
0.010082082
0.0085781242
0.0076483184
0.0069311417
0.0064581953
0.0053774267
0.0036395427
0.0036687038
0.0055270415
0.0042759114
-0.00020311018
-0.0050626483
-0.0063301687
-0.0098620267
-0.010713333
-0.011529564
-0.011780349
-0.0091162503
-0.0074586139
-0.0067663182
-0.0066712684
-0.0029159103
-0.003176737
-0.0057953062
-0.0058110312
-0.0049447738
-0.0035282306
-9.5305759e-06
0.00010205653
0.0010961754
0.0045837472
0.0051086309
0.006493593
0.0071081445
0.0083141269
0.010050796
0.010384452
0.010854901
0.011264131
0.011202924
0.011313019
0.011727173
0.012347116
0.012577026
0.013082278
0.011628481
0.0089904643
0.0069446868
0.003875203
0.0022009334
0.00037290579
-0.0024702241
-0.0046866567
-0.0063846065
-0.0076472404
-0.0084095538
-0.010700008
-0.012586455
-0.013625022
-0.01471906
-0.0160556
-0.018806902
-0.01945459
-0.020511868
-0.020994532
-0.019924444
-0.017015381
-0.015397927
-0.013163763
-0.0099731404
-0.0067680554
-0.0063847814
-0.0060412683
-0.0067344087
-0.0075717621
-0.0070410163
-0.0037574543
-0.00095445977
0.0010266918
0.0015345808
0.0025584855
0.0023913985
0.0018423622
0.00090339037
-0.00097679611
-0.0018604112
-0.0033686367
-0.0018569592
-0.0003332263
0.00032779002
0.001178191
0.0011403181
0.0016172817
0.001461559
-0.0013947208
-0.001237618
-0.0023002522
-0.0023304501
-0.0016488931
-0.002476832
-0.0022279586
-0.0019195189
-0.0016914354
-0.0024823693
-0.0043170977
-0.0054924684
-0.0064016741
-0.0072410662
-0.0086264598
-0.0092764896
-0.0089000882
-0.0080895702
-0.006764336
-0.0045977722
-0.0016308038
0.0015826934
0.0057107855
0.010628549
0.014446083
0.015702288
0.01705027
0.019160117
0.014760397
0.015355521
0.016142096
0.015871525
0.015153827
0.014204229
0.013384421
0.013996591
0.01194512
0.011962521
0.011871619
0.011223392
0.012804527
0.012955942
0.01343691
0.012143358
0.014936662
0.0195376
0.019767436
0.02049541
0.020011533
0.019365285
0.016085156
0.014353779
0.013103248
0.01170929
0.011221977
0.010279864
0.0094825924
0.01137386
0.012994659
0.012742852
0.0098496776
0.0077516841
0.004281466
0.00041678662
-0.0021120195
-0.0035599971
-0.0017878859
-0.0011262019
-0.00080635165
-0.00085845956
0.00060175842
0.00046787983
0.00053737573
-0.0023151069
-0.0043919496
-0.0048184625
-0.0038451964
-0.00072708274
4.3793802e-05
1.7301007e-05
0.0015664087
0.0032490994
0.0044720373
0.005090281
0.0065047455
0.0081706936
0.009052989
0.0095114946
0.0091166307
0.008806354
0.010256091
0.010389362
0.010177164
0.0097365683
0.010042781
0.0091847967
0.0077777972
0.0053688496
0.0042502144
0.0024466243
0.00098312141
-0.00060686735
-0.0020802296
-0.0040948773
-0.0047008864
-0.0060295059
-0.0079045504
-0.0089435584
-0.011577097
-0.01246753
-0.012479732
-0.013280222
-0.013260644
-0.014616197
-0.015335662
-0.014435786
-0.014115583
-0.013636652
-0.01140643
-0.0086272193
-0.0072348014
-0.005243433
-0.0048175562
-0.0045842806
-0.0056312837
-0.0060049654
-0.0046055831
-0.0033311197
-0.0021180446
-0.00017492277
0.0020177735
0.00052182798
0.0020932845
0.0026237768
-0.00038407741
-0.0020317526
-0.0025717567
-0.00062229879
-0.00013498223
-0.00083600707
-0.00024184948
0.00085255367
0.0010515752
0.00041580217
0.00018738455
-0.0002612275
-0.001367081
-0.0020558417
-0.0017579973
-0.0019563413
-0.002149577
-0.0018448499
-0.0017278645
-0.0018900853
-0.0038473323
-0.005111136
-0.0056537272
-0.0059151932
-0.0063031713
-0.0076483552
-0.0083409392
-0.0083507799
-0.0085030573
-0.0072106533
-0.0061626786
-0.0051089879
-0.0017088677
0.003462849
0.0060379721
0.0076745545
0.010323943
0.013857521
