0.0045323381
0.0040402388
0.0034498977
0.0031196531
0.002473372
0.0013175984
0.0031057104
0.0092579761
0.014339504
0.014687834
0.014813055
0.01448188
0.013299519
0.00830336
0.0064187005
0.0027810627
0.0020970476
0.0021210314
0.0026853591
0.0065052964
0.010009588
0.013057206
0.011536721
0.012332979
0.011570064
0.0089935558
0.0075540055
0.0042455047
0.0020526436
0.0017249378
0.0022747954
0.0019803035
0.0016776845
0.00018499673
-0.0022690094
-0.003702078
-0.0035784629
-0.0053711538
-0.0082344772
-0.010546272
-0.011084674
-0.01173602
-0.013443227
-0.015719992
-0.018342638
-0.020865749
-0.020749193
-0.019974228
-0.020340982
-0.021586176
-0.021592297
-0.022066352
-0.027060619
-0.031046572
-0.031784488
-0.030798608
-0.02774189
-0.023158353
-0.01826597
-0.016063427
-0.017125908
-0.019364829
-0.019789398
-0.021376238
-0.01995163
-0.018011726
-0.018436917
-0.018810507
-0.020242275
-0.022046022
-0.022611159
-0.021542636
-0.021401944
-0.019467077
-0.016441667
-0.013821734
-0.010185634
-0.007020206
-0.003359118
-0.0022518342
-0.0015452735
-0.00047845297
0.001933411
0.0047943583
0.009446081
0.012201007
0.012227008
0.011059305
0.0062503218
0.0052126237
0.0059918279
0.0080322272
0.01044145
0.013620282
0.013146821
0.011084787
0.0078892827
0.0055910288
0.002317622
0.001187172
-0.00016290982
-0.00054487648
-0.00080839489
-0.0010467726
-0.00082384557
-0.00035665956
-0.00064654762
-0.00040421807
-0.00060704572
-0.0014127085
-0.0011092131
-0.0020054742
-0.0028099394
-0.0020522718
-0.0020504161
-0.0020189304
-0.00095496313
0.0012730959
0.002246179
0.006273643
0.0091171932
0.0097870977
0.010433855
0.012851554
0.013847619
0.011309073
0.011745394
0.015489532
0.016372941
0.015511978
0.014962389
0.01423286
0.013172887
0.0099860608
0.0078281561
0.0068313167
0.0058943114
0.0054873559
0.0049571918
0.0047083468
0.0049320462
0.0044608682
0.0044234106
0.0044624485
0.0052992623
0.0057191836
0.0050832212
0.0049071274
0.003176273
0.0035505522
0.0083033909
0.013252452
0.016291056
0.016915316
0.014635979
0.011923392
0.010132208
0.0097867087
0.0040151306
0.00087404652
0.00084195615
-0.0017193077
0.00029483008
0.0051866326
0.0097455049
0.011661863
0.0090426261
0.0093801563
0.01260724
0.010335977
0.0063957833
0.0014979469
0.0012561851
0.002194108
0.0024753628
8.6538979e-05
-0.0016518112
-0.0049501377
-0.0079614728
-0.0089409032
-0.0089960065
-0.010376059
-0.013771927
-0.01738627
-0.019679559
-0.023095312
-0.026098656
-0.029193753
-0.033176322
-0.0356629
-0.035220221
-0.037058194
-0.036620607
-0.034309382
-0.033661363
-0.035514783
-0.039922841
-0.041928033
-0.040602302
-0.039362068
-0.035179543
-0.029659798
-0.025101775
-0.024273617
-0.022930527
-0.021550122
-0.020700613
-0.020409408
-0.017616657
-0.017030743
-0.015603779
-0.014384745
-0.015818052
-0.016499265
-0.016555555
-0.013724248
-0.011903993
-0.010533803
-0.0070370043
-0.0031669859
-0.00021137423
0.0036625836
0.0074274983
0.010664961
0.010418009
0.011527864
0.013739414
0.014488827
0.015960522
0.016757264
0.013629026
0.01144566
0.010297463
0.0099512279
0.011730717
0.01406519
0.014462846
0.013934544
0.012041271
0.0084086683
0.0058252343
0.00322376
0.00038106171
-6.8512938e-05
-0.00067462718
-0.00087386314
-6.0018105e-05
0.00027407063
0.00024791443
0.00059729182
0.00049021531
0.00033945678
-0.00075077291
-0.00182721
-0.0019804299
-0.0028762007
-0.003631145
-0.0036353447
-0.0019975454
-0.0015050211
-0.0014516375
0.002110321
0.007066994
0.012219347
0.011475434
0.015558474
0.017621435
0.018291095
0.019027763
0.018664447
0.018339635
0.01902766
0.018924399
0.017024004
0.014157318
0.011652037
0.011029942
0.0082571644
0.0069008094
0.0064451698
0.0065369319
0.0065145673
0.0063990632
0.0061945727
0.0059455013
0.0060535257
0.0052166968
0.00521122
0.0073231218
0.0069540999
0.0071565926
0.0072802427
0.0058970214
0.0043526922
0.0097126286
0.013279603
0.013781218
0.016432763
0.017068691
0.012793998
0.0093066493
0.0079811575
0.0080315438
0.0062862003
0.0032350648
-0.0026311438
-0.0040923317
0.0004916942
0.0089871789
0.010176448
0.008396602
0.0095442196
0.011398188
0.0087416983
0.0044765854
0.0014348389
0.0018879586
0.0045554015
0.0042906151
0.0016261825
-0.0031877722
-0.0088586301
-0.013236729
-0.015348012
-0.015779735
-0.019531735
-0.02262588
-0.027208343
-0.031146468
-0.037321418
-0.042193367
-0.046444395
-0.048998727
-0.05158658
-0.053881556
-0.057700703
-0.060128733
-0.05463277
-0.051697147
-0.052276238
-0.049624456
-0.050566129
-0.05238838
-0.051006983
-0.042374128
-0.032518163
-0.033263546
-0.031943594
-0.028748049
-0.025453309
-0.021271806
-0.021548244
-0.018879394
-0.017479703
-0.014090725
-0.011350217
-0.0093492928
-0.0072065035
-0.0069410131
-0.0050100085
-0.00097525245
0.0029316437
0.0082216086
0.010264969
0.011552631
0.01477557
0.018992417
0.021807175
0.021545356
0.022904566
0.023840634
0.023664925
0.020496513
0.018352187
0.016954558
0.016129461
0.014556245
0.013076075
0.013818753
0.01294668
0.011283102
0.0096850364
0.0070136803
0.0040853302
0.0011584057
-0.00039393429
-0.00084170232
-0.0015024887
-0.00097560575
-3.3969049e-05
0.001480261
0.0013627771
0.0016627683
0.0019880156
0.0023845118
0.0017662274
0.001505738
-0.000120627
-0.00089659136
-0.0026227854
-0.0015148411
-0.0040347241
-0.0050413861
0.001134042
0.0057160309
0.010795045
0.01148225
0.012569198
0.009436947
0.016345652
0.018936765
0.021368696
0.018187111
0.019921966
0.020307365
0.01796464
0.015529733
0.012738588
0.0092891118
0.0077513204
0.0062391724
0.0056424031
0.0061802092
0.0063494222
0.0062200292
0.0070080649
0.00728908
0.0069981458
0.0068577785
0.0067671982
0.0066467255
0.0068956284
0.0076233012
0.0076476911
0.0089294878
0.0095364887
0.0083479362
0.0083513754
0.013598008
0.018934032
0.016265798
0.017521837
0.018141231
0.015476985
0.014813511
0.011670072
0.0076429318
0.0048848008
0.0037344052
-0.0014474084
-0.00232235
0.0015006679
0.0068169573
0.007773417
0.0074465273
0.01082032
0.011603273
0.0096126441
0.0065535885
0.0064409303
0.0044034969
0.0068377503
0.0073892438
0.0053070975
-0.00070647313
-0.0088291703
-0.012425885
-0.016765909
-0.021210084
-0.024893448
-0.028177085
-0.034094959
-0.042717079
-0.048317119
-0.052564515
-0.058890057
-0.062570107
-0.068297785
-0.073637112
-0.078621915
-0.081488486
-0.077550263
-0.073594977
-0.068614049
-0.062444737
-0.059948244
-0.062692994
-0.063596512
-0.05216665
-0.044149428
-0.046724495
-0.040734384
-0.035695843
-0.03281442
-0.028499041
-0.024488178
-0.022037069
-0.019776478
-0.014793166
-0.0089850683
-0.0042782865
0.001405188
0.0046193985
0.0080399052
0.011947624
0.017623325
0.02326922
0.022874341
0.024482925
0.028967806
0.032741391
0.034813616
0.03366583
0.03230179
0.031429069
0.028093986
0.024608449
0.022144507
0.020182312
0.017259266
0.015436782
0.012638401
0.010939514
0.0092286692
0.0068260167
0.00558354
0.0035758687
0.001696624
0.0007860823
0.00019678429
-5.5383238e-05
-0.000263304
0.00045025324
0.0011004822
0.0018846804
0.0031439346
0.0045496807
0.0046309635
0.0050575431
0.0047862977
0.0046654075
0.0033482356
0.00262645
0.0013426955
0.0030482186
0.0018852792
0.00545828
0.008353523
0.010111899
0.010883917
0.0096353665
0.010246824
0.010559391
0.01631806
0.017531805
0.017386495
0.0169134
0.015669015
0.016917541
0.014380578
0.010100471
0.0064233345
0.0028174148
0.0017659942
0.0013024703
0.0026152819
0.0042305446
0.005465862
0.0064975995
0.0072821181
0.0062718855
0.006791714
0.0076602145
0.0076633413
0.008008087
0.0077272596
0.0090682787
0.0094961397
0.01088232
0.011740106
0.011926905
0.01413185
0.022001993
0.024721251
0.022149434
0.020448325
0.018782823
0.017310107
0.016886343
0.014275653
0.0059130588
0.0026731571
0.0026048908
0.00075633813
0.0020720241
0.0060708745
0.0098129489
0.011934569
0.010279782
0.012611944
0.01138251
0.010488253
0.01114321
0.0099773233
0.0079962493
0.0067063141
0.0061966349
0.0028615142
0.00025514017
-0.0068220586
-0.016193398
-0.021417045
-0.02587996
-0.030849058
-0.037452017
-0.043625933
-0.05262235
-0.056167453
-0.058420143
-0.065435091
-0.072622661
-0.080069352
-0.083113358
-0.084002507
-0.08468671
-0.086684909
-0.083977654
-0.085164995
-0.080563136
-0.077504184
-0.074707986
-0.06735915
-0.059543361
-0.055084745
-0.05167768
-0.046761263
-0.043035757
-0.042401811
-0.036059488
-0.031501477
-0.025069662
-0.020040938
-0.013774725
-0.00699687
0.00078843445
0.0086598901
0.012750179
0.019414845
0.025153294
0.027270576
0.03178238
0.03373305
0.036123427
0.039390345
0.039878919
0.041080643
0.035622552
0.031987602
0.027896424
0.025594486
0.020264663
0.020149734
0.019335759
0.015622944
0.01301862
0.0095944743
0.0082230769
0.0055281848
0.0040022256
0.0024394332
0.00060896688
0.00031087009
0.00011056631
-8.0485228e-05
0.00017410259
0.0015076915
0.0021385711
0.0027294274
0.0032128455
0.004045144
0.0048815367
0.005279051
0.0056242699
0.0064157095
0.0063815305
0.0064032324
0.0058329905
0.0056844778
0.0059834437
0.0057936076
0.0084222298
0.0093505844
0.0091642515
0.0098779307
0.0096847278
0.01000848
0.01168512
0.012803583
0.01353725
0.015631297
0.01495656
0.014056841
0.014653974
0.013232356
0.0094070518
0.0042343416
0.00055621901
-0.00086113166
0.00056113419
0.0022914201
0.0040047535
0.0059897046
0.0060955101
0.0061865379
0.0062423316
0.0075344791
0.0080624069
0.0089412574
0.0084075596
0.0090368637
0.011090556
0.012102816
0.012395113
0.01618559
0.017137763
0.022623832
0.026117027
0.026895246
0.021558396
0.021280402
0.018712868
0.021707176
0.018271668
0.010437683
0.0015154284
-0.0021431543
0.00025678561
0.0030773522
0.0096241405
0.013269873
0.018603602
0.017210439
0.017620288
0.014536034
0.012467337
0.012085076
0.0096374581
0.0070773478
0.0071249542
0.0025781575
-0.00023861993
-0.0034422974
-0.0046295652
-0.0084083418
-0.016470413
-0.022858353
-0.028434995
-0.035069414
-0.045535085
-0.055813219
-0.062677801
-0.067031859
-0.066276313
-0.0608218
-0.061313035
-0.068378912
-0.079846887
-0.0810861
-0.079744435
-0.076129861
-0.076584603
-0.075786454
-0.070173999
-0.067073105
-0.056470938
-0.049595998
-0.042958333
-0.048891784
-0.053222382
-0.050579748
-0.04612699
-0.042838485
-0.032226116
-0.027040871
-0.024590224
-0.016192571
-0.0081527309
0.0012268439
0.0086522365
0.015248611
0.020834024
0.027034931
0.032843375
0.03717091
0.038420011
0.0388464
0.041076614
0.042096278
0.040441428
0.039763195
0.035671946
0.030506885
0.027055195
0.022856661
0.020773335
0.0169219
0.014756002
0.01133849
0.0097963027
0.0078346388
0.0071984257
0.006449646
0.0049827214
0.0032894494
0.0015849427
0.0008061746
6.1064173e-05
0.00059190553
0.0020026265
0.0028919498
0.003620558
0.0036238941
0.0037364612
0.003762397
0.0043598655
0.0052436196
0.0053659575
0.0063707921
0.0076035207
0.0086937598
0.0096165093
0.0088546606
0.011404943
0.01327147
0.0088262722
0.0076816586
0.0070171143
0.0069375754
0.0081138991
0.0099346904
0.013971129
0.015608647
0.016818238
0.015584049
0.016258778
0.016676075
0.017988166
0.016985994
0.014179088
0.0077267631
0.0015156844
0.0015278982
0.0034453838
0.0060504878
0.006670534
0.0073122006
0.0070021541
0.0078902765
0.0077012332
0.0090200824
0.0092749303
0.010769978
0.011009971
0.011824024
0.014770578
0.016244269
0.016897228
0.018234124
0.018956511
0.022859666
0.025886438
0.023623191
0.020942639
0.020641367
0.019360918
0.021441838
0.016408585
0.0094129154
-0.0024241025
-0.0089478185
-0.0050712403
0.0016819676
0.0086813508
0.013433422
0.017658725
0.017785387
0.014748155
0.012774504
0.012377783
0.011687147
0.0089512447
0.006129
0.0022387004
0.00073249132
-0.0032195506
-0.0058298013
-0.010822857
-0.013320306
-0.018007077
-0.026730554
-0.034803469
-0.043675393
-0.056327203
-0.065145796
-0.069563383
-0.06744873
-0.062025634
-0.062126897
-0.063624874
-0.067980491
-0.068614009
-0.065731691
-0.05758436
-0.064422603
-0.067779553
-0.06211386
-0.058089448
-0.048878802
-0.039988525
-0.038376166
-0.036091531
-0.043471936
-0.046426237
-0.039368883
-0.034640081
-0.029937615
-0.030454304
-0.025256828
-0.015033606
-0.0062383348
0.0018215285
0.0090855948
0.016537175
0.02233009
0.028138005
0.031831257
0.03534905
0.040503228
0.041756329
0.039492725
0.040497283
0.038177119
0.037103326
0.034677028
0.030807376
0.0291182
0.02478756
0.021413064
0.019062214
0.014889498
0.013826623
0.010572104
0.0090333603
0.0078940859
0.0078702584
0.0074599603
0.0053719414
0.003967321
0.0033065439
0.0026528078
0.0026193003
0.0026286639
0.0037262667
0.0045756817
0.0054364629
0.0054990588
0.0059112836
0.0060466433
0.0061797485
0.0060254102
0.0069274459
0.0066655421
0.0079098133
0.010366621
0.012989227
0.014325154
0.017491844
0.01506213
0.0074042761
0.0061930203
0.0071608589
0.0086050269
0.0092594653
0.011779901
0.014650248
0.021138428
0.024113083
0.02262153
0.020795644
0.017244437
0.01774687
0.01804127
0.015326011
0.0082436212
0.0030485314
0.0046372245
0.0042216362
0.0061894139
0.0083954427
0.0093626635
0.0091095184
0.0095305359
0.0089930297
0.010456949
0.010283222
0.011428
0.013355162
0.013200988
0.017156379
0.020147889
0.020037719
0.018371887
0.017070755
0.020313888
0.020439849
0.01816706
0.020780834
0.022120658
0.022610476
0.024135689
0.021005684
0.013555201
-0.0014872566
-0.0077250913
-0.0043574138
0.0012687947
0.0068391386
0.010981211
0.015041966
0.016905563
0.017622572
0.018176476
0.016515442
0.017659228
0.018182539
0.017037731
0.014881391
0.012498253
0.008042426
0.0025932144
-0.0018956599
-0.010880146
-0.016615964
-0.024415189
-0.034959857
-0.045857482
-0.053741263
-0.057692665
-0.053965765
-0.052417641
-0.049703195
-0.049247647
-0.047554836
-0.05217432
-0.051183942
-0.047743177
-0.051489926
-0.049768938
-0.046099537
-0.045137614
-0.041669341
-0.035778564
-0.033855934
-0.040325056
-0.042974766
-0.043992245
-0.039324159
-0.036329166
-0.027847131
-0.023466857
-0.018738591
-0.012310551
-0.004032597
0.00254232
0.0084875884
0.015540309
0.017893286
0.022794232
0.027272323
0.02978606
0.033683125
0.036567081
0.034406114
0.03413517
0.032093222
0.030193397
0.028419765
0.026861284
0.025278818
0.022829089
0.020789694
0.018051145
0.016137096
0.01452352
0.012619303
0.011964968
0.010726461
0.0091507741
0.0089145642
0.0076606278
0.0072215032
0.006472954
0.006037468
0.0067210384
0.0072280227
0.007380528
0.0071738776
0.0069070504
0.0077566567
0.0076761619
0.0073735175
0.0074624734
0.0076586182
0.007828411
0.0087801369
0.0098965858
0.010020255
0.010871022
0.011593265
0.015313187
0.018860667
0.0095513173
0.0051151213
0.0071632636
0.0078044678
0.010990803
0.010478352
0.013661189
0.018482093
0.023831232
0.025248711
0.024048367
0.022228327
0.021415671
0.021304432
0.020472992
0.012363105
0.0069504569
0.0059362659
0.0065859216
0.0082194402
0.0086594715
0.00915674
0.011190625
0.010954635
0.012088631
0.011260091
0.012520604
0.012913467
0.014822694
0.015840253
0.016707861
0.018119017
0.020025907
0.019755176
0.015284436
0.015717341
0.01722672
0.018258901
0.018720635
0.02004915
0.023256501
0.024752314
0.024780123
0.020345585
0.013663642
0.0025298581
-0.0037734124
0.0003477715
0.0028796868
0.0050156803
0.006962446
0.010717297
0.015104259
0.018587423
0.021538063
0.023172539
0.023787279
0.025355695
0.024037897
0.024562989
0.020889619
0.017708517
0.013283666
0.0075744551
0.000421448
-0.0072546138
-0.017048032
-0.027545307
-0.037806536
-0.041776268
-0.043622867
-0.04148968
-0.0457314
-0.047436343
-0.046480942
-0.045346552
-0.048076239
-0.050909212
-0.044959919
-0.04643055
-0.044226047
-0.047093112
-0.044034414
-0.045474732
-0.044630856
-0.044889414
-0.042172702
-0.039847591
-0.038051191
-0.033975544
-0.02992392
-0.024494099
-0.018761995
-0.015679472
-0.010291283
-0.0048527414
0.0013433164
0.006732174
0.010203254
0.011930397
0.015291158
0.017384748
0.020653309
0.02212862
0.023980099
0.023347367
0.023888376
0.022584844
0.01994926
0.019462338
0.017036196
0.016896103
0.01522872
0.015424818
0.013564529
0.012424804
0.0114551
0.0094650558
0.0084733753
0.0085702482
0.0080479238
0.007078026
0.007576991
0.0075328772
0.0063267015
0.0062882717
0.0073279121
0.0077430232
0.0076865704
0.008019219
0.0086254149
0.0086787888
0.0084280596
0.008297791
0.0081787518
0.0081881862
0.007987247
0.0088496377
0.0093733672
0.0089334444
0.0080799533
0.0071923092
0.011098693
0.014655866
0.0091512584
0.0043370539
0.0045571078
0.007688369
0.011385089
0.013060371
0.014605539
0.015542085
0.01694993
0.019334171
0.019230867
0.018079271
0.017058807
0.014467877
0.010595555
0.0071915501
0.0058387252
0.0072219358
0.0083652278
0.011053272
0.010810489
0.010516819
0.012197109
0.013474857
0.0140691
0.014099187
0.014093769
0.016094014
0.017029817
0.018478632
0.01850966
0.018663975
0.019421057
0.0206955
0.016461923
0.017030388
0.019367983
0.019103431
0.021860344
0.021681876
0.023091448
0.026972147
0.026332806
0.022222898
0.01442414
0.0041789512
-0.00085024702
0.0015629398
0.0038133036
0.0043098008
0.0059434621
0.0088870009
0.012735668
0.016931605
0.020021774
0.023588794
0.022520086
0.022860843
0.021621071
0.020645001
0.018772297
0.017515896
0.01298905
0.010207927
0.0065550731
-0.0023830029
-0.010966567
-0.022795358
-0.03142895
-0.036760091
-0.036185703
-0.040648646
-0.04556009
-0.043881754
-0.047013627
-0.045481433
-0.046529854
-0.048100856
-0.039459384
-0.040073013
-0.042267611
-0.04290792
-0.042072046
-0.04478757
-0.040506676
-0.039479138
-0.037160164
-0.036258067
-0.035301108
-0.032685647
-0.028334488
-0.024400223
-0.019187211
-0.018117308
-0.014552197
-0.0095251249
-0.0066525109
-0.0052633076
-0.0038064777
0.00064179837
0.0011521315
0.0056109064
0.0088176555
0.010358831
0.014181254
0.014942492
0.013477168
0.01215548
0.011220381
0.010003438
0.0096007203
0.010206871
0.0094494872
0.0085378116
0.0079176765
0.0061842256
0.0064313078
0.0050632064
0.004438191
0.0047024603
0.0048617504
0.0043747334
0.0047152993
0.0040324373
0.0034810781
0.0034083545
0.0047449974
0.0037964583
0.0031362429
0.0043670396
0.0048016877
0.0054620229
0.0047027106
0.0038970343
0.0039315038
0.0044737214
0.0049733867
0.0053838283
0.0049306313
0.0042695458
0.0036776642
0.0037300369
0.0057479377
0.0073126333
0.0061760488
0.0022503442
-0.00041527841
0.0038751273
0.0058652029
0.010903883
0.012473442
0.0099054419
0.0090205422
0.010371482
0.010723319
0.010198874
0.0088480329
0.0057837212
0.0036788944
0.0036720133
0.0029029997
0.0062832576
0.0095255993
0.00982662
0.0088137897
0.011662784
0.012979883
0.014118548
0.014627144
0.017633903
0.015637137
0.016611705
0.020078586
0.020538925
0.020639732
0.020428478
0.021481826
0.021813294
0.019559356
0.019177361
0.019991501
0.02091755
0.021559272
0.020674513
0.023043102
0.022916812
0.02335251
0.021818138
0.01574947
0.0072330706
0.00018767167
-0.00079710197
-0.00019767328
-0.00024714448
0.00077246087
0.0027019229
0.0053515388
0.0081828577
0.012136429
0.015826651
0.016840255
0.016956282
0.015742267
0.013670263
0.011667646
0.0090330974
0.0076179768
0.0025594833
-0.0017269191
-0.005734871
-0.015651466
-0.023873515
-0.031050259
-0.035397711
-0.039116974
-0.042015535
-0.043772085
-0.048203291
-0.052884679
-0.051891919
-0.050354336
-0.043814844
-0.0406001
-0.039534511
-0.040473008
-0.041583852
-0.040888836
-0.038122424
-0.035439365
-0.033228313
-0.031648521
-0.027796038
-0.027447918
-0.026346005
-0.023314326
-0.020492172
-0.020352451
-0.019816553
-0.016910859
-0.01362516
-0.011080024
-0.010691503
-0.0067873338
-0.0052257255
-0.0034647808
-0.0013282021
0.0020610714
0.0037828353
0.0062608186
0.0086161573
0.0070310641
0.0067111655
0.004936264
0.0024206816
0.0026839882
0.0023834855
0.0021648274
0.00097952729
-0.00074522572
-0.0026850021
-0.0023758604
-0.0032016718
-0.0027565829
-0.0031129745
-0.0031207056
-0.0037935096
-0.0041582281
-0.003986862
-0.0040711797
-0.002931684
-0.0018508191
-0.0023665717
-0.0040170444
-0.0027649763
-0.0016709452
-0.0026049946
-0.0016365596
-0.0006186845
-0.00097007919
-0.0020240515
-0.0012056858
-0.0012724058
-0.00047568457
-0.00029257475
0.00083166116
0.0027331838
0.0022537969
-0.00056630612
-0.0018354553
0.00042713732
-0.0001170206
-0.00017405833
0.00054859519
0.0036298447
0.0072137222
0.0059047479
0.0036002884
0.0029095698
0.0034105005
0.0029492003
0.0021948739
0.00096386989
9.2966518e-05
0.00043359659
0.0022357301
0.0038044196
0.0042098536
0.0065320672
0.0086917112
0.0086018798
0.010561108
0.012883155
0.015372901
0.017782744
0.01728197
0.016706799
0.018092734
0.018679096
0.018967483
0.017226188
0.016730352
0.015306017
0.016846203
0.017049711
0.015725457
0.016456633
0.014454343
0.014249167
0.015116521
0.014155232
0.01348195
0.012878387
0.012613161
0.010276743
0.0064911569
0.0033401554
0.001284801
-0.00067975603
-0.00074630246
-0.0001304785
0.0014996633
0.0029720503
0.0045861759
0.0061582517
0.0082275131
0.0080936983
0.0084115549
0.007237589
0.0053471255
0.00030552999
-0.0027437879
-0.006020849
-0.0086695
-0.012053385
-0.019895694
-0.026346345
-0.032719957
-0.037234431
-0.042036861
-0.042303524
-0.043865209
-0.046401549
-0.050738139
-0.052138997
-0.044236648
-0.041722553
-0.039131705
-0.036533986
-0.036425146
-0.036501193
-0.035137781
-0.029615219
-0.02913682
-0.02822078
-0.025157306
-0.022714372
-0.020064611
-0.017634919
-0.015266179
-0.012399836
-0.009599208
-0.0086244871
-0.0079715052
-0.0059314033
-0.0039375073
-0.0021774753
0.0015423336
0.0025807153
0.0048520078
0.0077753985
0.010148232
0.01156171
0.0094755386
0.0094833172
0.0054378589
0.001896773
-0.00065901345
-0.0025709385
-0.0021100463
-0.0044035771
-0.0066579216
-0.0096524539
-0.010410532
-0.010259071
-0.011535766
-0.014703125
-0.01471954
-0.01427614
-0.015095745
-0.014389179
-0.014656661
-0.012339839
-0.012721191
-0.011969755
-0.01096491
-0.0087672807
-0.0086925582
-0.0054233712
-0.0039439104
-0.0029246414
-0.003241306
-0.0019161081
-0.001895757
-0.0025634595
-0.0019814657
-0.0019116199
-0.0010356237
0.00077796735
0.0013785746
0.0016565904
-0.00033626485
-0.0038237211
-0.0062192142
-0.004903753
-0.00053255092
0.00016511579
0.0011610892
0.0021500983
0.0033664062
0.0022163202
0.0017302206
0.0011660441
0.00125001
-0.00064659416
-0.00090074762
-0.0011529188
-0.001871471
-0.00029580152
0.0013843114
0.0022376667
0.0033826377
0.0052423608
0.0081055978
0.0098871755
0.011787492
0.01333628
0.016152623
0.017312728
0.0177721
0.017014866
0.016600689
0.016557008
0.015762966
0.015374534
0.013244701
0.012897399
0.012937941
0.01284216
0.014305194
0.014713504
0.012172721
0.010770176
0.0095453142
0.0097487608
0.0092451938
0.0088923187
0.0091820027
0.010538465
0.012722994
0.0101874
0.0055634315
0.0019404233
-0.00076562325
0.000189363
0.0009071927
0.0015550659
0.0031895336
0.0027907565
0.0038665407
0.0031922753
0.0029929293
0.0023300587
0.0002328989
-0.0032192672
-0.0062741119
-0.0083149567
-0.011694393
-0.016071763
-0.019929584
-0.025276742
-0.029601249
-0.032846348
-0.033446166
-0.03322256
-0.035364368
-0.038488249
-0.042533082
-0.043734434
-0.038130233
-0.032484239
-0.03082712
-0.028975729
-0.029497267
-0.029736584
-0.027534847
-0.022443768
-0.019810037
-0.017679301
-0.018133689
-0.017124249
-0.014249248
-0.012216946
-0.0073745454
-0.0031569336
-0.0025878876
0.00017131131
0.0010614957
0.0018764441
0.0046968536
0.0068184509
0.010761313
0.011181444
0.012483481
0.013762456
0.013491169
0.01165057
0.011042943
0.0091402272
0.0049995455
0.0013354935
-0.0030282942
-0.005475203
-0.0056997241
-0.0082329569
-0.010834108
-0.011881623
-0.012704907
-0.013134362
-0.015137007
-0.016549575
-0.015891101
-0.015146161
-0.015707602
-0.014755947
-0.013301322
-0.012955448
-0.01260321
-0.013257067
-0.012286725
-0.01284017
-0.010448534
-0.0077791255
-0.0031718758
0.00042906459
0.0008424359
0.0014234538
0.0007020057
-0.0020574893
-0.002135688
-0.0021164682
-0.0017447792
-0.0023294502
-0.0017234955
-0.0027314759
-0.0055639951
-0.0050303585
-0.0041440446
-0.0014211255
-0.0033326151
-0.0014761242
-0.0013647557
-0.00093371445
-0.0013606316
-0.002655585
-0.0032836919
-0.0034426468
-0.0025444324
-0.0030130893
-0.0036840341
-0.0035160891
-0.0037676257
-0.0045701868
-0.0035438661
-0.0031706881
-0.0002571519
0.0019733642
0.0034623853
0.0071231419
0.011266169
0.014272343
0.015658059
0.015462854
0.018533664
0.019173314
0.017622619
0.017005314
0.015583649
0.016924478
0.015562215
0.013282432
0.011266513
0.011443706
0.012544403
0.011008431
0.01081667
0.010066118
0.010347995
0.0080757345
0.0075407384
0.0071682265
0.0094403983
0.0092275808
0.0127568
0.01455066
0.0091386683
0.0058484537
0.0045344055
0.003347675
0.0029315401
0.0032016486
0.0037343821
0.0039951192
0.0040859779
0.0036177992
0.0025797431
0.001548036
0.00049012206
-0.00028560761
-0.0028103148
-0.0066082857
-0.0099517997
-0.014110838
-0.017053384
-0.018203603
-0.021440101
-0.021336329
-0.023209989
-0.023346309
-0.026298775
-0.026915996
-0.029525405
-0.028958043
-0.025519439
-0.022356417
-0.020458365
-0.021034781
-0.021215251
-0.01925104
-0.017107147
-0.014790884
-0.0108015
-0.0089936101
-0.010429687
-0.0094371527
-0.0058604333
-0.002394242
3.663974e-05
0.0029132834
0.0039723361
0.0066445779
0.0074264069
0.0080044295
0.009357186
0.011321111
0.012827317
0.014445462
0.014533759
0.014538182
0.012308579
0.010582099
0.0089628474
0.0066276
0.003563794
0.0018775533
-0.0010466753
-0.0047105084
-0.0060441301
-0.0079060634
-0.010742575
-0.012846424
-0.01340434
-0.015602808
-0.017227847
-0.01812109
-0.018282458
-0.016823545
-0.015174448
-0.014518952
-0.013978623
-0.012963975
-0.012231478
-0.012707125
-0.010958423
-0.010098437
-0.0076447008
-0.0059550708
-0.0011288025
0.0019686986
0.0036872239
0.0046979801
0.0018097003
-8.3915843e-05
-0.0010507281
-0.0014226249
-0.0019809811
-0.0023600838
-0.0029838789
-0.0051597045
-0.0047843375
-0.003962827
-0.0030663412
-0.0025027963
-0.0024522997
-0.0025738465
-0.0022508058
-0.0026420537
-0.0034070926
-0.0047304754
-0.0055252513
-0.0053626922
-0.0046282776
-0.0046563436
-0.0063632564
-0.0072769534
-0.0081025737
-0.0089762109
-0.0086127953
-0.0083681077
-0.0070756394
-0.0049622776
-0.0024133971
0.0011582984
0.0054605342
0.0099916586
0.012409487
0.013601258
0.016395591
0.018395974
0.019637549
0.018747779
0.017588216
0.017572926
0.016047211
0.013582829
0.012568223
0.010215518
0.0093577666
0.0072858341
0.0086521241
0.007396654
0.0077756387
0.0076576439
0.0071926504
0.0072501685
0.0094911629
0.0090561399
0.011313844
0.012393212
0.01017534
0.0095830817
0.0072493902
0.0072364228
0.0059714626
0.0063466055
0.0047921234
0.0045843626
0.0042530445
0.0049378295
0.0042677183
0.0041203764
0.0027142809
0.0026540864
0.0010798225
-0.0013197793
-0.0045580657
-0.0074974414
-0.0096818674
-0.011189041
-0.012748744
-0.013446257
-0.01434683
-0.014213715
-0.015496843
-0.017354934
-0.016540082
-0.015650432
-0.014020248
-0.013147004
-0.012558534
-0.011662785
-0.010329625
-0.0094903383
-0.0085158862
-0.0068957687
-0.0046230414
-0.0018043945
-0.0022141245
-0.00063920843
0.0016881902
0.0041069884
0.0064013188
0.0080440684
0.0081713318
0.0090638888
0.010437071
0.010887759
0.011955438
0.012646204
0.012982935
0.012955233
0.012527592
0.011189817
0.0097681324
0.0084085616
0.0068435094
0.005292062
0.002835662
0.00092623172
-0.0014288374
-0.0049654387
-0.0078061951
-0.0097727251
-0.010478125
-0.013092487
-0.014078158
-0.016560983
-0.01899175
-0.019791744
-0.019766678
-0.018380027
-0.017528532
-0.015588193
-0.013622774
-0.012633368
-0.012858304
-0.011644966
-0.010465195
-0.0092629477
-0.0075414257
-0.0037355782
-0.00049677655
0.0024182876
0.0031353688
0.0033811798
0.0034975311
0.0015513989
-0.0006334476
-0.0015019828
-0.0024577465
-0.004889651
-0.0046261113
-0.0046780313
-0.003519863
-0.0037977762
-0.0021529374
-0.0017220131
-0.0024105244
-0.0026693274
-0.0032603597
-0.0020362795
-0.0025689344
-0.0040734944
-0.0044377847
-0.004472673
-0.0046453152
-0.0050919196
-0.0052918927
-0.0062632525
-0.0071138751
-0.0092889962
-0.010790956
-0.012115232
-0.013102216
-0.011962279
-0.010316673
-0.0069801761
-0.002834944
0.0014387939
0.0049727542
0.0098806804
0.012334364
0.01584527
0.01795909
0.017506348
0.018581952
0.015754354
0.014237812
0.013709798
0.013520244
0.011887393
0.0094419138
0.0080014936
0.0077177219
0.0081210075
0.0083100497
0.0079820821
0.0081716102
0.0077656301
0.0089654052
0.0095662446
0.0090662749
0.01056664
0.011961504
0.011101624
0.010987916
0.0094902614
0.0089779413
0.0087930389
0.0078068629
0.0065346416
0.0062489865
0.0067975362
0.0065294836
0.0064969801
0.006292417
0.0065636988
0.0055964107
0.0041736029
0.0017267053
-0.00033483954
-0.0025851177
-0.0035652663
-0.0052392342
-0.0061978863
-0.0062292388
-0.0070051557
-0.0075930471
-0.0094439391
-0.0076951031
-0.0066298174
-0.0075052938
-0.0065161351
-0.0065196549
-0.0054582117
-0.0028966027
-0.0028631536
-0.0030221704
-0.0017086355
-0.00056137076
0.00066539362
0.0017914918
0.0039843763
0.005405601
0.0065668854
0.0083176197
0.0097043003
0.0096014821
0.0092124857
0.0091868256
0.0091716388
0.0089546435
0.0096275445
0.009836172
0.0094942169
0.0088649811
0.0076575454
0.0070410268
0.0060103918
0.0042778103
0.0022999165
-0.00025287614
-0.0017786733
-0.0026545034
-0.0065510211
-0.0093561507
-0.010983226
-0.01152352
-0.012699936
-0.014257783
-0.014691599
-0.016007154
-0.017431037
-0.017107722
-0.016381791
-0.015804201
-0.01531588
-0.014258646
-0.012569966
-0.011817875
-0.011126462
-0.011883164
-0.011339068
-0.0088481704
-0.0059828243
-0.0034726515
-0.00053041048
0.00061370871
0.0018507806
0.0020006428
0.001621731
-0.0009413728
-0.0031058337
-0.0032843719
-0.005067473
-0.0049350509
-0.0040628625
-0.0030551122
-0.0016919848
-0.0017585906
-0.00084399139
-0.00072835463
-0.0015042667
-0.0010737732
-0.0017417858
-0.001824661
-0.0018849716
-0.0031060114
-0.0037478744
-0.0040901102
-0.0045089093
-0.0050237166
-0.006485713
-0.0073082956
-0.0085400553
-0.010224714
-0.011429418
-0.012560036
-0.013425912
-0.013865154
-0.013249224
-0.010793864
-0.0066259157
-0.0036031543
-0.0006143122
0.0050647485
0.0087630287
0.012074422
0.013968205
0.014946189
0.010279251
0.010904129
0.010138046
0.0099347838
0.0096572765
0.010103814
0.0087684987
0.0085225859
0.0081011754
0.0079491158
0.0084242377
0.0079927051
0.0095836104
0.010627706
0.011537495
0.01065483
0.013168613
0.015135002
0.014885678
0.014738582
0.014411133
0.01454026
0.013124176
0.01213248
0.01131174
0.01034696
0.0098019836
0.0093151666
0.0091967583
0.0094831853
0.0094986205
0.0097059146
0.0091744911
0.0074332751
0.0065763733
0.0038838505
0.0027333521
0.0012672012
0.00070965834
0.00041910454
-0.00032970698
-0.00040671692
-0.00028272454
-0.0019502261
-0.0022574044
-0.0028591582
-0.003270355
-0.002418439
-0.0017613186
0.00094058761
0.00092947325
-3.608578e-05
-0.00032491271
0.00046216675
0.0019361833
0.002001241
0.0034229021
0.0053121476
0.0063359426
0.0071943239
0.0073815082
0.0077999561
0.0084909832
0.0087061259
0.0077090165
0.0069452672
0.0071806033
0.0076911529
0.0075937468
0.0063910543
0.0064187849
0.0054693351
0.0049027339
0.0037145217
0.0022219661
0.00046649657
-0.0013846137
-0.0035989122
-0.0060350059
-0.0082170343
-0.010674744
-0.010866688
-0.010543152
-0.011473993
-0.011092866
-0.010770104
-0.011677391
-0.010312307
-0.011101062
-0.012083605
-0.012124867
-0.010021899
-0.010348
-0.0091794222
-0.0093655372
-0.0092204825
-0.0092399958
-0.0074761446
-0.0056940567
-0.0035889766
-0.0020594632
0.00028660196
0.0032840227
0.0013613604
0.0021228017
0.00060438291
-0.00094108206
-0.0017002748
-0.0022995201
-0.0014322758
-0.0014634371
-0.0019191845
-0.00072203605
-0.00041300509
-0.00024899702
-0.0005804501
-0.0012875085
-0.00092086618
-0.0011115998
-0.00116896
-0.00085941476
-0.0014982973
-0.0027356392
-0.003360335
-0.0036635702
-0.0035189446
-0.0048410632
-0.0064714853
-0.0069909787
-0.0082630877
-0.0088495365
-0.0096295027
-0.0099817874
-0.010657269
-0.011588091
-0.010951539
-0.008732377
-0.0063971105
-0.0041341207
-0.00073419972
0.0016360501
0.0038590597
0.0069074113
0.0093389071
