0.0041767135
0.0038416414
0.0040260021
0.0037757489
0.0039591873
0.0034251532
0.0040708583
0.0071432379
0.0079388775
0.0072100637
0.0066889567
0.0081096321
0.0075881631
0.0053155119
0.0034568071
0.002619477
0.0027796304
0.0041831401
0.006722508
0.0088128261
0.010415182
0.011551572
0.0084628685
0.009090488
0.0087654789
0.008978245
0.0092591191
0.0064793538
0.0054608578
0.0074050578
0.0067159402
0.0063417584
0.0054171754
0.0050259794
0.0042557385
0.0028394504
0.0043434927
0.0044114817
0.0023621167
0.0023664318
0.003486478
0.0028370953
0.0012852303
0.0014483202
-0.00078087978
-0.0046800326
-0.0079655072
-0.01168272
-0.014166486
-0.016903756
-0.016016025
-0.016861076
-0.018710146
-0.0178652
-0.016686996
-0.016031623
-0.014966523
-0.011983115
-0.0097169551
-0.0092697656
-0.010347365
-0.0090369146
-0.0069470451
-0.0062170304
-0.0082353525
-0.011335
-0.013375333
-0.016418217
-0.017083735
-0.018717439
-0.017964675
-0.020031722
-0.021007084
-0.01912974
-0.017487989
-0.016741525
-0.015521479
-0.013515167
-0.0090795147
-0.0053599861
-0.0020707227
0.0011332849
0.002471235
0.00057173147
0.00038888039
0.0016486543
-0.00070166363
-0.002459918
-0.0043415841
-0.002474398
-0.0010865563
0.00036788339
5.2705757e-05
0.00032611314
-0.00073535785
-0.0017008573
-0.0022533768
-0.001045146
-0.0021284749
-0.0030310338
-0.0026879257
-0.0026134983
-0.0026002234
-0.0038201135
-0.0041682066
-0.0039371709
-0.0030736349
-0.0029335271
-0.0031277017
-0.0038882848
-0.0035865254
-0.004535339
-0.0054831375
-0.0054180585
-0.0043285563
-0.0048847677
-0.0030107526
-0.0048078693
-0.005815355
-0.0010535076
0.0011815069
0.0025068146
0.0023170254
0.0050095561
0.0064704816
0.0041015126
0.0046216729
0.0065255904
0.0084017807
0.0098240587
0.011783487
0.011001738
0.0092401682
0.0085749955
0.0067082563
0.0055135496
0.0043175623
0.0027652474
0.0033682916
0.0025672304
0.0025353146
0.0025943557
0.0031372846
0.0035137247
0.0045135001
0.0053341003
0.0056968004
0.0063641442
0.0056114659
0.0059462339
0.0070042794
0.0079022505
0.0063254019
0.0061515274
0.0055793001
0.0055455866
0.0053869427
0.0042313505
0.0014544469
0.0001573796
0.0018716385
0.0029489625
0.0052122193
0.0070724329
0.0076060213
0.0079389836
0.0069897709
0.0055220434
0.0082816583
0.0092193104
0.0075319813
0.0060186699
0.0047965717
0.0056313609
0.0059764768
0.0045272038
0.0032753162
0.0019765864
-0.00026455153
-0.00075660203
-0.00080680836
-0.0017643522
-0.0045127278
-0.0069512688
-0.0077892033
-0.0087292483
-0.0099745609
-0.010756088
-0.013504856
-0.01607468
-0.017744823
-0.02110944
-0.023565975
-0.023148918
-0.021720367
-0.02197176
-0.021731305
-0.021768811
-0.019356449
-0.021188109
-0.019302409
-0.017254558
-0.013982472
-0.013042011
-0.010885839
-0.0089207183
-0.0073622066
-0.0069514899
-0.0073763123
-0.009766688
-0.011620801
-0.012649509
-0.013785882
-0.014251874
-0.013838847
-0.012736481
-0.0093606753
-0.00684122
-0.0064203638
-0.0063295142
-0.004686199
-0.00085490598
0.002043146
0.004631869
0.006975007
0.0080212275
0.0069232931
0.0060865007
0.0031960256
-0.00019443323
-0.00097812973
-0.0013068393
-0.0017154284
-6.1308342e-05
0.0023379097
0.0042844068
0.0023453629
0.00065409696
-0.0017102299
-0.00090390376
-0.0013103257
-0.00087400024
-0.001315246
-4.7134717e-05
-0.00074395635
-0.0011198024
-0.0019136618
-0.0019477503
-0.0026659662
-0.0019599023
-0.0020779889
-0.001931469
-0.0022003017
-0.0028039191
-0.0031925901
-0.0036615864
-0.0043152924
-0.0037431517
-0.0031226648
-0.0025062865
-0.0037122922
-0.0046189074
-0.0030395148
0.0020702826
0.0035587501
0.0056475169
0.0070645814
0.0064752724
0.0086475147
0.0074788089
0.0088880624
0.0088478728
0.0095475227
0.010014633
0.010702185
0.0077597173
0.0079749396
0.0069226568
0.0060593294
0.0053507205
0.0039080969
0.0036250947
0.0033588885
0.0037488859
0.0037349534
0.0040003957
0.0041182115
0.0042809065
0.0066135999
0.007058685
0.0085937691
0.0093840789
0.009791823
0.010118795
0.010627469
0.00955963
0.0079684991
0.0064918235
0.0074004562
0.0057937239
0.0036414719
0.0040715466
0.0046564971
0.0035135445
0.0035230454
0.0028479191
0.0039849149
0.0066507142
0.00889081
0.0081364824
0.0066613811
0.0058693133
0.010279899
0.011936203
0.0077023541
0.0042649606
0.0014850213
0.003516068
0.0042343965
0.0022830946
0.00060876537
-0.0027842104
-0.0037819497
-0.0060013994
-0.0098994373
-0.013702031
-0.016001776
-0.019227523
-0.019886657
-0.021135946
-0.022535139
-0.024225935
-0.026164572
-0.02804973
-0.029050002
-0.030771482
-0.031673507
-0.032591775
-0.031588321
-0.029408079
-0.026860262
-0.025431112
-0.025965206
-0.026510488
-0.026162125
-0.023295473
-0.02136032
-0.019537279
-0.015706034
-0.012845636
-0.0094493411
-0.010862805
-0.0088615708
-0.010234017
-0.0092128936
-0.0073192351
-0.0069145359
-0.0042573072
-0.003413949
-0.0019481993
0.0020867473
0.0068769358
0.0086864357
0.0097069538
0.010311344
0.010832563
0.012939013
0.014177429
0.012188654
0.011991531
0.0094011107
0.0083464582
0.0038026258
0.0014238195
0.00077296027
0.00029845951
0.00072895128
0.0031956226
0.0047284018
0.0057117333
0.0036589325
0.0017701818
0.00063033159
-0.00071532821
-0.00072512914
-0.0011277128
-2.3822392e-05
0.00070479365
0.00063964923
0.00034278586
0.00035990342
0.00079100374
-0.00036720966
-0.00011674431
0.00033785747
0.00064874113
0.00037611718
9.0488379e-05
-0.00010536075
-0.00058330123
0.0002456847
-6.3832588e-05
-0.0010474093
-0.002701087
0.00014905189
0.0013911046
0.0039064115
0.0067590113
0.0022673261
0.0076833242
0.0096214469
0.011799004
0.011418283
0.01256972
0.012045601
0.011165825
0.0088644822
0.0093806645
0.0093389966
0.0063415584
0.0049202789
0.0036672562
0.0040194913
0.003669094
0.0030253261
0.003473833
0.0039995552
0.0046013268
0.0050279108
0.0051695688
0.0056125547
0.0053893773
0.0091692211
0.0095530533
0.011193029
0.0126383
0.013114407
0.011191332
0.015256354
0.016775399
0.013381576
0.010491728
0.012196834
0.012220144
0.0098086246
0.0083486308
0.0064778785
0.0049655059
0.0091295256
0.0082678913
0.0094988021
0.0098300535
0.010224167
0.010484686
0.008918856
0.010597222
0.011957254
0.011671234
0.010077533
0.0053921233
0.0034000646
0.0053567358
0.0044424705
0.0025678039
-0.00093387406
-0.0050319856
-0.0085064677
-0.013968824
-0.021226022
-0.02430233
-0.025654535
-0.028161631
-0.033722329
-0.032596392
-0.033256238
-0.035613804
-0.036999617
-0.039030953
-0.039114395
-0.041232988
-0.043350313
-0.042690367
-0.040222589
-0.038536843
-0.037063875
-0.036039544
-0.035914954
-0.03897949
-0.038433358
-0.037368638
-0.034241146
-0.027634988
-0.022875434
-0.020913997
-0.016445961
-0.013460337
-0.010761121
-0.010603641
-0.0061809633
-0.0010753542
0.0018975703
0.0074408228
0.0078026063
0.01131459
0.015848909
0.017356171
0.018754524
0.018677888
0.020726255
0.022387685
0.019884208
0.019297805
0.019320332
0.016768304
0.01343115
0.012135676
0.0078906029
0.0066543138
0.0039935572
0.0047914681
0.0047958969
0.0052755632
0.0048216969
0.0046600158
0.0034094007
0.0027031402
0.0012331803
0.00085259765
0.0016932617
0.0015398157
0.0024167219
0.003213028
0.0029270042
0.0022565521
0.0017643334
0.0023698528
0.0033421111
0.0030824833
0.0036220042
0.0041037558
0.004057344
0.0039939199
0.0032012039
0.0026375505
0.0040930129
0.005003033
0.0054513
0.0053960381
0.0063328247
0.0073037967
0.0039222632
0.0022240779
0.0037232987
0.0092274701
0.013613323
0.014700943
0.014636634
0.013906628
0.015123999
0.013629436
0.0095494235
0.006765567
0.0033087472
0.00012634591
0.0001101041
0.0012319563
0.0026664524
0.00331181
0.0029263146
0.0039824608
0.0040301317
0.0053908295
0.0065394855
0.0070568971
0.0078132092
0.0081377745
0.011801844
0.012832489
0.013873501
0.014728114
0.015944254
0.013380236
0.019460348
0.021464029
0.01990558
0.020881492
0.01813767
0.015477773
0.013910894
0.01016832
0.0068397007
0.0083308131
0.012945715
0.017056767
0.018445825
0.018829462
0.018295965
0.018821812
0.019320633
0.02036809
0.019319865
0.018433605
0.017787721
0.012274549
0.006883623
0.0048941201
0.0061977954
0.001782928
-0.0026962263
-0.0077070559
-0.012422689
-0.018606704
-0.026075535
-0.029651695
-0.033083314
-0.038946667
-0.043311366
-0.042805565
-0.041834288
-0.041270609
-0.043454571
-0.045645744
-0.048057191
-0.049020864
-0.051368356
-0.050188884
-0.047638913
-0.047427954
-0.047513595
-0.050106909
-0.051277434
-0.050618573
-0.051665827
-0.048203266
-0.045024531
-0.03859734
-0.03207757
-0.031170902
-0.025909316
-0.024068106
-0.018518005
-0.012974888
-0.0075787004
-0.00077013465
0.002938235
0.0099158575
0.01397225
0.021391868
0.02316101
0.026270875
0.027426221
0.025704526
0.025673599
0.023212022
0.02140369
0.020471509
0.019996448
0.017123359
0.014563314
0.014693275
0.009152367
0.0084272761
0.0066642994
0.006821331
0.0070234525
0.0036268446
0.0041406891
0.0043365801
0.0030636951
0.0029557575
0.0013007577
0.0013302518
0.0018696015
0.0027467731
0.003010801
0.0047492774
0.0046756357
0.003414261
0.0024547075
0.0031604149
0.0035764908
0.0031415707
0.0040666882
0.0050354562
0.0049951413
0.0049685434
0.0043756729
0.0060544487
0.0072300048
0.010665213
0.011222921
0.008583187
0.006225655
0.0052795751
0.0048136044
0.0043353855
0.0090283013
0.012065037
0.014434959
0.016763914
0.017379828
0.015337905
0.016955516
0.014303566
0.010275154
0.0047910334
0.0010276319
-0.00047322151
0.00058755881
0.0011300274
0.0025315905
0.0035741657
0.0037405892
0.0039622543
0.0046377546
0.0058955513
0.008596693
0.0092638192
0.010192511
0.010976315
0.014674313
0.015604632
0.016829263
0.019560882
0.018259919
0.018855764
0.024646703
0.028672866
0.029334619
0.03088004
0.026153574
0.02554944
0.020711887
0.011227959
0.006893119
0.0083695602
0.018839101
0.023138606
0.026493409
0.029622664
0.030635135
0.030824191
0.030503627
0.027865243
0.026347894
0.024570592
0.021946793
0.018079901
0.014303323
0.0098121282
0.0080445495
0.0049751739
0.0027252374
-0.0039163921
-0.0088270092
-0.012951191
-0.021205392
-0.027736004
-0.036780498
-0.043777404
-0.044303236
-0.044253419
-0.044204922
-0.041178618
-0.039477394
-0.043879962
-0.051186042
-0.053594032
-0.052580422
-0.053155603
-0.050426515
-0.051718791
-0.052272412
-0.052472007
-0.052637877
-0.052933326
-0.049340736
-0.05149019
-0.054326626
-0.048342127
-0.045009507
-0.043868389
-0.03503425
-0.029156649
-0.023898269
-0.018085854
-0.012101527
-0.0048149456
0.0010478873
0.0079147531
0.013799727
0.020571832
0.025207791
0.02711027
0.026316047
0.026146047
0.02408998
0.021336024
0.020485772
0.018550413
0.016086043
0.014218986
0.013876628
0.011630993
0.0098823761
0.0073429042
0.0051796338
0.0037971159
0.0035049871
0.0034850489
0.0037976864
0.0043913029
0.0037078043
0.0022146063
0.0015101321
1.1231728e-05
1.1012309e-05
0.0014644161
0.0026508138
0.0038477115
0.0039681079
0.0037374921
0.0035503557
0.0031914467
0.0030821321
0.004100214
0.0035174196
0.0041496853
0.0051784773
0.0058920734
0.0076991624
0.0092304124
0.013540072
0.01621571
0.009592885
0.0082361951
0.0076569428
0.0081219558
0.0062939973
0.0090930741
0.013233793
0.01474167
0.018113289
0.018945123
0.020972274
0.016731346
0.016631482
0.015594741
0.012220083
0.0093574373
0.0025538696
0.003507952
0.0043842268
0.0059529849
0.005642092
0.0065906676
0.0069831971
0.0069267602
0.0066624814
0.008901664
0.01117891
0.014212997
0.014739567
0.014528972
0.018817557
0.020628466
0.021950073
0.020793737
0.020019954
0.022463243
0.028391905
0.034253872
0.034103916
0.035666393
0.03306046
0.029876596
0.023281721
0.015089692
0.0078371225
0.0074967654
0.019990905
0.029185728
0.03100835
0.033288959
0.034322312
0.036304772
0.033286184
0.032443232
0.03207952
0.032740139
0.029941474
0.024700288
0.020621011
0.017750968
0.013337765
0.010763882
0.0040846648
-0.0020155389
-0.0067218471
-0.011339054
-0.019356697
-0.026806594
-0.037013125
-0.042907847
-0.044311355
-0.042222584
-0.038147332
-0.042420901
-0.043333059
-0.04804582
-0.049409124
-0.05291154
-0.050217545
-0.05193839
-0.055709582
-0.0582819
-0.060648598
-0.058425948
-0.051542349
-0.050003113
-0.051785797
-0.05787575
-0.058577211
-0.048281019
-0.043806027
-0.037504557
-0.040851317
-0.038337303
-0.029172461
-0.019003234
-0.013971799
-0.0062543678
0.0023929813
0.0086798929
0.013515268
0.016566759
0.018537451
0.019854346
0.02220205
0.01882383
0.018372809
0.014158704
0.012896015
0.01236779
0.012608293
0.012068795
0.011536883
0.0092722467
0.0077254978
0.0042759578
0.0044841108
0.0026836225
0.0026606316
0.0022696051
0.003936366
0.0041479506
0.0018351315
0.0011464847
0.00060713459
-0.0011902338
-0.0010198647
-0.00041201597
0.0012994827
0.0029037015
0.0050866445
0.0051131538
0.0055382585
0.0053737475
0.0062597101
0.004175404
0.0054811255
0.0046705608
0.0050267311
0.007258349
0.011082538
0.013737263
0.020164556
0.01756705
0.01095892
0.010059374
0.0085385707
0.0093867243
0.010737698
0.012387193
0.014152547
0.019065702
0.022787585
0.024649252
0.021900481
0.017598659
0.018233935
0.016950182
0.013359346
0.011630501
0.0073578688
0.0083431589
0.0057354745
0.0072697156
0.0081204288
0.010255318
0.010989707
0.011390263
0.010484926
0.012365986
0.013308668
0.015385094
0.018452041
0.017786312
0.021630803
0.024874594
0.023945524
0.022238528
0.020209609
0.024033645
0.02962221
0.03018771
0.031325606
0.032086686
0.034469511
0.030583633
0.029189211
0.025276787
0.011509173
0.0089926164
0.018701248
0.026540391
0.028552522
0.031487387
0.034390123
0.035723292
0.037473493
0.038920442
0.040454736
0.038254486
0.035232353
0.033704648
0.030247665
0.025372862
0.020934775
0.013579683
0.008062664
-0.0021653648
-0.0099347214
-0.016952013
-0.023479264
-0.031053866
-0.037873486
-0.040548841
-0.035820009
-0.036875531
-0.032619481
-0.0337483
-0.033002574
-0.042140886
-0.04418931
-0.049614771
-0.051472491
-0.047293206
-0.054162797
-0.05782922
-0.060160737
-0.056381859
-0.057133699
-0.063526222
-0.063524278
-0.059202333
-0.057459369
-0.053001415
-0.045421232
-0.043118043
-0.040119424
-0.031997162
-0.024744996
-0.016546269
-0.010518789
-0.0013856165
0.0021161585
0.0085188461
0.0098672683
0.012889173
0.014612229
0.014268951
0.010717028
0.012824343
0.011327981
0.010163202
0.0089203066
0.0084877391
0.0092709735
0.011453455
0.0103715
0.0089556316
0.006557937
0.0042078906
0.0036317688
0.0033313289
0.0027396189
0.0013692679
0.0024296138
0.0020031268
0.0020939204
0.0022054233
0.0020909519
0.002628361
0.0040604716
0.0053435649
0.0043656897
0.0035027307
0.0025874564
0.0029549094
0.0028602856
0.0032945177
0.0050901029
0.0053904932
0.0054432301
0.0080731486
0.008358813
0.0074316536
0.0090883399
0.014990433
0.018841573
0.012694662
0.0067612182
0.007668255
0.0095290362
0.008753328
0.010516061
0.013560761
0.01459414
0.016679181
0.022641306
0.021564289
0.020587409
0.017276042
0.01709401
0.015204933
0.0092994718
0.0053418864
0.0052667634
0.0084979771
0.010036206
0.012171657
0.012377489
0.013624885
0.013820163
0.015926503
0.015069393
0.016585083
0.017984849
0.019788226
0.021314903
0.020547871
0.025789822
0.025389059
0.025686064
0.02249106
0.020849561
0.024778949
0.028242895
0.028298551
0.027137409
0.031418895
0.032996561
0.03426046
0.030141998
0.029985197
0.020672473
0.014570634
0.021110529
0.02709752
0.029785124
0.0302999
0.035054254
0.038056275
0.041660362
0.043643671
0.044060199
0.040800804
0.037580031
0.035142875
0.031286101
0.025441334
0.018325609
0.010179662
0.0035333411
-0.0038381459
-0.010824911
-0.019554011
-0.029144883
-0.036389813
-0.038352291
-0.036552631
-0.032220841
-0.033953574
-0.032829951
-0.033100818
-0.033823627
-0.038349194
-0.047592556
-0.041921791
-0.046438982
-0.047322151
-0.054021725
-0.056083666
-0.060117206
-0.063266846
-0.065423789
-0.066527539
-0.062063418
-0.059464309
-0.058545822
-0.051922953
-0.047957104
-0.043189945
-0.039903806
-0.034979366
-0.027190285
-0.020564045
-0.01409167
-0.0089502833
-0.0051492419
-0.001646513
0.0013170086
0.0029756059
0.0016533082
0.0028263503
0.0025439902
0.0031867756
0.0027257547
0.0021724941
0.0039565161
0.0053014473
0.0066788378
0.007180064
0.0069157043
0.0047309525
0.0035932529
0.0015978073
0.0010555245
-0.0009939592
-0.00072643942
-0.00033761328
-0.00048231595
0.00027127766
0.0016749283
0.0022113511
0.0017298313
0.002702858
0.0052740709
0.0055491438
0.0056672723
0.0053474891
0.0041270508
0.0040989726
0.0057902527
0.0061693898
0.0063558266
0.0058957871
0.0058523712
0.0084188458
0.0088045344
0.0072852891
0.0074632305
0.010906592
0.015447824
0.010591488
0.0064013113
0.0052050493
0.0058959729
0.0077749349
0.0079802632
0.013064652
0.012377376
0.012751958
0.016514038
0.012886085
0.01095821
0.0083402745
0.0074076909
0.0069494079
0.0083032905
0.00885555
0.012889182
0.01555122
0.017578973
0.017419014
0.018779869
0.020154228
0.021506395
0.020011356
0.019987363
0.020812589
0.023116818
0.024236416
0.025992691
0.024949608
0.034476413
0.032113796
0.031666378
0.027897072
0.023055811
0.02695806
0.026269789
0.028569263
0.029162673
0.031464732
0.034097497
0.034715211
0.034061917
0.029459526
0.022066561
0.017823915
0.022420838
0.02672246
0.030272881
0.031612157
0.038889193
0.043303949
0.046981861
0.046396407
0.046002249
0.040863196
0.037627236
0.033248028
0.026568036
0.020351481
0.015633335
0.0075770559
0.0015646809
-0.0078935239
-0.016822842
-0.024136654
-0.034286998
-0.041807775
-0.041080057
-0.029988285
-0.031923871
-0.035117549
-0.031325099
-0.03498078
-0.032568243
-0.039365361
-0.042070698
-0.037035987
-0.042185327
-0.045929928
-0.052200831
-0.05734339
-0.061970655
-0.061021803
-0.061911664
-0.060514163
-0.059816259
-0.059098766
-0.059915763
-0.055559778
-0.050235592
-0.047205313
-0.044042559
-0.040889704
-0.034402056
-0.026127508
-0.023955438
-0.022355127
-0.015493101
-0.01478692
-0.013026556
-0.013405352
-0.010318902
-0.0088411157
-0.0073922348
-0.0073748463
-0.0078561017
-0.0056310244
-0.003283831
0.0013736847
0.0026833069
0.0008733449
-0.0012679726
-0.0018920926
-0.0029495506
-0.0024690967
-0.0035431313
-0.0043170697
-0.004472592
-0.0057235518
-0.0054629584
-0.0051504288
-0.0060271771
-0.0048083372
-0.0031623804
-0.0014468359
-0.0012309379
-0.0005779167
0.00022657131
0.0021496687
0.0027830145
0.0019904415
0.0014877496
0.0025009843
0.001687272
0.0035516669
0.0061085624
0.0060959517
0.0070967095
0.006466692
0.0053380894
0.0068911939
0.0087084745
0.0078630467
0.0046468989
0.0026294583
0.00077756301
0.00099951765
0.0077380303
0.0087434165
0.0086372162
0.0093149109
0.0092423004
0.0068061105
0.0013598497
0.0037068627
0.0049513294
0.0048660511
0.0062164849
0.0081340752
0.0097323434
0.014705462
0.015756667
0.0164258
0.019468092
0.02335237
0.028676526
0.028846968
0.029140638
0.031287839
0.03253501
0.03559191
0.037615898
0.035782817
0.034418234
0.032678597
0.031746744
0.027573831
0.02213269
0.025905064
0.02562624
0.028896936
0.027472795
0.03219396
0.033476232
0.033142858
0.034001697
0.026046754
0.018905624
0.016916723
0.021733186
0.025641962
0.026932246
0.028624935
0.035572701
0.041565984
0.042716596
0.043298306
0.041642998
0.038779525
0.031238806
0.027483782
0.019720397
0.0154062
0.0071114308
-0.002259935
-0.0076731783
-0.011861364
-0.019501732
-0.030978914
-0.041119353
-0.046793555
-0.039826596
-0.039254736
-0.039483947
-0.037450754
-0.035360002
-0.039588692
-0.039576872
-0.041685963
-0.039384962
-0.037475886
-0.042083241
-0.047052383
-0.047213748
-0.049240692
-0.05105292
-0.051469221
-0.051133577
-0.049223287
-0.048102145
-0.048111405
-0.047875671
-0.048347733
-0.045926703
-0.04521929
-0.044346021
-0.041020046
-0.034029832
-0.028681703
-0.02712066
-0.024260031
-0.022151592
-0.020450093
-0.016761176
-0.01826924
-0.016767293
-0.014198554
-0.014428972
-0.015756524
-0.012897132
-0.012248751
-0.0098378704
-0.0076620374
-0.0067677847
-0.007634375
-0.0082185589
-0.0082009338
-0.011957313
-0.012552055
-0.012196492
-0.013137529
-0.010104169
-0.011403534
-0.011740048
-0.011404629
-0.0111959
-0.0097812317
-0.011724927
-0.0076471118
-0.0058300401
-0.0073239489
-0.0046385194
-0.0021660531
-0.0030173057
-0.00024732934
-0.0012115954
-0.0027637197
-0.0045735592
-0.0040370697
-0.0018928669
-0.00031049483
0.00060589412
0.0026534655
0.0034262139
0.0035521556
0.0020809469
-0.0031495049
0.0038325766
0.0027086834
0.002067301
0.0042859404
0.0047165584
0.008456374
0.0084836196
0.0073185864
0.0060509773
0.006037356
0.0037196876
0.0038377247
0.0027097177
0.0052769416
0.0051748672
0.0085113074
0.0088096413
0.0083707944
0.011743033
0.014501469
0.017619051
0.02097746
0.024040017
0.028380728
0.030703454
0.033343552
0.031548707
0.030999234
0.035388536
0.035398262
0.026638379
0.027586029
0.025325997
0.023139104
0.022149077
0.025451771
0.026847335
0.025775235
0.02363737
0.02719348
0.027253174
0.026583581
0.025591003
0.023312967
0.019499522
0.018849961
0.023300943
0.024364318
0.026074029
0.025374465
0.027476333
0.028845657
0.031937026
0.035078344
0.034814463
0.030625356
0.024706168
0.019759601
0.012581616
0.0057662272
-0.0023151579
-0.012553279
-0.010611938
-0.015892377
-0.027151248
-0.036785847
-0.048378469
-0.053176277
-0.049262123
-0.048845768
-0.047359517
-0.047577996
-0.044525428
-0.041747527
-0.041350664
-0.039391427
-0.037075117
-0.03541866
-0.035711286
-0.035905863
-0.036831929
-0.038664669
-0.040075946
-0.039549872
-0.040199889
-0.038819427
-0.037655211
-0.036468754
-0.034726407
-0.033635143
-0.030990821
-0.029647988
-0.026541555
-0.024769013
-0.022538987
-0.017009816
-0.016245361
-0.013984023
-0.011877646
-0.012541806
-0.011215832
-0.012327439
-0.012305029
-0.011149173
-0.01373764
-0.014545672
-0.014669602
-0.012925543
-0.015411903
-0.013227477
-0.01290649
-0.011927823
-0.015726087
-0.015667026
-0.013409576
-0.013178748
-0.015446738
-0.01678997
-0.016298796
-0.015492364
-0.011441552
-0.010688481
-0.010239246
-0.01007131
-0.0094631294
-0.010271412
-0.0095111421
-0.010990452
-0.0075658497
-0.0048716437
-0.0041548697
-0.0046943433
-0.0014686248
0.00046137885
-0.0019503444
-0.0024076525
-0.00099231915
-0.00063970341
0.0008093165
0.0060990591
0.0049693409
0.0045887657
0.00017715366
-0.0055462277
-0.0045567307
0.00031191432
0.0017736082
0.0031134791
0.0058406381
0.0055219788
0.0049132485
0.0045639942
0.0073212784
0.0068022195
0.0048919922
0.0037114646
0.003466327
0.0045467374
0.0050053916
0.0066351352
0.0071337853
0.0079199238
0.01074205
0.012986688
0.015559891
0.018043888
0.021475584
0.024449398
0.025600194
0.024632044
0.022933596
0.022614767
0.024037758
0.02567645
0.02032843
0.019337756
0.02116369
0.02280808
0.02448609
0.023470903
0.025693838
0.028045339
0.024560745
0.021181528
0.0192261
0.021043371
0.021015101
0.01911808
0.016446777
0.014759595
0.02454996
0.024446585
0.025276514
0.022215203
0.021252029
0.020676713
0.021262688
0.023519158
0.022930475
0.020605997
0.014743349
0.010118276
0.00093988689
-0.008508777
-0.0170122
-0.017638633
-0.020472687
-0.026599585
-0.038401402
-0.047188087
-0.055440758
-0.059053649
-0.059174592
-0.050037166
-0.046913505
-0.04587688
-0.041230991
-0.040154878
-0.04316762
-0.041033082
-0.035918729
-0.029760479
-0.02761908
-0.027640619
-0.024457138
-0.030167621
-0.027349772
-0.028538011
-0.025699602
-0.025190889
-0.025137204
-0.023018329
-0.021523123
-0.01916168
-0.014542683
-0.014317319
-0.011511005
-0.0070495099
-0.0075407507
-0.0040742944
-0.0037570959
-0.0024409201
-0.003807536
-0.0060750061
-0.0069666241
-0.0062164086
-0.008998371
-0.01259026
-0.014286576
-0.015078229
-0.015442481
-0.017276993
-0.016737606
-0.015830688
-0.016080384
-0.016149262
-0.015409021
-0.016431182
-0.016396506
-0.017153623
-0.01796192
-0.017377145
-0.017709764
-0.016125295
-0.013911842
-0.01058142
-0.0089474719
-0.0078527785
-0.0088555203
-0.010825462
-0.011852307
-0.012835322
-0.0090083729
-0.0046501179
-0.0012189555
0.0012199569
0.0072374171
0.010642091
0.0081260951
0.0079103354
0.0072114999
0.0062191987
0.0026337003
0.0045573724
0.0028878066
-0.0040928235
-0.0032214198
-0.0023758074
-0.0014050987
-0.00079322052
0.00142015
0.0018807314
0.0029037534
0.0026640323
0.0015207642
0.0019893254
0.00198889
0.002152478
0.0014391612
0.0014328132
0.0012219314
0.0018828402
0.0019625164
0.0031950131
0.0036778138
0.0049117043
0.0055761424
0.00879265
0.010732361
0.01398426
0.016253037
0.019442866
0.019025134
0.018932562
0.017733372
0.017507231
0.018484806
0.017921719
0.019021228
0.019739489
0.021164363
0.019961226
0.021337813
0.021609236
0.02170939
0.023682998
0.023983961
0.022990345
0.01943946
0.016327781
0.015717002
0.015900898
0.012105668
0.0079133069
0.019436266
0.019534801
0.015816871
0.01541794
0.015494287
0.015074334
0.015683071
0.013863147
0.012447137
0.010598747
0.0049968385
-0.0012432387
-0.0068103952
-0.01881105
-0.021826885
-0.018070978
-0.022622009
-0.028948306
-0.039441108
-0.046268223
-0.050685959
-0.053370839
-0.053798743
-0.04251192
-0.032898243
-0.034634663
-0.03196982
-0.033309691
-0.037016439
-0.034718514
-0.028736059
-0.023695076
-0.018114352
-0.014730612
-0.014339235
-0.014759306
-0.012392
-0.010560636
-0.0095929948
-0.0093565139
-0.0076055228
-0.0052890705
-0.003287396
-0.0029849303
-0.00017861301
-0.00075073117
0.00069863119
0.0023677335
0.0036938892
0.0067073285
0.0067662235
0.0058043465
0.0035146292
0.0014872475
-0.0025421372
-0.0038780103
-0.0066277567
-0.0092195427
-0.014515336
-0.01546642
-0.01541887
-0.016326707
-0.016801538
-0.015316631
-0.017755514
-0.019805687
-0.021039936
-0.019884237
-0.020554399
-0.020814086
-0.020864282
-0.018957689
-0.019170742
-0.016702346
-0.014770122
-0.013227327
-0.011689897
-0.010151356
-0.011565143
-0.011395789
-0.011580629
-0.011683085
-0.0074652456
-0.002287068
0.0008165173
0.0045586995
0.010230812
0.011110763
0.01107898
0.011725564
0.011494703
0.010627559
0.0095993437
0.011051251
0.0042645906
0.00021552951
-0.00034755759
0.00036098835
0.0012373338
0.0016564567
0.00099069598
0.0018089653
0.0015295881
-0.00085614392
-0.0016955363
-0.0021106818
-0.0035773256
-0.0035563155
-0.0024072113
-0.0025820972
-0.0022921394
-0.0026305743
-0.0020754025
-0.00092787289
0.00018782402
0.00086878012
0.00097248787
0.0018818647
0.0049563114
0.0079665524
0.010066651
0.012805589
0.014186689
0.014978373
0.015181948
0.015709181
0.018866787
0.01810244
0.018294996
0.019407744
0.0187823
0.017349159
0.01791969
0.016543162
0.01632705
0.017973803
0.019232347
0.017334609
0.015889467
0.012688047
0.011740165
0.011027042
0.010173261
0.0094025636
0.014225041
0.017078534
0.018726877
0.014518575
0.013715702
0.012112508
0.011560025
0.0083733686
0.0064984882
0.0048232008
0.0016127198
-0.0041491437
-0.0093476829
-0.01515478
-0.012493241
-0.015361852
-0.022874269
-0.026034842
-0.032015865
-0.035019624
-0.036531862
-0.037057308
-0.038983439
-0.030872068
-0.023827402
-0.024438207
-0.025365689
-0.022666044
-0.023060296
-0.02210806
-0.019148931
-0.016000763
-0.0087298191
-0.0060833288
-0.0060607295
-0.00093379402
0.0012205711
0.002137735
0.0027564864
0.0034029638
0.005468094
0.0072636628
0.005961189
0.0071197022
0.00835261
0.0089525534
0.010124537
0.010468845
0.011289793
0.012951805
0.012471957
0.010768317
0.0078597767
0.0055900872
0.0019733214
-0.00075825565
-0.0045380349
-0.0079361224
-0.010842011
-0.012809404
-0.014268212
-0.015724539
-0.01557505
-0.015418679
-0.01539431
-0.018252687
-0.020829477
-0.022680373
-0.025247128
-0.025942572
-0.023900575
-0.023149072
-0.021792772
-0.019964247
-0.018547401
-0.015302345
-0.010720141
-0.0097166256
-0.010746208
-0.010933353
-0.0085757566
-0.0069103396
-0.004861715
-0.0027545589
0.00029659136
0.004468
0.0078657268
0.010247019
0.0091588821
0.010741435
0.0072447682
0.0063658757
0.0028611195
0.002843312
0.0027820405
0.001956853
0.0023295998
0.0029793169
0.00085697256
-0.00059197798
-0.0014752432
-0.003494751
-0.0028575707
-0.0024489465
-0.0051303852
-0.005606679
-0.0047058735
-0.0046846582
-0.0051096415
-0.0053448865
-0.0054725199
-0.0059581234
-0.0053827149
-0.0056260726
-0.0062358018
-0.0056862058
-0.0038915756
-0.0032723942
-0.0024073713
-0.00057542044
0.0022136075
0.0048862329
0.0081564902
0.010735502
0.01108016
0.013579765
0.016519165
0.017926675
0.015990837
0.015808406
0.014258868
0.01521095
0.013316413
0.011585356
0.01275903
0.012743186
0.011907444
0.012821597
0.011005626
0.011114872
0.0096205549
0.0098320382
0.0094286902
0.0081600115
0.0092150915
0.013359661
0.01719938
0.017773073
0.015452768
0.012268835
0.0099891225
0.0072601665
0.0061709031
0.0038631233
0.00080523553
-0.0021232748
-0.0052231542
-0.0057529397
-0.00070239739
-0.0018754358
-0.0088344339
-0.017304494
-0.019775303
-0.022496397
-0.021412464
-0.019069514
-0.019575321
-0.014622868
-0.012548986
-0.013850068
-0.013815118
-0.0097805002
-0.0096386866
-0.011285568
-0.011721258
-0.0087295828
-0.0051612997
-0.00068189772
0.00081687611
0.0025161529
0.0068115153
0.0076086354
0.0083803226
0.0084350166
0.0082815259
0.010508345
0.011626493
0.011254371
0.011443283
0.011133533
0.011328704
0.011846638
0.013160329
0.014236638
0.015308626
0.01454682
0.011457325
0.0089047122
0.0045513551
0.0021183436
0.00023484339
-0.0035046559
-0.0058241011
-0.0077813109
-0.0098980603
-0.010570725
-0.011428908
-0.013154817
-0.013139977
-0.013890556
-0.014824887
-0.01884599
-0.020422646
-0.021694594
-0.022370137
-0.023321575
-0.021529313
-0.019986132
-0.019012065
-0.016031262
-0.011841883
-0.010135507
-0.008892366
-0.0086709559
-0.0085463645
-0.0073218423
-0.0045595062
-0.0013342511
0.0002913921
0.0029612565
0.0039841103
0.0044794366
0.0038538001
0.0044974756
0.0030294632
0.0018017521
-0.0019573414
-0.00067313484
0.0018095144
0.0014663663
0.0036486654
0.0044359847
0.0038330082
0.0032628344
-0.00061467999
-0.0021290139
-0.0033692424
-0.0046275927
-0.0044212747
-0.005479178
-0.0052256735
-0.0044254561
-0.0044129396
-0.0056344336
-0.0067908874
-0.007566774
-0.0077110739
-0.0076953262
-0.0088114281
-0.0087939548
-0.0078395231
-0.0066861709
-0.0061730171
-0.0057356036
-0.0049226009
-0.0036032427
-0.00023089787
0.0035276223
0.0071996927
0.0070049653
0.0095249624
0.013034977
0.0088802434
0.0097887757
0.011747945
0.011795309
0.011443757
0.010942591
0.010768162
0.012941952
0.010554731
0.0099721486
0.0097782548
0.0081734332
0.0094324672
0.0092331762
0.009236944
0.0077619974
0.0083442694
0.016245775
0.017240797
0.019004391
0.019590651
0.018603152
0.014856798
0.011352473
0.0098834542
0.0074239781
0.0050493647
0.002930292
0.0017361665
0.0050655407
0.009449392
0.0087374846
0.004601005
0.0022206563
-0.0024865298
-0.0064811613
-0.0079326904
-0.0080076881
-0.0049239002
-0.0011551994
-0.00083575068
-0.0021918441
-0.0011140314
-0.0013252798
-0.00036024207
-0.0034765521
-0.0068918773
-0.008002955
-0.0053672622
-0.0015740152
0.00023845939
0.0016846076
0.00374606
0.0068687701
0.0079539011
0.0079797283
0.0085427517
0.0091909616
0.010784943
0.010575609
0.0094686038
0.0088130161
0.0095294949
0.010108452
0.011008259
0.011869234
0.013216624
0.01268939
0.010825677
0.0078969334
0.0061641823
0.0037721463
0.0017832083
-0.00032135762
-0.002175618
-0.0049454195
-0.0058902193
-0.0059475374
-0.0080445331
-0.0082012743
-0.0098717493
-0.010838064
-0.011639549
-0.012691047
-0.01319271
-0.0156399
-0.016687515
-0.017153748
-0.017985461
-0.017321821
-0.015890948
-0.014043446
-0.011745905
-0.0088697784
-0.0061538369
-0.0051314687
-0.0053310256
-0.0056738244
-0.0034207411
-0.0024589249
-0.0017734486
-0.00041832927
0.0011635006
0.00061716947
0.0032387226
0.0045542494
0.0023040123
-0.00089493951
-0.001763451
0.0006156219
0.0027398362
0.0016097767
0.001442213
0.0029705662
0.0030139803
0.0016275015
0.002441282
0.0017810521
-0.00022940977
-0.001319678
-0.0018733777
-0.002465391
-0.0031522517
-0.002787082
-0.0035619517
-0.0043484856
-0.0059735062
-0.0065086359
-0.0069173229
-0.0068684941
-0.006900849
-0.0083303856
-0.0093868767
-0.0085112763
-0.0083992169
-0.0075468993
-0.0082732603
-0.0091082115
-0.0081915077
-0.0035074506
-0.0001110093
0.00047358204
0.002187383
0.0061140327
