0.0039500722
0.0035805702
0.0042832065
0.0039486919
0.004371132
0.0030716159
0.0019673546
0.0030027875
0.0031327123
0.0024839124
0.0025663481
0.0038698986
0.0028922581
0.0019657021
0.0017510286
0.0021552894
0.0024963031
0.0049562337
0.0062071925
0.0056576686
0.0074573094
0.0090602724
0.0073341738
0.0076497895
0.0079311542
0.0080071403
0.0076327337
0.0058952939
0.0056215409
0.0071846885
0.0063474171
0.0068133862
0.0066814791
0.0062200847
0.0055091157
0.0043014181
0.005471824
0.005609267
0.0045001883
0.0046686815
0.0050318601
0.0033831846
0.0019028737
0.0020799021
0.00074769846
-0.00086789162
-0.002207883
-0.0051845282
-0.0072118941
-0.0097442019
-0.0098665925
-0.010232352
-0.011151191
-0.010010549
-0.0087860168
-0.0077294513
-0.0075659996
-0.0060335212
-0.0051534825
-0.0069293122
-0.0095197858
-0.0079005975
-0.0047746766
-0.0039289053
-0.0066401688
-0.009161719
-0.011283318
-0.013418348
-0.013015429
-0.013689208
-0.012430893
-0.014661131
-0.016225906
-0.01433993
-0.013730558
-0.013798553
-0.014100106
-0.012601689
-0.0092523778
-0.0069230997
-0.0055007425
-0.0036636834
-0.0026013461
-0.0037719451
-0.0041872696
-0.0045098089
-0.0061699513
-0.0072053782
-0.0064409687
-0.0035810167
-0.0026775037
-0.0016224791
-0.002782386
-0.0019280208
-0.0026074154
-0.0027774683
-0.0032290804
-0.0025783587
-0.004119423
-0.0046498787
-0.0036044662
-0.0032469592
-0.0030067933
-0.0041069824
-0.0041743125
-0.0034064308
-0.0026446216
-0.0033042913
-0.0041207128
-0.0047731369
-0.0049468349
-0.0059610027
-0.0069792444
-0.0064632527
-0.0057071395
-0.0072798079
-0.0066058789
-0.005713238
-0.0056990804
-0.0022082458
-0.0011989413
-0.00011696701
0.00058780885
0.0036222364
0.0056514388
0.0035118483
0.0047584055
0.0048804432
0.0065970251
0.0070868615
0.0076466723
0.0069259416
0.0058377795
0.0059376987
0.0048678165
0.0040482206
0.0030048959
0.0011559681
0.0019578632
0.0014643745
0.0016496496
0.0016854165
0.0023437189
0.0029085123
0.0041110034
0.0047767171
0.0052556825
0.0056509209
0.0050818986
0.0043003692
0.0024895659
0.0019838542
0.0008344413
0.00060779443
0.0013898147
0.0026029369
0.0021924415
0.0012559553
0.00019667563
0.00061063751
0.0020841791
0.0034740714
0.0042944536
0.0045429207
0.0052056428
0.0063871347
0.006691741
0.0060022287
0.0071762657
0.0073367858
0.0053952406
0.0053942834
0.0046383387
0.0046539515
0.0047490907
0.0047873133
0.0045969195
0.0039706108
0.0016989773
0.0017426408
0.00070780634
-0.00063412548
-0.0033171725
-0.0049391057
-0.0051699852
-0.0054196742
-0.0062580319
-0.0065286036
-0.0070630917
-0.0069538478
-0.0067492655
-0.0091546119
-0.010933383
-0.011728239
-0.011451626
-0.012216813
-0.011127284
-0.010702829
-0.0081827796
-0.0087546867
-0.0076695488
-0.0066966164
-0.0050172935
-0.0063671647
-0.0056174326
-0.0038813939
-0.0016842129
-0.00092540921
-0.0015187029
-0.0041813439
-0.0055747891
-0.0065594451
-0.0072290429
-0.0073007311
-0.0068152452
-0.0065573837
-0.0036307655
-0.0031210395
-0.0049746907
-0.0049882484
-0.0040020543
-0.0028069086
-0.0028630318
-0.0025771982
-0.0010243137
-0.00057638084
-0.0010466929
-0.0027987834
-0.0052203336
-0.0073666429
-0.006933612
-0.0049319712
-0.0049769391
-0.0030426686
-0.00051258181
0.00068622931
-0.00094620858
-0.0010500909
-0.0026956564
-0.0015333353
-0.0022606591
-0.0020187171
-0.0024849023
-0.0012638141
-0.0015618669
-0.0013874194
-0.0021928529
-0.0025155505
-0.0029775693
-0.0024753832
-0.0032434855
-0.0033038296
-0.003826134
-0.0043912011
-0.0050992321
-0.0057219979
-0.0061044614
-0.0050515148
-0.0049718885
-0.0063894376
-0.0076379096
-0.00687647
-0.004422525
-0.00082581609
0.00097860263
0.0020646338
0.0035544348
0.003222038
0.0053670641
0.0051507743
0.0062084083
0.0054734225
0.0063056267
0.0070921174
0.0073377155
0.0053977746
0.0060564138
0.0050999905
0.0045896593
0.0038777362
0.0022026513
0.0016230847
0.0018844723
0.0021279326
0.0020282663
0.0025638258
0.0031080513
0.0034780475
0.0060081462
0.0062669423
0.0075455964
0.0078006036
0.0081050175
0.007745041
0.0048935318
0.0033082025
0.0023138827
0.0018345595
0.0023008894
0.0013288683
0.00089894157
0.0012107468
0.0021822149
0.002860436
0.0033853946
0.0039489292
0.0046512604
0.006630652
0.0065572036
0.0059623799
0.0055863451
0.0062179962
0.0092997943
0.0099531681
0.0066185908
0.0033187731
0.0017327233
0.0032852419
0.0030030387
0.0020637692
0.0018727333
0.00038522815
-0.00094627029
-0.0038125892
-0.007916522
-0.01149527
-0.01383482
-0.016081119
-0.014834565
-0.013248213
-0.013522325
-0.013841724
-0.013924115
-0.013291666
-0.012642441
-0.012070131
-0.013380651
-0.015058783
-0.014762915
-0.013776543
-0.012306951
-0.010583659
-0.010597849
-0.010427298
-0.010627717
-0.010278599
-0.0095439674
-0.0081166072
-0.0051539105
-0.0029652742
0.00080474834
0.0016573723
0.0024683582
0.00095473683
0.0014700903
0.0021867404
0.0029054267
0.00514161
0.0050393667
0.0056829284
0.0066790772
0.0089557101
0.0083024857
0.0088596835
0.0080057568
0.0063345208
0.0049192816
0.0021907288
0.00033614657
0.00059488685
-0.0010529142
-0.0031271494
-0.006471585
-0.0064781883
-0.0052832025
-0.0040037202
-0.0027539971
-0.00016206345
0.00099003893
0.0027250081
0.0018298818
0.00082601213
-0.00040095443
-0.00091592665
-0.00011998482
-0.0004749622
0.00035201288
0.0006121305
0.00077476432
0.00029912298
-9.5257419e-05
2.7235656e-05
-0.0012671465
-0.0015253926
-0.0013739572
-0.0014768705
-0.0019947967
-0.0021454217
-0.0023781094
-0.0022273456
-0.0019287209
-0.0022204719
-0.0028800837
-0.0069492259
-0.0033274662
-0.00093932873
0.0018795812
0.0033027781
0.001086586
0.0042056789
0.0062103339
0.0062021892
0.0074411038
0.0077918143
0.0065293137
0.006592683
0.0053650193
0.0078406749
0.0081398364
0.0044273407
0.0033294295
0.0024270722
0.0026452066
0.0020885995
0.0015717921
0.0017224227
0.0024695863
0.0032626026
0.0038821026
0.0041482406
0.0047932166
0.0043641372
0.0084932858
0.0087193494
0.010112411
0.010813587
0.010970554
0.0089152565
0.0099354281
0.0096244348
0.007529962
0.0052634131
0.0062579238
0.0064893814
0.0049311418
0.0045285338
0.0050702745
0.0054910938
0.0090283557
0.0092776506
0.01079982
0.010030563
0.0091163364
0.0088369919
0.0089787213
0.010957321
0.010774351
0.010261378
0.0090540122
0.0044356751
0.0048409146
0.0068522141
0.0050545179
0.0035693881
0.0012118633
-0.001867302
-0.006097374
-0.012232609
-0.018776367
-0.020984579
-0.023683026
-0.025621387
-0.02746946
-0.022355488
-0.020845942
-0.021661578
-0.021117757
-0.020398303
-0.018566359
-0.018383286
-0.019625478
-0.019826461
-0.017950684
-0.017901764
-0.017930719
-0.017647532
-0.017135184
-0.017625227
-0.018956136
-0.019525255
-0.01553984
-0.010401407
-0.0052477273
-0.0017895168
0.0033946094
0.0072372045
0.0096217777
0.0082088344
0.010127681
0.014077113
0.015876031
0.01862467
0.016347135
0.018117539
0.019314997
0.017594519
0.017861049
0.016673275
0.017221681
0.014058568
0.0083184526
0.0058487644
0.0048823298
0.0029042726
0.00085631494
-0.00025166269
-0.0015810546
-0.00060982827
-0.00070504924
0.0012573008
0.0015931207
0.0016909584
0.0018853172
0.0025523082
0.0023153811
0.0018948607
0.0011513222
0.0015782671
0.0024958978
0.0023328142
0.0031050243
0.0032979087
0.002627932
0.0018828825
0.0015126382
0.0016877953
0.0021674524
0.0013775156
0.0015803746
0.0015655284
0.0013389949
0.0014428759
0.0011836066
0.00075754439
0.0015633634
0.0023550902
0.0020342336
0.0028483452
0.004502806
0.0046796859
0.0026345636
0.0023052179
0.0023064503
0.0050421597
0.0087214524
0.010457742
0.01020893
0.01089933
0.011036305
0.0097429105
0.0066014389
0.0060416949
0.0033661018
0.000565384
0.00075176585
0.0017787036
0.0023869352
0.0023505364
0.0021388679
0.0027751485
0.0035498207
0.0050746529
0.0059205486
0.006499772
0.0071268679
0.0074985503
0.011479312
0.012092917
0.013063288
0.014119877
0.014773589
0.01284308
0.015914887
0.015930828
0.015501459
0.016075733
0.013678624
0.011533889
0.0094916174
0.0076926098
0.0072055543
0.0095786
0.014898735
0.018328377
0.018948622
0.018496455
0.016703952
0.016712256
0.018049039
0.017985491
0.016460618
0.017053155
0.01682237
0.01160913
0.0082368158
0.0075791975
0.0082176745
0.0033371967
0.00015853679
-0.0037982512
-0.0083986102
-0.015275365
-0.022373885
-0.026046431
-0.029638857
-0.034611287
-0.034239784
-0.031465778
-0.028900121
-0.026440954
-0.026956305
-0.026744896
-0.02736931
-0.027832384
-0.028756518
-0.026973302
-0.024786996
-0.023795576
-0.024259687
-0.027127771
-0.028264443
-0.027827015
-0.029592069
-0.026381276
-0.02220134
-0.015957272
-0.0099214632
-0.006913184
-0.00063538845
0.002058098
0.0073514974
0.010052162
0.013073179
0.017945471
0.020116563
0.023018356
0.023754314
0.028700485
0.027554469
0.028134863
0.025667083
0.021392162
0.018833576
0.012776886
0.01095013
0.009055169
0.0085371458
0.0063022462
0.0064275101
0.0069001421
0.0034423486
0.0036051308
0.0021128673
0.0036615475
0.0036999944
0.0013692193
0.002291811
0.0028527427
0.0019251481
0.0021945948
0.0012333836
0.0018765915
0.002064974
0.0031231922
0.0032644141
0.0046247416
0.0041505741
0.0035275625
0.0023436516
0.003164625
0.0028541416
0.0021823927
0.0029613937
0.0032319989
0.0029912206
0.0027672297
0.0026752185
0.0045114452
0.0059204335
0.0095903156
0.010268149
0.0068558205
0.0045508257
0.0052013996
0.006633564
0.0056240644
0.0075170426
0.0094592297
0.012115761
0.013254237
0.01394408
0.012689622
0.012058009
0.0096222921
0.0068708479
0.0045108526
0.0022324711
0.0015496044
0.001786688
0.0023662261
0.0030864639
0.0038352474
0.0037600087
0.0042199398
0.0049423549
0.006589827
0.0089914325
0.0095423864
0.010267068
0.010813555
0.014199197
0.015373329
0.01663322
0.019168801
0.018208042
0.018483596
0.023773267
0.025814501
0.026981003
0.027117315
0.022139648
0.019978894
0.015907791
0.010227388
0.010170367
0.013342483
0.023648462
0.027211043
0.027802131
0.028800744
0.026430131
0.027034372
0.027438958
0.02438518
0.023126162
0.021032427
0.021163033
0.018384694
0.015074982
0.013080051
0.011547545
0.0090672243
0.0063543325
0.00033910541
-0.0030808351
-0.0068144063
-0.016536786
-0.023710306
-0.030196408
-0.034362074
-0.031787469
-0.03113149
-0.031383055
-0.031021504
-0.02913278
-0.031800105
-0.033964057
-0.034461282
-0.033450498
-0.034395042
-0.031836704
-0.032515824
-0.034044737
-0.035030356
-0.035767729
-0.038192958
-0.035930972
-0.035720129
-0.036100735
-0.027772196
-0.025816591
-0.022794619
-0.013734391
-0.0084554173
-0.0023485777
0.002128566
0.0051792702
0.010020457
0.013758074
0.017388047
0.019693777
0.024388698
0.025750095
0.024454802
0.022087496
0.020203406
0.015337965
0.01085114
0.010843714
0.0090016756
0.0068182097
0.0069106932
0.0064810204
0.0057203089
0.0046824878
0.0024498601
0.00093873007
0.0010299567
0.00098529277
0.0014696161
0.0013229633
0.0019738485
0.0017168543
0.00071160201
0.00086752626
0.00065220371
0.0020866343
0.0030401875
0.0029799671
0.0037381814
0.0032706959
0.0033078253
0.0031933566
0.0031442478
0.0032855193
0.0040056418
0.0037476712
0.0040441646
0.0043031129
0.0048809536
0.006674483
0.0093618978
0.01304042
0.013477121
0.0086360694
0.0087443922
0.0098933229
0.010104298
0.0089805633
0.010739451
0.01263364
0.012674976
0.014718935
0.015508184
0.016180753
0.013217749
0.012174538
0.010807469
0.0082103348
0.0074283327
0.0037306765
0.004318534
0.004121001
0.0050876747
0.0041885868
0.0056975029
0.0066596075
0.006916699
0.0076320952
0.0097977101
0.011912891
0.014549354
0.014181323
0.013774755
0.017443856
0.018846398
0.020819541
0.020680409
0.020754061
0.022968882
0.028296557
0.033266712
0.031489987
0.031467809
0.027157054
0.022791093
0.016995504
0.013032231
0.01073577
0.014494305
0.028043049
0.034790277
0.034362176
0.034606063
0.032951577
0.033554303
0.030772233
0.029196096
0.02833697
0.029703421
0.028466202
0.023761939
0.020822914
0.020130468
0.017366989
0.013581076
0.008994208
0.0026410515
-0.0022551169
-0.0054498425
-0.013059355
-0.021758496
-0.030302065
-0.03197277
-0.032613959
-0.030846977
-0.028488251
-0.034450923
-0.036409118
-0.039587779
-0.041146468
-0.044481922
-0.041023858
-0.042173726
-0.044108166
-0.049476217
-0.052183207
-0.049609562
-0.044156289
-0.044477864
-0.046058838
-0.050418744
-0.045800505
-0.034847645
-0.029804371
-0.024849727
-0.028424804
-0.022600008
-0.016139327
-0.007030794
-0.0049319438
-0.00051458254
0.0059165038
0.0093433214
0.011234308
0.012743081
0.014700971
0.013175214
0.013661955
0.010904154
0.0087380161
0.0056941059
0.0048768477
0.0056825114
0.0062863393
0.0051162434
0.0049395388
0.0026614192
0.0016205577
0.00018781598
0.00038382841
-0.00030287569
-0.00059867165
-0.00066101939
0.00055961701
0.0012761007
-0.00011659073
0.00014439548
0.00037452065
-0.00032856843
0.00040552621
0.0016268494
0.002331565
0.0034101236
0.0047896201
0.0043405057
0.0047320846
0.004384501
0.0053699382
0.0043363627
0.0051346221
0.0052831799
0.0061382591
0.0082063759
0.01073005
0.013296252
0.018102496
0.013604843
0.010675222
0.010785541
0.01028174
0.011817786
0.012717987
0.01325115
0.014019854
0.01696498
0.017635119
0.019374618
0.016358171
0.013430128
0.014283296
0.012454989
0.0092963217
0.0097632271
0.0076951192
0.0048848492
0.0027514132
0.0049472226
0.0060825491
0.0087485214
0.0097351936
0.010574734
0.010594059
0.012839136
0.013915421
0.015357092
0.017671675
0.016644228
0.020453821
0.022639955
0.021973338
0.022068841
0.021501507
0.025325078
0.029771447
0.030483406
0.029535734
0.029372718
0.029093014
0.023697914
0.022586902
0.019355187
0.01005952
0.01222517
0.025989042
0.032325256
0.032068255
0.033679837
0.034549175
0.033908477
0.033973408
0.033319267
0.035974244
0.033934302
0.030266452
0.028860289
0.026874588
0.024199187
0.02007817
0.013055257
0.0067296331
-0.0025803996
-0.011063613
-0.015760827
-0.020665466
-0.028925772
-0.032891159
-0.033576408
-0.031417252
-0.033224677
-0.028060019
-0.033007971
-0.034037303
-0.04305784
-0.043721323
-0.054498287
-0.050036778
-0.048832365
-0.058137633
-0.05749773
-0.060917455
-0.057798766
-0.058654896
-0.06467809
-0.059775932
-0.053982167
-0.052579434
-0.047534109
-0.03936894
-0.037731641
-0.035226715
-0.025484986
-0.019706756
-0.012267167
-0.0077309283
-0.0011537532
0.00036162592
0.0034546188
0.0038217219
0.0066256469
0.0072937027
0.0059108805
0.0029651064
0.0041156487
0.0035369823
0.0040789902
0.0034212683
0.0038780785
0.0047457436
0.0064839779
0.0040371772
0.0038102126
0.00097280133
-0.00033958841
-0.0006213713
-0.00042118168
-0.00081265288
-0.0018524315
-0.0012862151
-0.00076657949
-0.00032432783
0.00058418739
0.0008806415
0.0012798444
0.0024343331
0.0037069053
0.0027029025
0.0030611649
0.0019871012
0.0026935455
0.0024175592
0.0034043393
0.0053103022
0.0056385509
0.0058891299
0.0088899043
0.0091833075
0.009247317
0.010524653
0.015933909
0.017689282
0.012011632
0.0078511855
0.0099882356
0.012557667
0.012156074
0.012603444
0.014519305
0.012945263
0.013118246
0.016471861
0.016515387
0.015063234
0.01249192
0.011342524
0.0077653252
0.0056212937
0.0034321623
0.0031337728
0.005932253
0.0072141809
0.0094445637
0.010187656
0.010878722
0.011781996
0.014282954
0.013941886
0.015509912
0.016903988
0.018073071
0.019335474
0.019177957
0.025270216
0.023934036
0.026181099
0.024709965
0.023372093
0.025939396
0.027859964
0.02633196
0.024358721
0.027391385
0.026590073
0.027016901
0.02267373
0.023147418
0.01557797
0.014132294
0.025479454
0.031889953
0.032754782
0.032474686
0.037565498
0.038484621
0.039709285
0.038995916
0.037687974
0.033414615
0.029149768
0.027976871
0.025356776
0.019330362
0.012172863
0.0031578587
-0.0037687524
-0.010824111
-0.018337848
-0.027380054
-0.035470535
-0.04008756
-0.038972656
-0.036565519
-0.0349359
-0.035058178
-0.034264086
-0.035982566
-0.037551233
-0.043909128
-0.051338272
-0.046768895
-0.051948083
-0.054281285
-0.060745092
-0.06043582
-0.065638996
-0.068529643
-0.070076574
-0.071217016
-0.065492118
-0.062078979
-0.060699927
-0.052390806
-0.048230329
-0.042983227
-0.038481872
-0.032903077
-0.024444353
-0.017833585
-0.012450085
-0.010335795
-0.0076326583
-0.0057115129
-0.0030314606
-0.00162458
-0.002144762
-0.00050756063
-0.00086684802
-0.0010028052
-0.0021251319
-0.000675499
0.001781243
0.0036566533
0.0045581568
0.0047578126
0.0027225251
0.0012798169
6.5044894e-05
-0.0013495973
-0.0015545746
-0.003473707
-0.003198816
-0.0023550177
-0.002236021
-0.0018895325
-0.00070637377
-0.00016493154
5.3902436e-06
0.0013766986
0.0038439888
0.0046381813
0.0049617329
0.0041770537
0.0037077039
0.0039037425
0.005405387
0.0055730516
0.005938291
0.0061816303
0.0071086489
0.0097831989
0.010389764
0.0098511163
0.0106722
0.013582066
0.016840099
0.010515992
0.0074496005
0.0076649817
0.0087513555
0.010967687
0.0094799633
0.012153277
0.010241376
0.010636426
0.01103434
0.0083941429
0.0077170933
0.0032920055
0.00296741
0.003688092
0.0064071232
0.0081275439
0.012167305
0.014128237
0.014564467
0.013791653
0.01580027
0.017036146
0.018591856
0.017499729
0.018555551
0.019401254
0.020659727
0.021715176
0.02355392
0.023576829
0.032227428
0.030704807
0.031596362
0.027095089
0.022455603
0.024020475
0.023514706
0.023079032
0.022412958
0.024718629
0.026061334
0.025689965
0.023859713
0.019589386
0.015034976
0.017122337
0.023824471
0.029048975
0.033900763
0.035140279
0.041938261
0.045696061
0.046285286
0.042351685
0.038633391
0.03199353
0.027756586
0.02317187
0.016096112
0.0090349564
0.0037234273
-0.0042828241
-0.010963682
-0.022334151
-0.031586464
-0.04026582
-0.048255835
-0.052038927
-0.046221824
-0.035823744
-0.038136862
-0.04207887
-0.040425465
-0.042912993
-0.039992329
-0.047638797
-0.051013243
-0.049181899
-0.0561116
-0.059271148
-0.062107021
-0.065677998
-0.070963837
-0.070478994
-0.071137132
-0.069313782
-0.067916637
-0.065907133
-0.064518043
-0.058788372
-0.051994755
-0.046324786
-0.041920468
-0.036568377
-0.030548393
-0.022625053
-0.021189954
-0.018871445
-0.016169023
-0.016163498
-0.014677151
-0.01504879
-0.011028912
-0.010522689
-0.0088232913
-0.009341942
-0.0077323742
-0.0053804297
-0.0021308724
0.0032087251
0.0028779538
-0.00013320528
-0.0022821583
-0.0023438179
-0.0037353852
-0.0037875028
-0.0046304749
-0.0049061235
-0.0056408614
-0.0066682262
-0.0058249677
-0.0066083963
-0.007128467
-0.0050099897
-0.0028621021
-0.0015254224
-0.0014284206
0.00084363331
0.0020469772
0.0044588671
0.0048342282
0.0044568848
0.0042312545
0.0058664067
0.0061117408
0.0083935185
0.010279373
0.011561687
0.01211942
0.011580529
0.012147656
0.012709058
0.013584386
0.011464149
0.007442644
0.0064048739
0.0044281196
0.0061719552
0.0094880321
0.0073908465
0.0073152542
0.0069528605
0.0058983205
0.003588828
-0.0010405987
0.0006883308
0.0037064806
0.0048006758
0.007636009
0.0097672476
0.010316065
0.014285397
0.014971406
0.016559612
0.019180573
0.022380356
0.025572679
0.025530013
0.025769034
0.029097406
0.030631383
0.032522386
0.033593541
0.032049129
0.028889808
0.027182039
0.026976919
0.021620516
0.016694201
0.019221903
0.0190834
0.023224697
0.020446935
0.024916618
0.024689563
0.024872722
0.023933602
0.015159273
0.010523422
0.013567634
0.020425388
0.026197715
0.028543717
0.032588074
0.039724368
0.044877725
0.044514873
0.042870488
0.035150224
0.029086979
0.018047891
0.013633006
0.0054992735
0.0015494746
-0.0091079763
-0.018800317
-0.024230261
-0.029372915
-0.038608549
-0.052754754
-0.063747005
-0.063183955
-0.050938534
-0.050320297
-0.049794866
-0.050848087
-0.048404278
-0.052144274
-0.051610282
-0.051995599
-0.050251951
-0.053438523
-0.057733362
-0.061320292
-0.058818244
-0.060829385
-0.061561122
-0.061576244
-0.059948603
-0.057337109
-0.056098293
-0.054687561
-0.052050315
-0.053628965
-0.049341621
-0.045310867
-0.041302202
-0.038723169
-0.033118633
-0.027894747
-0.026111221
-0.02424359
-0.023488903
-0.02160635
-0.019575801
-0.021604167
-0.019121106
-0.017321376
-0.018054645
-0.017110771
-0.01264922
-0.011766747
-0.0071645191
-0.0044100757
-0.0041986601
-0.0059241059
-0.007318078
-0.0053979215
-0.0089709244
-0.0091982449
-0.0088024575
-0.011014268
-0.006832019
-0.0082874501
-0.0087762725
-0.0081072033
-0.0079310827
-0.0062070764
-0.0078104094
-0.0043536958
-0.0020182804
-0.0023704319
0.00015090138
0.0034270558
0.0035584249
0.0060696921
0.0044077139
0.0035583557
0.0028499693
0.00528969
0.0071623104
0.0096579413
0.010520586
0.0139051
0.010959215
0.0096125397
0.0056268282
0.0037090123
0.013210439
0.0072286238
0.0080869953
0.0091528501
0.0075754838
0.00854097
0.0075483334
0.0071922706
0.0055714204
0.0036550437
0.0024304651
0.0029470035
0.0033022609
0.0067884582
0.0073982187
0.010769376
0.010192703
0.010576582
0.015215993
0.018134286
0.020794694
0.022619672
0.025007296
0.028374996
0.029485121
0.031135715
0.028822942
0.027573546
0.031439944
0.03157504
0.021272589
0.021418985
0.019691874
0.016438996
0.015099485
0.019356341
0.019945226
0.020872078
0.01915798
0.021965638
0.021541729
0.022223217
0.020710459
0.016738433
0.013943422
0.013363085
0.018869455
0.021768917
0.025188601
0.026005538
0.029554122
0.030553591
0.034078913
0.035620997
0.032692092
0.024282946
0.014485621
0.0062117009
-0.0045317622
-0.01278726
-0.022651332
-0.031426617
-0.028863254
-0.03794051
-0.050572412
-0.062616653
-0.074869267
-0.076749314
-0.066216054
-0.063689246
-0.06563324
-0.068930278
-0.062913817
-0.058359232
-0.05649087
-0.053999787
-0.050111347
-0.048917245
-0.046177937
-0.044350936
-0.049326153
-0.052184297
-0.052338616
-0.049154638
-0.047506738
-0.044365466
-0.042838739
-0.040085345
-0.037804446
-0.03716118
-0.034238541
-0.030383714
-0.026935895
-0.025878945
-0.023373104
-0.01842764
-0.018824425
-0.017937554
-0.016352453
-0.017845741
-0.017542794
-0.02055568
-0.019663309
-0.01658039
-0.019194095
-0.01745416
-0.01540778
-0.013034803
-0.01424441
-0.010474276
-0.010297985
-0.0093576821
-0.01385857
-0.011863501
-0.0090252396
-0.0092673216
-0.01177047
-0.013676735
-0.012964609
-0.012254922
-0.0081773496
-0.0067954847
-0.0075589324
-0.0082538802
-0.0072001371
-0.0065945099
-0.0052127829
-0.0063495883
-0.0028754233
0.00020643156
0.0003497645
0.0020646868
0.0062687895
0.0073875374
0.0054377122
0.0062028899
0.0073807149
0.0079666929
0.0098792101
0.016587566
0.012548052
0.0089672704
0.00196576
0.002014001
0.0066241539
0.0065510177
0.0064357608
0.0059511987
0.0068199545
0.0049988809
0.0041804835
0.0033062814
0.0069725657
0.0059637851
0.0047504141
0.0042637414
0.0051815108
0.0060294961
0.007154377
0.0098797634
0.0099872403
0.01107375
0.014570559
0.017126012
0.018181862
0.019123393
0.021652225
0.022890204
0.023168237
0.020885926
0.019763535
0.019311979
0.020231359
0.022303082
0.016139352
0.015665539
0.016373753
0.017546711
0.01898662
0.017603116
0.020577496
0.024360532
0.020121629
0.017093117
0.015523414
0.018261461
0.018316558
0.0161736
0.011586817
0.0088982171
0.018195789
0.016713063
0.019588143
0.017183686
0.017549093
0.017679092
0.019782399
0.020630879
0.018408305
0.013693621
0.0049456827
-0.0045859674
-0.018325456
-0.032086878
-0.040503864
-0.037206182
-0.042598227
-0.052706682
-0.067278197
-0.076246415
-0.083552151
-0.083580727
-0.077733005
-0.064378454
-0.064744935
-0.063498958
-0.056773502
-0.055249414
-0.059268464
-0.057614466
-0.048499666
-0.038427835
-0.032332693
-0.033011624
-0.033920117
-0.040549778
-0.034397127
-0.032972284
-0.027836205
-0.024718262
-0.022961014
-0.020904371
-0.019127226
-0.017211176
-0.012461417
-0.012035427
-0.0092062072
-0.0065662371
-0.0071533833
-0.004953675
-0.0070768228
-0.0079380316
-0.010083958
-0.013611081
-0.014772819
-0.01373034
-0.016054902
-0.018801352
-0.019977617
-0.01865744
-0.018256519
-0.019093434
-0.016494125
-0.014526931
-0.013904676
-0.012969959
-0.012679024
-0.013259881
-0.013544628
-0.014579951
-0.015518684
-0.015449607
-0.015594165
-0.014923164
-0.013742955
-0.0097344131
-0.0087914902
-0.0085611424
-0.0099417544
-0.010659601
-0.008896544
-0.0068554605
-0.0014937496
0.0030915094
0.0071799607
0.011020618
0.018587022
0.022833735
0.019654445
0.019931872
0.018381287
0.016562242
0.011218626
0.012916162
0.0082624949
0.00071873109
0.002964
0.0049152296
0.0064681679
0.0041387923
0.0055205805
0.0041378575
0.003557745
0.0016635697
4.6710029e-05
0.0012667383
0.0021040331
0.0016854258
0.001845386
0.00262846
0.0031713026
0.004422547
0.005113456
0.0066061133
0.0077512369
0.0082813382
0.0084510308
0.011584452
0.012945135
0.014642167
0.015658871
0.016850145
0.015057226
0.014087459
0.013514129
0.014558775
0.014604421
0.01446505
0.015243303
0.015852429
0.017674952
0.017529447
0.017994205
0.017261661
0.018602607
0.019894209
0.021158917
0.019135863
0.016887891
0.014813506
0.014457449
0.01423329
0.007705142
0.00090739826
0.010509431
0.01000306
0.0066685137
0.0072147769
0.0083245614
0.0086164761
0.0093680021
0.0059211451
0.0038352638
-0.00030933664
-0.0082380248
-0.018031795
-0.028092064
-0.047197496
-0.04674066
-0.0396794
-0.047677093
-0.055344637
-0.06805732
-0.073639393
-0.075345848
-0.07348085
-0.069063025
-0.04939041
-0.040301093
-0.043938504
-0.041369857
-0.04438186
-0.051449119
-0.048473184
-0.038260196
-0.027678824
-0.016432939
-0.01357431
-0.017146081
-0.016906985
-0.013046306
-0.010834076
-0.0078571294
-0.005846214
-0.0020026359
0.0011195278
0.0021589754
0.0021321284
0.0044175917
0.0021560831
0.0027809015
0.0017781555
0.0023488768
0.003793199
0.0019840367
-0.00059613167
-0.003074371
-0.0071962187
-0.011152502
-0.011863713
-0.013934522
-0.016551464
-0.020732199
-0.018891616
-0.017343493
-0.017331692
-0.016652462
-0.014479661
-0.017184939
-0.017570405
-0.017190026
-0.015786938
-0.016298453
-0.016511204
-0.016121136
-0.015126932
-0.016536447
-0.014818499
-0.012779915
-0.012308173
-0.010669714
-0.010133146
-0.011759034
-0.011326471
-0.009671936
-0.0089828402
-0.0035495324
0.005112904
0.010784063
0.017536087
0.022741401
0.023728183
0.025151142
0.026815943
0.025070099
0.023765791
0.020303732
0.018732618
0.0094744786
0.0064865115
0.0064966647
0.0080937124
0.0079215356
0.0071529316
0.0054350408
0.0041307189
0.0019938995
-0.0012920184
-0.0025420585
-0.002821388
-0.0037767524
-0.0023046779
-0.0014250009
-0.00056470647
0.00067043554
0.0011044277
0.0027920698
0.0044090662
0.0057878809
0.006787952
0.0067990164
0.0066444243
0.0087099085
0.010766862
0.01087741
0.011651214
0.01041419
0.010203168
0.010769387
0.011835163
0.015787152
0.014471379
0.013997266
0.016210095
0.01651477
0.014639692
0.015732318
0.013717058
0.014629327
0.015709053
0.016466269
0.0147978
0.012685467
0.010490593
0.009389022
0.007091287
0.0053592841
0.0042435448
0.0084118023
0.01006446
0.0085928765
0.0040105567
0.0030643191
0.0021558133
0.0016021809
-0.0025075883
-0.0050777268
-0.0087344336
-0.014491022
-0.022934857
-0.031473154
-0.041048021
-0.035027184
-0.039837063
-0.048722251
-0.051607911
-0.058188759
-0.057389978
-0.053946837
-0.049163456
-0.047381221
-0.031913426
-0.025132881
-0.032441012
-0.033115668
-0.030117047
-0.030173719
-0.027559746
-0.022358516
-0.015199359
-0.0035212107
-0.0025692085
-0.0045401295
0.0025712831
0.0051986834
0.0064907078
0.0072655454
0.010076999
0.01221473
0.012674833
0.010244062
0.01150249
0.011704893
0.011475364
0.012340001
0.010129413
0.0096216513
0.010415821
0.0067721993
0.0041133106
0.00033345687
-0.0024540166
-0.0060832721
-0.0083912983
-0.012929353
-0.015250784
-0.016761054
-0.017484135
-0.018237107
-0.017531947
-0.015403273
-0.014737822
-0.01326248
-0.015840209
-0.01671774
-0.018444664
-0.020694635
-0.020388226
-0.018217646
-0.017527837
-0.016322507
-0.015771747
-0.014142119
-0.010621474
-0.0064463579
-0.0070261292
-0.0085931731
-0.0083709452
-0.0045796251
-0.002978762
-0.00062274143
0.0032765104
0.010189732
0.016922008
0.021058129
0.023639046
0.022595485
0.025018112
0.019052357
0.016389166
0.009479852
0.0089026573
0.0099346851
0.0090885941
0.0084951979
0.0078286788
0.0048593772
0.0028459346
0.0020690684
-0.0013771902
-0.001906357
-0.0017885202
-0.004569014
-0.0045296141
-0.0038421683
-0.0040508
-0.0040088017
-0.0045739043
-0.0032390275
-0.0027404923
-0.00088216359
0.00020385892
0.00068681056
0.0019338001
0.0042256366
0.0047937762
0.0049711786
0.005651966
0.0065725254
0.0072979504
0.0069505458
0.0067095887
0.0067957198
0.010097898
0.012637787
0.01382722
0.012566978
0.011844731
0.010116114
0.011401512
0.010086307
0.009253181
0.011182073
0.010328795
0.0095666485
0.0099740717
0.0089676637
0.0096534436
0.0069596102
0.0063737109
0.0052714106
0.0047813897
0.0048716609
0.007175064
0.0095791236
0.0081138547
0.0044825111
0.00037763027
-0.0021265885
-0.0054518334
-0.0071808206
-0.011050512
-0.015574405
-0.020257107
-0.024167992
-0.023880623
-0.01786444
-0.022027664
-0.030499406
-0.038967328
-0.03914621
-0.037711351
-0.031218822
-0.022727268
-0.020188674
-0.013318648
-0.013658956
-0.020035657
-0.018715779
-0.014314674
-0.014587556
-0.01382062
-0.011493202
-0.0059161682
0.00019876241
0.004316887
0.005818183
0.0082782105
0.01216029
0.014029075
0.013879314
0.013488739
0.013156244
0.014623386
0.0138185
0.013593638
0.012719156
0.01180607
0.011517761
0.010896832
0.011505538
0.011345199
0.010380017
0.00902471
0.0056215983
0.0022649
-0.0030390481
-0.0043187229
-0.0059699434
-0.0090628093
-0.010690208
-0.011465665
-0.011945538
-0.012277051
-0.01232558
-0.013436605
-0.011644175
-0.010614083
-0.011484571
-0.014246315
-0.014997494
-0.015829288
-0.016287517
-0.017123882
-0.016312795
-0.014733662
-0.013541851
-0.010778621
-0.0066493252
-0.0051506741
-0.0047740737
-0.004149614
-0.0025499399
-0.00057502071
0.0021986128
0.0054729778
0.0090082085
0.014318581
0.015473353
0.015196209
0.011982595
0.012328006
0.0097907016
0.00775773
0.0032034081
0.004932124
0.0094888457
0.0078468747
0.009673861
0.0092288559
0.0076584419
0.0052158381
3.9581503e-05
-0.0017058827
-0.0028336532
-0.0039309383
-0.003952707
-0.0045006968
-0.0039567926
-0.002907891
-0.0034161869
-0.0046992879
-0.0046945324
-0.0052173427
-0.0041201678
-0.0028666881
-0.0035186327
-0.002711075
-0.0007467039
0.00089691924
0.0016362341
0.002181879
0.0017516314
0.0022955821
0.0029112199
0.0041182984
0.0063550359
0.0046397583
0.0077728808
0.0099023929
0.0071020528
0.0083577001
0.010097941
0.0090249081
0.00869167
0.0087419566
0.009521117
0.012108496
0.0091863958
0.0086652979
0.0083114944
0.0070953088
0.0081837394
0.0067052568
0.0065103559
0.0047976797
0.004749196
0.010905938
0.0097147819
0.011027041
0.0094870228
0.0062430297
0.0015956219
-0.002090642
-0.0036568061
-0.0072406559
-0.011149588
-0.013767251
-0.013164043
-0.0072337747
-0.002610689
-0.0068095381
-0.010468396
-0.012268576
-0.017262417
-0.015910669
-0.013713092
-0.0087973014
-0.0048301243
-0.0015107734
-0.0034231682
-0.0055722092
-0.0051712447
-0.0047775179
-0.0030966366
-0.0062555838
-0.0081337532
-0.0078316188
-0.0014108258
0.0027487624
0.0056852297
0.007115969
0.0080313182
0.01182923
0.012235184
0.012233313
0.011653165
0.010455352
0.012249119
0.011396899
0.0085571705
0.0070365104
0.0072324269
0.0077965433
0.0094093753
0.010224661
0.01072707
0.0091838101
0.0070973975
0.0040598151
0.0023765383
0.00027518152
-0.0015898554
-0.0031675876
-0.0051422096
-0.0081022065
-0.0079667832
-0.0073301584
-0.0089937746
-0.0086480055
-0.0090247516
-0.0082654812
-0.0086422119
-0.0093174191
-0.0093586174
-0.011026281
-0.011687785
-0.012421653
-0.013505697
-0.012185671
-0.010676726
-0.0088970464
-0.0068186505
-0.0046855466
-0.002155266
-0.001614497
-0.0017364392
-0.00092149902
0.0018925784
0.0021787263
0.0032814267
0.0049469532
0.0046620248
0.0046376669
0.006727455
0.007348897
0.0071536896
0.003269941
0.0026966453
0.0041623842
0.0075041858
0.0067161292
0.0063640041
0.0072549221
0.0054348656
0.0040317264
0.0046608022
0.003452835
0.0015212501
0.0004724567
3.1662205e-05
-0.00067163459
-0.0013327346
-0.0013711441
-0.0020882527
-0.0029882534
-0.0041057419
-0.0042012983
-0.0040020421
-0.0035526807
-0.0031117556
-0.0042451844
-0.0050204707
-0.003621601
-0.0029644824
-0.0017307215
-0.0024473348
-0.0033846239
-0.0038649111
-0.00050065059
0.0018186595
0.0014735656
0.0029890111
0.0057584601
