0.0042208946
0.003791848
0.0044200324
0.0040453231
0.004394826
0.0028982744
0.0019479145
0.0034001298
0.0036737684
0.0033102859
0.0035637181
0.0049066018
0.0040636149
0.0029475678
0.0025841671
0.0025750161
0.0028334165
0.0054273008
0.0069377102
0.0071762405
0.0087294124
0.0099869978
0.0077206863
0.0079745477
0.0081104153
0.0082187794
0.0078950641
0.0057025097
0.0054272394
0.0070672212
0.0061421036
0.0065557789
0.0062588013
0.0059032189
0.0050589631
0.0039376597
0.0050647511
0.004876385
0.0036662327
0.0038575154
0.0042563967
0.002602924
0.00095211391
0.0011449665
-0.00051755614
-0.0024887937
-0.004423428
-0.0077198833
-0.0098250308
-0.012459503
-0.012200704
-0.012399802
-0.013152235
-0.011789054
-0.010342547
-0.0092197018
-0.0086651832
-0.0066502765
-0.00557375
-0.0071348422
-0.0094375123
-0.0076709526
-0.004916891
-0.0043001228
-0.00701884
-0.0098453995
-0.012065297
-0.014295699
-0.013673658
-0.014378407
-0.013355228
-0.015977462
-0.017300485
-0.01537658
-0.014663097
-0.014394811
-0.01408475
-0.012201204
-0.0084171803
-0.0056920257
-0.0038460355
-0.0019604462
-0.00098958929
-0.0027825641
-0.0034130632
-0.0033693297
-0.0050268538
-0.0059464548
-0.005309457
-0.0027553234
-0.0017878916
-0.00088265541
-0.0019216361
-0.0012910795
-0.0020507872
-0.0024093337
-0.0028104257
-0.0020462905
-0.003618525
-0.0041296104
-0.0032269041
-0.0028734002
-0.0027824702
-0.0039976548
-0.0040791405
-0.0032838145
-0.0025114956
-0.0031565612
-0.0038235152
-0.0044625451
-0.0046122018
-0.005608295
-0.006548763
-0.0060478179
-0.0051659003
-0.0065616252
-0.0054994717
-0.0048413392
-0.0049226401
-0.0010962156
0.00010954802
0.0010319133
0.0014191463
0.0049619058
0.0067955846
0.0044122439
0.0054371298
0.0058227111
0.0071943512
0.0076112858
0.0085593485
0.0077120531
0.0064280817
0.0063997945
0.0052423473
0.0043576846
0.0031658836
0.0013809174
0.0021874879
0.0016390855
0.0018827877
0.002077764
0.0027302769
0.0032764994
0.0044576681
0.005182641
0.0056431647
0.006095571
0.0053262994
0.0044019312
0.002736442
0.0023899842
0.0013888821
0.0014469012
0.0022408843
0.003313323
0.0030784676
0.0020501812
0.00054230259
0.00072878003
0.0024063423
0.0038477854
0.0050963988
0.0058267351
0.0059650211
0.0070342852
0.0070720753
0.0061920386
0.007654065
0.0079145727
0.0058856985
0.0055882235
0.0045238519
0.0046019477
0.0048543736
0.00456324
0.0041453266
0.0031842048
0.00088749872
0.00085511272
-0.00028320128
-0.0018942118
-0.0045716641
-0.0062275549
-0.0065592709
-0.0071004537
-0.0079873579
-0.0082052928
-0.0090791027
-0.0091497003
-0.0092895015
-0.011972574
-0.013845506
-0.014276175
-0.013631031
-0.014195581
-0.013033502
-0.012420671
-0.0095546365
-0.010207876
-0.0087421523
-0.0075494906
-0.0056057691
-0.0066588404
-0.0054445437
-0.0038531327
-0.0018729616
-0.0014162221
-0.0023540545
-0.0053261836
-0.0069080149
-0.0078367412
-0.0079553583
-0.0078067722
-0.0077003303
-0.0076064184
-0.0044423104
-0.0034562139
-0.0049892076
-0.004783991
-0.0034343214
-0.0015515907
-0.00087691213
-0.00023651953
0.0013964583
0.0016918262
0.0010062249
-0.0006476193
-0.0035721592
-0.0061361166
-0.0057123278
-0.0041787732
-0.0039950411
-0.00175373
0.00067395563
0.0017331496
-2.533891e-05
-0.00053477333
-0.0023480939
-0.0011931059
-0.0019982206
-0.0016580254
-0.0020210956
-0.0007122004
-0.0011050848
-0.00099913873
-0.0019442158
-0.0022860681
-0.0027830304
-0.0021300639
-0.0028619539
-0.0027812164
-0.0032568403
-0.0038761948
-0.0045399421
-0.0050403424
-0.0054317397
-0.0042964012
-0.0042044875
-0.0051620739
-0.0062638077
-0.0054878725
-0.0032562063
0.00051315368
0.0023692831
0.0035698602
0.004899274
0.0046139423
0.0069232818
0.0062621652
0.0073402154
0.0064529888
0.0069303249
0.007543698
0.0077794437
0.0057784059
0.006453476
0.005460202
0.004946987
0.0041561056
0.0024197485
0.0020203769
0.002312864
0.0026790997
0.0026497395
0.0031324741
0.0036459676
0.0039527278
0.006499686
0.006869474
0.0082117635
0.0085037453
0.0089481434
0.0082703119
0.0056571088
0.0039968988
0.00303293
0.0025826996
0.0032122509
0.0022731116
0.0015251058
0.0018769598
0.0025759876
0.0028728288
0.0034972677
0.004327313
0.0052434306
0.0072165866
0.0070962402
0.0065350258
0.0059149154
0.0061587594
0.0096546276
0.010414805
0.0067051628
0.0032671818
0.0011445903
0.0028276201
0.0028897914
0.0015791791
0.00089245607
-0.0010996326
-0.0024585551
-0.0053562084
-0.0095436838
-0.013356265
-0.015670107
-0.017948721
-0.016915917
-0.015896667
-0.016134614
-0.016537088
-0.016728381
-0.016296814
-0.015805944
-0.015611142
-0.016810137
-0.01830211
-0.017645416
-0.016278183
-0.014439143
-0.012668726
-0.012560413
-0.012049236
-0.01190276
-0.011197043
-0.0098404449
-0.0080057943
-0.0049963543
-0.0027457376
0.0007064719
0.00085503308
0.0014969822
-0.00017495405
0.00031916874
0.0011913389
0.0020585516
0.0043572201
0.0041898812
0.0047672752
0.0065348424
0.0094240469
0.0091934129
0.01002222
0.009491191
0.007985268
0.0073131567
0.0052178611
0.0033367932
0.0034940537
0.0012365137
-0.00057786174
-0.0043239223
-0.0049698954
-0.0040260645
-0.003060215
-0.0017321197
0.0010948526
0.0023765015
0.0038233199
0.0025358038
0.0013347453
0.00019778192
-0.00053088285
-5.1275099e-06
-0.00040712847
0.00057692889
0.0009962351
0.0012040651
0.00063871727
0.00023398974
0.00030938449
-0.00098845442
-0.001064224
-0.00080307412
-0.00076367676
-0.0012524745
-0.0014320706
-0.001561291
-0.0016068614
-0.00101453
-0.0013382276
-0.0019369678
-0.0052404656
-0.0017479289
0.00023321346
0.0031203442
0.0046710019
0.0019765
0.0055404429
0.0074015883
0.0082021924
0.009148802
0.0093726415
0.00795944
0.0077202117
0.0058667326
0.0077810201
0.0081059711
0.004549738
0.0035515814
0.0025724728
0.0029141042
0.0024537737
0.0018382551
0.0023665825
0.0031485278
0.003993722
0.0045229685
0.0047237976
0.0052461111
0.0049115463
0.0090674413
0.0093283253
0.010749915
0.011623096
0.011874667
0.0097101788
0.011457532
0.011119949
0.0086738869
0.0063646252
0.0073975882
0.0076111421
0.0055224532
0.0049939217
0.0052032258
0.0051617849
0.0091157767
0.0093490712
0.011054605
0.010224995
0.0094225602
0.0091850557
0.0088629469
0.010776891
0.010940478
0.010565806
0.0091348837
0.0040541773
0.0038324557
0.005822532
0.0042462714
0.0027160132
-0.00049390538
-0.0040228125
-0.0083605447
-0.014880397
-0.021440501
-0.023673117
-0.026134073
-0.028126649
-0.030414751
-0.025771435
-0.024385428
-0.025129822
-0.024567723
-0.024156923
-0.022560508
-0.022891732
-0.024046675
-0.023885588
-0.021503841
-0.02107637
-0.020978137
-0.020422539
-0.019745044
-0.020241726
-0.0209665
-0.02079994
-0.01601996
-0.010255261
-0.0052515565
-0.0019810497
0.0026371569
0.0058444887
0.0078952484
0.006398264
0.0085434379
0.012831487
0.01450439
0.017641618
0.015497534
0.017681102
0.019863018
0.018753314
0.019142627
0.018197743
0.018865439
0.016573915
0.011093297
0.0088956351
0.0081511695
0.0058864048
0.0033661758
0.0021080035
0.00023112823
0.0007806072
0.00018376256
0.002018924
0.0025787287
0.0028421856
0.002980341
0.0034598253
0.0027802178
0.0023171377
0.0014098521
0.0016458589
0.0026776478
0.0024946306
0.0035014333
0.0037932673
0.0030467118
0.0022737075
0.0018925479
0.0021830228
0.0027157575
0.0019268234
0.0022613256
0.0023721871
0.0021020045
0.0022061644
0.0017611863
0.0013566694
0.0024296838
0.0033424389
0.0030724322
0.0035515056
0.005099357
0.0054771089
0.0031204469
0.0024648563
0.0031340039
0.0065113782
0.010306638
0.011848954
0.011633033
0.012001247
0.012022488
0.010454974
0.0067039882
0.0055997699
0.0028774092
0.00010929558
0.00053794507
0.0017383353
0.0024898932
0.002639802
0.0025378866
0.0034330524
0.0041773023
0.0056932007
0.0065814729
0.0071125062
0.0077450124
0.0080850544
0.01198843
0.012813976
0.013700651
0.01468032
0.01539193
0.013274421
0.017039548
0.017345492
0.016719175
0.017262829
0.014369901
0.011803462
0.0096209434
0.0072336402
0.0065394841
0.0090323581
0.014446718
0.018079593
0.019210024
0.018705032
0.017062302
0.017121328
0.017960822
0.018044418
0.016946345
0.017226141
0.016428751
0.010488746
0.0063979305
0.0057337049
0.006611041
0.0016446677
-0.0020444864
-0.0067217333
-0.011530187
-0.018589122
-0.026139113
-0.02967438
-0.033050169
-0.038156576
-0.038319346
-0.03538885
-0.032679048
-0.030380338
-0.031038906
-0.031161071
-0.031963361
-0.03229561
-0.033204962
-0.030954964
-0.028473003
-0.027578961
-0.028163116
-0.030932367
-0.031614731
-0.030820077
-0.031900116
-0.028054735
-0.023392763
-0.016874545
-0.010593722
-0.0079842157
-0.001923129
0.00013216102
0.0055417848
0.0081447422
0.011273404
0.016282645
0.018714935
0.022319508
0.023528225
0.028995891
0.028074652
0.029369751
0.027035833
0.023177964
0.020875228
0.015372566
0.013269409
0.011680256
0.011154885
0.0086365597
0.0083568156
0.0086238227
0.0046910879
0.0045640828
0.002993278
0.0044724946
0.0044864745
0.0019277198
0.0029493647
0.0034987143
0.0024149163
0.0026455429
0.001541752
0.0021008083
0.0024432508
0.0035698463
0.0037437105
0.0052495995
0.0047287632
0.0039022198
0.0026575342
0.0036375545
0.0034424625
0.0028266903
0.0035388029
0.0038720225
0.0036507382
0.0033963729
0.0032025711
0.0051368535
0.0064662164
0.010165115
0.010730559
0.0074399272
0.0050808292
0.0057751664
0.0065501965
0.0058844161
0.0082936187
0.010244975
0.012873755
0.014457315
0.015177527
0.013446886
0.013475498
0.010547545
0.0070005048
0.0038829417
0.0015389516
0.00085683708
0.0015629861
0.0023450916
0.0032591905
0.0040432082
0.0041939472
0.0046832387
0.0054720935
0.0071089636
0.0095790245
0.010045792
0.010816932
0.011399153
0.014635816
0.015793563
0.017167686
0.019668521
0.018419062
0.018794679
0.024267398
0.026741915
0.027811698
0.028213101
0.022670651
0.020485368
0.015640864
0.0091340323
0.0085312452
0.011888385
0.022996059
0.026505029
0.027365416
0.02879333
0.027053753
0.027426586
0.027431559
0.024325666
0.023176481
0.02108967
0.020432713
0.016860101
0.013095043
0.010530924
0.0091772194
0.0063525396
0.0034914923
-0.0032625908
-0.0072676192
-0.011384676
-0.020886202
-0.027952615
-0.035162048
-0.039653691
-0.037109018
-0.036343948
-0.036136976
-0.034969557
-0.033031306
-0.035975909
-0.038954491
-0.039383353
-0.03796555
-0.038500557
-0.035724514
-0.036460963
-0.03781673
-0.038249491
-0.038683444
-0.040548635
-0.037406093
-0.0375255
-0.037771141
-0.029529286
-0.027014955
-0.023794845
-0.014544293
-0.0095711547
-0.0036636984
0.00090332769
0.0044490213
0.0094071559
0.01352131
0.017535871
0.020616861
0.025656497
0.027112951
0.026207561
0.023545849
0.021998634
0.017527369
0.013295845
0.013148976
0.011232474
0.0091210965
0.0089215313
0.0085201906
0.0071639485
0.005873036
0.0033329374
0.0015617882
0.0013217514
0.0013723955
0.0019921612
0.0019973419
0.002687411
0.0022388314
0.0011577982
0.0012405711
0.00077620797
0.0021806296
0.0033649264
0.0035508316
0.0044748681
0.0041472174
0.0040867722
0.0040181649
0.0038894701
0.0039814532
0.0045295334
0.0040837371
0.0043822669
0.0048993487
0.0054874087
0.0072556001
0.0097080488
0.0133287
0.014167296
0.0091894042
0.0091467919
0.0096984343
0.01024491
0.0089008843
0.011059584
0.013008723
0.013100275
0.015401636
0.016250883
0.017263502
0.013726431
0.012851108
0.011472159
0.0085286557
0.0073050505
0.0029292055
0.0041351156
0.0043462045
0.0056862734
0.0050063482
0.0064775128
0.0071995567
0.0074150371
0.0079368108
0.010193751
0.01239429
0.015150616
0.014730078
0.014361456
0.018051522
0.019368527
0.021209904
0.020743618
0.020748273
0.023161103
0.028628556
0.033844872
0.032311511
0.032542654
0.027893567
0.02355656
0.017138503
0.012076938
0.0090364037
0.012819504
0.02669379
0.033600701
0.033280067
0.03366609
0.032544274
0.033553158
0.03031835
0.02889455
0.028024091
0.029053247
0.027288354
0.021959507
0.018339799
0.016906871
0.013626153
0.010110652
0.004719686
-0.0016614802
-0.0068970119
-0.01043551
-0.018410798
-0.027474114
-0.036322884
-0.038653498
-0.038914607
-0.036351781
-0.033521238
-0.038841948
-0.040737783
-0.043793428
-0.04486493
-0.047865696
-0.044491133
-0.045563145
-0.04759832
-0.0522974
-0.054333324
-0.051343547
-0.045330485
-0.044859202
-0.046588869
-0.051139501
-0.047043028
-0.035990016
-0.030421581
-0.025177637
-0.028728606
-0.0230881
-0.015663859
-0.0064390199
-0.0040280376
0.00076971533
0.0075051155
0.01144273
0.013275982
0.014975676
0.01648832
0.015278086
0.015734217
0.012632402
0.01106197
0.0075468872
0.0065656082
0.0070921374
0.0077433844
0.0066496665
0.0064412461
0.0039907939
0.0028171864
0.00071421066
0.00094781695
0.00016512038
1.7312898e-05
-0.00011622946
0.0014450573
0.002027546
0.00025886822
0.00042275827
0.00051330129
-0.00041292502
0.00045886897
0.0015700952
0.002526096
0.0037739382
0.0054327832
0.0050902519
0.0056031842
0.0052496672
0.0062347614
0.0046121662
0.0052316846
0.0051332772
0.0063023256
0.0086337466
0.011236728
0.013842678
0.01871604
0.014377666
0.010784715
0.010590329
0.01015939
0.011834338
0.012854531
0.013444017
0.014264116
0.017430021
0.01877919
0.020362885
0.016955678
0.013619189
0.014684116
0.012792096
0.0096375863
0.0098620018
0.0074196738
0.0055822884
0.0033417603
0.0056094866
0.0070877957
0.0097876898
0.010580696
0.011223277
0.010928999
0.013192638
0.014373732
0.015925051
0.018420354
0.017185603
0.020784819
0.023253852
0.022235155
0.021964028
0.021216819
0.024996755
0.029806021
0.03046944
0.029796574
0.029840874
0.029900082
0.024479532
0.023240907
0.019456866
0.009442313
0.011062076
0.024591996
0.030961677
0.030762196
0.032509997
0.033637267
0.033145519
0.033371927
0.033368076
0.035546136
0.033218016
0.029381273
0.027677941
0.024699629
0.021498061
0.016734556
0.0092849509
0.002634377
-0.0071962342
-0.015350655
-0.020831734
-0.026483057
-0.034755289
-0.039342721
-0.039782281
-0.036393961
-0.037485245
-0.032479846
-0.036490424
-0.037106773
-0.045692356
-0.046509498
-0.056055633
-0.052375619
-0.05071022
-0.059482642
-0.059606068
-0.062018273
-0.058115192
-0.058920057
-0.064373097
-0.059832514
-0.054061884
-0.052515882
-0.046812754
-0.038553782
-0.036887911
-0.033663884
-0.023931245
-0.017636516
-0.010331073
-0.0056422814
0.00098627566
0.0029686458
0.0062790797
0.0065630255
0.0092635819
0.0095958987
0.0080408983
0.0050818054
0.0063587521
0.0055178903
0.005668842
0.004838925
0.0049697964
0.0057660235
0.0076204645
0.0052253626
0.0046737109
0.001756218
0.00011156099
-0.00016701002
-0.00010706586
-0.0005880236
-0.0015306196
-0.00069994363
-0.00025827935
0.00021671471
0.00090841407
0.0011540632
0.0014287954
0.0028383166
0.0039601376
0.0028531326
0.0029993227
0.0021407461
0.0028801276
0.0024662859
0.0033721223
0.0054343825
0.0057577062
0.0060806194
0.0089108903
0.0090834098
0.0090050878
0.010436133
0.016062532
0.017561951
0.011979229
0.0074066703
0.0095629779
0.012265467
0.01188146
0.012415331
0.014715722
0.013328647
0.013823376
0.017860105
0.017252719
0.015816805
0.012713973
0.011887648
0.0086425668
0.0059188655
0.0037799536
0.0039909118
0.0069612693
0.0084986719
0.010424049
0.011133732
0.011890197
0.01256191
0.014993398
0.014520132
0.016230367
0.017568107
0.018925775
0.02006539
0.019628869
0.02494342
0.023806717
0.025901136
0.023743637
0.022482065
0.025335166
0.027860704
0.026506921
0.02460528
0.02823551
0.027631736
0.027768211
0.023354286
0.023846706
0.015710975
0.013670402
0.024284346
0.030328172
0.031197253
0.031027291
0.035953388
0.03683756
0.038605909
0.038470139
0.0373271
0.032764049
0.028566461
0.026727559
0.022936113
0.016386464
0.0089109072
-0.00010709817
-0.0072941993
-0.014557902
-0.022030264
-0.031352083
-0.039879416
-0.044794155
-0.043622226
-0.041006727
-0.038196358
-0.038256112
-0.037314267
-0.038877218
-0.040024116
-0.045767937
-0.053339114
-0.048494555
-0.053647254
-0.055330116
-0.061792493
-0.061760296
-0.066413827
-0.068819042
-0.06997168
-0.070162947
-0.064048191
-0.060637067
-0.058869722
-0.050488019
-0.046590383
-0.041069925
-0.036568337
-0.031190869
-0.022688312
-0.016343323
-0.011023903
-0.0084048129
-0.0052095426
-0.0029488356
-0.0005419781
0.00058186789
-0.00053445011
0.00081748562
0.00031813138
0.0003875199
-0.00071796039
0.00038547232
0.0027012484
0.0042881076
0.0053138011
0.005514809
0.0034613831
0.0017735916
0.0005176305
-0.0011445251
-0.0014905642
-0.0034759686
-0.0030698867
-0.0022426047
-0.0020991349
-0.0016096701
-0.00028014187
0.00036902663
0.00044509626
0.0018355299
0.0044039979
0.0048505586
0.0050127916
0.0041935067
0.003617112
0.0039666175
0.0056668369
0.0058520588
0.0063530962
0.0063975694
0.0069917405
0.0094879469
0.0099361035
0.0093180062
0.010010523
0.013044754
0.016383341
0.010402486
0.0072969379
0.0073831348
0.0081410174
0.010652444
0.0095089436
0.0125902
0.010693626
0.011021944
0.011802578
0.0088473091
0.0075903982
0.0036812531
0.0035882179
0.0043261611
0.0069201428
0.0087082028
0.01299651
0.015337237
0.015972165
0.015104833
0.017021747
0.018053549
0.019408209
0.018176513
0.019131965
0.019965628
0.021506548
0.022403377
0.024176228
0.023570025
0.032029725
0.030270451
0.031103074
0.026258773
0.021783591
0.024095906
0.023599521
0.023976936
0.023574929
0.026198946
0.027321625
0.02688178
0.025518596
0.020889997
0.015879829
0.016902825
0.023098604
0.028273273
0.032248248
0.033323857
0.04027622
0.04375165
0.044762319
0.041134518
0.03782582
0.031078964
0.026766013
0.021499433
0.01411798
0.0067987427
0.0011094497
-0.0071982657
-0.013975251
-0.025452803
-0.034573393
-0.042751046
-0.05126677
-0.055416864
-0.049419988
-0.037900816
-0.040036196
-0.043532552
-0.04149009
-0.044109671
-0.041227548
-0.048992327
-0.051634375
-0.049155175
-0.056008058
-0.058860467
-0.062580071
-0.066384897
-0.070984006
-0.069879332
-0.070065475
-0.067985182
-0.066235913
-0.064371334
-0.06316266
-0.056998705
-0.050579077
-0.045341488
-0.041061114
-0.036217307
-0.030175699
-0.022017786
-0.020762398
-0.01840449
-0.014719826
-0.014396173
-0.013064884
-0.013742411
-0.0098422248
-0.0093699927
-0.0077807564
-0.0083431609
-0.0070946306
-0.0049165361
-0.0018480733
0.0031367673
0.0030144173
-8.6915998e-06
-0.0023685039
-0.0026186878
-0.0037762467
-0.0037712025
-0.004782135
-0.0051363737
-0.0060801255
-0.0071057722
-0.0062382374
-0.0067080247
-0.0071614142
-0.0050475297
-0.0029784776
-0.0014844999
-0.0014114908
0.00058339109
0.0016331542
0.0039507831
0.0044419702
0.0039861391
0.0038786382
0.0055511188
0.0056724275
0.0081321583
0.0097606371
0.010338697
0.010727427
0.010203897
0.010497221
0.011199672
0.012507365
0.010696191
0.0071061331
0.0059203489
0.0037372279
0.0052369313
0.0096029217
0.0078332846
0.0076629536
0.0072492189
0.0064150545
0.0038642959
-0.0011167899
0.0011871825
0.0038755298
0.005026508
0.0076180417
0.0096413901
0.010315744
0.014746595
0.015592434
0.016919946
0.019535261
0.023022989
0.026856949
0.026500641
0.026981245
0.030245158
0.031480657
0.03365785
0.034627458
0.032506868
0.029301695
0.027729085
0.027395254
0.02173186
0.016846948
0.02014806
0.020216242
0.024245475
0.021713201
0.026501376
0.026394046
0.026800615
0.025771857
0.01678694
0.011843706
0.014136597
0.020691829
0.025943095
0.02750619
0.030752765
0.037690411
0.042730486
0.042236399
0.040746546
0.033956601
0.028396589
0.017512458
0.012799048
0.0045227729
0.00032484435
-0.010617549
-0.020407417
-0.02600534
-0.031211803
-0.040467077
-0.053922579
-0.064121805
-0.063708715
-0.052244314
-0.051251363
-0.050119599
-0.050359519
-0.047942234
-0.051601576
-0.051109411
-0.051918573
-0.049639084
-0.052097295
-0.056320591
-0.059897894
-0.057951978
-0.059657868
-0.060142852
-0.060251726
-0.058572901
-0.055916019
-0.054590587
-0.053481246
-0.051142646
-0.052689254
-0.048509456
-0.044831407
-0.041277102
-0.038499713
-0.032635608
-0.027652041
-0.025709122
-0.023679614
-0.022415046
-0.020668389
-0.018655399
-0.020932516
-0.018421489
-0.016842804
-0.017564767
-0.016904304
-0.012959643
-0.011800312
-0.0074471132
-0.004950891
-0.0049083168
-0.0066714981
-0.0077815372
-0.0064080083
-0.010050649
-0.010249815
-0.0099172464
-0.011685409
-0.0075941432
-0.0094155294
-0.0098071582
-0.0092010033
-0.0088263617
-0.0071650531
-0.0088430569
-0.0050776488
-0.0029962686
-0.0034954408
-0.00042554806
0.0025696504
0.0024617832
0.0052193611
0.0032942165
0.0022179833
0.0014389084
0.0036666438
0.0055395146
0.0075475165
0.0085435619
0.011671736
0.0091944542
0.0083076998
0.0046735312
0.0026397494
0.011849114
0.0068517971
0.0074361066
0.0083797139
0.0072915659
0.0088318297
0.0079705204
0.007110679
0.0055542249
0.004030566
0.002448128
0.0029969228
0.0031455166
0.0066101572
0.006840696
0.010555722
0.010037984
0.010271783
0.014856004
0.017868194
0.020506669
0.022637326
0.025234984
0.028861494
0.030058194
0.031487277
0.029167327
0.028051586
0.032059132
0.031814226
0.021734204
0.022035088
0.019892724
0.017025466
0.015989304
0.020469454
0.021159258
0.021579703
0.019985956
0.023243061
0.022834324
0.023418675
0.021725512
0.017756279
0.014716522
0.014519336
0.020086467
0.022343867
0.025055749
0.024948992
0.027889829
0.028837763
0.032151756
0.033498382
0.030865648
0.022837509
0.013587977
0.005830726
-0.0042600404
-0.012378856
-0.02229852
-0.031529345
-0.029024222
-0.037643035
-0.050416011
-0.061773498
-0.073307393
-0.07490088
-0.065359741
-0.06271499
-0.063489363
-0.065800231
-0.059843427
-0.055387019
-0.053885656
-0.051109087
-0.047758052
-0.046683391
-0.044404643
-0.043173248
-0.047151035
-0.049445765
-0.049503961
-0.046699533
-0.04551378
-0.042794186
-0.041517216
-0.039083549
-0.036790479
-0.036130739
-0.033322971
-0.029579886
-0.025880273
-0.025117056
-0.022864436
-0.017887778
-0.017707483
-0.016357798
-0.014871466
-0.016429274
-0.016071412
-0.018978665
-0.018239918
-0.015967503
-0.018711001
-0.017410962
-0.015998666
-0.013807507
-0.014800922
-0.011102071
-0.010774537
-0.0097029986
-0.014070065
-0.012248438
-0.0098430628
-0.0099438179
-0.01257627
-0.014065125
-0.013138095
-0.012468202
-0.0085061129
-0.0076046839
-0.0081643132
-0.0083453271
-0.0070931732
-0.0071720416
-0.0060431525
-0.0071701696
-0.0036182647
-0.00079427309
-0.00031209044
0.00099000971
0.004877895
0.006047499
0.0039987518
0.0044554743
0.0056245995
0.0060053452
0.0077678482
0.014545734
0.01085653
0.0080390585
0.0013728426
0.00050252539
0.0048456912
0.005909415
0.0060259265
0.0059341212
0.0071036615
0.0054165442
0.0048034958
0.0040423454
0.0073836158
0.0065186813
0.0051125639
0.0044198928
0.005063344
0.005996775
0.0069541726
0.0091893668
0.0094660505
0.010647183
0.013873191
0.016303868
0.017544137
0.01862928
0.021648473
0.02313559
0.023637547
0.021514751
0.020061042
0.019422499
0.020516356
0.022472407
0.016626152
0.01608903
0.017012492
0.018537637
0.019893057
0.018581082
0.021510917
0.02517294
0.020683763
0.017582183
0.015973674
0.018626709
0.01855066
0.016533027
0.012251282
0.010204209
0.020035831
0.018402085
0.020681154
0.017550207
0.017321332
0.016866229
0.01864053
0.01946729
0.017205274
0.012546994
0.0041144155
-0.0044561167
-0.017240922
-0.030133582
-0.038084752
-0.035568245
-0.040590286
-0.049991021
-0.064101058
-0.072889488
-0.07994771
-0.080006398
-0.074787046
-0.061695453
-0.061335955
-0.059897952
-0.0535881
-0.051707629
-0.055579092
-0.053015471
-0.044893638
-0.035608176
-0.030796602
-0.031422674
-0.031003938
-0.037527551
-0.031585948
-0.030758997
-0.025910015
-0.023775901
-0.022626096
-0.020650325
-0.018796571
-0.016732669
-0.011779629
-0.011310945
-0.0084150953
-0.0057141949
-0.0064506177
-0.0044402352
-0.0058866358
-0.0061598096
-0.0085340247
-0.01201535
-0.013258092
-0.012394472
-0.01534495
-0.018300238
-0.019848706
-0.018830585
-0.018470767
-0.01935533
-0.016666794
-0.015001171
-0.014628202
-0.013328619
-0.012573758
-0.01339328
-0.013440682
-0.014489585
-0.015169509
-0.01486551
-0.015103628
-0.014254101
-0.012863631
-0.0087803851
-0.0079019408
-0.007388131
-0.0086994955
-0.0096750183
-0.0087447408
-0.0073372298
-0.0025161183
0.0019765091
0.005832187
0.0091713971
0.016516617
0.019979182
0.016778403
0.017089726
0.01593025
0.014025646
0.0091128362
0.011224777
0.0069084321
-0.00039793951
0.0015387357
0.0030888785
0.0047817371
0.0034062853
0.005220212
0.0043724891
0.0040756683
0.0024675086
0.0011015269
0.0021567204
0.0028110395
0.0024169289
0.0026073006
0.0031109576
0.0034832245
0.0044778552
0.004956025
0.0063391757
0.007410924
0.0080788699
0.0082930415
0.011207429
0.012475377
0.014587239
0.015703184
0.017493687
0.015952804
0.015139761
0.014187979
0.014739443
0.015398356
0.014971347
0.016089829
0.016867095
0.018570019
0.018367076
0.018845317
0.018270358
0.019120647
0.020732952
0.02166629
0.020052967
0.017273576
0.015083368
0.014729056
0.014468028
0.0080449637
0.0020714699
0.012926148
0.011976151
0.0084349075
0.0086134809
0.0092525214
0.0090008526
0.0094839672
0.0059103907
0.003715026
-0.00015917539
-0.0078207396
-0.016780398
-0.025850122
-0.043323613
-0.042748196
-0.035990798
-0.043342478
-0.050991936
-0.063271906
-0.068889094
-0.070635645
-0.069308135
-0.065181786
-0.046704353
-0.037948945
-0.041147273
-0.038390503
-0.041225347
-0.047151088
-0.043552606
-0.03400573
-0.024955401
-0.015164127
-0.012507981
-0.01502853
-0.015003914
-0.011200726
-0.0089990696
-0.0067046326
-0.005185986
-0.001853121
0.00086565464
0.0021603498
0.002143815
0.0045360668
0.0025573928
0.003369956
0.0025154026
0.0031490305
0.0049751229
0.0033766062
0.001005224
-0.0015277643
-0.0054648999
-0.0096332583
-0.010789105
-0.013346249
-0.016181474
-0.020724587
-0.01929453
-0.017991776
-0.018224571
-0.01743108
-0.015402892
-0.017861489
-0.018300833
-0.017782466
-0.016144338
-0.016618213
-0.016462238
-0.015988365
-0.014557362
-0.015799151
-0.013713177
-0.011953037
-0.011303833
-0.0097147729
-0.0090336091
-0.010537631
-0.010219757
-0.009189981
-0.0086866708
-0.0035116907
0.0044353192
0.0094088466
0.015308204
0.020334891
0.020989284
0.02198436
0.023665281
0.02238047
0.021021178
0.018198423
0.017213672
0.008249525
0.0048827432
0.0047276385
0.006101129
0.0063086968
0.006098209
0.0050012924
0.0043188344
0.0024450089
-0.00075733103
-0.0016958308
-0.0018969476
-0.0030107562
-0.0017048426
-0.00073662118
9.1611733e-06
0.0010044383
0.0013278461
0.0028625978
0.004308634
0.0055001732
0.0063883096
0.0062775537
0.0062321062
0.0083804453
0.010543868
0.011094797
0.01227204
0.011539987
0.011676036
0.0121745
0.013204638
0.017040788
0.015695912
0.015315941
0.017360558
0.017369064
0.015671506
0.01651145
0.014741786
0.015400924
0.016571864
0.017300138
0.015429735
0.013237954
0.010727751
0.0095811507
0.0078541821
0.0062440886
0.0054943603
0.010029635
0.011799731
0.011047018
0.0062166186
0.0052339712
0.0037969952
0.0028025532
-0.0015370233
-0.0041290885
-0.00746874
-0.012698443
-0.020416285
-0.027961775
-0.036453008
-0.030607507
-0.035129361
-0.043212227
-0.046026985
-0.052385086
-0.052272936
-0.049601694
-0.04584517
-0.044531635
-0.030515566
-0.023724969
-0.02964372
-0.030106131
-0.026762688
-0.027115219
-0.024478411
-0.01952844
-0.013409979
-0.0026078144
-0.001735715
-0.0033811568
0.0031476571
0.0055160656
0.0066077713
0.0075508338
0.0095399397
0.011660731
0.012187445
0.0098019101
0.010992901
0.011491388
0.011616657
0.012521877
0.010571914
0.010210885
0.010991092
0.0077266091
0.005128056
0.00143984
-0.0014683976
-0.0053111671
-0.0079402119
-0.012515738
-0.015086682
-0.017026764
-0.017980488
-0.018842049
-0.018495136
-0.016655298
-0.015925871
-0.014646231
-0.017070896
-0.018040399
-0.019493471
-0.021537407
-0.021079955
-0.018485903
-0.017551525
-0.016307444
-0.015368718
-0.013656026
-0.010205788
-0.0061023118
-0.0065812144
-0.0079876794
-0.0076842158
-0.0042561682
-0.0029318261
-0.0010581674
0.0021954588
0.0082592351
0.014399435
0.018227814
0.020554152
0.019584908
0.021773828
0.0167103
0.014463286
0.0080511008
0.0078578106
0.0087047986
0.0074400998
0.0067448964
0.0066274134
0.0037656174
0.0019756571
0.0012899786
-0.0015143307
-0.0017638682
-0.0015210202
-0.00424805
-0.0039661915
-0.0030526559
-0.0030929878
-0.0032537244
-0.0037355224
-0.0027045562
-0.0024764367
-0.00089094024
-7.8842558e-06
0.00016570919
0.0013547827
0.0034722496
0.003943739
0.0041704349
0.0049154715
0.0060716127
0.0072690839
0.0076463019
0.0082997048
0.0084806833
0.011560172
0.014148222
0.015349896
0.013885865
0.012935877
0.011101601
0.012353991
0.010827257
0.0098773561
0.011628516
0.010846087
0.010178423
0.010837814
0.0096479207
0.0099520034
0.0075138564
0.0071493906
0.0060170545
0.0055329413
0.0062000684
0.0090645596
0.011979244
0.010718337
0.0072241079
0.0029006671
-3.2477398e-05
-0.0035312828
-0.0053264778
-0.0090064157
-0.013146798
-0.017051107
-0.020274422
-0.019817941
-0.01375067
-0.017544022
-0.025881759
-0.034394553
-0.034570002
-0.033954696
-0.028051376
-0.020880117
-0.019069141
-0.012491838
-0.012519575
-0.017798783
-0.016328608
-0.012011014
-0.012522002
-0.012068179
-0.010222181
-0.0051266267
0.00033732452
0.0045183639
0.0056123573
0.0080257141
0.012024902
0.013511989
0.013519258
0.013154539
0.012529734
0.013985857
0.013682907
0.013268437
0.012611678
0.011980797
0.011522991
0.011277346
0.012009158
0.011986075
0.011350811
0.0099568028
0.0063976303
0.0028519442
-0.0025450258
-0.0042125801
-0.0060460101
-0.0093109438
-0.011202615
-0.012263195
-0.013203717
-0.013454598
-0.013690349
-0.014739019
-0.012920114
-0.012193187
-0.013000164
-0.016001801
-0.016598891
-0.017300418
-0.017532629
-0.01810838
-0.016776827
-0.014939468
-0.013655938
-0.010753441
-0.0066306553
-0.0053276079
-0.0047877872
-0.0042455454
-0.0029673375
-0.001107813
0.0015442948
0.0044714469
0.0074194818
0.012106736
0.012991326
0.012850883
0.010064941
0.01031846
0.0078617796
0.0061549593
0.0021620841
0.0042105146
0.0081180007
0.0065351319
0.0082213236
0.0081410463
0.0068179784
0.0046166267
-0.00037600716
-0.0017844044
-0.0028639545
-0.0036868515
-0.0034449457
-0.0039339425
-0.0034206724
-0.0023222028
-0.0027830145
-0.0041436271
-0.0044364219
-0.0050301304
-0.0040588538
-0.0031090638
-0.0039010393
-0.003090472
-0.0012138139
0.0003245691
0.0010370756
0.0015172625
0.0011739974
0.0017254474
0.0030823118
0.0047048881
0.0070642358
0.0056642363
0.0089014516
0.011216845
0.0083473314
0.0095187236
0.011015025
0.0098615334
0.009437185
0.0094098623
0.0098912802
0.012374713
0.009389945
0.0091601408
0.0089453389
0.0078075497
0.0087695044
0.0075593153
0.0074174057
0.0057448693
0.0061710918
0.012795381
0.011941444
0.01345524
0.012219648
0.009422289
0.0045200573
0.0008179016
-0.0010977426
-0.0046001703
-0.0081124942
-0.01032446
-0.0095497417
-0.0036363091
0.00092421492
-0.0028438148
-0.0069203021
-0.0088322465
-0.013884977
-0.013491989
-0.011753769
-0.007979665
-0.0040221118
-0.00030280351
-0.0018795068
-0.0037980574
-0.003407159
-0.0032742993
-0.0020311921
-0.0054522644
-0.0072964897
-0.0071332707
-0.0016658519
0.0022698052
0.0050085453
0.0064108077
0.007732076
0.011439396
0.011936533
0.011921791
0.011348144
0.010474799
0.012303097
0.011368013
0.0087218634
0.0073818592
0.0077024375
0.0084500082
0.010051972
0.01086386
0.011358894
0.0098711848
0.0076324649
0.0044215826
0.0026004676
6.0785785e-05
-0.0019597388
-0.0038608612
-0.0058680942
-0.0089420828
-0.0088316953
-0.0084088425
-0.010051092
-0.0095880287
-0.010225732
-0.0097646426
-0.010162274
-0.010841164
-0.010898628
-0.012473908
-0.013097694
-0.013703311
-0.0144528
-0.012804331
-0.01103623
-0.0090321605
-0.0069447818
-0.0048733745
-0.0022234207
-0.0014142541
-0.0016360129
-0.00097332064
0.0015994223
0.0017980573
0.0028239181
0.0044397525
0.0046494827
0.004309184
0.0059530749
0.0062819184
0.0056322687
0.0020415098
0.0017753677
0.0035807437
0.0068346692
0.0058249023
0.0055365103
0.006433957
0.0049395771
0.0034768376
0.0044993872
0.0034373847
0.0015073743
0.00054014644
2.8380019e-05
-0.0005777618
-0.0011790666
-0.0010450981
-0.0017865157
-0.0028375406
-0.0039995789
-0.0040926488
-0.0039704367
-0.0036449736
-0.0032903053
-0.004604933
-0.0052204724
-0.0037983657
-0.0031045241
-0.0019671399
-0.002742268
-0.0036688082
-0.003727451
-0.0002221712
0.0022439397
0.0020454292
0.0036256074
0.0067426328
