0.0037692118
0.0032542193
0.0040179822
0.0034356466
0.0037976834
0.0020512665
0.0014577889
0.0026843657
0.0032547259
0.0030259978
0.0033912084
0.004096646
0.0027501564
0.0021520037
0.0021722181
0.002430248
0.0030427884
0.0052464484
0.0057049337
0.0042886307
0.0060963233
0.0075532602
0.0061356101
0.0065513312
0.0065164786
0.0065212197
0.0061652786
0.0046493918
0.0047963333
0.005971699
0.0053620406
0.0059769175
0.0056421412
0.0052792232
0.0047869259
0.003932328
0.0047374702
0.004620198
0.0034093984
0.003503645
0.0032719658
0.0015621083
0.00081675417
0.00084251806
-0.00020043986
-0.0014458171
-0.0026534673
-0.0053442927
-0.0069667095
-0.0091490337
-0.009267412
-0.0092034386
-0.0097838241
-0.0086557406
-0.0076781786
-0.0066410239
-0.0069641828
-0.0059641048
-0.0057300781
-0.008179829
-0.010771887
-0.0089555716
-0.0062375813
-0.0057978865
-0.0082856947
-0.0096790146
-0.011370749
-0.012778716
-0.011734818
-0.012526226
-0.011404503
-0.013726534
-0.015025548
-0.012983964
-0.01264393
-0.012932765
-0.013475454
-0.012229735
-0.0091874699
-0.0076984741
-0.0073511483
-0.0052784135
-0.0043963743
-0.0053551284
-0.0054219065
-0.0062533943
-0.0074615508
-0.0080193625
-0.0066854428
-0.0044240197
-0.0034869274
-0.0024589513
-0.0040693693
-0.003228996
-0.0036373784
-0.0031789991
-0.0034872792
-0.0033474937
-0.0049276278
-0.0047571373
-0.0035107916
-0.0031569541
-0.002999767
-0.0039849586
-0.0039450001
-0.0031403734
-0.0028145415
-0.0037775123
-0.0045938685
-0.00516625
-0.0053775571
-0.0062708756
-0.0069707925
-0.0061352307
-0.0055393361
-0.0075579828
-0.0063628983
-0.0046130018
-0.0041702094
-0.00036903802
0.00027551809
0.0013338635
0.0022125501
0.004807582
0.0058867146
0.0042611092
0.0054694269
0.0055641537
0.0066337564
0.0066688507
0.0066628856
0.0054740214
0.0047582872
0.0047348406
0.0036213428
0.0030910722
0.0021325992
0.00054903645
0.0015216081
0.0013786705
0.0017614614
0.0017458582
0.0023197158
0.0028874574
0.0039328997
0.0043585801
0.0045260715
0.004519563
0.0035166412
0.0026468484
0.0011582526
0.0012300674
0.0009383017
0.0010573349
0.0024634729
0.0037068161
0.0029736995
0.0019305052
0.00067595268
0.0011315578
0.0025068632
0.0034638127
0.0039728791
0.0035587888
0.0046386445
0.0057454629
0.0056976436
0.0048694215
0.0053576225
0.0053524669
0.0038260854
0.0043414161
0.0036993296
0.003842727
0.0036775885
0.0038990313
0.0036203642
0.0030705947
0.0010777275
0.0013498347
-0.00028170199
-0.0018635843
-0.0044749661
-0.0051216893
-0.0051371749
-0.0049247997
-0.0050989789
-0.0051114986
-0.0052383661
-0.0047667824
-0.0047840274
-0.0070529813
-0.0087128385
-0.0092783535
-0.009126105
-0.0094226492
-0.0083183479
-0.0078971109
-0.0062054137
-0.0069254741
-0.0060701879
-0.0055579479
-0.0044589439
-0.0060665108
-0.0056394931
-0.0038651654
-0.0012900354
-0.00087609906
-0.0014104493
-0.0034832812
-0.0044101119
-0.0045077774
-0.0047815408
-0.0054943341
-0.0050246213
-0.0051684817
-0.0024469683
-0.0033754303
-0.005383559
-0.0053771334
-0.0048926816
-0.0045929157
-0.0052800733
-0.0056080189
-0.0042073752
-0.0035465413
-0.0034336479
-0.0056827901
-0.0076193536
-0.0092228994
-0.0080923656
-0.0058565016
-0.0058126485
-0.0036462524
-0.0013461317
-0.0003739328
-0.0019294613
-0.0018202082
-0.0030872367
-0.0019975229
-0.002833615
-0.0024696207
-0.0028011269
-0.0016523188
-0.0018753836
-0.0016820038
-0.0025480214
-0.0028130387
-0.0031347659
-0.0028621342
-0.0038555804
-0.0038649031
-0.0047172596
-0.0050348469
-0.0057222086
-0.0061163961
-0.006268086
-0.0051613375
-0.0056473346
-0.0073102234
-0.0074917521
-0.005504018
-0.0029964046
0.00055023716
0.0022343861
0.0030470009
0.0040311617
0.0036601781
0.0055176857
0.0053622562
0.0062332114
0.0051840774
0.00597841
0.0065025938
0.0062147654
0.004584051
0.0053230685
0.0041221
0.0039329607
0.0030924145
0.0015343907
0.0011427899
0.0016272219
0.0015827519
0.0016458684
0.0023620057
0.0029420859
0.0032771332
0.0055791974
0.0055589159
0.0063853039
0.0062077355
0.0056911323
0.0049540113
0.0027561136
0.0022848231
0.0022283151
0.0022359121
0.002524304
0.001699149
0.0014844402
0.0015543713
0.0021876271
0.0027453712
0.0030916475
0.0035667333
0.0041154504
0.0060518695
0.0054844598
0.0047954586
0.0040970955
0.0049917272
0.0074115991
0.0075842165
0.0048004789
0.0017667303
0.0011990575
0.0025321586
0.0016626925
0.00068027315
0.00075968905
-0.00046818637
-0.0022842336
-0.0053093907
-0.0092935769
-0.012337116
-0.013735842
-0.014753769
-0.012513848
-0.010119736
-0.010103313
-0.010164769
-0.0099438524
-0.0089092341
-0.0085291332
-0.0079559982
-0.0097352584
-0.010869962
-0.010177745
-0.0091025836
-0.0079792818
-0.0063955102
-0.0069272291
-0.0069589293
-0.0072802541
-0.0069804315
-0.0063307758
-0.004775325
-0.0024362275
-0.00040081144
0.0031243114
0.0043563849
0.0049479866
0.0031720045
0.0038635133
0.0046989957
0.005734486
0.0072961313
0.0064305518
0.006518779
0.0067866486
0.0074005012
0.00567065
0.0063150123
0.0045259836
0.0025565976
0.00032141859
-0.0030937867
-0.0038563431
-0.0033750096
-0.0041919919
-0.0063093091
-0.0091200543
-0.0085231476
-0.0068882837
-0.0050634335
-0.0030383536
-0.00058634582
0.00036661314
0.0020305173
0.00095676855
0.00016459366
-0.0012280008
-0.0015873989
-0.00069015627
-0.0008299174
-1.5418524e-05
1.9429346e-06
0.00013736204
-0.00044132565
-0.0008024253
-0.00078235912
-0.0020782186
-0.0024055367
-0.0020463113
-0.002234524
-0.0029291831
-0.0029127038
-0.0032672913
-0.0027381316
-0.0027720676
-0.0032912249
-0.0037065763
-0.0074118415
-0.0029151418
-0.00017639851
0.0029228352
0.003173937
0.0019151779
0.00477119
0.0061879732
0.0054539318
0.0069934843
0.0068555735
0.0053239678
0.0052672374
0.0041600497
0.0073810977
0.0067179436
0.0030931222
0.0025366632
0.0017938484
0.0022689641
0.0018386985
0.0015402397
0.0016174
0.0024510992
0.0030502179
0.0035417869
0.0037466378
0.0043598706
0.003928904
0.0077679562
0.0078511281
0.008843245
0.0092025073
0.0087233083
0.0071475888
0.0079923374
0.007576546
0.0062873384
0.0045936879
0.005643436
0.0057111143
0.0040813574
0.0043164135
0.0044809259
0.0052379597
0.0080737808
0.0082136356
0.0097621915
0.0087985071
0.0075905978
0.0065828362
0.0068961409
0.0082980239
0.0078417877
0.0074400654
0.0061879004
0.0023811165
0.0038660563
0.004779908
0.0026235313
0.00044106461
-0.0016262073
-0.0049552767
-0.00962494
-0.015190658
-0.02058971
-0.022190797
-0.024161321
-0.024245298
-0.023876218
-0.017485134
-0.015819088
-0.016122231
-0.015503155
-0.014244753
-0.012861035
-0.012388032
-0.013487494
-0.013163235
-0.011409388
-0.011792058
-0.011745918
-0.011515041
-0.010874359
-0.011159687
-0.012174952
-0.012111572
-0.0078990662
-0.0035317137
0.0011165267
0.0040887971
0.0087488691
0.012157299
0.013603521
0.011425608
0.013756154
0.01688744
0.017733524
0.019363749
0.016380267
0.018065008
0.017458913
0.014115207
0.013954543
0.013143572
0.012885806
0.0079293892
0.0020713006
6.9687e-05
-0.00024679822
-0.0015207324
-0.0028064658
-0.004254588
-0.004509128
-0.0026798195
-0.0015938203
0.00056367317
0.00088528193
0.00082054265
0.0012436312
0.0018916817
0.0016342392
0.0012099644
0.00069988015
0.0014783506
0.0021374523
0.0019121854
0.002432642
0.0021293223
0.001318196
0.00083379073
0.00066671669
0.00073685903
0.0010892795
0.00030024869
0.00056656076
0.00031848383
0.00022694365
0.00025076584
0.00017786174
-0.00028014544
0.00048576264
0.0010277775
0.00098594708
0.0025178034
0.0040614126
0.0034284411
0.0021456551
0.0026857172
0.0020602508
0.0043163526
0.007810933
0.0092080187
0.0088013296
0.00995896
0.0093117483
0.0073096276
0.0047120102
0.0048756264
0.0022113069
0.00027397213
0.0009223357
0.0020629777
0.0024489812
0.002488474
0.0023753407
0.0029393757
0.0036500546
0.0051213496
0.0055655596
0.0060418685
0.0065184904
0.0070187549
0.010857205
0.011324647
0.011938123
0.012805328
0.013029011
0.011762849
0.013829764
0.013540728
0.013474144
0.013350222
0.010660411
0.0091786576
0.0072004979
0.0060069838
0.0061356408
0.008971062
0.014274596
0.016691368
0.016978644
0.015809843
0.014037077
0.013407433
0.014139613
0.013207515
0.011745015
0.012393661
0.011465161
0.0071135
0.005271608
0.0046693278
0.0042927554
-0.00052451759
-0.0034539117
-0.0079447717
-0.012784114
-0.019951419
-0.026259581
-0.028691795
-0.031070391
-0.033761907
-0.03053075
-0.026551248
-0.023845532
-0.021474065
-0.022234476
-0.021262619
-0.020908106
-0.020837613
-0.021048465
-0.019282695
-0.017132607
-0.016225065
-0.016789543
-0.018883889
-0.019769689
-0.018961364
-0.02007947
-0.016540926
-0.012492503
-0.0068877448
-0.0015279438
0.0012176456
0.0065231885
0.0087100272
0.013336271
0.014297625
0.016726248
0.020646362
0.022820666
0.023589816
0.023511093
0.027507257
0.025215868
0.024306622
0.020761194
0.016418077
0.012818187
0.0066520837
0.005849783
0.0039691224
0.0039390245
0.0028880645
0.0036340815
0.0034823765
0.00093010907
0.0016548844
0.00058034763
0.0027523119
0.0024188909
0.00056000308
0.0014967192
0.0018332519
0.0010425057
0.0013987652
0.00063830788
0.0015287372
0.0017056721
0.0025258463
0.0024454841
0.0035353252
0.002728172
0.0023597023
0.0012638576
0.0022224643
0.0016512927
0.0011998133
0.0019386432
0.0021823405
0.0018512895
0.0017578231
0.00170376
0.0035974411
0.0052847221
0.0089050281
0.0091556484
0.0055414082
0.0036852803
0.005051807
0.0067310813
0.0058266994
0.0065356159
0.0083363993
0.010533895
0.011036802
0.011663203
0.010718167
0.0094287458
0.006464302
0.0043512184
0.0029512667
0.001462939
0.0012263037
0.0017179742
0.0023877034
0.0031301834
0.0039436247
0.0037789377
0.0041471167
0.0049719898
0.0067135009
0.0086538624
0.0090602351
0.009696665
0.010159165
0.013433899
0.014717372
0.015815858
0.01800816
0.016833506
0.01792
0.022235418
0.023098874
0.023815493
0.022136535
0.017206884
0.014895475
0.011197348
0.007298472
0.0087078474
0.013138991
0.022836783
0.025100185
0.025180217
0.025163829
0.021691868
0.02211975
0.021564756
0.018160552
0.016352442
0.014397901
0.015090216
0.012336931
0.0099342014
0.0087301819
0.0067486867
0.0047892527
0.001466656
-0.0046177908
-0.0073757952
-0.011245401
-0.020802746
-0.027948783
-0.032198885
-0.034120727
-0.030322716
-0.029431283
-0.029273559
-0.029030779
-0.027425503
-0.029614845
-0.029856908
-0.029640947
-0.028166603
-0.02860297
-0.026117144
-0.026534312
-0.027842751
-0.028439955
-0.028790798
-0.0305265
-0.027908095
-0.02730558
-0.02680441
-0.019050648
-0.018110544
-0.015064339
-0.0064164167
-0.0017711882
0.0032231892
0.0064781362
0.0088974938
0.012828566
0.015230439
0.017578827
0.019138359
0.022519819
0.022403753
0.02002599
0.017737467
0.015627302
0.0097994832
0.0058466672
0.0061971846
0.0047311446
0.0033352227
0.0043993464
0.0034771966
0.0030249038
0.0022553441
8.7395538e-05
-0.00058869572
0.0002496849
0.00042651637
0.00071156482
0.0003498442
0.0010999381
0.00087130851
0.00038331293
0.00080915231
0.0011111746
0.0025340422
0.002880249
0.0025443519
0.003196666
0.002575835
0.0027218777
0.0024550343
0.0025391042
0.0027817578
0.0033009364
0.0031871593
0.0038159659
0.0040597636
0.0047179048
0.006552592
0.0093916768
0.012666662
0.012417064
0.0083131364
0.0085177608
0.010119312
0.010374729
0.0092719454
0.010492167
0.01106283
0.01083477
0.012422291
0.012786668
0.012756958
0.010419962
0.0094905251
0.0079463632
0.0060318271
0.0057708386
0.003850252
0.0040701086
0.0035355258
0.0044580193
0.0034803423
0.0049124048
0.0059273224
0.0063779383
0.0075231133
0.009650194
0.011662282
0.013752134
0.012905185
0.012856821
0.016132507
0.017337717
0.019342513
0.019559273
0.020018151
0.021952932
0.027288273
0.030483782
0.027331313
0.025684246
0.02060562
0.01556015
0.010684647
0.0090446526
0.0088918597
0.014888126
0.027377096
0.032333686
0.030853222
0.030367039
0.0279732
0.027383032
0.024094296
0.022016311
0.020844301
0.022330514
0.020700857
0.016314306
0.014711569
0.014918437
0.012567955
0.0083161261
0.0034391747
-0.0025258236
-0.0070862493
-0.009991073
-0.017836601
-0.026481823
-0.033189537
-0.03324719
-0.033916622
-0.031873481
-0.029877795
-0.036718648
-0.038113126
-0.040071188
-0.041784872
-0.043670767
-0.039193655
-0.040967296
-0.04193971
-0.046905695
-0.048266707
-0.044519631
-0.039354221
-0.041157049
-0.042192918
-0.04586098
-0.038404352
-0.027595266
-0.023288764
-0.02034963
-0.023280023
-0.017507328
-0.012560744
-0.0043888301
-0.003902792
-0.00020653965
0.0049943518
0.0074599013
0.0079675507
0.0094583188
0.011684973
0.0099277242
0.0099259274
0.0074678667
0.0046345555
0.0021902921
0.0020355313
0.003651086
0.0044506707
0.0033698395
0.003058319
0.00077768694
-0.00010658826
-0.0010939743
-0.000463969
-0.00079879888
-0.00092235161
-0.00056245099
0.00047357839
0.00089107448
-0.00012316647
0.00065016506
0.00078674064
0.00065627425
0.0013011137
0.0024259623
0.0030645136
0.0040790971
0.004947878
0.0044975259
0.0048217563
0.0042983263
0.0051285326
0.0044523519
0.0051306066
0.005869954
0.0071402552
0.0089665366
0.010947467
0.013683412
0.017157678
0.012413964
0.010535209
0.010600077
0.010880427
0.011847982
0.01244566
0.012839246
0.01306751
0.015210942
0.014697656
0.016081817
0.012769977
0.010871461
0.011726539
0.0094937925
0.0069985961
0.0080615551
0.0063287127
0.0028083392
0.0015817399
0.0045279422
0.0053384979
0.0076307977
0.0082508407
0.0092141706
0.0098254902
0.012459712
0.013365669
0.014719979
0.016323389
0.015287664
0.019209849
0.02108206
0.020142183
0.020891598
0.020275493
0.024157732
0.027434056
0.027053137
0.02546754
0.024662128
0.022700711
0.016382037
0.015598104
0.012867908
0.0054967353
0.01125761
0.024959206
0.029683723
0.028418506
0.029560278
0.029501787
0.028263616
0.026924326
0.025878358
0.028271485
0.025734159
0.021525753
0.02025267
0.019268971
0.01758633
0.012329211
0.0054278707
-0.0012865653
-0.0098516817
-0.017876283
-0.021285721
-0.026036794
-0.033538386
-0.035540679
-0.035160499
-0.034638154
-0.035861875
-0.031375272
-0.0373593
-0.039581574
-0.048518637
-0.04868629
-0.059527712
-0.051151111
-0.052900136
-0.06023542
-0.057324698
-0.060005835
-0.056746749
-0.057524842
-0.062631537
-0.055224039
-0.050073557
-0.048284594
-0.043242865
-0.034745719
-0.033868173
-0.030853845
-0.021680704
-0.017524907
-0.010912937
-0.0067387165
-0.00098114768
-0.00093992863
0.00088599275
0.0016467628
0.003903448
0.004020462
0.0032359046
0.00088178048
0.0015977142
0.0014708528
0.0021568396
0.0020209405
0.002884422
0.0036587034
0.0046197433
0.0019121984
0.0019328116
-0.00075934867
-0.0014409808
-0.0013558932
-0.0010213502
-0.0012015763
-0.0019118445
-0.0014101873
-0.00075422846
-0.00045989077
0.00049736452
0.00078843041
0.0013091099
0.0022989619
0.0033276351
0.002947298
0.0039073777
0.0029421869
0.0034698062
0.003036355
0.0045116231
0.0063874081
0.006428187
0.007059206
0.00991531
0.0099786568
0.010292492
0.011297387
0.016026695
0.016620939
0.01143202
0.0084198514
0.010920429
0.013252649
0.012383711
0.012781979
0.013990679
0.011358581
0.011061368
0.012858689
0.013186661
0.011515259
0.0093737655
0.0080189429
0.0046776471
0.0036958174
0.0022896274
0.0018762189
0.0046129951
0.0058391983
0.0080911645
0.0088482033
0.0091110153
0.010415308
0.012888867
0.012765611
0.014596966
0.015959153
0.016892724
0.017742843
0.017844673
0.023080111
0.021835587
0.024447659
0.023105278
0.022036981
0.023470935
0.024245934
0.021056326
0.019772333
0.02181781
0.020393442
0.020116812
0.015591303
0.016199523
0.0090111268
0.011003077
0.023761048
0.028793716
0.028412133
0.028054264
0.032817008
0.032545087
0.03227769
0.029895855
0.027930127
0.022868604
0.018334069
0.017544547
0.015003688
0.0095763307
0.0027715941
-0.0066775616
-0.013353988
-0.019626442
-0.026942061
-0.035871128
-0.04224654
-0.044981256
-0.042366832
-0.040375632
-0.039056009
-0.039029317
-0.039308754
-0.041383953
-0.043784939
-0.051614452
-0.057004955
-0.052777096
-0.057110646
-0.059580139
-0.064750145
-0.062833827
-0.068413731
-0.069948738
-0.07040234
-0.070316277
-0.063767014
-0.060261569
-0.057703385
-0.049114145
-0.045201156
-0.039315161
-0.03498057
-0.028986474
-0.021068931
-0.015437992
-0.010493603
-0.0090606411
-0.0071400675
-0.0057680357
-0.0033226367
-0.0025757677
-0.0026786186
-0.00089762688
-0.0013951072
-0.001617868
-0.0024180247
8.8431934e-05
0.0022952173
0.0039960083
0.0042423054
0.0040055128
0.0015190647
0.00072041551
-0.00047098842
-0.0013072406
-0.0015438698
-0.0032499878
-0.0027842389
-0.0016923649
-0.0016613558
-0.0011789569
-0.00024902472
0.00019348924
0.00058514686
0.0021257261
0.0040981683
0.0048473319
0.0052025106
0.004559357
0.0045917935
0.0047450085
0.0058153353
0.0060504882
0.0066103757
0.0070821294
0.0083353529
0.010757648
0.011158427
0.010578136
0.011561087
0.014440469
0.016241365
0.0091178992
0.0079652965
0.0081513812
0.0094175378
0.011325335
0.009541264
0.01045852
0.0076377021
0.0081112353
0.007378449
0.0059734008
0.0047578145
0.00071595977
0.0012971512
0.0028474724
0.0053503694
0.0075625018
0.010960795
0.012364593
0.01215288
0.011563887
0.013887693
0.014989276
0.016244156
0.015177954
0.016832845
0.017452178
0.018542222
0.019544932
0.02119641
0.021734671
0.02733603
0.026478491
0.027072472
0.021925533
0.018755974
0.018973835
0.018297966
0.017209205
0.016407337
0.018201288
0.019463131
0.018095169
0.014991842
0.010463444
0.0079255004
0.013242935
0.020327633
0.025453437
0.029491918
0.030335457
0.036087352
0.038597877
0.036674911
0.030804826
0.02574476
0.018969013
0.014414869
0.010106365
0.0032102572
-0.0036330862
-0.0083059459
-0.01604842
-0.022993207
-0.034912214
-0.043124889
-0.05134188
-0.057012929
-0.057895639
-0.049711741
-0.041519954
-0.044509177
-0.048875874
-0.048103709
-0.050093198
-0.04842281
-0.056434624
-0.058935343
-0.058269455
-0.064437779
-0.06637255
-0.067468019
-0.069898021
-0.075119585
-0.073316548
-0.072659114
-0.069664504
-0.067916152
-0.064481203
-0.06147442
-0.054989585
-0.047999402
-0.041365068
-0.037052015
-0.0316149
-0.025817088
-0.018653836
-0.017866367
-0.015379387
-0.013946466
-0.014438139
-0.0136788
-0.013131251
-0.0093336942
-0.0088910084
-0.0072713239
-0.0076612283
-0.0051598883
-0.0029930548
0.00021332772
0.0049323535
0.0034894664
-6.3995342e-05
-0.0017312616
-0.0014956381
-0.0025717847
-0.0026184836
-0.0036677397
-0.003842402
-0.0045560883
-0.0048542515
-0.0037097554
-0.0048942808
-0.0048312671
-0.0029225017
-0.00094487978
0.00032213601
0.00036643138
0.0028439571
0.0043649129
0.0067505677
0.0066765242
0.0064581163
0.0065258066
0.0081659449
0.0086218558
0.010642874
0.011851457
0.013628045
0.013608224
0.013424707
0.014034092
0.014643509
0.014415291
0.010717521
0.0074592683
0.0064920699
0.0049845755
0.0075332581
0.0090158911
0.0058694415
0.0048954918
0.0041781879
0.0037447956
0.0016596396
-0.0023087206
-0.00048474693
0.0033174929
0.0047749454
0.0078375881
0.0093393982
0.0097650401
0.013491821
0.013630347
0.01570126
0.01818198
0.020731312
0.022701744
0.022088651
0.022520325
0.025652537
0.026887708
0.028225587
0.028058021
0.026654464
0.022644235
0.021413725
0.020719883
0.014996301
0.012225835
0.013899985
0.013377387
0.016873837
0.014549884
0.018948855
0.017776617
0.017123781
0.013784732
0.0051365841
0.0028129163
0.0079960352
0.015259089
0.020618889
0.022912586
0.027788487
0.034142921
0.037443808
0.035459152
0.031903301
0.022244223
0.014847502
0.0032983644
-0.00028851446
-0.008974345
-0.013296579
-0.024232823
-0.032534143
-0.038530561
-0.04355692
-0.052970353
-0.066306349
-0.075306363
-0.070213035
-0.057135702
-0.05676151
-0.056755143
-0.058701341
-0.056589722
-0.060157146
-0.059996564
-0.059115708
-0.05766806
-0.062260251
-0.065073206
-0.067445001
-0.064244745
-0.065502246
-0.065728389
-0.064631749
-0.061635771
-0.058038229
-0.055664171
-0.053366568
-0.050499056
-0.05197924
-0.045772462
-0.040445583
-0.036151754
-0.034406921
-0.029422478
-0.024162078
-0.022887628
-0.021649412
-0.021116416
-0.019910014
-0.018719803
-0.020401624
-0.017134128
-0.015328759
-0.014867571
-0.01268457
-0.0076087909
-0.0063552642
-0.0015333712
0.00036417268
-0.00039869949
-0.0027844791
-0.0045174877
-0.0019701863
-0.0053345523
-0.0054482759
-0.0050268211
-0.0076705675
-0.0035634488
-0.0046301234
-0.0046271535
-0.0040513205
-0.0034300971
-0.002307148
-0.0031790296
-0.00022643037
0.0019982934
0.002024094
0.0045240612
0.0073691477
0.0076421459
0.009595425
0.0078665511
0.0076283412
0.0072441405
0.010231053
0.01144856
0.014313309
0.014528882
0.01705635
0.012944758
0.010687051
0.0057155024
0.0069335146
0.016260686
0.0079381338
0.0094674001
0.0097408255
0.0080558218
0.0075581295
0.006230093
0.0059958694
0.0045287819
0.0020837962
0.001968736
0.0031344381
0.0043459701
0.0076753052
0.0089984993
0.011872647
0.010519925
0.011399574
0.016109205
0.018212798
0.02022227
0.021167068
0.022676946
0.024807681
0.024622092
0.026053744
0.023725934
0.022789947
0.025870719
0.025390915
0.015568005
0.015681237
0.014567708
0.01138691
0.010413523
0.014226822
0.014753158
0.01587691
0.01400522
0.016922615
0.015351981
0.015852141
0.013001391
0.009381097
0.0071623699
0.0072171953
0.012275587
0.015323178
0.018506736
0.019995141
0.023932772
0.02427096
0.027153177
0.02682377
0.021764742
0.011239154
0.00051393623
-0.0088590002
-0.020269435
-0.028819184
-0.038680811
-0.045282895
-0.042700986
-0.054292821
-0.065767682
-0.077188453
-0.087601978
-0.086086808
-0.072714374
-0.070888341
-0.074498264
-0.077580219
-0.068787849
-0.064058131
-0.061417981
-0.059013666
-0.054122302
-0.05233676
-0.048054765
-0.046664082
-0.052901841
-0.055426273
-0.053873891
-0.049815688
-0.047014095
-0.042769683
-0.040560211
-0.036624797
-0.034826742
-0.033777767
-0.030072798
-0.025443303
-0.022799018
-0.022536394
-0.020336619
-0.015916477
-0.016953767
-0.016023782
-0.015602502
-0.016795915
-0.017063228
-0.020196296
-0.017402252
-0.013790959
-0.01540149
-0.012430928
-0.0094193624
-0.0070922982
-0.0078619559
-0.0041756612
-0.0044554258
-0.0043771305
-0.0093292126
-0.0066196721
-0.0046077917
-0.0051943658
-0.0074950882
-0.0096763727
-0.0091052068
-0.0079867019
-0.0042273051
-0.0025959535
-0.0030749231
-0.0036599554
-0.0027602473
-0.0019316354
-0.00048845909
-0.0015194015
0.0020596236
0.0049581605
0.0058133864
0.0075075673
0.011471615
0.011422461
0.0096598553
0.010766186
0.012232391
0.012703918
0.015809528
0.021582368
0.015258606
0.0101268
0.0025231356
0.0068434933
0.011235263
0.0089647316
0.007876699
0.006550738
0.007188708
0.0053590206
0.004657415
0.0035002682
0.0070118792
0.0056975734
0.0051469778
0.0046476678
0.0062170893
0.0069320008
0.0086607329
0.011952951
0.011405084
0.012781414
0.015694791
0.017870155
0.017503278
0.018196534
0.019734934
0.020285126
0.019245462
0.01670944
0.016136105
0.015810302
0.016541613
0.017886381
0.011906088
0.011086326
0.011607614
0.012642595
0.01400113
0.012377743
0.016134811
0.018712529
0.013891644
0.011975952
0.010813753
0.013171959
0.012854584
0.010349968
0.0048202726
0.0035306199
0.011224178
0.0086784734
0.011305452
0.0089883125
0.010422077
0.010894352
0.012973664
0.01215417
0.0086806933
0.0021239291
-0.0079018729
-0.019766773
-0.034792255
-0.048605206
-0.054747449
-0.05072647
-0.057365951
-0.068826211
-0.082486245
-0.089886976
-0.094295921
-0.090409947
-0.081437263
-0.067596757
-0.070628604
-0.067779389
-0.059719291
-0.058678666
-0.062440423
-0.05949086
-0.048159932
-0.035806458
-0.029384293
-0.029858515
-0.033772134
-0.039540341
-0.030914871
-0.028842781
-0.022869368
-0.019668655
-0.017261674
-0.015480603
-0.013805018
-0.011600463
-0.0076483383
-0.007400063
-0.0050543739
-0.0042157367
-0.0052594759
-0.0042190555
-0.0070101564
-0.0080303865
-0.010557411
-0.014177645
-0.014160594
-0.012656089
-0.014116234
-0.016196207
-0.016485088
-0.014032918
-0.013146158
-0.013371946
-0.010314769
-0.0089365418
-0.0079487015
-0.0071245817
-0.0079648336
-0.0088602715
-0.0097031299
-0.010758479
-0.011394371
-0.011565822
-0.010875057
-0.010349843
-0.0087570752
-0.0046640209
-0.0043217306
-0.0040650488
-0.005376663
-0.0050197214
-0.002046106
0.00071408206
0.0061961693
0.010967752
0.015272697
0.01942928
0.026188653
0.029468251
0.025728858
0.025841483
0.022885452
0.019835104
0.014589777
0.015714058
0.008667901
0.0024481635
0.0059827438
0.0088983607
0.010085964
0.0059249501
0.0068452838
0.0043183654
0.0035118565
0.0017802175
0.00053557358
0.002661729
0.0034252098
0.0024617388
0.0028750315
0.0034372457
0.003975841
0.0053976825
0.006376707
0.0079423463
0.0094840741
0.0092211609
0.0091708444
0.012042128
0.01305867
0.014415093
0.014727421
0.014958966
0.012136602
0.011343869
0.011672535
0.013067293
0.011852812
0.01099301
0.01199199
0.01197457
0.013623573
0.013843791
0.013813717
0.012551255
0.013691026
0.014694609
0.016393411
0.014324136
0.013025027
0.011022571
0.010204946
0.0087446573
0.00050040466
-0.0054867876
0.0034119106
0.0017057655
-0.0014735276
-0.000572568
0.00080583486
0.0011828375
0.0014695236
-0.0029155157
-0.0052328619
-0.010625266
-0.01968384
-0.030921519
-0.042922872
-0.062398386
-0.057223146
-0.051252013
-0.061487952
-0.069015873
-0.080067631
-0.082781547
-0.081203201
-0.075863089
-0.067691897
-0.045563997
-0.03897573
-0.044004728
-0.042599556
-0.046680101
-0.053242448
-0.047885256
-0.035595616
-0.021945572
-0.0083743358
-0.0078621973
-0.013727302
-0.012238153
-0.0071145137
-0.004785509
-0.0013214582
0.00055979235
0.0041557341
0.0072981247
0.0069319986
0.0063992661
0.0076362151
0.0042156135
0.0045439078
0.0026497594
0.0030858715
0.0031495945
0.00065533179
-0.0023032367
-0.0047177125
-0.009379268
-0.012123772
-0.012252029
-0.013122621
-0.015179898
-0.017888436
-0.014828902
-0.012786612
-0.012180912
-0.010963038
-0.0092810217
-0.012356489
-0.012484516
-0.012005913
-0.010866822
-0.011332757
-0.011723322
-0.011119596
-0.010777972
-0.011917012
-0.009745828
-0.008045092
-0.0071580281
-0.0053879559
-0.0051061927
-0.006380217
-0.0048688483
-0.0021291903
-0.0011208433
0.0057212105
0.014866625
0.020534747
0.027047428
0.030619495
0.030792029
0.032554873
0.033582435
0.030069402
0.028234102
0.023168869
0.019019274
0.0096247422
0.0088307975
0.0094482115
0.011265018
0.010213002
0.0090546078
0.0060275894
0.0041735568
0.0013787599
-0.0013458865
-0.0021172934
-0.0017264196
-0.0021681689
-0.00012641773
0.00030610174
0.0011823627
0.0021498723
0.0029798764
0.0044375875
0.0059760313
0.0073069961
0.0079889747
0.0076048448
0.0071841294
0.0088170472
0.010675825
0.010176743
0.01048887
0.0083147404
0.0085845483
0.0091553491
0.010550872
0.013530985
0.011062566
0.01161148
0.013505211
0.013382829
0.011684405
0.012825667
0.010451449
0.011069103
0.011764248
0.012144946
0.010627505
0.0085748064
0.0071951674
0.0062546338
0.0033074448
0.0002690421
-0.0010223976
0.0025231106
0.0038201828
0.00051555719
-0.0045781397
-0.0054627496
-0.0061253371
-0.0067594354
-0.01102434
-0.013633865
-0.017815775
-0.024494736
-0.033895544
-0.043714521
-0.052967404
-0.045337698
-0.051773346
-0.059683483
-0.061742024
-0.066295922
-0.06232033
-0.05549236
-0.048106607
-0.043495412
-0.025361466
-0.022019214
-0.032118813
-0.032036603
-0.029356343
-0.028515015
-0.02402821
-0.017293796
-0.0076783741
0.0047620856
0.0030149322
0.0010929409
0.009375555
0.011882217
0.012927903
0.01326935
0.016340027
0.017603009
0.016575368
0.013601663
0.014814894
0.014004578
0.012872511
0.01276672
0.0094138851
0.008667492
0.0086112011
0.003858546
0.0011140709
-0.0030333852
-0.0058911475
-0.008969222
-0.010439121
-0.014416873
-0.015233334
-0.016261617
-0.015697372
-0.015353397
-0.013424705
-0.01085493
-0.010255234
-0.0089257458
-0.011554444
-0.012127288
-0.013730478
-0.015347229
-0.013959466
-0.012143832
-0.012007616
-0.010599351
-0.010080565
-0.0077144313
-0.0040144545
-0.00035995744
-0.0015363846
-0.0027850141
-0.0020437536
0.002448003
0.0038106202
0.007012196
0.011907546
0.019682349
0.025845459
0.029212076
0.030249377
0.028876547
0.03021854
0.022288918
0.018041534
0.0099167116
0.010137036
0.011519907
0.010433598
0.0099226229
0.0090648174
0.005360488
0.0033206455
0.002462143
-0.0012241009
-0.0014683527
-0.0012989338
-0.0036708721
-0.0026476382
-0.0023821628
-0.003094141
-0.0030199531
-0.0034868231
-0.0018100995
-0.00097879067
0.0011344423
0.0020180966
0.0026385124
0.0038439146
0.0060536872
0.0060556797
0.0056626376
0.0058140604
0.0063974278
0.0063708582
0.0053161333
0.0047074201
0.0052272011
0.0089100002
0.011083615
0.011764659
0.0099478773
0.0083320381
0.0071133829
0.0084785329
0.0074912169
0.007110729
0.0089874379
0.0077877914
0.0078147706
0.0078529611
0.0068416617
0.0075516378
0.0047581894
0.0038081737
0.0021272224
0.0017927455
0.0013077891
0.0031455369
0.0040923839
0.0011998755
-0.0034201657
-0.0076053669
-0.0098213086
-0.012890668
-0.014623627
-0.018674391
-0.023021291
-0.027625241
-0.031909293
-0.030941338
-0.025906306
-0.032016103
-0.040210951
-0.046499356
-0.043091204
-0.038347142
-0.028668197
-0.018735456
-0.015299953
-0.0087316739
-0.012192601
-0.019943393
-0.017039416
-0.013058656
-0.012540689
-0.010257143
-0.00586313
0.00057583285
0.0072508881
0.0099083524
0.011463179
0.014549258
0.018179138
0.019641125
0.018517807
0.017488294
0.016707891
0.017440611
0.015326044
0.015081758
0.013522056
0.011924097
0.011043802
0.0095858613
0.0095763861
0.008343189
0.0067048352
0.0051593105
0.0014175542
-0.0021059782
-0.0071768401
-0.0071355903
-0.008613451
-0.010625849
-0.011621307
-0.011632831
-0.0111117
-0.010834898
-0.010144284
-0.010593826
-0.0082619186
-0.0069903513
-0.0080621537
-0.010014196
-0.0099255751
-0.010509504
-0.01110074
-0.012006408
-0.011055922
-0.008927289
-0.0071588891
-0.0040673715
-6.5434493e-05
0.00093092475
0.0012782453
0.0022878882
0.0041643804
0.0063638468
0.0087642201
0.011818705
0.015924403
0.021103128
0.021100297
0.01895742
0.013843532
0.013761629
0.011207535
0.0095272851
0.0042874453
0.0066796612
0.011352567
0.008875379
0.011015638
0.0097287684
0.0073510169
0.0037697369
-0.0014951016
-0.002430939
-0.0029078896
-0.0035154989
-0.0037073794
-0.003931288
-0.0032733709
-0.0022684404
-0.0030905367
-0.0041263662
-0.0038722732
-0.0039755008
-0.0025901588
-0.001545232
-0.002050406
-0.00093459669
0.00092963614
0.00223994
0.0025833261
0.0028103632
0.0021656153
0.0027054921
0.0018205502
0.0028748086
0.0048986778
0.0032686031
0.0066374753
0.007659197
0.005393019
0.0066499426
0.0079283698
0.0066382707
0.00677063
0.0070743848
0.0081813202
0.010595245
0.0076838995
0.007420852
0.0071301679
0.0059177798
0.0069350872
0.0052539367
0.004842758
0.0025679037
0.0026221129
0.0076724829
0.005618151
0.0066137935
0.0035853256
-0.00083893495
-0.0055929615
-0.0086529057
-0.010369517
-0.013900961
-0.01760686
-0.019360624
-0.017616935
-0.010918388
-0.0083098666
-0.014249659
-0.016287631
-0.017957094
-0.020991231
-0.015746971
-0.011767599
-0.0050802558
-0.0016275436
-2.6274101e-05
-0.0037691317
-0.0058844085
-0.0059197876
-0.0044702077
-0.0027570115
-0.0050956588
-0.0058825575
-0.0041591874
0.0036267982
0.0075972549
0.010619157
0.011727317
0.01248418
0.015690813
0.01531861
0.015056837
0.013367655
0.011603851
0.013186486
0.010996079
0.0072188268
0.0058211959
0.0064447429
0.0067809741
0.0082918312
0.007993533
0.0080018094
0.0059376427
0.0036082534
0.00092320524
-0.00036986584
-0.0026206831
-0.0042179311
-0.0054640364
-0.007314506
-0.0093813246
-0.008433809
-0.0075266843
-0.0080307961
-0.0075634741
-0.0072979141
-0.0062117718
-0.0062642431
-0.0063166302
-0.0057918173
-0.0070532079
-0.0075062868
-0.0082587651
-0.0091878463
-0.0072913982
-0.0057134742
-0.0036537095
-0.001699324
0.00050223187
0.0027546594
0.0030956192
0.0030248781
0.0045394488
0.0069298602
0.0066993537
0.0079764591
0.0087525284
0.0061743672
0.0060393588
0.0077597541
0.0087438925
0.009584741
0.005500465
0.0048723483
0.0058751442
0.0091208787
0.0079108738
0.0077172324
0.0078876188
0.0053689543
0.0039032404
0.0043937221
0.0028335807
0.0011496442
0.00049991723
0.00017280387
-0.00039601334
-0.0010497958
-0.0011537022
-0.0019987268
-0.0026663902
-0.0036221971
-0.0033828055
-0.0030021274
-0.002757831
-0.0024282033
-0.0034986631
-0.0038755738
-0.0027159421
-0.001941315
-0.00089349758
-0.0014797981
-0.0023586633
-0.0032101851
-0.0002145401
0.0015860147
0.00090714647
0.0025909872
0.0045996782
