0.0036857809
0.0032914478
0.0040398064
0.0036144548
0.0040316053
0.0026392483
0.001901485
0.0030610261
0.0034147782
0.002901755
0.0029005893
0.0038481105
0.0026623532
0.0018837491
0.001694992
0.0019935412
0.0025108188
0.0047483099
0.005668706
0.0044522495
0.0061408157
0.0078564378
0.0064191501
0.0068718109
0.0070678734
0.0072135481
0.0068150353
0.0053300285
0.0053426908
0.0067217532
0.0060118076
0.006492109
0.0063287271
0.0059254683
0.0053606252
0.0042286561
0.0051239453
0.0052823701
0.0041826952
0.0043354274
0.004411133
0.0027909939
0.0016760643
0.0018131284
0.00074475514
-0.00062336868
-0.0017126952
-0.0043874331
-0.0062409591
-0.0086132935
-0.0087844504
-0.0089254931
-0.0098228261
-0.0088144338
-0.0077929996
-0.0067558001
-0.0069501191
-0.0058420037
-0.0052911123
-0.0073846474
-0.010123961
-0.0085885531
-0.0056069205
-0.0046914819
-0.0072176852
-0.0091556292
-0.011105486
-0.012838952
-0.012243804
-0.013209063
-0.012088366
-0.014227778
-0.015766522
-0.013882959
-0.013352947
-0.013508563
-0.014065668
-0.012783795
-0.0096402667
-0.0077954196
-0.0069407301
-0.0049218742
-0.003980238
-0.0048890066
-0.0049754302
-0.0055106866
-0.0069804751
-0.0079412375
-0.0071771855
-0.004541585
-0.0035332323
-0.0024901796
-0.0038666939
-0.002937223
-0.0033911081
-0.0032497447
-0.0036541982
-0.0033282712
-0.0047948069
-0.005059928
-0.0038763763
-0.0035477456
-0.0032824395
-0.0042930678
-0.0042833834
-0.0035104689
-0.0029571555
-0.00372426
-0.0045406237
-0.0052111624
-0.0053746588
-0.0063256756
-0.0072408616
-0.0066251944
-0.0059629763
-0.0078086916
-0.0069223142
-0.0056748184
-0.0055434955
-0.0019997337
-0.0012694253
-0.00031410111
0.00064174628
0.0032954728
0.0049956938
0.0031172018
0.0044671516
0.0045595539
0.0059990945
0.0065914212
0.0069160072
0.0060466347
0.0051992529
0.0052815964
0.004219916
0.0035571604
0.0025967385
0.00081860056
0.0017014116
0.0013899407
0.0016417924
0.0015898916
0.0021522585
0.0027029241
0.0038493226
0.0044008245
0.004724973
0.0049414877
0.0041897811
0.0035361849
0.0020264496
0.0019479331
0.001197905
0.00097285207
0.0019981078
0.0031758355
0.0024964354
0.0013636925
0.0001936307
0.00064394823
0.0019739445
0.0031461503
0.0038729818
0.0035354919
0.0044509082
0.0057379008
0.0059392971
0.0052638467
0.00610926
0.0063117656
0.0045943834
0.0049098967
0.0042723518
0.0044167243
0.0042720212
0.0044073088
0.0041983477
0.0037195533
0.0015706502
0.0016785907
0.00033895182
-0.00095646118
-0.003455528
-0.0046140263
-0.0048023689
-0.0047101683
-0.0052005412
-0.0054236618
-0.0056620897
-0.0053362035
-0.0050755607
-0.0073539777
-0.0090522499
-0.0098582249
-0.0097592435
-0.010406137
-0.0094307105
-0.0091063178
-0.0070751438
-0.0077093178
-0.0068793245
-0.0062213347
-0.0047666855
-0.0062294968
-0.0058393789
-0.004097667
-0.0016704823
-0.0010513695
-0.0014415282
-0.0036876189
-0.0047601662
-0.0051547907
-0.0058498486
-0.0065376431
-0.0061741022
-0.0060593599
-0.0031087633
-0.0032835611
-0.0052346616
-0.0052964231
-0.0046405731
-0.0039063259
-0.0043917115
-0.0045275872
-0.0029944064
-0.0023400073
-0.0025368975
-0.0046503932
-0.0068547832
-0.0086627057
-0.0080067362
-0.0058703231
-0.0058283626
-0.0039511936
-0.0015384869
-0.0002970387
-0.0018908747
-0.0017615818
-0.0031719451
-0.0020732109
-0.0028013984
-0.0024660351
-0.0028856486
-0.0017224687
-0.0019435856
-0.0017763723
-0.0025511555
-0.0028340297
-0.0031851402
-0.0028429583
-0.0037123765
-0.0037955412
-0.0044984937
-0.0049294691
-0.005615886
-0.0061844677
-0.0064987169
-0.0054754305
-0.0056537464
-0.007257128
-0.0080968047
-0.0069068471
-0.0045512672
-0.00098154497
0.00076619823
0.0016478668
0.0029752846
0.0026767865
0.0046867092
0.0045595816
0.0056366343
0.0047706263
0.00569108
0.0065148558
0.0066913191
0.0049928752
0.0056365725
0.0045927258
0.0042461628
0.0034765206
0.0018961867
0.0013711832
0.0016841429
0.0017555228
0.0016881696
0.0022884244
0.0028351043
0.0031653576
0.0056661113
0.0057952311
0.0068213815
0.0069402864
0.0067467339
0.0064530351
0.0041385861
0.0031575468
0.0025983067
0.0021652765
0.0024836598
0.0014292781
0.0010355699
0.0011046576
0.0018774688
0.0026317404
0.0030803105
0.0036089086
0.0041499447
0.0061051445
0.0058058678
0.005197322
0.0046602976
0.0055985433
0.0083922104
0.0089931293
0.006018617
0.0028398669
0.0017789755
0.0032843883
0.0025942489
0.0015887749
0.0016908264
0.00042905076
-0.0010719639
-0.0039326137
-0.0080134101
-0.011280766
-0.013133846
-0.014877539
-0.013230743
-0.011100348
-0.011252987
-0.011491278
-0.011385677
-0.010538774
-0.009990639
-0.0092801544
-0.010783009
-0.012237655
-0.011894206
-0.011004536
-0.0098520363
-0.0082175258
-0.0084524777
-0.0084113721
-0.0088297511
-0.0086185729
-0.0079943141
-0.0068039243
-0.0042917614
-0.0022497941
0.0014066607
0.0026123158
0.0034267531
0.001880397
0.0024990666
0.003384439
0.0041765718
0.0060955033
0.0055795495
0.0061442549
0.0066859778
0.0081137505
0.0070723696
0.0077086651
0.0063105171
0.0045780662
0.0027119258
-0.00043247069
-0.0018365572
-0.0016157432
-0.0027858749
-0.0050052668
-0.0083108666
-0.008036793
-0.0066487997
-0.0050163775
-0.0033701603
-0.00089668999
0.00012844041
0.0018878332
0.0010726379
0.00027186068
-0.0010843297
-0.0015949773
-0.00060794243
-0.00079750663
5.1537966e-05
0.00018860945
0.00032217134
-0.00021068371
-0.00058129725
-0.00044961467
-0.0016987202
-0.002060575
-0.0017916676
-0.0019950804
-0.0026316191
-0.0026980119
-0.0030292491
-0.0026517204
-0.002551623
-0.0029949407
-0.0033396948
-0.0077104903
-0.0038803185
-0.0012142991
0.0017732404
0.0025672859
0.00097388684
0.0038318832
0.0057720882
0.0053047567
0.0066604512
0.0068305184
0.0054605796
0.0054736776
0.0043789981
0.0075279075
0.0075560028
0.0039164396
0.003021957
0.00219918
0.0025953626
0.0020088594
0.0016365794
0.0016283798
0.0023251476
0.0029732577
0.0035221228
0.0037625196
0.0044632915
0.0040110155
0.0081052824
0.0082572244
0.0095214434
0.010114494
0.009977931
0.0082933308
0.0090994611
0.0087427308
0.0071372928
0.0049359837
0.0058931554
0.0059684589
0.0044277102
0.0043159032
0.0045779201
0.0053432641
0.008501575
0.0088589238
0.010441636
0.0096587712
0.0084639894
0.007775142
0.0081104867
0.010010153
0.0097994798
0.0093020054
0.0081259862
0.0039737654
0.0049474232
0.0065810842
0.0046550854
0.00266967
0.00060369005
-0.0024320751
-0.0068173129
-0.012465348
-0.018537235
-0.020511467
-0.022929542
-0.024062434
-0.024997321
-0.019235476
-0.017491182
-0.018149692
-0.017602861
-0.016684889
-0.014966788
-0.014422823
-0.015534612
-0.015606537
-0.013923339
-0.01429426
-0.014320642
-0.0141242
-0.013509194
-0.013854248
-0.01518333
-0.015799436
-0.012047495
-0.0077397153
-0.0029740587
-4.7866902e-07
0.0049930581
0.0090001677
0.011152375
0.0094304042
0.011597702
0.015125698
0.016653751
0.019081476
0.016465052
0.01828804
0.01856106
0.015941609
0.016173592
0.015160926
0.015362938
0.011302379
0.0053491445
0.0030618485
0.0022860882
0.00054948112
-0.0012450311
-0.0025478455
-0.0033938464
-0.0018890068
-0.0013562331
0.00074462798
0.001096138
0.0010284485
0.0013322665
0.0019693792
0.0018313006
0.0014676801
0.00082828013
0.0014765184
0.0022676323
0.002109627
0.0027256158
0.0026215961
0.001920154
0.0013240469
0.001061163
0.0011517685
0.0015620978
0.00076924226
0.00099928593
0.00081109578
0.00063241432
0.000681703
0.00055979145
0.00014017255
0.00085315665
0.0015272652
0.0012584533
0.0024355305
0.004041992
0.0038406727
0.002237955
0.0024683818
0.0020077023
0.0043469623
0.007993413
0.0096475695
0.009371301
0.01035425
0.010154575
0.0086023403
0.0057832595
0.0057814097
0.003238227
0.00080130605
0.0011338056
0.0021604448
0.0026804743
0.0026216926
0.002376911
0.0028608737
0.0035275733
0.0050020569
0.005646772
0.006185804
0.0067871168
0.0072076486
0.011227709
0.011723918
0.012494505
0.013539488
0.014088967
0.012557233
0.015042879
0.014901441
0.014573661
0.014774917
0.012258819
0.01054803
0.0084894256
0.007163327
0.0069702345
0.0095393043
0.014879922
0.01811264
0.018569572
0.017767711
0.015974791
0.015461325
0.016722082
0.01648926
0.014966275
0.015480613
0.015202781
0.010602717
0.0082172994
0.0075767151
0.0077931532
0.0028465427
-0.00033262681
-0.0044014658
-0.0089500809
-0.016038697
-0.02264802
-0.025676483
-0.028754973
-0.03281307
-0.03110583
-0.027855227
-0.025390099
-0.022893456
-0.023498566
-0.022767632
-0.022847258
-0.0230911
-0.023765808
-0.022162003
-0.02017621
-0.01925798
-0.01965476
-0.022099428
-0.023371746
-0.022778911
-0.02464031
-0.021626984
-0.017965728
-0.012339119
-0.0067061257
-0.0040128091
0.0018804151
0.004522821
0.0094847427
0.011438498
0.014400374
0.019070205
0.021452275
0.023209091
0.023582447
0.028066303
0.026629336
0.026418197
0.023610647
0.019257871
0.016205876
0.0099148787
0.008600663
0.0066536106
0.0063182862
0.0046613779
0.0049877699
0.0052177206
0.0022214105
0.0026891765
0.0013817114
0.0031882441
0.0030856486
0.0010318557
0.001932459
0.0023650152
0.0014768333
0.0017886449
0.00091421183
0.0017095122
0.0018432584
0.0027511557
0.0027937725
0.0039948439
0.0033648384
0.0029229577
0.0018242401
0.0026739953
0.0022134333
0.0015497137
0.0023243048
0.0026001549
0.0022868512
0.0020950079
0.002030644
0.0038998754
0.0055049687
0.0092802914
0.0098989429
0.0063147663
0.0041341699
0.0049998948
0.0067550205
0.0057834373
0.0068306185
0.0088406621
0.011339648
0.012333262
0.012919593
0.012101092
0.010973194
0.0081573207
0.0058473564
0.00425437
0.0024176516
0.001926263
0.0021725066
0.0027016462
0.0033506614
0.0040957953
0.0038742517
0.0041934992
0.0049449203
0.006562021
0.0087746245
0.0092837951
0.010008155
0.010467004
0.013919933
0.015178039
0.016332116
0.018728134
0.017845683
0.018451887
0.023324662
0.024858214
0.025740454
0.025020513
0.020109941
0.017848212
0.014107948
0.0094720117
0.010177103
0.014005548
0.024004269
0.02712478
0.027551011
0.028175512
0.025097065
0.025545794
0.02571299
0.022623764
0.02115811
0.019079752
0.019529334
0.017025134
0.014371995
0.013008634
0.011226329
0.0090195633
0.0059307078
2.5567415e-05
-0.0029443687
-0.0064583454
-0.016201132
-0.023611051
-0.028978886
-0.032217248
-0.02901191
-0.028301562
-0.028355582
-0.028317432
-0.02650833
-0.028952456
-0.030035258
-0.030227575
-0.02903784
-0.0300005
-0.027601453
-0.028102433
-0.029610276
-0.030497451
-0.031243329
-0.033592342
-0.031692231
-0.031380557
-0.031777842
-0.023777635
-0.022419269
-0.019756726
-0.011104234
-0.0061414187
-0.00036963749
0.0037520959
0.0064686453
0.01095073
0.014163533
0.01726398
0.01915437
0.023178158
0.024066827
0.022276017
0.020161536
0.01827048
0.012829527
0.0085160191
0.0087150341
0.0071721408
0.0052048352
0.0057607732
0.0049725601
0.0044513262
0.0035680023
0.001392358
0.00033010899
0.00083895306
0.00092510851
0.0012769642
0.0010146656
0.0016568932
0.0014533917
0.00070338305
0.00095092971
0.0010167726
0.002457002
0.0031004954
0.0028502093
0.0035468605
0.0028920467
0.0029764226
0.0027221983
0.0027259682
0.0028642361
0.0034784716
0.003434332
0.0039067075
0.0040968682
0.0046257675
0.0064496873
0.0092667706
0.013045523
0.013314442
0.0087573666
0.0086033469
0.01025319
0.010448731
0.0092572183
0.010614804
0.01184232
0.011903678
0.013747881
0.014472475
0.014870794
0.012424303
0.011442417
0.0099390344
0.0076657718
0.0072821911
0.0045994991
0.0047996866
0.0042757422
0.0050637787
0.0038906966
0.0052296935
0.0062770343
0.0066251599
0.0076002886
0.0097473364
0.011836064
0.014192651
0.013670017
0.013403408
0.016921621
0.018269615
0.020410714
0.020595032
0.020863277
0.022873662
0.028229116
0.032451606
0.029989448
0.029044079
0.024445133
0.0197318
0.014449496
0.011772824
0.010688233
0.015384612
0.028478117
0.034639361
0.033863761
0.033944912
0.031891738
0.031742894
0.028873796
0.027104494
0.026175768
0.027788325
0.026550029
0.022139024
0.020097215
0.020152074
0.017905057
0.013681567
0.0091536664
0.0030146586
-0.0017974547
-0.0047413625
-0.012538355
-0.021142304
-0.028846591
-0.029707294
-0.03026964
-0.028571691
-0.026312345
-0.032999081
-0.034639448
-0.037293017
-0.039122905
-0.042057775
-0.038210721
-0.039693822
-0.041133028
-0.046450132
-0.049010526
-0.046217766
-0.041087074
-0.042417778
-0.044053052
-0.048311664
-0.042557885
-0.031520711
-0.027027742
-0.022977459
-0.02654497
-0.020895347
-0.015415349
-0.0067445934
-0.0052789173
-0.0013298051
0.0047454404
0.0076050217
0.0089659324
0.010529355
0.012832323
0.011290024
0.011620342
0.0093267547
0.0066512606
0.0039537623
0.0034815712
0.0048427019
0.0056126537
0.0044245758
0.0041368234
0.0018445095
0.00077753661
-0.00029872879
0.00019481553
-0.00035288741
-0.00061448895
-0.00043327757
0.00058015898
0.0011017851
-1.8322557e-05
0.00048226047
0.00067434883
0.0003097247
0.00089114029
0.0021295103
0.0028025756
0.0037927231
0.0049225619
0.0044251909
0.004716453
0.0042130733
0.0050991218
0.0042358253
0.0051142826
0.0057331792
0.006778897
0.0085332479
0.010832061
0.013516867
0.017939313
0.01336438
0.010819931
0.011054711
0.010931819
0.012136972
0.012883331
0.013312159
0.013708976
0.016380103
0.016393534
0.018158157
0.01515044
0.012947522
0.013787957
0.011817646
0.0090010402
0.0097572567
0.0079473819
0.0043747434
0.0024785278
0.0049867605
0.005746034
0.0080865208
0.0089333937
0.0099483905
0.010374523
0.01287633
0.013808397
0.015165446
0.017131484
0.01614252
0.020177039
0.022165922
0.02137526
0.021969385
0.021275502
0.02521852
0.029207701
0.029405063
0.028174997
0.027630655
0.02653867
0.020579698
0.019681364
0.016846287
0.0084876605
0.012183162
0.026172048
0.031996448
0.0314146
0.032856707
0.03342273
0.032418997
0.032045688
0.031096992
0.033861051
0.03183842
0.02801962
0.026722737
0.025633834
0.023560275
0.018998952
0.012286758
0.0057790102
-0.0028841995
-0.011365924
-0.015636264
-0.020201901
-0.02813925
-0.031059953
-0.031239434
-0.029965545
-0.031899338
-0.026905605
-0.032394999
-0.034036016
-0.043209013
-0.043791393
-0.054975059
-0.048952074
-0.049004443
-0.057784105
-0.055803239
-0.059249335
-0.056488832
-0.057392388
-0.063492321
-0.057835598
-0.052447189
-0.050965324
-0.046140326
-0.038063287
-0.036684795
-0.034530087
-0.025115689
-0.020289231
-0.012994911
-0.0085922534
-0.0021685866
-0.0014095503
0.00105567
0.0017288416
0.0042513899
0.0049371972
0.0041252192
0.0013643753
0.0022644082
0.0020225295
0.0027187256
0.00236547
0.0030917801
0.0039749716
0.0054362184
0.0028446992
0.0028107882
7.8261472e-05
-0.00089239299
-0.00099649435
-0.00075382535
-0.00088415459
-0.0018045755
-0.0013753973
-0.00082900888
-0.00057122031
0.00039730596
0.00068284913
0.0012061997
0.0022662706
0.0034961351
0.002909781
0.0036465093
0.002560961
0.003042433
0.0027637793
0.0040581551
0.0059484132
0.0060960517
0.0064770797
0.0094093989
0.0097512579
0.0098952272
0.011034653
0.016108969
0.01776103
0.012359533
0.0085618993
0.010901686
0.013429225
0.012756174
0.013203767
0.014722753
0.012503936
0.01244626
0.014928421
0.015387296
0.013911202
0.011699361
0.010588535
0.0069560996
0.0054297228
0.0035057334
0.0027004183
0.0053895753
0.006480084
0.0087291652
0.0095716259
0.0099592436
0.011136292
0.013688824
0.013599567
0.015202499
0.016648009
0.017588573
0.018717587
0.018749903
0.024792885
0.023574573
0.025952978
0.024771313
0.023460667
0.025476689
0.026796432
0.024470825
0.022851988
0.025270541
0.024046012
0.024246011
0.019850059
0.020363546
0.013030383
0.013078303
0.025307154
0.031359885
0.031845658
0.031609271
0.036695438
0.037366074
0.038007758
0.036544933
0.034925307
0.03037886
0.025962095
0.025055654
0.022962668
0.017638116
0.010716277
0.0014293122
-0.0053690728
-0.011901866
-0.019516135
-0.02858219
-0.035944416
-0.039720212
-0.03810457
-0.035798263
-0.034505729
-0.034792194
-0.034546295
-0.036297458
-0.038280698
-0.045443921
-0.052335538
-0.047932039
-0.052650496
-0.055298739
-0.061311085
-0.060236348
-0.065760221
-0.068341727
-0.069574949
-0.070766396
-0.065175419
-0.061810422
-0.06022016
-0.052143065
-0.048093757
-0.042659853
-0.038460683
-0.032732242
-0.024524577
-0.018184303
-0.012661465
-0.010820491
-0.0085239781
-0.0070697942
-0.0044354638
-0.0032723614
-0.0033523696
-0.0014402441
-0.0016904518
-0.0018465047
-0.0028266096
-0.00085333425
0.00150303
0.0034144343
0.0041098978
0.0041426399
0.0019313812
0.00086466589
-0.00031447292
-0.0014612972
-0.0016449958
-0.0034529938
-0.00310469
-0.0021741905
-0.0020945397
-0.0017242125
-0.00070581465
-0.00026707201
-2.0639091e-05
0.0014017051
0.0036124371
0.004473691
0.0049721719
0.0043241653
0.004151709
0.0042866095
0.0055592946
0.0057840025
0.0062208204
0.0065079587
0.0076433837
0.010280651
0.011010534
0.010451491
0.011444257
0.014367407
0.01722579
0.010480806
0.0081514113
0.0081682035
0.009524775
0.011630369
0.009777307
0.011475092
0.0092090099
0.0095988159
0.0095617553
0.0074701661
0.0067672981
0.0024624108
0.0023749502
0.0033565731
0.0059454593
0.0079507168
0.011640489
0.013329738
0.013279851
0.012630861
0.014758227
0.015983703
0.017481765
0.016548616
0.017852187
0.018630115
0.019743991
0.020807186
0.022556787
0.023031469
0.030621377
0.029699235
0.030469634
0.025932553
0.021924049
0.022514793
0.022049118
0.021086027
0.020208174
0.022098798
0.023441248
0.022674216
0.020074168
0.015631658
0.012102533
0.015661628
0.022838243
0.028014779
0.032785447
0.03411763
0.040551654
0.044138668
0.043806628
0.039128953
0.034850922
0.028130931
0.02372602
0.019532734
0.012691293
0.0057490395
0.00097721122
-0.0068916751
-0.013710202
-0.025384229
-0.034132187
-0.042953153
-0.049976411
-0.05249828
-0.045731519
-0.036461326
-0.039151235
-0.043723726
-0.042581253
-0.044919552
-0.042581882
-0.05019579
-0.053561496
-0.052430271
-0.0590616
-0.061845331
-0.063737969
-0.066681545
-0.072304518
-0.071366405
-0.071766981
-0.069722499
-0.068482137
-0.066010802
-0.0639734
-0.058324784
-0.051537655
-0.045301104
-0.041087913
-0.035633755
-0.029574398
-0.021858201
-0.02050423
-0.017946124
-0.016007049
-0.016530794
-0.015332786
-0.01520355
-0.011255617
-0.010656419
-0.0089611003
-0.0094085551
-0.0073783886
-0.0049869302
-0.0017674163
0.0036485473
0.0029637381
-0.00033210617
-0.0021651226
-0.0019656372
-0.0032188095
-0.0034402381
-0.0043720512
-0.0046517506
-0.0052575448
-0.0058922779
-0.0049158343
-0.0059108173
-0.0063334436
-0.0044180929
-0.0023380547
-0.00099908128
-0.0010149568
0.0014928324
0.0029201375
0.0054376969
0.005630144
0.0054035511
0.0053109602
0.0068836747
0.0072577757
0.0092448557
0.010849815
0.012705548
0.013224251
0.013057036
0.013745481
0.014468139
0.014770669
0.011913722
0.0080754032
0.0068690168
0.0050857605
0.0072378349
0.0095034902
0.0066768284
0.0061748447
0.0057546437
0.0049653706
0.0026665919
-0.0016933237
-0.00015906187
0.0032787504
0.0045723875
0.0074898847
0.0094484446
0.010022124
0.01390998
0.014268233
0.016143808
0.018732909
0.021691348
0.024150846
0.023960922
0.024283992
0.027407804
0.028976936
0.030547233
0.031023819
0.029804341
0.026816733
0.025337852
0.024914063
0.019496657
0.015610556
0.017467855
0.01690999
0.020863419
0.018387226
0.022655056
0.022027421
0.021541233
0.019446621
0.010825136
0.0070213874
0.011029457
0.018174738
0.023940487
0.026565227
0.031426412
0.038452336
0.04313584
0.042409025
0.040298966
0.031678687
0.024903031
0.01345743
0.009465943
0.00098149967
-0.0031136838
-0.013725505
-0.022988119
-0.028726321
-0.033756068
-0.04289843
-0.057045026
-0.067564371
-0.065472265
-0.05264157
-0.051931009
-0.05202825
-0.053963746
-0.051663261
-0.055468997
-0.055350848
-0.054821917
-0.053407015
-0.057466458
-0.061105266
-0.064441476
-0.061542228
-0.063188975
-0.064017436
-0.063499313
-0.061371637
-0.058288167
-0.056738436
-0.055074106
-0.052284108
-0.053881355
-0.048685089
-0.044137875
-0.040030455
-0.037963312
-0.032735763
-0.027170314
-0.025587419
-0.023957971
-0.023515959
-0.022185822
-0.020431066
-0.022153401
-0.019242075
-0.017280759
-0.017250393
-0.015809753
-0.010751284
-0.0097305184
-0.0051106674
-0.0026224474
-0.0027989377
-0.0046518614
-0.0063259074
-0.0038325286
-0.0072390565
-0.0075220579
-0.0070188171
-0.0097215125
-0.0055839555
-0.0067191002
-0.0070447595
-0.0063053739
-0.0060259243
-0.0046526144
-0.0059119614
-0.0027905089
-0.00032163421
-0.000374271
0.0019457145
0.0050277696
0.0054127882
0.00759819
0.0059425845
0.0055000715
0.0049311906
0.0076595029
0.0091884072
0.012161795
0.012774136
0.016028181
0.012719852
0.010765915
0.0063284712
0.0056139054
0.015186615
0.0078920834
0.0087942258
0.0097933459
0.0079565407
0.0080503575
0.0067927123
0.0065853957
0.0051009875
0.0026958849
0.0020274662
0.0028161613
0.0035318403
0.0069520983
0.0080500686
0.011144442
0.010131053
0.010691331
0.015471453
0.018004239
0.020435765
0.021892279
0.023867394
0.026696357
0.027163539
0.029007994
0.026859396
0.025655468
0.029166802
0.02931871
0.018918309
0.019192094
0.017957252
0.014637508
0.013266352
0.017418085
0.017909837
0.019097418
0.017384585
0.02013973
0.01912141
0.019647761
0.01759472
0.013749584
0.01119248
0.01062494
0.015787585
0.018938584
0.02252362
0.024076339
0.028195939
0.029075781
0.032477907
0.033599345
0.029941536
0.0207098
0.010461138
0.0015439635
-0.0098227569
-0.01851653
-0.028467224
-0.03641041
-0.033739212
-0.044074215
-0.05617477
-0.068259875
-0.080246234
-0.081219467
-0.069222551
-0.066867738
-0.070071584
-0.073761559
-0.066647612
-0.062093431
-0.059871134
-0.057575217
-0.053137378
-0.051475773
-0.047972123
-0.046027065
-0.051835341
-0.054906283
-0.054543874
-0.051075686
-0.048789084
-0.045087888
-0.043154588
-0.039815626
-0.037804283
-0.036799818
-0.033523944
-0.029228532
-0.02640619
-0.025759738
-0.023258811
-0.018217086
-0.018878534
-0.018200926
-0.017210533
-0.018494597
-0.0185927
-0.02162152
-0.019905467
-0.01620921
-0.018258599
-0.015913329
-0.013249518
-0.010593545
-0.011711152
-0.0079922237
-0.0079419388
-0.0075133175
-0.012280887
-0.010151267
-0.007449442
-0.0077514238
-0.010132698
-0.012315743
-0.011888931
-0.011165413
-0.0072196867
-0.0054106472
-0.0059349033
-0.0068040746
-0.0060470092
-0.0052284437
-0.0036913083
-0.0047763019
-0.0013519349
0.0019075439
0.0023816003
0.0039553197
0.0082574032
0.0089504317
0.0071644377
0.0081410431
0.0095927381
0.010237914
0.012910074
0.019398496
0.014533151
0.0099609157
0.0024494518
0.0046009222
0.0091678341
0.0077529347
0.0070864687
0.0061103207
0.0068056998
0.004955493
0.004088326
0.0027544919
0.0064772187
0.0053467022
0.004323922
0.0037951936
0.0051158715
0.005922453
0.0073656301
0.010497307
0.010361889
0.011428044
0.014774072
0.017299799
0.017691091
0.018699705
0.020801253
0.021737074
0.021453828
0.019052236
0.018187751
0.017855538
0.018716934
0.020508488
0.013956973
0.013463898
0.014189454
0.015243079
0.016782605
0.015370222
0.018782998
0.022172777
0.017828264
0.01541052
0.013921416
0.016536013
0.016652655
0.014230017
0.0091759947
0.0067196574
0.015050613
0.013096472
0.015980311
0.013919759
0.015041026
0.015594194
0.017870828
0.01822089
0.015650919
0.010407321
0.0011703773
-0.0095043034
-0.024136419
-0.038315492
-0.046340959
-0.04267551
-0.048718455
-0.059778427
-0.074357861
-0.083015269
-0.089295096
-0.088024322
-0.080923377
-0.067260036
-0.06900846
-0.067281667
-0.059638973
-0.05849904
-0.062583948
-0.060848465
-0.050541206
-0.03900033
-0.032235237
-0.032584233
-0.035359039
-0.041854031
-0.034705008
-0.032945395
-0.027480569
-0.024119591
-0.021739129
-0.01974065
-0.017856936
-0.01579033
-0.011376998
-0.010988624
-0.0085569813
-0.0066473494
-0.007374872
-0.005491135
-0.0077557312
-0.0089764461
-0.01133097
-0.014887806
-0.015490622
-0.014247216
-0.015968654
-0.018387629
-0.01908679
-0.01700381
-0.016366297
-0.016921174
-0.014321012
-0.012604979
-0.011533072
-0.010612126
-0.011160626
-0.01182184
-0.01246785
-0.013474914
-0.014397504
-0.014655035
-0.014457832
-0.014015245
-0.012705583
-0.008747776
-0.0079707296
-0.0077770011
-0.0092315066
-0.0096247578
-0.0073155675
-0.004878568
0.0007007948
0.0056641096
0.0099288342
0.014149461
0.021472848
0.025916457
0.022791808
0.023166704
0.020929846
0.018816207
0.013526351
0.014785716
0.0091242094
0.0017685478
0.0045509382
0.0072320305
0.0087827185
0.0052890689
0.0063167514
0.0042290281
0.0034288503
0.0015825175
-5.5572857e-05
0.0014953771
0.0021543886
0.0014451056
0.0016164288
0.0022075602
0.0028189478
0.0042210334
0.0051316262
0.0067868262
0.0081679692
0.0082059969
0.0082102041
0.011299666
0.012753252
0.014312466
0.01511653
0.015872455
0.013512741
0.012556254
0.012350784
0.013806734
0.013071345
0.012473532
0.013263319
0.013609558
0.015610478
0.015819584
0.016042086
0.015040768
0.016567615
0.017879458
0.019619243
0.017616872
0.015769395
0.013773439
0.013035777
0.012349582
0.0050651792
-0.0016077779
0.0072225882
0.006295599
0.0030194601
0.0038140011
0.0051456006
0.0057009077
0.0064627526
0.0028068815
0.0008704668
-0.0036767146
-0.012061052
-0.022683371
-0.033828769
-0.053784972
-0.051789793
-0.045236359
-0.054727535
-0.06250912
-0.074900968
-0.07954864
-0.079944656
-0.07664112
-0.070790418
-0.049780829
-0.041287144
-0.045745932
-0.043807865
-0.047175493
-0.054482124
-0.050893199
-0.039727989
-0.027275237
-0.014266106
-0.012133792
-0.017073456
-0.016315892
-0.011811959
-0.0097122758
-0.0064068828
-0.0043517643
-0.00044233352
0.0029843889
0.0033726516
0.0031542961
0.0051114598
0.0023625111
0.0027782065
0.0013497119
0.0019627158
0.0028117132
0.00068323512
-0.0020945842
-0.0045809105
-0.00904303
-0.01249387
-0.012852226
-0.014221906
-0.016532156
-0.020039969
-0.017538682
-0.015674605
-0.015280115
-0.014440454
-0.012454952
-0.01528759
-0.015575175
-0.015172109
-0.01401931
-0.014450186
-0.014958338
-0.0145512
-0.014088665
-0.015446786
-0.013790417
-0.011921579
-0.011278275
-0.0096621649
-0.0091972231
-0.010797692
-0.0099996293
-0.0078508452
-0.0071144042
-0.001026863
0.0080870976
0.014005526
0.021062622
0.025943634
0.026972025
0.028936037
0.030687709
0.028070698
0.026765017
0.022431041
0.019627451
0.010073786
0.0080140579
0.0084536612
0.010260727
0.0098104893
0.0086964882
0.0061912233
0.0043693464
0.0018100392
-0.0012539952
-0.0023903317
-0.0025496447
-0.0034053675
-0.0017352396
-0.001199061
-0.00045382969
0.00069751718
0.0013235198
0.0028554424
0.0044806372
0.0059504318
0.0068631708
0.0067837657
0.0064819911
0.0084459312
0.010541907
0.010367714
0.010828772
0.0091552799
0.0089435412
0.0095302642
0.010656143
0.014225342
0.012228394
0.012408346
0.014577511
0.015049115
0.013213849
0.014508339
0.012252119
0.013068976
0.014104273
0.014797228
0.01332856
0.0112789
0.0095824458
0.0086222331
0.0057710207
0.0033078866
0.0020648222
0.0057476894
0.0074510645
0.0048565472
2.86588e-05
-0.00093053313
-0.0016495957
-0.002012844
-0.005955443
-0.0083602756
-0.012112397
-0.018386209
-0.027491708
-0.037045306
-0.047106508
-0.040486857
-0.046037707
-0.055146048
-0.05796041
-0.064167908
-0.062069486
-0.05700819
-0.050744638
-0.047693249
-0.030577347
-0.024844402
-0.033933989
-0.034527991
-0.031922843
-0.031556289
-0.027982431
-0.022232548
-0.013625718
-0.0012019258
-0.0011992733
-0.0033062816
0.0045798077
0.007356887
0.008704537
0.0091571429
0.012263793
0.014135326
0.01394147
0.01128477
0.012610158
0.012385094
0.011598815
0.012054964
0.0092887941
0.0086391626
0.009145756
0.0050204263
0.0023037132
-0.0017486832
-0.0045378082
-0.007770706
-0.009584929
-0.013844252
-0.01558166
-0.016781296
-0.016797612
-0.017024986
-0.015806914
-0.013330338
-0.012789947
-0.011155613
-0.013783245
-0.01450318
-0.016207453
-0.018319117
-0.017677752
-0.015919495
-0.015690154
-0.014468517
-0.014056318
-0.012285497
-0.0087740342
-0.0047678379
-0.0055711602
-0.0071415903
-0.0068873317
-0.0028017351
-0.0012710896
0.0015584579
0.0061589287
0.013793015
0.020791701
0.024871415
0.027192632
0.026163884
0.028543984
0.02157672
0.017890808
0.010319023
0.0098861969
0.011037584
0.010089672
0.0099896473
0.0091263151
0.0057517897
0.0036037682
0.0028952904
-0.00093278027
-0.0015351774
-0.0013736651
-0.0039702113
-0.0036332978
-0.0033656697
-0.0040112217
-0.0039836443
-0.0046934046
-0.0032130844
-0.0025706293
-0.00056592414
0.00046357465
0.0010978901
0.0023574472
0.0047171239
0.0050960687
0.0049891397
0.0054651711
0.0063566061
0.0067364592
0.0060341819
0.0053682517
0.0054704037
0.0090373522
0.011492162
0.012372359
0.01085726
0.0099029425
0.0085531267
0.0099612539
0.008965069
0.0083375477
0.010378273
0.0095644444
0.0091679699
0.009348443
0.0082323484
0.009121422
0.0063605533
0.0054371937
0.0041079229
0.0037503301
0.0033919616
0.0052995894
0.0069141103
0.0047221101
0.0005605547
-0.0036876688
-0.0058979975
-0.0090392559
-0.010626532
-0.014476933
-0.018932767
-0.023849437
-0.028403197
-0.028165979
-0.02264805
-0.027733298
-0.036287555
-0.043972184
-0.042759938
-0.039822118
-0.031886221
-0.022445433
-0.019142797
-0.012254185
-0.013935512
-0.021262352
-0.019478564
-0.015328243
-0.015169299
-0.013650715
-0.010311843
-0.0042268052
0.0025103649
0.0060326411
0.007859668
0.010774595
0.014538364
0.016404887
0.015861643
0.01507257
0.014541773
0.015783081
0.014280824
0.014031424
0.012923191
0.011461646
0.010982256
0.0099454318
0.010158325
0.0095658764
0.0082704839
0.0068980842
0.0033498718
-2.5900863e-05
-0.0051911666
-0.0057557089
-0.0071887934
-0.0097657505
-0.011109962
-0.011431238
-0.011288679
-0.011312935
-0.010962726
-0.011765547
-0.0098136076
-0.0085719099
-0.009511338
-0.01183402
-0.012239172
-0.013124752
-0.013784103
-0.014788318
-0.014146574
-0.012451752
-0.011159713
-0.0084341092
-0.0044407912
-0.0031418874
-0.0027842019
-0.0020678479
-0.00029005713
0.0017926793
0.0043666388
0.0077471967
0.0118623
0.017480192
0.018411976
0.017362902
0.013198547
0.013525821
0.011202675
0.0093247389
0.0041302795
0.0058400542
0.010661273
0.0086979059
0.010894276
0.010175043
0.0081573162
0.005155012
-0.00011168588
-0.00157638
-0.0024602078
-0.0034718346
-0.0037527174
-0.0042817952
-0.0037917876
-0.0027711262
-0.0035027953
-0.0047328613
-0.004644324
-0.004973551
-0.0038704126
-0.0026639136
-0.0032002229
-0.0022437979
-0.00033547341
0.0012607568
0.0018303421
0.0022588917
0.0016830144
0.0022722345
0.002061041
0.0030864724
0.00534087
0.003633727
0.0067827546
0.0083608325
0.0058021904
0.0070177601
0.0086997021
0.0076205332
0.0076418727
0.0078435165
0.0089277286
0.01161396
0.008884175
0.0084479599
0.008100808
0.0067287592
0.0078638984
0.00626309
0.0058325582
0.0038653198
0.0036649402
0.0092810815
0.0076434324
0.0087475256
0.0064626572
0.002475973
-0.002169892
-0.0056376402
-0.0072207633
-0.010653907
-0.014617239
-0.017010569
-0.01609077
-0.0099593614
-0.0063178806
-0.011384606
-0.014272382
-0.015903457
-0.020128471
-0.016813497
-0.013870026
-0.0079078374
-0.0039887745
-0.0015441025
-0.0043711889
-0.0067563656
-0.0065518728
-0.0056351088
-0.0038142912
-0.0064504783
-0.007872909
-0.0070962156
0.00021905158
0.0047080755
0.0078535876
0.0093147219
0.010050152
0.013622623
0.013716065
0.013570789
0.012443468
0.010947172
0.012536697
0.011084397
0.0078103386
0.0063253678
0.0066988714
0.0071025164
0.0085486072
0.0088154969
0.0091878341
0.0074217251
0.0052620935
0.0024705258
0.00084634784
-0.0011856775
-0.0028063153
-0.0040586201
-0.0058850972
-0.0083713646
-0.0078629699
-0.0069383709
-0.0080072412
-0.0078025038
-0.0078660367
-0.0068945319
-0.007016094
-0.007400559
-0.0070893963
-0.0086877579
-0.0093225277
-0.010146955
-0.011274355
-0.0098772186
-0.0084991901
-0.0067558165
-0.0049039634
-0.0027214968
-0.00022834032
0.0001328691
3.0021656e-06
0.0011063714
0.0037236097
0.0039430469
0.0051692738
0.0065182888
0.0049840342
0.0048564219
0.0069986953
0.0081072168
0.0087254615
0.0047223166
0.0038816541
0.0049752547
0.0083487396
0.0074850799
0.0072137656
0.0078696066
0.0057427947
0.004404317
0.0049638343
0.0034626516
0.0016582133
0.00071275536
0.0003049587
-0.00037399462
-0.0010839902
-0.0012370563
-0.0020778061
-0.002822591
-0.0039404185
-0.0039195022
-0.0037703835
-0.0034290774
-0.0030342057
-0.0040130161
-0.0046551038
-0.0033855511
-0.002668786
-0.0014906183
-0.0021073934
-0.0030977851
-0.003959104
-0.00092809179
0.0012747586
0.00069231457
0.0023475582
0.0047061527
