0.0046619404
0.0045918406
0.0051535995
0.0052190982
0.0055372677
0.0043703206
0.0029902626
0.0024918251
0.0034030803
0.0042570102
0.0058183745
0.0048120242
0.002707251
0.00089909247
-0.00020955861
-0.00043016819
0.0002636191
0.0025330703
0.0024675455
0.00042624608
0.0030791748
0.004521922
0.0042225852
0.0036640667
0.0030307311
0.003210004
0.0037881091
0.0034677536
0.0032296792
0.0031755592
0.0028644209
0.0038263598
0.0037200413
0.0029492152
0.0029522821
0.0020896828
0.0027347847
0.0021376275
0.0016549786
0.0019218869
0.0016234144
0.0016858896
0.0027466474
0.0033165155
0.0033350933
0.0028948174
0.0030384636
0.0008872808
0.00057607659
-0.00077540522
-0.0013514833
-0.0017641391
-0.0026688339
-0.0021221937
-0.001790867
-0.001133947
-0.0014671187
-0.0003828774
-0.0017214356
-0.0044992843
-0.0072126822
-0.0062450746
-0.0039467054
-0.003410126
-0.0038515575
-0.0045210378
-0.0061976313
-0.0084760796
-0.0096994758
-0.011828443
-0.011336138
-0.012333538
-0.01252424
-0.010365799
-0.010494545
-0.011032764
-0.012306407
-0.012006324
-0.011161592
-0.01053218
-0.011738011
-0.0095225093
-0.0079844021
-0.006232875
-0.0070179667
-0.0081182925
-0.008162992
-0.00878068
-0.0064810383
-0.0060838148
-0.0048978245
-0.0035111871
-0.0045260344
-0.0035696081
-0.0035650777
-0.0033083597
-0.0034580884
-0.0040610245
-0.0049119141
-0.0039064058
-0.003069543
-0.0036422691
-0.003101759
-0.0039232823
-0.0041839
-0.0032867937
-0.0034642598
-0.0040875379
-0.0046528757
-0.0051552068
-0.0052416424
-0.0055844722
-0.0062704758
-0.0062190129
-0.0065026501
-0.0086428587
-0.0074339969
-0.0047000397
-0.003849839
0.00015431443
0.0025540332
0.0059735372
0.0068784475
0.0095841673
0.009665894
0.0082096994
0.0089159564
0.0097021193
0.0099934186
0.0086277341
0.0066686285
0.0052141524
0.0057246984
0.0053893452
0.0044470699
0.0038601798
0.0029262585
0.0013796966
0.0015966072
0.0025317161
0.0024919039
0.0022295043
0.0026022691
0.003600381
0.0047405495
0.0051340444
0.0052399967
0.0051244694
0.00443558
0.003499248
0.0024008955
0.0029193225
0.0031743073
0.0031866951
0.0031596353
0.0024485264
0.0010391121
-0.00015186496
-0.0017210648
-0.0020034851
-0.0010305367
0.00023792507
0.00080690097
0.00070450676
0.0027789849
0.0035193481
0.0038489422
0.0028653462
0.0024651063
0.0024546527
0.0019133267
0.0026191857
0.00260229
0.0021337664
0.0017203466
0.0017725483
0.00057814454
-0.0002797738
-0.00082506029
0.00016318607
-0.00077089303
-0.0018457954
-0.0038790787
-0.0036872637
-0.002406246
-0.0022513703
-0.0019224535
-0.00090325693
-0.00027129761
0.00051479381
0.00055559637
-0.0011728716
-0.001142888
-0.0017638407
-0.0022756691
-0.0024631598
-0.0028425094
-0.0025673019
-0.0023052224
-0.0023781752
-0.0020468603
-0.0013559761
-0.0021766812
-0.0043620779
-0.004663336
-0.0023872003
9.791597e-05
0.0011406742
0.00028173125
-0.00085124477
-0.0023844295
-0.0042562911
-0.0063787408
-0.0073233394
-0.0067237906
-0.0070667301
-0.0050761246
-0.0065574526
-0.00882797
-0.0096044059
-0.0088678626
-0.0087805285
-0.010309662
-0.010248664
-0.0086339634
-0.0077053569
-0.0060286983
-0.0071430575
-0.0069601128
-0.0077503936
-0.0071533517
-0.0050908853
-0.0054554664
-0.0049256447
-0.0027737591
-0.0016285235
-0.0019742351
-0.001724133
-0.0028426905
-0.0026890511
-0.0035142857
-0.0032443416
-0.0032750003
-0.0027274434
-0.0028219696
-0.002697485
-0.0032770442
-0.0034481894
-0.0032764914
-0.0039928691
-0.0048778687
-0.0050126047
-0.0058981751
-0.0059842459
-0.0061797743
-0.006434205
-0.0071614159
-0.0068430139
-0.0087289485
-0.0098188537
-0.0090447757
-0.006155089
-0.0015671575
0.0031074449
0.0056461317
0.0069801391
0.0087588014
0.008219462
0.0070880405
0.0065897673
0.0072940644
0.0056515569
0.006818592
0.0062420846
0.004843587
0.0045510658
0.0053138485
0.0046329438
0.0046903597
0.0036233382
0.0019469608
0.0012167013
0.0014138558
0.001001871
0.0011574187
0.0024362827
0.0029329724
0.0040369934
0.0046450261
0.0043628176
0.0047549582
0.0043833125
0.0038342071
0.003344366
0.0021685894
0.003043398
0.0032950235
0.0033845265
0.0019215245
0.00050074905
-5.1807637e-05
-0.00064885951
-0.00033190784
-0.0003469982
-0.00041662269
-0.00037810552
0.0016329503
0.0028650047
0.0030342872
0.0034925468
0.0031179688
0.0029307336
0.003156892
0.0041329882
0.0047603921
0.0041702727
0.004207233
0.0036202853
0.0025360735
0.0016467382
0.00039536602
-0.00072937375
-0.0020495337
-0.0037107479
-0.0055298731
-0.0074729594
-0.0086751006
-0.0091307595
-0.0079387908
-0.0062397877
-0.0064492279
-0.0058683486
-0.0046470875
-0.0022344862
-0.0020773512
-0.0017727505
-0.0027601088
-0.0037773553
-0.0038514824
-0.0031505389
-0.0031788149
-0.0023271937
-0.0027898976
-0.0041435879
-0.0043548367
-0.004404382
-0.0047419888
-0.0030990982
-0.00071056862
0.0014575145
0.0031247364
0.0057309943
0.0042388466
0.0030399353
0.0017147414
0.00042213622
0.001614175
0.0014179901
0.00057166389
-0.00062006374
-0.0018825417
-0.0031401601
-0.0037937401
-0.0030040855
-0.0041380893
-0.00550957
-0.007694601
-0.009419555
-0.0081417688
-0.0067094377
-0.0050868837
-0.0063247427
-0.008136896
-0.0070304837
-0.0063134414
-0.0051132856
-0.0038625049
-0.0029957799
-0.0020414378
-0.00030899992
-0.00020798397
-0.00066371765
-0.0020513733
-0.0022799974
-0.0015976039
-0.0017020886
-0.0015160711
-0.0022278211
-0.0027937973
-0.0025838209
-0.0029806345
-0.0029404981
-0.003919657
-0.0044866536
-0.0043173566
-0.0045891496
-0.0050248152
-0.0049750324
-0.0056407656
-0.0051321277
-0.0063646354
-0.0071741563
-0.0083214797
-0.010403345
-0.0048517158
0.00042850819
0.0034236936
0.0046120845
0.0051713985
0.0069076561
0.0068416841
0.0049038787
0.0068366376
0.0048665696
0.0033036649
0.0032436178
0.0035332119
0.0053054856
0.0043362601
0.002819661
0.0031360493
0.003142626
0.0022820647
0.0016142942
0.00098041157
0.00019440543
0.0014924428
0.0016640482
0.0023190804
0.0025947596
0.0035163953
0.0031888563
0.0051147569
0.0055958896
0.0057437495
0.0056074448
0.0051624175
0.0043779248
0.0047085964
0.005673631
0.0049657015
0.0050110942
0.0037628686
0.0029267256
0.0015344697
0.00016290224
4.4930464e-05
0.0015926157
0.0026741652
0.0033946454
0.0050709701
0.0049088826
0.0049658828
0.004784796
0.0053123799
0.0047338214
0.0049149375
0.005597448
0.0081359875
0.0085708354
0.0080538099
0.00763143
0.0056730426
0.0037109415
0.0017493877
-0.0016317252
-0.0046736334
-0.0081853923
-0.012279671
-0.012752348
-0.016852048
-0.017161519
-0.016363741
-0.012234834
-0.010055424
-0.00895425
-0.0073715038
-0.00543459
-0.0043377675
-0.0038080238
-0.0044731069
-0.0046072242
-0.0042923028
-0.005096396
-0.0049082412
-0.0047338431
-0.0049070789
-0.006314197
-0.0069144796
-0.0066056199
-0.0041286774
-0.0010484779
0.0011912657
0.0036401962
0.0085940809
0.010078025
0.008905564
0.0063483155
0.0073034924
0.0084762754
0.0076361076
0.0065469778
0.0042698991
0.0056406107
0.0052844493
0.0035201296
0.0033175863
0.0036488977
0.003357616
-0.0022347564
-0.0051511636
-0.0061170791
-0.0050119019
-0.0049307187
-0.0036264635
-0.006236586
-0.0064630276
-0.0051584103
-0.0032299529
-0.0021422933
-0.0017319182
-0.0015449138
-0.00023192949
0.0009121977
0.00057819811
0.0001321635
0.00019929126
0.00031542424
-6.353053e-06
-0.00065746756
-0.0015663366
-0.0023634028
-0.0027858268
-0.0026803909
-0.0029147164
-0.0029570587
-0.0024117103
-0.0028495896
-0.0026267676
-0.0032334899
-0.0027736722
-0.0029691543
-0.002696887
-0.0041137762
-0.0036919902
-0.004235584
-0.0035713794
0.00013048533
0.0027162447
0.0033119964
0.0041083967
0.0061300193
0.0037298613
0.0042427102
0.0045003679
0.0060528292
0.0056729915
0.0069056384
0.0052032817
0.0026775331
0.0023848089
0.0035239111
0.0022303025
0.0015602857
0.0013586567
0.0016210813
0.00096288665
0.00020125168
0.00044689319
0.0003885274
0.0012239001
0.0021669467
0.0024528474
0.0030284827
0.0037325138
0.0044110568
0.006970131
0.0068445337
0.0072429622
0.0077188491
0.0080283324
0.0077719412
0.0082548746
0.0081476082
0.009293613
0.0087189212
0.0068334523
0.0063033602
0.0041782971
0.0013363345
0.0010375357
0.0051988207
0.0073568741
0.0081692324
0.0084843181
0.0086221587
0.0085926824
0.0087163974
0.0096226416
0.0070536795
0.0061421456
0.0075650112
0.0091258781
0.011248428
0.01204123
0.010802184
0.0090707561
0.006382649
0.0034506806
-0.0012025793
-0.0056959459
-0.0098828072
-0.014981141
-0.016173105
-0.020429096
-0.022829797
-0.0188375
-0.016264978
-0.014971853
-0.012800399
-0.012460449
-0.011594401
-0.01045765
-0.0098115106
-0.0098875623
-0.0082333796
-0.0073199455
-0.0069502245
-0.0068361041
-0.0074518293
-0.0093519573
-0.010373039
-0.011852529
-0.010447249
-0.0074594805
-0.0025610228
0.00031092553
0.0021704908
0.0062923853
0.0068564605
0.0088432856
0.0086976016
0.0092251894
0.0089826954
0.0092891492
0.0074523554
0.0070799207
0.010924288
0.010164572
0.0098935677
0.0092968994
0.0071275519
0.0043598712
0.00078117126
0.00031792801
-0.0011884611
-0.00017316248
0.00035494088
0.00046125354
-0.0014973824
-0.0036149326
-0.003131251
-0.0036158156
-0.0014602574
-0.0014360618
-0.0014136963
-0.0011252063
-0.0010198882
-0.00088232279
-0.00071307151
-0.0010011277
-7.174519e-05
-0.00081073643
-0.00047425879
-0.001735807
-0.0021634336
-0.0021484488
-0.0023801419
-0.0030198578
-0.0022330837
-0.002106091
-0.0020898829
-0.0014257226
-0.0010497597
-0.00095162649
-0.00084138816
-0.0010598875
-0.00033619943
0.0016276943
0.0027712226
0.0039909235
0.0025779908
0.004102195
0.006604834
0.0086711802
0.0081556517
0.0066789042
0.0050769296
0.0064009857
0.0063137776
0.0065582944
0.0060177674
0.0038095925
0.001424855
0.0013221352
0.0018995325
0.0005622198
-3.1476495e-05
-0.0001383511
3.6515388e-05
-0.00013676006
-0.0002423658
0.00010104318
0.00067305544
0.0016784425
0.0031544205
0.0043257969
0.0049238931
0.0054025818
0.0061190301
0.0080471775
0.0083178509
0.0089276743
0.010138242
0.010898365
0.012754738
0.014757924
0.013244162
0.012416958
0.0099258901
0.0091356893
0.0086366227
0.0058893424
0.0038869124
0.0050324036
0.0080785647
0.011152708
0.012961057
0.014091579
0.013881009
0.011681627
0.01223873
0.011152607
0.0080606533
0.0066166406
0.0065751147
0.011323232
0.013472929
0.013841017
0.014041659
0.011790981
0.013277471
0.010483459
0.0060130254
0.0024563574
-0.00087119292
-0.0078719155
-0.014978817
-0.018952444
-0.020227083
-0.018296402
-0.017908007
-0.01918968
-0.0197923
-0.019656879
-0.02130312
-0.018881055
-0.019215392
-0.017444299
-0.016867022
-0.015522095
-0.014759227
-0.016206683
-0.01706368
-0.01769723
-0.021026596
-0.01995744
-0.018882808
-0.018257425
-0.012883893
-0.01577287
-0.015429584
-0.0094478776
-0.0044942668
-0.002488617
-0.00063898827
0.0019937997
0.0033955073
0.0011818102
0.001193208
0.0023255022
0.0042254325
0.0036951579
0.0040904727
0.0070070551
0.0057156806
0.0013551798
-0.0004160459
0.0005092045
2.614371e-05
-6.8190678e-05
0.00027146527
-0.0016555203
-0.0016647012
-0.0023311134
-0.003112756
-0.0031368728
-0.0020582714
-0.0017026007
-0.0023261483
-0.0026232198
-0.0020785238
-0.001682777
-0.0017713246
-0.0013015096
-0.00068497197
-0.00026456783
-0.00098890441
-0.0019705087
-0.0021595041
-0.0026847725
-0.0021031943
-0.0020881934
-0.00077822977
-0.00062141368
0.00054941309
0.00098761072
0.0019038601
0.0023297996
0.0029310579
0.0042837597
0.0072263789
0.008095603
0.0063069145
0.0051650677
0.0061658421
0.010200338
0.0094815285
0.01049559
0.0097380433
0.0095967148
0.007806204
0.0082725559
0.0080834652
0.0063196241
0.0057876227
0.0033096284
0.001989049
0.00059310068
0.00071125738
-3.9334617e-05
-0.00096288264
-0.002332328
-0.0026567412
-0.00177348
-0.00082065212
0.0007610498
0.0018948228
0.0037312205
0.0047331921
0.0059729068
0.0066548155
0.0068050966
0.0073026232
0.0085226758
0.0094106818
0.0098954897
0.011247826
0.013091614
0.016061222
0.018273756
0.017571539
0.012278377
0.010141243
0.0091488048
0.006227427
0.0046853148
0.0047623681
0.0045939687
0.0085550148
0.01421356
0.017204087
0.017333148
0.016710759
0.014395555
0.013056319
0.010621524
0.0091274606
0.011290244
0.015660819
0.015890293
0.017338675
0.019618121
0.023047456
0.022901588
0.021833201
0.020204344
0.014323322
0.0098399624
0.0058063138
-0.0018613275
-0.0090770458
-0.015963032
-0.018757399
-0.025668059
-0.027014543
-0.024669599
-0.031042045
-0.031890078
-0.033120489
-0.034575153
-0.035848563
-0.03179347
-0.034096716
-0.032273272
-0.035263153
-0.035332945
-0.034593331
-0.032362955
-0.036809767
-0.03809196
-0.042614389
-0.034750766
-0.026541951
-0.02360665
-0.027651173
-0.027949001
-0.025077846
-0.023554105
-0.015947154
-0.01651755
-0.013197793
-0.013053929
-0.011169551
-0.010996136
-0.0098449401
-0.0050821268
-0.0039423464
-0.0015225088
-0.002184772
-0.0040637719
-0.0045225702
-0.0035488518
-0.0020637655
-0.0012596983
-0.0015495943
-0.0019754727
-0.0030119084
-0.0040533193
-0.0034382331
-0.003252073
-0.0030691739
-0.0032580124
-0.0027562407
-0.0028453811
-0.0028125417
-0.0029499353
-0.0017584496
-0.0019001691
-0.0016041801
-0.0015809891
-0.0014173335
-0.0014387198
-0.00073776253
-0.00079979847
-0.00033170729
0.00057374221
0.001199332
0.0019138911
0.0028821186
0.0030824943
0.0041778303
0.0042920478
0.0059653714
0.0076562384
0.011242852
0.01078752
0.0049724996
0.0062250529
0.0068692867
0.010107325
0.0099601395
0.011666895
0.010058045
0.0078858659
0.0088129292
0.0064978103
0.0059733533
0.0035539215
0.0031433977
0.0016609482
0.00041101134
-0.0022112678
-0.0023190683
-0.0046574635
-0.0067351225
-0.0054090409
-0.002819546
-0.0022086603
4.5302449e-05
0.0012553252
0.0027237388
0.0030679799
0.0050654055
0.0061209763
0.0072764849
0.0076310268
0.0077274819
0.0099972424
0.011088668
0.011214223
0.011853522
0.013890035
0.017357582
0.017355493
0.013837072
0.011983647
0.0099879111
0.008115488
0.0052024184
0.0056460412
0.0033237055
0.00055732689
0.0061776748
0.014155352
0.01805564
0.017756
0.017393278
0.016517197
0.014374569
0.011753067
0.011832815
0.018065182
0.019954296
0.01826591
0.02108334
0.025601192
0.028293955
0.027744935
0.023820082
0.018136884
0.012660089
0.0059135902
0.0019639979
-0.0045864703
-0.010573283
-0.012179196
-0.017936034
-0.027699003
-0.029072471
-0.026054805
-0.033753729
-0.038331813
-0.045805977
-0.045718979
-0.056190258
-0.047513643
-0.050735968
-0.052586542
-0.048266698
-0.053853089
-0.052108631
-0.056172185
-0.063396748
-0.05458985
-0.052338411
-0.051254415
-0.051618928
-0.043571888
-0.043440189
-0.041471958
-0.034442271
-0.031866568
-0.025023378
-0.022066247
-0.018324579
-0.020076774
-0.018762304
-0.016077757
-0.014301701
-0.012547092
-0.010056986
-0.0097646611
-0.0082811804
-0.006653204
-0.0051636856
-0.0041940087
-0.0025045853
-0.0022238449
-0.00189704
-0.0039507206
-0.0031123689
-0.0039042398
-0.0038755517
-0.0035025482
-0.0022661724
-0.0027384884
-0.0038143149
-0.0034322725
-0.0030151973
-0.0028064465
-0.0019540189
-0.0019368798
-0.0014268369
-0.0011441223
-0.00043341454
-0.0002061202
0.0011095775
0.00068961024
0.0016388473
0.0014143235
0.0023422662
0.0032755408
0.0042029907
0.0047850406
0.0070571533
0.0069374229
0.0087365047
0.0089693066
0.01379624
0.011582833
0.005339925
0.0051321118
0.0070213667
0.010850235
0.011558063
0.010652562
0.0085790587
0.0049776197
0.0031813224
0.0017310248
0.0022080779
4.1901277e-05
-0.00087614437
-0.0043241689
-0.0062306699
-0.0061713672
-0.0069908085
-0.0069267648
-0.0039863235
-0.0025177477
5.2044302e-05
0.0015872895
0.0018274298
0.0026583845
0.0047503188
0.0047780915
0.0062965094
0.0066367137
0.0076012672
0.0080356506
0.0092058617
0.012100562
0.012424579
0.014647177
0.014622021
0.016697434
0.015978847
0.01372409
0.0090727346
0.0068837424
0.0070413442
0.0067024248
0.0067098746
0.0041928589
0.0030485023
-0.0021847635
0.0029938564
0.013813885
0.017674681
0.018494908
0.017504902
0.020641175
0.019853864
0.016600412
0.014655841
0.016953256
0.017621711
0.016770164
0.021502199
0.025258263
0.024793106
0.022230282
0.01656903
0.011645115
0.0055639449
-0.00031194293
-0.0091624941
-0.013719563
-0.01915715
-0.018380199
-0.025168905
-0.029150986
-0.026344963
-0.030379139
-0.034458987
-0.041025831
-0.051318202
-0.05549253
-0.051311953
-0.055449828
-0.05706998
-0.05893749
-0.055925588
-0.06710555
-0.067568379
-0.06955626
-0.072776386
-0.066911867
-0.064419763
-0.063294954
-0.057964476
-0.054998162
-0.048714713
-0.043647589
-0.038312364
-0.031157379
-0.025476935
-0.022680835
-0.02182755
-0.02181999
-0.019498589
-0.01784449
-0.015497673
-0.013168699
-0.0097980431
-0.0076568077
-0.0071767161
-0.0067387966
-0.0032831975
-0.0011284687
-7.2579854e-06
-0.00092664069
-0.0012953803
-0.0022511371
-0.0026475075
-0.0029172524
-0.0021525902
-0.0017067767
-0.0024919169
-0.0017741423
-0.0013014806
-0.0013632174
-0.0015098964
-0.0010628255
-0.00069065827
-0.00028032018
0.00045054933
0.0012408484
0.0028068933
0.002931321
0.0028350781
0.0035533548
0.0036620145
0.0041009106
0.0051492397
0.0054125479
0.0061347871
0.0074318709
0.0093761764
0.010118763
0.010330779
0.011352517
0.013182914
0.011398237
0.0031225742
0.0043147115
0.0060733693
0.007753118
0.0086564403
0.0077710273
0.0050380506
5.7880914e-05
-0.00017691409
-0.0012662084
-0.00040810492
-0.002951566
-0.0070025032
-0.0039027369
-0.0033600734
-0.0025931794
-0.001007509
0.0017176706
0.0023976519
0.0035215886
0.0036243047
0.005890575
0.0066432364
0.0079660455
0.0064071573
0.008459809
0.0075890981
0.008715206
0.0091443764
0.011370289
0.012724991
0.014203566
0.013692481
0.013989403
0.0095634189
0.0089790288
0.0062308034
0.003576636
0.0019847048
0.0012138368
0.0017607019
0.0045054333
0.0018163328
-0.0024475221
-0.007158988
-0.006779462
0.0022996553
0.0081692344
0.012019214
0.016545985
0.016486617
0.019747868
0.022501072
0.019693617
0.014352937
0.011094806
0.01024904
0.010065379
0.010272107
0.009902194
0.006384858
0.0070593605
0.0020497008
-0.0033075017
-0.011577614
-0.018277212
-0.026808037
-0.030952267
-0.034076191
-0.030468784
-0.034510808
-0.039388847
-0.0442305
-0.044025025
-0.046590994
-0.049268558
-0.058023163
-0.063233416
-0.061391815
-0.064285729
-0.065196581
-0.061909634
-0.064027853
-0.074020728
-0.074123789
-0.074224004
-0.06989346
-0.070058625
-0.065148026
-0.063277778
-0.059037982
-0.053484429
-0.043900735
-0.038963043
-0.033806928
-0.029251691
-0.024188723
-0.023251693
-0.021632126
-0.022281018
-0.020016628
-0.020827573
-0.018016517
-0.014492975
-0.012630014
-0.010281623
-0.0096074742
-0.0046732666
-0.0027664478
-0.00026134588
0.0033828542
0.0016543156
-0.001958878
-0.0016616986
-0.0013391118
-0.0025829189
-0.0020735989
-0.001946723
-0.0013358595
-0.00085378086
-0.0013234809
-0.00063815947
-0.0025155232
-0.0023284186
-0.0012103404
-0.00071952782
0.0020622943
0.0014487452
0.0032899906
0.0045698829
0.005881246
0.0052503227
0.0072351891
0.0079295098
0.0094136527
0.0096960973
0.010256039
0.010958057
0.012937712
0.012916538
0.014234482
0.014988809
0.017267941
0.011476235
0.0052618519
0.0030492943
0.0021382158
0.0026781122
0.0051504549
0.0042428234
0.0023469967
-0.0023053526
-0.0045543222
-0.0027175459
-0.0043810634
-0.0049048762
-0.0030934916
0.00023156462
0.0019381702
0.0058071042
0.006517024
0.0060738099
0.0069143371
0.0073644124
0.0070530358
0.0090028667
0.0097329448
0.009726086
0.0089877108
0.0094065564
0.010815167
0.011954265
0.01255606
0.012646409
0.012575464
0.0049043012
0.0059988523
0.0019027113
-0.00327612
-0.00035022182
-0.00081116116
-0.0039237354
-0.0017147753
-0.0013251192
-0.0014059387
-0.0025375604
-0.0020651676
-0.0068408114
-0.014397773
-0.012255679
-0.0056355178
-0.00042560621
0.0045116091
0.0087446678
0.013685836
0.018221816
0.020040757
0.019003287
0.014045119
0.0050513552
-0.0001821435
-0.0054279425
-0.0065001367
-0.01229332
-0.017657183
-0.023588637
-0.028109511
-0.031973018
-0.033303279
-0.037928459
-0.050747901
-0.057439335
-0.05297758
-0.043114218
-0.051753108
-0.058767061
-0.061898535
-0.061281495
-0.063412946
-0.066063512
-0.066586173
-0.066037974
-0.071249476
-0.069366156
-0.069816886
-0.068289885
-0.068146334
-0.069602531
-0.069631524
-0.066587143
-0.061768492
-0.059537464
-0.05345051
-0.04863011
-0.048989698
-0.04517621
-0.03740402
-0.033356218
-0.034061731
-0.030046215
-0.023552759
-0.024426727
-0.02418681
-0.023344328
-0.023502836
-0.020118166
-0.018931909
-0.017242724
-0.015551668
-0.012524544
-0.0084212273
-0.0045847894
-0.0021528649
0.0026853994
0.004326177
0.0045969308
0.0022308215
0.00067452798
0.0040293758
0.0011871831
0.00083546286
0.0006153143
-0.00078669051
0.0023403882
0.0014884572
0.00089865298
0.00092102938
-7.4258431e-05
0.00035650193
0.00086645033
0.0024535802
0.0039249699
0.0046230026
0.0045594801
0.0073737086
0.0075997236
0.0087450351
0.0094493785
0.010943719
0.010750054
0.012804233
0.011999549
0.016434286
0.014108569
0.016103451
0.011648847
0.0087555283
0.00016330797
0.0050133321
0.015028593
0.003119201
0.0065622456
0.0059606851
0.0045087265
0.0015426457
-0.0002256975
-0.0010957579
-0.00078206096
-0.0036036258
-0.0018973922
0.0022766893
0.0051478655
0.0075811851
0.010378709
0.011598813
0.0077014335
0.0098399644
0.011437184
0.0098027232
0.010904372
0.011451972
0.010723567
0.011732466
0.010420902
0.011237413
0.00831024
0.0074188745
0.0081715245
0.0072631638
0.00092203632
0.00086245971
-0.00050211566
-0.0018716179
-0.0039614312
-0.0049321241
-0.0023635904
0.00049114472
-0.0014286402
0.00025387999
-0.0034824792
-0.0024581201
-0.0060934947
-0.0084881519
-0.0064249382
-0.008913923
-0.0046053684
-0.00032039484
0.0041687004
0.0078643018
0.012933595
0.013421879
0.014911056
0.011798303
0.0047784019
-0.0054667704
-0.015600259
-0.024423805
-0.036757651
-0.04448853
-0.052373605
-0.051618771
-0.046525117
-0.053894904
-0.057240598
-0.068973473
-0.078449179
-0.080591925
-0.070631432
-0.075239596
-0.085061511
-0.088807232
-0.08039903
-0.076515361
-0.072826825
-0.070359542
-0.066881081
-0.064130465
-0.055832344
-0.054216184
-0.064358788
-0.065528258
-0.060847295
-0.057099877
-0.05129148
-0.045850752
-0.041932532
-0.035811698
-0.031328163
-0.029949664
-0.026330118
-0.022290166
-0.020817564
-0.021293485
-0.020788761
-0.017008847
-0.017658701
-0.017712904
-0.017048856
-0.016512079
-0.016111973
-0.017907427
-0.012887656
-0.0092198993
-0.010727866
-0.0058036191
-0.0011589946
-0.00051644883
-0.00017254684
0.004292593
0.0036049167
0.0019785274
-0.00033335878
0.0021564552
0.0029392964
0.0010216466
0.00063300949
-0.0025319609
-0.001878899
0.0013332325
0.0021609292
0.0032122461
0.0037354095
0.0019406989
0.0026379625
0.0040628621
0.0052800629
0.0056741706
0.0074210704
0.0096769558
0.011812304
0.013806185
0.014021808
0.013336706
0.013122085
0.015589141
0.017248392
0.017944159
0.02227095
0.026796865
0.01757009
0.0090422395
0.001566269
0.010606815
0.014309919
0.0087578817
0.0064759318
0.004638137
0.0057051398
0.0040806718
0.0023733347
-1.6883383e-05
0.0010239429
0.0003332672
0.0021723374
0.0038268861
0.0074810725
0.0076575243
0.0095880336
0.013147639
0.011041708
0.013663284
0.012952281
0.014074357
0.011406734
0.01162861
0.011777516
0.010572114
0.0088546829
0.0074813977
0.0064320432
0.0068518464
0.0048320793
0.003938635
0.0012346988
0.0011679944
-0.0013055908
-0.00023818178
-0.0015442477
-0.0035461414
-0.00038326959
7.552122e-05
-0.0015712858
0.00094008504
-0.00027019581
-0.00053010391
-0.00037714109
-0.00093834998
-0.0070833769
-0.010657273
-0.0093877569
-0.0090403243
-0.007615195
-0.0042294497
-0.00098302292
0.00057995313
0.0026158826
-0.00016228689
-0.0041191339
-0.01058174
-0.021379347
-0.036209003
-0.052959819
-0.06952188
-0.072488478
-0.064559973
-0.066634209
-0.075423999
-0.084665923
-0.091842952
-0.095932464
-0.093289163
-0.084158366
-0.074740768
-0.083391126
-0.079510736
-0.07099462
-0.075476983
-0.077841328
-0.074842227
-0.060051197
-0.046263544
-0.040356028
-0.041610656
-0.051196049
-0.050276175
-0.036180861
-0.030765089
-0.025440059
-0.019864426
-0.015260122
-0.011952954
-0.0085280919
-0.0057428854
-0.0036022248
-0.0036961385
-0.0020684277
-0.0019386394
-0.0024416299
-0.00075262056
-0.0043707982
-0.0057038255
-0.0062422831
-0.00898444
-0.009565946
-0.0060419684
-0.0053807581
-0.0067430015
-0.0072590502
-0.0063085848
-0.0054989484
-0.0056142972
-0.0032190556
-0.0019332967
-0.000625573
-0.00083366514
-0.0021768869
-0.0026364442
-0.0058810065
-0.0057448707
-0.0072648826
-0.006763212
-0.0020341193
-0.0034984816
-0.0026436754
0.0035770003
0.0058107843
0.0071568423
0.007346963
0.0094068061
0.015318087
0.019561469
0.022905099
0.025823369
0.030715348
0.03293904
0.035140024
0.037554725
0.034179127
0.034211399
0.032053022
0.025410712
0.017904489
0.015522358
0.0038349125
6.6043968e-05
0.011897996
0.017157476
0.015088606
0.0065637509
0.007528995
0.0034716625
0.0016849382
0.0007817492
-0.00036786545
0.001353854
0.001906771
-0.0001337533
0.0003604346
0.0028316818
0.0041011031
0.0053990239
0.0068434334
0.0089488599
0.010276506
0.0089722387
0.0086252146
0.010317742
0.010308598
0.010371828
0.009402518
0.0064608765
0.0046362291
0.0049424522
0.007831084
0.0068131049
0.0033515636
0.0009258766
0.0034961122
0.00064050982
0.0030197417
0.0019965117
-0.00047780132
-0.001647071
-0.0018266597
-0.0026619289
0.0006124346
0.001256932
0.0027703232
0.0012519993
-1.2509767e-05
-0.0021967651
-0.010422825
-0.017741404
-0.01576448
-0.018261192
-0.017541681
-0.014754195
-0.01180804
-0.0098646416
-0.0090557711
-0.014199208
-0.016558487
-0.023318714
-0.032197934
-0.045103938
-0.061811986
-0.085174011
-0.073740007
-0.070904537
-0.081277509
-0.080436842
-0.085683492
-0.0854542
-0.082810862
-0.07418125
-0.063119038
-0.043244188
-0.040203975
-0.050497014
-0.052678699
-0.059530639
-0.068299396
-0.061357383
-0.049211549
-0.030496288
-0.01322679
-0.019000209
-0.030098603
-0.022052577
-0.011726352
-0.0041478263
-0.00013673153
0.003597764
0.006860456
0.013115255
0.012221986
0.013837286
0.013901532
0.011475593
0.011487439
0.0088528927
0.0080540491
0.006904265
0.0047236587
0.0037791448
0.0041763875
-0.00092530292
-0.0022633121
-0.0020533771
-0.0021508499
-0.0038270532
-0.0052569539
-0.003535063
-0.0022803683
-0.001659221
-0.0010488574
-0.0013279824
-0.0028640106
-0.0045162674
-0.0046556175
-0.0041848221
-0.005439181
-0.0066714207
-0.0047608303
-0.0065625212
-0.0050770611
-0.0027146453
-0.00014971456
0.0017461436
0.0050046607
0.0071448625
0.0080477633
0.014195656
0.021501819
0.024493251
0.032490603
0.039559716
0.043793665
0.046483466
0.044392881
0.041316647
0.042635556
0.04219736
0.034995082
0.032263526
0.025671046
0.012050882
0.0022107025
0.013153741
0.015831529
0.017228068
0.011634936
0.0064266995
0.0024198472
0.0008349621
-0.00067350046
-0.0014639638
-0.0024014562
-0.00039671349
0.00018977695
0.0015246128
0.0002707209
0.000554346
0.0016270001
0.0042049328
0.0028883186
0.0044841124
0.006666831
0.0068232467
0.0065511774
0.0065377488
0.005313242
0.0056541491
0.0033037381
0.0023974192
0.0014539594
0.0021477443
0.0039900918
0.0047876421
0.0038599753
0.00050143751
0.0014078019
0.0025314279
0.0010126372
0.0006823268
0.0028249114
0.00044166781
-0.00077271534
-0.00088000916
-0.00036357321
-0.0012767967
-0.0021473966
-0.0020803404
-0.0035288835
-0.008231413
-0.012526858
-0.016524097
-0.014063758
-0.013990059
-0.017968757
-0.02085198
-0.021439088
-0.020711662
-0.019972576
-0.023547386
-0.026794803
-0.031864582
-0.039266684
-0.050247465
-0.064227547
-0.076672473
-0.06758272
-0.074365979
-0.079713879
-0.07629848
-0.074533886
-0.063646223
-0.051682897
-0.04085319
-0.031404414
-0.014529289
-0.02186064
-0.036467679
-0.03739112
-0.038321029
-0.034673261
-0.028138598
-0.020861771
-0.0089855746
0.0034555862
-0.0038817467
-0.0052529696
0.0054691716
0.012619808
0.01527205
0.016707693
0.023058058
0.024657712
0.023623876
0.019058461
0.020480528
0.018328887
0.016752447
0.017817506
0.014780531
0.012169985
0.011236137
0.0073183705
0.0075512984
0.0046564559
0.0026719132
0.00049186444
0.0010621133
-0.002339121
-0.0022774278
-0.0048557001
-0.0046338927
-0.0031380802
-0.0021757185
-0.0020751896
-0.0010938869
-5.7114555e-05
-0.0025316617
-0.0011817588
-0.0016480668
-0.0010582285
-0.00044455237
0.00049592672
-9.6914437e-05
0.0013628638
0.002396382
0.0062311525
0.0097987192
0.011779963
0.011950359
0.01297896
0.016241722
0.024375347
0.029222751
0.033832515
0.039834681
0.045687013
0.046472384
0.045239136
0.042669757
0.040994085
0.039081485
0.025768307
0.0177487
0.0072964977
0.0044708135
0.0083240265
0.014262361
0.012680239
0.01034506
0.0050421344
0.0021122764
0.00041561776
-0.0033583948
-0.0020911136
-0.0025407358
-0.0037269882
-0.00088661879
-0.00090397195
-0.0018317769
-0.0017611324
-0.0024507226
-0.0017408157
-0.00076285013
0.0011379959
0.0017828909
0.0023460775
0.0046422003
0.0059558772
0.0050120443
0.0029802323
0.0026457528
0.0023454693
0.0011323925
-0.001905551
-0.0037624068
-3.2838407e-05
0.0017585174
0.0025997466
0.0011659412
-0.0018126136
-0.0027266299
-0.0046740768
-0.0031685176
-0.0025243143
-0.0020747539
8.5539235e-05
-0.0021002732
-0.0018233513
-0.0023737856
-0.0029661905
-0.0017938171
-0.0044299806
-0.0068267237
-0.010048402
-0.01011608
-0.012808159
-0.012748621
-0.012986557
-0.015621711
-0.020677998
-0.023273827
-0.024493545
-0.026457396
-0.029495001
-0.034503219
-0.039419758
-0.044608772
-0.051436912
-0.051791924
-0.048261803
-0.053500751
-0.057259453
-0.056859876
-0.047885649
-0.03541424
-0.02088679
-0.0063400024
-0.0015730552
-0.00044539483
-0.011623444
-0.022254105
-0.01904728
-0.017889807
-0.01239587
-0.0055563904
0.0017526563
0.0085753171
0.013974318
0.01123171
0.013002011
0.019068546
0.021900658
0.024392953
0.021888763
0.022396922
0.022155074
0.02203074
0.017360362
0.016718625
0.016650947
0.014461079
0.014830922
0.010875867
0.009596736
0.0079297663
0.00510565
0.0048890773
0.0033798594
0.0018332944
-0.002181289
0.00030924708
1.8443193e-05
-0.0014389233
-0.0033038338
-0.0050988626
-0.0030660901
-0.0027169429
-0.0017412794
-0.0028825711
-0.0013286975
-0.00032723404
-0.00068800727
1.0734464e-05
0.0020685207
0.0027029803
0.0028260616
0.0016189218
0.0027965253
0.0055224387
0.0073247226
0.01020957
0.013903968
0.014988143
0.017974776
0.022671419
0.025904135
0.028977326
0.031330072
0.034028311
0.037101715
0.037933162
0.033324454
0.025258768
0.015996268
0.013934952
0.011887413
0.0081007015
-0.00044274296
0.0049827883
0.013158907
0.0093041346
0.01136716
0.0076451047
0.0036048165
-0.00075988712
-0.0053090246
-0.0067282779
-0.0067232176
-0.0075553127
-0.0078452487
-0.0057695804
-0.0030465933
-0.0013146344
-0.0023025202
-0.0037317731
-0.0035347813
-0.0033016966
-0.0019270687
-0.0011560697
-0.00070426772
-0.00028685191
0.0004076952
0.00062523063
-0.00035014788
-0.00092694677
-0.0014218421
-0.00016195954
-0.0033783352
-0.0035754127
-0.0015522079
-0.0024112073
-0.0013806275
-0.0027159443
-0.0045342199
-0.0041523335
-0.004755688
-0.0058322339
-0.0040996164
-0.0030854221
-0.002131857
-0.00048160497
-0.001885417
-0.0021223469
-0.0023127883
-0.0031067243
-0.0014998674
-0.0031865612
-0.0039640323
-0.0075275499
-0.009007372
-0.0080904287
-0.011237849
-0.01086257
-0.014951323
-0.018858049
-0.022139125
-0.024939554
-0.026197135
-0.031935082
-0.036078919
-0.037794447
-0.035837313
-0.030085899
-0.029541601
-0.032541798
-0.02514071
-0.025071426
-0.022394476
-0.0088703233
-0.0013377654
0.0083307892
0.0070894525
0.0042645027
-0.0029316345
-0.0056122865
-0.0066225245
-0.00426533
0.00066838643
0.0029568081
0.0061750838
0.0090779763
0.017204237
0.017729783
0.018611422
0.018875143
0.018127537
0.020236751
0.018270527
0.018196733
0.01588183
0.014489194
0.014210926
0.011348104
0.0072386375
0.0064110654
0.007851396
0.0059096856
0.0062095662
0.005354817
0.0054318139
0.0028875605
0.0012719362
0.00054855891
0.0016631748
0.001919407
0.0012031438
0.00059011297
-0.0020485605
-0.0030718654
-0.0024632761
-0.0011682031
-0.001708878
-0.0022148969
-0.0021114392
-0.0012117827
-0.0011903905
0.0006448503
0.0021290541
0.0021102202
0.0022024203
0.0020007106
0.001570382
0.0038998809
0.0050933613
0.0066138007
0.0098197255
0.012787897
0.015246009
0.018074338
0.020959696
0.023073742
0.025597381
0.023411795
0.02328428
0.019456713
0.0082538541
0.0074540959
0.0080167592
0.0084761865
0.010867418
0.0071979443
0.0036708732
0.0066157409
0.010142475
0.009259445
0.0084620724
0.0062326595
0.0024528148
-0.00089872088
-0.0016378791
-0.0026931417
-0.0032410288
-0.0033459354
-0.0041867832
-0.0029637967
-0.0027398594
-0.0020212603
-0.0013678056
-0.0030214927
-0.0051906676
-0.0046341411
-0.0036668677
-0.0037672709
-0.0033283506
-0.0040301592
-0.0040384671
-0.0041030661
-0.0035675298
-0.0029117121
-0.0030218072
-0.0021634402
-0.0038105587
-0.0023158234
-0.0015241389
-0.0036116967
-0.0014107312
-0.0038452428
