0.0041950797
0.0038671515
0.0040776003
0.0038511342
0.0040374281
0.0034915679
0.0040076866
0.0070097319
0.0077787405
0.0070524574
0.0065295831
0.0079419698
0.0073664699
0.0050825488
0.0032528542
0.0024514619
0.0026410219
0.0040788029
0.0066676925
0.0087617819
0.010370747
0.011596933
0.008564797
0.0091940832
0.0088645588
0.0090175335
0.0092437786
0.006482025
0.0054677609
0.0074477487
0.0067781159
0.0064482407
0.0055847514
0.0051995761
0.0044266147
0.002976502
0.0044524885
0.0045210067
0.0025254346
0.0025415715
0.0036877561
0.0030264151
0.0014525269
0.0016433038
-0.00050405693
-0.0043053214
-0.0075638417
-0.011312995
-0.013838884
-0.016649316
-0.015797092
-0.016632883
-0.018492231
-0.017577216
-0.016420303
-0.015751198
-0.014662755
-0.011700431
-0.0094952945
-0.0091633978
-0.01029512
-0.0089359616
-0.0067772127
-0.0059953391
-0.0080050571
-0.011104671
-0.013177422
-0.016232316
-0.016878846
-0.018519294
-0.017758115
-0.019892272
-0.0209125
-0.019082625
-0.017506572
-0.016826462
-0.015682799
-0.013722912
-0.0093935147
-0.0057620127
-0.0024988179
0.00072933372
0.0021297395
0.00024027213
8.529641e-06
0.0012614128
-0.00098558782
-0.0026636914
-0.0044523507
-0.0025416592
-0.0011619807
0.00028331469
-2.2141044e-05
0.00028658713
-0.0007792495
-0.0017780546
-0.0023585579
-0.0011289267
-0.0021999532
-0.0031149682
-0.0027464403
-0.0026793
-0.0026507534
-0.0038836121
-0.0042279345
-0.0039921908
-0.0031253598
-0.0030123009
-0.00323449
-0.0039995926
-0.0037080543
-0.0046538048
-0.0056206621
-0.0055712705
-0.0045215926
-0.0051137645
-0.0032603106
-0.0049576908
-0.0059650583
-0.0013364149
0.00087126855
0.0022649449
0.0021797417
0.004940454
0.0064242713
0.0040768898
0.0045969635
0.0064026031
0.0082769062
0.0096748795
0.011630295
0.010883805
0.0091247155
0.0085344527
0.0067068309
0.0054877772
0.0043088512
0.0027405694
0.003369987
0.0025839633
0.0025473258
0.0026086958
0.0031491073
0.0035274717
0.0045150392
0.0053487406
0.0057287153
0.0064027019
0.0056652742
0.0059457984
0.0068813722
0.0077792832
0.0062225241
0.0060098773
0.0054262917
0.0053770804
0.005239207
0.004023112
0.0012422174
3.3624994e-05
0.0017909298
0.0029016028
0.0051904436
0.0070533526
0.0075732128
0.0079819656
0.0071488
0.0057221476
0.0083484348
0.0092179567
0.0074787769
0.0060254598
0.0047882754
0.0055902616
0.0060099708
0.0046287704
0.0034347496
0.0021676071
-8.0073629e-05
-0.00057737126
-0.00068443085
-0.0016612685
-0.004394352
-0.0068167039
-0.0076056093
-0.0085075888
-0.009780063
-0.010515494
-0.013168576
-0.01563433
-0.017229352
-0.020586223
-0.023079468
-0.022743608
-0.021349822
-0.021638886
-0.021372617
-0.021417129
-0.018970913
-0.020767059
-0.018896814
-0.01692724
-0.013733588
-0.012881421
-0.010720376
-0.0086849655
-0.0071087411
-0.0066480872
-0.00709089
-0.0094996618
-0.011370261
-0.012480656
-0.013648476
-0.014107866
-0.013730181
-0.012716388
-0.0094016885
-0.0069251824
-0.0065785457
-0.0065019068
-0.0049206642
-0.0012045756
0.0015895743
0.0041314037
0.0064860733
0.0075857571
0.0065017795
0.0056541571
0.002778739
-0.00056192869
-0.0012244244
-0.0014762171
-0.0018510206
-0.00018790953
0.0022087873
0.0041912512
0.002287916
0.00063147474
-0.0017904477
-0.00096840448
-0.0013691975
-0.00091791482
-0.0013433139
-6.7456365e-05
-0.00076040297
-0.001146255
-0.0019580323
-0.0020300983
-0.0027279417
-0.0020383774
-0.0021659437
-0.0020408312
-0.0022982656
-0.0029045577
-0.0032995291
-0.003788963
-0.0044490202
-0.0038837439
-0.0032636518
-0.0027101179
-0.0039253064
-0.0048255106
-0.0032922442
0.0017628863
0.0032987151
0.0054260478
0.0069393386
0.0063653323
0.0085383674
0.0074207355
0.0088280964
0.0087319875
0.0093978479
0.0098632851
0.010587796
0.0076902356
0.0079265023
0.0069107267
0.0060473956
0.0053414621
0.0038841096
0.0036161922
0.0033595992
0.0037458457
0.0037206109
0.0039876461
0.004120014
0.004277378
0.0066106534
0.0070668875
0.00862354
0.0094054514
0.0098518198
0.010176794
0.010586872
0.009482252
0.0078810143
0.0064026625
0.00727722
0.0056561393
0.0035030626
0.0039034754
0.0044921117
0.003430222
0.003489462
0.0029084701
0.0040252218
0.0067523669
0.0089075662
0.008207647
0.0068243539
0.0060343919
0.010339087
0.011996774
0.0077714905
0.0043119908
0.0014971634
0.0034676865
0.0042379907
0.0023335431
0.00072060263
-0.0026011475
-0.003599683
-0.0058108591
-0.0097375043
-0.013572799
-0.015859003
-0.019065867
-0.01964068
-0.020793812
-0.022172974
-0.023826703
-0.025689004
-0.027469163
-0.028395117
-0.030016541
-0.030916271
-0.031916376
-0.031000031
-0.028906859
-0.026426598
-0.024946143
-0.025425626
-0.025950088
-0.025712144
-0.023014753
-0.021090117
-0.019270971
-0.015416407
-0.01250736
-0.0090636576
-0.010441443
-0.0085334392
-0.0099188792
-0.0089970889
-0.0072220177
-0.0068804024
-0.0042502492
-0.0034651809
-0.0020854712
0.0018590201
0.0066159779
0.0084269919
0.0094259044
0.010018473
0.010446498
0.01244088
0.013615486
0.011633391
0.011496197
0.0089218809
0.0078923729
0.0034171851
0.0011338044
0.00059119368
0.00016541575
0.00062989056
0.003122932
0.0046585752
0.0056843222
0.0036588578
0.0017485629
0.0006167146
-0.00070625387
-0.00066911105
-0.0010851562
-1.1760149e-05
0.00071508071
0.00065829535
0.00034701755
0.00032650246
0.0007312072
-0.00043635433
-0.00022295765
0.00020792599
0.00052702892
0.00025521973
-1.608765e-05
-0.00019821614
-0.00066573505
0.00014820619
-0.00014835739
-0.0011006876
-0.002857857
-5.7996172e-05
0.0011461177
0.0036514478
0.0065381711
0.0021225493
0.0074783677
0.0094933251
0.011666788
0.011347233
0.012503314
0.011958789
0.011089701
0.0087548447
0.0092863386
0.0093448158
0.0063209023
0.0049142488
0.0036675543
0.0039965193
0.0036525133
0.0030154976
0.0034504338
0.0039812993
0.0045840051
0.0050211343
0.0051564073
0.0056054482
0.0053652643
0.0091722431
0.0095663903
0.011206328
0.012641815
0.013151758
0.01123351
0.015206443
0.016645676
0.013345786
0.010419128
0.012083085
0.012126268
0.0097235652
0.0083002456
0.0065153973
0.0049815296
0.0092097959
0.0084459533
0.009700475
0.01001575
0.010370581
0.010679061
0.0092202373
0.010889844
0.012135989
0.011857623
0.010274025
0.0055091708
0.0035004981
0.005441557
0.0045245055
0.0027402563
-0.00076607218
-0.004763155
-0.0082609247
-0.013745411
-0.021043873
-0.024109292
-0.025478739
-0.028016709
-0.033474738
-0.032208169
-0.032785988
-0.03509047
-0.036391229
-0.038328071
-0.038299212
-0.040291012
-0.042348184
-0.041770106
-0.039367888
-0.037803283
-0.036461518
-0.03545819
-0.035320304
-0.03831535
-0.037976857
-0.037057647
-0.033869296
-0.027276769
-0.02242338
-0.020368843
-0.015945282
-0.012974862
-0.010322978
-0.010227323
-0.0059817582
-0.00094388411
0.0019380199
0.0073530517
0.007596932
0.011039328
0.015577095
0.01710499
0.018480627
0.018359188
0.020435645
0.021962711
0.019335621
0.01865417
0.018678603
0.016206822
0.012917061
0.011726856
0.0075904163
0.0064448961
0.0038540045
0.0047001391
0.0047188075
0.0052045607
0.0047883202
0.0046572412
0.0034466354
0.0027328314
0.001289223
0.00090798247
0.0017550232
0.0016076494
0.0024713862
0.0032502073
0.0029618157
0.0022708709
0.0017517503
0.002310158
0.0032659979
0.0029815294
0.0035226186
0.0040034943
0.0039604416
0.0039236866
0.0031390744
0.0025897232
0.0039922721
0.0049805876
0.0053743875
0.0052592069
0.0062590588
0.007206287
0.003857863
0.0021383654
0.0036397849
0.0090549971
0.013465783
0.0146137
0.014605081
0.013919344
0.015095068
0.013649458
0.0095701314
0.0067995762
0.0033935559
0.00021304441
0.00017940146
0.001288049
0.0026876858
0.0033179587
0.002912532
0.0039477387
0.0040240099
0.005381989
0.0065248691
0.0070430911
0.0077955903
0.0081239701
0.01184077
0.012878473
0.013911205
0.014775678
0.016007378
0.013427817
0.019418166
0.021387849
0.019830083
0.020842039
0.018139721
0.015474657
0.01386092
0.010186425
0.0069202178
0.0084520553
0.013071329
0.017218487
0.018688653
0.019052486
0.018528367
0.019069152
0.019667201
0.020660796
0.019634489
0.018773603
0.018142038
0.012615174
0.007175446
0.0051822212
0.0064793013
0.0020348965
-0.0024771863
-0.0074141302
-0.012081592
-0.018219924
-0.025758261
-0.029325257
-0.032769165
-0.038697545
-0.042959681
-0.042380916
-0.041378793
-0.040724955
-0.042773762
-0.044812755
-0.047157586
-0.048089621
-0.050454754
-0.049230035
-0.046733888
-0.046520747
-0.046654904
-0.049304298
-0.050541119
-0.049942155
-0.051160568
-0.047787523
-0.044574222
-0.038182772
-0.031588341
-0.030556383
-0.025281719
-0.023485833
-0.018047236
-0.012656628
-0.0073652361
-0.00061786012
0.0029812078
0.0098913325
0.013886244
0.021272191
0.02299416
0.026129197
0.027207484
0.025431143
0.025323667
0.022749655
0.020894453
0.019951111
0.019499758
0.016633099
0.014241059
0.014477591
0.0090195291
0.008310779
0.0065921033
0.0067863024
0.0069892321
0.0035908755
0.004102658
0.0043024879
0.0030576825
0.0029599211
0.0013342003
0.0013770521
0.0019139502
0.0027942661
0.0030713569
0.0047838255
0.0047312716
0.0034647358
0.0024736232
0.0031467349
0.0035424204
0.0030726202
0.0039996511
0.0049478643
0.0049222732
0.0048909602
0.00432335
0.00601968
0.0071918583
0.010716354
0.011299381
0.0086270213
0.0062828933
0.0053255504
0.0048287753
0.0043177321
0.008968684
0.011981141
0.014422575
0.016716705
0.017467026
0.015404316
0.01697601
0.0143698
0.010323816
0.0048873531
0.001161099
-0.00031335154
0.00070464153
0.0012368696
0.0025936885
0.003624557
0.0037666138
0.0039744192
0.0046578322
0.0059133957
0.0086250433
0.0092909818
0.010215681
0.011005484
0.014730908
0.015675377
0.016888263
0.019616295
0.018314371
0.018836125
0.024621851
0.028614156
0.029363125
0.030898704
0.026181861
0.025539916
0.020748892
0.011332597
0.0071346413
0.0085940339
0.019065226
0.023404085
0.026697647
0.029830852
0.030803275
0.031068591
0.030831524
0.028229333
0.026764763
0.024996412
0.02241717
0.018563831
0.014720941
0.010284778
0.0085310711
0.0054811538
0.0032009308
-0.0034190861
-0.0083441175
-0.012441089
-0.020747224
-0.027296815
-0.036298297
-0.04331216
-0.043689758
-0.043607655
-0.04359495
-0.040659927
-0.038912809
-0.043212918
-0.050348737
-0.052759714
-0.051787827
-0.052389499
-0.049691255
-0.050959329
-0.051563357
-0.05183645
-0.052127975
-0.052597003
-0.049114047
-0.051268958
-0.054088474
-0.048000105
-0.044732508
-0.043587456
-0.034769936
-0.028946901
-0.023680098
-0.017918297
-0.01201847
-0.0047643241
0.0010396921
0.0078700858
0.013631065
0.020381212
0.024915795
0.026804639
0.025996045
0.025830459
0.02371219
0.020903974
0.020124224
0.018220068
0.015790331
0.013943046
0.013649185
0.011505514
0.0098121468
0.007261419
0.005120956
0.0037647759
0.0034525854
0.0034415986
0.0037306899
0.0043320216
0.0036695695
0.0021699061
0.0015063968
4.3741076e-05
7.6392444e-05
0.0015250409
0.0026734585
0.0038678731
0.0039737416
0.0037439583
0.0035609825
0.0031951878
0.0030759626
0.0040736594
0.0034925308
0.0040999427
0.0051396322
0.0058589538
0.0076636417
0.0092177687
0.013544995
0.016256556
0.0096726759
0.0083152248
0.0077716617
0.0081646183
0.0063329877
0.0091032284
0.013239444
0.014710578
0.018076626
0.018972532
0.021047096
0.016843165
0.016668731
0.015651127
0.0122523
0.0094761232
0.0027001519
0.0036032621
0.004448909
0.0059831725
0.0056417803
0.006616423
0.00701296
0.0069446942
0.0067063467
0.0089268247
0.011213254
0.014253427
0.014783396
0.014562796
0.018842352
0.020654362
0.022001342
0.020875471
0.020058504
0.022463634
0.028348909
0.034266738
0.034178414
0.035726877
0.033126652
0.029945084
0.02334482
0.015243059
0.0081395135
0.0078609586
0.020366261
0.029586796
0.031352612
0.033625993
0.03460906
0.036662581
0.033688767
0.032854709
0.032503335
0.033213837
0.030490464
0.025220431
0.021074718
0.018340629
0.013959316
0.011366657
0.0047865404
-0.0013864119
-0.0061240875
-0.010672449
-0.018714081
-0.026256384
-0.036408903
-0.042191013
-0.043580978
-0.041573333
-0.037540024
-0.04185344
-0.042799353
-0.047448105
-0.048808559
-0.05240903
-0.049735138
-0.051395379
-0.055160717
-0.05781214
-0.060293458
-0.05819588
-0.051432211
-0.049952046
-0.051791073
-0.057902698
-0.058535696
-0.048203874
-0.043660683
-0.03741959
-0.040814456
-0.038255104
-0.029249963
-0.019095102
-0.014091015
-0.0064341034
0.0022528771
0.0084385303
0.013230967
0.016265112
0.018231952
0.01940007
0.021747391
0.018412829
0.017979491
0.013813791
0.012550423
0.012080703
0.012331015
0.011796523
0.011294546
0.0090605044
0.0075901242
0.0041651099
0.0043936894
0.0026082567
0.0025447922
0.0021294484
0.0038001324
0.004074644
0.0017550267
0.0010979806
0.00057586135
-0.0012269428
-0.0010257638
-0.00042854064
0.0012648376
0.0028549085
0.0050622959
0.0050797029
0.0055006051
0.0053169746
0.0062526982
0.0041595512
0.0054552152
0.0046873367
0.0050298992
0.0072529618
0.011036246
0.01369067
0.020154298
0.017593001
0.011005108
0.01013581
0.0085982558
0.009417897
0.010822688
0.01245476
0.014183875
0.019065731
0.022722368
0.024654621
0.021950487
0.017658587
0.018306355
0.016998221
0.013428783
0.011771893
0.0074611016
0.0082995516
0.0056950886
0.0072544871
0.0081063147
0.010260245
0.011011979
0.011430558
0.010525371
0.012402706
0.013351332
0.015404815
0.018482951
0.017807123
0.021700111
0.024905621
0.024005758
0.022319574
0.020261379
0.02399502
0.029681616
0.030310951
0.031397198
0.032168105
0.03456792
0.030657766
0.02928024
0.025416975
0.011742086
0.0093029819
0.019097825
0.026944818
0.028932775
0.031857195
0.034780248
0.036065593
0.037853624
0.039277651
0.040920624
0.03873747
0.035646198
0.034132793
0.030721392
0.025926157
0.021505344
0.014155133
0.0086111844
-0.001597532
-0.0094384025
-0.016440078
-0.022998107
-0.030628073
-0.037372452
-0.040011359
-0.035362433
-0.036475447
-0.032175269
-0.033409225
-0.032631426
-0.041757942
-0.043826625
-0.049415404
-0.051251598
-0.04704198
-0.054129641
-0.057741437
-0.060189895
-0.05645819
-0.05724551
-0.063736312
-0.063676331
-0.059277632
-0.057579811
-0.053120933
-0.045538131
-0.043238595
-0.040346962
-0.032230345
-0.025024381
-0.016796295
-0.010818289
-0.0016833309
0.0018235543
0.0081304738
0.0094941888
0.012484353
0.014193699
0.013853664
0.01029563
0.012359738
0.010925045
0.0098436885
0.0086361278
0.0081862763
0.0089909606
0.011213823
0.010147007
0.0087842715
0.0063930434
0.0040610211
0.0034935551
0.0031988304
0.0025922566
0.0012206858
0.0022735806
0.0018941511
0.002005926
0.0021550237
0.002029307
0.0025174428
0.0039420162
0.0052628364
0.0042889292
0.0034495067
0.0025396796
0.0029060282
0.0028125266
0.0032377906
0.005066841
0.0053888054
0.0054366197
0.0080363823
0.0083471738
0.007429742
0.0090803549
0.014993284
0.018889847
0.012776381
0.006844468
0.0077096583
0.009612366
0.008847619
0.010537037
0.013638307
0.01456954
0.016599884
0.022563358
0.021596477
0.020607742
0.01726517
0.017058297
0.015097084
0.0093327727
0.0053724311
0.0052015737
0.0084494993
0.0099529178
0.012121073
0.01234194
0.013580372
0.013795817
0.015930759
0.015121287
0.016630941
0.018035526
0.01978533
0.021339323
0.020589596
0.025898103
0.025493186
0.025860676
0.022684433
0.020989656
0.024827279
0.028322864
0.02843622
0.027151485
0.031508539
0.033035177
0.034266989
0.030108714
0.030060058
0.020866351
0.014791066
0.021389319
0.027440311
0.03013869
0.030646409
0.035451905
0.038454674
0.04209017
0.044074406
0.04452583
0.041252252
0.037985149
0.035583996
0.031718679
0.025909067
0.018767835
0.010576133
0.0039125587
-0.0034935115
-0.010497949
-0.019241133
-0.028869298
-0.036117958
-0.038067761
-0.036293943
-0.032014419
-0.033632774
-0.032491048
-0.032774652
-0.033537255
-0.038025695
-0.047364746
-0.041707365
-0.046306267
-0.04724727
-0.053982384
-0.056055543
-0.060133727
-0.063344973
-0.065516553
-0.066729049
-0.062280156
-0.059679948
-0.058800372
-0.052149489
-0.0481636
-0.043432576
-0.040127109
-0.035295996
-0.027460723
-0.02085491
-0.014379484
-0.0092613786
-0.0054298957
-0.0019527738
0.0010281711
0.00268261
0.0013404736
0.0025389085
0.0022460725
0.0028433228
0.0023644732
0.0018465614
0.0036635938
0.0050365466
0.0064608019
0.0069677883
0.0067019807
0.0045615516
0.0034233049
0.0014474308
0.00092437386
-0.0011450611
-0.00088475827
-0.00046601886
-0.00059450119
0.00013717493
0.0015537919
0.0021171215
0.0016423801
0.0025845088
0.0051658812
0.0054743512
0.0055992746
0.0052749867
0.0040567931
0.0040157741
0.0057399761
0.0061397206
0.0063124671
0.0058536969
0.0058027629
0.0083817693
0.0088172836
0.0073404924
0.0075367853
0.010964308
0.015556497
0.010696739
0.006452543
0.0052761166
0.0059575404
0.0078584295
0.0079751703
0.013019559
0.012402402
0.01274551
0.016485727
0.012885569
0.010996699
0.0083044908
0.0073045094
0.006844513
0.0082939305
0.008852304
0.012891353
0.015567436
0.01754144
0.017350478
0.018723054
0.020102712
0.021514316
0.020051118
0.020051718
0.020901601
0.023187198
0.024282504
0.026064894
0.025040084
0.034701197
0.032386782
0.032006689
0.028190882
0.023290264
0.027068481
0.026389119
0.028580091
0.02918492
0.031511379
0.034025293
0.03460141
0.033958354
0.029476205
0.022198674
0.018048217
0.02265912
0.02696992
0.030599495
0.031978672
0.039343135
0.043801575
0.04750554
0.046898
0.046457159
0.041289279
0.038011836
0.033627803
0.026945958
0.02067218
0.015922928
0.0078783519
0.0018220025
-0.00771326
-0.016677617
-0.02401653
-0.034212157
-0.041717839
-0.040981896
-0.029879273
-0.031741546
-0.035014242
-0.031149013
-0.034744373
-0.032287773
-0.039106654
-0.041948681
-0.036971462
-0.042203039
-0.045969454
-0.052164842
-0.057307014
-0.062038545
-0.061152044
-0.06210381
-0.060751129
-0.060052176
-0.059364135
-0.060170221
-0.055807998
-0.050443763
-0.047366371
-0.044211054
-0.041033845
-0.034590322
-0.026292955
-0.024076506
-0.022465886
-0.015687181
-0.014957504
-0.013165727
-0.013618554
-0.01051611
-0.0091099045
-0.0077139115
-0.0076924058
-0.0081466394
-0.0059371377
-0.0035642809
0.0011626111
0.0025083847
0.0006863278
-0.0014490644
-0.0020457193
-0.0031398194
-0.0026696939
-0.0036951879
-0.0044733788
-0.0046634096
-0.0058824031
-0.0056233547
-0.0053214889
-0.0062037858
-0.0049436146
-0.0032713667
-0.0015992926
-0.0013748713
-0.00066693651
0.00012478875
0.0020821922
0.0027147313
0.0019438897
0.0014504917
0.0025116107
0.0017333257
0.0035855041
0.0061026778
0.0061421413
0.007122483
0.0065323088
0.0054696169
0.0070437162
0.0088903937
0.0080196714
0.0047507312
0.0027081577
0.00082974726
0.0010487416
0.0077382631
0.0086904596
0.0086208379
0.0093014115
0.0091891247
0.0067789006
0.0012940972
0.0035888575
0.0048476085
0.0047645629
0.0061520758
0.0081207502
0.0096691639
0.014632809
0.015703664
0.016379871
0.0193985
0.023286129
0.028641804
0.028842662
0.029203831
0.031485136
0.032738853
0.035759065
0.037816329
0.035981316
0.034623937
0.032852554
0.031921287
0.027675476
0.02212047
0.025907617
0.025642886
0.028880914
0.027428461
0.032115379
0.033390771
0.033064951
0.033954212
0.025993842
0.018926264
0.017073315
0.021917512
0.025877776
0.027191148
0.028956977
0.035989663
0.042102971
0.043297137
0.043882752
0.042064746
0.039159696
0.031492821
0.027731852
0.019977437
0.015684365
0.0073077424
-0.0021463509
-0.0076151744
-0.011877902
-0.019501097
-0.031076952
-0.041330312
-0.046967181
-0.039898819
-0.039286508
-0.03952933
-0.037538421
-0.035361309
-0.03952805
-0.039533586
-0.041626353
-0.039355053
-0.03756364
-0.042147878
-0.04713633
-0.047271621
-0.049305116
-0.051151779
-0.051596213
-0.051297073
-0.049455568
-0.048345485
-0.048358184
-0.048054074
-0.048607851
-0.046170897
-0.045327276
-0.044445293
-0.041172696
-0.034251136
-0.028864174
-0.027218913
-0.024402213
-0.022334617
-0.020619719
-0.016957539
-0.01846749
-0.01694713
-0.014429337
-0.014741532
-0.016050253
-0.013203943
-0.012542895
-0.010011009
-0.0077774937
-0.0068926576
-0.0077611984
-0.0083370987
-0.0082412316
-0.012026522
-0.012685423
-0.012284648
-0.013282224
-0.010189474
-0.011476026
-0.011817381
-0.011471407
-0.011270993
-0.0098288516
-0.011797461
-0.0077741339
-0.0059513779
-0.0074456329
-0.0047773458
-0.0022292174
-0.0030414369
-0.00027270615
-0.001250808
-0.0028001704
-0.0045941161
-0.004044023
-0.0018825527
-0.00028624086
0.0006264073
0.0027496005
0.0035030055
0.0036408914
0.0021672528
-0.0030325229
0.0040388413
0.0027829695
0.0021681475
0.0043546432
0.0047370446
0.0084477871
0.0084791149
0.0073443434
0.0060172072
0.0060122284
0.0036681743
0.0037466217
0.0026224236
0.0052596258
0.0051427079
0.0085110428
0.0087941675
0.0083219216
0.01172233
0.014484844
0.017638189
0.02100902
0.024083724
0.028445403
0.030820926
0.033512583
0.031710946
0.031119396
0.035591356
0.035641803
0.026648633
0.027584078
0.025312745
0.023091724
0.02207488
0.025393194
0.026769919
0.025797242
0.023650753
0.027128905
0.027215001
0.026588577
0.025625157
0.023325184
0.019573283
0.018896116
0.023436447
0.024529301
0.026314983
0.025645722
0.027813481
0.029263638
0.032391225
0.035557969
0.035288073
0.031012131
0.024959614
0.019926958
0.01269121
0.0058315918
-0.0022750476
-0.012609182
-0.010673667
-0.01598616
-0.027356084
-0.037133068
-0.048789512
-0.053611027
-0.049579597
-0.049069458
-0.047669393
-0.047964163
-0.044822877
-0.041954581
-0.041567307
-0.039614273
-0.037275051
-0.035606199
-0.035822452
-0.035942363
-0.037011163
-0.038880804
-0.040369716
-0.039790028
-0.040417779
-0.039056275
-0.037930135
-0.036765031
-0.035000839
-0.033986656
-0.031310037
-0.029887216
-0.026799994
-0.02508489
-0.022908241
-0.017315064
-0.016494606
-0.014292265
-0.012172813
-0.012888523
-0.011540992
-0.012685389
-0.012680741
-0.011476013
-0.014123748
-0.014880465
-0.015003857
-0.013206986
-0.015620635
-0.013414814
-0.013049925
-0.012050514
-0.015847339
-0.015779743
-0.013507113
-0.013244395
-0.015504247
-0.016847064
-0.016365418
-0.015622361
-0.011579096
-0.01087081
-0.010482655
-0.01029685
-0.0096533763
-0.010457902
-0.0097042617
-0.011159848
-0.0078039783
-0.0051039645
-0.0043561622
-0.0048088352
-0.0015833416
0.00040068717
-0.0019552614
-0.0023654454
-0.00097001916
-0.00062978822
0.00077122172
0.0061715126
0.0050647801
0.0046919707
0.00019403127
-0.0055048246
-0.0043643283
0.00043282869
0.0018271835
0.0031488921
0.0058623087
0.0054742733
0.0049012659
0.0045261484
0.0073120721
0.0068536204
0.0049565922
0.0037658681
0.0035092247
0.0045593002
0.0050216174
0.006656958
0.0071230805
0.0079244559
0.010747186
0.013011533
0.015532044
0.017984444
0.021419212
0.024374483
0.025595722
0.024635142
0.022952916
0.022597875
0.024024034
0.025698001
0.020188929
0.01924398
0.021005251
0.022691622
0.024368345
0.023354276
0.025590031
0.028058041
0.024600315
0.02119605
0.019210861
0.021075996
0.021128465
0.019234953
0.016542322
0.014740573
0.024576797
0.024547484
0.02548623
0.022427594
0.021455614
0.020944754
0.021578782
0.023837301
0.023232989
0.020893569
0.014953181
0.010222342
0.00093129067
-0.0086919983
-0.01728655
-0.017822743
-0.020688499
-0.026926331
-0.038877591
-0.047771469
-0.056080536
-0.0597201
-0.059743336
-0.050453551
-0.047378236
-0.046372326
-0.04166901
-0.040473836
-0.04358394
-0.041534902
-0.036350212
-0.030041587
-0.027742764
-0.027833026
-0.02466965
-0.030463901
-0.027589331
-0.028765832
-0.025888297
-0.025304562
-0.025246602
-0.023180438
-0.021645821
-0.01930466
-0.014684196
-0.014433053
-0.011665639
-0.0072095521
-0.0077340176
-0.0042340823
-0.0039439771
-0.0027053413
-0.0041193853
-0.0064555274
-0.0073820295
-0.0066067054
-0.0093604995
-0.012963532
-0.014719331
-0.015449841
-0.015812492
-0.017623607
-0.017040766
-0.016121029
-0.016322196
-0.016293636
-0.015529915
-0.016506362
-0.016468215
-0.01724139
-0.018093932
-0.017518735
-0.017879125
-0.016355011
-0.01426899
-0.010948674
-0.0093206877
-0.0082560879
-0.009258436
-0.011198374
-0.012202948
-0.013151516
-0.0093105401
-0.004938062
-0.0014667854
0.0010211019
0.0071883583
0.010733973
0.0082802143
0.0081304373
0.0074972248
0.0065169891
0.0028484546
0.0047487737
0.0030538941
-0.004050413
-0.0031807887
-0.0022921436
-0.0013009883
-0.00072889878
0.0014883197
0.0019308951
0.0029107487
0.0026301632
0.0015130052
0.0019798735
0.0019940297
0.0021485066
0.0014564617
0.0014383237
0.0012368608
0.0018992784
0.0019969612
0.0032316494
0.0037707674
0.0049700304
0.0055903435
0.0088089818
0.010708708
0.013886756
0.016141734
0.01931913
0.018910659
0.01883085
0.017552283
0.017303644
0.018366246
0.017793362
0.018831883
0.019550061
0.021006218
0.01984521
0.021230925
0.021485733
0.021660685
0.023645496
0.024009556
0.023018317
0.019531676
0.016453966
0.015830832
0.016002604
0.012179134
0.0078051888
0.019363351
0.019545076
0.015812773
0.015436724
0.015541973
0.015146723
0.015784068
0.013965454
0.012539184
0.010654502
0.0049939436
-0.0013370063
-0.0070164773
-0.01928166
-0.022368324
-0.01851997
-0.023106911
-0.029441199
-0.040101701
-0.047009938
-0.051451598
-0.054093908
-0.054443819
-0.042904669
-0.033272436
-0.034966356
-0.032326209
-0.033680097
-0.037588567
-0.035365088
-0.029249657
-0.024026729
-0.018326642
-0.01486453
-0.014545853
-0.014972226
-0.012539878
-0.010727477
-0.0097304814
-0.0094197634
-0.0075636807
-0.005265434
-0.0032460078
-0.0029419029
-0.00013386108
-0.00071099913
0.00071154353
0.0022921425
0.0036041177
0.0066346469
0.006659479
0.0056699875
0.0033434545
0.0012321667
-0.0028557885
-0.0041728479
-0.0069195768
-0.0095094791
-0.014826092
-0.015757963
-0.015703681
-0.01660387
-0.017093278
-0.015570137
-0.017970368
-0.019979368
-0.021161029
-0.019967423
-0.020604676
-0.020842862
-0.020897216
-0.019025685
-0.019322897
-0.016904186
-0.014972868
-0.013546523
-0.012047679
-0.010538336
-0.01198937
-0.011865506
-0.012005101
-0.012129865
-0.0079215952
-0.0026030478
0.00059722294
0.0044323786
0.010213367
0.011247746
0.011330476
0.012111982
0.011881936
0.010999388
0.009936054
0.011420573
0.0044817453
0.00030592731
-0.00019890502
0.0005410791
0.001429296
0.0018112044
0.0011213033
0.0018721189
0.0015827546
-0.00084675784
-0.0017090726
-0.0021166329
-0.0035703764
-0.0035537414
-0.0024262786
-0.0026062529
-0.0022832847
-0.0025936538
-0.0019813476
-0.00083881438
0.00030527374
0.0010289403
0.0011269685
0.0019649778
0.0050094848
0.0079876021
0.010036361
0.012734262
0.014095592
0.014841322
0.014986979
0.015440318
0.018665312
0.017940427
0.018035696
0.019206333
0.018646667
0.017198512
0.017794358
0.016438933
0.016282808
0.017936224
0.019241592
0.01736048
0.015905576
0.012704455
0.011738708
0.011022794
0.010133776
0.0093530995
0.01419726
0.017078803
0.018705269
0.014489957
0.013670255
0.012066223
0.011481633
0.0082763749
0.0063711625
0.0046485708
0.0014099508
-0.0044076197
-0.0096983996
-0.015688923
-0.01298108
-0.01590326
-0.023518371
-0.026652221
-0.032770306
-0.035755648
-0.037164529
-0.037580573
-0.039457199
-0.031154238
-0.02406177
-0.02482377
-0.025726579
-0.023014823
-0.023465759
-0.022539712
-0.019537066
-0.01633062
-0.0088826628
-0.0062096338
-0.0062458896
-0.0010212155
0.0011756645
0.0021093626
0.0027596524
0.0035040076
0.0056130298
0.0074477946
0.0061056002
0.0072187953
0.0084250701
0.0090128527
0.010193669
0.010499806
0.011303558
0.012936572
0.012370079
0.010644039
0.007705434
0.0054040412
0.0017774157
-0.00094626664
-0.0047481409
-0.0081601602
-0.011039539
-0.013034101
-0.01451263
-0.015959836
-0.015772386
-0.015604001
-0.015519611
-0.018377853
-0.020892848
-0.022700676
-0.02524878
-0.025930928
-0.02388153
-0.023129357
-0.021811834
-0.020036487
-0.018659043
-0.01549301
-0.010958811
-0.010001268
-0.011065424
-0.011284062
-0.0089252042
-0.0072535012
-0.0051970193
-0.0030371557
0.00016499075
0.0044630073
0.0079518044
0.010482376
0.0094352609
0.011135519
0.0076430582
0.0067126049
0.0031451241
0.0030464584
0.0029719172
0.00213167
0.0025257301
0.0031796731
0.0010352636
-0.0004550187
-0.0013401465
-0.0034168482
-0.0028386256
-0.0024166572
-0.0051409345
-0.0056484989
-0.0047556239
-0.0047124501
-0.0051174732
-0.0053771923
-0.0054821659
-0.0059495643
-0.0053522069
-0.005555125
-0.006136554
-0.0055358864
-0.0037044707
-0.0030737552
-0.0022459405
-0.00046845471
0.0022950403
0.0049305306
0.0081106546
0.010622437
0.010877491
0.013291057
0.016233307
0.017663976
0.015814012
0.015651259
0.014052022
0.015027273
0.013161679
0.011459636
0.012669112
0.012664158
0.011810767
0.012743714
0.010966213
0.011081431
0.0095485249
0.0097559236
0.0093293612
0.0081055057
0.0091384916
0.0132846
0.01713651
0.017708208
0.015381885
0.012118001
0.0097898633
0.0069906349
0.0058653837
0.0035188875
0.0004076271
-0.0025555339
-0.0056597243
-0.0062028917
-0.0011135981
-0.0023250618
-0.0093721723
-0.017930905
-0.020430211
-0.023112522
-0.021887308
-0.019346022
-0.019830142
-0.014773378
-0.012709888
-0.014152716
-0.014075427
-0.010024234
-0.009901117
-0.011536482
-0.01195137
-0.00891213
-0.0052298093
-0.00076152695
0.00077075325
0.0025376064
0.0068461779
0.0076864085
0.0084846429
0.0085925998
0.0084331715
0.01064438
0.01177469
0.011350453
0.011492934
0.011158855
0.011338649
0.011881893
0.013206449
0.014278007
0.015283993
0.014492767
0.011411484
0.0088277272
0.004437874
0.0019938161
0.0001223899
-0.0036241615
-0.0059398952
-0.007885425
-0.0099859359
-0.010699369
-0.011535253
-0.013251811
-0.013217297
-0.013948933
-0.014852418
-0.018835743
-0.020376709
-0.021625606
-0.022266347
-0.023211557
-0.021462896
-0.019912284
-0.019031639
-0.016131281
-0.012003869
-0.010321472
-0.0090878403
-0.008862246
-0.0087334547
-0.007478936
-0.0047260405
-0.0014693572
0.00022657984
0.0030246118
0.0040996683
0.0046720077
0.0039897718
0.0046742353
0.0032281541
0.0019927528
-0.0018243131
-0.00057257659
0.0020079478
0.001632177
0.0038289285
0.0046424817
0.004042601
0.0034113698
-0.00051288009
-0.0020387874
-0.0033097002
-0.0046003075
-0.0044236369
-0.0055099081
-0.0052636556
-0.0044489336
-0.0044347555
-0.005672477
-0.0068072455
-0.0076015938
-0.0077105195
-0.0076494772
-0.0087689518
-0.0087343617
-0.0077392486
-0.0065234691
-0.0059626118
-0.0055417385
-0.004792686
-0.0035250361
-0.00018668472
0.0034752198
0.0071104064
0.0068450267
0.0093249606
0.012803047
0.008763854
0.0096887873
0.011666803
0.011670801
0.011303558
0.010813187
0.010659842
0.012877467
0.01048882
0.009912339
0.0097222457
0.0081150965
0.0093500328
0.0091424274
0.0091390305
0.0076417733
0.0081837442
0.016135774
0.017117022
0.018889097
0.01944826
0.018390622
0.014595643
0.011012337
0.0095120444
0.0070028286
0.0045601076
0.0024108244
0.0012417627
0.0046518205
0.0091072196
0.0083286527
0.0041816092
0.0018432173
-0.0029188619
-0.0068716218
-0.008221261
-0.0082134193
-0.0050940641
-0.0012850947
-0.00094673621
-0.0023054176
-0.0012428189
-0.0014593144
-0.00047490696
-0.0035934894
-0.0069967209
-0.0081228719
-0.0053946262
-0.0016000678
0.00022765622
0.0016991283
0.0037243914
0.0069133688
0.0080582711
0.008130413
0.0086805448
0.0092810915
0.010869117
0.010636703
0.009475752
0.0088113775
0.0094919249
0.010098325
0.011033617
0.011928525
0.013278815
0.012727843
0.010860324
0.0079158759
0.0061432794
0.0037284079
0.0017183061
-0.00039897927
-0.0022385184
-0.005030132
-0.0059631235
-0.0060183453
-0.0081251182
-0.0082567397
-0.0099140715
-0.010852823
-0.011670935
-0.012725909
-0.013161039
-0.015581218
-0.016630208
-0.01708237
-0.017902601
-0.017204761
-0.015819928
-0.014036036
-0.011807997
-0.0090214787
-0.0062824678
-0.0052555653
-0.0054518588
-0.0057779252
-0.003502726
-0.0025632827
-0.0018934032
-0.00049000553
0.0010960563
0.00054333524
0.0031404343
0.0044929515
0.0023327929
-0.00086782346
-0.0017375502
0.00063651816
0.002869517
0.0017956234
0.001591207
0.0031150679
0.0031420593
0.0017306144
0.0025569506
0.0019250033
-9.4731964e-05
-0.0012196315
-0.0017978597
-0.0023838219
-0.0031108703
-0.0027640285
-0.0035621696
-0.0043749422
-0.0059914761
-0.0065208653
-0.0069034366
-0.0068519127
-0.0068724253
-0.0083184609
-0.0093971406
-0.0084863774
-0.0083266429
-0.0074482695
-0.0081708396
-0.0090288673
-0.0081602042
-0.0035147205
-0.00011868943
0.00042544998
0.0021417912
0.0060402943
