0.0037058161
0.0033467404
0.0040829159
0.0037234733
0.0041589687
0.0028800647
0.0019968064
0.0030746907
0.0033169796
0.0026987983
0.0026343307
0.0037229444
0.0026190026
0.0017692255
0.0015313226
0.0018927886
0.0023390423
0.0046399729
0.0057360196
0.0046884318
0.0064127889
0.008176427
0.0066944086
0.0071088268
0.0073893211
0.0075473
0.0071635523
0.0056530901
0.0055358977
0.0069833147
0.0062290905
0.0066853791
0.0065865105
0.0061636273
0.0055627977
0.0043578695
0.0053529571
0.0055876903
0.0045240006
0.0046862476
0.0049100073
0.0033224282
0.0020537311
0.0022190147
0.0010935905
-0.00034137648
-0.0014417234
-0.0041882832
-0.0061387018
-0.0085895594
-0.0088017046
-0.009069078
-0.010059725
-0.0090648693
-0.0080024058
-0.0069630934
-0.0070513007
-0.0058243489
-0.00511166
-0.0070457943
-0.0097905965
-0.0083181391
-0.0052254452
-0.0042150164
-0.0067811419
-0.0089625282
-0.010989665
-0.012907819
-0.012485627
-0.013391682
-0.012202519
-0.014289784
-0.015920292
-0.014070683
-0.013481319
-0.013604814
-0.014138375
-0.0128403
-0.0096696652
-0.007646615
-0.0065690325
-0.0046285593
-0.0036239036
-0.0045485651
-0.0047311372
-0.0051778579
-0.006769472
-0.0078456148
-0.0071855506
-0.0043922969
-0.0034072615
-0.0023276376
-0.0035883397
-0.0026579544
-0.0031792554
-0.0031731931
-0.0036059352
-0.0031544338
-0.0046086117
-0.0050406649
-0.0039048781
-0.0035680751
-0.003271618
-0.0043056712
-0.0043286183
-0.0035710215
-0.0029127516
-0.0036055933
-0.0044300275
-0.0051101383
-0.0052680284
-0.0062501155
-0.0072453743
-0.0067101934
-0.0060097889
-0.0077527144
-0.007028201
-0.0059668616
-0.00593028
-0.0024705611
-0.0016471462
-0.00066248605
0.00025076861
0.0029809133
0.0049191525
0.0029577988
0.0043143093
0.0043929443
0.0060012559
0.0066687279
0.0070871177
0.0063285732
0.0053966413
0.0055011501
0.004463707
0.0037362932
0.0027678001
0.00093021249
0.0017656515
0.0013782094
0.0015825648
0.0015390557
0.0021250142
0.0026785333
0.0038591242
0.0044658862
0.0048676128
0.005185555
0.0045528175
0.003929473
0.0023328808
0.0020800892
0.0011050375
0.00078753115
0.0016541113
0.0028257134
0.0022326534
0.0011535496
6.02396e-05
0.0004934508
0.0018473296
0.0031348114
0.0038971157
0.0037059635
0.0045716866
0.0058582301
0.0061510809
0.005514215
0.0065026218
0.006746597
0.0049524556
0.0051520173
0.0045037553
0.0045945545
0.0045079372
0.0046291798
0.0044623327
0.0039973622
0.0018088263
0.0018768982
0.0007085386
-0.00052021633
-0.0030481837
-0.0044479091
-0.0046789549
-0.0046973238
-0.0053441353
-0.005621086
-0.0059460723
-0.0057088248
-0.0054002204
-0.0077064856
-0.0094468662
-0.010340088
-0.010225899
-0.010998546
-0.010027109
-0.0097082758
-0.0075045015
-0.0080907747
-0.0072200058
-0.0064429086
-0.0048652551
-0.0062812741
-0.0058430721
-0.0041127382
-0.0017722117
-0.0010418747
-0.0014192154
-0.0037792808
-0.0049608274
-0.0055845679
-0.006396189
-0.0069233968
-0.0065118017
-0.0062917735
-0.0033293467
-0.0031820057
-0.0051076145
-0.0051858198
-0.0044353192
-0.0035253212
-0.003898685
-0.0039081523
-0.0023695442
-0.001774936
-0.0020832162
-0.0040637423
-0.0063511339
-0.0082780491
-0.0078114016
-0.0056959754
-0.0056972113
-0.0038783144
-0.0013937216
-8.682628e-05
-0.0016780576
-0.001583895
-0.0030812016
-0.0019683382
-0.0026640234
-0.0023706272
-0.0028298052
-0.0016581085
-0.0018871052
-0.0017120186
-0.0024631739
-0.0027607627
-0.0031482264
-0.0027618015
-0.0035746557
-0.0036765001
-0.0042964629
-0.0047831141
-0.0054774273
-0.0061116411
-0.006478865
-0.0054782176
-0.0055175014
-0.007084087
-0.0081705285
-0.0072670813
-0.0049100922
-0.0013408226
0.00044131232
0.0013864926
0.0028370267
0.0025372946
0.0045941642
0.0044866408
0.0055922003
0.0048041368
0.005742623
0.0066244201
0.0069102493
0.0051270715
0.0057488989
0.004776109
0.0043521357
0.0036288834
0.0020218721
0.0014399152
0.0016988692
0.0018333282
0.0017268613
0.002288269
0.0028308045
0.0031801965
0.0057101818
0.005901931
0.0070325646
0.0072515371
0.0072583583
0.0070808877
0.0045912275
0.003334537
0.0025419611
0.0020031421
0.0023495415
0.0012731649
0.00085515694
0.000988384
0.001861117
0.0026451619
0.0031372108
0.0036803037
0.0042455814
0.0062070036
0.0060456419
0.0054568289
0.0050103486
0.0058805989
0.0088043775
0.0095239133
0.0064665445
0.0032400822
0.0019553504
0.0034873494
0.0029317353
0.0019741246
0.0020376867
0.00075513533
-0.00061817035
-0.0034331076
-0.0075190002
-0.010904563
-0.012994893
-0.015033287
-0.013630863
-0.011685257
-0.011906965
-0.012194473
-0.012169075
-0.011418195
-0.010814937
-0.010111409
-0.011523624
-0.01313072
-0.012902508
-0.012050182
-0.010833373
-0.0091627333
-0.0092864712
-0.0092223824
-0.0096098151
-0.0093885087
-0.0087889977
-0.0076430171
-0.0049833597
-0.0029204945
0.00080809895
0.0019689293
0.0028497971
0.0013819365
0.0019546446
0.0028027611
0.0035102375
0.0055788726
0.005266851
0.0059533233
0.0066303311
0.0084352259
0.0076071777
0.008197397
0.0070305529
0.0053670832
0.0036625145
0.00064316299
-0.0010292278
-0.00084737267
-0.0021751555
-0.0043877938
-0.0077834144
-0.0076336167
-0.0063405224
-0.0048293486
-0.0033685854
-0.00086535151
0.00021099383
0.0020065692
0.0012559688
0.00040547021
-0.00091108505
-0.0014395172
-0.00047743807
-0.00072403816
0.00011195249
0.00029538194
0.00043967876
-5.6540207e-05
-0.00043020579
-0.00027318892
-0.0015277262
-0.0018815594
-0.0016664391
-0.0018540174
-0.0024468468
-0.0025560165
-0.0028655022
-0.0025759054
-0.0024125237
-0.0027941076
-0.0032264376
-0.0076766098
-0.0040395729
-0.0014305666
0.0014674859
0.0025596433
0.00075851581
0.0036432885
0.0057076255
0.0053625216
0.0066703552
0.0069641169
0.0056658898
0.0057228453
0.0046456154
0.007608365
0.0078609286
0.0042015078
0.0031811142
0.0023215777
0.002629862
0.0020218002
0.0015928706
0.0015811204
0.0022650454
0.0029548561
0.00354665
0.0038045489
0.004517804
0.0040579058
0.0081999223
0.0083818895
0.0097331613
0.010388264
0.010408196
0.0086108325
0.0094325119
0.0091194713
0.0073376297
0.0050303858
0.0059672939
0.0060946839
0.0045981728
0.0043319306
0.0047238097
0.0054060113
0.0087103376
0.0091080166
0.010666977
0.0099320546
0.0088116782
0.0083112401
0.0086058627
0.010629292
0.010466899
0.0099602684
0.0088338353
0.0045258857
0.0052470707
0.0071426761
0.0052885913
0.0034974071
0.001430509
-0.0015188427
-0.0057678571
-0.011528844
-0.01787427
-0.020013815
-0.022633773
-0.024198426
-0.025642295
-0.020195496
-0.018493224
-0.019266365
-0.018752638
-0.017949865
-0.016142143
-0.015673417
-0.016848926
-0.017077534
-0.015398902
-0.01565833
-0.015700671
-0.015506288
-0.014943009
-0.015353973
-0.016778678
-0.017576627
-0.013937839
-0.0094759046
-0.004588479
-0.0014527999
0.0037107434
0.0078140958
0.01018919
0.0086750606
0.010714159
0.014429153
0.016177589
0.018822323
0.016397859
0.018218817
0.018879902
0.01662933
0.01693358
0.015835428
0.016228307
0.012569744
0.0066570324
0.0042357439
0.0032932949
0.001422734
-0.00050983087
-0.0017340169
-0.0027968504
-0.0014828182
-0.0012102261
0.00084915022
0.0011999587
0.0011675675
0.0014208913
0.0020684758
0.0019570694
0.0015865681
0.00090448658
0.0014677466
0.0023116954
0.0021641211
0.0028270941
0.0028500589
0.0021912224
0.001537264
0.0012263364
0.0013320578
0.0017733959
0.00098527208
0.0011853711
0.0010499518
0.00084743762
0.00091309734
0.00075626682
0.00032724713
0.0010389254
0.0017520921
0.0014288403
0.002462943
0.0041011951
0.0040982329
0.0023413667
0.0023611235
0.0020009597
0.0044037331
0.0080662272
0.0098146433
0.0095768487
0.010467655
0.010462679
0.0090896567
0.0061979659
0.0060490736
0.0035048998
0.00086276225
0.0010680693
0.0020532277
0.0026025328
0.0025147106
0.0022460796
0.0027340848
0.0034221802
0.0049095155
0.0056548279
0.0062181085
0.0068513404
0.0072411511
0.011288625
0.011806189
0.012674011
0.013762515
0.014409589
0.012727784
0.015398279
0.015342357
0.014956908
0.015334651
0.012936357
0.01110029
0.0090506675
0.0075811855
0.0072412729
0.0096762293
0.015008886
0.018464237
0.01897006
0.018358592
0.01655901
0.016223892
0.017631975
0.017579836
0.016029708
0.016586803
0.016512983
0.011774049
0.0090457608
0.0083797143
0.0088186602
0.0039067383
0.00073694094
-0.0031491137
-0.0076380257
-0.014619573
-0.021400586
-0.024772401
-0.028164021
-0.032736045
-0.031704496
-0.028779842
-0.026360703
-0.023849808
-0.024400611
-0.023865773
-0.02418006
-0.024567709
-0.025417223
-0.023864897
-0.021877142
-0.020917923
-0.021288611
-0.023928924
-0.025277985
-0.02481709
-0.026846111
-0.023962457
-0.020285432
-0.014516916
-0.0087464018
-0.0059390841
0.0001706506
0.0029398221
0.0080350494
0.010419175
0.013468312
0.018328644
0.020677249
0.022911325
0.023470874
0.02818713
0.027026967
0.027126595
0.024596393
0.020256364
0.017456782
0.011197124
0.0096536613
0.0076813662
0.0072289127
0.0053180314
0.0055098949
0.0059020137
0.0027359595
0.003081755
0.0016822927
0.0033436121
0.0033480362
0.0011964077
0.0020625965
0.0025514592
0.0016476335
0.0019392718
0.0010299224
0.0017585913
0.0018872265
0.0028473478
0.0029353062
0.0041945345
0.0036580391
0.0031686584
0.0020486315
0.0028531305
0.0024555559
0.0017463458
0.0025311076
0.0028022044
0.0025126566
0.0022925093
0.0022168971
0.0040493748
0.0055878376
0.009336409
0.010082089
0.0065642727
0.0042968063
0.0049952792
0.0067185502
0.005683507
0.0069898934
0.0090115759
0.011618137
0.012715401
0.013334567
0.012455773
0.011443439
0.0088219723
0.0064228158
0.0046292623
0.0025955898
0.0019895268
0.0021504875
0.0026490746
0.0032732917
0.0040025896
0.0037977055
0.0041452725
0.0048620906
0.0064569577
0.0087671522
0.0093184001
0.010053439
0.010537211
0.014024317
0.015243579
0.016434784
0.018911823
0.018098534
0.018495682
0.023569909
0.025338606
0.026364039
0.02608661
0.021238384
0.019021006
0.015263259
0.010227186
0.010584343
0.014062674
0.024129112
0.027574002
0.028117584
0.028955019
0.026127505
0.026642512
0.027068314
0.024073557
0.022731935
0.020641148
0.021032814
0.018586257
0.01574619
0.01419938
0.012520362
0.01023166
0.0073366686
0.0015001235
-0.0016112699
-0.0050747537
-0.014839623
-0.022249811
-0.028114971
-0.031863618
-0.029003451
-0.028371363
-0.028569219
-0.028544421
-0.026707256
-0.029246272
-0.030756105
-0.031141759
-0.030094437
-0.031195759
-0.028794891
-0.029351425
-0.030919617
-0.031937387
-0.032782976
-0.035313065
-0.033522173
-0.033269657
-0.033881659
-0.025793334
-0.02422951
-0.021601808
-0.01287363
-0.0077309725
-0.0017344145
0.002643971
0.0054680523
0.010143289
0.013624447
0.017004055
0.019051863
0.023383773
0.024636948
0.023115337
0.021013316
0.019165084
0.013983549
0.0095499552
0.0096582012
0.0080147114
0.0058732119
0.0062208429
0.0055575532
0.0049906398
0.0040625355
0.0019052073
0.00064899441
0.0009976558
0.0010198633
0.0014071314
0.0011795407
0.0017957995
0.0016015302
0.00073480407
0.0009212649
0.00087486577
0.0023018284
0.0030745629
0.0028773059
0.0035876226
0.0029788173
0.0030465319
0.00283186
0.0028161252
0.0029318357
0.0036145986
0.0035262694
0.0039146989
0.004093751
0.0046079965
0.0064071517
0.0091978801
0.013031973
0.01344984
0.0087362181
0.008605253
0.010164327
0.010325877
0.0091557983
0.010605432
0.012155488
0.012260213
0.014196335
0.015007223
0.015548998
0.012987335
0.011946573
0.010506042
0.0081050161
0.0076146457
0.0045420878
0.0047934297
0.0043383964
0.0051252642
0.0039875708
0.0053484888
0.0063990651
0.0067049054
0.0075742365
0.0097094529
0.01180445
0.014284604
0.013887331
0.013535845
0.017144299
0.018541031
0.020662608
0.020781944
0.020953189
0.023007032
0.028327769
0.032956429
0.030829231
0.0303002
0.025945457
0.021407371
0.015958652
0.012786752
0.011198431
0.015326216
0.028593368
0.035183208
0.034665231
0.034914338
0.033017841
0.033167271
0.030472844
0.028825345
0.027972185
0.029556459
0.028469054
0.024049611
0.02171937
0.021581084
0.019245299
0.015173339
0.010776231
0.0045561814
-0.00030369574
-0.0032930636
-0.010958322
-0.019547788
-0.02768021
-0.028949043
-0.029580224
-0.028031108
-0.025712238
-0.032191486
-0.033989368
-0.036953919
-0.038775093
-0.042057396
-0.03845623
-0.039792245
-0.041441342
-0.046882585
-0.049788218
-0.047310635
-0.042162458
-0.043171648
-0.044886583
-0.049287869
-0.044214927
-0.033216268
-0.028584377
-0.024107646
-0.027781501
-0.022156207
-0.016377562
-0.0075012258
-0.0056800901
-0.0016037034
0.0047073758
0.0077959743
0.0095086778
0.011070861
0.013368402
0.011877867
0.012340675
0.0099828947
0.0074608389
0.0046596429
0.0040356507
0.0052050924
0.0059139038
0.0047112855
0.0044679203
0.0021977519
0.0011163407
-3.4904295e-05
0.00032801699
-0.00028396203
-0.00059618766
-0.00052537849
0.00050649067
0.0011270404
-6.1857321e-05
0.00031717457
0.00054119536
4.4954529e-05
0.00064118311
0.0018969711
0.0025622863
0.0035578005
0.0047897885
0.0043004235
0.0046082042
0.0041587473
0.0050740782
0.0041800436
0.0050743495
0.0055451525
0.0064576962
0.0082669012
0.010680969
0.013311647
0.018013345
0.013534041
0.010794312
0.011056799
0.01073725
0.012057646
0.012859147
0.013311637
0.013850315
0.016679581
0.016960996
0.018802679
0.015901233
0.013457228
0.014262757
0.012418458
0.0094290097
0.010055382
0.0081799629
0.0047762943
0.0026933515
0.0050033693
0.0058268308
0.0082648171
0.0092174979
0.010201042
0.010491053
0.012873266
0.013852023
0.01522337
0.017347236
0.016381368
0.020373397
0.022424302
0.021741229
0.022185301
0.02153039
0.025433709
0.029642325
0.030110483
0.029057751
0.028670326
0.027980929
0.022277297
0.021302773
0.018401091
0.0096436203
0.012483028
0.026427347
0.03262981
0.032285814
0.033832482
0.034604967
0.033769418
0.033709572
0.032839545
0.035698111
0.033825927
0.030159362
0.028864791
0.027598814
0.025332526
0.021129817
0.014406958
0.0080593695
-0.00074629662
-0.0093574292
-0.013869533
-0.018431537
-0.026556824
-0.029943121
-0.030461257
-0.028908866
-0.031005968
-0.025860642
-0.031146144
-0.032539833
-0.041735961
-0.042434751
-0.053625733
-0.04851669
-0.047876056
-0.05709482
-0.055664972
-0.05934161
-0.056667039
-0.057588333
-0.063918044
-0.058849958
-0.053312371
-0.051948065
-0.047203083
-0.039212105
-0.037674033
-0.035656183
-0.02612069
-0.020938559
-0.013477356
-0.0090196273
-0.0024305922
-0.0013398363
0.0014364559
0.0020338864
0.0047160484
0.0055505376
0.0046002569
0.0017229096
0.002730677
0.002392758
0.0030650031
0.0026098074
0.003257714
0.0041569658
0.0057858321
0.0032738644
0.0032073889
0.00046156263
-0.0006513143
-0.00084276659
-0.00061956645
-0.00081822233
-0.0018282562
-0.0013987634
-0.00088329554
-0.00057709882
0.00039144894
0.00068608317
0.0011863724
0.0022596308
0.0035554348
0.0028238784
0.0034182866
0.0022949757
0.0028292579
0.0025880004
0.003745895
0.0056186743
0.0058453175
0.0061358143
0.0091113617
0.0095029918
0.0096017063
0.010786601
0.015994612
0.017917676
0.01242435
0.0084074724
0.010637014
0.013196098
0.012641307
0.013084942
0.014737811
0.01279594
0.012810575
0.015629285
0.016045518
0.014628026
0.012352275
0.011248809
0.0075695866
0.0057907371
0.0036824687
0.0029079254
0.005597077
0.006695079
0.0089629966
0.0097856561
0.010273679
0.011357495
0.013921083
0.013773196
0.015305559
0.016760977
0.017761722
0.018996984
0.018987309
0.025253453
0.023999191
0.026300758
0.025152515
0.023770153
0.026029699
0.027580325
0.025653403
0.0238618
0.026488881
0.025435558
0.025828378
0.021489156
0.021979884
0.014629108
0.013866939
0.025760391
0.032137074
0.032926938
0.032683188
0.03785342
0.038788892
0.039738888
0.038663847
0.037232753
0.032940959
0.028616455
0.027691996
0.025655874
0.020215929
0.013264957
0.0041209832
-0.0027095309
-0.0094169591
-0.017056692
-0.026128936
-0.033884127
-0.038128954
-0.036901345
-0.034566296
-0.033285889
-0.033584904
-0.033108157
-0.034792812
-0.036622501
-0.043444627
-0.050776064
-0.046332044
-0.051242519
-0.053864153
-0.060158069
-0.059491393
-0.064950538
-0.067882503
-0.06941687
-0.070940474
-0.065562521
-0.062233124
-0.060963492
-0.052966718
-0.048844882
-0.043595137
-0.039339512
-0.033715278
-0.025393866
-0.018837135
-0.013244077
-0.011271617
-0.0088265259
-0.0072190251
-0.0045087849
-0.0031463442
-0.0033005257
-0.0014273264
-0.0016459326
-0.0017942266
-0.002847797
-0.0011155392
0.00130458
0.0032702186
0.0041100402
0.0042561894
0.0021695751
0.00096662039
-0.00020677893
-0.0014715934
-0.001639805
-0.0034898035
-0.003210947
-0.0023445285
-0.0022475229
-0.0019199029
-0.00085319804
-0.000392239
-0.0001862434
0.0011934785
0.003515303
0.0044133237
0.0049051847
0.0042217076
0.003932338
0.0040658553
0.0054198814
0.0056284756
0.0060101386
0.0062668174
0.0073341342
0.010028507
0.01079755
0.010250409
0.011199355
0.014105909
0.017283025
0.01074741
0.0079939723
0.008052185
0.0093375705
0.01149034
0.0097180664
0.011801949
0.0097570756
0.010129039
0.01033731
0.0079880263
0.0074317883
0.0030141702
0.0027056162
0.0034852236
0.0061169764
0.00798042
0.011793247
0.013594333
0.013725397
0.013031151
0.015083746
0.016350965
0.017926836
0.016984598
0.018156087
0.018993609
0.020140541
0.021221736
0.023040452
0.023420232
0.031719791
0.030628208
0.031480844
0.02713436
0.02275996
0.023641966
0.02320426
0.022364616
0.021512446
0.023513891
0.024910776
0.0243776
0.022087887
0.017764976
0.013784841
0.016638763
0.023709402
0.028908834
0.033917077
0.035307215
0.041960146
0.0458511
0.046088103
0.041875628
0.037916029
0.031301289
0.027015171
0.022826936
0.015987465
0.0090386917
0.0041376234
-0.0037504433
-0.010465859
-0.021966098
-0.030988905
-0.039936975
-0.047496787
-0.050738615
-0.044602634
-0.034938079
-0.037441105
-0.041913002
-0.040597762
-0.043039987
-0.040396061
-0.047906416
-0.051505126
-0.050113572
-0.056904075
-0.059960166
-0.062234594
-0.065460177
-0.071132397
-0.070575979
-0.071307082
-0.069549903
-0.068427274
-0.066278129
-0.0646323
-0.059195108
-0.052440226
-0.046431351
-0.042185697
-0.036733569
-0.030659883
-0.022806512
-0.021290299
-0.018813249
-0.016611069
-0.016993572
-0.015604623
-0.015679303
-0.011690162
-0.011072828
-0.009365164
-0.0098271528
-0.0079841718
-0.0055615994
-0.0023363775
0.0032184426
0.0027765246
-0.00035519335
-0.0022957805
-0.0021680763
-0.0035024599
-0.0037106228
-0.0045771788
-0.0048620904
-0.0054594413
-0.006280856
-0.0053766465
-0.0063048754
-0.0068598006
-0.0049019076
-0.0027819323
-0.0014311989
-0.0014260372
0.0010322377
0.0023834439
0.0048997236
0.0052011484
0.0049384921
0.0047531965
0.0063255483
0.0066527156
0.0087042401
0.010498413
0.012250291
0.012896436
0.012614759
0.013289028
0.013981643
0.01451784
0.012028787
0.0080176574
0.0068239711
0.0049535538
0.0069034361
0.0095550919
0.0070045927
0.0067005498
0.0063599708
0.0054218485
0.0031124599
-0.0013632689
9.5614113e-05
0.003364932
0.0045575146
0.0074222299
0.0095254872
0.010094222
0.013984292
0.014468942
0.016225679
0.018837245
0.021901018
0.024627575
0.024598076
0.024849785
0.028036777
0.029702039
0.031404709
0.032222999
0.03101183
0.028168846
0.026574744
0.026286185
0.021021212
0.016616751
0.018609211
0.018143163
0.022241524
0.019641943
0.023900706
0.023520136
0.023243311
0.021779433
0.013157012
0.0088492414
0.012378226
0.019426177
0.025311411
0.027991425
0.032639312
0.0398208
0.044934657
0.044599629
0.042927016
0.034762413
0.02832941
0.017073844
0.012907338
0.0046131764
0.00063351614
-0.0098520617
-0.019404439
-0.024979483
-0.030029068
-0.039127456
-0.05347842
-0.064506382
-0.063527606
-0.05090418
-0.050225256
-0.050214541
-0.051960621
-0.049598956
-0.053433672
-0.053194767
-0.052969373
-0.05151745
-0.055251002
-0.05923042
-0.062828431
-0.060086705
-0.061936992
-0.062882451
-0.062639166
-0.060847614
-0.058018894
-0.056730854
-0.055241155
-0.052506016
-0.05413791
-0.049445411
-0.045181519
-0.041121878
-0.03886713
-0.033525506
-0.027984864
-0.026308619
-0.024549063
-0.02406271
-0.022527585
-0.020565666
-0.022358827
-0.019663537
-0.017690285
-0.01795959
-0.016806943
-0.011908881
-0.011003459
-0.0064208913
-0.0037044197
-0.0036356671
-0.0053310404
-0.0069437866
-0.0045827772
-0.0080313999
-0.0083417538
-0.0078584952
-0.010463116
-0.0063197769
-0.007505684
-0.0079495418
-0.0072049969
-0.0070447584
-0.0055135951
-0.0069277066
-0.0037215575
-0.0012337565
-0.0013845739
0.00090628123
0.0041269793
0.0044722741
0.0067803728
0.0051851196
0.0046016309
0.0039475219
0.0065352936
0.0082278043
0.011123826
0.011870798
0.015308016
0.012238868
0.010469858
0.0062509969
0.0048146223
0.014427493
0.0076747716
0.0084611498
0.0096353269
0.0078026312
0.0082378315
0.0070515695
0.0068524509
0.0053205748
0.0030516912
0.0021397859
0.0027791302
0.0032912836
0.0067323345
0.0076614558
0.010841834
0.010022419
0.010476716
0.015210724
0.017931145
0.02050594
0.022144821
0.024297609
0.027394937
0.028172394
0.030075228
0.027936946
0.026668182
0.030350933
0.030678413
0.020185199
0.020440896
0.019082967
0.015752589
0.014290528
0.0184961
0.01901421
0.020171564
0.018479224
0.021179706
0.020458913
0.021047945
0.019338768
0.015425774
0.012761918
0.012034112
0.017312515
0.020472697
0.02415099
0.0255668
0.029584124
0.030598268
0.034163059
0.035722439
0.032577244
0.023867408
0.013836961
0.005185162
-0.0059923553
-0.014572971
-0.024475819
-0.032872344
-0.030217065
-0.039931006
-0.052280081
-0.064537083
-0.076986283
-0.078804143
-0.067481074
-0.065013739
-0.067868397
-0.071663751
-0.065232918
-0.060709483
-0.058653433
-0.056340751
-0.05211952
-0.050605895
-0.047448565
-0.045381382
-0.050938022
-0.054077301
-0.054104331
-0.050806884
-0.048776952
-0.045325785
-0.043549264
-0.040489062
-0.038348404
-0.037478257
-0.034416331
-0.030324088
-0.027309551
-0.026438775
-0.023883097
-0.018760175
-0.019312384
-0.01865293
-0.017361333
-0.018695604
-0.018643996
-0.021629207
-0.020361002
-0.016771909
-0.019063394
-0.016989835
-0.014538234
-0.011899724
-0.013131617
-0.0093855632
-0.009266543
-0.0086251434
-0.013277666
-0.011314294
-0.0084082722
-0.008651733
-0.011056419
-0.013213807
-0.012750447
-0.01210497
-0.0080916791
-0.0063280337
-0.0069407133
-0.0078543206
-0.0070420666
-0.0062512507
-0.0047245514
-0.0058401641
-0.0024599615
0.00084007133
0.0011176577
0.0027338141
0.0070794258
0.0080512225
0.0062210633
0.0071261533
0.0085029134
0.0091868507
0.011558714
0.018244216
0.01388543
0.009641508
0.0023075747
0.0034758272
0.0081007348
0.0071602159
0.0067428908
0.0059342135
0.0066773858
0.0048266443
0.0039145524
0.0026627489
0.0064245623
0.0053790963
0.0042397545
0.0037416193
0.0049114164
0.005735788
0.0070253199
0.010048056
0.010045852
0.01104673
0.014519774
0.017126619
0.017858561
0.018896971
0.021185217
0.02227657
0.022290271
0.019945159
0.018978111
0.018638838
0.019512822
0.021485857
0.014935318
0.014508707
0.015239756
0.016313058
0.017874623
0.016509808
0.019714566
0.023387888
0.019222079
0.016541851
0.01496895
0.017656188
0.017855615
0.015534003
0.010703193
0.0078735846
0.016563793
0.014913807
0.017899541
0.015883811
0.016750213
0.017244653
0.019530594
0.020280325
0.018019606
0.013215274
0.0042731735
-0.0058683633
-0.020201976
-0.034371131
-0.042909218
-0.039370924
-0.045102059
-0.055824652
-0.070584396
-0.07960847
-0.086609781
-0.086268462
-0.079917062
-0.066416526
-0.067571416
-0.066229033
-0.058933455
-0.057711642
-0.061827965
-0.060444101
-0.05063806
-0.039664533
-0.032931929
-0.033354068
-0.035427966
-0.042090481
-0.035512197
-0.033854326
-0.028585042
-0.025171435
-0.022952982
-0.020884983
-0.019005727
-0.017037514
-0.012480733
-0.0120526
-0.0095021421
-0.007161085
-0.0077749214
-0.0056203262
-0.0077766156
-0.0089609248
-0.011162037
-0.014688147
-0.015563269
-0.014405674
-0.016288455
-0.018858174
-0.019758465
-0.017981133
-0.017455129
-0.018173984
-0.015673073
-0.013797644
-0.012831518
-0.011945664
-0.012226007
-0.012807834
-0.013324686
-0.01432664
-0.015336162
-0.015524102
-0.015515815
-0.015029696
-0.013827242
-0.0098840185
-0.0089745982
-0.0088099288
-0.010270268
-0.010897466
-0.0088213132
-0.0065391435
-0.00099061407
0.0038773843
0.0080898449
0.012229116
0.019730056
0.024426085
0.021420031
0.021820577
0.019911863
0.018073699
0.012738642
0.014129245
0.0090143525
0.0014026691
0.0039019366
0.006334348
0.0079361432
0.0048407623
0.0059602571
0.0041344706
0.0033798097
0.0014894456
-0.00025859779
0.0010935611
0.0018007973
0.0012307384
0.0013450256
0.00203388
0.0026401963
0.0040104297
0.0048611742
0.0064849236
0.007767078
0.008000597
0.0080549464
0.011209254
0.012726334
0.014341866
0.015293626
0.016237576
0.014126409
0.013124211
0.012763174
0.014132355
0.013674344
0.013278849
0.013993686
0.014465852
0.016500915
0.016596295
0.016949819
0.016074871
0.017639146
0.018974481
0.020626532
0.018614151
0.016607478
0.014597436
0.014001326
0.013612406
0.0067486166
-0.00018366393
0.0087308995
0.0081598208
0.0048718576
0.0056011939
0.0069009715
0.0074662592
0.0083478961
0.0049281417
0.0030367594
-0.0012245617
-0.0093357192
-0.01962936
-0.030349488
-0.05024905
-0.049378278
-0.042554284
-0.05148214
-0.059233978
-0.071980365
-0.0772758
-0.078467331
-0.075980441
-0.071044488
-0.050635696
-0.041577583
-0.045708203
-0.043495037
-0.046639022
-0.05410389
-0.051125749
-0.04045488
-0.028700592
-0.016210726
-0.013546493
-0.017956601
-0.01747142
-0.013261433
-0.011156914
-0.0079247209
-0.0058193125
-0.001840869
0.0015839035
0.0022972605
0.0022046675
0.0043854896
0.0018935296
0.0023614798
0.0011644437
0.0017812077
0.0029310591
0.00097733024
-0.0016907695
-0.0041735335
-0.0084730496
-0.012176284
-0.012654649
-0.014286681
-0.01670344
-0.02054313
-0.018343777
-0.016603227
-0.01634403
-0.015645949
-0.013528637
-0.016292514
-0.016663402
-0.01630983
-0.015109166
-0.015568802
-0.016043918
-0.015696187
-0.015081534
-0.016496337
-0.014959411
-0.012982164
-0.012443852
-0.010836148
-0.010324918
-0.012004627
-0.011448328
-0.0095321481
-0.0088666468
-0.0031318219
0.0058532217
0.011789734
0.018900365
0.024135866
0.025338826
0.027228154
0.029095173
0.026889233
0.02571844
0.0217284
0.019505356
0.010061785
0.0075358367
0.007801653
0.009543055
0.0092548176
0.0082173415
0.0060080279
0.0043053273
0.0019129037
-0.0012838409
-0.0025644971
-0.0028791739
-0.0038328581
-0.0022993733
-0.0016509673
-0.00089108648
0.00033984035
0.00086968224
0.0024660275
0.0041309502
0.0056131019
0.006596388
0.0066095432
0.0063620628
0.0083937602
0.010517847
0.010457981
0.01103024
0.0095392286
0.0092229527
0.0098258383
0.010871392
0.014671501
0.012979387
0.012873022
0.015120455
0.015686775
0.013808514
0.015102527
0.012925422
0.013815469
0.014913991
0.015695272
0.014202661
0.012165817
0.010289077
0.0092899595
0.0065881931
0.0044462734
0.0031947007
0.0070096911
0.0087777498
0.0066251436
0.0019624908
0.00099494915
0.00026877197
-4.6208986e-05
-0.0039444171
-0.006361689
-0.010020719
-0.016087728
-0.024976223
-0.034245205
-0.044401325
-0.038175024
-0.043338039
-0.052654827
-0.055628852
-0.06225412
-0.060851886
-0.056573993
-0.05089447
-0.048525875
-0.032053939
-0.025585244
-0.03403616
-0.034812389
-0.032146265
-0.031952585
-0.02888034
-0.023479457
-0.015440044
-0.0032014013
-0.0025661245
-0.0047008505
0.0029212096
0.0057474263
0.0071518901
0.0077102605
0.010796911
0.012867923
0.013028554
0.010512705
0.011845226
0.011843664
0.011270191
0.011958306
0.0094733925
0.0088765986
0.0096062513
0.0057391817
0.0030589618
-0.00087935671
-0.0036292778
-0.0069865186
-0.0089871662
-0.013379771
-0.015440722
-0.016745822
-0.017074026
-0.017567679
-0.016623683
-0.01425931
-0.013694262
-0.012036767
-0.014654399
-0.015449
-0.017205912
-0.019474592
-0.019109932
-0.017286038
-0.016938803
-0.015755169
-0.015363822
-0.013753574
-0.010278527
-0.006144731
-0.0068032307
-0.0084326486
-0.0082901223
-0.0043588669
-0.002765508
-0.00013069626
0.0042314454
0.011651011
0.018753815
0.022992226
0.02565732
0.024688848
0.027308435
0.020772851
0.017484326
0.010183989
0.0095588914
0.010671056
0.0098336853
0.0096537867
0.0088104283
0.0056237564
0.003479456
0.0027813183
-0.00099828231
-0.0016599287
-0.0015269744
-0.0042250725
-0.0041419271
-0.0037756344
-0.0043017827
-0.0042743784
-0.0049941715
-0.0035734617
-0.0029917147
-0.0010340931
5.1322391e-05
0.00067146786
0.0019297305
0.0043016758
0.0048081992
0.0048385282
0.0054360229
0.0063723208
0.0068934999
0.0063042658
0.0056964221
0.0057228197
0.0091872291
0.011713094
0.012732477
0.011345298
0.010624476
0.0091498371
0.010542392
0.0094813004
0.0087529141
0.010800604
0.010036647
0.0094466538
0.0097030472
0.0086176826
0.00952047
0.0067800127
0.0059441762
0.0047523972
0.0043381927
0.0040808719
0.0060718621
0.0080237555
0.0061962229
0.0022967756
-0.001883637
-0.0041367784
-0.0073250808
-0.008921499
-0.012749178
-0.017276309
-0.02224102
-0.026712911
-0.026628334
-0.020880636
-0.025490317
-0.034071517
-0.042234794
-0.041867474
-0.039654041
-0.032474065
-0.023308745
-0.020224696
-0.013296969
-0.014269889
-0.021311304
-0.019911387
-0.015663074
-0.015665089
-0.014490167
-0.011628364
-0.0057522731
0.00083599426
0.0046756106
0.0064944677
0.009234401
0.013049495
0.015038384
0.014702977
0.014083448
0.013679344
0.01508887
0.01388009
0.013675456
0.012712248
0.01143193
0.011110554
0.01023287
0.010613563
0.010266578
0.0091362465
0.0078346734
0.0043979168
0.0010875215
-0.0041212661
-0.0049918474
-0.0064648496
-0.0092890693
-0.010770236
-0.011272676
-0.011357933
-0.011544817
-0.011365259
-0.012339154
-0.010515917
-0.0093142466
-0.010205443
-0.012703945
-0.013329442
-0.014270602
-0.014912523
-0.01592723
-0.015346703
-0.013791336
-0.012631647
-0.0099763677
-0.0059424581
-0.00449354
-0.0041316318
-0.0034847447
-0.0017665381
0.00025745692
0.0029113796
0.0063338323
0.010291762
0.01593693
0.017123687
0.016494329
0.01276717
0.013181293
0.010847119
0.0088587145
0.0038391041
0.0053958245
0.010224646
0.0084573357
0.010570012
0.010018474
0.0081830004
0.0054568506
0.00022234344
-0.0014504652
-0.0024817039
-0.0036229188
-0.0038663693
-0.0044623837
-0.0039928392
-0.0029743458
-0.003626661
-0.0049082293
-0.0048590154
-0.0052882178
-0.004239433
-0.0029632262
-0.0035220927
-0.0026508261
-0.00071972726
0.00093687849
0.0015930694
0.0020983733
0.0015857098
0.0021667972
0.0022598588
0.0032953197
0.0055821864
0.0038308157
0.0069118375
0.0087404227
0.0060355932
0.007271646
0.009073347
0.0080684745
0.0079845212
0.0081372099
0.0091389281
0.011854671
0.00912333
0.0085977733
0.0082380253
0.0068803251
0.0080394334
0.0064711332
0.006100285
0.0042627766
0.0039999197
0.0098273377
0.0084056572
0.0095885622
0.0076839686
0.0039928557
-0.00059199434
-0.0041949967
-0.0057213869
-0.0091901253
-0.013219575
-0.015842695
-0.015211683
-0.0092681387
-0.0051181825
-0.0097441069
-0.012979095
-0.014654752
-0.019304017
-0.016868119
-0.014320166
-0.0087362998
-0.0047402532
-0.0019160874
-0.0043266053
-0.0066962807
-0.0063886877
-0.0057164158
-0.003876044
-0.0066806207
-0.0083648126
-0.0079150568
-0.00090679402
0.0035686769
0.0066743921
0.0081838207
0.0089348232
0.012632055
0.012917046
0.012835932
0.011987154
0.010595528
0.012250751
0.011144141
0.0080894666
0.0065635044
0.0068298958
0.0072605703
0.0087542728
0.0093012009
0.0097999574
0.0081771071
0.0061028022
0.0032395952
0.0015687581
-0.00039774156
-0.0020861349
-0.0034175823
-0.0052870943
-0.0079849651
-0.0076874118
-0.0068327659
-0.008195378
-0.0080144239
-0.0082038554
-0.0073009831
-0.0075023878
-0.0080355274
-0.0078709943
-0.009554233
-0.010243934
-0.011074754
-0.012266222
-0.011030352
-0.0096705983
-0.0079957366
-0.0060874533
-0.0039081825
-0.001369338
-0.00095746877
-0.0010850731
-0.00014227614
0.0025886149
0.0029104497
0.0040884057
0.0056173503
0.0045906546
0.0045271421
0.0067544182
0.0077588708
0.0081432383
0.0041810659
0.0033441537
0.004546989
0.0079419826
0.0072000145
0.0068893243
0.0077137626
0.005730424
0.0043926976
0.0049508486
0.0035588818
0.0017027217
0.00067061249
0.00023673276
-0.00047240887
-0.0011931852
-0.0013305086
-0.0021330566
-0.0029376931
-0.0040865714
-0.0041467174
-0.0040225792
-0.0036166016
-0.0031842513
-0.0041651676
-0.0049204063
-0.0036068671
-0.0029364795
-0.0017134179
-0.0023693137
-0.0033595101
-0.0041633437
-0.001056647
0.0012376557
0.00073610245
0.0023209119
0.0048254477
