0.0038792008
0.00358319
0.0044351768
0.0042666534
0.0048519669
0.0036553397
0.0026202312
0.0026089912
0.0035108935
0.0036992676
0.0049710496
0.0051068973
0.0029262608
0.001290227
0.00015100444
2.7785989e-05
0.00044501395
0.0027676339
0.003135473
0.0010896002
0.0038430781
0.0059405835
0.0055964099
0.0057456968
0.0049054647
0.004867007
0.0052508557
0.0045693357
0.0047098434
0.0049183626
0.0045443981
0.0054557702
0.0053959823
0.0048897641
0.0049655516
0.0042593161
0.0046715442
0.0041880777
0.0028938805
0.0028520517
0.0023710682
0.0016706017
0.0019878577
0.0021022981
0.0015358645
0.00088369566
0.0011144639
-0.0010659492
-0.0015155728
-0.0029627607
-0.0032012595
-0.0030949795
-0.0042136171
-0.0036552638
-0.0036275952
-0.0030403998
-0.0036044622
-0.0024959937
-0.0026196346
-0.0053083647
-0.0081344337
-0.0069781252
-0.004380369
-0.0037188203
-0.0047096462
-0.004842225
-0.0061225097
-0.0078876393
-0.0083092097
-0.010036678
-0.0095741583
-0.011298013
-0.012486892
-0.010802443
-0.010756661
-0.011683407
-0.013214447
-0.012837514
-0.011227049
-0.01057177
-0.011310366
-0.0088597455
-0.0071833073
-0.0061170508
-0.0066784809
-0.0078504678
-0.0084425167
-0.0093929456
-0.0077577396
-0.006744311
-0.0056082783
-0.0042918813
-0.0052588271
-0.004276693
-0.0046145767
-0.0039094149
-0.004356114
-0.0044791028
-0.0058168778
-0.0050445649
-0.0036476239
-0.0037220651
-0.0032905583
-0.0041347261
-0.0044717692
-0.0037004839
-0.0037371825
-0.0045787044
-0.0054618264
-0.0060581599
-0.0061577004
-0.0067922343
-0.0075845946
-0.0073069891
-0.0071409917
-0.0095744605
-0.0092230439
-0.0065876433
-0.0059645036
-0.0023941582
-0.0010615407
0.0010921167
0.0022048646
0.0048664224
0.0060806474
0.0056193141
0.007501844
0.008289017
0.0093046501
0.0082674801
0.0073413321
0.0056655808
0.0055217395
0.0050971978
0.0038665527
0.0036364274
0.0027252816
0.0010420305
0.0013513639
0.001767055
0.0020060126
0.0017630249
0.0021465565
0.0028497768
0.0040220276
0.0043739995
0.004591174
0.0047180796
0.0041183581
0.00350729
0.0022264324
0.0024045939
0.0026707772
0.0028909022
0.003823077
0.0036703592
0.0023248127
0.0013007779
-0.00057664566
-0.001016149
-3.2890827e-05
0.0012195876
0.0018929453
0.0012542772
0.0035269172
0.0047338463
0.0052331214
0.004282127
0.0039015849
0.0037864784
0.0029727864
0.0038952361
0.003815611
0.0036589782
0.003338851
0.0039297999
0.0030560089
0.0022080351
0.0012452282
0.0020747003
0.00087599795
-0.00092610102
-0.0037550615
-0.0041384498
-0.0034509299
-0.0032676483
-0.0032521816
-0.0027387166
-0.0022599192
-0.0014590175
-0.00096557341
-0.0026906952
-0.0032889875
-0.0036848367
-0.0039318897
-0.0042451461
-0.0042282762
-0.0042074049
-0.0040849181
-0.0047467767
-0.0040588304
-0.0033036062
-0.0027876944
-0.0047289066
-0.0050190548
-0.0030169382
0.00026039173
0.0015646154
0.001534911
0.00064474103
-0.00063692652
-0.001394842
-0.0028966385
-0.0044570266
-0.00438862
-0.0052574609
-0.0034054829
-0.0051196021
-0.0075213668
-0.0085707477
-0.008663865
-0.0083485909
-0.0092771028
-0.0095513887
-0.0079424737
-0.0070272458
-0.0056201001
-0.0070711757
-0.0081048898
-0.0089110117
-0.008770907
-0.0065619702
-0.0071119614
-0.0058721257
-0.0036589951
-0.0022134757
-0.0026855854
-0.0021210931
-0.0034442786
-0.0029637266
-0.0037905494
-0.0033712774
-0.0035462407
-0.0027205217
-0.0027591753
-0.0026100777
-0.0032692976
-0.0035847452
-0.0035052283
-0.0039176832
-0.0050498715
-0.0052703247
-0.0062135573
-0.0064442319
-0.0069235853
-0.0072648468
-0.0077475939
-0.0071809272
-0.0085415909
-0.010382105
-0.010484606
-0.0082066062
-0.0052771318
-0.0012957436
0.0013318644
0.002549836
0.00439263
0.0046505145
0.0056093893
0.0059193637
0.0074076947
0.0060308032
0.0069434359
0.006805479
0.0055751663
0.004567763
0.0051665914
0.0042736359
0.0043708588
0.0037247727
0.002028007
0.0011529863
0.0014781721
0.0010724248
0.00096383449
0.0020132412
0.0025277665
0.0032776711
0.0046954412
0.0047152826
0.0053003281
0.0051781574
0.004428998
0.0043718974
0.0026729423
0.0029461923
0.0033538529
0.0038386881
0.0033122794
0.0019163854
0.0015878067
0.00083248737
0.0012944519
0.0012109939
0.0011485291
0.0016151251
0.0031552792
0.0047103332
0.0045027362
0.004952577
0.0045265218
0.0046216202
0.0053070979
0.0057118731
0.0049723171
0.0036320155
0.0038755041
0.0043385388
0.0034151229
0.0029059976
0.0022148815
0.0011032506
-0.00031035565
-0.0028434815
-0.0058516607
-0.008463095
-0.0099696629
-0.010843781
-0.0094369576
-0.0070974517
-0.0072078721
-0.0065897735
-0.0061725917
-0.0043764018
-0.0040341029
-0.0034283709
-0.0046562342
-0.005677562
-0.005592842
-0.0048261348
-0.0045685721
-0.0039845432
-0.0047320347
-0.0055313788
-0.0056393358
-0.0051832766
-0.0056158674
-0.0039604532
-0.0017095963
0.0011233577
0.0042293458
0.0069337646
0.0069690598
0.0054841518
0.0051380917
0.0048150899
0.0058422191
0.0057517376
0.0042499202
0.002986051
0.0017116478
0.00074761819
-0.0012631532
-0.00065808866
-0.0016059977
-0.0029292505
-0.0051571991
-0.0077814197
-0.0071401342
-0.0061057934
-0.0051442013
-0.0069688846
-0.0092099431
-0.0089101469
-0.0077643993
-0.006459444
-0.0048266293
-0.0030198256
-0.0018589116
0.00015147896
-0.00010965588
-0.00060073888
-0.0020126793
-0.0022331929
-0.0012070929
-0.0013785742
-0.00095558127
-0.0015038337
-0.0017733422
-0.0019423691
-0.0022018446
-0.0021468439
-0.0034025756
-0.0042740158
-0.0039002483
-0.0041627893
-0.0047229891
-0.0047596288
-0.0054001021
-0.0047775867
-0.0054688927
-0.0062512277
-0.0070295899
-0.010639928
-0.0065997506
-0.0025433306
0.0008409484
0.0013696823
0.0015697486
0.0045451722
0.0057676259
0.0040980207
0.0067781758
0.0063410406
0.0047283766
0.0043161416
0.0038115223
0.0065635694
0.0054838528
0.0027574552
0.0027653829
0.0027519705
0.0024404815
0.0020058569
0.0014332657
0.00073580477
0.0017173443
0.0020024616
0.0025685929
0.0027533131
0.0035690672
0.003143625
0.0062786997
0.0067816457
0.0073558929
0.0073382844
0.006872638
0.0062869866
0.0065399422
0.0067170539
0.0060807956
0.0058585737
0.0059591628
0.0055590585
0.0041926587
0.0032762605
0.0031058131
0.0037408687
0.0054694429
0.0064081509
0.0084992526
0.008290541
0.00747241
0.0073489963
0.0076202077
0.0072159464
0.0066738153
0.0067083834
0.0074570676
0.0070607505
0.0078710311
0.0076120507
0.0061455049
0.0044367344
0.0030721746
-0.00023069054
-0.0043348372
-0.0085056132
-0.013828101
-0.014939378
-0.018533738
-0.018802475
-0.018086265
-0.013093013
-0.011073159
-0.010374655
-0.0096471892
-0.0079545192
-0.0066102582
-0.0059391361
-0.0067829468
-0.0070302609
-0.006206207
-0.0069389939
-0.0069325786
-0.0069047459
-0.0066244685
-0.0077311548
-0.0085077314
-0.0087696978
-0.0058405461
-0.0020931958
0.0015431655
0.0045839535
0.010195112
0.013099509
0.012946995
0.010944092
0.012103369
0.014069503
0.014062492
0.01349063
0.0098848393
0.010612862
0.00987078
0.0061911773
0.0053801809
0.0061674736
0.0071881348
0.0017093233
-0.0026131363
-0.0042481342
-0.0031414681
-0.0036120245
-0.0031090686
-0.0056302084
-0.0061371631
-0.0044646782
-0.0027147274
-0.0011580668
-0.00082891312
-0.00072605561
0.00036791746
0.0016753147
0.0015244215
0.00098950632
0.00084121184
0.0013217806
0.0015845364
0.0010590937
0.00050155428
-0.00026386393
-0.00092495664
-0.00093677562
-0.0010446551
-0.0014423708
-0.0010292368
-0.0016340768
-0.0013597539
-0.00194731
-0.0016425956
-0.0018601718
-0.0015669808
-0.0026985778
-0.0022838192
-0.0025069771
-0.0023307782
5.8947017e-05
0.0019934839
0.0020630328
0.0018680084
0.0038545447
0.0020392776
0.0035698288
0.0053611136
0.0071753723
0.0072224429
0.0090189694
0.0080565282
0.0054039434
0.0037862417
0.0045864369
0.0026816952
0.0014700381
0.0015081814
0.0024425778
0.0023605163
0.0014940228
0.0015424758
0.0016855536
0.0021724187
0.0034187088
0.0037528242
0.0042539513
0.0048645805
0.0055221189
0.00945391
0.0096462282
0.010003024
0.010863962
0.011198693
0.011033365
0.011917898
0.011248213
0.011948447
0.011898581
0.0098636944
0.0090875059
0.0073982297
0.0053322906
0.0046478357
0.0079812492
0.011956752
0.013641503
0.014236775
0.013999636
0.013600769
0.012961182
0.013661888
0.011411308
0.0095158357
0.010215412
0.010417443
0.010251557
0.010468943
0.0098575697
0.0093421891
0.0065097799
0.0045018475
-3.888299e-05
-0.0049777954
-0.011009945
-0.017126906
-0.019281403
-0.022386559
-0.025274155
-0.021555309
-0.01859838
-0.01670236
-0.0144416
-0.014669901
-0.013299738
-0.012468839
-0.012465073
-0.012444589
-0.011245114
-0.0098956735
-0.0089074823
-0.0090682891
-0.010362672
-0.012194562
-0.012456687
-0.014055978
-0.011970493
-0.0091750608
-0.0047513949
-0.00012377043
0.0030398754
0.0079632218
0.009219274
0.012050513
0.01284996
0.013933596
0.015648681
0.016551349
0.01481575
0.013442488
0.017586388
0.016159397
0.015043438
0.01331137
0.011079373
0.0081931358
0.003120973
0.0028828567
0.0013077412
0.002162015
0.0023522114
0.0030355463
0.0016609476
-0.0008234144
-0.00025139334
-0.0011805687
0.00090391886
0.0011001212
0.00048633194
0.00083894309
0.00071839852
0.00067958622
0.0010544896
0.00065406067
0.0016612762
0.0013175344
0.0017488231
0.0010545489
0.0010620391
0.00070471837
0.00045518004
-0.00062386997
9.687322e-06
-0.00019115617
-0.00053786658
0.00037249007
0.00056896944
0.00055660308
0.00051980911
0.0002215693
0.0012703606
0.0031756552
0.0054023816
0.0060497957
0.0036127092
0.0032623745
0.0058245854
0.0080501935
0.0074835547
0.0071055744
0.0070804706
0.008342992
0.0085571604
0.0096786184
0.0098567019
0.007669252
0.0049330705
0.0041301406
0.0038719218
0.0023437294
0.0015917155
0.0015990879
0.0019522122
0.0020822791
0.0023551469
0.002185477
0.0025492545
0.0033190985
0.0050455507
0.0064853104
0.0070954419
0.0077932686
0.0084852484
0.011683964
0.012255288
0.013158337
0.01503851
0.015149586
0.016730449
0.019768375
0.019477817
0.019340918
0.017158463
0.014739386
0.013315718
0.01021969
0.0076623278
0.0088052804
0.012617135
0.018759016
0.0209149
0.022050248
0.021902019
0.019112901
0.01937597
0.018620657
0.015316304
0.012962687
0.011220196
0.013532647
0.013756808
0.013820064
0.01429622
0.012842761
0.013370972
0.010958077
0.0063413378
0.003375732
-0.00032081251
-0.0084066183
-0.016211669
-0.020475042
-0.022435797
-0.019420904
-0.018739592
-0.02012435
-0.020444694
-0.01947311
-0.021596182
-0.020257357
-0.02086286
-0.019404987
-0.019060898
-0.017440305
-0.017281291
-0.018754474
-0.019669052
-0.020365994
-0.023227481
-0.021685926
-0.020400248
-0.020104092
-0.014791284
-0.015850815
-0.014485148
-0.0068956493
-0.0024139669
0.00060187475
0.0027536279
0.0050304339
0.0072990156
0.0072690636
0.0079597981
0.0089380658
0.012181557
0.011641447
0.010326968
0.011397194
0.010083704
0.0050769659
0.0023304759
0.0028814549
0.0025486969
0.0022611528
0.0034127824
0.001756376
0.0014116731
0.00062383909
-0.00072776972
-0.0010897862
3.5106085e-05
0.00023809716
-3.1186712e-05
-0.00044642259
0.00014862314
0.00032591658
0.00021498916
0.00062764572
0.0012608945
0.0018589181
0.0015906707
0.00083847526
0.00087112949
0.00013121408
0.00052885646
6.8981008e-05
0.0009144839
0.0010915389
0.0019033191
0.0021096872
0.0029530973
0.0031913399
0.0039599062
0.0053156029
0.0082859085
0.010432297
0.0096868169
0.0071467513
0.0075666735
0.011204615
0.010914582
0.010978437
0.010984911
0.011141181
0.01036796
0.010733667
0.011477355
0.010486896
0.0099461407
0.008054531
0.006510148
0.0050673972
0.0050232831
0.0040497615
0.0029738006
0.0016908613
0.0013176053
0.0010806613
0.0021423623
0.0034444284
0.0043421415
0.0061624003
0.0077319822
0.0093608826
0.010634712
0.010414142
0.010782425
0.013209355
0.014341376
0.015667163
0.016448055
0.017777514
0.020130887
0.024461191
0.02611749
0.02166189
0.01948665
0.016965996
0.012756347
0.009201476
0.0091992446
0.009030183
0.014109285
0.022531975
0.027100661
0.026958787
0.026643564
0.023927715
0.022906515
0.020611291
0.018203746
0.018618552
0.021553538
0.020929762
0.019532204
0.021141061
0.023756361
0.023042745
0.020173858
0.017656887
0.012845908
0.0084181454
0.0056181301
-0.00099991549
-0.0090447848
-0.015594538
-0.017459753
-0.021554909
-0.022794809
-0.020893314
-0.027965288
-0.029115659
-0.031343583
-0.033646017
-0.035501846
-0.030686768
-0.03334238
-0.033134801
-0.037325954
-0.039091661
-0.03694362
-0.033562972
-0.037183035
-0.037764385
-0.042334364
-0.034908483
-0.025813669
-0.022655961
-0.023056033
-0.024738049
-0.021474716
-0.019841725
-0.012232318
-0.012103716
-0.0087087799
-0.0063933573
-0.0044892487
-0.0042812921
-0.0027395983
0.0011664517
0.0014449705
0.0031522088
0.001720652
-0.0010034428
-0.0022304717
-0.0016432877
0.00050520363
0.0014758708
0.00082149016
0.00097637085
-0.00062677466
-0.0015095379
-0.001611068
-0.0014298663
-0.0014949146
-0.0014499717
-0.00096135121
-0.00071093726
-0.0004714538
-0.00094568803
0.00014372339
9.4799688e-05
0.00016060755
0.00025060939
0.0010431457
0.0013784855
0.0022730475
0.0024050462
0.0022091108
0.002737515
0.0028654529
0.0034554918
0.0040765926
0.0044993933
0.0054298981
0.0059162024
0.007446377
0.0090745761
0.012438069
0.014208572
0.0096800844
0.0092211348
0.0097619707
0.011562677
0.011787928
0.013347618
0.013106421
0.011926564
0.013564076
0.01167183
0.01279985
0.010149052
0.0094896447
0.0085789459
0.0070474182
0.0042830865
0.0047666784
0.0026081384
-0.0013560945
-0.0014569896
0.0011743283
0.0014638057
0.003819013
0.005079329
0.0064074168
0.007158509
0.0094008627
0.010539509
0.011838627
0.012722957
0.012158622
0.015628881
0.016975676
0.016754917
0.017098106
0.017836044
0.02214417
0.024154045
0.022542075
0.021183086
0.019867747
0.017860099
0.012547875
0.012315605
0.010144753
0.0044127272
0.010477591
0.02121149
0.026088453
0.025757468
0.026745001
0.026605851
0.025232997
0.023013975
0.021945755
0.026448737
0.026948947
0.023802896
0.024376919
0.026806978
0.028111487
0.025606165
0.020904553
0.015368902
0.0087671987
0.0019759398
-0.00050832071
-0.0054057322
-0.012047741
-0.013386113
-0.016200687
-0.022117344
-0.025099295
-0.021542202
-0.02867788
-0.033276979
-0.041800318
-0.041886156
-0.053904221
-0.044716693
-0.048426347
-0.053220165
-0.049305752
-0.053993654
-0.052422275
-0.054728436
-0.061894051
-0.054219062
-0.050565154
-0.049262807
-0.04814379
-0.040216928
-0.039198534
-0.037996295
-0.029955068
-0.027606681
-0.021412105
-0.017260876
-0.012689197
-0.013539198
-0.012092987
-0.010344379
-0.0078337049
-0.0070887125
-0.0056639846
-0.0064979053
-0.0055308237
-0.0044564545
-0.0032375488
-0.0024861936
-0.0006275374
0.00018653496
0.0010263212
-0.0013196964
-0.00084215974
-0.002364536
-0.0028837038
-0.0026770095
-0.0015601956
-0.0016210539
-0.0027174741
-0.0026265925
-0.0020439895
-0.00205595
-0.00093293704
-0.00077966405
-0.00011961311
0.00020942986
0.0011684134
0.0015813097
0.0029488958
0.0023349268
0.0032420908
0.0028303767
0.0040520745
0.0051539308
0.0054377404
0.0060889221
0.0086943716
0.0085619114
0.0095839285
0.010090856
0.015008314
0.014860859
0.0099323558
0.0083297503
0.010014579
0.013146897
0.012742081
0.013344915
0.013209691
0.010697252
0.0090693758
0.0084084256
0.0092201564
0.0074721789
0.0067631546
0.0037538125
0.001035971
0.0005120542
-0.00099552508
-0.0020329088
0.00057076263
0.0017852527
0.004180335
0.0052462687
0.0054417923
0.0065881715
0.0091026003
0.0093880439
0.011174286
0.012219538
0.013077113
0.013871045
0.014397302
0.019118421
0.018502108
0.021104798
0.020714006
0.021008693
0.021906713
0.021627605
0.017374228
0.015695152
0.016719127
0.015796536
0.016059919
0.012147345
0.011906804
0.0051107269
0.0078415118
0.020566534
0.025397298
0.026054801
0.025524136
0.030180868
0.030494047
0.028259944
0.025802833
0.026116965
0.024213856
0.020946782
0.023368398
0.024669284
0.022511172
0.018758209
0.011670168
0.0062851696
0.00069847361
-0.0050498418
-0.013614806
-0.01910662
-0.022887946
-0.022371
-0.025084038
-0.027572881
-0.026155418
-0.028678749
-0.031759334
-0.037078391
-0.047115938
-0.052341546
-0.048824052
-0.053168101
-0.055478532
-0.059014924
-0.056720132
-0.065356198
-0.067549872
-0.069265459
-0.071891293
-0.066164291
-0.063603764
-0.061972565
-0.055943661
-0.052752197
-0.046847249
-0.041914502
-0.03671472
-0.029675625
-0.02429236
-0.02012354
-0.019045283
-0.01827677
-0.015948166
-0.014128454
-0.012328185
-0.010760228
-0.0080727481
-0.0069485777
-0.006670658
-0.0066356275
-0.0032988461
-0.00098046974
0.00085939743
0.00071186061
0.00025125829
-0.0013324857
-0.0015874061
-0.0022032568
-0.0021517142
-0.0020112895
-0.0031493146
-0.0027408651
-0.0019304863
-0.0020163203
-0.0018978847
-0.0014027744
-0.0011791251
-0.00074351333
0.00043034188
0.0015131951
0.0029989579
0.0034774615
0.0033861737
0.0038659765
0.0038322907
0.0044705184
0.0052840261
0.0058638394
0.0065938652
0.0080130613
0.0100358
0.010652043
0.010301726
0.011592135
0.014249441
0.014406623
0.0071375696
0.0073225547
0.0081936556
0.0095563527
0.010855869
0.010329547
0.0094941593
0.0053072093
0.0051359492
0.0041823945
0.0040309088
0.0023400784
-0.0022371179
-0.00053096943
0.00038849859
0.0015182132
0.003297049
0.005791732
0.0067215635
0.0075998063
0.0074790398
0.0099693629
0.010855983
0.012459686
0.011074578
0.013294445
0.013104875
0.014159841
0.015042232
0.017055216
0.018822999
0.022568148
0.022276882
0.023352836
0.019067354
0.017069565
0.01552151
0.014094825
0.01235486
0.010775678
0.011958255
0.014372878
0.012685011
0.0081207037
0.0032725552
0.0014381527
0.0090332793
0.016026228
0.020501735
0.02550172
0.026188341
0.030790022
0.034371746
0.032429874
0.026910967
0.022385405
0.018261907
0.015737929
0.0143174
0.011634655
0.0067800131
0.0054878204
-0.00024093155
-0.0062822396
-0.015633681
-0.022664874
-0.031167492
-0.035994559
-0.038969626
-0.033734369
-0.032716524
-0.036741816
-0.042357785
-0.042666591
-0.04443465
-0.045936083
-0.054265735
-0.059381818
-0.059412114
-0.063587057
-0.064889643
-0.063498333
-0.065652982
-0.074350426
-0.073943675
-0.074377099
-0.070454865
-0.070540557
-0.066043664
-0.063789628
-0.05954493
-0.053742623
-0.045484636
-0.04033771
-0.035277907
-0.029872446
-0.024260964
-0.022880296
-0.020858142
-0.020994343
-0.020391234
-0.020282165
-0.018907498
-0.015517165
-0.013936736
-0.011718449
-0.01148949
-0.0070560656
-0.0048660488
-0.002095336
0.0027168293
0.0017276475
-0.0018949586
-0.0026746768
-0.0023047469
-0.0031506487
-0.0028202841
-0.0036715594
-0.0033656742
-0.0031247674
-0.0032317693
-0.0021457939
-0.003792143
-0.0038725299
-0.0025704986
-0.0018486675
0.0003167964
-0.00015414021
0.0018419581
0.0035577028
0.0055288908
0.0051886726
0.0060018736
0.0064456845
0.0083150526
0.0090472412
0.010244114
0.011394391
0.013764777
0.013628324
0.014342246
0.015127234
0.017338641
0.014352201
0.0086702003
0.0066588937
0.0057794566
0.0054794648
0.0077220615
0.0076349535
0.0055533928
0.0024976799
0.00055286708
0.001213668
-0.00036524344
-0.0029246229
-0.0020389099
0.00166841
0.003326766
0.0067999987
0.0079712388
0.0078316265
0.0095377482
0.0099840532
0.011136409
0.013198684
0.014558458
0.015539756
0.014922676
0.015597461
0.017994757
0.019427749
0.020511613
0.021006371
0.0206194
0.016178864
0.015911492
0.013629217
0.0083085767
0.0085306938
0.0089263102
0.0067093996
0.0094625972
0.0084724172
0.010704581
0.0094141771
0.0093169181
0.0053141756
-0.003352837
-0.0040781301
0.0022700798
0.0084469054
0.01334498
0.01708841
0.022791532
0.028874076
0.032303456
0.031490879
0.027793468
0.018820969
0.011673675
0.0031011764
0.001608182
-0.0055669433
-0.010548012
-0.018597306
-0.025015064
-0.030232739
-0.033374939
-0.03921683
-0.052846801
-0.061412503
-0.057879471
-0.045992514
-0.050144127
-0.054853708
-0.058589891
-0.057789256
-0.060954147
-0.062471312
-0.062067789
-0.061290866
-0.067693324
-0.068285443
-0.069755778
-0.068247265
-0.068783377
-0.070320654
-0.069471824
-0.066445224
-0.062210543
-0.059510186
-0.055214608
-0.051409121
-0.052480657
-0.047556946
-0.040797261
-0.036202938
-0.035955592
-0.032206008
-0.025767856
-0.025275149
-0.025270315
-0.024921289
-0.024630904
-0.022369819
-0.02299703
-0.020813787
-0.018368049
-0.01654419
-0.012683333
-0.0079809639
-0.0065979374
-0.0020776498
0.0008586041
0.001195868
-0.00072716863
-0.0029207722
0.00034361149
-0.0024503871
-0.0030639292
-0.0030113412
-0.0056105546
-0.0015589656
-0.0014093133
-0.0013896031
-0.0013576196
-0.0017606987
-0.0009865759
-0.00085464434
0.0012030791
0.0026680551
0.0029284439
0.0035552722
0.0065307877
0.0070677689
0.0082256869
0.0080495513
0.009491715
0.0089551542
0.011367556
0.011489501
0.015813156
0.014558636
0.01732946
0.013283995
0.010213306
0.0034013715
0.0052812187
0.0167469
0.0066555182
0.0085856851
0.008820402
0.0071089713
0.0052064239
0.003492404
0.0032336661
0.0021883891
-0.00031303289
0.00014098549
0.0029056378
0.0048561729
0.0078505
0.010290271
0.01221772
0.0094242899
0.010711103
0.014433238
0.014628771
0.016308324
0.01704962
0.017134579
0.018194376
0.017846912
0.019746558
0.01723038
0.016550477
0.018693497
0.018308798
0.0093041132
0.009637891
0.0088297374
0.0063746677
0.0042500855
0.0054579056
0.0069811065
0.0093333447
0.0071725878
0.0099415593
0.0072715268
0.0077046645
0.004695687
0.0015443374
0.0017630935
-9.1239952e-05
0.0042358299
0.0079175984
0.01233612
0.01540902
0.021126431
0.022145125
0.025365917
0.024729924
0.019482268
0.0090831612
-0.0022354602
-0.01236292
-0.024779813
-0.033678859
-0.042822518
-0.045896405
-0.041868089
-0.051442908
-0.058024925
-0.070233314
-0.081092618
-0.082350416
-0.070214115
-0.072145453
-0.081192617
-0.086228621
-0.077942449
-0.073444819
-0.070203775
-0.067482053
-0.062814069
-0.060565251
-0.054064314
-0.051968988
-0.061174186
-0.064600162
-0.061446514
-0.057555216
-0.05260441
-0.047174693
-0.044217799
-0.038777831
-0.035897616
-0.03464651
-0.030836596
-0.02592039
-0.024479434
-0.024199792
-0.023144285
-0.019310836
-0.020420965
-0.019907071
-0.019384483
-0.019276374
-0.019486262
-0.022513223
-0.018095594
-0.013609275
-0.015211217
-0.010895653
-0.0063808504
-0.0050479741
-0.0055633335
-0.00083797511
-0.00091133124
-0.0020428084
-0.0060917044
-0.003549356
-0.0019234002
-0.0036129411
-0.0045499185
-0.0082563562
-0.0080496733
-0.0054375247
-0.0029872441
-0.0012630271
-0.0015562124
-0.0028681763
-0.0019941319
-0.000355711
0.0012837698
0.00089830701
0.0028882578
0.0053716185
0.0070712372
0.0091820033
0.01149918
0.011064417
0.010390346
0.0124386
0.014108821
0.01490877
0.018756226
0.024390234
0.017396329
0.0098681117
0.001466779
0.0083421859
0.013391056
0.0093828916
0.0078124636
0.0056461486
0.0062676779
0.0047995269
0.0039692457
0.0017188903
0.0037408574
0.0030218885
0.0035547408
0.0039041459
0.0065732669
0.0070127922
0.0087361907
0.013002773
0.011473714
0.013735612
0.015168283
0.017002845
0.015715011
0.016291936
0.017064857
0.017073988
0.015633578
0.013594623
0.012808415
0.013131711
0.011988651
0.012398439
0.0066486925
0.0064106401
0.0052814871
0.0059308433
0.0065446246
0.0047759309
0.0082210764
0.0095461088
0.0067207304
0.0080809164
0.00723491
0.0078431159
0.0082915296
0.0067530556
0.0013971715
-0.0022896749
0.0018611275
0.00041368881
0.0022720686
0.0033294252
0.0067145492
0.0084002771
0.011119688
0.010277162
0.0072024532
0.0010860068
-0.0095408342
-0.023841785
-0.041214712
-0.057800378
-0.064469196
-0.05861483
-0.062566572
-0.072406357
-0.084096807
-0.091799814
-0.097185225
-0.094410013
-0.085883841
-0.073860374
-0.081384483
-0.078846678
-0.069915517
-0.071663019
-0.075229524
-0.073204439
-0.059617599
-0.044828398
-0.037116666
-0.037706025
-0.045979367
-0.04987753
-0.0388283
-0.034499905
-0.028341413
-0.023421209
-0.019287548
-0.017148216
-0.014254843
-0.01193752
-0.009074643
-0.0084136188
-0.0062347262
-0.005858268
-0.0069816997
-0.0056309186
-0.0090478824
-0.010165092
-0.011547697
-0.014399977
-0.014707742
-0.012000539
-0.011042468
-0.012530184
-0.012796301
-0.010934642
-0.010147084
-0.010761188
-0.0081200822
-0.0070334117
-0.0058678967
-0.0058062955
-0.0069987428
-0.0078032044
-0.0099463126
-0.010232896
-0.011243122
-0.011898489
-0.0092737673
-0.0098603651
-0.0092027248
-0.0042349124
-0.002890995
-0.0020244973
-0.0025636253
-0.0010921529
0.0037779068
0.0069998725
0.011896309
0.016096135
0.021194104
0.024760155
0.029595433
0.033830579
0.030280154
0.030903839
0.028607987
0.024712267
0.018035119
0.017293318
0.0073039136
0.00096024518
0.0087309021
0.013303067
0.013612455
0.0066223084
0.0073655777
0.0039260989
0.002096983
0.0010569433
-0.00017208199
0.0017273281
0.0022274913
0.00046165336
0.00059615403
0.0021817292
0.0029856463
0.0043654255
0.0058242112
0.0077285718
0.0095601029
0.008884096
0.0084319236
0.01132769
0.012214223
0.012988311
0.013527678
0.011987593
0.0090761434
0.0085889554
0.011128186
0.01174399
0.0084326712
0.006778815
0.0078881428
0.006124177
0.0079882574
0.0081937373
0.007538152
0.0061962796
0.0066579692
0.0062189413
0.009001408
0.0089930795
0.01044541
0.0089908922
0.0083141453
0.0064674062
-0.0015701945
-0.0098350695
-0.005523255
-0.0071545288
-0.0091762635
-0.0069742166
-0.0043272121
-0.0024858021
-0.0012079477
-0.0054099363
-0.007597101
-0.013399813
-0.022691282
-0.03561291
-0.050954815
-0.075425113
-0.06921703
-0.064248762
-0.076177654
-0.079964017
-0.088039247
-0.089478099
-0.087943739
-0.081086628
-0.071024972
-0.047978425
-0.042435147
-0.050466447
-0.051365459
-0.057275955
-0.06665836
-0.061607494
-0.048851341
-0.031039011
-0.012678649
-0.014500772
-0.025072533
-0.021412245
-0.013651066
-0.0085427933
-0.0042498865
-0.0013039273
0.0023545458
0.0073078709
0.0068625893
0.0073868717
0.0085274744
0.0057873433
0.0061025001
0.004097025
0.0035037699
0.0022789883
-8.1489867e-05
-0.0022403191
-0.0031494204
-0.0076325837
-0.0090858782
-0.0083275472
-0.0083893216
-0.0097744882
-0.011735159
-0.0095215636
-0.007815094
-0.0071499872
-0.0062819097
-0.0059153811
-0.0085245609
-0.009995109
-0.010311802
-0.0092476476
-0.0098743558
-0.010914676
-0.0096499327
-0.010907673
-0.010954074
-0.0087510722
-0.0067267921
-0.0055588107
-0.0034954623
-0.0024849238
-0.0035262582
0.00049455353
0.0060502194
0.007812028
0.015244478
0.024033699
0.029751714
0.035689883
0.037420611
0.036484979
0.038383023
0.039813312
0.034261785
0.032960113
0.026825724
0.018026107
0.0071636276
0.011701092
0.013850548
0.01548382
0.012432549
0.0089491713
0.0050920141
0.0029552513
0.00023045489
-0.0012088753
-0.0022430241
-0.0011046478
-0.0012346408
0.00026423204
-0.00025936506
-5.7477074e-05
0.00095043532
0.0026561695
0.0028813257
0.0043333111
0.0064447524
0.0072303218
0.0072744922
0.0071824403
0.0074848127
0.0085788522
0.0076160557
0.0070076854
0.0055156484
0.0053742021
0.0074991528
0.0082230833
0.0092120732
0.0057159978
0.0065596336
0.0078811919
0.00739984
0.0064047945
0.0083401908
0.0062728879
0.0062541031
0.0062886407
0.0069790069
0.0062285046
0.0051319534
0.0053320321
0.0045022619
0.00069280368
-0.0035435625
-0.0072474552
-0.0049463111
-0.0034155623
-0.0080242192
-0.011940967
-0.012559497
-0.01208827
-0.011361031
-0.01508128
-0.018008869
-0.022864035
-0.030240085
-0.041522209
-0.054609368
-0.068123461
-0.061393832
-0.068737273
-0.077507133
-0.076945188
-0.079374096
-0.071599545
-0.061564225
-0.050511167
-0.042357536
-0.022304032
-0.023164315
-0.037556228
-0.039025425
-0.039477977
-0.036583913
-0.031083341
-0.023702538
-0.011486955
0.0033349692
-0.0012375016
-0.0040623536
0.0058274498
0.010989048
0.012502981
0.01299614
0.018779331
0.020000559
0.0191179
0.015356842
0.016690741
0.015087598
0.013464527
0.013744463
0.010705617
0.0088982955
0.0085470342
0.0037926808
0.0023337171
-0.0011353783
-0.0033477412
-0.0052417422
-0.0050101357
-0.0087353685
-0.0090886065
-0.010335013
-0.0098445471
-0.0089940187
-0.0074793863
-0.0061270697
-0.006019999
-0.0050802665
-0.0080348015
-0.007971203
-0.0088776358
-0.00927203
-0.0082677595
-0.006986687
-0.0075237271
-0.0059981751
-0.0055402564
-0.0022925053
0.0016416306
0.003895833
0.003461972
0.0024577301
0.0041753409
0.010616112
0.013812335
0.017905103
0.023970532
0.031561061
0.036486813
0.038554922
0.038292194
0.036705217
0.037526232
0.026584682
0.020787313
0.010980776
0.0088321156
0.011213993
0.013400632
0.013228573
0.010978478
0.0065512889
0.0037522275
0.0026555811
-0.0013433442
-0.00083057934
-0.0010325995
-0.0031669904
-0.0017415907
-0.0018164572
-0.0033064405
-0.0035697935
-0.0044145373
-0.0026180875
-0.00154128
0.00066891145
0.0014089187
0.00244054
0.0042508902
0.0064977009
0.0061249027
0.0049329357
0.0047323886
0.0049654776
0.0042621379
0.0022439166
0.00011436387
0.0022155333
0.0053811484
0.0067885501
0.006006465
0.0034985779
0.0023444263
0.0006199541
0.0024661713
0.0025468879
0.0025446029
0.0049036014
0.0035421892
0.0039198405
0.004010066
0.0030752623
0.0047803013
0.002139727
0.00057837339
-0.0023358137
-0.0028492698
-0.0046875677
-0.0041005633
-0.0045863701
-0.0071277992
-0.011832425
-0.014960871
-0.016345865
-0.018788218
-0.021039611
-0.026050026
-0.031371818
-0.037561255
-0.044640154
-0.045616458
-0.0419371
-0.048547626
-0.056109628
-0.059949131
-0.054093633
-0.04432888
-0.031185152
-0.016913341
-0.010910907
-0.0054759847
-0.012682833
-0.023822951
-0.021685201
-0.019468647
-0.016853386
-0.012405812
-0.0047586371
0.0028760661
0.010460299
0.010554025
0.012112723
0.01717647
0.020714865
0.023325625
0.021216546
0.020606355
0.020204962
0.020642145
0.0169691
0.016165578
0.015068408
0.012597304
0.012766731
0.0097105661
0.0089878883
0.0077276317
0.0049008575
0.0036541403
0.0007063913
-0.0012429089
-0.00542679
-0.0036762186
-0.0040904118
-0.0054948994
-0.0065430737
-0.0076344013
-0.0065071438
-0.0066292764
-0.0057446825
-0.0067542187
-0.005204277
-0.0041747526
-0.0050588316
-0.0058063908
-0.0045414893
-0.0043927639
-0.0049110775
-0.0061036642
-0.0056494633
-0.0027520993
-0.00099887788
0.0023211925
0.0064325247
0.0074165561
0.008819919
0.011593739
0.013944412
0.016876428
0.019442455
0.022946993
0.027453169
0.031781934
0.030399037
0.02551576
0.017584517
0.016020645
0.013618447
0.01109126
0.0031234752
0.0057592139
0.013200032
0.0099943931
0.012441977
0.010685876
0.0075441868
0.0035994523
-0.0016451372
-0.003179444
-0.0034211241
-0.0048470863
-0.0056038553
-0.005140684
-0.0034527595
-0.0025107736
-0.0033330252
-0.0046955729
-0.0041387231
-0.004086053
-0.0026708732
-0.0014405265
-0.001063671
-0.00020008788
0.0010623269
0.0018649553
0.0013900212
0.00092834121
0.00057357705
0.0017349261
-0.00073154916
-0.00065372591
0.0013952451
2.9931585e-06
0.002644633
0.0020353259
0.00028079468
0.00080443185
0.00098160942
-0.00037175717
0.00043334656
0.001544724
0.0027459207
0.0049541509
0.003216182
0.0028199738
0.0028382809
0.0016196938
0.0034290778
0.0017155509
0.0011215268
-0.0019978917
-0.0027487934
-9.0194884e-05
-0.0032231856
-0.0026298508
-0.006432092
-0.010605591
-0.01410343
-0.016982613
-0.018318364
-0.023228467
-0.0280681
-0.031071438
-0.030575593
-0.024997031
-0.023534118
-0.028695418
-0.026091984
-0.027582318
-0.028627386
-0.018172836
-0.011330839
-0.0017495584
0.0006973577
0.00026088158
-0.0050691422
-0.008132934
-0.0084496204
-0.0071187919
-0.004439621
-0.0045156117
-0.0029212681
0.00043266424
0.010492092
0.013762566
0.0158045
0.017191664
0.017106154
0.020049054
0.018933137
0.018882908
0.017108599
0.015278685
0.015552912
0.012430547
0.0074529508
0.0059991272
0.0071452594
0.0060299464
0.0066955617
0.0063561211
0.0065688087
0.0037001459
0.0013323035
-0.00035306585
-2.7652473e-05
-0.00038177642
-0.0010815835
-0.0014332512
-0.0036112266
-0.0050509791
-0.0048486408
-0.0039332377
-0.0046557951
-0.0050390848
-0.0047945842
-0.0040614771
-0.0042580969
-0.0034191414
-0.0023976129
-0.0029145275
-0.0033441615
-0.004016909
-0.0051111859
-0.0031289584
-0.0014167987
0.00077023712
0.0035557044
0.0064131134
0.0086582312
0.010300948
0.011491316
0.013635631
0.016252326
0.01591092
0.017195327
0.016820052
0.0094934841
0.0086813023
0.0096233068
0.009594113
0.011970508
0.0079559356
0.0049679468
0.0058354119
0.009629365
0.0092024358
0.0093572738
0.0091407783
0.0061788058
0.0038655941
0.0029998259
0.0014604171
0.00019414081
-0.00024441256
-0.0010442373
-0.001098656
-0.0015895195
-0.001769719
-0.0016968304
-0.0024952508
-0.004170323
-0.0037421467
-0.003013512
-0.0029304292
-0.002480909
-0.0031558024
-0.0034932504
-0.0030160876
-0.0027037797
-0.0019049751
-0.0020942194
-0.0019116147
-0.0033381155
-0.0011587913
-1.2708024e-05
-0.0018313113
0.00057768129
0.00047752339
