0.0037532008
0.0032676769
0.0040272666
0.0034750698
0.003847383
0.0021839827
0.0015890865
0.00282225
0.0033472866
0.0030484121
0.003310798
0.0040619123
0.0027526375
0.0021165408
0.0020852284
0.0023370376
0.0029400265
0.0051403741
0.0057021324
0.0043277991
0.0060808414
0.0075960387
0.006170417
0.0066122841
0.0066291248
0.0066735393
0.0062900666
0.0047755714
0.0049201719
0.0061552029
0.0055211289
0.0060954603
0.0057931477
0.0054174015
0.0049008941
0.0039702968
0.0047790414
0.0047232231
0.0035327224
0.003644834
0.0034728494
0.0017726965
0.00093506914
0.00099017544
-5.3686049e-05
-0.0013327782
-0.0025125742
-0.0051820456
-0.0068526099
-0.0090768035
-0.0091838095
-0.0091476614
-0.0097955611
-0.0086919631
-0.0076984179
-0.0066602485
-0.0069627039
-0.0059506172
-0.0056608001
-0.0080370484
-0.010666504
-0.0089097387
-0.006137285
-0.005575133
-0.0080755546
-0.0095954427
-0.011361515
-0.012821327
-0.011866619
-0.012729815
-0.011635167
-0.013928568
-0.015264294
-0.013261774
-0.012877399
-0.013126145
-0.01366591
-0.012390873
-0.0093038171
-0.0077358057
-0.0072656426
-0.0051856523
-0.0043102473
-0.0052652891
-0.0053121654
-0.0060601805
-0.0073130756
-0.0079626567
-0.0067852825
-0.0044456561
-0.0034787783
-0.002470298
-0.0040404572
-0.003169685
-0.0035770704
-0.0031927485
-0.0035290959
-0.0033601286
-0.0049101066
-0.0048361257
-0.0035993111
-0.0032578066
-0.0030823114
-0.004071541
-0.0040305005
-0.0032299892
-0.002857646
-0.003778216
-0.0045896986
-0.0051926938
-0.0053903159
-0.0062933612
-0.0070382516
-0.0062470772
-0.0056406363
-0.0076242368
-0.0064705784
-0.0048445771
-0.0044761873
-0.00073545032
-9.213386e-05
0.00092144977
0.0018312589
0.004439488
0.0056519347
0.0039465813
0.0051938149
0.0052942801
0.0064375559
0.0066370013
0.0067252141
0.0056132162
0.0048731198
0.0048834083
0.0037761789
0.0032173122
0.0022550258
0.00062580039
0.0015848243
0.0014022914
0.0017542933
0.0017270799
0.0022923993
0.0028538902
0.0039228147
0.0043743138
0.0045726888
0.0046079376
0.0036524824
0.0028395929
0.0013613861
0.0014326179
0.0010510199
0.0010894907
0.0024166718
0.0036430362
0.0029034011
0.0018123664
0.00056297139
0.0010317375
0.0023893467
0.0033806322
0.003957178
0.0035435511
0.0045640677
0.0057280392
0.0057367911
0.0049461094
0.0055260303
0.0055707796
0.0039906366
0.0044652285
0.00382039
0.0039827445
0.0038147318
0.0040030221
0.0037307839
0.0031839573
0.001136405
0.0013584598
-0.00023324781
-0.0017449752
-0.0043120413
-0.005060224
-0.0051223592
-0.0049210354
-0.0051612708
-0.005230527
-0.0053789717
-0.0049342572
-0.0048784375
-0.0071454003
-0.0088007403
-0.0094032156
-0.0092627226
-0.0096313291
-0.0085605752
-0.0081628414
-0.0063903267
-0.0070975571
-0.0062520872
-0.0057235471
-0.0045401105
-0.0061119429
-0.0056921804
-0.0039206185
-0.0013762212
-0.00093386865
-0.0014392401
-0.0035563567
-0.004502694
-0.0046391895
-0.0050120788
-0.0057462421
-0.0053314058
-0.0054190678
-0.0026191234
-0.0033823244
-0.0053727672
-0.0053794198
-0.004851658
-0.0044465356
-0.0050844681
-0.0053713217
-0.0039179747
-0.0032431576
-0.0032155174
-0.0054578264
-0.0074633662
-0.0091032391
-0.0080567795
-0.0058563323
-0.005794415
-0.0037021545
-0.0013930082
-0.00036550046
-0.0019428931
-0.001827136
-0.0031200081
-0.0020278659
-0.0028410629
-0.0024734415
-0.0028212916
-0.0016654479
-0.0018915103
-0.0017133148
-0.0025616265
-0.0028284578
-0.0031516392
-0.002862118
-0.0038306059
-0.0038556529
-0.0046806017
-0.0050216161
-0.0057073052
-0.006133791
-0.0063223305
-0.005229955
-0.0056526884
-0.0072943488
-0.0076251444
-0.0058237669
-0.0033651828
0.00018987509
0.0018770732
0.0026963985
0.0037555874
0.0034103803
0.005313113
0.0051482766
0.006077052
0.0050684734
0.0058960245
0.0065001244
0.006334316
0.004703784
0.0054213158
0.0042476372
0.0040261837
0.0031901911
0.001631601
0.0012171032
0.001661724
0.0016430451
0.0016759924
0.0023636244
0.0029327517
0.0032572423
0.0056233295
0.005633575
0.0065017873
0.0063915206
0.0059350617
0.0052970719
0.003097821
0.0025280651
0.0023666803
0.0022581183
0.0025557129
0.0016624571
0.001392524
0.0014500532
0.002102693
0.0027175084
0.0030880933
0.00357268
0.0041177479
0.0060583777
0.0055317354
0.0048611869
0.0041938728
0.0051244925
0.0076405589
0.0079084966
0.0050560454
0.0019812184
0.0013075927
0.0026958067
0.0018530531
0.00084409721
0.00092901294
-0.0003253016
-0.0020809451
-0.0050708666
-0.009090936
-0.012176693
-0.013655877
-0.014829008
-0.012708695
-0.010358897
-0.010380301
-0.01049153
-0.010284893
-0.0092902089
-0.0088651933
-0.0082465271
-0.0099519991
-0.011138411
-0.010515802
-0.0094828971
-0.0083522093
-0.0067626473
-0.0072227656
-0.0072246118
-0.0075834814
-0.0073134744
-0.0066516576
-0.0051927494
-0.0028292981
-0.00078708228
0.0027611037
0.0039751902
0.0046133473
0.0028838615
0.0035694325
0.0044256419
0.0054063864
0.0070501549
0.0062416667
0.0064527598
0.0067875054
0.0075738619
0.0060226877
0.0066814791
0.0049550795
0.0030408444
0.00088757754
-0.0024554563
-0.0033518468
-0.0029432242
-0.0038512144
-0.0060001545
-0.0089453204
-0.0084127494
-0.0068302987
-0.0050371906
-0.0030913527
-0.00064361974
0.00031384892
0.0019887201
0.00096807211
0.00018272281
-0.0012069389
-0.0016108682
-0.00068145353
-0.00082165681
9.9853952e-06
5.8833958e-05
0.00018868689
-0.00038865598
-0.00075388887
-0.00070733688
-0.0019859661
-0.002318173
-0.0019761075
-0.0021723091
-0.0028577979
-0.0028549179
-0.0032026525
-0.0026997259
-0.0027012207
-0.0032090163
-0.0035785238
-0.0074655452
-0.003129805
-0.00041499142
0.002672293
0.0030146217
0.001687286
0.004550256
0.0061042388
0.0054446759
0.0069290759
0.0068521464
0.0053551804
0.0053084988
0.0041896845
0.007429534
0.0069235517
0.0032966174
0.0026604413
0.0019007706
0.0023819285
0.0019037518
0.0015971347
0.0016595405
0.0024518411
0.0030611179
0.0035566066
0.003768738
0.0044027348
0.003969691
0.0078804362
0.0079795159
0.0090395497
0.0094631144
0.0090533444
0.0074655878
0.008299766
0.0078801856
0.0065219619
0.0046839498
0.0057158854
0.0057680694
0.0041512263
0.0043186188
0.004474771
0.0052578098
0.008169479
0.0083532406
0.0099150786
0.0089882937
0.0077673663
0.006812101
0.0071480459
0.0086839145
0.0082925529
0.0078518219
0.0065881242
0.002691233
0.0040794256
0.0051540769
0.0030519749
0.00088137189
-0.0012124136
-0.0044836252
-0.0091073913
-0.014685333
-0.020223098
-0.021887779
-0.023928168
-0.024241051
-0.024161291
-0.017885716
-0.01619244
-0.016586655
-0.015975945
-0.014801237
-0.013327058
-0.012813633
-0.013892007
-0.013638503
-0.011891066
-0.012293274
-0.012267695
-0.012040432
-0.011389419
-0.011670131
-0.012756626
-0.012846185
-0.0087244324
-0.0043918556
0.00027302398
0.0031983529
0.0079072001
0.011477248
0.013092882
0.010999788
0.013321661
0.01653193
0.017542377
0.019384441
0.016463276
0.01819128
0.017773368
0.014581216
0.014537282
0.013671529
0.013505205
0.0087410438
0.0028417353
0.00079565181
0.00037862741
-0.0010188504
-0.0024461782
-0.0038527951
-0.0042465083
-0.0024802956
-0.001517877
0.00062750355
0.00095210458
0.00087907312
0.0012720896
0.0019128898
0.0016798951
0.0012799218
0.00073593102
0.0014941999
0.0021851249
0.0019807972
0.0025264623
0.0022533063
0.0014631936
0.00095469099
0.00076728978
0.0008462717
0.0012085582
0.00041504429
0.00068183053
0.00044325845
0.00032670478
0.00035789791
0.00027350516
-0.00016130482
0.0005942647
0.001175778
0.0010740738
0.002516498
0.004068659
0.0035211289
0.002159311
0.0026449833
0.002069905
0.0043633899
0.0079142737
0.0093601038
0.0089834958
0.010094087
0.0095366722
0.0076349505
0.0049668209
0.0050984463
0.0024653638
0.00042006077
0.0010068925
0.0021254851
0.0025556199
0.0025769394
0.002428898
0.0029749587
0.0036682815
0.0051386593
0.0056193952
0.006110806
0.0066188858
0.007101657
0.010986189
0.011462152
0.012100809
0.013012591
0.013313268
0.011990486
0.014169196
0.013897254
0.013746854
0.01368055
0.011004247
0.0094662203
0.0074522108
0.0062553325
0.0063224382
0.0091171421
0.014436659
0.017049139
0.017377493
0.016268091
0.014485428
0.013846892
0.014710773
0.013964439
0.012491167
0.013066333
0.012269331
0.0078381748
0.00588913
0.0052850599
0.0050460235
0.00015868505
-0.0028741597
-0.0072955409
-0.012059888
-0.01923376
-0.02559224
-0.028106761
-0.030611976
-0.033613724
-0.030702148
-0.026861022
-0.02420986
-0.021803495
-0.02252517
-0.021576286
-0.021307834
-0.021297807
-0.021610845
-0.019856192
-0.017749494
-0.016856926
-0.017379271
-0.019537684
-0.020513758
-0.019725078
-0.021025485
-0.017591736
-0.013650047
-0.0080573978
-0.0026360975
5.2739306e-05
0.005498117
0.0078011823
0.012515533
0.013681485
0.016279909
0.020403051
0.022650469
0.023632764
0.023656243
0.027734917
0.025625158
0.024875681
0.021478094
0.01712344
0.013633765
0.0074225838
0.0065099168
0.0046221428
0.0045280863
0.0033317505
0.0039789868
0.0039076836
0.0012409771
0.0019070759
0.00078051715
0.0028695964
0.0025715624
0.00066507167
0.001614245
0.001968216
0.0011457636
0.0014932793
0.00070087471
0.0015796789
0.0017485433
0.002587314
0.0025400146
0.0036541543
0.0028751989
0.0024892483
0.0013977726
0.0023380537
0.0017846808
0.0012782223
0.0020250154
0.0022837109
0.0019529279
0.0018366218
0.0017865085
0.003693257
0.0053673614
0.0090536123
0.0093706485
0.0057411124
0.0037989925
0.0050475986
0.00674342
0.0058410421
0.0066174104
0.008493584
0.0107599
0.011404049
0.011999521
0.011092415
0.0098448069
0.0068659032
0.0046889999
0.0032598387
0.00170858
0.0014247542
0.0018696484
0.0025056984
0.0032347305
0.0040307956
0.0038468688
0.004194581
0.005008679
0.0067190317
0.0087258984
0.0091508585
0.0098144582
0.010268821
0.013581619
0.014873041
0.015979221
0.018215361
0.017101923
0.018092156
0.022542946
0.023578435
0.024299092
0.022811314
0.017843488
0.015538586
0.011805737
0.0077622173
0.009039081
0.013382533
0.023181448
0.025617787
0.025768591
0.025901335
0.022498208
0.022914471
0.022508251
0.019171352
0.017444011
0.015447006
0.01604297
0.013320914
0.010862612
0.009639956
0.0076958949
0.0056544115
0.0023388071
-0.0037232867
-0.0065156612
-0.01029923
-0.019916826
-0.027125338
-0.0316101
-0.033823819
-0.030109923
-0.029244367
-0.029100859
-0.028902331
-0.027220951
-0.029468312
-0.02988764
-0.029743177
-0.028315975
-0.028876493
-0.026405563
-0.026844291
-0.028195393
-0.028839262
-0.029283628
-0.031159985
-0.028722593
-0.028210176
-0.027923078
-0.020084441
-0.019043118
-0.016076854
-0.0074261585
-0.0027351108
0.0024687234
0.0059439473
0.0084487673
0.012516361
0.015129422
0.017657263
0.01928588
0.022793696
0.022893176
0.020622255
0.01836285
0.016304311
0.010525177
0.0064830914
0.0068105757
0.0053432228
0.0038072696
0.0047500563
0.0038411333
0.0033707848
0.0025689237
0.00038252381
-0.00036901541
0.00039472583
0.00056007935
0.00086225012
0.00053060869
0.0012562674
0.0010276184
0.00048108206
0.00086495336
0.0011141436
0.0025526683
0.0029678079
0.002653207
0.0033205159
0.0026769433
0.00280434
0.0025336661
0.0025920642
0.0028088356
0.0033357352
0.0032564815
0.0038567366
0.0040921388
0.0047142117
0.0065608956
0.0093944215
0.012822269
0.012692566
0.0084741886
0.0085565903
0.010177982
0.010428488
0.009282387
0.010544199
0.011247038
0.011107891
0.012761169
0.013219286
0.013297157
0.010932016
0.01001258
0.0084624741
0.0064531416
0.0061710105
0.0040838093
0.0043039722
0.0037663153
0.0046539201
0.0036027224
0.0050074102
0.0060250737
0.0064514538
0.0075677765
0.0097130384
0.011753418
0.013900492
0.013117831
0.013021247
0.016349442
0.017588481
0.019642541
0.019848011
0.0202673
0.022225362
0.027585894
0.031006276
0.027989053
0.026456645
0.021444987
0.016464107
0.011488841
0.0096199958
0.0092921806
0.015030249
0.027698676
0.03291153
0.031576061
0.031219356
0.028896885
0.028371532
0.02514656
0.023132831
0.022013408
0.023541336
0.021967544
0.017543568
0.015850235
0.016032371
0.013717754
0.0094201291
0.0045937161
-0.001413104
-0.0060462796
-0.0089630692
-0.016853815
-0.025489018
-0.03240438
-0.032591942
-0.033176448
-0.031159566
-0.02909776
-0.035930312
-0.037350466
-0.03944407
-0.041178409
-0.043298898
-0.038963082
-0.040672731
-0.04175454
-0.046794333
-0.048424319
-0.044879142
-0.039707707
-0.041415032
-0.042628543
-0.046437834
-0.039339926
-0.028429717
-0.024081101
-0.02086745
-0.023983316
-0.018214985
-0.013133268
-0.0048482566
-0.0041322396
-0.00036025474
0.0050800519
0.007612087
0.0082941959
0.0098084247
0.012023764
0.010307465
0.010366755
0.0079606752
0.0051447684
0.0026310554
0.0024107532
0.0039829056
0.0047854233
0.0036691797
0.0033497077
0.001052748
0.00011034791
-0.00089860727
-0.00027093749
-0.00066679032
-0.00081760698
-0.00048550027
0.00055311945
0.00097047492
-6.9377987e-05
0.00064615312
0.00079044705
0.00061369725
0.0012413951
0.0024003071
0.0030575984
0.0040676393
0.0050010746
0.0045302018
0.0048395987
0.0043060756
0.005153163
0.0044064504
0.0051504257
0.0058870686
0.0071291168
0.0089240136
0.010983725
0.013717016
0.017431202
0.012694409
0.010639049
0.010741946
0.0109392
0.0119648
0.012600344
0.013004865
0.013255866
0.015536857
0.015133673
0.016614581
0.013357065
0.011412691
0.012286667
0.010092365
0.007543617
0.0085372729
0.006789171
0.0032211188
0.0018243723
0.0046858348
0.0054754081
0.0077630142
0.0084222992
0.0094097956
0.0099901571
0.012618145
0.013516835
0.014870707
0.016553993
0.015518699
0.019487054
0.021383044
0.020450023
0.021177224
0.020517942
0.024436321
0.027899599
0.027640161
0.026106105
0.025342739
0.023554415
0.017284951
0.01648788
0.013719072
0.0061176945
0.011440926
0.025257905
0.030221475
0.029106997
0.030316396
0.030400527
0.02918411
0.028075661
0.027044674
0.029505615
0.027065906
0.022931874
0.021635335
0.020618843
0.01882567
0.013660358
0.006806269
9.2639105e-05
-0.0084941032
-0.016616723
-0.020246599
-0.024957264
-0.032538427
-0.034713242
-0.03438558
-0.033640013
-0.035025257
-0.03041791
-0.036280939
-0.038359658
-0.047353184
-0.047613773
-0.058535466
-0.050675849
-0.052057161
-0.05974128
-0.05699452
-0.059833733
-0.056676988
-0.057485991
-0.062822108
-0.055810963
-0.050615645
-0.0488784
-0.043841764
-0.035448103
-0.034446314
-0.031640339
-0.022413451
-0.018109448
-0.011316942
-0.0070733743
-0.0011431517
-0.00094791745
0.0010051633
0.0017414099
0.0040302122
0.0042770278
0.0034982743
0.0010320571
0.0017800117
0.0016287685
0.0023200496
0.0021266694
0.0029524055
0.0037568232
0.0048376203
0.0021417688
0.0021407031
-0.00057437821
-0.0013135634
-0.0012692382
-0.00096416979
-0.001108603
-0.0018586123
-0.0013714985
-0.00074104477
-0.00046988656
0.00048630389
0.00077193467
0.0012946814
0.0023142996
0.0033863192
0.0029671313
0.0038840773
0.0028925666
0.0033932194
0.0030007592
0.0044596668
0.0063525189
0.0064058468
0.0069799696
0.0098466064
0.0099837124
0.010249239
0.011294542
0.01611027
0.016961833
0.011710581
0.0084880521
0.01097486
0.013362491
0.012523988
0.012941946
0.014228549
0.011656598
0.011438779
0.013391965
0.013755442
0.012124592
0.0099599498
0.0086919894
0.0052677099
0.0041678598
0.002641283
0.0021114736
0.004841874
0.0060290242
0.0082668483
0.0090574281
0.0093438789
0.01063163
0.013120902
0.013019149
0.014799563
0.016180735
0.017099594
0.018008178
0.018086701
0.023512313
0.022283387
0.024836944
0.023500189
0.02237286
0.023944078
0.024848799
0.021841816
0.020498708
0.022621765
0.021211035
0.021025785
0.016527837
0.017112565
0.009856974
0.011440659
0.024097478
0.029361257
0.029165652
0.028855775
0.033687197
0.03364001
0.033598296
0.031407903
0.029484592
0.024489452
0.019959794
0.019101659
0.01664114
0.011240424
0.0043715765
-0.0050764941
-0.011787616
-0.018111599
-0.025520689
-0.034485098
-0.041066498
-0.043991613
-0.041570723
-0.039451991
-0.038101095
-0.038177844
-0.038326608
-0.040311998
-0.042595601
-0.050282414
-0.056037009
-0.05174417
-0.056157159
-0.05868356
-0.064055898
-0.062294245
-0.06785344
-0.069610567
-0.070214033
-0.070414389
-0.064092521
-0.060611018
-0.058250846
-0.049780568
-0.045844069
-0.040042246
-0.035765036
-0.029818351
-0.021834681
-0.016026272
-0.010915537
-0.0093844248
-0.0073668976
-0.0060150707
-0.0035380267
-0.0027288866
-0.0028216397
-0.00099738635
-0.0014305824
-0.0016325826
-0.0024732894
-8.3294502e-05
0.0021522096
0.0038975553
0.0042499759
0.0040629819
0.001624751
0.00076490517
-0.00043209987
-0.0013460179
-0.001573841
-0.0033053503
-0.0028491379
-0.0017889654
-0.0017451251
-0.0012830455
-0.00033062315
0.00010910507
0.00046121216
0.001976784
0.0040007024
0.0047645169
0.0051593938
0.0045205226
0.0045118154
0.0046635255
0.0057873821
0.0060215736
0.0065572387
0.0069701739
0.0081980781
0.010674812
0.01116534
0.010590687
0.011586735
0.014490277
0.016548097
0.0094875112
0.0080522458
0.0081628909
0.0094871237
0.011448955
0.0096173483
0.010710237
0.0080159477
0.0084708535
0.007906367
0.0063302149
0.0052355969
0.0011476007
0.0015770868
0.0030018323
0.0055314679
0.0077190484
0.011192116
0.012664191
0.012448788
0.011854375
0.014134576
0.015261637
0.01657097
0.01554957
0.01711982
0.017771311
0.018860337
0.01987645
0.021529768
0.022052005
0.028112535
0.027268032
0.0278866
0.022863829
0.01951709
0.019807397
0.01919391
0.018128085
0.017304195
0.01911317
0.020367076
0.019133935
0.016122558
0.011579092
0.0088313709
0.01373776
0.020870313
0.025999548
0.030182174
0.031172158
0.03709151
0.039842204
0.038279957
0.032664113
0.027770723
0.02095313
0.016398943
0.012084213
0.0051717363
-0.0017190087
-0.0064164166
-0.014209926
-0.021158047
-0.033052427
-0.041353123
-0.049705952
-0.055658958
-0.056851024
-0.048928066
-0.04043457
-0.043386055
-0.047825139
-0.046951569
-0.04902443
-0.047211448
-0.055132582
-0.05782098
-0.057063539
-0.063341118
-0.065485476
-0.066753241
-0.069275257
-0.074575985
-0.072920811
-0.072502102
-0.069728134
-0.068079924
-0.064869767
-0.062065044
-0.055766087
-0.048829009
-0.042275313
-0.037999652
-0.032559906
-0.026674313
-0.019359895
-0.018448306
-0.015910933
-0.014371487
-0.014910494
-0.014064177
-0.01360849
-0.0097679432
-0.0092883894
-0.0076451179
-0.0080565886
-0.0056731006
-0.003441953
-0.00022648726
0.0046676976
0.0034035867
-0.00011988673
-0.0018191955
-0.0015789863
-0.002695299
-0.0028026926
-0.0038343501
-0.0040461256
-0.0047375888
-0.0050930423
-0.0039874844
-0.0051174353
-0.0051721384
-0.0032625127
-0.0012569614
2.5888228e-05
4.8649666e-05
0.0025463031
0.0040526998
0.006477584
0.0064565036
0.0062376644
0.0062848187
0.0079041469
0.0083418843
0.010339544
0.011618012
0.013428376
0.013544296
0.013396653
0.014033111
0.014683496
0.014576249
0.011065489
0.0076588071
0.0066098287
0.0050297008
0.0075046852
0.0091583918
0.0060392913
0.0051844018
0.0045490559
0.004034624
0.0018701558
-0.0022047978
-0.00041969804
0.0033007353
0.0047310208
0.0077618114
0.0093715156
0.0098593957
0.013655212
0.013834411
0.015876193
0.018386821
0.021058932
0.0231301
0.02260346
0.023027197
0.026139222
0.027440058
0.028816187
0.028750712
0.027380387
0.023661158
0.022377131
0.021728966
0.016039227
0.0130303
0.014761654
0.014219754
0.01782843
0.015483209
0.019857683
0.018780004
0.018132881
0.015018574
0.0063729073
0.0036990455
0.0086192033
0.015864622
0.021306896
0.023663897
0.028575951
0.035106042
0.038723572
0.03702078
0.033801305
0.024353193
0.017056133
0.0054676335
0.0017828714
-0.0069057555
-0.011191324
-0.022088215
-0.030630444
-0.036588109
-0.041612511
-0.050960429
-0.064476699
-0.073794853
-0.06933034
-0.056279506
-0.05575878
-0.055792395
-0.057754063
-0.055582689
-0.059214596
-0.059088987
-0.058254684
-0.05681255
-0.061298408
-0.064296489
-0.066908576
-0.063758828
-0.065083826
-0.065458035
-0.064470642
-0.061660484
-0.058159357
-0.055985885
-0.053856881
-0.051002283
-0.052498931
-0.046466503
-0.041331916
-0.037090309
-0.035279667
-0.030226181
-0.024872855
-0.023516408
-0.022178792
-0.021682028
-0.020492789
-0.019182932
-0.02086495
-0.017645839
-0.015805595
-0.015416916
-0.013400259
-0.0082932364
-0.0070830364
-0.0023203372
-0.00031395687
-0.00095754587
-0.0032202295
-0.0049331345
-0.0023864487
-0.0057645065
-0.0059163595
-0.0054656873
-0.0081389139
-0.0040129007
-0.005112098
-0.0051855978
-0.0045533059
-0.0040054961
-0.0028430573
-0.0038108892
-0.00080758217
0.001491995
0.0015158222
0.0039849423
0.0068533955
0.0071687938
0.0091675654
0.0074260519
0.0071478816
0.0067331502
0.0096763283
0.010953006
0.013851871
0.014163404
0.016875375
0.012961799
0.010777323
0.0059381662
0.0067195741
0.016092795
0.0079763782
0.0093310861
0.0097845078
0.0080638507
0.0076767011
0.0063643342
0.0061248105
0.0046649802
0.0022043876
0.0019690744
0.0030452492
0.0041515047
0.0075111631
0.0087989911
0.011733137
0.010443372
0.011247698
0.015999588
0.018193608
0.020304104
0.021371888
0.023002331
0.025298553
0.025250592
0.026789169
0.024503165
0.023494246
0.026675849
0.026331565
0.016351949
0.016527956
0.015390596
0.012163741
0.011095536
0.015021441
0.015521091
0.016659473
0.014837757
0.017725394
0.016250099
0.016737733
0.014044278
0.010365964
0.008054162
0.0079674587
0.013030733
0.016085889
0.019346585
0.020867231
0.024871373
0.025350852
0.028343986
0.028352048
0.023592359
0.013332477
0.0027041218
-0.0065853703
-0.018031739
-0.026656671
-0.036571104
-0.043502275
-0.040895428
-0.052246726
-0.063862938
-0.075423403
-0.086180162
-0.085188894
-0.072086722
-0.070104308
-0.073627641
-0.076826293
-0.068379519
-0.063702845
-0.061157097
-0.058787001
-0.053992446
-0.052218389
-0.048111811
-0.046598598
-0.05272716
-0.055396851
-0.054124771
-0.050220562
-0.047532007
-0.043408647
-0.041253791
-0.037446884
-0.035618557
-0.034546088
-0.030911974
-0.026338767
-0.023679796
-0.023360047
-0.021065279
-0.016465425
-0.017399152
-0.016540519
-0.016017668
-0.017242511
-0.017493817
-0.020607659
-0.018050294
-0.014404744
-0.016097689
-0.013270683
-0.010330683
-0.0078961173
-0.0087464385
-0.005065209
-0.0052495318
-0.0051103847
-0.01003385
-0.0074563533
-0.0052848224
-0.0057884745
-0.0081258094
-0.010287787
-0.0097633002
-0.0087514725
-0.0049403729
-0.0032546415
-0.003729605
-0.0043822449
-0.0035449232
-0.0027210804
-0.0012496576
-0.0022878873
0.0012687111
0.0042657353
0.005048196
0.0066876138
0.010749813
0.010861455
0.0091000512
0.010181118
0.011655164
0.01216267
0.015197995
0.021138521
0.015154776
0.010150601
0.0025409117
0.0063964853
0.010812294
0.0087240643
0.007703003
0.0064665936
0.0071140832
0.0052774713
0.0045429976
0.0033225154
0.0068951977
0.0056086973
0.0049236861
0.0043992487
0.0059227889
0.0066652756
0.008347606
0.011596051
0.011154434
0.012448333
0.015475143
0.017738116
0.017529597
0.018318149
0.020005718
0.020639597
0.019773314
0.017269258
0.016619522
0.016280546
0.017063945
0.018502053
0.01234184
0.011615312
0.012216618
0.013258325
0.014660419
0.013092928
0.016794141
0.019552457
0.014814926
0.01279262
0.01154388
0.013974557
0.013764223
0.011256314
0.0058246542
0.004291129
0.012113429
0.0096602668
0.012327309
0.010040056
0.011429078
0.011921583
0.014051093
0.013488541
0.010208334
0.0039444854
-0.0059016975
-0.017507864
-0.032462757
-0.046368657
-0.052967402
-0.049047494
-0.055583308
-0.066990558
-0.080888931
-0.088571922
-0.093358549
-0.090052042
-0.081471604
-0.067636403
-0.070375359
-0.067769059
-0.059758625
-0.058684079
-0.062542847
-0.059855685
-0.04874169
-0.036519927
-0.030021659
-0.03044568
-0.034150134
-0.04010491
-0.031818817
-0.02984843
-0.023988173
-0.020786386
-0.01835781
-0.01653154
-0.014786014
-0.012595814
-0.0085159107
-0.0082368541
-0.0058901302
-0.0048209659
-0.0057949757
-0.0045533117
-0.0071948059
-0.0082813748
-0.010816079
-0.014425258
-0.014542138
-0.013113503
-0.0146457
-0.016799075
-0.017169988
-0.01475174
-0.013923146
-0.014205033
-0.01126806
-0.0098269042
-0.0087900324
-0.0079111897
-0.0087136763
-0.0095548148
-0.010358603
-0.011401678
-0.012096086
-0.012307987
-0.01173076
-0.011240381
-0.0097047914
-0.005658334
-0.0052111217
-0.0049596509
-0.0063167328
-0.0061426854
-0.0033387565
-0.00064639677
0.0048767689
0.0097419614
0.014044109
0.018235356
0.025134652
0.02868566
0.025102975
0.025285227
0.022474665
0.019655915
0.014416676
0.015554006
0.0088273278
0.002306231
0.0056571683
0.0085550147
0.0098465839
0.0058275396
0.0067681873
0.0043247431
0.0035195647
0.001759297
0.00043397097
0.0024237887
0.0031344911
0.0022199972
0.0025727445
0.0031072953
0.0036742781
0.0050953957
0.0060593579
0.0076631611
0.0091732846
0.0089592155
0.0089206943
0.01184373
0.012983934
0.014393227
0.014827634
0.015190572
0.012455895
0.011629255
0.011800952
0.013231077
0.012111756
0.011288093
0.012252985
0.012335252
0.014081581
0.014327169
0.014337031
0.013126967
0.014380864
0.015490569
0.017199815
0.015147385
0.013682363
0.011679717
0.01084559
0.0095511166
0.0015076391
-0.0045881567
0.0043124747
0.002733224
-0.00048031509
0.00039461192
0.0017494253
0.002161103
0.0025546963
-0.0016697848
-0.0038845626
-0.0090851949
-0.018001533
-0.029111384
-0.040917366
-0.060505133
-0.056036866
-0.049955241
-0.060077814
-0.06770771
-0.079092135
-0.082251758
-0.081089645
-0.076193374
-0.068515255
-0.046601117
-0.039561796
-0.044475363
-0.042958309
-0.04684979
-0.05357093
-0.048587687
-0.036532453
-0.023120842
-0.0096598456
-0.0087708818
-0.014449614
-0.013134084
-0.008154049
-0.0059167839
-0.0025065177
-0.00059393343
0.0030775215
0.0062917186
0.0060865911
0.0056172709
0.0070296286
0.0037636498
0.0041183937
0.0023079585
0.0028089531
0.0030585979
0.00063303376
-0.0023078246
-0.0047532402
-0.009400863
-0.012320423
-0.012499786
-0.013476192
-0.015602706
-0.01848676
-0.015524902
-0.013507424
-0.012943033
-0.011803868
-0.010066207
-0.013079111
-0.013222242
-0.01274367
-0.011603384
-0.012046519
-0.0124736
-0.011910844
-0.011558116
-0.012754883
-0.010707779
-0.0089872426
-0.0081500984
-0.0064361289
-0.0061072848
-0.0074635652
-0.0061250046
-0.0035261892
-0.0025782414
0.0041212107
0.013288644
0.01901803
0.025679848
0.029579742
0.029976617
0.031802226
0.033019873
0.029696502
0.027976031
0.023076319
0.01923865
0.0097480844
0.0086381068
0.0092463097
0.011079035
0.010194326
0.0090395826
0.0061146714
0.0042525663
0.001490569
-0.0013087601
-0.0021442165
-0.0018872527
-0.0024393789
-0.00047679465
-3.3271314e-05
0.00079917301
0.0017997322
0.0025897877
0.0040577543
0.0056039958
0.0069685758
0.0077074941
0.0073963678
0.0070050678
0.0087426639
0.010670626
0.010256764
0.010586061
0.0085407018
0.0086877489
0.0092463176
0.010584507
0.013690715
0.011296608
0.01181179
0.013772934
0.013804028
0.012071151
0.013246483
0.010891796
0.011558157
0.012351533
0.012803941
0.01129549
0.0092250505
0.0077769041
0.0068336503
0.0038840061
0.00095753479
-0.00028833906
0.0032840765
0.0046884632
0.0015039049
-0.0035570671
-0.0044605102
-0.0051590706
-0.0057394989
-0.0099228424
-0.012461331
-0.0165248
-0.023119408
-0.03246444
-0.042239204
-0.051678255
-0.044259376
-0.050505333
-0.058721938
-0.060983666
-0.065959314
-0.062425973
-0.055978004
-0.048839902
-0.044556875
-0.026607276
-0.022676368
-0.032574699
-0.032642394
-0.02997789
-0.029259638
-0.024923374
-0.018418779
-0.0090074399
0.0034464571
0.0020941125
0.00013736398
0.008337234
0.010890722
0.012010189
0.012359869
0.015423243
0.016825531
0.015975157
0.013066154
0.014311674
0.013635374
0.012564741
0.012578562
0.0093388005
0.0086164228
0.0086686862
0.0040524483
0.0013002603
-0.0028515221
-0.0057048084
-0.0088073949
-0.010350187
-0.014381211
-0.015419165
-0.01647698
-0.01601893
-0.015792827
-0.014022478
-0.011457485
-0.010883156
-0.0094675832
-0.012098321
-0.012700739
-0.01431655
-0.016047895
-0.014816566
-0.013024974
-0.012869413
-0.011513913
-0.011007909
-0.0087931434
-0.0051417637
-0.0014116174
-0.0025117629
-0.0038515816
-0.0032378282
0.0011570004
0.0025550796
0.0056867989
0.010540649
0.018320104
0.02471546
0.028268806
0.02962134
0.028344029
0.029940572
0.022225258
0.018062484
0.0100674
0.010141945
0.011437151
0.010344621
0.00999353
0.0091382804
0.0054918204
0.0034269115
0.0026108278
-0.001123583
-0.00146573
-0.0012877443
-0.0037034864
-0.0028281098
-0.0025805812
-0.0032889435
-0.0032263773
-0.0037618837
-0.0021383887
-0.0013570003
0.00072800661
0.001643667
0.0022616673
0.0034878271
0.0057413664
0.0058335793
0.0055010025
0.0057268219
0.0064054139
0.0064850208
0.0055374108
0.0049126158
0.0053113806
0.0089871739
0.011235774
0.011942246
0.010201347
0.0087256314
0.0074955288
0.0088686624
0.0078795967
0.0074413961
0.0093642767
0.0082809277
0.0082184944
0.0082824347
0.007225129
0.007971983
0.0051807248
0.0042212863
0.0026220224
0.002300706
0.0018522504
0.0037074693
0.0047877673
0.0020185851
-0.0025265412
-0.0067580951
-0.0089723024
-0.012058166
-0.013740519
-0.017727453
-0.022078051
-0.026750759
-0.0311155
-0.030325005
-0.025188316
-0.031088212
-0.039388396
-0.046001897
-0.043080021
-0.038765177
-0.029462601
-0.019667106
-0.016237417
-0.0095752267
-0.012629173
-0.020276315
-0.017619582
-0.013601403
-0.013170263
-0.011055685
-0.0068951452
-0.00052229288
0.0061968193
0.0090624379
0.010694266
0.013762989
0.017421996
0.018958865
0.017975516
0.016975303
0.016240361
0.017092228
0.015113067
0.014843081
0.013391517
0.011794649
0.010990929
0.0096488285
0.00966531
0.0085785305
0.0070105985
0.0054851761
0.0017660366
-0.001739394
-0.0068307186
-0.0069122227
-0.0083695962
-0.01050353
-0.011576527
-0.011639494
-0.011191117
-0.010963505
-0.010343928
-0.010858091
-0.0086121187
-0.0073522558
-0.0083981803
-0.010435758
-0.010447699
-0.011113804
-0.01172184
-0.012638574
-0.01175048
-0.009720513
-0.0080677241
-0.0050747539
-0.001088764
-4.7866387e-05
0.00029743293
0.0012206771
0.0030766933
0.0052510982
0.0076936605
0.010840764
0.014989007
0.020287753
0.020515564
0.018628079
0.013727231
0.013760958
0.011279222
0.0095723941
0.0043133028
0.00653721
0.011227525
0.0088679215
0.011039619
0.0098938608
0.0075933065
0.0041302107
-0.0011403011
-0.0021854546
-0.002759998
-0.0034566228
-0.0036795141
-0.003985079
-0.0033765055
-0.0023613137
-0.0031730966
-0.0042548395
-0.0040465163
-0.0041944167
-0.0028853594
-0.0018121038
-0.0023280095
-0.0012367384
0.00063613894
0.0020277994
0.0024263137
0.0026994213
0.0020551654
0.0026124183
0.0018929837
0.002954305
0.0050421114
0.003410351
0.0067323769
0.0078821223
0.0055711666
0.0068052001
0.0081756272
0.0069223306
0.0070347616
0.007307869
0.0084257113
0.010915035
0.0080496656
0.0077633227
0.0074520542
0.0061828026
0.00722307
0.005561957
0.0051320172
0.0029287767
0.0029427427
0.0081436478
0.0061650413
0.0071721928
0.0042745666
-8.3885555e-05
-0.0048283995
-0.007986118
-0.0096787228
-0.013159858
-0.016914631
-0.018796376
-0.017226225
-0.010657396
-0.0078565358
-0.013633935
-0.015872538
-0.017510775
-0.020828153
-0.016015602
-0.012286398
-0.0057667778
-0.0021795122
-0.00039144003
-0.0039298111
-0.0061303462
-0.006113424
-0.004772873
-0.0030464108
-0.0054542789
-0.006382368
-0.0048761531
0.0028148682
0.0069623111
0.010033035
0.011244221
0.011997018
0.01529468
0.015015894
0.014772654
0.01318994
0.011503051
0.013071188
0.011022136
0.0073583715
0.0059514222
0.0065199717
0.0068871703
0.0083606105
0.0081699409
0.0082564475
0.006242806
0.003936351
0.00122655
-0.00017856455
-0.0023906112
-0.0039779753
-0.0052087735
-0.0070350146
-0.009182435
-0.0083123583
-0.0073830926
-0.0079921299
-0.0075965584
-0.0074143962
-0.006351941
-0.0064096476
-0.0065361762
-0.0060459195
-0.0074006477
-0.0078949184
-0.0086633081
-0.0096230873
-0.0078319717
-0.0063075195
-0.0043298725
-0.0024277216
-0.00023950856
0.0020789899
0.0024073272
0.0023112172
0.0037303913
0.0061577573
0.0060479266
0.0073194657
0.0082416493
0.0059076914
0.0057562262
0.0075911318
0.0086434362
0.0094476372
0.005377435
0.0046966822
0.005707413
0.008983471
0.0078404144
0.0076298711
0.0079080962
0.0054881715
0.0040711986
0.0045979138
0.003021214
0.0013078854
0.00058052662
0.00023591344
-0.00036467559
-0.0010272021
-0.0011502904
-0.0020041681
-0.0026768593
-0.0036734068
-0.0034814073
-0.0031696574
-0.0029134615
-0.0025754272
-0.0036259938
-0.0040520494
-0.0028613148
-0.0020859944
-0.0010092131
-0.0015943744
-0.0025139837
-0.0033625963
-0.00035970126
0.0015562533
0.00089334409
0.0025957896
0.0046996417
