0.0040934313
0.0037037184
0.0042493327
0.003965077
0.0042849071
0.0029540994
0.0023991737
0.0041547753
0.0045756296
0.0042743449
0.0041959738
0.0055251478
0.0048441497
0.0034601682
0.0026392799
0.0021842193
0.0024321707
0.0049864164
0.006743149
0.0073060756
0.0087044343
0.010023219
0.0075591616
0.0079181271
0.008159454
0.0084990895
0.0083060929
0.0059065442
0.0054727109
0.0070522636
0.0061990297
0.0065075858
0.0062972835
0.0060814711
0.0052222691
0.0040095119
0.004972195
0.0048207007
0.0036151622
0.0037474945
0.0043018262
0.0029446081
0.0012035731
0.0013865773
-0.0004001303
-0.0026920587
-0.0050141063
-0.0084991228
-0.010784297
-0.013559246
-0.013143841
-0.013239796
-0.014231851
-0.012934449
-0.011371031
-0.010191886
-0.0094344841
-0.0070845705
-0.0057064492
-0.0069971988
-0.009286893
-0.0078081841
-0.0052218778
-0.0042655504
-0.0067214795
-0.0097044654
-0.011913002
-0.014264199
-0.013812768
-0.01493306
-0.014128079
-0.016875225
-0.018252538
-0.016335338
-0.015370705
-0.014773462
-0.014271507
-0.012396938
-0.0084544728
-0.0055403453
-0.0034814191
-0.0014804685
-0.00052047677
-0.0025107968
-0.0031539788
-0.0027783435
-0.0046240528
-0.0056721559
-0.0056044168
-0.0031970044
-0.0020599767
-0.0010823897
-0.0019154078
-0.0013699322
-0.0019994059
-0.0024799167
-0.0028862864
-0.0020952434
-0.0034312193
-0.0041211136
-0.003311729
-0.0029864979
-0.0029055377
-0.0041890811
-0.0043086751
-0.0035842496
-0.0027934124
-0.0032726682
-0.0037584367
-0.0044508948
-0.0045343453
-0.0055016668
-0.0064715094
-0.0061136813
-0.0051032247
-0.0064131496
-0.0050979294
-0.004924061
-0.0052623059
-0.0012206988
-4.1156078e-05
0.00061039148
0.00092207566
0.0046050858
0.0065425387
0.0040646702
0.0049607831
0.0055031394
0.0066708958
0.0075244681
0.0087626402
0.0079728112
0.0065611686
0.0064484091
0.0053889023
0.0044572555
0.0032436476
0.0014502943
0.0022223557
0.0016901951
0.0019230778
0.0021451625
0.0026921757
0.0032322275
0.0043710798
0.0051638175
0.0056475786
0.0062522512
0.0054317325
0.004884449
0.0035937684
0.0034442471
0.0023775326
0.0024354629
0.0029824036
0.0037335665
0.0035447127
0.0023117438
0.00036157457
0.00020161382
0.0020157601
0.0035744483
0.0051251214
0.0059344867
0.0059474452
0.0069910587
0.0069424252
0.00609693
0.0080380784
0.0087523176
0.0067247513
0.0060689821
0.0047695642
0.0048161578
0.0050496563
0.0046256056
0.0041126601
0.0031537769
0.00092227295
0.00071695052
-0.00036073123
-0.0018681799
-0.004345696
-0.0062568343
-0.0068200475
-0.0074407279
-0.0083290423
-0.0086604955
-0.0098250492
-0.010265707
-0.010742276
-0.013714531
-0.015797477
-0.016120113
-0.015235539
-0.015818503
-0.014745994
-0.014103538
-0.011089974
-0.011808494
-0.010232338
-0.0087969463
-0.0065518193
-0.007370926
-0.0062146235
-0.0047339268
-0.0028407738
-0.0023603459
-0.0030831516
-0.0059706552
-0.0074893487
-0.0081765375
-0.0084158381
-0.0086724225
-0.0089733848
-0.0088038022
-0.005324647
-0.003848137
-0.0050145238
-0.0048108896
-0.0033505874
-0.00086919995
0.0001496154
0.00088688302
0.0025905014
0.002924244
0.0021400588
0.00043749227
-0.0028693989
-0.0057925323
-0.0056921288
-0.0043887995
-0.0039463471
-0.0017082707
0.00065046254
0.0019459058
0.00017337983
-0.00050549115
-0.0024573513
-0.001418093
-0.0021390904
-0.0016864958
-0.0019956593
-0.00062916068
-0.00097587271
-0.0009530692
-0.0019303905
-0.0022869157
-0.0027991076
-0.0021389002
-0.0027476591
-0.0026245487
-0.0030367469
-0.0036823647
-0.0043034929
-0.0048108031
-0.0052904942
-0.0042473278
-0.0040665258
-0.0045710443
-0.0056322899
-0.0053412808
-0.0036433369
0.00034980198
0.0022463859
0.0033726799
0.0047167317
0.0045722545
0.0069532188
0.006027844
0.0072381926
0.0062497209
0.0066648303
0.0073929058
0.0078930705
0.0058874188
0.0064725259
0.00562437
0.005097521
0.0043154369
0.002579216
0.0022642416
0.0024618638
0.0028986687
0.0028666076
0.0032621464
0.0037262758
0.0039559495
0.0065325912
0.0069922639
0.0083816888
0.0088957427
0.0094527397
0.0091621178
0.0071458883
0.0053429915
0.0042182177
0.0033873884
0.0040491167
0.0029610207
0.001815682
0.0020023255
0.0024473045
0.0025707892
0.0034445325
0.0044224137
0.0052644038
0.0072017798
0.0073207119
0.0069084307
0.0061698415
0.0063399469
0.010398862
0.011728505
0.0078818176
0.0042169927
0.0015156303
0.0032613064
0.0034642774
0.0019177747
0.0010843481
-0.0011961876
-0.0023829024
-0.0051077322
-0.0093244161
-0.013270712
-0.01558278
-0.01822022
-0.017730741
-0.017090551
-0.017366467
-0.017986831
-0.018422456
-0.018436638
-0.018272103
-0.018476208
-0.019541178
-0.020885885
-0.020121716
-0.01861214
-0.016634341
-0.014819685
-0.014563095
-0.013873648
-0.013665877
-0.012718419
-0.011149862
-0.0096836528
-0.0068776902
-0.0046731623
-0.0012799322
-0.0012636864
-0.00039355742
-0.0019224707
-0.0013370081
-0.00011343624
0.00061423642
0.0028930067
0.0027583306
0.0035690067
0.0059163081
0.0094089802
0.0097213558
0.010794272
0.010506416
0.0094018653
0.0092335478
0.0076219052
0.0054393588
0.0052899936
0.0026759405
0.0009308725
-0.003515097
-0.0047734074
-0.0040481399
-0.0030982371
-0.0016609467
0.0012859596
0.0026679574
0.0040074258
0.0026743862
0.0013767474
0.00019499374
-0.0008108052
-0.00034911175
-0.00066808673
0.00046634445
0.0010460827
0.0012744578
0.00065820165
0.00031748115
0.0004486453
-0.00082214587
-0.00080567247
-0.00044058483
-0.00042757355
-0.00091977409
-0.0011483414
-0.001271632
-0.0014415033
-0.00067467055
-0.0010387692
-0.001380062
-0.0045574477
-0.0015187845
0.00031735772
0.003011049
0.0048392524
0.0018323517
0.0054587587
0.0075387301
0.0088504417
0.0094803501
0.0096846676
0.0082878269
0.0078385932
0.0057779232
0.0075152884
0.0082218164
0.004952164
0.0039150318
0.0028107211
0.00324927
0.0027130974
0.0020312902
0.0026585278
0.0033486787
0.0041281833
0.0046293164
0.0047792168
0.0053249099
0.004980325
0.0092546936
0.009544718
0.011151803
0.012253245
0.012759593
0.010729587
0.013011569
0.01276562
0.010077149
0.0074132062
0.0083711966
0.0084616856
0.0060257779
0.0053389845
0.0052083527
0.0049232763
0.0093023308
0.0098636829
0.011583448
0.010759311
0.0098836776
0.0098123675
0.0092409307
0.011603041
0.012332955
0.012157752
0.010696946
0.0053437528
0.0043745446
0.0066513763
0.0051377559
0.0034199436
-0.00015011048
-0.0037702285
-0.0078525515
-0.014284284
-0.021123411
-0.023720269
-0.02600126
-0.028178585
-0.031390551
-0.027420389
-0.02600667
-0.026963774
-0.026732406
-0.026958532
-0.025697027
-0.026352896
-0.027488994
-0.027219518
-0.024599804
-0.023942602
-0.02369283
-0.022961747
-0.022141803
-0.022807387
-0.023300407
-0.023218291
-0.018784298
-0.013419592
-0.0087169318
-0.0057263384
-0.0012351087
0.0018879997
0.004079753
0.0028974368
0.005456248
0.010110149
0.012056103
0.01588411
0.014212073
0.016903038
0.019841799
0.019221919
0.020017119
0.019281492
0.020169965
0.018858913
0.013538479
0.011550532
0.010702808
0.0080940789
0.0049839063
0.0036523995
0.0013045222
0.0015918708
0.00048712478
0.0023515877
0.0031152909
0.0033453813
0.0033790765
0.0036003316
0.0027724962
0.0023244371
0.001247979
0.001346015
0.0024777665
0.0023544955
0.0035171633
0.0038758021
0.0032105754
0.0024907283
0.0020848395
0.0023771552
0.002958086
0.0021953473
0.002567853
0.0027148325
0.0024199263
0.0024967254
0.0019448089
0.0015063369
0.002727648
0.0036190615
0.0035339963
0.003733415
0.0051783228
0.0059644243
0.0034337708
0.0024440071
0.0032687193
0.006963332
0.01092529
0.012457515
0.012430182
0.012529311
0.012568952
0.010977937
0.007079928
0.0058386167
0.003209408
0.00035596987
0.00077345388
0.0019016516
0.002728229
0.0029544272
0.002807983
0.0037249749
0.0043027684
0.0057740142
0.0067410025
0.0072421836
0.0079531394
0.0082160457
0.012234065
0.013148453
0.014020624
0.015051004
0.016080073
0.013815292
0.018062446
0.018927408
0.017903595
0.018445189
0.015348382
0.012742051
0.010403342
0.0076661801
0.0066513396
0.0091493008
0.014747132
0.019017565
0.020385148
0.019910718
0.018414913
0.018363176
0.019179873
0.020033588
0.019264656
0.019263495
0.018491438
0.012471289
0.0079324706
0.0070322286
0.008148913
0.003210621
-0.0010374736
-0.0060429869
-0.010835897
-0.01794162
-0.025668512
-0.029215028
-0.032487208
-0.037991177
-0.039163071
-0.036656518
-0.034259057
-0.032181951
-0.033120674
-0.033486519
-0.034524553
-0.034940114
-0.036194081
-0.034086998
-0.031495276
-0.030678269
-0.031144024
-0.033794044
-0.034619897
-0.033741833
-0.034999993
-0.031530483
-0.027374779
-0.021188184
-0.01486911
-0.012786605
-0.0068918961
-0.005119684
0.00036011875
0.0033439193
0.0069593298
0.012673964
0.015589262
0.019793615
0.021877984
0.028090004
0.027921594
0.029660633
0.028204626
0.024756476
0.022952242
0.017909505
0.015590824
0.014046123
0.013519056
0.010715046
0.0096880226
0.010033782
0.0058156679
0.0053721024
0.0037774909
0.0050637304
0.0052706389
0.0024595938
0.0033347985
0.0038392992
0.002616721
0.0028077384
0.0015661365
0.0020223469
0.0024709716
0.0035712603
0.0038021029
0.00541499
0.0049921898
0.0041094226
0.0028586551
0.0038573404
0.0037465216
0.0030538894
0.0036744231
0.004093315
0.0038506017
0.0035620792
0.0032315154
0.0052174906
0.0065358236
0.010305023
0.011259185
0.007987891
0.0055703559
0.0060168674
0.0064513861
0.0057350409
0.0083616681
0.010612133
0.013359153
0.015500668
0.016197599
0.01448516
0.01468077
0.011458378
0.0077122214
0.0043637077
0.0018524881
0.001054083
0.0019477567
0.0026396904
0.003492642
0.0042694824
0.0044735163
0.0048403583
0.0055896603
0.0070640893
0.0096382707
0.010123776
0.01098187
0.011569205
0.014962038
0.016125851
0.017550516
0.020082101
0.018912586
0.019166723
0.024805369
0.027788481
0.028876784
0.029797969
0.024084122
0.022019159
0.017061704
0.0099013183
0.0086678593
0.012047478
0.023575625
0.02737173
0.028724621
0.030693845
0.029378443
0.029604562
0.029776802
0.026980427
0.026042197
0.024035397
0.022877337
0.019220949
0.015428992
0.01241819
0.011097685
0.008089524
0.005177655
-0.001928035
-0.0062800168
-0.010244919
-0.01962908
-0.026894417
-0.034684776
-0.039905734
-0.037965125
-0.037264078
-0.036829068
-0.035493866
-0.033572657
-0.036725196
-0.040412709
-0.04109671
-0.039570598
-0.040334801
-0.037509224
-0.038288447
-0.039612708
-0.039764633
-0.040313809
-0.042152533
-0.039115312
-0.039743487
-0.041012067
-0.033315477
-0.030504654
-0.028079887
-0.019038723
-0.01420801
-0.0083449904
-0.0033120172
0.00065406158
0.0059566623
0.010615879
0.015403267
0.01941617
0.024873121
0.027215793
0.026940559
0.024678375
0.023713052
0.019804129
0.015736379
0.015407678
0.013484961
0.011316735
0.010771711
0.010103016
0.0083626838
0.0069556744
0.0043237249
0.0023579316
0.0019235154
0.002039191
0.0025887519
0.0026673872
0.0032969347
0.0028246577
0.0016517289
0.0015472821
0.00085827435
0.0020819061
0.0034176134
0.0037904094
0.0048563635
0.0045712052
0.0044224147
0.0043022574
0.0041159522
0.0040123358
0.0045046944
0.0040303918
0.0043489744
0.0049749251
0.0054361766
0.0071804798
0.0095155167
0.013441706
0.01509727
0.0097704585
0.0092089865
0.0096427326
0.010313974
0.0085515015
0.010734847
0.01290546
0.013438036
0.016099924
0.01721341
0.018706778
0.014995714
0.014149289
0.012902813
0.0097224959
0.0083549653
0.0035112947
0.0047719694
0.0051050569
0.006489938
0.0056735821
0.0068937472
0.0075691569
0.0077199766
0.0080122323
0.010261528
0.012500865
0.01537474
0.015153454
0.014802269
0.018556537
0.019944999
0.021850335
0.021314399
0.021095614
0.02349218
0.02906125
0.034717999
0.033563979
0.03414928
0.029749419
0.025643784
0.019062141
0.013214963
0.009450818
0.012587622
0.02642161
0.03416737
0.034361016
0.035297562
0.034643298
0.036006172
0.032889621
0.031764151
0.031006725
0.032045446
0.030316174
0.024903014
0.021012919
0.01921992
0.015874033
0.012474635
0.0067941286
0.00041535798
-0.0052328555
-0.0088420295
-0.017018855
-0.02618038
-0.035605527
-0.038958285
-0.039033812
-0.036382203
-0.033014316
-0.038171
-0.039923021
-0.043239914
-0.044238767
-0.047404943
-0.044478592
-0.045409418
-0.047556497
-0.051963902
-0.054340405
-0.051862134
-0.045840972
-0.045132209
-0.047336568
-0.052462861
-0.049762395
-0.038775105
-0.033251254
-0.027785953
-0.031629754
-0.02683449
-0.018869169
-0.0095457412
-0.0065550067
-0.0015913084
0.0059827361
0.010531721
0.012974192
0.015226976
0.01706043
0.016353443
0.017183866
0.014267317
0.013040644
0.0092600762
0.0081465708
0.0085789591
0.0092439668
0.0081403921
0.007866125
0.0052610594
0.0038891491
0.0013819065
0.0017138499
0.00084350244
0.00071839239
0.00048290935
0.0020798208
0.0025883689
0.00065496086
0.00062588001
0.00061853591
-0.00050229683
0.00025965643
0.0012864963
0.0024151387
0.0037459181
0.0056707768
0.0054445527
0.0059412269
0.0054881158
0.0063863596
0.0043758509
0.0050532009
0.0050169014
0.006244099
0.0084341288
0.011190432
0.013836917
0.019165945
0.015497122
0.011032666
0.010863426
0.010313213
0.011771127
0.012728335
0.013400587
0.014243623
0.017864886
0.020021828
0.021673217
0.018458201
0.015021161
0.016104207
0.014462311
0.011204
0.011197971
0.0084558666
0.007087226
0.0044320179
0.0065014419
0.0078369887
0.010368738
0.011150535
0.011785942
0.011312282
0.013528385
0.014725615
0.016281392
0.01896127
0.01771157
0.021286681
0.023992994
0.022889482
0.022486184
0.02139901
0.025089681
0.030180887
0.031086251
0.030994677
0.03115209
0.03171658
0.026441438
0.025322457
0.021645899
0.010890472
0.011219212
0.024439122
0.031255639
0.031517574
0.03355515
0.035283595
0.035097955
0.035982904
0.03656953
0.038756744
0.03678072
0.033035023
0.031287697
0.028212547
0.0246149
0.019790395
0.012354816
0.0057946797
-0.0040961332
-0.01255412
-0.01893816
-0.024769735
-0.03323591
-0.038455186
-0.039275584
-0.035144523
-0.036342665
-0.031274556
-0.034442879
-0.034822267
-0.043272291
-0.044651611
-0.05324598
-0.051331199
-0.048611138
-0.057257052
-0.058206705
-0.060601816
-0.056929348
-0.057845097
-0.063815199
-0.060806564
-0.055315239
-0.053946031
-0.048409344
-0.040577441
-0.038738968
-0.035745373
-0.026224439
-0.019782485
-0.012294939
-0.0074400094
-0.00024868563
0.0022155122
0.0061458396
0.0067697075
0.0095679436
0.010235159
0.0090684716
0.0060053505
0.0074504031
0.0064866368
0.0063267402
0.0055362719
0.0054184175
0.0061970807
0.0083059456
0.0061447291
0.0054841346
0.0026296386
0.00067455989
0.00038048359
0.00030291941
-6.8987869e-05
-0.0011112107
-0.00024473683
1.7691626e-05
0.00041661372
0.00098091377
0.0012419225
0.001539519
0.0030673158
0.0042050358
0.0032348784
0.0031707812
0.0023367639
0.0028932541
0.0024984981
0.0032922659
0.0053736657
0.0057182477
0.0060437717
0.0087117224
0.0090195262
0.0086835506
0.010185299
0.01592403
0.018194295
0.012912371
0.0076701944
0.0097113694
0.012386428
0.011890758
0.012428074
0.014900973
0.013832595
0.014574992
0.019182105
0.018498122
0.017373215
0.014193365
0.013728885
0.010683787
0.0073547305
0.0049660682
0.0049215736
0.0078578538
0.0093349918
0.01107457
0.011784282
0.012479468
0.013098104
0.015573484
0.015151912
0.016801252
0.018216004
0.01957993
0.020798082
0.020192249
0.025607355
0.024802125
0.026660108
0.024354725
0.022768096
0.025901514
0.028791562
0.02786963
0.026067082
0.02998102
0.029661302
0.029971681
0.025761551
0.026372122
0.018000679
0.014795184
0.024598847
0.030664627
0.032103012
0.032068933
0.037126446
0.038511655
0.041091514
0.041811458
0.041179816
0.036947338
0.032987315
0.030891288
0.027018645
0.020646808
0.013186434
0.0042228712
-0.0030776929
-0.010408062
-0.018238505
-0.027851129
-0.036968997
-0.042540672
-0.042032107
-0.039472734
-0.036046851
-0.036470423
-0.035503107
-0.036637925
-0.037519158
-0.042644761
-0.051095704
-0.046023606
-0.050889567
-0.052338166
-0.059033379
-0.059735876
-0.064132561
-0.066922099
-0.068331313
-0.068978518
-0.063571701
-0.060484071
-0.059238753
-0.0515619
-0.047776469
-0.042318425
-0.038126607
-0.033034122
-0.02464289
-0.018237386
-0.012483067
-0.0092201478
-0.0056435667
-0.0031064368
-0.00073510303
0.00056002696
-0.00068888157
0.00063300753
0.00035842527
0.00063041458
-0.00043782077
0.00023586436
0.002411358
0.0039690584
0.0053099573
0.0056439621
0.0038293252
0.002089415
0.00085665944
-0.0010391951
-0.0014156451
-0.0034150115
-0.0030687032
-0.002338697
-0.0021757623
-0.0016371273
-0.00025744463
0.00046959134
0.00044877832
0.0017921155
0.0043869908
0.0047741869
0.0050302292
0.0043113679
0.003707157
0.0040120879
0.0057669287
0.0060755989
0.0066231782
0.0063772549
0.0066640453
0.0091018692
0.0097315573
0.0089929671
0.0096403723
0.012754251
0.016705807
0.011271785
0.0078591011
0.007439017
0.0079387432
0.01063735
0.009460611
0.012768368
0.011240423
0.011399023
0.012942597
0.0097210882
0.0083513663
0.0048946658
0.0046492023
0.0049947214
0.0073314952
0.0090983763
0.013416685
0.016095567
0.016822459
0.015964664
0.017689737
0.018675261
0.020053015
0.01896715
0.019735734
0.020695489
0.022401148
0.023262037
0.025113692
0.024251091
0.033511032
0.031849672
0.032632582
0.028143664
0.023415409
0.025982461
0.025606177
0.026424977
0.026054473
0.028756919
0.029959677
0.029683461
0.028771593
0.024025595
0.018754525
0.018303192
0.024200495
0.02913133
0.032819134
0.033989671
0.041325459
0.045384095
0.047395304
0.044714305
0.042250135
0.035854798
0.03167363
0.026433366
0.019118683
0.011801667
0.0061610933
-0.0022247719
-0.0090130428
-0.020409808
-0.029601421
-0.037895813
-0.047171589
-0.052270792
-0.047073504
-0.035174022
-0.037039562
-0.040948716
-0.038632837
-0.041443509
-0.038403109
-0.045752617
-0.048372351
-0.045402585
-0.051933876
-0.054828096
-0.059497791
-0.063630584
-0.068356
-0.06731366
-0.067848799
-0.066249159
-0.064923802
-0.06357073
-0.062992838
-0.057477054
-0.051591001
-0.046770401
-0.042812934
-0.038423498
-0.032273068
-0.02371594
-0.022211518
-0.019804609
-0.015302606
-0.014931427
-0.013450227
-0.014293019
-0.010538693
-0.0097994163
-0.0083438729
-0.0087891888
-0.0079795475
-0.00589185
-0.003084932
0.0021254713
0.0025113194
-0.00023973892
-0.0026836537
-0.002886066
-0.0039072419
-0.0040889662
-0.00513162
-0.0055442675
-0.0064162093
-0.0074190412
-0.0066352713
-0.0069441376
-0.0076304163
-0.0057758862
-0.0036409841
-0.0019185103
-0.0019566641
-5.8730776e-05
0.00087670876
0.0032717716
0.0039684337
0.0034844583
0.0033128699
0.0048918574
0.0048937879
0.0072485435
0.0088725668
0.0092429228
0.0098600877
0.0094948293
0.0095095899
0.010583771
0.0121636
0.010875186
0.007417879
0.005775516
0.0033920639
0.0044205583
0.0094857749
0.0079538105
0.0076785819
0.0075983568
0.0069754314
0.0042268056
-0.0010217726
0.0012571228
0.003793442
0.0047992215
0.0069806016
0.0090896725
0.0099238277
0.014654389
0.015546666
0.01664359
0.019238781
0.02296797
0.027305949
0.027079317
0.02766019
0.030824343
0.032299727
0.034772515
0.036052372
0.034022336
0.03158602
0.030236444
0.029850837
0.024522595
0.01932933
0.022572569
0.02256581
0.026718993
0.024513676
0.029234374
0.029525102
0.029707392
0.029124229
0.020302761
0.01461987
0.015885286
0.022187685
0.02717852
0.028547023
0.031314747
0.038357401
0.044141976
0.044444491
0.044006217
0.038559446
0.03366601
0.023058841
0.018112769
0.0098475753
0.0055407274
-0.0049807704
-0.015148012
-0.020838379
-0.025983744
-0.034940937
-0.048169328
-0.05849977
-0.059965303
-0.049291744
-0.048057886
-0.047133883
-0.047334852
-0.044890508
-0.048674711
-0.048305398
-0.049167838
-0.046844829
-0.048514094
-0.052680429
-0.056799516
-0.05536325
-0.056889901
-0.057797829
-0.058152786
-0.056825415
-0.054351694
-0.053480478
-0.052867974
-0.051006943
-0.052659452
-0.048980127
-0.045918161
-0.042993544
-0.040294649
-0.034328432
-0.029076175
-0.027062961
-0.024724705
-0.023273254
-0.021788093
-0.019300525
-0.021406911
-0.018964547
-0.017192446
-0.017651063
-0.017664858
-0.01390397
-0.012836343
-0.0089337151
-0.0064254812
-0.0062265591
-0.0076442453
-0.0086523559
-0.007334742
-0.01097278
-0.01140199
-0.011153818
-0.012862471
-0.008936089
-0.010628201
-0.011078087
-0.010401055
-0.010161743
-0.0084966524
-0.010175228
-0.0063844024
-0.0042191871
-0.0047886361
-0.0016548382
0.0012004629
0.0010686958
0.003906583
0.0020762954
0.00089717168
-8.0038276e-05
0.001735634
0.0036245698
0.0056035635
0.0066828591
0.0097472316
0.0080364432
0.0072611005
0.0043129547
0.0015075045
0.010452076
0.0063524365
0.0062927459
0.0076373928
0.0065921867
0.00860855
0.0077314698
0.0067986743
0.0053374137
0.0040628115
0.002262547
0.0027310492
0.0024129265
0.0057209402
0.0057837318
0.0096528344
0.0092223046
0.0092351721
0.013711405
0.016756851
0.019465815
0.021966513
0.024754353
0.028720627
0.030181156
0.032207
0.030244057
0.029136815
0.033378941
0.033577869
0.023100514
0.023856061
0.021746903
0.019189217
0.018109141
0.022638297
0.023335155
0.023532833
0.02214086
0.02558318
0.025238683
0.025598132
0.023983461
0.020095435
0.01687654
0.016590325
0.022068615
0.024136925
0.026623631
0.026244179
0.028948254
0.030156609
0.033671459
0.035781149
0.034218683
0.027227822
0.018644311
0.011335576
0.001668909
-0.0066007168
-0.016374059
-0.026244132
-0.023841267
-0.031729331
-0.044464046
-0.055751223
-0.06777347
-0.07058667
-0.062221123
-0.059646711
-0.060093137
-0.06228659
-0.056983821
-0.052812445
-0.051657357
-0.048826532
-0.045822999
-0.044576365
-0.042793917
-0.041668886
-0.044927429
-0.047075111
-0.047543733
-0.045380676
-0.04461699
-0.042382964
-0.041269669
-0.03933177
-0.037005377
-0.0364532
-0.033982585
-0.030451113
-0.026972963
-0.026302036
-0.024097935
-0.018689654
-0.017973949
-0.016576889
-0.015001476
-0.016392739
-0.016040557
-0.018449316
-0.018110708
-0.016028844
-0.018831354
-0.018046958
-0.017114309
-0.014827427
-0.015997455
-0.01247987
-0.012141922
-0.010963506
-0.01527313
-0.014045763
-0.011616656
-0.011456319
-0.014094164
-0.015557336
-0.014738959
-0.014282616
-0.010342113
-0.0092713411
-0.0096135565
-0.0096700613
-0.0085786613
-0.0091704724
-0.0080354806
-0.0092138669
-0.0057678632
-0.0027393528
-0.0021430452
-0.0014126276
0.0023952338
0.00392201
0.001842242
0.0020985273
0.0035013177
0.003915175
0.0057126116
0.012656915
0.0095537745
0.0071715142
0.0010722136
-0.00092090753
0.0027784198
0.0045820377
0.0049951319
0.0050378955
0.0065701433
0.0049823734
0.0042930503
0.0032932078
0.0066635366
0.0061259747
0.0045154784
0.0036677365
0.0041437904
0.005100789
0.0058305163
0.0078527828
0.0083213804
0.0092639056
0.012374603
0.014883463
0.016532636
0.01801899
0.021492133
0.023335127
0.02422419
0.02232987
0.020683016
0.020101146
0.02131308
0.023323542
0.017265389
0.016853337
0.018098159
0.019912661
0.021438904
0.020242734
0.023057533
0.026835208
0.022640222
0.019558889
0.017682075
0.020194497
0.020348435
0.018368462
0.014467568
0.012166268
0.022259593
0.020971743
0.023056224
0.02000049
0.019375338
0.018829533
0.020545668
0.022007663
0.020303766
0.016448348
0.0086455792
0.0012097263
-0.010905174
-0.023384385
-0.032064231
-0.030376529
-0.034918748
-0.043753873
-0.057839074
-0.067183536
-0.074854655
-0.076212032
-0.072548042
-0.060086419
-0.059062424
-0.057805891
-0.051801338
-0.050010157
-0.053733519
-0.051365176
-0.044151874
-0.035376934
-0.030984357
-0.031264683
-0.029922017
-0.036515497
-0.031248132
-0.030973843
-0.026669846
-0.025012021
-0.024166709
-0.022093067
-0.020133353
-0.018118984
-0.013102459
-0.012520046
-0.0098698412
-0.0066015113
-0.0073739002
-0.0049564594
-0.0054447249
-0.0054650179
-0.0077070893
-0.011019038
-0.012357191
-0.011680437
-0.014807959
-0.018008959
-0.019871692
-0.019125721
-0.018879024
-0.020068158
-0.017695245
-0.016292154
-0.015933573
-0.01469222
-0.013911781
-0.014845973
-0.014712046
-0.015686552
-0.016320088
-0.016031508
-0.016418408
-0.015522731
-0.013994932
-0.010124508
-0.0091622697
-0.0085327386
-0.0099434936
-0.011549486
-0.011339099
-0.010659919
-0.0061727274
-0.0015585598
0.0021572972
0.0052089153
0.012567304
0.016505887
0.013789942
0.014331797
0.013592272
0.012147323
0.0077625703
0.0099457992
0.0063305757
-0.0011758275
0.00017556311
0.0015977768
0.0034336525
0.0024566513
0.0044886178
0.003992336
0.0038932781
0.0025230327
0.00097881834
0.0018020061
0.0021222254
0.0018701471
0.0018663929
0.0021836563
0.0024209145
0.003305423
0.0037009847
0.0051082982
0.0060426845
0.006753244
0.0069258895
0.0098550044
0.011509155
0.014039963
0.015423541
0.017832165
0.016537743
0.015890905
0.014751494
0.01501676
0.015890658
0.015208895
0.01650098
0.017503693
0.019535766
0.019217684
0.019801994
0.019422795
0.020114924
0.02224568
0.023258526
0.022032465
0.018843507
0.016542905
0.016102935
0.01600471
0.010037745
0.0042334644
0.015393257
0.014792788
0.01108791
0.011092615
0.01150731
0.01123547
0.011877809
0.0087744333
0.0068836485
0.0037189065
-0.0033703068
-0.011577805
-0.019834664
-0.036541494
-0.037407724
-0.031113124
-0.038142092
-0.045534354
-0.057851036
-0.064166683
-0.066822515
-0.066819046
-0.064230305
-0.047232951
-0.037850202
-0.040651504
-0.037748969
-0.040166929
-0.045744977
-0.042773419
-0.034321023
-0.026228548
-0.017062692
-0.014111487
-0.015685487
-0.015971238
-0.01218964
-0.01020712
-0.0083425319
-0.0072257771
-0.0041212197
-0.0013672548
0.00028007018
0.00042592129
0.0031216411
0.0015110241
0.002432631
0.0020785049
0.0028686633
0.0052539774
0.0041199456
0.0021364194
-0.00039896604
-0.0039118628
-0.0083650823
-0.0098626612
-0.012624623
-0.015533616
-0.020513898
-0.019621289
-0.018581172
-0.01894971
-0.01836936
-0.016390125
-0.018658073
-0.019444571
-0.019126397
-0.017601461
-0.018055633
-0.01792133
-0.017523265
-0.015899703
-0.017005415
-0.015096767
-0.013408779
-0.01256121
-0.011127923
-0.010303678
-0.011974082
-0.012104023
-0.011798016
-0.011603015
-0.0069190921
0.000388786
0.0050803674
0.010624653
0.016165999
0.017191737
0.018445342
0.020561118
0.019870694
0.018918993
0.016453624
0.016334427
0.0079632645
0.0039762967
0.0035622506
0.0047825241
0.0054929311
0.0055341068
0.0047643428
0.0043026171
0.0026557076
-0.00050605803
-0.0015113762
-0.0020120849
-0.0033877802
-0.0024832696
-0.0015368753
-0.0010646259
-0.00019125625
-6.1187377e-05
0.0012915325
0.0027410417
0.0038501521
0.0046785801
0.0046154018
0.0046542757
0.0070190514
0.0095093651
0.010529062
0.012097728
0.011892519
0.012278308
0.012801798
0.013583092
0.017307704
0.015968433
0.01580565
0.017916655
0.018141646
0.016543807
0.017390118
0.015671809
0.016086755
0.017464406
0.018412123
0.016613188
0.014606123
0.011933963
0.010776826
0.0092594845
0.0077771241
0.0070356423
0.011699414
0.013987784
0.013827366
0.0090252937
0.00801518
0.0064369458
0.0055484735
0.0014349153
-0.00098289458
-0.0038158522
-0.0085484143
-0.015745012
-0.022849577
-0.031072426
-0.025955385
-0.029929122
-0.038227735
-0.041353871
-0.048099461
-0.049091789
-0.047478228
-0.044726634
-0.044548448
-0.031973308
-0.024514158
-0.029359374
-0.03001426
-0.026728305
-0.027194812
-0.024953594
-0.020656861
-0.015415256
-0.0052125493
-0.003761368
-0.0053288559
0.0010054352
0.0035449729
0.0046673501
0.0055392699
0.0070892676
0.0094438231
0.010299796
0.0083062326
0.0095769052
0.010464783
0.010788419
0.011919573
0.010439211
0.010349426
0.011546722
0.0089043019
0.0064665355
0.0029216205
8.0321122e-05
-0.0037663055
-0.0066090546
-0.011132983
-0.014123933
-0.016431534
-0.017564935
-0.01868789
-0.018847788
-0.017278933
-0.016620223
-0.015322084
-0.017730235
-0.019004473
-0.020457839
-0.02270137
-0.022608552
-0.020140079
-0.019273021
-0.018029409
-0.016948018
-0.015402804
-0.012129958
-0.007937243
-0.0081351066
-0.009567339
-0.0096246005
-0.0067277587
-0.0056265049
-0.0041171891
-0.0012676715
0.0042030067
0.010389293
0.014235426
0.017120341
0.016533486
0.019198201
0.014937123
0.012867119
0.0070721487
0.0070341456
0.0076992684
0.0062562844
0.0059755113
0.0062150368
0.0034821602
0.0017895753
0.0012917719
-0.0013218682
-0.0015530633
-0.0012452037
-0.0040094912
-0.0040505835
-0.0033424483
-0.0035202291
-0.0039104851
-0.0044796629
-0.0037458139
-0.0037677048
-0.0023822292
-0.0016515039
-0.0016734401
-0.00063870295
0.0014034777
0.0018674115
0.0022289513
0.0031644601
0.0047330447
0.0063901126
0.0075105817
0.0088019672
0.0089901546
0.011880114
0.014613277
0.015825076
0.014097514
0.013492292
0.011766689
0.013146304
0.011664951
0.010488471
0.012175099
0.011681318
0.01100255
0.011747646
0.010311523
0.010637426
0.0084183792
0.0080350615
0.0070540005
0.0065054668
0.0073565339
0.010559422
0.013991686
0.01315784
0.0099993123
0.0055975597
0.0026625702
-0.00083902915
-0.0024558513
-0.0058092916
-0.0096681927
-0.013332417
-0.016598679
-0.016561576
-0.01044748
-0.013514345
-0.021752868
-0.030592785
-0.031511695
-0.031988869
-0.027303088
-0.021152784
-0.019894716
-0.013736526
-0.013115888
-0.017595703
-0.016582263
-0.012411744
-0.012785516
-0.012712113
-0.011564086
-0.0070772258
-0.0019887911
0.0023469315
0.0035646925
0.0059797322
0.010160921
0.011585552
0.011748566
0.011361135
0.010673049
0.012434875
0.012711617
0.012377254
0.012042507
0.011481398
0.011068715
0.011135577
0.012066787
0.012466497
0.012457886
0.011253254
0.007666004
0.0041482063
-0.0011697562
-0.0031330907
-0.0049026278
-0.0083853204
-0.010539838
-0.011805679
-0.013045565
-0.013300123
-0.013714161
-0.014819829
-0.013234933
-0.012747685
-0.01352936
-0.016782382
-0.017624852
-0.018563611
-0.018936438
-0.019597041
-0.018147942
-0.016272466
-0.015174847
-0.012407438
-0.0083330013
-0.0070374851
-0.006345758
-0.0060130129
-0.0051363052
-0.0035661537
-0.0011600334
0.0017272651
0.0043795019
0.0089171159
0.0099138478
0.010135521
0.0079443232
0.0084665936
0.0065331536
0.0050946992
0.0013395697
0.0031121719
0.006751879
0.0054641559
0.0073692463
0.0077448141
0.0065877045
0.0048455296
0.0001453507
-0.0012071577
-0.0023563592
-0.0033178677
-0.0031496008
-0.0038821657
-0.0036434013
-0.0025827739
-0.0030914559
-0.0045825585
-0.0051995891
-0.0058853986
-0.0052848363
-0.0044463329
-0.0052803493
-0.0046030157
-0.002971364
-0.0015111497
-0.00084130787
-0.00034640897
-0.00056578617
2.3402228e-05
0.0018611571
0.0038681214
0.0065909637
0.0055181488
0.0085947637
0.011208227
0.008019051
0.0091789689
0.010819822
0.010031204
0.0097436033
0.009674948
0.0099817848
0.01260382
0.0098595107
0.0097051955
0.0095847264
0.0082622392
0.009239965
0.008190405
0.0079600318
0.0063806244
0.006761704
0.013805438
0.013579929
0.015303812
0.014676184
0.012238095
0.0074635613
0.003597424
0.0015205583
-0.0017313846
-0.0051016366
-0.0073289032
-0.0069753962
-0.0015747557
0.0031139776
0.0001645548
-0.0042368972
-0.006153885
-0.011247484
-0.011957192
-0.011152256
-0.0083950886
-0.0044920778
-0.00060188192
-0.0018379255
-0.0036898998
-0.0032718808
-0.003304395
-0.0021919
-0.0054746061
-0.0076462475
-0.0080941579
-0.0034397169
0.00071983479
0.0032803681
0.004828082
0.0062875714
0.009917802
0.010694591
0.010642736
0.010226782
0.0097096459
0.011584634
0.010871786
0.0085478278
0.0073726739
0.0077621789
0.0085215214
0.010069158
0.010994382
0.011884402
0.010707786
0.0085066803
0.0052504503
0.0033037576
0.00068162779
-0.0013178506
-0.00333824
-0.0052928496
-0.0083544478
-0.008461834
-0.0080215544
-0.0098081164
-0.0095355295
-0.010345283
-0.010171325
-0.010474398
-0.011348477
-0.011428538
-0.013205329
-0.014063264
-0.014756428
-0.01546149
-0.013941062
-0.012107279
-0.010210324
-0.0081695758
-0.0060442338
-0.0032243973
-0.0022912801
-0.0026634119
-0.0023758239
-6.4488192e-05
0.00027246612
0.0011761573
0.0026563524
0.0032032958
0.0027158434
0.0043313017
0.0049758407
0.0043782425
0.0010008104
0.00061470485
0.0026220914
0.005875137
0.0049699677
0.0047396842
0.0058495603
0.0047694139
0.003366304
0.0046435844
0.0036410327
0.0017601744
0.00067795498
2.3679969e-06
-0.00059814026
-0.001293096
-0.0011201113
-0.0019672337
-0.003136607
-0.0044521938
-0.0046748697
-0.0047846905
-0.0044964451
-0.0041534347
-0.0054140399
-0.0061759046
-0.0049149365
-0.0043358215
-0.0033226292
-0.004191243
-0.0052252541
-0.0053986119
-0.0019029242
0.00098219637
0.00090574892
0.0025392181
0.0059565485
