0.0048179717
0.0048278461
0.005380912
0.0055217575
0.0057543598
0.0047550292
0.0036265563
0.0029617767
0.0039186951
0.0047150578
0.0062810771
0.0051796652
0.0031493651
0.0012536039
0.00013693663
-0.0002245617
0.00041004129
0.0026081805
0.0024654608
0.00027176596
0.002729522
0.0039784359
0.0037470801
0.0032336935
0.0026523533
0.0029644091
0.0035948599
0.0033366468
0.0030529809
0.0029262383
0.0025645036
0.003453866
0.003694898
0.0028731915
0.0027449881
0.0016174262
0.0020644648
0.0014298912
0.0010029103
0.0011439859
0.00082863965
0.0012085642
0.0023220016
0.0030289808
0.0032628276
0.0029218065
0.0031554546
0.0011010001
0.00081835156
-0.00025347464
-0.00054732493
-0.00086997605
-0.0016062349
-0.00089773038
-0.00060905804
0.00019906254
6.5426805e-05
0.0015304012
0.00021257787
-0.0025177555
-0.005477228
-0.0051252998
-0.0031434018
-0.0027936476
-0.0030578522
-0.003797316
-0.0054265757
-0.0078231842
-0.0092856064
-0.01139351
-0.011221366
-0.012139949
-0.012191247
-0.0096468917
-0.0096120617
-0.0099119361
-0.011205753
-0.01098172
-0.01061541
-0.010111402
-0.011663901
-0.0099253639
-0.0084101916
-0.0066866637
-0.0075847699
-0.0088923239
-0.0087604153
-0.0094024833
-0.007147679
-0.0067315667
-0.0055400003
-0.004035198
-0.0048675713
-0.0039597873
-0.0037783343
-0.0034427801
-0.0035246493
-0.0042126416
-0.0051676872
-0.0041871955
-0.0033758842
-0.003897779
-0.0033667768
-0.004138936
-0.0043918635
-0.0034865025
-0.0036053376
-0.0041894184
-0.0046943485
-0.0052424161
-0.0052711539
-0.0055215143
-0.0061940302
-0.0062790935
-0.0066221051
-0.0088048808
-0.0077711664
-0.0052842981
-0.0044739092
-0.00035580226
0.0019228532
0.0053263097
0.0061648927
0.0089747981
0.0092623308
0.0078366365
0.0082841853
0.0091031846
0.0095609596
0.0082227791
0.0062600583
0.0048831956
0.0054758471
0.0051901025
0.0043912341
0.0038727004
0.0031287358
0.0016119665
0.0016842216
0.0027615189
0.0026751531
0.0023984702
0.0027996169
0.0037954668
0.0048312762
0.0052905174
0.005477969
0.0053532857
0.0045975275
0.0038629096
0.0028887358
0.0034447057
0.0036641032
0.003570179
0.0034024331
0.0025647004
0.001195389
-2.6601827e-05
-0.0016751403
-0.0021948264
-0.0011889609
-2.8283424e-05
0.00031523784
0.0002337388
0.0020854373
0.0027721206
0.0032745456
0.0025291179
0.0022488408
0.0023845831
0.0019303887
0.002542089
0.002568344
0.0022180181
0.001728277
0.001788946
0.00066895629
-0.00033025916
-0.0011185858
-0.00043862915
-0.0013606163
-0.0023220595
-0.0043103976
-0.004309145
-0.0029739754
-0.0026931704
-0.0022355046
-0.0010227439
-0.00016197619
0.00065057541
0.0007294405
-0.00091318367
-0.00072129884
-0.0011349814
-0.0015430072
-0.0016169162
-0.0020151027
-0.0016884252
-0.0012783331
-0.0011113825
-0.0006302706
0.00039493435
-0.00056517718
-0.0028633261
-0.0035494588
-0.0016281511
0.00046256569
0.0013021612
0.00052092102
-0.00065511947
-0.0022856155
-0.0041038878
-0.0065154545
-0.0075929427
-0.0070171221
-0.0073192628
-0.0049533166
-0.0059688466
-0.008058064
-0.0089313744
-0.008229229
-0.0081047235
-0.0098064099
-0.0099857907
-0.0085775093
-0.0079736612
-0.0061749524
-0.0076020978
-0.0075315371
-0.0081584601
-0.0076028789
-0.0055838338
-0.0058056134
-0.005210269
-0.0031368684
-0.001958947
-0.0021878483
-0.0018771961
-0.0029407565
-0.0027474825
-0.0035969204
-0.0033928138
-0.0034046769
-0.0029340402
-0.0030208157
-0.0028817416
-0.0033839281
-0.003559281
-0.0032888937
-0.0039948673
-0.0049652887
-0.0050901883
-0.005923848
-0.0060008134
-0.0061740756
-0.0063973825
-0.0072016231
-0.0069389668
-0.0088494208
-0.01009467
-0.0094638662
-0.0067570706
-0.0015816364
0.0030434653
0.0053217778
0.0064215798
0.0083437802
0.0079800769
0.0066885282
0.0060672619
0.0067192897
0.005166148
0.0063720137
0.0058774154
0.0043899806
0.0041972595
0.0049358957
0.0043638521
0.0045852409
0.0036913422
0.0020749163
0.0013345818
0.0014437201
0.0010985514
0.0011941592
0.0024811116
0.0029851582
0.0041514619
0.0047073558
0.0044692075
0.0048043278
0.0044392227
0.0039058457
0.0036191869
0.0024796519
0.0036396676
0.0037795966
0.0037689684
0.0022669561
0.00063151851
-2.2565575e-05
-0.00073429074
-0.00055458208
-0.00060519764
-0.0006115661
-0.00083542677
0.0009839685
0.0021508077
0.0022772924
0.0029487872
0.0028362257
0.0027881427
0.0028579451
0.0039339147
0.00482028
0.0045869745
0.0048029729
0.00427497
0.0031940146
0.002264775
0.0010615103
-0.00011673321
-0.001932948
-0.0036566039
-0.0053600012
-0.0072530905
-0.0086601469
-0.0093026846
-0.00842546
-0.0067040483
-0.0066306267
-0.0059367394
-0.0045324738
-0.0019884751
-0.0016242473
-0.0013449973
-0.0021393208
-0.0031418948
-0.0031722966
-0.0025256438
-0.002438653
-0.0015575726
-0.001663533
-0.002784399
-0.0028867858
-0.0030491177
-0.0035563036
-0.0021415797
7.6926149e-06
0.0021601453
0.0033047135
0.0056269365
0.0041179778
0.0029088174
0.0015637779
6.5253852e-05
0.00095541174
0.00056399186
-9.8380444e-05
-0.00083166235
-0.0019787314
-0.0030757697
-0.0036260735
-0.0028776466
-0.0036455407
-0.0049320063
-0.0072615504
-0.0092140336
-0.0079617732
-0.006850943
-0.0052068632
-0.0064065249
-0.0082980112
-0.0070902769
-0.0063219671
-0.0051085597
-0.0039010436
-0.0031724252
-0.0023150714
-0.00072013778
-0.00035510117
-0.00071446045
-0.0020028466
-0.0022776082
-0.0016740492
-0.0017217568
-0.0016013315
-0.0023132292
-0.0029421176
-0.0026242414
-0.002974313
-0.0029446801
-0.003823638
-0.0044174216
-0.0042798477
-0.0045942991
-0.0050927132
-0.0050428361
-0.0057371355
-0.0051937645
-0.0064155651
-0.0073326859
-0.0085342997
-0.01080112
-0.0054122116
0.00029898261
0.0033985383
0.0044946358
0.0049393934
0.006477705
0.0063862582
0.0045865779
0.0066230809
0.0045044006
0.0028487102
0.0029137956
0.0033550876
0.0050218954
0.0041757494
0.0028128872
0.0030495052
0.0031852814
0.0024963566
0.0017611782
0.0010238554
0.00024575229
0.0014398151
0.0016050514
0.0022918115
0.0026246739
0.0036291221
0.0032755935
0.0051030752
0.0056552236
0.0058934023
0.0057891003
0.0053591626
0.0047740018
0.0052724966
0.0063358913
0.0057083732
0.0057607879
0.0043093911
0.0031273505
0.0018038602
0.00024661876
-5.9680007e-05
0.0015243439
0.0025889487
0.0031847536
0.004688443
0.0044542625
0.0047758944
0.0045884859
0.0051966963
0.0048394549
0.005148674
0.0058797135
0.0087309121
0.0096254927
0.0089845663
0.0088367844
0.0070567167
0.0053385547
0.0034761715
6.9879707e-05
-0.0031510478
-0.0068290969
-0.011003401
-0.01139599
-0.015818222
-0.016660919
-0.016280429
-0.012601091
-0.010014714
-0.0086868948
-0.0068098584
-0.0049194292
-0.0037135196
-0.0031809518
-0.0036446373
-0.003898267
-0.0034724826
-0.0040460832
-0.0037637079
-0.003456532
-0.0033570162
-0.0046869077
-0.0053254416
-0.005098025
-0.002846782
-8.0676901e-05
0.0020270358
0.0040029375
0.0085820594
0.0099353793
0.0088289469
0.0059487299
0.0064239252
0.007616254
0.006483469
0.0050941629
0.0031939414
0.0049840613
0.0049688208
0.0034974563
0.003515907
0.0040017593
0.0036499314
-0.0017038414
-0.0046671497
-0.0059441084
-0.0048634397
-0.0048112584
-0.0035765584
-0.0060459932
-0.0062736488
-0.0050047343
-0.0030536069
-0.0020666516
-0.0018501709
-0.0016148409
-0.00040422858
0.00085474289
0.00055117183
0.00026517068
0.00043459524
0.00052821137
0.00010260807
-0.00058231896
-0.0014523674
-0.0022330812
-0.0027204688
-0.0025933112
-0.0028894254
-0.0029224269
-0.0023458809
-0.0027810562
-0.0025520336
-0.0032071452
-0.0028425784
-0.0030344553
-0.0026891495
-0.0040423423
-0.0037586643
-0.0044235054
-0.0038740348
3.052533e-05
0.0029264857
0.0037403821
0.004411166
0.0066236946
0.0040409626
0.0041226029
0.0040980277
0.0058237722
0.0055152428
0.0069393629
0.0053068524
0.0028883862
0.0026922976
0.0038871318
0.0027729274
0.0019938858
0.0017793462
0.0019667434
0.0012622965
0.00033616719
0.00064085567
0.00051417405
0.0012943655
0.0022175672
0.0025014801
0.0030521962
0.0037469261
0.0044298583
0.0069747152
0.0069658836
0.0074256061
0.007980094
0.0083723849
0.0083326315
0.0090378153
0.0089137402
0.0099250641
0.0092943454
0.0073952017
0.0071410282
0.0049598166
0.0019881586
0.001513181
0.0056670923
0.0076914779
0.0082105397
0.0081001604
0.0085004706
0.008495464
0.0087220785
0.0098006798
0.0078103815
0.0069735638
0.0084486692
0.0099912696
0.012782756
0.013667113
0.012832463
0.011177997
0.0089941288
0.0060571835
0.0013531731
-0.0034456756
-0.0073588482
-0.012405654
-0.013931593
-0.018546379
-0.021505966
-0.018144254
-0.015709506
-0.014241487
-0.011838856
-0.011286431
-0.010653795
-0.0094825286
-0.0088375863
-0.0086735138
-0.0071711023
-0.0059754431
-0.0054534098
-0.0050399678
-0.0051989052
-0.0069652916
-0.008227931
-0.0095571081
-0.0086487492
-0.0059754849
-0.0011793366
0.0016585247
0.0029236655
0.0065516945
0.0065156731
0.0081339047
0.0076991531
0.0083175334
0.0080542735
0.0080181474
0.0062242517
0.0060203121
0.0098968944
0.0094148905
0.0092649679
0.0091352769
0.0072785346
0.0049413884
0.0017200108
0.0010285849
-0.00074627444
0.00035658218
0.00094573475
0.0011153939
-0.0008097775
-0.0029146268
-0.002584733
-0.0032799774
-0.0013388589
-0.0012849915
-0.0010848686
-0.00077208219
-0.00063973123
-0.00046895563
-0.00017115327
-0.00050150291
0.00036419236
-0.00044444102
-0.00016525074
-0.0013641728
-0.0019489883
-0.0019197655
-0.0021673533
-0.0027633578
-0.0020397138
-0.0018644187
-0.0018518802
-0.0012707174
-0.00097226692
-0.00086235327
-0.0007303166
-0.000798952
-0.00022115524
0.0016772007
0.0027259736
0.0042179817
0.0033577474
0.0051000005
0.0072918722
0.0094869582
0.0090469381
0.0072644962
0.0054226072
0.0065531119
0.0067147007
0.0071177018
0.0066132326
0.0045432512
0.002298129
0.0021234076
0.0028069475
0.0016192397
0.00071486605
0.00056614925
0.00065334989
0.00035517089
7.4486992e-06
0.00032887926
0.00096122803
0.0018885819
0.003318651
0.0044300113
0.0050310689
0.0054895153
0.0061612105
0.0080758772
0.0084356185
0.0091695418
0.010399844
0.011245596
0.013212707
0.015258441
0.013397072
0.012576821
0.0098555901
0.0093814347
0.0093373993
0.0066774042
0.0048945126
0.0058449744
0.0088475202
0.011057147
0.012339839
0.013513811
0.013476708
0.011441087
0.012095647
0.011396163
0.0086978524
0.0074954238
0.0074151625
0.012452015
0.0151214
0.015544913
0.016249708
0.014380643
0.016147647
0.013467895
0.009119429
0.00519952
0.0018709464
-0.004935488
-0.01245913
-0.016620075
-0.018384266
-0.016939745
-0.016432014
-0.017374279
-0.01801935
-0.0177766
-0.019537455
-0.017154416
-0.017437527
-0.015614217
-0.015133673
-0.013647143
-0.012578037
-0.013740301
-0.014456594
-0.014891624
-0.018300534
-0.017449546
-0.016575367
-0.01623775
-0.010943229
-0.014151887
-0.014504007
-0.0092640773
-0.0047705469
-0.003107733
-0.0015560613
0.001461297
0.0032100691
0.00069625415
0.00046138667
0.0014583719
0.0032360643
0.002919693
0.003273405
0.0065695
0.0058762005
0.0019159116
0.00031241806
0.00099103047
0.0006368329
0.00055890776
0.00082086518
-0.0011093092
-0.0012647961
-0.0018111186
-0.0025795603
-0.0027778141
-0.0017661385
-0.0014185354
-0.0019582395
-0.0022464855
-0.0016455626
-0.0011767241
-0.0012388555
-0.00079847
-0.00024044713
0.00019834061
-0.00053892278
-0.0015961074
-0.0019447915
-0.0024753292
-0.0019485652
-0.0018865541
-0.00058255137
-0.00046026008
0.00065130881
0.0012162402
0.0021086626
0.0025767301
0.0031700976
0.0045374265
0.0074378062
0.0083923403
0.0067851392
0.0058676822
0.0069583343
0.01090117
0.010273004
0.011293
0.010432276
0.010221677
0.0085449667
0.0086776684
0.0088134794
0.0071621759
0.006769395
0.0041838042
0.002910609
0.0013581772
0.0013333926
0.0006908153
-0.00024133182
-0.0015611774
-0.0021115139
-0.0013406498
-0.00060066762
0.001012192
0.0021659487
0.0039454195
0.0049263122
0.0060681901
0.0067016893
0.0068814063
0.0073961853
0.0086546935
0.0095201301
0.010090596
0.011508634
0.013309387
0.016191049
0.018084717
0.016970669
0.011748505
0.0094628706
0.0090617142
0.0064873043
0.0053947668
0.0056331288
0.0052899387
0.0088645409
0.013477288
0.016047416
0.016298521
0.01600202
0.013766782
0.012468258
0.010172748
0.0089100607
0.011148134
0.016332577
0.016774714
0.018536195
0.021310656
0.02531766
0.025843437
0.025073265
0.024243293
0.018398595
0.0141244
0.01025705
0.0023039014
-0.0050159791
-0.012434694
-0.015457235
-0.022933351
-0.024820413
-0.021904187
-0.028015912
-0.029148071
-0.030362895
-0.031610475
-0.033299357
-0.029001513
-0.031404672
-0.0294307
-0.032213536
-0.032166271
-0.031964294
-0.029699917
-0.034113224
-0.035641632
-0.040453504
-0.033567779
-0.025257409
-0.022394128
-0.026836128
-0.027399061
-0.025029375
-0.024062379
-0.016383184
-0.017032398
-0.013392461
-0.013706246
-0.01202318
-0.011640855
-0.011056164
-0.0063572016
-0.0049828348
-0.0023696102
-0.0025944085
-0.0041708616
-0.0045558058
-0.0034105175
-0.0019567437
-0.0012934373
-0.001381722
-0.0019705075
-0.0027139973
-0.0037652446
-0.0031648587
-0.0030088211
-0.0029608999
-0.0032520627
-0.0027317257
-0.0026458115
-0.0025902522
-0.0027726195
-0.0016126433
-0.0016826737
-0.0013516687
-0.0011959499
-0.0011559813
-0.0013836727
-0.00081351842
-0.00080028336
-0.00030867136
0.00057401155
0.0012675269
0.001988361
0.0030187889
0.0032344875
0.0043643278
0.0045436315
0.0061794428
0.0079525087
0.01167254
0.01149827
0.0054337448
0.0068121496
0.0077189638
0.010761727
0.010818469
0.012743608
0.011007523
0.0084755104
0.0093467105
0.0070680261
0.0065663997
0.0040346566
0.0035543764
0.0020436156
0.0011686262
-0.0016686424
-0.0018674236
-0.0042319305
-0.0063764801
-0.0050262924
-0.0025908087
-0.0020911828
5.8890358e-05
0.0013847075
0.0029210966
0.0032878924
0.0051695004
0.0062362764
0.0072943759
0.0075855461
0.0077188341
0.009850447
0.010976293
0.011216135
0.01185583
0.013698273
0.017197973
0.01671781
0.013191255
0.011529891
0.0095390357
0.0077237953
0.0049842726
0.0056334697
0.0031275042
0.00092454186
0.005849639
0.012967105
0.016468865
0.016538021
0.016108022
0.015426505
0.013123845
0.010545769
0.01065264
0.01755296
0.020296247
0.019303771
0.022616382
0.027793388
0.031511209
0.031847022
0.028495649
0.022822332
0.017482137
0.010885766
0.006878825
0.00014281025
-0.0056967267
-0.0070911804
-0.012911689
-0.023497746
-0.025200929
-0.021922796
-0.029970699
-0.034406456
-0.041824967
-0.041751909
-0.052616084
-0.044642402
-0.047258115
-0.049482673
-0.044862667
-0.050621068
-0.049037114
-0.053022843
-0.061000767
-0.052628945
-0.050881704
-0.049925425
-0.050878722
-0.043578428
-0.04319991
-0.041639079
-0.034971439
-0.033031078
-0.026096937
-0.023452609
-0.019709883
-0.021291039
-0.020446932
-0.017506801
-0.015940941
-0.014072241
-0.011365355
-0.010764492
-0.009070328
-0.0073722001
-0.005777136
-0.0046701859
-0.0030784041
-0.0028807461
-0.0023483023
-0.004180333
-0.0034433249
-0.004089236
-0.0040173648
-0.0037139898
-0.0025081098
-0.002972376
-0.0038372848
-0.0034498417
-0.0029045337
-0.002648425
-0.0019212963
-0.0019284486
-0.0014157452
-0.0011006973
-0.00044745576
-0.00044142263
0.00080610979
0.00045732832
0.0015327725
0.0012925615
0.0021841271
0.0030243991
0.0041806824
0.0046593927
0.0068392595
0.0067429407
0.008834019
0.0090789166
0.0142808
0.012316175
0.005720424
0.0055218978
0.007501065
0.01128723
0.012337201
0.011420732
0.0093960931
0.0054890968
0.0037742672
0.002362187
0.0027072911
0.00052725276
-0.00033049082
-0.0039628729
-0.0059307664
-0.0057567726
-0.0068216979
-0.0068628888
-0.0041951437
-0.0026631433
-0.00038741716
0.0011009807
0.0014430125
0.0023857921
0.0045694324
0.0045965149
0.006062371
0.0064264018
0.0072995806
0.0077223279
0.0089913973
0.011552116
0.011985922
0.01443774
0.014224119
0.016452988
0.015908571
0.013237755
0.0090327452
0.0064993991
0.0066557716
0.006259637
0.006067977
0.0038246261
0.0025589374
-0.0028179157
0.0021072828
0.012539933
0.015827061
0.016808361
0.015851711
0.018924902
0.018420083
0.015331712
0.013722106
0.01648596
0.018320765
0.018050353
0.023295856
0.028148351
0.028720371
0.026888442
0.021636792
0.017106741
0.010999275
0.0052875581
-0.0037175276
-0.0083052649
-0.013812635
-0.013168868
-0.02042194
-0.025298086
-0.022054725
-0.026173836
-0.030345665
-0.037118209
-0.047365914
-0.052250511
-0.048355078
-0.052415269
-0.053651828
-0.055688068
-0.052304504
-0.063759812
-0.064348584
-0.066311686
-0.070730378
-0.065574239
-0.063614294
-0.062716745
-0.057900234
-0.055281115
-0.049281132
-0.044437268
-0.039425558
-0.032627554
-0.026843093
-0.024196112
-0.023572553
-0.023509263
-0.021392315
-0.019936271
-0.017535059
-0.015257365
-0.011783604
-0.0090000018
-0.0082731793
-0.0075708521
-0.0040243134
-0.0017360395
-0.00080045797
-0.0016468112
-0.002019832
-0.0028678635
-0.0032866996
-0.0035252022
-0.0026982627
-0.0020538027
-0.0027262311
-0.0020708891
-0.0015586595
-0.0015302324
-0.0017338323
-0.0013292331
-0.00086635982
-0.0003962641
0.00026475739
0.00099614641
0.0025595957
0.0025394317
0.0024266196
0.0031752707
0.003439614
0.0038070596
0.0049009088
0.0052159288
0.0057720859
0.0069404522
0.0087627686
0.0096651823
0.010068463
0.011435132
0.01340678
0.011958481
0.0032887699
0.0043279391
0.0060306437
0.0080849108
0.0091704574
0.0081528874
0.0053454842
3.1132782e-05
-0.00010598208
-0.00093579537
-6.644278e-05
-0.002510337
-0.0067294535
-0.0037924533
-0.0034824425
-0.0030767923
-0.0015188904
0.0012166451
0.0018817427
0.0029831955
0.0028757082
0.0050441682
0.0056329915
0.0071521111
0.0059017101
0.0079515733
0.0071866788
0.0082142741
0.0086169434
0.01074225
0.012064307
0.013319468
0.013253444
0.013885193
0.009688364
0.0089937911
0.0063223265
0.0032586597
0.0016184304
0.00080281739
0.0015169856
0.0040223492
0.0013354354
-0.0028118004
-0.0080714894
-0.0077403658
0.0014088398
0.0072076342
0.010581746
0.014451349
0.014367771
0.01753762
0.020577081
0.018394561
0.013472281
0.010850027
0.01083096
0.011375721
0.01227814
0.01277317
0.0095563115
0.010597658
0.0064008111
0.0014902364
-0.0061092067
-0.012553303
-0.021383224
-0.025737732
-0.028881516
-0.025833563
-0.0304915
-0.035857204
-0.041051618
-0.041018935
-0.043232384
-0.045958297
-0.055081224
-0.061167755
-0.059310204
-0.061724418
-0.062732157
-0.059219875
-0.060864164
-0.071244486
-0.071885
-0.072281038
-0.068576359
-0.069495716
-0.064825929
-0.063218657
-0.059540147
-0.054312572
-0.045151545
-0.039744176
-0.034594025
-0.030579823
-0.025700321
-0.02476439
-0.023155822
-0.024216713
-0.021848176
-0.022596724
-0.019893018
-0.016450726
-0.014410103
-0.011720074
-0.010859815
-0.0058186287
-0.0037215083
-0.00095806077
0.0025672515
0.0011021365
-0.0025466431
-0.0021049416
-0.0016149659
-0.0028835095
-0.0025433357
-0.0022299882
-0.0014845644
-0.00091230115
-0.0014212107
-0.00067608709
-0.0025388294
-0.002432101
-0.001343754
-0.0011082475
0.0019409364
0.0013401383
0.0030554701
0.0041468952
0.0054508469
0.004682994
0.0064968414
0.0073671605
0.008876393
0.0092801643
0.0096391835
0.0099674646
0.011869455
0.011920492
0.013449004
0.014652874
0.017662542
0.011992264
0.0055544837
0.003136364
0.0020255165
0.0028488284
0.0054913117
0.0041489598
0.0024412867
-0.0024406769
-0.004785682
-0.002846313
-0.0047019937
-0.0049500467
-0.0033333005
-0.00029288485
0.0013702272
0.0052107267
0.0059871186
0.0055901912
0.006338133
0.0069455113
0.0060947231
0.0079079372
0.0085871266
0.0085720238
0.0081201642
0.0087156729
0.0098962213
0.011228209
0.011673546
0.011799622
0.01150278
0.0043800774
0.0058635308
0.0016266716
-0.0036726444
-0.00040030744
-0.0008630316
-0.0043782234
-0.0025531685
-0.0018395788
-0.002060419
-0.0031691173
-0.0024482057
-0.0074632142
-0.015316426
-0.012904342
-0.0063851545
-0.0015408124
0.0030903999
0.0068956383
0.011135269
0.015635769
0.017856831
0.017520242
0.013258967
0.0049788279
0.00018851713
-0.0043755214
-0.0052683686
-0.010146984
-0.015537158
-0.021287048
-0.025646474
-0.028806566
-0.029674719
-0.03364522
-0.046557017
-0.053150852
-0.049094852
-0.039528414
-0.048831886
-0.056841629
-0.060541261
-0.060158269
-0.061734485
-0.06442106
-0.066190191
-0.065971161
-0.071175666
-0.069053973
-0.069314025
-0.068217226
-0.067568845
-0.06932695
-0.069815096
-0.066952965
-0.062294661
-0.060482199
-0.054514423
-0.049511647
-0.049380592
-0.046113719
-0.038372054
-0.034135481
-0.035031991
-0.031470309
-0.024965326
-0.025930664
-0.025874972
-0.024826976
-0.025211483
-0.022197068
-0.02055886
-0.019065821
-0.017289684
-0.014221939
-0.0098967233
-0.0059324922
-0.0034579809
0.0014883714
0.0034259011
0.0038843016
0.0015478805
0.0001921473
0.0038511332
0.0013195529
0.00096366259
0.0007313438
-0.00050728747
0.0023822538
0.0017860832
0.0011481406
0.0012158742
9.0018514e-06
0.00016788514
0.00078162258
0.0022066533
0.0037616617
0.004457863
0.0041560687
0.0065471201
0.0065862546
0.0075653317
0.0081286307
0.0097950931
0.0095168711
0.011559753
0.010725027
0.015528321
0.013101803
0.015215107
0.011071725
0.0084030541
-0.00034991704
0.0043850984
0.014817672
0.002751348
0.0060577177
0.0058304287
0.0041674966
0.0011540654
-0.0008925408
-0.0021903874
-0.0015927341
-0.0044594073
-0.0028919425
0.001669008
0.0046078438
0.0069159624
0.0099747422
0.011242175
0.0072538264
0.0096185429
0.011141987
0.009049439
0.0097946223
0.010604896
0.0097639327
0.010862826
0.0095565031
0.010500295
0.0079682486
0.0068535007
0.0075114612
0.0066302803
0.00039361079
0.00047364656
-0.0008736525
-0.0019081991
-0.0039294547
-0.0056078542
-0.0034209839
-0.00037368245
-0.0024160221
-0.00075128903
-0.0041360673
-0.0033460868
-0.0070687922
-0.0097532422
-0.0071146899
-0.010031022
-0.005761557
-0.0017492024
0.0023738961
0.0055240549
0.010583095
0.01159441
0.01357709
0.010923769
0.0044264273
-0.0051956565
-0.014885716
-0.023388228
-0.035563533
-0.043583706
-0.051512481
-0.050251896
-0.04480784
-0.051791746
-0.054390439
-0.066160138
-0.075698308
-0.078709792
-0.069366533
-0.07422647
-0.085115247
-0.089857226
-0.082170486
-0.07817741
-0.074171282
-0.072060387
-0.0696221
-0.066851639
-0.058318954
-0.056214728
-0.066833733
-0.068015112
-0.063341798
-0.059830963
-0.054001005
-0.048509999
-0.044628981
-0.038180108
-0.033231574
-0.031583473
-0.027948347
-0.023777508
-0.022175304
-0.022759439
-0.022584181
-0.018967436
-0.019415385
-0.019716513
-0.018729957
-0.018096621
-0.017688277
-0.019515804
-0.014749577
-0.011311251
-0.012656144
-0.0077283404
-0.0029811867
-0.0022455201
-0.0014497369
0.003074873
0.0026275375
0.0007339162
-0.001323051
0.0015265183
0.0024963633
0.00047820719
0.00019112508
-0.0028433836
-0.0023426401
0.0010475395
0.0017272182
0.0028329261
0.0032579826
0.0014320202
0.002187288
0.0033474988
0.0044353565
0.004881754
0.0062724858
0.0081929272
0.010218824
0.012387225
0.011893867
0.011293329
0.01102066
0.013689991
0.015460327
0.016726784
0.021136693
0.02586123
0.016989377
0.0083080279
0.00083884719
0.0098361793
0.014138918
0.0085267703
0.0060599715
0.004122767
0.0049201009
0.0032674057
0.0015962485
-0.00070266058
4.2011437e-05
-0.00054179889
0.001342052
0.0031897881
0.0070637314
0.0072486374
0.008769543
0.01248292
0.010376323
0.013046909
0.012138891
0.013247755
0.0106367
0.010785872
0.011109153
0.0098621187
0.0083853507
0.0072135327
0.0060811339
0.0065310044
0.0044240092
0.0033904146
0.00022638825
0.00063102812
-0.0016555008
-0.00047588491
-0.0021308485
-0.0043552996
-0.001680111
-0.0014652152
-0.0031293849
-0.0001147328
-0.0012705108
-0.0016721014
-0.0014552056
-0.0013337269
-0.0073489473
-0.011569198
-0.010888612
-0.010055285
-0.0091661358
-0.0063137926
-0.0028808666
-0.0012323681
0.0013738305
-0.00094209311
-0.004257689
-0.010352943
-0.020523857
-0.034865905
-0.051474773
-0.068864581
-0.07177651
-0.063693633
-0.065597618
-0.074264952
-0.083468529
-0.090790857
-0.095530892
-0.094190751
-0.085595385
-0.076381416
-0.085495431
-0.082299886
-0.073816993
-0.07866003
-0.08083581
-0.078080243
-0.064274025
-0.050385506
-0.044600074
-0.045770056
-0.055969883
-0.055068437
-0.040727749
-0.034918854
-0.02961017
-0.023752139
-0.018679419
-0.015122785
-0.011176914
-0.0078732972
-0.0057263695
-0.0057468947
-0.003894022
-0.0034946795
-0.0039790459
-0.0021072474
-0.0056730775
-0.007078645
-0.0072060346
-0.0095994719
-0.01055347
-0.0071126873
-0.0062527794
-0.0075214087
-0.0080865357
-0.0071097202
-0.0064334596
-0.0066212874
-0.0042429462
-0.0031482196
-0.0020102663
-0.0022331499
-0.0034759174
-0.0038858801
-0.0072356186
-0.0069858866
-0.0083874369
-0.0084561601
-0.0035211793
-0.0047745835
-0.0039433083
0.0023201717
0.0048099849
0.0061216286
0.0064330483
0.0084625815
0.014385374
0.018866572
0.022064049
0.024475641
0.0292044
0.031191766
0.032946452
0.035495766
0.032509713
0.032819691
0.031442443
0.025153462
0.017889486
0.015138398
0.0031881892
-0.0015551119
0.010862489
0.017070853
0.015475335
0.0067880001
0.0075742234
0.0034793333
0.0012030948
0.00015434518
-0.00072692932
0.00073197687
0.0013095007
-0.00059044025
-0.00019480968
0.002305313
0.0035136715
0.0048149385
0.0059399484
0.0083226619
0.0095988344
0.0083624454
0.0079230759
0.0094958673
0.0095065406
0.0097097756
0.0088594407
0.0058988903
0.0041794338
0.0044920556
0.0072358702
0.006361694
0.0028209238
0.00013727844
0.0023222068
-0.00051259455
0.0021823764
0.0016901615
-0.0012431344
-0.0026062324
-0.0031298794
-0.0042409441
-0.0010691453
-0.00018683476
0.0014073579
0.00027408477
-0.0010791629
-0.0028898236
-0.010531526
-0.018092344
-0.016865209
-0.020041616
-0.018999642
-0.016228139
-0.013198122
-0.011272593
-0.0099860396
-0.014794239
-0.01678629
-0.023351412
-0.031484237
-0.044024283
-0.060837744
-0.085024017
-0.074043542
-0.071370465
-0.082389175
-0.080757279
-0.085767077
-0.085786419
-0.083729909
-0.075943183
-0.065461447
-0.045764251
-0.042166716
-0.052434381
-0.055225936
-0.062018964
-0.071688961
-0.065335749
-0.054057906
-0.035626235
-0.017717618
-0.023283332
-0.035175669
-0.027248162
-0.016613574
-0.0082650866
-0.0042294291
9.5946512e-05
0.0035585568
0.010175456
0.010084604
0.012140099
0.012471921
0.010458309
0.010803301
0.0083341952
0.007477918
0.0062887539
0.0045604256
0.0036674771
0.0044234516
-0.00046340734
-0.00209249
-0.0019602486
-0.0019861526
-0.0037358169
-0.0051929781
-0.0037639332
-0.0025988322
-0.0020547296
-0.0013900821
-0.0019766362
-0.0032611334
-0.0052127768
-0.0055870813
-0.0053073209
-0.0065849953
-0.0081776218
-0.006214905
-0.0080848594
-0.0066701971
-0.0042692445
-0.0016169263
0.00043412001
0.0035609178
0.0060661004
0.0068675388
0.013221707
0.021099514
0.024459355
0.032338477
0.039570641
0.043795619
0.046492675
0.044011334
0.040835751
0.041897508
0.041764374
0.034820934
0.032002353
0.025899116
0.01181171
0.00065793567
0.011950491
0.015519981
0.01731478
0.01253589
0.006965278
0.0024992565
0.00036752275
-0.0012113243
-0.0018216247
-0.0027530813
-0.00067529127
0.00016422672
0.0014189429
-1.9073017e-05
6.2645719e-05
0.00087558798
0.0035654364
0.002234104
0.0033931692
0.0057831655
0.0061479062
0.0062534921
0.0064258379
0.0050037014
0.0051427437
0.0029610608
0.0016176277
0.00091783359
0.0016267062
0.0035856248
0.0043615457
0.0032408501
-0.00038236663
0.00067643104
0.0017330714
0.00014432879
-3.5503192e-05
0.0021148501
-0.00011049888
-0.0015077777
-0.0018960154
-0.0013467763
-0.0022457728
-0.0031457783
-0.0029465145
-0.0045599678
-0.0092773737
-0.013534629
-0.017815565
-0.015683523
-0.015737057
-0.019458495
-0.022024215
-0.022430741
-0.021761316
-0.020879133
-0.024209499
-0.027357262
-0.032346566
-0.039653272
-0.050149343
-0.064513334
-0.077813842
-0.069527427
-0.076471931
-0.082145724
-0.0781727
-0.075793727
-0.065342416
-0.053391246
-0.042708468
-0.033127839
-0.016208466
-0.023363921
-0.038269731
-0.039791194
-0.041489473
-0.038003047
-0.031398748
-0.024672067
-0.012991694
-0.00045822641
-0.007936332
-0.0095383969
0.0011398215
0.008917493
0.012235044
0.01374622
0.020548583
0.02268994
0.022111403
0.01776219
0.019385711
0.017638823
0.016049977
0.01771325
0.015135154
0.012266766
0.011148318
0.0074004001
0.0081258604
0.0054148029
0.0034120814
0.0012303609
0.001948314
-0.0012889165
-0.0013027177
-0.0043100596
-0.0044341049
-0.0030093226
-0.0021237347
-0.0022645772
-0.0013713416
-0.00023990085
-0.0028082809
-0.00143929
-0.0016907546
-0.0012458399
-0.00096390771
-0.00017668506
-0.00078376778
0.00060817771
0.0015736586
0.0053595007
0.008922922
0.011083267
0.011345808
0.012686789
0.015822958
0.024288906
0.029982372
0.034904664
0.041140494
0.047122774
0.048055645
0.046247032
0.043439656
0.04196737
0.04042223
0.02724971
0.018664993
0.0082450269
0.0044452028
0.0075370222
0.014350829
0.012958282
0.010976011
0.0059681318
0.0029668609
0.0010037083
-0.0031631501
-0.0023656639
-0.0029374475
-0.0037817656
-0.000999898
-0.00081262458
-0.0017921776
-0.001837951
-0.0024464786
-0.0019950398
-0.0010993923
0.00065856727
0.0014654704
0.0021483097
0.0047457885
0.0061320007
0.0054071164
0.0034314473
0.0026325909
0.0024459607
0.0011510589
-0.0018421284
-0.0039407489
-8.4453718e-05
0.0011424832
0.0021426158
0.00091685417
-0.0023959506
-0.0032245468
-0.0051886828
-0.0037066666
-0.0030803342
-0.0028396529
-0.00056928043
-0.0027876086
-0.0024842588
-0.0031147569
-0.0036876398
-0.002471284
-0.0051328167
-0.0078512289
-0.011425295
-0.011512805
-0.014132945
-0.014419652
-0.014446426
-0.016674033
-0.021550133
-0.024116091
-0.025272725
-0.027119458
-0.030226729
-0.035464509
-0.040565317
-0.045739548
-0.052736252
-0.05370769
-0.05075612
-0.05591832
-0.059584393
-0.059025295
-0.049944955
-0.037145115
-0.022429841
-0.0074996958
-0.0020331106
-0.0016131912
-0.012896092
-0.023916818
-0.02093022
-0.020732414
-0.015225657
-0.007969433
-0.00081467001
0.0060998747
0.011812644
0.0087621276
0.010188874
0.016843571
0.019930151
0.023094797
0.0206558
0.021379896
0.021375487
0.021396597
0.016981867
0.016061021
0.016531217
0.014547516
0.01497379
0.011183431
0.009625405
0.0079292475
0.0051887394
0.0050055906
0.003933952
0.0024896837
-0.0015952223
0.001106351
0.0011340973
-0.00044877514
-0.0025560409
-0.0048954981
-0.0030748749
-0.0028052511
-0.0017760176
-0.002836985
-0.0014090404
-0.00036859153
-0.0006350176
-6.6641437e-06
0.0021204717
0.0026393532
0.0028031605
0.0016626561
0.002787402
0.0056465802
0.0075390184
0.010339088
0.014104577
0.015313313
0.01818593
0.023324872
0.026873403
0.030126808
0.032890467
0.035993369
0.039299249
0.040174497
0.035352509
0.026823917
0.017351511
0.014813741
0.012623931
0.0088645293
0.00016577911
0.0052421847
0.01354377
0.0099521549
0.011979667
0.0086468925
0.0044751691
0.00027449441
-0.0042716134
-0.0062763147
-0.0068681728
-0.007900784
-0.0083337441
-0.0061648779
-0.0033774535
-0.0014032628
-0.0022539923
-0.003614422
-0.0034302994
-0.0030805258
-0.0016636679
-0.00074761692
-5.4269549e-05
0.00053799925
0.00093334809
0.001156097
7.764501e-05
-0.00053077527
-0.0014280754
-8.7543173e-05
-0.0032678951
-0.0038408474
-0.0018330441
-0.0023871775
-0.0015820091
-0.0029477917
-0.0047159833
-0.004455047
-0.0053638359
-0.0063851908
-0.0047131264
-0.003730765
-0.0028350546
-0.0013580343
-0.0025333095
-0.0027358462
-0.0027745176
-0.0035911125
-0.0021168787
-0.0038851559
-0.0048790398
-0.0083654316
-0.0098242808
-0.0091785624
-0.012579886
-0.012002796
-0.015889032
-0.019802567
-0.022955586
-0.025844634
-0.0271146
-0.033114139
-0.03777781
-0.040060855
-0.038122096
-0.032431434
-0.032229261
-0.035349383
-0.027124086
-0.026425037
-0.023967469
-0.0095848404
-0.0018863249
0.0083922929
0.0068776357
0.0037821873
-0.0036500017
-0.0066790949
-0.0081887623
-0.0060362523
-0.0010191074
0.0014913119
0.0052893497
0.0083711413
0.016651368
0.017115437
0.017740479
0.017961549
0.017351277
0.020063555
0.018196873
0.017901652
0.015596008
0.014409271
0.01395851
0.011259688
0.0073532705
0.0064879002
0.0080397361
0.005884559
0.0059649677
0.0051267825
0.0054188707
0.0027977347
0.0013550793
0.00063074871
0.001690171
0.0022585305
0.001822953
0.0014872849
-0.001232974
-0.002468119
-0.0020345299
-0.00079215228
-0.0013587941
-0.0018704143
-0.0018470633
-0.0010388587
-0.00086196195
0.00089586821
0.0024573608
0.0023829824
0.0025072891
0.0023827349
0.0020303782
0.004384604
0.0058091406
0.0071733154
0.010314673
0.013426747
0.016042722
0.018997681
0.022316674
0.024779708
0.027711375
0.025902751
0.025717888
0.021851324
0.010033089
0.0085781976
0.008717244
0.0085860267
0.011042025
0.0077141279
0.0039827388
0.0073011123
0.010663988
0.0099592395
0.0094913595
0.0072021676
0.003165367
-0.00024216702
-0.0010859806
-0.0022221017
-0.0030568945
-0.0035108597
-0.004565286
-0.0033905562
-0.0030543455
-0.0023252142
-0.0012374085
-0.0024704277
-0.0047724827
-0.0044367087
-0.0032107088
-0.00326059
-0.0026413267
-0.0032338352
-0.0032618785
-0.0035513199
-0.0032621923
-0.002668065
-0.0028335366
-0.0018804774
-0.0034767541
-0.0024729788
-0.0013700151
-0.00359516
-0.0012969781
-0.0039053294
