0.0042604924
0.0039603472
0.0043097026
0.0042528896
0.0045022757
0.0039201095
0.0038803108
0.0060315633
0.0065742532
0.0057982869
0.0053953434
0.0069870592
0.0062626405
0.0039290582
0.0022028825
0.0015177207
0.0019911856
0.0037897249
0.0060681723
0.0079044703
0.0095583012
0.010998413
0.0083646251
0.0091647644
0.0091605738
0.0092626684
0.0089676276
0.0061125367
0.0051503173
0.0069654629
0.0063965274
0.0063652036
0.0059515666
0.0055529673
0.0047192554
0.0032419625
0.0044843419
0.0044838333
0.0027867086
0.0028083179
0.003900179
0.0030158735
0.0012116879
0.0012919906
-0.0007588707
-0.0039224607
-0.0068301768
-0.010411383
-0.012770365
-0.01550731
-0.014605998
-0.014999559
-0.016667314
-0.015200882
-0.013686365
-0.012927627
-0.011824577
-0.0089755273
-0.0072850808
-0.0079239094
-0.0097465264
-0.00823512
-0.0056179553
-0.0045734592
-0.006866155
-0.0098565258
-0.011964125
-0.01483613
-0.015268115
-0.016898103
-0.016013511
-0.018478851
-0.019380224
-0.017406294
-0.015985229
-0.015393753
-0.014681812
-0.012766835
-0.0087623912
-0.005848566
-0.003294361
-0.00064106113
0.00059528893
-0.0013966073
-0.001933092
-0.0012615494
-0.0033065271
-0.0044958508
-0.0054646519
-0.0030785961
-0.0017000763
-0.00033489116
-0.00079622599
-0.00012231379
-0.00090703608
-0.0018248833
-0.0025496218
-0.0014181205
-0.002507045
-0.0034531053
-0.0028140881
-0.0027089122
-0.0026675338
-0.0039672118
-0.0041837904
-0.0037601214
-0.0028846601
-0.0028867112
-0.0032593317
-0.0040942897
-0.003952976
-0.0048771747
-0.0058805132
-0.0056875736
-0.0047641693
-0.0056998725
-0.0040722043
-0.0052716742
-0.0056600135
-0.0016221616
-0.00035946464
0.0007989973
0.0012610389
0.0047622256
0.0063100141
0.0038574734
0.004679046
0.0058038407
0.0075089876
0.008823989
0.010349554
0.0096617482
0.0079007912
0.0076991039
0.0063568506
0.0050748176
0.0038666565
0.0022206999
0.0030029142
0.0023972021
0.0024700573
0.0025707838
0.0031130827
0.0035799481
0.0045403774
0.005393121
0.0059389526
0.00657839
0.0059423087
0.0059407683
0.0055738592
0.0060200815
0.004745532
0.00470073
0.0043622446
0.0044052444
0.0042366522
0.0028830637
0.00014808238
-0.0005351031
0.0015655488
0.0028827544
0.0048339519
0.0065119784
0.0069032183
0.0077307794
0.0075026299
0.0067967564
0.0092181971
0.0095858617
0.0071400073
0.0056800235
0.0041972515
0.004491973
0.0050969171
0.0043097183
0.0034110053
0.002348289
9.3312177e-05
-0.0003020478
-0.00079585668
-0.0019374436
-0.0046726213
-0.0071053919
-0.0076670321
-0.0082217844
-0.0094795112
-0.010198679
-0.01224558
-0.013945062
-0.015079624
-0.018062056
-0.020164759
-0.019850395
-0.018525333
-0.018861525
-0.018043999
-0.017715827
-0.015012756
-0.016460524
-0.014589999
-0.012866936
-0.010401556
-0.010520344
-0.0088240603
-0.0066185057
-0.0047134012
-0.0039843806
-0.0044622098
-0.0070520984
-0.0086364528
-0.0098775866
-0.011198385
-0.011814942
-0.011567554
-0.010622977
-0.0073031494
-0.0053373995
-0.0056708133
-0.0056387363
-0.0040608479
-0.0010729906
0.00049890292
0.0022437355
0.0042655416
0.0049978633
0.0039297617
0.0024494134
-0.0006466704
-0.003825848
-0.0036911116
-0.0029440061
-0.0027867605
-0.00097144623
0.0013724139
0.0031687544
0.0014523742
0.00028386875
-0.0021012281
-0.0012360589
-0.0016227109
-0.0010941566
-0.0013399284
2.5977327e-05
-0.00053912387
-0.00094536087
-0.0018862934
-0.0021824169
-0.002779603
-0.0021049786
-0.0023519163
-0.002265546
-0.0025730242
-0.0032344583
-0.0036690887
-0.004196953
-0.0048047086
-0.0041166663
-0.0035682801
-0.0033100259
-0.0047264508
-0.0054552826
-0.0040076009
0.00072245682
0.0021099179
0.0038115839
0.0056515924
0.0055980454
0.0076510848
0.0066381603
0.0080945869
0.0075778571
0.0082898978
0.0088204063
0.0095128189
0.0069517692
0.0073402745
0.0064962871
0.0057156273
0.0049227111
0.0033550108
0.0031646777
0.003150838
0.003577661
0.0035190103
0.0037995733
0.0040764201
0.0042017263
0.0067318504
0.0072022583
0.0088440362
0.0095887924
0.010172906
0.010318398
0.0094179265
0.0078179879
0.0063014673
0.0050654245
0.0060208506
0.0044928207
0.0025820288
0.00276412
0.0032865098
0.0030222425
0.0036067387
0.0036569372
0.0044654279
0.0070107655
0.0085525095
0.0081812021
0.0073942053
0.0072677308
0.011457182
0.01247129
0.0078693315
0.0039366835
0.00095687097
0.0026887134
0.0032098383
0.00161527
0.00024690159
-0.0025625746
-0.003535688
-0.0059631341
-0.010014359
-0.013970951
-0.016323839
-0.019431838
-0.019409584
-0.019582601
-0.020532769
-0.021864681
-0.023235785
-0.024297863
-0.02459449
-0.025323185
-0.025681053
-0.026595585
-0.025684836
-0.023877925
-0.021664358
-0.020015134
-0.019937306
-0.019952084
-0.019975297
-0.018335051
-0.01693723
-0.015488283
-0.011736194
-0.0086810717
-0.0047640673
-0.0053942981
-0.0039613744
-0.0054073643
-0.004585337
-0.0033832605
-0.0032679579
-0.0010199071
-0.0005491879
0.00044490928
0.0037592235
0.0078533164
0.0090956732
0.009915894
0.010008672
0.0095750039
0.010342791
0.010198716
0.0078550446
0.0076700946
0.0050622267
0.0036744376
-0.00077998268
-0.0022461852
-0.0016973679
-0.0011494741
-0.00027075998
0.0024900701
0.0039297498
0.0051489822
0.0034211701
0.0016107975
0.00033517326
-0.00071898649
-0.00031301668
-0.00047253501
0.00057560464
0.0012424992
0.0011610661
0.00072343363
0.00055948172
0.0007614489
-0.00047005739
-0.00029220575
-0.00010907765
3.9932074e-05
-0.00028835686
-0.00049537146
-0.0006133003
-0.00090314172
-0.00012695817
-0.00036932973
-0.00098274187
-0.0034393804
-0.00056021894
0.00057836575
0.0028821701
0.0054719047
0.0014958685
0.0062531674
0.0085457761
0.010483397
0.010358972
0.0112112
0.010470004
0.0099172299
0.0077260284
0.0086730816
0.0091501009
0.0060009219
0.004579909
0.0034741134
0.003736039
0.003200174
0.0027105138
0.0032549403
0.003835972
0.0045205
0.0049865562
0.0051477596
0.0056212301
0.0053155247
0.0093670276
0.0098305895
0.011559611
0.012815908
0.013376252
0.011344694
0.014572786
0.014820759
0.011779227
0.0089006376
0.010340842
0.010315251
0.0080212179
0.007042489
0.0061889077
0.0052019441
0.0097375942
0.0095230743
0.010653434
0.010323165
0.010354184
0.010838595
0.01023695
0.0125842
0.013179466
0.012628541
0.010686346
0.0052610248
0.0034554339
0.0053355352
0.003626755
0.0020931365
-0.0016025375
-0.0050505694
-0.0087061911
-0.014598848
-0.021841587
-0.02464975
-0.026078501
-0.02871409
-0.033324156
-0.030594756
-0.030372499
-0.03222899
-0.03303782
-0.034260564
-0.033458999
-0.034440702
-0.035547224
-0.034707811
-0.032084349
-0.030935379
-0.030226004
-0.029283311
-0.028899138
-0.031001065
-0.031382894
-0.031347698
-0.027927792
-0.021779962
-0.016444372
-0.013412299
-0.0087973044
-0.0057898263
-0.0032359255
-0.0035113195
0.00016200402
0.0047739676
0.0072278044
0.011633879
0.010868696
0.013636828
0.017284205
0.018093483
0.019360095
0.018470898
0.020223263
0.020356077
0.016343404
0.014884234
0.014126016
0.011557178
0.0084111363
0.0075652803
0.0042929595
0.0038027717
0.0019674969
0.0036563047
0.0038581696
0.0042278693
0.0040196746
0.0040847026
0.0031878297
0.0026023842
0.0013314228
0.0013439311
0.0023375211
0.0023298905
0.0032875154
0.003803242
0.0034157476
0.0027061076
0.0021103153
0.0024290337
0.0031253261
0.0026163637
0.0030557607
0.0034396593
0.0032933789
0.0034109902
0.0026535439
0.0023621177
0.0035482039
0.0046727993
0.0051352263
0.0046850528
0.0061709643
0.0070405282
0.003835699
0.0021495995
0.0035359823
0.0083944803
0.012497511
0.013850672
0.013837077
0.013334172
0.014027315
0.012650119
0.0088522604
0.006649472
0.0035035942
0.00053915906
0.00063772173
0.001700314
0.0028604288
0.003327332
0.0030369757
0.0039731508
0.0042468976
0.005699151
0.0067406104
0.0072881346
0.0079648274
0.0082493906
0.012219482
0.013241697
0.014224955
0.015223421
0.016441449
0.013822345
0.019354761
0.020540132
0.018876544
0.019657649
0.016907458
0.014312561
0.01229051
0.0092431229
0.0071702263
0.0093773476
0.014464463
0.018323348
0.019533655
0.019477606
0.018633894
0.019120662
0.020380333
0.021417303
0.020016011
0.019363079
0.01831728
0.012526955
0.0070592406
0.0054221415
0.006404763
0.0015579015
-0.0033567722
-0.0082207841
-0.012844478
-0.018982799
-0.026464965
-0.029833331
-0.03306508
-0.039206492
-0.042277855
-0.040770067
-0.039210799
-0.038075783
-0.03953936
-0.040521819
-0.042218832
-0.042624897
-0.044519802
-0.042468759
-0.039784983
-0.039327541
-0.039521069
-0.042244134
-0.04341569
-0.042760369
-0.044441839
-0.041342129
-0.037805
-0.031329625
-0.024700941
-0.022746931
-0.016984781
-0.014992928
-0.0093919818
-0.0050108806
-0.00021618099
0.0061262885
0.0089135118
0.014731149
0.018147675
0.024850234
0.025488288
0.028201494
0.028250472
0.025534398
0.024626863
0.02071751
0.018327438
0.016935741
0.01647798
0.013062671
0.011403139
0.012055987
0.0071235002
0.0065228947
0.0051652288
0.0059701498
0.0062322902
0.0028847565
0.0036966894
0.0038604629
0.002779492
0.0028388941
0.001453809
0.0017666618
0.0024045081
0.0033118642
0.0037332524
0.0053145918
0.0051897333
0.0040055849
0.002880186
0.0035645822
0.003667145
0.0029887207
0.0037772127
0.0045358593
0.0044212532
0.0043600964
0.003962384
0.0059795643
0.0070581003
0.0109997
0.011752401
0.0086028232
0.0065155228
0.0060394653
0.005630217
0.0048572792
0.0091128397
0.011757473
0.014516156
0.016527259
0.0172642
0.015323867
0.015962772
0.013358206
0.009598693
0.0049889031
0.0016422692
0.00061283491
0.0014798377
0.0019748118
0.003045268
0.0040405166
0.0042205125
0.0044151531
0.0051298941
0.006497868
0.009197086
0.0098010923
0.010701204
0.011398225
0.01498476
0.016147424
0.017409364
0.020055585
0.018815327
0.019129154
0.025002232
0.028410113
0.029343272
0.030505094
0.025106493
0.024135847
0.019211303
0.010873985
0.0082380359
0.010876912
0.021338599
0.02518244
0.027574089
0.03014574
0.030075268
0.030546476
0.030513776
0.027981494
0.026694554
0.024749104
0.022482297
0.01876025
0.014495217
0.010392237
0.0087484711
0.0056409884
0.0029316044
-0.003916439
-0.0084876825
-0.012653089
-0.021382311
-0.028139368
-0.036587061
-0.04305539
-0.04227101
-0.041363431
-0.041267549
-0.039040377
-0.037118989
-0.040863763
-0.046390885
-0.047846736
-0.046818821
-0.047414913
-0.044500539
-0.045655397
-0.04624628
-0.046396812
-0.047157231
-0.048399646
-0.045212577
-0.047124365
-0.049592918
-0.042312235
-0.039263935
-0.037622157
-0.028503507
-0.022997328
-0.017228244
-0.011675974
-0.0065888833
0.00012663165
0.0056015392
0.011927735
0.016916415
0.023014225
0.026520032
0.027213856
0.025925355
0.025241226
0.022249219
0.018609156
0.017951252
0.015912625
0.013781413
0.012035718
0.01142176
0.0096556705
0.0083396851
0.0057652591
0.0038227481
0.0030238717
0.002897682
0.0030237395
0.0032703046
0.0038145235
0.003332861
0.0018378998
0.0014604381
0.00034630873
0.00096673308
0.0023832909
0.0033124262
0.0043739755
0.0042901103
0.0039784399
0.0038618317
0.0034563783
0.0032767218
0.0040951159
0.0036035067
0.0040406391
0.0049641536
0.0056728744
0.007673559
0.0095252714
0.013822526
0.016099853
0.0098283808
0.0087939905
0.0088619387
0.0090142837
0.0069956749
0.0097024196
0.013299533
0.014775936
0.017716696
0.018840088
0.020694707
0.016555639
0.016078923
0.014974096
0.011618779
0.0094881842
0.0034137224
0.0043334877
0.0049048711
0.0062530382
0.005591087
0.0068008934
0.0074040158
0.0072926976
0.0073031619
0.0095696727
0.011854959
0.014834722
0.015084231
0.014800336
0.01878254
0.020543034
0.022110322
0.021154475
0.020548271
0.022952696
0.028662744
0.034277683
0.033862239
0.03503316
0.031671014
0.028363447
0.021679842
0.014387024
0.0089450509
0.010318267
0.023239366
0.03185598
0.032796947
0.034472974
0.0346347
0.036530577
0.033541889
0.032594015
0.03201239
0.032923103
0.030448144
0.025030394
0.020440516
0.017989634
0.014067489
0.010911937
0.0048631958
-0.0016657942
-0.0068697932
-0.010765569
-0.018997935
-0.027253103
-0.037134465
-0.041356182
-0.041708491
-0.039381683
-0.035845569
-0.040475062
-0.04163533
-0.045754253
-0.046570991
-0.050250606
-0.047560251
-0.048651787
-0.051970336
-0.055273836
-0.057697594
-0.055676258
-0.049270162
-0.048359316
-0.050435483
-0.056287801
-0.055588002
-0.044757251
-0.039677883
-0.03373822
-0.03752211
-0.033556058
-0.024903883
-0.015241754
-0.010952085
-0.0040613405
0.0047816038
0.010176723
0.01419375
0.017023021
0.018726299
0.018710555
0.020292424
0.0169124
0.016008767
0.011950476
0.010719044
0.010626796
0.010837589
0.0099938802
0.0094910174
0.006984147
0.0057996965
0.0028492753
0.003361067
0.0019806442
0.0018812338
0.0013866483
0.0029601523
0.0033979235
0.0012289858
0.00081090651
0.0006046266
-0.0010292425
-0.00046725623
0.00027278889
0.0018087209
0.0033217931
0.005484964
0.0053541859
0.0056706047
0.0052433153
0.0061892206
0.0041490806
0.0054153962
0.0050998737
0.0056796534
0.0077897319
0.011305735
0.013873821
0.020057015
0.017133908
0.01118159
0.010731784
0.0093719225
0.010131743
0.011428948
0.013007106
0.014475037
0.019260794
0.022218628
0.023878522
0.021232839
0.017175121
0.01805151
0.016471081
0.013047397
0.01215404
0.0082314969
0.0078371537
0.0050310523
0.0069107563
0.0079251652
0.010333523
0.01119431
0.011717832
0.010901943
0.012914265
0.013894942
0.01574902
0.01866353
0.017728998
0.021756459
0.024717424
0.023809588
0.022640977
0.02082759
0.024271149
0.029796101
0.030840914
0.031258725
0.031733571
0.033497766
0.02929689
0.028218174
0.024370699
0.011532989
0.010470329
0.021693315
0.028910467
0.030315212
0.032886197
0.035496122
0.03619052
0.037887311
0.038817339
0.040654261
0.038546373
0.034706304
0.03302261
0.029381406
0.024829576
0.02031317
0.012910002
0.0068702432
-0.0033013081
-0.011595311
-0.018098208
-0.024269511
-0.032320653
-0.038133633
-0.039653098
-0.034935584
-0.03636926
-0.031377001
-0.033682571
-0.033233918
-0.042105444
-0.043814619
-0.05039621
-0.051127117
-0.046890943
-0.055036045
-0.057815271
-0.060298308
-0.056794516
-0.057701667
-0.064389498
-0.063256261
-0.058023936
-0.056324343
-0.05135143
-0.043675912
-0.041236689
-0.038118677
-0.029540331
-0.022793095
-0.014753093
-0.0091219133
-0.00061905538
0.0026696017
0.0080693097
0.0091128482
0.011947059
0.013043007
0.012320728
0.0088260611
0.010523625
0.0089704591
0.0083968721
0.0074184269
0.0069569678
0.0077993002
0.010063723
0.0085384987
0.0075173465
0.0048426317
0.002786328
0.0023436556
0.0023122955
0.0017354733
0.00041154773
0.0013913098
0.0013116667
0.0016198518
0.0020894756
0.0022300916
0.0025612799
0.003915639
0.0051727565
0.0042240329
0.0035111019
0.002676279
0.003099029
0.0030017453
0.0035064776
0.0054611187
0.0058873649
0.0060983987
0.0085861996
0.0088646948
0.0081005926
0.0098881721
0.015740605
0.019281281
0.013285384
0.0075280743
0.0088709578
0.010694513
0.010072043
0.011095275
0.014291039
0.014548841
0.016156232
0.021635947
0.020905018
0.020101672
0.016618115
0.016291089
0.013604431
0.0088697555
0.0056111051
0.0051913801
0.0083195203
0.0096656802
0.01169251
0.012159585
0.013165697
0.013704022
0.015924647
0.015379504
0.016912785
0.018361144
0.019780567
0.021206364
0.020391321
0.026260886
0.025717999
0.026640806
0.023586912
0.021887128
0.025476122
0.028590786
0.028683422
0.026869999
0.031138706
0.03207785
0.03301954
0.028794778
0.028872859
0.019893972
0.014976883
0.022559691
0.028686195
0.031013071
0.031325788
0.036303368
0.038771186
0.042288875
0.043713358
0.043704218
0.03998859
0.036216823
0.033756807
0.029606846
0.023421098
0.016128814
0.007440185
0.00056756288
-0.0071059141
-0.014554484
-0.023279547
-0.032540291
-0.038932656
-0.039781669
-0.037561326
-0.033678033
-0.034830975
-0.033406226
-0.033854476
-0.034572619
-0.03933957
-0.048450948
-0.042664653
-0.047515466
-0.048902769
-0.055792127
-0.057542068
-0.061610278
-0.064812299
-0.066541582
-0.067750271
-0.062896457
-0.060219559
-0.059142572
-0.052044902
-0.047708577
-0.042625198
-0.038836829
-0.034048519
-0.026007641
-0.019349456
-0.013207406
-0.0086873466
-0.0048915153
-0.0018695257
0.00083037756
0.0024421465
0.00083822103
0.0021731766
0.0019157232
0.0021557543
0.0012839882
0.00112351
0.00307121
0.0045544439
0.006038618
0.0063833227
0.0054936611
0.0036424456
0.0023579208
0.00047877819
0.00015087361
-0.0018797026
-0.0016000105
-0.00095342725
-0.0008814385
-0.00019625734
0.0012864608
0.0020413623
0.0017610891
0.0028203743
0.0052696715
0.005702883
0.0058424948
0.0054069552
0.0043762845
0.0043477843
0.0061399416
0.0066558754
0.006799651
0.0062166159
0.0062415171
0.0088243903
0.0094257879
0.0082668192
0.0087328067
0.012084278
0.016563663
0.011507216
0.0072751999
0.0061039399
0.0067942107
0.0089499869
0.0084179896
0.012950633
0.012147625
0.012505886
0.015558957
0.01205413
0.010605928
0.007784266
0.0068944614
0.0064764977
0.0085812002
0.0096545686
0.013738182
0.016361476
0.017712067
0.017208396
0.018603574
0.019778956
0.021329718
0.020112946
0.020382252
0.021394919
0.023430888
0.02440411
0.026141403
0.025128839
0.03533432
0.033215446
0.033424069
0.029198974
0.024202841
0.027548087
0.026857704
0.028413821
0.028436004
0.031268593
0.032817514
0.033022653
0.031949277
0.027519603
0.021021019
0.018004934
0.02317251
0.027365257
0.031089213
0.032610131
0.040422123
0.04482575
0.047972035
0.046637439
0.045239263
0.039328931
0.035412584
0.030378153
0.023380665
0.016609841
0.011330048
0.0031400427
-0.0033256659
-0.013482637
-0.022405729
-0.029806209
-0.03950299
-0.045859356
-0.043194034
-0.031971712
-0.034005936
-0.037756731
-0.034076734
-0.036998075
-0.033966944
-0.040811439
-0.043593145
-0.039633611
-0.045238262
-0.049191283
-0.054990225
-0.059586261
-0.06427809
-0.063393304
-0.064347002
-0.063047526
-0.062045631
-0.0611668
-0.061528699
-0.056732119
-0.050965774
-0.04701352
-0.043495553
-0.039778861
-0.033179164
-0.024809273
-0.022914159
-0.020768852
-0.014869058
-0.014281951
-0.012445773
-0.013243998
-0.0098371972
-0.0088532982
-0.0077268462
-0.0080393656
-0.0081134048
-0.0060300524
-0.0034347869
0.0015556256
0.0025694828
0.00035999879
-0.0019201576
-0.0021825624
-0.0034870259
-0.0033795175
-0.0042052117
-0.0047759756
-0.0053011745
-0.0063317205
-0.0059250494
-0.0058405725
-0.0066345655
-0.0049438344
-0.0027778228
-0.0012520023
-0.0011873015
4.916262e-05
0.00076482803
0.0030278324
0.0035191329
0.0027781042
0.0023831224
0.0037107178
0.0032815646
0.0053003044
0.0072432671
0.0074348732
0.0083939274
0.0077149327
0.0071491
0.0087292221
0.010628621
0.0096814565
0.0060151251
0.0039295703
0.0016616771
0.0022484604
0.0083901306
0.0083469061
0.0084847076
0.0090991675
0.0086283361
0.0060886662
0.00088867667
0.0033414445
0.005094283
0.0051577583
0.0068248627
0.0090192778
0.010403679
0.015222622
0.016199982
0.017001867
0.019841262
0.023791591
0.028830351
0.028837624
0.029330479
0.032410265
0.033895904
0.03658401
0.038388088
0.036405971
0.03524618
0.033537387
0.032516958
0.027667426
0.02169504
0.025258723
0.025486438
0.028978204
0.026907098
0.03147785
0.032068441
0.031752848
0.032060288
0.023624795
0.016951468
0.016670966
0.022046349
0.026197297
0.027337067
0.029436111
0.036831036
0.043271083
0.044283963
0.044549413
0.040911013
0.036764581
0.02741632
0.023045799
0.015113022
0.010937148
0.0016035845
-0.0081149787
-0.013575094
-0.018289563
-0.026303187
-0.038012098
-0.048434417
-0.05247894
-0.043822526
-0.042991798
-0.043037221
-0.041803694
-0.03924174
-0.043025873
-0.042526793
-0.044229288
-0.041820041
-0.041361791
-0.045810733
-0.050533392
-0.049895004
-0.051766951
-0.053402963
-0.05390978
-0.053157719
-0.051571582
-0.050802884
-0.050467819
-0.049652518
-0.050498108
-0.047703652
-0.045751211
-0.044042835
-0.040923138
-0.034164589
-0.028837928
-0.026857184
-0.023999669
-0.022377735
-0.020522521
-0.017118378
-0.018824551
-0.016967206
-0.014714349
-0.015451747
-0.016593207
-0.013478319
-0.013064236
-0.0098224268
-0.0074002979
-0.0065196166
-0.0076661894
-0.0082193019
-0.0076658691
-0.011461095
-0.01235596
-0.011968009
-0.013124807
-0.0096329656
-0.01105301
-0.011296341
-0.010800455
-0.010589724
-0.0087835637
-0.010582093
-0.0065806323
-0.0047185836
-0.0059788389
-0.0033676354
-0.00077531999
-0.0012803406
0.0013911108
6.1833965e-05
-0.0014042594
-0.0029229308
-0.0021200294
-1.7790072e-05
0.0017081907
0.0025541344
0.0049673286
0.0048824153
0.0048528764
0.0031112136
-0.0014406448
0.0066406873
0.0040390559
0.0036949757
0.0055336511
0.0052680131
0.0085870662
0.0082975661
0.0074864428
0.0059489323
0.0056455701
0.003537715
0.0035556788
0.0025959242
0.0056866013
0.0057414264
0.0094130386
0.009420799
0.0091856705
0.013025098
0.015794779
0.018852689
0.022105178
0.025243961
0.02947631
0.031764644
0.03450368
0.03249546
0.031607213
0.036336861
0.036632549
0.026532601
0.027408877
0.025046167
0.022594572
0.021523173
0.025031814
0.025901476
0.025542615
0.023845762
0.026856084
0.026434203
0.026013742
0.02463085
0.021752713
0.018504806
0.018168545
0.02310939
0.024430746
0.026276745
0.025593562
0.027873369
0.029660739
0.03307417
0.035980042
0.035130667
0.029550846
0.022043864
0.015724161
0.0073487946
-9.0785207e-05
-0.0086806496
-0.018843979
-0.016737866
-0.022902451
-0.034779392
-0.045353684
-0.057059914
-0.060791901
-0.054990748
-0.053583238
-0.052847857
-0.053695655
-0.049576475
-0.046023949
-0.045180681
-0.042773693
-0.040270499
-0.03869945
-0.038174329
-0.037512254
-0.039407279
-0.041394976
-0.042809189
-0.041800788
-0.041885128
-0.040386365
-0.039403924
-0.038103365
-0.036021307
-0.035608707
-0.032808236
-0.030401893
-0.027228742
-0.025849496
-0.023683896
-0.018142752
-0.017161118
-0.015494617
-0.013453101
-0.014702939
-0.013529872
-0.015065908
-0.015097131
-0.013509571
-0.016462747
-0.016757303
-0.016531208
-0.014672565
-0.01643577
-0.013760868
-0.013364263
-0.012161457
-0.016231838
-0.015552884
-0.013199122
-0.01288721
-0.015306688
-0.016450527
-0.015781929
-0.015095557
-0.010954298
-0.010200919
-0.010503901
-0.010310837
-0.0097126027
-0.010323183
-0.0093648613
-0.010573247
-0.0071487826
-0.0045554802
-0.0041402672
-0.0040279991
-0.00057682887
0.0012056399
-0.00096650876
-0.00087736499
0.00061112658
0.0009562123
0.0024189332
0.0081214103
0.0061735952
0.0055095998
0.00051611583
-0.0044294401
-0.0023400818
0.0018307205
0.0027159713
0.003649088
0.0060797847
0.0050329037
0.0045120065
0.0042021616
0.0073514948
0.0068981422
0.0052102668
0.0042116546
0.0042288448
0.0051521036
0.0056392322
0.0075499412
0.0078992566
0.0087988181
0.011896209
0.014380585
0.01672258
0.018794271
0.022305093
0.024588729
0.025821435
0.024387505
0.022871798
0.022397417
0.023864363
0.025698404
0.019848738
0.019212812
0.020705894
0.022417622
0.023828591
0.022539356
0.025034603
0.02788232
0.024183977
0.020764957
0.018604051
0.020728303
0.020879578
0.01901029
0.015919922
0.014041826
0.024023279
0.023436314
0.024992944
0.021730221
0.02058451
0.020169193
0.021469197
0.023428052
0.022369959
0.019315776
0.012564018
0.0066035217
-0.00405878
-0.015087223
-0.024043227
-0.023638927
-0.026986746
-0.034222766
-0.047164064
-0.056261565
-0.064356827
-0.067250794
-0.06571881
-0.054709816
-0.052195555
-0.050929565
-0.045997794
-0.044229615
-0.047306246
-0.045329047
-0.039445873
-0.032081878
-0.028900333
-0.028875045
-0.026380739
-0.032619338
-0.028994108
-0.029746931
-0.026352737
-0.025360084
-0.024846383
-0.022776423
-0.021135604
-0.018853074
-0.014019633
-0.013692971
-0.010948493
-0.0067777822
-0.0076294726
-0.004088892
-0.0040619012
-0.003565639
-0.0054841639
-0.008447894
-0.009869462
-0.0092950219
-0.012224448
-0.015617855
-0.017588228
-0.017651536
-0.017955668
-0.019511929
-0.018185643
-0.017184754
-0.017206072
-0.016572646
-0.015665102
-0.016373889
-0.016014604
-0.016756124
-0.017480588
-0.017102437
-0.017471012
-0.016129575
-0.014501543
-0.011400467
-0.010062209
-0.0093577476
-0.010806514
-0.012648436
-0.013107716
-0.013476427
-0.0091100594
-0.0047261318
-0.0012268338
0.0015069463
0.0085616457
0.012388857
0.010022855
0.01027378
0.0099107795
0.0090787476
0.0051402204
0.0068746097
0.0044777624
-0.0031780348
-0.0022846616
-0.0010194114
0.0002411215
0.0002573061
0.0026747124
0.0027315029
0.0033652764
0.0023870392
0.0013129609
0.0019033378
0.0020505616
0.0022006484
0.0018130894
0.0019740245
0.0019432178
0.0026630332
0.002976026
0.0042246839
0.0049397655
0.0061418615
0.0066444161
0.010067834
0.012009337
0.014743464
0.016586835
0.019546081
0.018651883
0.018584342
0.017074459
0.016614992
0.01773264
0.017455011
0.018712273
0.019538212
0.021089117
0.0197878
0.021011494
0.020874065
0.021454036
0.023570907
0.023974409
0.022723486
0.019244598
0.016664682
0.016091169
0.016065524
0.011530472
0.0066947269
0.018172823
0.0180603
0.014163707
0.013886945
0.014070258
0.013809494
0.014415366
0.012174568
0.010598369
0.0082204538
0.001872466
-0.0052040925
-0.012012801
-0.026260495
-0.02884212
-0.024214961
-0.02979317
-0.036189624
-0.047747349
-0.05458003
-0.05872406
-0.060485162
-0.059681769
-0.045220758
-0.035661934
-0.037424794
-0.034565472
-0.036265877
-0.040999194
-0.038937624
-0.032060511
-0.025374307
-0.018557771
-0.01505398
-0.015217067
-0.01578612
-0.012630239
-0.011003263
-0.0097246505
-0.0091483695
-0.0063689066
-0.0038485122
-0.001807372
-0.0015008567
0.0012628242
0.00029414598
0.0017646457
0.0025420244
0.0036981247
0.0065454406
0.0060348071
0.0045461817
0.002067574
-0.00078711682
-0.0055054243
-0.0069738817
-0.0097416066
-0.012500392
-0.017668483
-0.017887253
-0.017548492
-0.018223376
-0.018384273
-0.016739403
-0.01903254
-0.02061601
-0.021191804
-0.019754821
-0.020105879
-0.019945776
-0.019622092
-0.017790808
-0.018557999
-0.016515634
-0.014506986
-0.013565649
-0.012450966
-0.011380803
-0.013176479
-0.013416572
-0.013370943
-0.013176123
-0.009007454
-0.002786918
0.0011827209
0.0057779032
0.011693097
0.013100364
0.014055045
0.015627888
0.015475548
0.014389483
0.012814327
0.014149243
0.0063935432
0.0014902142
0.0010811611
0.0022625876
0.0032296113
0.0034199376
0.0026784239
0.0027386948
0.0019302939
-0.00078056457
-0.001827415
-0.0022820003
-0.0035571677
-0.0031877818
-0.0020439123
-0.002040035
-0.0014677518
-0.0016291657
-0.00049792955
0.00072546421
0.0018109102
0.0027849857
0.0030056763
0.003655087
0.0066331071
0.0094960997
0.011221624
0.013450667
0.014436645
0.015162819
0.015178593
0.015323241
0.018462266
0.017776419
0.017660066
0.019258179
0.018867633
0.017209522
0.01766102
0.016062695
0.016207017
0.017850155
0.019031194
0.017234742
0.015549538
0.012467266
0.01126067
0.010445442
0.0094124366
0.0086684452
0.013739666
0.016432724
0.017307258
0.012789441
0.011881742
0.010256462
0.0094592108
0.0057192735
0.0036243541
0.0013217505
-0.002446743
-0.0087607088
-0.014602893
-0.021488908
-0.018027242
-0.021578123
-0.029956928
-0.032984077
-0.039581271
-0.042098519
-0.042414846
-0.041812384
-0.04290924
-0.032495717
-0.024834869
-0.027128177
-0.027751294
-0.024723492
-0.025300811
-0.024192575
-0.020860701
-0.017082426
-0.008433359
-0.0060856192
-0.0066953271
-0.00075132059
0.0015545601
0.0025314592
0.0031658389
0.0045059257
0.0069801741
0.0087949114
0.0075316979
0.0086133515
0.0096471463
0.010110217
0.01128498
0.0108978
0.011571743
0.012958205
0.011351474
0.0091726483
0.0059163651
0.0032072366
-0.00069280835
-0.0035824714
-0.0075865336
-0.011051946
-0.013582476
-0.015303583
-0.016800464
-0.017777032
-0.017127854
-0.0167418
-0.016186179
-0.019077188
-0.021186476
-0.022743439
-0.025006252
-0.025234689
-0.022813916
-0.02179064
-0.020369216
-0.018862234
-0.017427534
-0.014396138
-0.010279673
-0.009979351
-0.011388327
-0.011756434
-0.0093205821
-0.0080128694
-0.0061206111
-0.0036633895
0.00074446084
0.0059901762
0.009708948
0.013012584
0.012319519
0.014582853
0.010904539
0.009564668
0.0054805921
0.0053851893
0.0050989599
0.0039726404
0.0042539342
0.0047450943
0.0023500979
0.00082653787
-3.7321053e-05
-0.0023677486
-0.0022423495
-0.0018985567
-0.0048412807
-0.0054354172
-0.0046870741
-0.0046411875
-0.0049364096
-0.0051693874
-0.0049562463
-0.0051457663
-0.0041898327
-0.0040832864
-0.0045316262
-0.0036057372
-0.0015509127
-0.00078307245
8.2119211e-05
0.0016347915
0.0041867152
0.0067042194
0.0093556713
0.011468116
0.011537658
0.013701313
0.016231335
0.017432228
0.015956811
0.015715735
0.013816889
0.014874984
0.012864537
0.011284873
0.012650021
0.012481654
0.011523619
0.012333742
0.010731508
0.011063662
0.0090811615
0.0092422627
0.0086083483
0.0077746959
0.0088672293
0.01291848
0.016628977
0.016589392
0.013943166
0.010072003
0.0073776971
0.0041604469
0.0027557979
-0.00010013056
-0.0036150277
-0.0069142258
-0.0099835546
-0.010136347
-0.0045963356
-0.0066840708
-0.014515461
-0.023482327
-0.025722592
-0.027938153
-0.025411999
-0.021320632
-0.021163523
-0.015525394
-0.013513992
-0.016172668
-0.015649579
-0.011399784
-0.011361967
-0.012656453
-0.012689967
-0.0092070638
-0.0047573945
-0.00021614787
0.0011468212
0.0034051882
0.0076389294
0.0085352647
0.0091038042
0.0092392817
0.0092667542
0.011560908
0.012735244
0.012315534
0.012114375
0.011564839
0.011512084
0.012106512
0.013412173
0.014436248
0.014954569
0.013499617
0.010023495
0.0070009914
0.0022835326
-4.9142277e-05
-0.0019128374
-0.005694171
-0.007907848
-0.0096567988
-0.011401014
-0.012022913
-0.012821656
-0.014193853
-0.013689759
-0.014194719
-0.015192518
-0.018947909
-0.020169526
-0.021151485
-0.021438239
-0.021912439
-0.020055592
-0.018206365
-0.017405795
-0.014692571
-0.010849178
-0.0095881031
-0.0086390467
-0.0085466048
-0.0082658082
-0.0069669581
-0.004322438
-0.0011560421
0.0010139759
0.0046382128
0.0057538989
0.0066962344
0.0057056557
0.0064568577
0.0050530191
0.0038000119
2.811273e-05
0.00119992
0.0042495778
0.0035702873
0.0056945802
0.0062943574
0.0055896973
0.0045939744
0.00025966677
-0.0012786468
-0.0026340653
-0.0040181713
-0.0039602962
-0.0051829871
-0.0049392278
-0.0040495956
-0.0042481505
-0.0055771157
-0.0064542192
-0.0072263557
-0.0070559379
-0.0065086224
-0.0075490272
-0.0073010621
-0.0061167288
-0.0046640419
-0.0038429103
-0.0032421192
-0.0028236832
-0.0017278348
0.0014024874
0.0046350736
0.0079555254
0.007376726
0.0099152001
0.013014104
0.0095371605
0.010319165
0.012288064
0.011925967
0.011419655
0.010919601
0.010896023
0.013255504
0.010668058
0.01027113
0.0099859266
0.0084316044
0.0095301871
0.0090012894
0.0090903281
0.0075989566
0.0081432251
0.016085899
0.016728322
0.01848855
0.01860927
0.016775548
0.012453426
0.0083653993
0.0065862351
0.0037069622
0.00075988541
-0.0015239344
-0.0021745979
0.0019416727
0.0066768802
0.0049536632
0.00043602325
-0.0016527666
-0.0067299365
-0.010040101
-0.010592651
-0.0094063172
-0.005852902
-0.0020135254
-0.0021327306
-0.0034939419
-0.0026081515
-0.0026862239
-0.0016720508
-0.0048835293
-0.0079848441
-0.008978683
-0.005248989
-0.0011216407
0.00075426944
0.0024413804
0.0040887718
0.0075334191
0.0086019212
0.0088282673
0.0092463096
0.0097188454
0.01141503
0.01104575
0.0093530851
0.0085777005
0.0090726914
0.0098354134
0.011042806
0.012112496
0.013408955
0.01245276
0.010200387
0.0070941584
0.0052131648
0.0026894813
0.00064270612
-0.001618791
-0.0034358166
-0.0063238698
-0.0069678598
-0.006908623
-0.0091726025
-0.0089917249
-0.010411353
-0.010896924
-0.011721309
-0.012939664
-0.013154499
-0.015284964
-0.016247598
-0.016558193
-0.017067335
-0.015699981
-0.014047183
-0.012358512
-0.01021728
-0.0079817479
-0.0053362715
-0.0045369005
-0.0049840285
-0.0051620053
-0.002827343
-0.0020279167
-0.0014365411
9.1983745e-05
0.0016179963
0.0011035096
0.0033137584
0.0045345861
0.003021322
-0.00020131548
-0.00075339017
0.0015388352
0.0042270986
0.0033811113
0.0031745746
0.0045663508
0.0042022483
0.002773775
0.0036336506
0.0027788351
0.00087783886
-0.0004531258
-0.0011433929
-0.0017110632
-0.002451069
-0.0022681507
-0.0031315762
-0.0042092316
-0.005640686
-0.0061101538
-0.0062655673
-0.0060383189
-0.0058906254
-0.0073667351
-0.0085073912
-0.0075104866
-0.007145333
-0.0062441586
-0.0069600192
-0.007884525
-0.0072662314
-0.0025939704
0.00090289452
0.0011984775
0.0031103608
0.0070950219
