0.0038341768
0.0035399481
0.0043898834
0.0042268602
0.0048324256
0.0036689791
0.0025427707
0.0025113437
0.0033606173
0.0035117882
0.0047831057
0.0050090135
0.002895637
0.0013162259
0.00021090044
0.00010211463
0.0005253982
0.0028278278
0.0032564002
0.0012140939
0.0038894832
0.0060756636
0.005755646
0.0059214875
0.0050862242
0.0050617482
0.0054085682
0.0047339747
0.0048623678
0.0050861026
0.0046795047
0.0055772229
0.0054920853
0.0049617264
0.0050356602
0.0043199351
0.0047795973
0.0043608904
0.0030882265
0.0030879877
0.0026494983
0.001895167
0.0021583873
0.0023212779
0.001787
0.001179352
0.0014569652
-0.00068788832
-0.0011891403
-0.0026840601
-0.0029915934
-0.0029465888
-0.0041068394
-0.0036046474
-0.0035570494
-0.0029709331
-0.003538613
-0.002512647
-0.0025937362
-0.0052738669
-0.0081552782
-0.0070457011
-0.0043995644
-0.0036479071
-0.0046741301
-0.0048817944
-0.006168376
-0.0079410303
-0.0083428311
-0.010105844
-0.0096453593
-0.011311436
-0.012589499
-0.010973016
-0.010906998
-0.011834518
-0.013325962
-0.012942234
-0.011274185
-0.010542186
-0.011199372
-0.0087192636
-0.0070625599
-0.006039928
-0.0065542354
-0.0076631032
-0.0083314528
-0.009358124
-0.0078547536
-0.0067808979
-0.0056761018
-0.0043538994
-0.0052891503
-0.0043287499
-0.0046698983
-0.0039991861
-0.0044494126
-0.0045420758
-0.0058686647
-0.0051405421
-0.0037418924
-0.0038247867
-0.0033736986
-0.0042010291
-0.0045504119
-0.0037760059
-0.0037950979
-0.0046259349
-0.0055222641
-0.0061272514
-0.0062221298
-0.0068796312
-0.0077063701
-0.0074358756
-0.0072493501
-0.0096947984
-0.0094181614
-0.00681997
-0.0062434666
-0.0027165865
-0.0014025839
0.00073072772
0.0019178435
0.0046132144
0.0059054122
0.0054468542
0.0073894454
0.0081682306
0.0092001983
0.0082518241
0.0074051286
0.0057154073
0.0055548777
0.0051441714
0.0039286783
0.0036984405
0.0027897513
0.0010395221
0.0013540828
0.00173342
0.0019685284
0.0017343549
0.0021150815
0.0027964147
0.0039671668
0.0043412153
0.0045672086
0.0047070579
0.0041374489
0.0035187308
0.0021743992
0.002307224
0.0025394455
0.0027452008
0.0037031905
0.0036357734
0.0023398257
0.0013582042
-0.00049930995
-0.00092148404
3.6925935e-05
0.0012898045
0.0020104941
0.0013453609
0.0035917975
0.0049298853
0.0054532503
0.0045042193
0.0041202781
0.0040129799
0.0031768651
0.0040774801
0.0039552188
0.0037800284
0.0034486895
0.0040278564
0.0031307006
0.0023072233
0.0013172292
0.0021645838
0.0010207444
-0.0007352747
-0.0035258441
-0.003934826
-0.0032688032
-0.0030948226
-0.0031129003
-0.0026266207
-0.0021533341
-0.0013305644
-0.00073957813
-0.00244598
-0.0030745569
-0.0035608719
-0.0038733497
-0.0042716932
-0.0042490561
-0.0042532437
-0.0040933613
-0.0047722333
-0.0041154153
-0.0034424609
-0.002886367
-0.0048359498
-0.0051319583
-0.0031541042
0.000150208
0.0014850751
0.0014755673
0.00053701234
-0.00070317658
-0.0014538359
-0.002921031
-0.004499184
-0.0044737239
-0.0053060344
-0.0034210781
-0.0050409601
-0.0074618958
-0.0085082921
-0.008579761
-0.0082334797
-0.0091254258
-0.0093856217
-0.0077655683
-0.006837073
-0.0054979427
-0.0069433854
-0.0079822379
-0.0088607384
-0.0088287396
-0.006660712
-0.0072478034
-0.006054835
-0.0038485107
-0.0022951251
-0.0027683407
-0.0021892507
-0.0035224003
-0.0030184141
-0.0038394355
-0.0034145266
-0.0036035091
-0.0027667069
-0.002810118
-0.0026556211
-0.003304848
-0.0036174595
-0.0035540969
-0.0039543156
-0.005070467
-0.0052822144
-0.006216254
-0.0064712997
-0.0069557729
-0.0073263349
-0.0078285342
-0.0072569626
-0.0085827315
-0.010476006
-0.010692235
-0.0084603774
-0.0056205968
-0.0017066376
0.00096835894
0.0022560137
0.0041625276
0.0044560902
0.0055343003
0.0058512968
0.0073956559
0.0060216305
0.0068844678
0.0067663158
0.0056153766
0.0045982461
0.0051958602
0.0043124627
0.0044011564
0.0037766303
0.0020614575
0.001170476
0.0015014845
0.0010966057
0.00097044337
0.0019996897
0.0024971675
0.0032300017
0.004695241
0.0047492246
0.0053467088
0.0052685976
0.0045329087
0.0044465591
0.0026980674
0.0029175515
0.0032890457
0.0037719351
0.0032646359
0.0019214363
0.0016160459
0.00087949116
0.001351433
0.0013228232
0.0012463897
0.0017430757
0.0032428634
0.0048083913
0.0046775687
0.005166122
0.0047276096
0.0047945935
0.005527626
0.0059821845
0.0052375832
0.0038587132
0.0040010375
0.004463857
0.0035604273
0.0030182424
0.0023321059
0.0012340697
-0.00011598847
-0.0025844416
-0.0056206057
-0.0082567362
-0.0098115644
-0.010757471
-0.0093590957
-0.0069674143
-0.0071164076
-0.0065311413
-0.0061748012
-0.0043875762
-0.0040173826
-0.003341394
-0.0045835001
-0.0056566043
-0.0056652816
-0.0049201136
-0.0046966253
-0.0041028173
-0.0047676694
-0.0056073536
-0.0057887684
-0.0054166991
-0.0058388449
-0.0042395664
-0.0019400382
0.00086008948
0.0039689196
0.0066807307
0.006784632
0.0053122359
0.0049629476
0.0046745687
0.0057087211
0.005735553
0.0042969842
0.0030840524
0.0018570578
0.0010229303
-0.000915129
-0.00027215083
-0.0012294228
-0.0026036354
-0.0047786134
-0.0073748784
-0.0068675821
-0.0058747066
-0.0050000518
-0.0068336346
-0.0091305275
-0.0089620993
-0.0078915389
-0.0066355554
-0.0050638739
-0.0032049562
-0.00200033
7.6816245e-05
-0.00013112712
-0.00060419044
-0.0020060643
-0.0022718463
-0.0012219107
-0.0014173497
-0.00097504056
-0.0014906258
-0.0017336839
-0.0019083686
-0.0021795101
-0.0021164926
-0.0033625587
-0.0042549456
-0.0038827709
-0.0041380286
-0.0046879718
-0.0047360965
-0.0053640998
-0.004766056
-0.0054320556
-0.006243702
-0.0069855429
-0.010764452
-0.0067997972
-0.0027675943
0.00056578559
0.0011266733
0.0013858792
0.0044013854
0.0057462723
0.0041349488
0.0067889187
0.0064218308
0.0048202917
0.0043785636
0.0038041068
0.0065681769
0.0055764515
0.0028107405
0.0028041359
0.0027774707
0.002476897
0.0020115532
0.0014768984
0.0007629277
0.0017273888
0.002032481
0.0025940826
0.0027836151
0.0035773264
0.0031417022
0.0063673851
0.006874118
0.0074832443
0.0074914751
0.0070617232
0.0064181782
0.0065753993
0.0067783711
0.0061549993
0.0058722742
0.0059813676
0.0056534861
0.0043122924
0.0033988413
0.0032617888
0.0038849394
0.0056414523
0.006586783
0.0087068088
0.0085552711
0.007718374
0.0076163028
0.0078740458
0.0075291899
0.0069897981
0.0070238641
0.0077641314
0.0073272336
0.0081321149
0.0079705908
0.0065412528
0.0047765917
0.0033768372
0.0001259798
-0.0039736564
-0.0081161157
-0.013510328
-0.014681271
-0.018347767
-0.018705334
-0.018103467
-0.013086061
-0.011055617
-0.010430185
-0.0097623896
-0.0081027047
-0.0066861386
-0.0059769961
-0.0068398186
-0.0071396796
-0.0062819039
-0.0070805486
-0.0071168608
-0.0071022878
-0.0068023602
-0.0079285067
-0.0088066799
-0.0091753183
-0.006293473
-0.0025702951
0.0010843335
0.004072177
0.0096972082
0.012762771
0.012725537
0.01070682
0.011884019
0.013957251
0.014087942
0.013698023
0.010115091
0.010848288
0.010226042
0.0065814758
0.0058804085
0.0066177831
0.0076688432
0.0022477486
-0.0021306867
-0.0037883857
-0.0027725336
-0.0033611688
-0.0029295045
-0.0054674907
-0.0061072345
-0.0044879617
-0.0028179063
-0.0012726135
-0.00087358772
-0.00073874092
0.00038430654
0.0017107644
0.0015922058
0.0010562794
0.00085174084
0.0013401542
0.0016379833
0.0011327797
0.00060950122
-0.00014428863
-0.00079350294
-0.0008298012
-0.00094299192
-0.0013352832
-0.00092901307
-0.0015332626
-0.0012569254
-0.0018473119
-0.0015528728
-0.0017599849
-0.0014690826
-0.0025959177
-0.0022147653
-0.0024026965
-0.0022613014
6.3289628e-05
0.0019830959
0.0019822657
0.0017680171
0.0037737596
0.002004822
0.0035837252
0.0054778319
0.0073405974
0.0073773141
0.0091493005
0.0082534326
0.0056183712
0.0038815766
0.0046775474
0.0027648508
0.0014991977
0.0015373673
0.0025004274
0.0024340298
0.0015723636
0.0016155218
0.00174674
0.0022215198
0.003468379
0.0038220557
0.0043246353
0.0049444062
0.0055854545
0.0095959496
0.0098128695
0.010187101
0.011065365
0.01141866
0.011246213
0.012091552
0.011385255
0.01209212
0.012153849
0.010108788
0.0092977967
0.0076273646
0.0056017048
0.0048770473
0.0080944872
0.012117202
0.013904689
0.014612656
0.014423537
0.013982283
0.01333355
0.014125119
0.011923776
0.0099854019
0.010695288
0.011009998
0.010747554
0.010977692
0.010412816
0.0099552258
0.0070523306
0.0049758665
0.0005075271
-0.0043452965
-0.010425633
-0.016640045
-0.018867787
-0.022051547
-0.02513528
-0.021572757
-0.018601995
-0.016695035
-0.014431887
-0.01466781
-0.013332912
-0.012573398
-0.012562724
-0.012560895
-0.011391108
-0.010043556
-0.009079582
-0.0092634058
-0.010644424
-0.012546263
-0.012785886
-0.014520064
-0.012498835
-0.0098181907
-0.0053937418
-0.00068846513
0.0024251499
0.0074108161
0.0088033826
0.011738222
0.012662071
0.013851503
0.015637186
0.016635563
0.015084216
0.013694124
0.01786125
0.016569375
0.015568044
0.013879164
0.011635711
0.0087048573
0.0035308514
0.0032316711
0.0016601959
0.002434633
0.0025480635
0.0031788396
0.0018320119
-0.00070876822
-0.00014672205
-0.0010918573
0.00098875048
0.0012404812
0.00059444561
0.00096592147
0.00085265907
0.00080154124
0.0011420158
0.00072101431
0.0017227316
0.0014008686
0.0018573441
0.0011848159
0.0012263334
0.00087236611
0.0006244125
-0.00045704118
0.0001557852
-3.6115813e-05
-0.00041726003
0.00050404818
0.00070995389
0.00069213566
0.00063272064
0.00033188021
0.0013462083
0.0032439649
0.0055576619
0.0062763064
0.0037829572
0.0032899364
0.0057856157
0.0080303465
0.0074919723
0.0072051082
0.0072462235
0.00857969
0.0088512271
0.0099614741
0.010189912
0.0080040631
0.0051850135
0.0042833766
0.0039969866
0.0024377274
0.0017052511
0.0016936543
0.0020451422
0.0021836487
0.0024650323
0.0023034883
0.002630854
0.0034005201
0.0051133759
0.0065888785
0.007215522
0.0079257845
0.0086042502
0.011857975
0.012458835
0.013355443
0.015266831
0.015352058
0.016857452
0.020020386
0.019822773
0.019726943
0.017696346
0.015238378
0.01372777
0.010635679
0.007989894
0.0090119496
0.012720975
0.018985967
0.021351568
0.022515551
0.022505953
0.019727909
0.019991252
0.019307592
0.0160475
0.013725719
0.011897329
0.014171297
0.014447778
0.014547614
0.015057371
0.013564006
0.013997042
0.011634154
0.007047433
0.0040860055
0.0004696534
-0.0076609897
-0.015503292
-0.019903179
-0.022025864
-0.019017395
-0.018401561
-0.019830103
-0.020141237
-0.019111235
-0.021304196
-0.020084214
-0.020719776
-0.019313286
-0.019033232
-0.017451763
-0.017307769
-0.018816963
-0.019774629
-0.020578546
-0.023504292
-0.022056786
-0.020758256
-0.020643001
-0.015251558
-0.016143219
-0.014855977
-0.0073869624
-0.0028757018
0.00033175937
0.002671131
0.0049656697
0.0072971568
0.0074795859
0.0082283974
0.0092379035
0.012528042
0.012053771
0.01073998
0.01175546
0.010477885
0.0054597109
0.0025989077
0.0031822459
0.0028262834
0.0024192997
0.003567664
0.0019404448
0.0015953266
0.00081523915
-0.00058411665
-0.0009797476
0.0001248235
0.00034577751
0.00010985429
-0.00028458507
0.00028876242
0.00045092378
0.00028743874
0.00068180972
0.0012978873
0.0019408314
0.0017179431
0.00097390054
0.0010399009
0.00029843007
0.00067948415
0.00020794704
0.0010148293
0.0011878096
0.0019993056
0.0022220379
0.0030313644
0.0032681756
0.0040105672
0.0053531559
0.0082979288
0.010593597
0.0099434441
0.0073561504
0.0076302551
0.011222481
0.010968842
0.010999705
0.011082514
0.011329734
0.010582155
0.011034445
0.011820661
0.010893481
0.010307967
0.0084382813
0.006865459
0.005333272
0.0052931859
0.0042732774
0.0032082539
0.0018818021
0.0015024344
0.001208821
0.0022693256
0.0035655996
0.0044432398
0.0062592175
0.0078368882
0.0094755501
0.010802037
0.010600732
0.010940864
0.013394459
0.014537392
0.015879005
0.016646737
0.017937233
0.020267749
0.024685634
0.026582408
0.022301068
0.020218067
0.01768346
0.013389886
0.0097184147
0.0095369625
0.0092421164
0.014192224
0.022819573
0.027613702
0.027574871
0.027310412
0.024660637
0.023698961
0.021472871
0.019078936
0.019521961
0.022391133
0.02177463
0.020423842
0.021986675
0.024563752
0.023851741
0.020915629
0.018474745
0.013638442
0.0092369395
0.0064391885
-0.00010318231
-0.0082310022
-0.014834697
-0.0167038
-0.02070409
-0.021998383
-0.020109436
-0.027177332
-0.028398253
-0.030697062
-0.03306239
-0.035057347
-0.03031056
-0.033004066
-0.032898294
-0.037163064
-0.039131181
-0.037015121
-0.033526715
-0.037152097
-0.037833926
-0.042524118
-0.035340834
-0.026144275
-0.022920207
-0.023075127
-0.025018309
-0.02168925
-0.019970293
-0.012262932
-0.011972633
-0.0086483802
-0.0062246799
-0.0042935643
-0.0040519163
-0.0025293195
0.0013479828
0.0016446511
0.0033358392
0.0019735658
-0.00079083153
-0.0020327786
-0.0015296284
0.00061033559
0.0016024868
0.00095507572
0.001120284
-0.00051073941
-0.0014448525
-0.0015645741
-0.0014106017
-0.0014750477
-0.0014072194
-0.00089689598
-0.00065870967
-0.00042714944
-0.00089746047
0.00016357559
0.00012255673
0.00017129867
0.00027587033
0.0010787402
0.0014327078
0.0023425418
0.0025025994
0.0022847222
0.0028088153
0.0029124202
0.0035186192
0.0041017554
0.0045516955
0.0054690346
0.00596039
0.0074732756
0.009121551
0.012463658
0.014425157
0.0099426473
0.0094104717
0.0098707975
0.011588898
0.011892637
0.013386683
0.013248899
0.012125327
0.013811569
0.011992095
0.01322562
0.010593227
0.0099201433
0.0090511042
0.0075013374
0.0047038906
0.005214449
0.0030483848
-0.0010222682
-0.0012588694
0.0013505463
0.0016551913
0.0039964081
0.0052465028
0.0065567728
0.0072896288
0.0095275247
0.010652406
0.011958655
0.012902486
0.012366729
0.015845138
0.01718572
0.016964924
0.017307563
0.018054641
0.02234371
0.024581299
0.023087554
0.02173272
0.020513102
0.018550804
0.013182854
0.012890173
0.010737177
0.0047341509
0.010567734
0.021502611
0.02663521
0.026401278
0.027439134
0.027393768
0.026098965
0.024006389
0.022903837
0.027426578
0.027937123
0.02479782
0.025271532
0.027674487
0.02894191
0.026461394
0.021758699
0.016236145
0.0097114833
0.0029396134
0.00033133137
-0.0044418059
-0.011212233
-0.012672867
-0.01547576
-0.021243507
-0.0243596
-0.02068833
-0.027682577
-0.032162022
-0.040783514
-0.041022872
-0.053130972
-0.044213201
-0.047779712
-0.052871955
-0.049058494
-0.053773895
-0.052274337
-0.054505624
-0.061835544
-0.054468016
-0.050731373
-0.049471827
-0.048360108
-0.040434493
-0.039353874
-0.038357198
-0.030248239
-0.027834267
-0.021504915
-0.017341489
-0.012625492
-0.013433007
-0.011993416
-0.010287028
-0.0077655232
-0.0069869767
-0.0055747263
-0.0064572987
-0.0055232463
-0.0044472611
-0.0032331126
-0.0025317361
-0.00066011775
0.00019124268
0.0010872538
-0.0013034036
-0.00086079405
-0.002392061
-0.0029302682
-0.0027265297
-0.0016144741
-0.0016260582
-0.0027436334
-0.0026738233
-0.0021037001
-0.0021592244
-0.0010269959
-0.00085873239
-0.00019063501
0.00014599063
0.0011194894
0.0015321782
0.0029399515
0.0023532175
0.0032140601
0.0028163875
0.0040286157
0.0051428997
0.0053940698
0.0060094709
0.0086762787
0.0086043526
0.009602508
0.010132066
0.015024464
0.015047956
0.010183582
0.0084434754
0.010111917
0.013226109
0.012842512
0.013509244
0.013515347
0.011041528
0.0093946906
0.0087922726
0.0096422762
0.0079795107
0.0072152725
0.0042449968
0.0014901657
0.00084646121
-0.0007144612
-0.0018452334
0.00071510506
0.0018885258
0.0042735667
0.0054185771
0.0056318472
0.0067475306
0.0092504491
0.0095638894
0.011315738
0.012366449
0.013225556
0.014060098
0.014569115
0.019489626
0.018846377
0.021409138
0.021037467
0.021363081
0.022327432
0.022190564
0.018021807
0.016323222
0.017372148
0.016390242
0.016734172
0.012785932
0.012499787
0.0056440798
0.0081228689
0.020884495
0.025945999
0.026749023
0.026276983
0.031042675
0.031532186
0.029440759
0.027032965
0.027310251
0.02534737
0.022007876
0.024333572
0.025609603
0.023463703
0.019699917
0.012628538
0.0071878027
0.0016191237
-0.0041378638
-0.012703322
-0.018322117
-0.02224689
-0.021869406
-0.024403159
-0.026857072
-0.025495829
-0.027913582
-0.030894129
-0.036072838
-0.046047687
-0.051546988
-0.048015146
-0.052369182
-0.054788443
-0.058525214
-0.056324178
-0.06489393
-0.06729552
-0.069126934
-0.071869908
-0.066311779
-0.063721049
-0.062199068
-0.056263628
-0.053028872
-0.047232794
-0.042338202
-0.03721098
-0.030122331
-0.024604203
-0.020375429
-0.019187835
-0.018362895
-0.016110857
-0.014216687
-0.012367323
-0.010799722
-0.0080630721
-0.0069550545
-0.0067172359
-0.0067452642
-0.003497242
-0.0011887194
0.00069849496
0.00061049185
0.00019764633
-0.0013674667
-0.0016544714
-0.0022567473
-0.0022582223
-0.0021055801
-0.0032841522
-0.0028952717
-0.0020925054
-0.0021760962
-0.0020647618
-0.00155146
-0.0013546375
-0.00093761214
0.0002283034
0.00135901
0.0028330994
0.0033891812
0.0033069851
0.0037744837
0.0037536218
0.0044152648
0.005206226
0.0057618794
0.0064817239
0.0079215926
0.010005743
0.010717546
0.010392253
0.011668485
0.014325983
0.014674297
0.0074363282
0.0074264918
0.0083241132
0.0096865083
0.010996248
0.010497278
0.009806629
0.0056755811
0.0055099661
0.0045489671
0.00431433
0.0027278508
-0.0019477496
-0.0003841139
0.0004774933
0.001685381
0.0034349196
0.0059710563
0.0069149792
0.0077835736
0.007657336
0.01012595
0.011076605
0.012735656
0.011343019
0.013489555
0.013331341
0.014387097
0.015282523
0.017260539
0.019107023
0.023236146
0.022977287
0.024080317
0.019781835
0.017706454
0.016233309
0.014822004
0.013059922
0.011524237
0.012671818
0.015053298
0.013497671
0.0089149555
0.0040591852
0.0020447209
0.0094101599
0.016459187
0.020976808
0.026180859
0.02707243
0.031782343
0.035575807
0.033862112
0.028497005
0.023979652
0.019718457
0.017136377
0.015626712
0.012869448
0.0079381888
0.0066672976
0.00091228105
-0.0051003883
-0.014480481
-0.021700521
-0.030275644
-0.035293254
-0.03850019
-0.033373175
-0.031984201
-0.035962312
-0.041557833
-0.04183548
-0.043649312
-0.04510157
-0.053286631
-0.058575536
-0.058519308
-0.062873821
-0.064315402
-0.063059907
-0.065258975
-0.073974474
-0.073707233
-0.074304662
-0.070549163
-0.070684987
-0.066364415
-0.064232046
-0.060029446
-0.054257398
-0.046035409
-0.040940454
-0.035968369
-0.030506931
-0.024789191
-0.02329424
-0.021242367
-0.021271851
-0.020726018
-0.020526818
-0.019207129
-0.01573464
-0.014130934
-0.011925451
-0.011767865
-0.0074263746
-0.0051486991
-0.0024188659
0.0025104827
0.0016196789
-0.0020145281
-0.0027936052
-0.0024618996
-0.003309423
-0.0030368039
-0.0038967389
-0.003644117
-0.0034147733
-0.003542524
-0.0024488425
-0.0040753794
-0.0042250474
-0.0029512065
-0.0021762096
-3.2919036e-05
-0.00052255197
0.0015147863
0.003254883
0.0052697675
0.0049605261
0.0057816868
0.0062634475
0.008095546
0.0088285015
0.010040403
0.011289563
0.013737039
0.013750285
0.014481366
0.015340538
0.017451187
0.014647306
0.0090552977
0.0069634353
0.006055934
0.0056376376
0.0077721169
0.0078200036
0.0057195044
0.0027994813
0.00088731472
0.0014280797
-0.00013454652
-0.0027995676
-0.0020472766
0.0016197187
0.0033125871
0.0067358149
0.0080089788
0.007901392
0.0096970083
0.010140603
0.01134293
0.013461152
0.014923158
0.015964224
0.015401257
0.015977543
0.018363116
0.019835849
0.020957727
0.021499962
0.021144464
0.017074549
0.016690076
0.014570772
0.009224381
0.0092412639
0.0096569884
0.0074461754
0.010260501
0.0092480626
0.011541835
0.010310734
0.010180961
0.0062739328
-0.0023703416
-0.0034093483
0.0027276274
0.0088932361
0.013924801
0.017732158
0.023646771
0.029932942
0.033608838
0.032954543
0.029542918
0.020625343
0.013473833
0.0047792479
0.00322793
-0.0040308372
-0.0089556032
-0.016998114
-0.023488127
-0.028762501
-0.032034102
-0.037992031
-0.051764622
-0.060665098
-0.057577406
-0.045644162
-0.049558957
-0.05414436
-0.057858359
-0.056972179
-0.060217009
-0.061854817
-0.061391646
-0.060567393
-0.067006818
-0.067760487
-0.069400603
-0.067814507
-0.068471253
-0.070116332
-0.069336308
-0.066470876
-0.062364885
-0.05971926
-0.055607439
-0.051794433
-0.052913959
-0.048074311
-0.041427879
-0.036844675
-0.036602876
-0.032859428
-0.02638397
-0.025782027
-0.025742065
-0.025424028
-0.025170258
-0.02289013
-0.023529179
-0.02129923
-0.01882899
-0.017040835
-0.013214619
-0.0085261324
-0.0071941049
-0.0026524672
0.00043935688
0.00080095169
-0.0010621867
-0.0032940348
-5.8255139e-05
-0.0028044904
-0.0034868146
-0.0033842995
-0.0060500103
-0.0020013553
-0.0018691449
-0.0019081627
-0.0018461285
-0.0022549627
-0.0014576853
-0.0013960434
0.00072275127
0.0022206766
0.0024634505
0.003064643
0.0061182525
0.0067224429
0.0079207823
0.0077896595
0.0092385207
0.0087049028
0.011159328
0.011368048
0.015656293
0.014606441
0.017528387
0.013587664
0.01052806
0.0037563955
0.0052736099
0.016823857
0.0068858364
0.0086296653
0.0090451442
0.0072273252
0.0054093068
0.0036960475
0.0034913842
0.002415736
-0.000118273
0.00021909622
0.0028687814
0.0047443027
0.0078005526
0.010181373
0.012183877
0.0094820752
0.010675546
0.014451789
0.01476932
0.016568593
0.0173639
0.01756121
0.018736522
0.018460363
0.02034797
0.017849254
0.017163762
0.019389291
0.01911314
0.010004225
0.010341497
0.0095231429
0.0069637479
0.0047861876
0.0061094707
0.0075640143
0.0099705499
0.007863779
0.01069779
0.0080539502
0.008468042
0.0055668856
0.0023777672
0.0024313205
0.00051516808
0.0048002891
0.0084920201
0.013015129
0.016208864
0.022111953
0.02323277
0.026555153
0.026194167
0.021154411
0.010875548
-0.00039818937
-0.010516224
-0.022904394
-0.031839089
-0.040992452
-0.044399826
-0.040425875
-0.049945398
-0.056866141
-0.069233686
-0.080378889
-0.081984502
-0.069944486
-0.07164132
-0.080555828
-0.085725405
-0.077617761
-0.073117992
-0.070013554
-0.067385709
-0.062687836
-0.060432002
-0.054080164
-0.051838053
-0.060976964
-0.064571634
-0.061649271
-0.057823833
-0.053011729
-0.04767549
-0.044756641
-0.039431185
-0.036648878
-0.03531717
-0.031532396
-0.026635607
-0.025208763
-0.024846997
-0.023744383
-0.019820766
-0.020890638
-0.020387649
-0.019887807
-0.01987749
-0.020094393
-0.023161286
-0.018871195
-0.014263725
-0.015845718
-0.011609115
-0.0071348546
-0.0057037638
-0.0062696347
-0.0015595148
-0.0015459692
-0.0025893444
-0.0066325495
-0.0041917599
-0.002483936
-0.0041442112
-0.0050814396
-0.0087763702
-0.0086043818
-0.006122139
-0.0035820772
-0.0018668259
-0.0021795657
-0.0034890942
-0.0026356758
-0.00097318743
0.00070057883
0.00023072389
0.002214961
0.0047887972
0.0065216039
0.0086024855
0.011085058
0.010801805
0.010153065
0.012107355
0.013769507
0.014603011
0.018391514
0.024283306
0.017568906
0.01012895
0.0016214998
0.0081969822
0.013316769
0.0093577723
0.0078203776
0.0056850437
0.0062811976
0.0048572277
0.0040485178
0.0017362099
0.0038049439
0.003060108
0.0034537536
0.0037705233
0.0063739608
0.0068647869
0.0085798169
0.012880247
0.011416904
0.013628926
0.015168225
0.01706528
0.015887079
0.016509609
0.017379246
0.017469571
0.016121131
0.013958379
0.01316518
0.013484085
0.012491196
0.013009778
0.0071019484
0.0069285126
0.0057838661
0.0063596612
0.007086023
0.0053349125
0.0087321886
0.010282826
0.0074747357
0.0087257659
0.007836238
0.0085505587
0.0090918074
0.0075106964
0.0021425734
-0.0016314618
0.0026698652
0.0011737474
0.0030509754
0.0041705235
0.0076126331
0.0093646702
0.012179234
0.01153653
0.0086085909
0.0027134113
-0.0077684109
-0.02192554
-0.039240638
-0.05585844
-0.062931483
-0.05716961
-0.06117561
-0.071145822
-0.083159414
-0.091137432
-0.09691304
-0.09437789
-0.08607402
-0.073935545
-0.081179559
-0.078883982
-0.06990097
-0.071585533
-0.075319016
-0.073634587
-0.060203367
-0.04542822
-0.037598313
-0.0380796
-0.04617453
-0.050372244
-0.039629773
-0.035257504
-0.029140529
-0.024191684
-0.02008169
-0.017932668
-0.01506413
-0.012792434
-0.0097863766
-0.0090749439
-0.0068870386
-0.0064639913
-0.0074762422
-0.0060886369
-0.009428387
-0.010585276
-0.012020626
-0.01496512
-0.015328714
-0.012657206
-0.011731733
-0.013226972
-0.013479564
-0.011607153
-0.010848873
-0.011473017
-0.008912494
-0.0077548007
-0.0065526838
-0.0063340118
-0.0075484909
-0.0083016161
-0.010376777
-0.010681713
-0.011784619
-0.012519732
-0.010047131
-0.010605489
-0.0099802756
-0.0050777097
-0.0036905088
-0.0028909478
-0.0034852326
-0.0021189339
0.0026456176
0.0058322175
0.0107902
0.015077745
0.020165471
0.023830146
0.028876672
0.033349044
0.029951616
0.03067064
0.028482209
0.024787225
0.018071213
0.017448391
0.0076851894
0.001047233
0.0085769576
0.01310395
0.013599151
0.0066492987
0.0073528166
0.0039517447
0.0021335315
0.0011146647
-0.00016613588
0.001645913
0.0021772146
0.00044278954
0.00053794363
0.0020588567
0.0028854084
0.0042395715
0.0057204866
0.0076115913
0.0094485829
0.008813047
0.0083572641
0.011326379
0.012259095
0.013110526
0.013714185
0.012245477
0.0093829728
0.0087513969
0.011200535
0.011891069
0.0087137053
0.0071290594
0.0081341606
0.0064720415
0.0083781771
0.0086057751
0.0080236846
0.0066887352
0.0072388276
0.0068343292
0.00964119
0.0096591162
0.011054592
0.0096397429
0.0089704666
0.0072859446
-0.00065673611
-0.00910466
-0.0047325876
-0.0062070773
-0.0083043214
-0.0061470331
-0.0035183565
-0.0016352711
-0.00026852607
-0.0043475447
-0.0064374309
-0.012041691
-0.021216408
-0.034050058
-0.049215345
-0.073834041
-0.068217873
-0.06305901
-0.07504919
-0.07917929
-0.087670304
-0.08957438
-0.088318021
-0.081690368
-0.071904115
-0.048864274
-0.042854772
-0.050757091
-0.051513938
-0.057371942
-0.066943984
-0.062266407
-0.049654591
-0.032052779
-0.013661964
-0.015083021
-0.025554753
-0.022129443
-0.014485721
-0.009452116
-0.0050700548
-0.002068395
0.0015872037
0.0066275243
0.0062350746
0.0067197811
0.0080201947
0.0053214889
0.0055986346
0.0036216722
0.0030807567
0.001990031
-0.00044054571
-0.0026727304
-0.0036169651
-0.0081202393
-0.0096531691
-0.0089119445
-0.0090408168
-0.010430181
-0.012487119
-0.010243082
-0.0085393831
-0.0078955457
-0.0070838127
-0.0066130641
-0.009184745
-0.010610867
-0.010891397
-0.0097966063
-0.010403027
-0.011465279
-0.010262605
-0.011533977
-0.011675247
-0.0095658253
-0.00756581
-0.0064948784
-0.0044731802
-0.0034819648
-0.0045796343
-0.00068318375
0.0047447043
0.0064108107
0.013743742
0.022588032
0.028407973
0.034572745
0.036602414
0.035841808
0.037827401
0.039529859
0.034128763
0.033003098
0.02701317
0.018476102
0.0074564606
0.011712828
0.01387407
0.015575003
0.012622042
0.0091320971
0.0053077106
0.0031345351
0.00044112682
-0.0010280389
-0.0021342147
-0.0011196052
-0.0013237559
0.00018974519
-0.00030598457
-0.00015000528
0.00086407648
0.0025409191
0.0027895194
0.0042660324
0.0064361851
0.0072995344
0.0073304775
0.0072156518
0.0075438394
0.0087241975
0.0077756246
0.0072164831
0.0057636377
0.0054326293
0.0075734869
0.0081743946
0.0093548201
0.0058840267
0.0067206043
0.0080924823
0.0077910657
0.0067320642
0.0087041554
0.006690497
0.0066967434
0.0067624441
0.0074908838
0.0067652125
0.0056978159
0.005883928
0.005067041
0.0013493458
-0.0028085146
-0.0064960271
-0.0041633714
-0.0025360033
-0.0070543012
-0.011003257
-0.011685538
-0.011271144
-0.010517844
-0.014159712
-0.017016858
-0.021757154
-0.029033346
-0.040291095
-0.053320408
-0.067037081
-0.060464698
-0.067669026
-0.076777595
-0.076522451
-0.079532106
-0.072161765
-0.062412903
-0.051446136
-0.043492271
-0.023346677
-0.023568526
-0.037891074
-0.039458075
-0.039865613
-0.037174321
-0.031916554
-0.024683194
-0.012562409
0.0023894715
-0.0017777699
-0.0047589952
0.0050549348
0.01026445
0.011846185
0.012393221
0.018139309
0.019468091
0.018703096
0.0149865
0.016328026
0.014747184
0.013152629
0.013450629
0.010435315
0.0086466951
0.0084069464
0.0037016473
0.0021409779
-0.0013697179
-0.003582962
-0.0054805728
-0.0053346495
-0.0091232912
-0.0096103569
-0.01081916
-0.010422007
-0.009602329
-0.0081521625
-0.0067523159
-0.0067028602
-0.0056466878
-0.0085990212
-0.0085252705
-0.009460576
-0.0099495481
-0.0089850916
-0.0076708094
-0.008223792
-0.0067422794
-0.0063305693
-0.0032016839
0.00068363768
0.0029921645
0.0025609039
0.0014377374
0.0030974078
0.0094557129
0.012617144
0.016607847
0.022664737
0.030332205
0.035552583
0.037798991
0.037838826
0.036311543
0.037435823
0.02674202
0.021071392
0.011274176
0.0090188803
0.011349428
0.013496625
0.013442359
0.011218614
0.0068798076
0.0039924162
0.0029071109
-0.001151565
-0.00073164689
-0.00084674134
-0.0030601259
-0.0017489069
-0.0017876872
-0.0032795207
-0.0034984126
-0.0044016056
-0.0026085538
-0.0015860021
0.00063915768
0.0013927273
0.0024123205
0.004193357
0.006475311
0.0061532296
0.0049249013
0.0047657286
0.005047273
0.0044127059
0.0024273123
0.00021588856
0.0022415762
0.0054457232
0.0068997973
0.0061395842
0.0036218863
0.002580769
0.00087336106
0.0027144143
0.0027779514
0.0027851387
0.0051855925
0.0039174605
0.0042240859
0.0043730059
0.0034118916
0.0051284338
0.0024929076
0.00099460197
-0.0018216455
-0.0023032104
-0.0040974943
-0.0035051817
-0.0038792634
-0.0063547802
-0.011021891
-0.014210931
-0.015651358
-0.018140313
-0.020364194
-0.025305157
-0.030626688
-0.036846217
-0.043940087
-0.04504184
-0.041274328
-0.047831209
-0.055591822
-0.059815933
-0.05443589
-0.045022713
-0.03218152
-0.017938202
-0.01188502
-0.0061826787
-0.012992648
-0.024184936
-0.022175782
-0.019850211
-0.017414154
-0.013140871
-0.0056325913
0.0019844177
0.0096948635
0.0099722504
0.011563714
0.016590424
0.020177094
0.022903003
0.02091725
0.020346901
0.019964132
0.020461608
0.016852888
0.016043557
0.014947459
0.0124178
0.012632159
0.0096562262
0.0089395702
0.0077399855
0.0048919469
0.0036942109
0.00077587546
-0.0011886675
-0.0053943668
-0.0037781245
-0.0042387829
-0.0057256389
-0.0068133551
-0.0079315892
-0.0068536274
-0.0070041498
-0.0061284863
-0.0071759405
-0.0056612398
-0.0045769554
-0.0054562121
-0.0062517909
-0.0050292537
-0.0049276947
-0.0054172957
-0.0066252059
-0.0062330433
-0.0034221313
-0.0017543013
0.0014941555
0.0055729721
0.0065456008
0.0078989249
0.010585142
0.012930506
0.015907295
0.018517441
0.022077436
0.026644012
0.031175584
0.030080069
0.025453993
0.017618146
0.016087709
0.013793222
0.011306447
0.0033578251
0.0057720893
0.013224071
0.010122716
0.012643772
0.011044774
0.0079394934
0.0040224387
-0.0013740647
-0.002986913
-0.0032700845
-0.0046903818
-0.0054406372
-0.0050723919
-0.0034456028
-0.0024660332
-0.0032238116
-0.0045712437
-0.004022867
-0.0040452993
-0.0026789701
-0.0014522885
-0.0011408374
-0.00034628309
0.00094102271
0.001805601
0.0013567896
0.00090957376
0.00057258668
0.0017511259
-0.00062979425
-0.00059106444
0.0015308173
9.8393544e-05
0.0027329089
0.0021460866
0.00035974063
0.00084508256
0.0011444075
-0.00020549853
0.00056513378
0.0016948046
0.0029049446
0.0051907266
0.0034919037
0.0030668784
0.0030958819
0.0018316606
0.0036645383
0.0019881364
0.001434199
-0.0015899312
-0.0023813715
0.00032918448
-0.0027246465
-0.0020862224
-0.0057808639
-0.0099188251
-0.013449148
-0.016425503
-0.017772508
-0.022647004
-0.027565902
-0.030661216
-0.030264719
-0.024724252
-0.02307942
-0.028250225
-0.025934496
-0.027534423
-0.028885825
-0.018740936
-0.012037512
-0.0025100034
0.00016700779
-9.8092045e-05
-0.005264216
-0.0084540651
-0.0086975774
-0.0074196397
-0.0047295335
-0.0048681207
-0.0033759158
-0.0001974419
0.0098484679
0.013288917
0.015437174
0.016884533
0.016822753
0.019819639
0.018783577
0.018829655
0.017155845
0.015234597
0.015522289
0.012499053
0.0075402618
0.0059792259
0.0070872988
0.0060308579
0.0067068308
0.0064170984
0.0065948249
0.0038091336
0.0014851565
-0.00024637426
2.3928922e-05
-0.00029727065
-0.0010258558
-0.0014055598
-0.0036152688
-0.0051434577
-0.0050152698
-0.0041141494
-0.004882549
-0.0052804876
-0.0051001497
-0.0043310885
-0.004537208
-0.0037505205
-0.0027307324
-0.0032827315
-0.0037171863
-0.0043539695
-0.0054797276
-0.0035479722
-0.0018840479
0.0002318871
0.0029412856
0.0057559762
0.0080050221
0.0095803214
0.01074474
0.012858126
0.015547512
0.015338461
0.016665255
0.016543824
0.0093938657
0.0084853941
0.0094658952
0.0095212727
0.011965359
0.0079461694
0.004991466
0.005768183
0.0096361067
0.0093078677
0.0094298185
0.0093342989
0.0064479213
0.0041428063
0.0032009566
0.0016316106
0.00028403175
-0.00014037776
-0.0009218735
-0.00097874641
-0.0014716939
-0.0016344062
-0.0015099211
-0.0022991621
-0.0040165191
-0.0036110405
-0.0029517686
-0.002885197
-0.0024744786
-0.003155178
-0.0035455624
-0.0030530593
-0.0027395982
-0.0018861268
-0.002083118
-0.0019356579
-0.0034181816
-0.0012264208
-1.1064749e-05
-0.0017797893
0.0006246687
0.00058939973
