0.0045436465
0.0039639753
0.003989186
0.003654324
0.0031651033
0.002098931
0.0070663369
0.01379496
0.018275074
0.018303641
0.017049902
0.014560682
0.011188893
0.0075200738
0.0048300973
0.0038445578
0.0037517483
0.0040817682
0.0047319478
0.0037537204
0.003679021
0.0018450116
0.0022435686
0.0021765248
0.0013102713
0.0019469182
0.0013318758
-6.6689269e-05
-0.0013733258
-0.0013071036
-0.0011141676
-0.00076872686
0.00029853615
-0.0006506745
0.00024534289
-0.00034976317
-0.0012187626
-0.0024410792
-0.002750927
-0.0034008027
-0.0038688326
-0.0023885345
-0.0012638113
0.0001177578
0.0014874378
0.0017281668
0.0013899347
0.00092518679
-0.001373476
-0.0054513425
-0.0084034261
-0.0085595059
-0.0055953828
-0.002685133
-0.00063583073
-6.6681255e-05
0.00024747397
0.00091212699
-0.0014749744
-0.0032554934
-0.0049944518
-0.0065093057
-0.0069762419
-0.0077395485
-0.0078306937
-0.0090919814
-0.011102037
-0.01326691
-0.016339004
-0.016694856
-0.014923706
-0.013979804
-0.012929238
-0.0088388965
-0.0075438814
-0.0081728867
-0.0079031336
-0.010740326
-0.012541399
-0.012881299
-0.014430031
-0.012738457
-0.011297611
-0.0074789408
-0.0048520159
-0.0042291475
-0.0046093921
-0.0046783381
-0.0041556337
-0.0013462217
6.4259902e-05
0.0018750141
0.0025422709
0.0020227385
0.00070553793
0.00054462221
6.8970744e-05
-0.0013024972
-0.00079162702
-0.00085371348
-0.0015393187
-0.0013007252
-0.0012967176
-0.0015777999
-0.0015223651
-0.0011432339
-0.0018218044
-0.0017908441
-0.0018090313
-0.0022373266
-0.0017434998
-0.0022076203
-0.0026361918
-0.0039322384
-0.0050374935
-0.0064708158
-0.0043512172
-0.0045541105
-0.0027250511
0.0053804083
0.0052429506
0.0092027538
0.0096637547
0.011429995
0.014129924
0.013969377
0.013707085
0.013720676
0.011603351
0.0091387037
0.0060111889
0.0062776791
0.0082361324
0.0069060577
0.0063880523
0.0058582025
0.006109051
0.0047604773
0.0054004532
0.0053128148
0.0058005219
0.0052177252
0.0045798548
0.0046068535
0.0032869728
0.0031312294
0.002125738
0.0016292129
0.00026037432
-5.0662733e-05
0.0078871128
0.013636886
0.014345688
0.013259836
0.013327421
0.013005815
0.0093161981
0.0083659366
0.005885685
0.0036788158
0.002378026
0.0011815901
0.0018161556
0.0034101787
0.0035972598
0.0014741842
0.0011782053
0.0016285999
0.0022004431
0.0021584748
0.00071398198
-0.0012074451
-0.0025950907
-0.0023738871
-0.0019967423
-0.001852043
-0.0027085454
-0.0041905666
-0.0045631631
-0.0056101881
-0.0067454146
-0.0076266083
-0.0082482407
-0.0071706805
-0.0059246311
-0.0057860072
-0.0049205995
-0.003353834
-0.0021224045
-0.0012092446
-0.0010008768
-0.0012962932
-0.0006691463
-0.0036556909
-0.0073469749
-0.008295643
-0.0044773725
-0.0002728529
0.0013568892
0.00047282547
0.0002121143
0.00040315267
-0.00089766576
-0.0024012823
-0.0029685713
-0.0042314274
-0.0049191352
-0.0057305311
-0.0083203556
-0.010358509
-0.011430492
-0.011803932
-0.011678556
-0.01123737
-0.010084014
-0.008956796
-0.0063155434
-0.0039926642
-0.005422759
-0.0055424875
-0.0067381264
-0.0088475484
-0.010397771
-0.010653997
-0.0093908442
-0.007703995
-0.0034528205
-0.0015527671
-0.001255852
-0.0021356343
-0.0018556609
-0.0014084494
-0.00048801443
0.00010353917
0.0012332767
0.0019610121
0.0020778966
0.0021535673
0.00041286696
0.0011380364
0.00059989518
0.00051798336
0.00041443703
0.00034206202
-0.00034125685
-0.0013619523
-0.0013145775
-0.0010269352
-0.0010366289
-0.001676781
-0.0022659745
-0.0027420111
-0.0030166674
-0.0032890128
-0.0035900055
-0.0042397931
-0.0053661689
-0.0057088242
-0.007786278
-0.0070105507
-0.0063911262
-0.0036826799
0.0050248275
0.0086380647
0.0099661471
0.010604749
0.011145103
0.011337996
0.011921064
0.012262328
0.012023319
0.011223477
0.0085202945
0.0070549185
0.0064350644
0.0070906528
0.006253647
0.0060552505
0.0052103468
0.0042764695
0.0041512351
0.0034659451
0.0036697549
0.0039408294
0.0039355696
0.004016038
0.0040049181
0.0044717825
0.0023206572
0.0018059513
0.0010636763
-8.7911194e-05
-0.0011155202
-0.00086433109
0.0070633993
0.012777861
0.011333142
0.012408278
0.0098301558
0.0078172998
0.0065356211
0.003372565
0.0031467532
0.00079850419
5.3970245e-05
0.00083367689
0.0029927924
0.0033003141
0.0023087566
0.001992071
0.002543866
0.0028775882
0.0029251776
0.003847149
0.0021991439
0.00052883513
-0.0012846371
-0.0025717486
-0.0024357272
-0.005082213
-0.0071644255
-0.00991228
-0.012072242
-0.012960461
-0.013547679
-0.014576957
-0.01420672
-0.013654592
-0.012429884
-0.010768653
-0.00960368
-0.0090083826
-0.0063554638
-0.0049387518
-0.0042513913
-0.0035575755
-0.0038516726
-0.004267286
-0.008325632
-0.0082467754
-0.0051130142
-0.00027904854
0.0031915268
0.0014740875
-0.00031913751
0.0018849983
0.0019629603
0.001179054
0.0015114523
-0.00092360779
-0.0021234498
-0.0050917322
-0.0058202957
-0.0071542065
-0.0075109454
-0.0067352796
-0.0048230849
-0.0040726237
-0.0056875608
-0.0038757341
-0.0031128448
-0.0021189722
-0.0012496561
-0.0024618863
-0.0034850327
-0.005531976
-0.0060116685
-0.0061400931
-0.0038994517
-0.00098173815
0.00017887495
-0.0012270921
-0.0024752246
-0.00092038488
-5.5246241e-05
2.5603879e-05
-0.00085043923
-0.0015725304
0.00039025731
0.0011852199
0.0011844874
0.0011990349
0.00025047644
0.00024613296
0.00082987807
0.00037220686
-0.00033460457
-0.0014042716
-0.002093905
-0.002009257
-0.0020552068
-0.0019485284
-0.0024161305
-0.0026319419
-0.0025456182
-0.0030632175
-0.0038388972
-0.0041014911
-0.0051330392
-0.0051790563
-0.006360283
-0.0071417653
-0.011747716
-0.010059878
-0.0012363394
0.0065043722
0.0081022096
0.0098708244
0.0086577815
0.0083853129
0.0076976945
0.010566153
0.013537193
0.012182819
0.011315796
0.008524819
0.0065454928
0.0061325511
0.0059845037
0.0042520031
0.0026410264
0.0033704589
0.0027012489
0.001961329
0.002204366
0.002382565
0.002891722
0.002526632
0.002845101
0.0032361604
0.0033558509
0.0026553429
0.0024933649
0.0025945959
0.0021223073
0.0016656042
0.00098537231
0.00053962491
0.0071639833
0.0124495
0.011459539
0.01162609
0.010155509
0.0075712087
0.0047595467
0.0015553784
-0.0018388597
-0.0014507719
-0.0001800904
0.001518351
0.0028985208
0.0024835407
0.0028995122
0.0044383645
0.0046691618
0.0038810843
0.0056154321
0.005811273
0.0047466189
0.0021781925
-0.0023496547
-0.0032550163
-0.0063867468
-0.0093759664
-0.01342414
-0.016071736
-0.018323947
-0.021127499
-0.02134621
-0.021867293
-0.024266992
-0.022364832
-0.020439855
-0.018126047
-0.015511548
-0.013517965
-0.012618983
-0.011938341
-0.01138374
-0.008835719
-0.0071260061
-0.007101879
-0.0063220681
-0.0051599837
-0.0034148049
0.00087398476
0.0016551442
-0.00046798061
-0.00016937392
0.0028975457
0.0020030355
0.0023787176
0.0025745482
0.00016137457
0.00072373342
0.00051335181
-0.0011051621
-0.0037315972
-0.0028859886
-0.00091166994
0.0001035837
0.00070837644
0.001180477
0.0034851494
0.0047395063
0.0025436213
0.0021526342
0.0023273228
-0.00055341279
-0.0015433558
-0.0018008901
-0.002368473
-0.00092382622
-0.00028067731
-0.0012186806
-0.0040295354
-0.0039387371
-0.0024722803
-0.0007461817
-0.00083218035
-0.0011690036
-0.0012248314
-2.8165493e-05
0.0001480372
0.00029133016
0.00028880621
0.00077635944
1.7709094e-05
-0.00088490087
-0.002194222
-0.0020870832
-0.0031392257
-0.0032438742
-0.003474943
-0.003372306
-0.0031029304
-0.0027843225
-0.0028572292
-0.0023971772
-0.0029995505
-0.002514218
-0.0036367811
-0.0027830057
-0.0031369154
-0.0020589275
-0.005501958
-0.0064716018
-0.0012766058
0.0026081384
0.0052016133
0.0066974473
0.0064656357
0.0060512453
0.0041322708
0.0068793795
0.0083635223
0.0084032323
0.0095153656
0.0084956219
0.0066195381
0.0039000127
0.004190366
0.0031589869
0.0022406047
0.0012634714
0.0013299104
0.00073359463
0.0011307243
0.0012589077
0.0015655774
0.0010828437
0.0016614398
0.0018016394
0.0027313605
0.0026656217
0.0026701353
0.003435911
0.0038493081
0.0040123038
0.0041328885
0.0040763414
0.0042886754
0.0090563198
0.010240211
0.010045709
0.0073972354
0.008255881
0.0093613945
0.0060600077
0.0011278582
-0.0003710197
0.00057928584
0.0015998824
0.0034879374
0.003510671
0.0063534382
0.0077626759
0.0093969911
0.010348535
0.0092329127
0.0097068867
0.010384685
0.0093380598
0.0074905389
0.0047479135
-0.00076786243
-0.007077308
-0.011928885
-0.018100779
-0.023072184
-0.025499921
-0.025607269
-0.028600896
-0.031701416
-0.033093601
-0.031479322
-0.029300072
-0.025627695
-0.021650915
-0.019200908
-0.019496867
-0.020297357
-0.02005786
-0.015421601
-0.013923234
-0.0095053059
-0.0070693174
-0.0054877197
-0.0032258425
-0.0024459163
-0.0039627664
-0.0044272891
-0.0042181852
-0.0046604403
-0.0032049147
0.0011487237
-0.0018350494
-0.0043295741
-0.0011406379
-0.002700733
-0.0013513329
-0.0005138546
-0.00097818351
0.00095157077
0.0022947335
0.0033608391
0.0054112388
0.00856818
0.0084154444
0.007001443
0.0086097538
0.0076092763
0.0060305458
0.0052709399
0.0022146845
0.00035043921
0.00063855821
0.00020647394
-0.0026335328
-0.0032419488
-0.0025325669
-0.0019644719
-0.0026892938
-0.0023666352
-0.0021797967
-0.0019271379
-0.0011972337
-0.0012519266
-0.00075956675
-0.0012251153
-0.0020676215
-0.0023258128
-0.0033747065
-0.0033121058
-0.0047920557
-0.0050159836
-0.0045006306
-0.003659227
-0.0034518912
-0.0028422281
-0.001962702
-0.0010610251
-0.00065991997
-0.00046262148
-0.00078998176
0.00024630613
0.00081795876
0.0015951156
0.0022415377
0.00058646614
0.00071139956
0.0019354773
0.0069704523
0.0046754212
0.0051919835
0.0068755693
0.0034875743
0.0041749884
0.0071014414
0.0075154428
0.0063894712
0.0081781171
0.009578251
0.0056941094
0.0040398318
0.0018797425
0.0011619151
0.00019710772
0.0011126036
0.0011201223
0.00091854587
0.00056455582
0.0014123996
0.0013921029
0.0021258722
0.0022214359
0.0030890393
0.0027768337
0.0027890091
0.0033725513
0.0043453641
0.0046299155
0.0053431885
0.0059861062
0.0056574406
0.0058568893
0.0093267692
0.0058980839
0.005274924
0.0043990155
0.008476687
0.011225791
0.005312
0.0015863173
0.0010968381
0.0033954665
0.0052119804
0.0079809001
0.010540349
0.013124304
0.014773943
0.016592747
0.015135884
0.014827504
0.016166971
0.01400057
0.014033584
0.01377179
0.0097510847
0.0048647847
-9.0392372e-05
-0.0054261821
-0.014248253
-0.021263948
-0.026810538
-0.033071313
-0.037755778
-0.043999977
-0.045089718
-0.044862645
-0.043390608
-0.038105106
-0.03209186
-0.028867757
-0.027773747
-0.027851357
-0.025952988
-0.023067907
-0.019202528
-0.017227192
-0.010937766
-0.010922672
-0.0099218461
-0.010221579
-0.0097882439
-0.014165956
-0.015067487
-0.01708674
-0.018633011
-0.011328308
-0.017033848
-0.01878374
-0.011894337
-0.0079468923
-0.0053538351
-0.0032899438
-0.0023751833
0.00040455131
-0.0021593183
0.00085792316
0.0042479595
0.0073257362
0.0075205677
0.0071097756
0.008299277
0.0084661876
0.0070585511
0.0078288681
0.0038224851
0.0022407631
0.0030216817
0.00078574218
-0.00060955142
-0.0017496669
-0.0026414691
-0.0026525453
-0.0031832499
-0.0029954686
-0.0035423322
-0.0036973162
-0.0034306442
-0.0027616378
-0.0025357927
-0.0020241481
-0.0024505297
-0.0027633471
-0.0030227908
-0.0036372122
-0.0041545057
-0.0040900583
-0.0038202945
-0.003182034
-0.0022687944
-0.0010291586
-0.00035461858
0.00090792422
0.0018754011
0.0030906206
0.003309679
0.0043102916
0.0056239387
0.0068763813
0.006167377
0.0035066505
0.0026926382
0.0030265989
0.0054278565
0.0042220683
0.0027501635
0.0031572281
0.0039804411
0.0050194505
0.0073182914
0.0062240419
0.0084113932
0.010956139
0.0077494593
0.0057794489
0.0022888111
-0.00064710532
-0.0017321518
-0.0014239635
-0.0012946623
-0.00027901747
0.00095229866
0.00099633727
0.0015143458
0.0022176121
0.0030156286
0.0029786594
0.0028288055
0.0031451744
0.0032396486
0.0037985641
0.0044615661
0.0046493419
0.0068957478
0.0068445402
0.0073860636
0.0061337435
0.0067697982
0.0050618676
0.0046539589
0.0042705337
0.0075107187
0.0085254771
0.0084550243
0.0053133024
0.0038615646
0.0055031649
0.0072507475
0.010808544
0.012322611
0.014262709
0.017304452
0.017945434
0.017863716
0.018868665
0.022204347
0.022629906
0.017779145
0.018846898
0.015269282
0.01675655
0.0076643163
0.0010171673
-0.0071326626
-0.018414393
-0.024781147
-0.033239641
-0.041449402
-0.046118841
-0.054821562
-0.053723061
-0.059519898
-0.052470498
-0.044472329
-0.043993374
-0.044533451
-0.040960817
-0.036821636
-0.037838418
-0.033617408
-0.031349658
-0.0266601
-0.028613564
-0.02929716
-0.028097655
-0.026839698
-0.033108854
-0.033300581
-0.035919261
-0.033457561
-0.022519518
-0.024728611
-0.028467342
-0.023600068
-0.023309443
-0.017507864
-0.011638204
-0.010516801
-0.0057307662
-0.0081842957
-0.0042593794
-0.0028357925
-0.00056138547
0.00088335068
0.0007621239
0.0021852556
0.0010726639
0.0017623281
0.0027642361
0.0019082728
0.0010146354
0.0012027435
0.00070931398
-0.00010445839
-0.0010525823
-0.001584988
-0.0017640891
-0.0019527898
-0.0030059146
-0.0031130056
-0.0033333261
-0.0024817549
-0.0026222033
-0.00239189
-0.0017780441
-0.0018480178
-0.0022852303
-0.0020914333
-0.002397059
-0.0027495287
-0.0023958365
-0.0016872404
-0.00044996093
0.00043013717
0.0012912637
0.0023357895
0.0030762948
0.0041589831
0.0051710038
0.0059009751
0.0072622038
0.0085635322
0.010946076
0.010335229
0.0014022243
0.0023498833
0.0064896312
0.006394309
0.0042583442
0.0057578209
0.0045587169
0.006743032
0.0082486738
0.0061851419
0.0058651677
0.0034906236
0.0022517676
0.00076923616
0.0001700755
-0.0034976552
-0.005201272
-0.0054758903
-0.0037352388
-0.0014243992
-0.00067102512
-3.8235269e-05
0.00073438493
0.0021074874
0.002140928
0.0027058156
0.0025154433
0.0028700986
0.0028550994
0.003257307
0.0034588348
0.0057865136
0.0071381942
0.0073741072
0.0084887186
0.0072228154
0.0076236307
0.0027251746
0.00016938614
0.0030704762
0.0039115677
0.0082411973
0.0076501958
0.0084866164
0.002325135
0.0025763494
0.0065872573
0.0098301109
0.01049976
0.013042821
0.014302137
0.017602082
0.017385217
0.01681153
0.018917936
0.024563793
0.023393633
0.020168466
0.019129476
0.020035061
0.018051867
0.011276234
0.00059710944
-0.0066992881
-0.016300394
-0.02715732
-0.034906171
-0.044200106
-0.050509759
-0.051595517
-0.051934299
-0.057426114
-0.045309304
-0.038673117
-0.041748144
-0.044468199
-0.051921563
-0.04952898
-0.054035067
-0.049391131
-0.045185069
-0.044380004
-0.041844687
-0.047369362
-0.045455546
-0.050509995
-0.05452213
-0.048220942
-0.049305729
-0.044855303
-0.04144222
-0.032311237
-0.030922624
-0.025445488
-0.019324957
-0.016471217
-0.012792835
-0.011613511
-0.0094594764
-0.010129718
-0.0077218996
-0.0044780363
-0.0039056882
-0.0023066032
-0.0010519036
-0.0014625191
-0.0012950396
-0.0006840655
-0.0010635608
-0.0012094053
-0.0020148864
-0.0030558655
-0.0023492532
-0.0032005169
-0.002338011
-0.00063448684
-4.2750237e-05
-0.00069118857
-0.0010891418
-0.001925764
-0.0019311367
-0.0023287556
-0.0015951335
-0.0015374796
-0.0010812745
-0.00078405878
-0.00070134796
-0.0010970949
-0.0014933996
-0.0015014709
5.6734126e-05
0.0003102771
0.001472083
0.0014777854
0.0024589972
0.002872721
0.0042790314
0.0043078091
0.0060421827
0.0063671204
0.0086572896
0.008411232
0.012080606
0.0087747121
1.0866261e-05
0.0014686692
0.0032916851
0.0067403815
0.0077992627
0.004479443
0.0051984236
0.0034756555
0.0043147385
0.0039166411
0.0018777084
-0.0019317484
-0.0025426706
-0.0051913826
-0.005160711
-0.0053710554
-0.0049257465
-0.0037786364
-0.0026374426
-0.0010728413
9.0437853e-05
0.00096061921
0.001786897
0.0024127392
0.0029446767
0.0025753933
0.0030958952
0.0024391289
0.0036381387
0.0038417167
0.0055499668
0.0072326675
0.0079362075
0.0078211352
0.0061203912
0.009738841
0.0063437494
0.0029268458
0.0034829735
0.0037859918
0.0060297818
0.0091782012
0.0072626998
0.008983918
0.0037363695
0.0015036789
0.0090905192
0.012870291
0.011842303
0.013023986
0.015986129
0.019554231
0.019704916
0.017801551
0.020025579
0.023212471
0.025276466
0.02605819
0.026172211
0.02375225
0.016594488
0.0096251243
-0.00089964593
-0.011340822
-0.022888413
-0.034596149
-0.043122437
-0.0499312
-0.056899921
-0.052655231
-0.058349201
-0.05408823
-0.045620744
-0.044874656
-0.044145687
-0.051090475
-0.060135361
-0.062476613
-0.054451847
-0.056804059
-0.054467136
-0.05260765
-0.050167191
-0.059843705
-0.057376331
-0.060178539
-0.061095178
-0.057271641
-0.053009938
-0.048469849
-0.041582265
-0.036124643
-0.026960423
-0.020101769
-0.016373906
-0.011699011
-0.007948671
-0.0070972264
-0.0065750959
-0.0048504362
-0.0029808686
-0.0015645727
-0.00098440788
-0.0014257055
0.00035516204
0.0015425783
0.00011166202
-0.00015802034
0.0017966899
0.0011480912
-0.00041514625
-0.00090062958
-0.00073756576
-0.00079410667
-0.00083154278
0.00058340615
0.0013089559
0.0014975621
0.00046256413
0.0009292058
0.00083312612
0.00058330403
-0.00044239319
-0.0006371672
6.7364676e-05
0.00052044125
0.00047953309
0.00067862502
0.0016039865
0.0017735059
0.0017204003
0.0021959313
0.0022203944
0.0026499298
0.0034902784
0.004328102
0.0048223088
0.0052330449
0.0063340443
0.0069242353
0.0082595577
0.0089775776
0.011567608
0.0091651927
-0.00018108043
0.00056551587
0.0010349277
0.006052311
0.0078830002
0.0044973603
0.0020282119
-0.00050176154
-0.0008039112
-0.00014360265
-0.001014065
-0.0061839183
-0.0060201102
-0.0045738918
-0.0052514618
-0.0047754188
-0.0033216863
-0.0017400945
0.00034335487
0.001958306
0.0020756519
0.0037471961
0.0035037042
0.0049269318
0.0041977249
0.0044604258
0.0038962822
0.0041286143
0.0044567302
0.0059920013
0.0072235987
0.0080387666
0.0058893128
0.0048288919
0.0028424345
0.0044694786
0.0038048881
0.0020170369
0.0053667702
0.0064670381
0.0068952427
0.010040179
0.0063050491
0.0042858063
-0.0042856556
0.0006181597
0.0098608786
0.011799577
0.011231668
0.009996622
0.012429119
0.016539391
0.018524422
0.018875371
0.020280441
0.020545962
0.021246957
0.018265204
0.01444258
0.006483454
-0.003977752
-0.011673884
-0.020451894
-0.029018341
-0.040984733
-0.046811488
-0.056387805
-0.060457338
-0.062932437
-0.060906948
-0.06415057
-0.062497203
-0.062210112
-0.058564626
-0.058062527
-0.055355149
-0.067249343
-0.067868193
-0.058822306
-0.060810294
-0.05738296
-0.04922391
-0.054943673
-0.060676072
-0.057107026
-0.056344031
-0.052985848
-0.051033739
-0.044791563
-0.040468126
-0.034250949
-0.029344807
-0.019609462
-0.013017591
-0.0070323852
-0.0079512559
-0.0025820608
-0.002755078
-0.0014237982
-0.00069451939
0.0011555961
6.9113379e-05
0.0022335797
0.0016947906
0.0034256263
0.0034939205
0.0042668622
0.004718027
0.004776802
0.0050789516
0.0065536251
0.0043276222
0.0045503154
0.0047847469
0.0036141584
0.0033430281
0.0037293449
0.003072387
0.0035052815
0.003716405
0.0041781067
0.0026957001
0.0018887258
0.0020584386
0.0014587253
0.0024135327
0.00407172
0.0037584325
0.0044614324
0.0038681241
0.0038064906
0.0030172126
0.0037471537
0.0037226996
0.0046414573
0.0058010693
0.0062241587
0.005536337
0.0070495991
0.0067288252
0.0081479843
0.010010707
0.011973515
0.0056334057
0.0022840747
0.0018485187
-0.0017460005
0.00096503636
0.0038627222
0.0019067532
-5.1030784e-05
-0.0041607666
-0.0047046983
-0.0033209648
-0.0061103868
-0.0036626017
-0.0028862863
-0.0023552824
-0.0017954497
-0.001024094
-0.0013955595
0.00074233337
0.0010038198
0.0020849387
0.0023739987
0.0036122944
0.0038555878
0.0017830147
0.0022506732
0.0031586056
0.0032221575
0.004886414
0.0058367723
0.0058151212
0.0066655824
0.0039013491
0.0045244689
-0.0043785731
-0.0019226743
0.0016535363
0.0010873487
-0.0022785033
0.00069257302
0.00030223343
-0.0010814925
-0.0015314405
-0.0011015324
-0.0089289371
-0.01459773
-0.0050805071
-0.0035913399
0.0029432381
0.0059656979
0.0053519588
0.0071463463
0.009493401
0.012160963
0.013443272
0.012476419
0.0081798075
0.0032037023
-0.0035901706
-0.011471191
-0.02277744
-0.032671251
-0.040781957
-0.047768348
-0.048855244
-0.056380893
-0.066076208
-0.07390847
-0.077655344
-0.074025746
-0.068392555
-0.076165225
-0.075119037
-0.075943817
-0.074052076
-0.072674045
-0.07207765
-0.070618086
-0.066851779
-0.064111823
-0.059090745
-0.05737391
-0.054749109
-0.052926962
-0.052732638
-0.049106365
-0.043381948
-0.040908925
-0.036064192
-0.032210733
-0.025704849
-0.021821648
-0.01568138
-0.010020972
-0.0086293823
-0.0068811022
-0.0045454105
-0.0011205214
-0.0016978619
-0.0028210381
-0.0022181761
-0.0015595804
-0.00091378923
0.0021565094
0.0024434239
0.0045777806
0.0042345748
0.0081010114
0.0082539013
0.0060990619
0.0062730965
0.0093976432
0.010557581
0.007677226
0.0085325494
0.0073415286
0.0074960634
0.0060613378
0.0049448227
0.0049159575
0.004288388
0.0052665074
0.0036981992
0.0043866613
0.0024503688
0.0019195859
0.0022002179
0.0042478564
0.0044443735
0.0045460003
0.0026774722
0.0025900302
0.0016076674
0.0013223102
0.0025364076
0.0039088105
0.0037700107
0.0044664805
0.0056864882
0.00681883
0.0053736833
0.0051684451
0.0023156407
0.00089129483
-0.0057288871
0.001956461
0.010536408
-0.0014925683
0.00056025384
0.0032757518
0.0014497724
-0.0019397084
-0.0037626104
-0.0062508636
-0.0062063452
-0.0070869703
-0.0062885357
-0.0020324297
-0.0018076043
-0.0025419472
-0.00027281953
-0.0019298391
-0.0023003912
-0.0015175366
0.00011880932
-0.0014219721
-0.00045895499
0.0030331091
0.0019371904
0.0029836444
0.0012080925
0.0027141973
0.0010325658
0.002901145
0.0020584948
0.0023088225
-0.0013077576
-0.00053904995
-0.0036665771
-0.0014911922
-0.0011165881
-0.0028517366
-0.0024579879
-0.0013905287
-0.004811303
-0.005557942
-0.0081386881
-0.010054942
-0.014986077
-0.015675389
-0.010466952
-0.010206472
-0.0049331769
-0.0010830437
0.0015956305
0.0019507801
0.0031152603
0.0028954207
0.002349315
1.051499e-05
-0.0037237762
-0.010567612
-0.019254164
-0.030753874
-0.042907472
-0.053111527
-0.061223999
-0.059732833
-0.062789053
-0.072216952
-0.080523187
-0.089185287
-0.092314488
-0.09055853
-0.085733276
-0.087382146
-0.091468765
-0.094811868
-0.087400284
-0.08449259
-0.075601892
-0.071690597
-0.064703461
-0.057200602
-0.046760467
-0.04584602
-0.052694066
-0.051667888
-0.043159288
-0.035852488
-0.030835903
-0.024480396
-0.019516029
-0.013931868
-0.012199775
-0.006753317
0.00011532369
0.002379205
0.0011505154
0.00075360493
0.00077733241
0.0016197316
0.0028189283
0.0014429818
0.0025308606
0.0029197762
0.00090336641
0.0019644981
0.0041105377
0.0052741931
0.0044714704
0.0072195366
0.0080022813
0.0040008611
0.0030697573
0.0055890104
0.0059476944
0.0080078298
0.0082441552
0.010084578
0.0084965774
0.0064039225
0.0065393673
0.0037827115
0.0045883334
0.007997814
0.0072333423
0.0074544554
0.0049523233
0.0014970401
0.0031435625
0.0040640173
0.0045336555
0.0068878312
0.0057544494
0.0074674742
0.0084648963
0.0091456356
0.0055782642
0.0045965875
0.0064598532
0.009636363
0.011857019
0.014644855
0.01918849
0.016388605
0.010665282
0.0034626158
-0.00093854916
0.0066518533
0.014603405
0.0075925584
0.0019609839
0.0043852246
0.0019204733
-0.0014769347
-0.0042903535
-0.0049999463
-0.0064588958
-0.0046599332
-0.002832696
-0.0016679964
0.0024293291
0.00069063171
0.0028486737
0.0015262723
-0.00017449897
0.0010270763
-0.00050546253
6.9465278e-05
0.00091125615
0.0035746482
0.0035702483
0.001754432
0.00069227588
-0.00094696193
0.00031673208
0.00069645949
-0.0029798851
-0.001636181
-0.0040800711
-0.0034672376
-0.0046611884
-0.0019766965
-0.0042263397
-0.0038913347
-0.0038457114
-0.0064843665
-0.0038107628
-0.0042294011
-0.0092642013
-0.012866478
-0.013276004
-0.010632888
-0.012029966
-0.012885818
-0.011349854
-0.0081359689
-0.0078853379
-0.0072731675
-0.0037856924
-0.0035681611
-0.0042692431
-0.0085487935
-0.011714608
-0.017202105
-0.029005819
-0.041616352
-0.056235196
-0.06861957
-0.070134624
-0.067602101
-0.077564475
-0.091608427
-0.097612001
-0.101318
-0.099990571
-0.096055561
-0.086181518
-0.075956102
-0.081977053
-0.07631195
-0.070313118
-0.073826469
-0.070859733
-0.062896104
-0.047791217
-0.033716121
-0.029494282
-0.026480302
-0.035348108
-0.028159857
-0.014077931
-0.0088371591
-0.0013426384
0.0015784116
0.0057707542
0.0081655662
0.010731076
0.012287063
0.01550818
0.014862478
0.016780002
0.016942203
0.013173054
0.013558617
0.010130087
0.0091804289
0.0092275707
0.0080983065
0.0073073121
0.0047656556
0.0065105747
0.007008779
0.004621325
0.0043418735
0.0052882751
0.003723724
0.0060246723
0.0054668776
0.003159931
0.003986964
0.0032882565
0.0013535028
4.2663324e-05
0.0056681055
0.0062710868
0.0077666157
0.011264481
0.011846565
0.013334273
0.016605794
0.016861868
0.01561024
0.015958571
0.021331093
0.026595515
0.029510433
0.029733731
0.02759846
0.030256413
0.027063521
0.023640329
0.025017462
0.024382977
0.022051369
0.021576588
0.015483681
0.010391128
0.0067153799
-0.0066940907
-0.011382796
0.0054674371
0.014877301
0.013650927
0.0078951517
0.008767865
0.0030715452
0.00046869995
-0.0013939354
-0.00071463529
9.9280875e-05
0.0010569875
0.001149463
0.00041441721
0.0037677504
0.0046033289
0.0053863191
0.0027982358
0.0049505029
0.0031009297
-0.0014537536
6.4832007e-05
0.0059966443
0.0037879687
0.0031722464
0.0028209211
0.00077322663
-0.0001793619
0.00035263954
0.0024393241
0.00063534044
-0.0025524838
-0.006314869
-0.0043102682
-0.0055422707
-0.0062382418
-0.0061913024
-0.0056149912
-0.0056358072
-0.0078601977
-0.0061791196
-0.0033588294
-0.0026030378
-0.004623621
-0.0064871314
-0.011455187
-0.011464126
-0.014725805
-0.016274865
-0.012253723
-0.015652102
-0.011589218
-0.010893931
-0.00948016
-0.0095587816
-0.010172277
-0.015185208
-0.01869566
-0.024912163
-0.03265617
-0.044428501
-0.059492033
-0.069993137
-0.06568648
-0.071070389
-0.080703409
-0.085027734
-0.084524971
-0.082077493
-0.075199626
-0.070418303
-0.059745343
-0.04241581
-0.040727313
-0.046618451
-0.047778093
-0.052776252
-0.054772046
-0.046057103
-0.031789621
-0.015739443
-0.00019632392
-0.0067073407
-0.014099904
-0.0021980962
0.012248352
0.019788441
0.022426954
0.023077664
0.02573554
0.027657429
0.026078365
0.026895528
0.025001205
0.024307164
0.022572529
0.022381696
0.019197052
0.015056642
0.015361725
0.01388628
0.014426588
0.010849224
0.0081561933
0.0047238881
0.005676543
0.0049401078
0.0060528734
0.0057895538
0.0057334979
0.005882911
0.0064140667
0.0049701693
0.0042043047
-0.00055627461
-0.0033180498
-0.0049922597
-0.003292105
-0.0023165586
0.0059360667
0.0064670087
0.0092268842
0.0098967251
0.012559455
0.01587657
0.016954909
0.019538301
0.023772837
0.032134209
0.040986759
0.048201182
0.051067562
0.051279811
0.048757481
0.044138586
0.035474319
0.033865336
0.030632295
0.027990746
0.020379976
0.016326974
0.012585529
-0.0044640909
-0.017222848
0.0020390768
0.012924093
0.019080671
0.014118359
0.0060570697
0.00012225297
-0.0010690356
-0.0036475969
-0.0015980418
0.00020680304
0.0021199861
0.0027318226
0.0024908511
0.0013862855
0.00068534443
0.00052897365
0.00077069543
-0.0014182579
-5.0990956e-05
0.001081441
0.00052370019
-0.00011064294
0.0037253572
0.0017930165
0.0027273322
0.00054131152
0.00017655671
0.0023779386
0.0022894772
0.0030892866
0.0012755687
-0.0019942502
-0.0029605005
-0.0034133348
-0.0040654151
-0.006919147
-0.0048067668
-0.0046569414
-0.0038322081
-0.0052335735
-0.0035519557
-0.0038386129
-0.0036920214
-0.0047718976
-0.005768191
-0.0099880632
-0.012816025
-0.016841552
-0.017948617
-0.013104792
-0.013952745
-0.01218202
-0.014629667
-0.013563401
-0.013466429
-0.013780276
-0.01577357
-0.019239599
-0.023769208
-0.03265643
-0.04126285
-0.054452511
-0.060972387
-0.059176482
-0.06409158
-0.06614571
-0.065274786
-0.05821489
-0.056066404
-0.045802342
-0.040394757
-0.025713094
-0.014351098
-0.019221877
-0.025261805
-0.025327869
-0.028521877
-0.024812177
-0.014656201
-0.0080126133
0.0027572753
0.012143229
0.0071282031
0.009106966
0.018375883
0.028942023
0.031679629
0.033746934
0.036981837
0.036521035
0.031522487
0.026085575
0.026208615
0.023137164
0.021128012
0.021150196
0.018452305
0.015041171
0.012664935
0.014560837
0.017181053
0.013442003
0.012199582
0.0081337195
0.0080531752
0.0057176751
0.0054700231
0.003020241
0.0042372713
0.005410761
0.0042531409
0.0040222983
0.0056975176
0.0033317329
0.0015074059
0.00051271786
0.00069426183
0.0020386898
0.0035709554
0.0060592133
0.0070708846
0.011703006
0.01584173
0.01647466
0.01582179
0.017769868
0.019231642
0.022640744
0.028472758
0.039444727
0.047032603
0.052031854
0.053120408
0.051089539
0.043149578
0.036728267
0.030366129
0.028796994
0.02301727
0.013723918
0.0041579876
0.00016550459
-0.0057369325
-0.0041747309
0.0090740983
0.013816374
0.017454811
0.012842898
0.0085095616
0.00020821919
-0.0029162186
-0.0056992625
-0.0069803566
-0.001700945
0.001027944
0.00043529565
0.0030221452
0.0016647277
-0.00011703929
-0.00020679224
-0.00099321494
-0.001269691
0.00077627865
0.00096970913
0.0054203376
0.0040674786
0.0042919451
0.0023935341
0.0032900315
0.0017542094
-0.00070121325
-0.00059743123
0.0037097617
0.0068117558
0.0030918922
0.0029629558
-0.00044125269
-0.0025504916
-0.0032213816
-0.0043458595
-0.0042982953
-0.0032677795
-0.0037846213
-0.0022080953
-0.0033379105
-0.0031177096
-0.0036636199
-0.0045336689
-0.0046659844
-0.0067991816
-0.0098718504
-0.01267743
-0.013837787
-0.012618545
-0.010133991
-0.0096079933
-0.010738992
-0.014038479
-0.014074697
-0.014845511
-0.016121382
-0.019068907
-0.023640305
-0.028711884
-0.034113226
-0.042382918
-0.04411533
-0.045500202
-0.046846261
-0.045876494
-0.042079509
-0.035907434
-0.028913108
-0.020670665
-0.013836101
-0.0042916911
-0.0045564347
-0.010640606
-0.011102169
-0.0073350718
-0.0094505372
-0.0014852112
0.0039173782
0.0089093707
0.015865446
0.019558894
0.017303332
0.018801643
0.022920343
0.026878169
0.032460243
0.033325662
0.03379656
0.031618407
0.027512337
0.020905357
0.018497446
0.015953301
0.013652283
0.01183856
0.0085958242
0.0060141974
0.0040764205
0.0036509607
0.0044047968
0.0071926553
0.0083491472
0.0063219179
0.0073800281
0.0053454198
0.0033381914
0.0019902457
0.00073564353
0.0015680129
0.0017315463
0.0025444206
0.0019053634
0.001297317
0.0021962962
0.0023921189
0.0015679559
0.0031174026
0.0044828038
0.0056368559
0.0073640316
0.011763525
0.013524146
0.014577636
0.014124121
0.016076541
0.019244128
0.022651675
0.026755924
0.03095006
0.035358063
0.037186229
0.038602191
0.03625987
0.029611041
0.02241943
0.012566359
0.0071247128
0.0048085012
0.0032527219
-0.0016861309
-0.0065919735
-0.00088782074
0.0044887059
0.0063007044
0.010886604
0.010311818
0.0066074225
0.002049444
-0.0029367605
-0.0063368152
-0.0096353355
-0.011113985
-0.010764786
-0.0056148968
-0.0009494374
0.00093611862
0.00059031359
-0.0016013308
-0.00096889787
-0.00080197869
-0.0015419911
-0.00064145772
-0.00033576744
0.002331711
0.0023533711
0.0020950064
0.0017485241
0.0011977727
-0.00028765917
-0.0011340135
-0.002195583
-0.00036238462
0.0018607684
0.0021041449
0.00024958465
-0.00017174046
-0.0043064241
-0.0019202814
-0.0030606119
-0.0029313178
-0.0025268728
-0.0033893311
-0.0031832771
-0.0026579345
-0.0028511701
-0.0032801623
-0.0042113084
-0.0045501859
-0.0029539018
-0.0041688296
-0.0061134606
-0.0090481856
-0.0070918228
-0.0062159751
-0.0070926515
-0.0071244796
-0.010354863
-0.012003551
-0.01417214
-0.016198658
-0.017340458
-0.021971518
-0.025228615
-0.027403582
-0.029046699
-0.029112716
-0.030212479
-0.028684881
-0.020574331
-0.019315912
-0.016707026
-0.0091766562
-0.0087703703
-0.0015424966
0.00051055163
-0.00014198768
-0.0026695722
-0.0025004772
-0.0038498745
0.00079907906
0.0062143123
0.01047463
0.01320014
0.015850615
0.019069623
0.019208316
0.017145917
0.014532982
0.015891683
0.021281904
0.024659903
0.023016103
0.022017506
0.019429365
0.015735591
0.011948013
0.0072289498
0.0056647875
0.0045478945
0.00032627885
-0.00067516431
-0.0035628439
-0.001930011
-0.0034574076
0.00041150103
0.0015566116
0.0013472652
0.0027569632
0.0028471997
-0.00040184802
-0.0012482316
-0.0012537188
-0.0016497278
0.00012663468
0.0011100927
0.0004586287
-0.00091213408
-0.0012040725
0.00097258587
0.0036236086
0.0031192046
0.0026754165
0.00364797
0.0048698793
0.007756194
0.0094943461
0.0094069468
0.0082785596
0.011222345
0.014351371
0.016938279
0.018195313
0.021950845
0.024532204
0.027550642
0.023941443
0.020771585
0.011235249
0.001396983
0.0029019869
0.0045551071
0.0051192339
0.0052110402
0.0017935203
-0.0010902483
0.0032990617
0.0017807471
0.0038264928
0.0041355981
0.0020308944
0.0011401389
-0.0016077733
-0.0028940577
-0.0044017595
-0.0086316983
-0.010278749
-0.011251669
-0.0062878111
-0.0028692504
-0.00087623382
-0.00066060263
0.00048897775
-0.0021075388
-0.0043120126
-0.0042918425
-0.0042028446
-0.0035757973
-0.0033601402
-0.00068275999
2.4321641e-05
0.00089975028
0.0015360727
0.00041857964
0.00069377767
-0.0002910663
-0.00071615178
-0.00048433749
-0.0021616295
-0.0017373594
-0.0034072848
