0.0044508719
0.0041362193
0.0043567731
0.0046934108
0.004268123
0.0034956326
0.005268187
0.0061829842
0.0085024306
0.0090024261
0.0092967281
0.0073501898
0.0062647896
0.004951519
0.0029013268
0.0015922799
0.0022152714
0.0031034263
0.0031668499
0.0023970272
0.0025865275
0.0018455368
0.001155878
0.00052105102
0.0001670497
0.0008853792
0.0010587592
4.8130801e-05
-0.00082515252
-0.00096734086
-0.0010039229
-0.00074084702
5.9061013e-05
-0.00068865719
-0.00014354749
-0.0010912341
-0.0014850964
-0.0024928498
-0.0025922646
-0.0028079558
-0.0033579209
-0.0020723609
-0.0010722136
3.3306501e-06
0.0013840798
0.001349253
0.0012317247
-0.00026517761
-0.0012590075
-0.0032862002
-0.0043171033
-0.0043849247
-0.0027997508
-0.00093106674
-0.00031342375
-0.0002205198
-0.00088702513
0.00057661327
-0.0013103909
-0.0032702914
-0.0056283262
-0.0062876682
-0.0059453019
-0.0061179705
-0.0064709477
-0.0077206717
-0.0093893942
-0.011737863
-0.013556461
-0.014338519
-0.013720682
-0.013282151
-0.012641119
-0.0091635628
-0.0078341238
-0.0070831508
-0.0069087131
-0.0076345586
-0.0079554425
-0.0073945691
-0.0086451646
-0.0070670501
-0.0072146474
-0.0052480675
-0.0059502725
-0.0076006703
-0.0081127769
-0.0081765092
-0.0060224611
-0.0045525815
-0.0028291249
-0.0019700416
-0.002304543
-0.0026545818
-0.0021692452
-0.0018248673
-0.0017353396
-0.0028633561
-0.0031185309
-0.0032153196
-0.00322096
-0.0031923764
-0.0025538034
-0.0028950042
-0.0026255782
-0.002241786
-0.0027958185
-0.0031839901
-0.0032997345
-0.0038157814
-0.0031725824
-0.0033239656
-0.0035365096
-0.0038219242
-0.0042840736
-0.0055818565
-0.0034065249
-0.0030532341
-0.0014589711
0.0046308301
0.0049911182
0.0083627904
0.0080728023
0.0099286541
0.0099134761
0.0093627774
0.0099277142
0.010116458
0.0088092156
0.0066622471
0.0031268988
0.0029866339
0.0045641926
0.003801624
0.0033001452
0.003038453
0.0031291438
0.0016826729
0.0026366909
0.0039970362
0.0036633149
0.0031857228
0.0032735277
0.0042414425
0.0039911484
0.0039596501
0.003776087
0.0035267647
0.0024150762
0.0027329915
0.0048501368
0.005881378
0.0060963568
0.0053996407
0.0057232364
0.0058549242
0.0042059404
0.0041493638
0.0018545077
0.00015660747
0.00061543756
2.2887864e-05
0.00066188331
0.0012363197
0.0012242452
0.00013238114
0.00010927895
7.0891992e-05
0.0002738024
0.00014854047
-0.00033538161
-0.0012789506
-0.0021171981
-0.001782309
-0.0020675512
-0.0021819533
-0.0024713891
-0.0031482693
-0.0039485046
-0.0042286397
-0.0051472392
-0.0059058002
-0.0068959922
-0.0062951172
-0.0053379261
-0.0056491251
-0.0048668089
-0.0032748944
-0.0019806729
-0.0013326012
-0.0016682293
-0.0020190552
-0.0012407733
-0.0028804939
-0.0044568961
-0.0046981274
-0.0026961761
-0.0010573591
-0.00012755696
-0.00068643877
-0.00055746036
6.137339e-05
-0.0017420982
-0.0032299636
-0.0037175765
-0.0037219259
-0.0036475325
-0.004249256
-0.006645747
-0.0083745466
-0.0090108979
-0.0097759318
-0.010746899
-0.01047493
-0.0091306296
-0.0086103874
-0.0053562749
-0.0042144067
-0.0050036258
-0.0040191867
-0.0036600542
-0.0050398646
-0.0066458684
-0.0065362454
-0.0058165676
-0.0050337281
-0.0033645103
-0.0040873281
-0.0049528035
-0.0063792262
-0.0057541254
-0.0042495122
-0.003875504
-0.0028926047
-0.0014749003
-0.00075200853
-0.0009430938
-0.00089817988
-0.0018668511
-0.0012530183
-0.0021159413
-0.0021300958
-0.0021294004
-0.0021155892
-0.0022500818
-0.002545885
-0.0025566415
-0.0023992173
-0.002474459
-0.0030302061
-0.0036657622
-0.0040649389
-0.0045898738
-0.0044149976
-0.0044912007
-0.0048901959
-0.0053067303
-0.0050529531
-0.0066596124
-0.0065414563
-0.0047085631
-0.0019016458
0.0059670874
0.0087950987
0.0084577418
0.009337992
0.0089207652
0.0081777981
0.0069711986
0.0072484219
0.0081590077
0.0065576708
0.0056864916
0.0043281157
0.0024587126
0.0031279788
0.0031932
0.0029611586
0.0029523907
0.0022899059
0.0017568514
0.0016244739
0.0018635832
0.0018043634
0.0024352099
0.0030228387
0.0032537844
0.0043426153
0.003164982
0.0026143725
0.002521617
0.001685433
0.001710632
0.0019167371
0.0032065663
0.0055332789
0.0049901428
0.004778829
0.0033823091
0.0026550595
0.0025906059
0.0010687946
0.0010019885
0.0001389096
-9.8443271e-05
-0.00076209729
0.00050884681
0.0015341403
0.00055956382
-2.0626476e-06
0.00036202915
0.00070178095
0.00056305736
0.001915272
0.0021939837
0.0012211315
-0.00016042119
-0.0013970118
-0.00159652
-0.0034137407
-0.0041220635
-0.0055116447
-0.0074503433
-0.0085397573
-0.0096372678
-0.011021339
-0.01189412
-0.012057846
-0.011586523
-0.010276011
-0.0096693792
-0.0084797653
-0.0057411995
-0.0039791177
-0.0036028881
-0.0026167489
-0.0031802912
-0.0042232787
-0.0058689063
-0.0052882577
-0.0037490561
-0.0012779178
-0.00026244832
-0.0018185333
-0.0017562058
-0.0013421544
-0.0013245924
-0.00070304531
-6.206876e-05
-0.00058444916
-0.001751204
-0.0031793155
-0.0057812844
-0.0066009477
-0.0059968927
-0.0056274195
-0.0045378813
-0.0037671803
-0.0039103741
-0.0028017649
-0.0033209271
-0.0023852115
-0.00010689889
-0.00069299806
-0.0011947347
-0.0026593359
-0.0047121374
-0.0059999837
-0.004685991
-0.003145066
-0.0023420547
-0.0046889233
-0.0066473429
-0.0051621658
-0.0046548418
-0.0035592234
-0.0034962231
-0.0033084928
-0.0017186178
-0.00058346003
4.6688292e-06
-0.00063640427
-0.0021599732
-0.0022961305
-0.0016880864
-0.0016186429
-0.0020599791
-0.0031756585
-0.0036588343
-0.0031241387
-0.0031633816
-0.0029675834
-0.0034571538
-0.003474143
-0.0034658118
-0.0039664357
-0.004647679
-0.0047023029
-0.0053826136
-0.0049645846
-0.0059026236
-0.0057808891
-0.0075146486
-0.0075227552
0.00032089802
0.0060490232
0.0065495509
0.0063501672
0.0054469431
0.0052079739
0.0040803066
0.0044806451
0.0074767697
0.0060549771
0.004572346
0.0034888892
0.0032098879
0.0037479088
0.0021945241
0.0019359776
0.0012664741
0.0015405519
0.001374656
0.001023451
0.00081282368
0.00047522391
0.0012230792
0.001144919
0.0019040713
0.0024564623
0.0031312661
0.0025696873
0.0025896044
0.0028250472
0.0029871053
0.0030926669
0.0027227582
0.0021969063
0.0040465527
0.0067697218
0.0067457123
0.0062813252
0.004425823
0.002965698
0.0018032252
0.0008086887
7.5295275e-05
0.0014334581
0.0013997019
0.0014418691
0.0019273115
0.0014916866
0.0016914519
0.0018274664
0.0017989951
0.0017938099
0.003100489
0.0037256462
0.0053091961
0.0041258257
0.0014152245
0.00021732053
-0.0018696309
-0.0035799749
-0.0060920509
-0.0085017118
-0.011114167
-0.014935716
-0.016150235
-0.015921673
-0.020178307
-0.019247424
-0.018464773
-0.015368769
-0.013021454
-0.010644013
-0.0086558791
-0.0075452427
-0.0060871817
-0.0052558095
-0.0055386136
-0.0057913903
-0.0054040856
-0.0055013999
-0.0042859117
-0.0018196263
-0.001458103
-0.0027434698
-0.0025071945
-0.00061232855
-0.00020861346
0.00082425562
0.0014072225
4.7757236e-05
0.00058905812
0.00087119
-0.0014030547
-0.0042620167
-0.0023009321
-0.0014702308
-0.0013343828
-0.00065521541
-0.0018883656
0.0010392886
0.0024088166
0.0025579449
0.0029178446
0.0026440171
-0.00022841687
-0.0031206929
-0.0043706547
-0.0052680227
-0.0041343412
-0.0035788
-0.003901469
-0.0073055596
-0.0073510601
-0.005564642
-0.0039017672
-0.0039941704
-0.00367108
-0.0028769133
-0.0014824366
-0.001060443
-0.0015683088
-0.0018648551
-0.0012030887
-0.0017114219
-0.0023479749
-0.0034464215
-0.0034761599
-0.0041929863
-0.0044336352
-0.0043800526
-0.004370124
-0.0038453247
-0.0033553897
-0.0035186037
-0.0032295777
-0.0037520319
-0.0035333636
-0.0040501268
-0.0033055932
-0.0036582712
-0.0021520345
-0.0035606922
-0.0031368984
0.0014570667
0.0035789985
0.0034110992
0.0044493451
0.0050188269
0.0024409698
-0.00011463304
0.0018085691
0.003503612
0.003922412
0.0052579293
0.0034974336
0.0017001291
0.0012033919
0.0019922713
0.00106671
0.00055616788
5.066382e-05
-0.00017985197
-0.00095472901
-0.0011705011
-0.00073138492
-0.00076859993
-0.00019621051
0.00032816538
0.00075907356
0.0014695178
0.0020153872
0.0023189641
0.0033620774
0.0037188326
0.0044508819
0.0046699842
0.0050150748
0.005477908
0.0076150657
0.0075965175
0.0073399403
0.0054245362
0.0049662816
0.0059741984
0.0038718435
0.00094933006
0.0017497661
0.0039717526
0.0042862245
0.0040287805
0.003123407
0.0048246308
0.0049387251
0.0057068081
0.0059610753
0.0054162603
0.0057921751
0.0071170448
0.0071253996
0.0079816453
0.0075412189
0.0037086596
-0.00095612198
-0.0038259425
-0.0082318949
-0.012367668
-0.015962161
-0.017187561
-0.020005711
-0.022944921
-0.026025539
-0.026234435
-0.023816814
-0.020978301
-0.017503992
-0.014326374
-0.013361642
-0.013142357
-0.012445442
-0.010800211
-0.010113692
-0.0079756813
-0.0067660809
-0.006237284
-0.0051393793
-0.0042147436
-0.0049534189
-0.0057544464
-0.0059469019
-0.0059705096
-0.0041060194
0.0014067927
-0.0002281813
-0.003073446
-0.0020206375
-0.001701774
-0.001233881
-0.0021904246
-0.0018642803
-0.0018759517
-0.00097553435
-0.00018829073
0.00017465688
0.0020957248
0.0028967063
0.0028189278
0.0033871552
0.0017049015
-3.1287221e-05
-0.0003627728
-0.003118487
-0.0044996952
-0.0024622998
-0.0027652207
-0.0038755834
-0.0051836672
-0.004962724
-0.0049158344
-0.0053380102
-0.004232558
-0.0042808754
-0.0037025267
-0.0030888515
-0.0032393516
-0.0032995689
-0.0031476107
-0.0032634887
-0.003194681
-0.0041319749
-0.0040723838
-0.0050656232
-0.0054457571
-0.0050637216
-0.0047675974
-0.0043747067
-0.0036682257
-0.0031271165
-0.0026740049
-0.0020659311
-0.0019121932
-0.0021881392
-0.0015228495
-0.00090742388
0.00040922256
0.0024471011
0.0025231682
0.002347223
0.003557252
0.0064518216
0.0052271431
0.0059073997
0.0051526668
0.001404081
0.0006964112
0.0033075005
0.0028222153
0.0029680249
0.0035862361
0.0024583655
-0.00050856339
-0.00037640496
-0.00063838277
-0.00065968127
-0.0015763265
-0.0014123639
-0.0017342193
-0.0020760573
-0.0021322008
-0.0015212181
-0.00092497774
4.4083123e-05
0.00094360319
0.0017769371
0.0019594921
0.0022362007
0.0029388258
0.0038673913
0.0042379257
0.0046872703
0.0056953071
0.006446111
0.0076453856
0.0086639779
0.0043264725
0.0045807408
0.0020945071
0.0052608963
0.0060099732
0.0033565879
0.0025336474
0.0033082668
0.0051040106
0.0048391104
0.0059408659
0.0070874419
0.0075423212
0.0064941043
0.0075613295
0.0061877414
0.0062858715
0.0080020302
0.0073569531
0.011746952
0.013039662
0.011824932
0.0087621917
0.0052812129
0.0041513227
-0.0023446225
-0.0063481616
-0.011282358
-0.014799478
-0.021676499
-0.029487233
-0.030610372
-0.031038193
-0.031650437
-0.029627416
-0.02728409
-0.025227902
-0.02292941
-0.021406556
-0.019275314
-0.019036137
-0.016267757
-0.015665259
-0.012628739
-0.01218568
-0.011929664
-0.012368812
-0.012352436
-0.015474478
-0.014503222
-0.015882916
-0.015887106
-0.0093122468
-0.017052658
-0.019853989
-0.014481531
-0.0098536467
-0.0092891072
-0.0075351515
-0.0054594455
-0.0027650245
-0.0058407231
-0.0056685733
-0.0048481131
-0.0033361323
-0.0020744196
-0.0013219873
0.0011397171
0.00090984544
-0.0011264145
-0.00079251023
-0.0027445556
-0.0027763907
-0.0020375318
-0.0029227669
-0.0039240018
-0.0045795074
-0.0046923454
-0.0051213649
-0.0056812995
-0.004812066
-0.0048590746
-0.0047717494
-0.0047231367
-0.0040702462
-0.0036630898
-0.0036079084
-0.0034246878
-0.0033006181
-0.0028997314
-0.0039972838
-0.0047946154
-0.0050253198
-0.0049498704
-0.0042345077
-0.0032839733
-0.0021601832
-0.0016214499
-0.00036928539
0.00051334147
0.0015355542
0.0018680891
0.0028672659
0.0045923939
0.0068282449
0.006747384
0.0046760879
0.0043411078
0.0053603773
0.0072272332
0.0051426297
0.0050751749
0.0030387612
0.0028327227
0.0029237269
0.0034216275
0.002901037
0.0033298559
0.0039306275
0.0013992979
-0.00061573447
-0.003276651
-0.0040703155
-0.0042846447
-0.0041913691
-0.0047856558
-0.0040101151
-0.0029468711
-0.0025642516
-0.0014456686
-0.00038784228
0.0010032248
0.0013535116
0.0017032155
0.0020105722
0.0023221201
0.0031283048
0.0036143165
0.0039929384
0.0052517692
0.0063804845
0.0072929975
0.0074960809
0.0058287985
0.0039059769
0.0010513837
-0.00013573711
0.002947631
0.0029949006
0.0032479892
0.0027262264
0.0026432334
0.0039725832
0.0049031963
0.0066841475
0.0074709935
0.0074115962
0.0076052949
0.0066984065
0.0071222065
0.0085111817
0.012391959
0.016872387
0.016124076
0.018728046
0.01960952
0.022158992
0.01871118
0.01448903
0.0097194322
-8.750094e-05
-0.0044825213
-0.010874007
-0.021044527
-0.027563675
-0.035573797
-0.03746577
-0.044737425
-0.042301509
-0.036537884
-0.036643029
-0.036875044
-0.034707565
-0.034099158
-0.034872105
-0.031232159
-0.030983134
-0.0279819
-0.031037698
-0.03014644
-0.029763497
-0.029197983
-0.035018394
-0.036070628
-0.039104497
-0.033666173
-0.024096411
-0.025281799
-0.032454214
-0.029105001
-0.028786307
-0.025188999
-0.017596507
-0.01799054
-0.013210142
-0.015829826
-0.013759248
-0.013897211
-0.011794815
-0.0079060153
-0.0071858071
-0.0046356161
-0.0041789664
-0.0044393506
-0.0041992929
-0.0036415543
-0.0039500921
-0.0029632493
-0.0034136681
-0.0046433349
-0.0048781885
-0.0052466901
-0.0044107561
-0.0043081805
-0.0047519361
-0.0048009409
-0.0044113236
-0.0039564603
-0.0040624992
-0.003769185
-0.0030381186
-0.0033526521
-0.0032855411
-0.003112799
-0.0032702629
-0.0038822906
-0.0035971982
-0.0029890443
-0.0016461187
-0.001002175
-0.00023686334
0.0008020813
0.0017367826
0.0022207918
0.0034152189
0.0039826048
0.0058055976
0.0073769895
0.010685014
0.0089356584
0.0018713126
0.0043529756
0.006081311
0.006864474
0.004255635
0.0065395068
0.0038534993
0.0022543216
0.0027379568
0.00057132207
0.00081949177
-0.0011741549
-0.0020202628
-0.0042428633
-0.0047512987
-0.0078339846
-0.0084080323
-0.0094414368
-0.0084939008
-0.0055523738
-0.0036375983
-0.003264091
-0.0021206212
-0.00083562098
-0.00010475598
0.00034475139
0.0011067127
0.0017820248
0.0019327761
0.0023506732
0.0029656495
0.0041500516
0.0054341888
0.0058186723
0.0064929355
0.0061566098
0.0071522046
0.0018207252
-0.0016537377
-4.0945494e-05
9.8483495e-05
0.0019047826
0.00097981074
0.0014907571
-0.002771938
-0.0009685331
0.0026631864
0.0060178349
0.0071495748
0.008134048
0.0076063169
0.008974754
0.007458119
0.0061059426
0.0089534077
0.01696678
0.019287979
0.019053062
0.022322111
0.026206495
0.028518235
0.025886507
0.017915251
0.010670103
0.0027028845
-0.0074568791
-0.01360258
-0.022978593
-0.029131899
-0.030953429
-0.035955615
-0.045206206
-0.037946308
-0.03353427
-0.039398297
-0.043515321
-0.049095068
-0.04780184
-0.05396116
-0.048007752
-0.046734339
-0.046640301
-0.044236501
-0.050836884
-0.049010024
-0.054834389
-0.060312735
-0.052232513
-0.053207334
-0.049598961
-0.04959741
-0.040880866
-0.041759616
-0.037082337
-0.030891671
-0.027359987
-0.021910501
-0.02190556
-0.020136986
-0.021910056
-0.019837519
-0.01560615
-0.014308129
-0.01183336
-0.0085428604
-0.007527614
-0.0063132986
-0.0049031635
-0.0049289926
-0.0042509242
-0.0042289727
-0.0055909992
-0.0051646702
-0.0061032819
-0.0052070057
-0.0040282303
-0.0033685303
-0.0034574486
-0.0034093329
-0.0042621366
-0.0040137206
-0.0039662985
-0.0034573433
-0.003107097
-0.0028425611
-0.0026323737
-0.0022550971
-0.0024311495
-0.0026917998
-0.0028239214
-0.0012576423
-0.0010546073
-9.1121156e-05
-0.00022519706
0.00062173303
0.0013823436
0.0026582131
0.0028316411
0.0047256018
0.0047823648
0.0070993887
0.006870092
0.010887437
0.0067425617
-3.0376528e-05
0.001511363
0.0034681621
0.0063431679
0.0058852292
0.0028675198
0.001553553
-0.0018498809
-0.0026195338
-0.0033819173
-0.0026562337
-0.0056732067
-0.0066978029
-0.0096200517
-0.0096640632
-0.0091549982
-0.0090750806
-0.0077743388
-0.0058695413
-0.0040012994
-0.0022041174
-0.0014279631
-0.001527001
-0.0002927902
0.00060111183
0.00044903714
0.0011220647
0.00094406924
0.0019158105
0.0023640328
0.0040223665
0.0048336658
0.005661504
0.006340677
0.0052229882
0.0079611618
0.004924423
0.00059162291
-0.0010179867
-0.0013438715
0.0002964729
0.0019861702
-0.00047946008
0.00042374594
-0.0039982187
-0.0057344848
0.0026304706
0.0085345919
0.0085048513
0.0093641651
0.0097925944
0.012320542
0.011384895
0.0085493238
0.010187243
0.015761136
0.019866417
0.02314599
0.027583641
0.02959253
0.026878614
0.021946997
0.013979112
0.0061445017
-0.0037013386
-0.013150235
-0.021681327
-0.027767587
-0.035189578
-0.032525099
-0.042558068
-0.042934719
-0.03617628
-0.037437957
-0.040121768
-0.049412678
-0.058280489
-0.060873161
-0.053537198
-0.056186121
-0.053934463
-0.054583095
-0.052512226
-0.064235101
-0.061974908
-0.064800816
-0.067817682
-0.064255598
-0.060941505
-0.057846817
-0.051603838
-0.047677571
-0.040317809
-0.033127561
-0.027670736
-0.021517126
-0.017994657
-0.017961026
-0.019081227
-0.018370381
-0.015764353
-0.013598774
-0.01111572
-0.0093290372
-0.0060612088
-0.0037099086
-0.0038820442
-0.0032382796
-0.00049665408
-0.00032692105
-0.0011577878
-0.0020501667
-0.0020357799
-0.0028264546
-0.0033911419
-0.0023108464
-0.0013870752
-0.00091171474
-0.0017118471
-0.0014270965
-0.00091959151
-0.00083589644
-0.0016506588
-0.0020365567
-0.0015418344
-0.00071262008
-0.00052393763
-0.00044736539
0.00059456578
0.00060435425
0.00053009837
0.0014048966
0.0014946758
0.0018947815
0.0027946663
0.0032598211
0.0036980915
0.004334514
0.0056972187
0.0062767927
0.0067742646
0.0073702344
0.009134264
0.0059778182
-0.0028219917
-0.00040840985
0.00040739216
0.0028550025
0.0028785043
0.00039105319
-0.0029214528
-0.0068914818
-0.0058855982
-0.005011201
-0.0039250251
-0.0081992089
-0.0091460619
-0.0065568455
-0.0071997584
-0.0066836183
-0.0046096691
-0.002767575
-0.001883934
-0.00032756878
-0.00013322561
0.001032249
0.00086229727
0.0018588815
0.0010003646
0.0019305071
0.0016085603
0.0022281046
0.0023269569
0.0038204595
0.0044297076
0.0052682006
0.0042274418
0.002499487
-0.00059442337
6.2277991e-05
-0.0009300795
-0.0045542047
-0.0028743986
-0.0020785102
-0.0014793165
0.00097950394
-0.003663791
-0.0053783041
-0.012841259
-0.0083948497
0.0027653902
0.0058282886
0.0067869808
0.0063730614
0.0066756746
0.0090378721
0.010178447
0.0092508315
0.0084094337
0.010075492
0.01369356
0.013501591
0.013401127
0.0097509917
0.003799449
0.00070668213
-0.0056800111
-0.011511316
-0.021851421
-0.028934621
-0.037747736
-0.041096144
-0.042981846
-0.042506701
-0.049726727
-0.050914411
-0.053581801
-0.050774601
-0.052017763
-0.052319945
-0.063986349
-0.068381127
-0.061199745
-0.060903137
-0.05924273
-0.05278852
-0.057751293
-0.067308402
-0.065181187
-0.065061112
-0.061887184
-0.061796116
-0.055317472
-0.052108299
-0.046185694
-0.038868616
-0.030348485
-0.024560262
-0.018357606
-0.017817379
-0.014182408
-0.014440393
-0.01313137
-0.013985639
-0.01083231
-0.010152973
-0.0067399988
-0.0055311043
-0.0040320501
-0.0030429859
-0.00076031471
0.0027750003
0.0032551757
0.0046820794
0.0059457185
0.0028799394
0.0014326638
0.0024460926
0.0014200373
0.00038520309
0.0008756258
0.0012648726
0.0020672588
0.0022910717
0.0020127508
0.0020781343
0.00034511466
0.00028076479
-0.00014227857
0.00074763645
0.0031047241
0.0025409018
0.0038418351
0.003414645
0.004003591
0.00334365
0.0044333541
0.0045769467
0.0053955362
0.0062820188
0.0064901806
0.0054336158
0.0069324858
0.0067737187
0.00786107
0.0096206822
0.010581665
0.0034112049
-0.0015206629
-0.0028527722
-0.0038847356
-0.0023737541
4.0694544e-05
-0.0031852298
-0.0049301559
-0.0092671138
-0.0090307451
-0.0071391901
-0.0088936745
-0.006503068
-0.0054843266
-0.0042688504
-0.0025808749
-0.00068388506
-0.00081602102
-0.0001895283
-0.00031963395
-0.0002808223
-0.0012369288
0.00052338341
0.00011697161
-0.0014790767
-0.0017722356
-0.001135253
-0.00066380955
0.0012766114
0.0011289603
0.0011831334
0.0021373061
-0.0016754247
0.00032853158
-0.0085085045
-0.0091269399
-0.0052775149
-0.0066581641
-0.010214074
-0.0079928583
-0.0069338061
-0.009320504
-0.009929939
-0.0097101567
-0.016044478
-0.021693145
-0.013402609
-0.0087061122
-0.003576201
-0.000379633
-0.00028315746
0.0012380683
0.0033951467
0.0050507029
0.0052809962
0.0024202419
-0.0022495562
-0.0054616294
-0.0090692761
-0.013279422
-0.020948261
-0.027091746
-0.032759226
-0.036958405
-0.038817323
-0.042465266
-0.05061206
-0.060951958
-0.064938881
-0.058169912
-0.053522017
-0.065188313
-0.068234249
-0.070334435
-0.067657889
-0.068069398
-0.068520559
-0.069999411
-0.07068329
-0.069812515
-0.06365438
-0.061853971
-0.060317352
-0.059354719
-0.061944689
-0.060995862
-0.055579863
-0.051522427
-0.046456812
-0.040850702
-0.034811988
-0.031549707
-0.02656133
-0.019394445
-0.016444027
-0.016742063
-0.014081901
-0.010643888
-0.012547292
-0.012344523
-0.011550723
-0.010659731
-0.0087986247
-0.0059120672
-0.0045328989
-0.0017995573
-0.00046865194
0.004288989
0.007479565
0.0080464867
0.0095351897
0.011072885
0.010485155
0.0057760759
0.0062771459
0.007679898
0.0070099999
0.006773523
0.0057115214
0.004689528
0.0053309385
0.0057742135
0.0053349996
0.0061232565
0.0032301148
0.0026214989
0.0034166279
0.0053667161
0.0066143112
0.0061003762
0.0040821609
0.0056900786
0.0052055122
0.0051422131
0.0045100302
0.0064239129
0.0059322716
0.0072101977
0.0070465812
0.0096185198
0.0079502866
0.0081969321
0.0030753722
0.00048085925
-0.0074781453
0.0010672227
0.0073991397
-0.0045948496
-0.00021846073
0.00081870236
-0.0024840811
-0.0050115937
-0.0063541673
-0.0083430651
-0.0077051699
-0.010112272
-0.0066163283
-0.0018133835
0.00055266806
0.00029896235
0.0032821027
0.0020299979
0.00042789446
0.00045915436
0.00089197482
-0.0026797465
-0.0018088585
-0.00079507392
-0.0028682181
-0.0025424771
-0.0041260978
-0.0031136233
-0.0037191573
-0.0030740046
-0.0034639768
-0.0027078512
-0.0068062335
-0.005905703
-0.0083441046
-0.0074392533
-0.0090432886
-0.011639782
-0.009711548
-0.0071793713
-0.010595053
-0.010620122
-0.013840586
-0.013535582
-0.018255608
-0.019066403
-0.014995583
-0.01677714
-0.011096995
-0.0071516956
-0.0058778464
-0.0052680809
-0.0028979898
-0.0028222571
-0.0031903296
-0.0057892495
-0.01101579
-0.017934974
-0.024726009
-0.033693335
-0.045968239
-0.054264166
-0.061120698
-0.055447307
-0.054555169
-0.063276563
-0.06833353
-0.080076945
-0.085020102
-0.085337554
-0.077394362
-0.082548494
-0.090860127
-0.092407831
-0.084313102
-0.08096937
-0.073840201
-0.072094424
-0.068832774
-0.061724713
-0.05112178
-0.050997855
-0.061965404
-0.059479957
-0.052334706
-0.047325316
-0.04043813
-0.033696948
-0.028002678
-0.02150727
-0.017181753
-0.012705804
-0.0072057738
-0.0046812357
-0.0050705181
-0.0062436601
-0.0063616534
-0.0052268858
-0.0056119131
-0.0074564448
-0.0057288702
-0.0046212762
-0.0051846312
-0.004996735
0.00070150832
0.0025133851
0.0019725799
0.0057132118
0.0081154503
0.0072500448
0.0087006108
0.010986661
0.0091071847
0.0090897583
0.0087835813
0.011367697
0.0099229759
0.0076923022
0.0085300239
0.0058226129
0.0062883322
0.0097674752
0.010981406
0.011951314
0.010043227
0.0056148231
0.0075313627
0.008552214
0.0085883195
0.0085515959
0.0075470434
0.0088333682
0.010457748
0.010914583
0.0071675793
0.006987309
0.0077721223
0.011025421
0.013080095
0.016028194
0.021672066
0.020780832
0.011615626
0.0030210482
-0.00051584025
0.0089629281
0.012562273
0.0047240811
0.00073873045
0.0020261155
0.00077594917
-0.0022832649
-0.0040716383
-0.0050568825
-0.0057599143
-0.004370647
-0.0012780382
0.0016022944
0.0062881481
0.0049409759
0.0070456387
0.006609142
0.004609978
0.0051200319
0.002479229
0.0024266053
-0.00011538858
0.00096787505
0.0003059419
-0.0022591902
-0.0031090912
-0.002884406
-0.0031469754
-0.0021487952
-0.0049073105
-0.0052935567
-0.0067875884
-0.0067995408
-0.0087784309
-0.0065696661
-0.0084262018
-0.0095748024
-0.0092878314
-0.011143903
-0.010927233
-0.0091280509
-0.012499514
-0.014783938
-0.014989971
-0.013938183
-0.01763586
-0.01995624
-0.020472353
-0.017206614
-0.017003912
-0.015357028
-0.012557647
-0.011414633
-0.011186475
-0.014529965
-0.016585345
-0.022185279
-0.031715125
-0.04546607
-0.060374139
-0.074406746
-0.072590827
-0.066251637
-0.073663975
-0.084146065
-0.090098774
-0.095171158
-0.096305459
-0.092181079
-0.084366899
-0.075433167
-0.082428231
-0.077573027
-0.073001751
-0.077013943
-0.075156004
-0.068972063
-0.053782457
-0.04087343
-0.034813809
-0.036307269
-0.047728187
-0.039107663
-0.022847764
-0.016799624
-0.010683705
-0.0039040486
0.0014529631
0.0039772394
0.0055013537
0.0090050741
0.011359814
0.011095176
0.013041907
0.012840463
0.011309068
0.010543598
0.0059494396
0.0048971605
0.0041348945
0.0018567015
0.0022861559
0.0033199051
0.0045460821
0.0046813563
0.0044382514
0.0049641794
0.0055634555
0.0048523849
0.007891054
0.0082413834
0.007649484
0.0068126623
0.0051941572
0.0042476003
0.00095267218
0.0056189791
0.0049099178
0.0056483074
0.010561671
0.010182667
0.0129624
0.017919382
0.020442431
0.019553234
0.019234985
0.023167485
0.029529825
0.031411081
0.030970674
0.029073696
0.032311187
0.02946602
0.027205104
0.029231965
0.027984242
0.026921839
0.025670056
0.018183291
0.013199521
0.0093171559
-0.0038928745
-0.0055507237
0.0099880582
0.017492579
0.013563979
0.0056823929
0.0065095169
0.00091975538
-0.0017313954
-0.0022581141
9.1706434e-05
0.00075279576
0.00062510842
-0.00020870814
0.00029523458
0.0032097583
0.0047567325
0.0066083593
0.0047158663
0.0067854011
0.0060110185
0.0023700579
0.0036847497
0.0056455484
0.0035996709
0.0025170291
0.00025829627
-0.0028804563
-0.0036879615
-0.0023488104
0.00016288983
-0.001872355
-0.0054429122
-0.0086346778
-0.0054899513
-0.0083469662
-0.0069796729
-0.0073852924
-0.0088493242
-0.010024826
-0.012571057
-0.012966634
-0.0095478176
-0.0089050898
-0.0089162099
-0.010469677
-0.014090328
-0.015807189
-0.021284126
-0.024952221
-0.023623687
-0.027613854
-0.02303106
-0.020649803
-0.018338835
-0.017886933
-0.018570297
-0.02266938
-0.024120085
-0.029962878
-0.036191013
-0.048519096
-0.066454598
-0.081368238
-0.069489046
-0.074182492
-0.083610072
-0.079782107
-0.080292509
-0.077634476
-0.071983757
-0.065464243
-0.05612148
-0.038265187
-0.037717586
-0.048287028
-0.051164126
-0.058707167
-0.063102561
-0.054579524
-0.042829483
-0.023280522
-0.0068259503
-0.015849767
-0.024797657
-0.011007716
0.0026573796
0.012133487
0.015777807
0.018384578
0.022024735
0.025923226
0.023414194
0.025450559
0.024170009
0.022252617
0.021457258
0.01985227
0.018005022
0.015777254
0.014132091
0.012981359
0.012522999
0.0080425599
0.0062749285
0.005873541
0.0073502456
0.0053603004
0.0060737245
0.0073688719
0.0085327684
0.0081078958
0.0088675866
0.0073594823
0.0059494109
0.002049174
0.00014038258
-0.00011545184
-0.00029731677
-0.00099743108
0.0042448579
0.0028407341
0.0056084774
0.0073753486
0.012367393
0.016502256
0.018875689
0.02353874
0.026226965
0.03340933
0.041896667
0.047346673
0.052321277
0.054262
0.053833654
0.049059587
0.040643413
0.036664899
0.035950934
0.033041666
0.026374489
0.02187756
0.015627791
-0.0019782286
-0.010630755
0.0077763591
0.01498335
0.017747533
0.011467822
0.0044777232
-0.0017067805
-0.0033046677
-0.0044144834
-0.00293992
-0.00086777989
0.0013216724
0.0028403971
0.0035075556
0.001180729
0.00020936868
-0.0001383804
0.0016309065
-0.00072246108
0.0002074884
0.0014679397
0.0015548656
0.0011813982
0.0032114069
-3.6935016e-05
-0.00075357923
-0.003749677
-0.0048228794
-0.0040528117
-0.0028614127
-0.0018735276
-0.0018676863
-0.0057968475
-0.0061075448
-0.0068493011
-0.0055412316
-0.0078808951
-0.0073730449
-0.0069590241
-0.0089019461
-0.01043352
-0.010522397
-0.0098004391
-0.0095648826
-0.011099766
-0.011401244
-0.015719546
-0.020548691
-0.024596505
-0.026969952
-0.02308101
-0.02524802
-0.025092981
-0.026341601
-0.025286137
-0.024322731
-0.024224768
-0.025918236
-0.028503676
-0.032869487
-0.041046268
-0.049237286
-0.064089748
-0.072186602
-0.065656549
-0.073178146
-0.074381483
-0.068242541
-0.058563338
-0.049789731
-0.037264208
-0.031216222
-0.019267773
-0.0084880245
-0.018837895
-0.029393818
-0.030119521
-0.033287906
-0.030247486
-0.021605355
-0.015848107
-0.00413125
0.0055203389
-0.0016786399
0.00039917156
0.011430105
0.022775539
0.02723747
0.029018621
0.034243168
0.034613584
0.030416651
0.025412714
0.026403576
0.023757062
0.021815218
0.02333061
0.019433814
0.016117126
0.013962977
0.013317066
0.016046191
0.012311757
0.011179487
0.0082608023
0.0095347697
0.0069348407
0.0067846885
0.0029629942
0.0044458082
0.0062586377
0.0060838234
0.004874803
0.0066651327
0.0061308842
0.0038783399
0.0052129973
0.0060399446
0.0073646766
0.0075429312
0.0087284378
0.0090584468
0.011730016
0.014692188
0.01773377
0.019495332
0.022649631
0.023856785
0.027368749
0.031479779
0.041618455
0.049413032
0.054030964
0.057073733
0.057224865
0.050380506
0.04266634
0.035725333
0.034001007
0.028878919
0.016352257
0.0055882792
-9.4000315e-05
-0.0046408239
-0.00086109206
0.01105845
0.010172092
0.010856569
0.0063155956
0.0035934785
-0.0020182442
-0.0056851096
-0.0064304793
-0.0067322685
-0.0030973826
8.6352332e-05
-7.2189275e-05
0.00099424466
0.00023356932
-0.0014447962
-0.0024731304
-0.0027319489
-0.002278803
-0.0011788756
-0.00053756006
0.0034299028
0.0031002467
0.0027033298
0.00012277297
-0.00098249033
-0.0024114935
-0.0049769148
-0.0072041667
-0.0055196637
-0.001047465
-0.0033700267
-0.0037713945
-0.0048112065
-0.0090065827
-0.0090423616
-0.0092248206
-0.0081932115
-0.0074477244
-0.0081144567
-0.0066127316
-0.0089466629
-0.0080905109
-0.0089702004
-0.0091140667
-0.0094342985
-0.012105111
-0.015902943
-0.019672942
-0.020374684
-0.021065628
-0.020310283
-0.020008231
-0.021067943
-0.024538857
-0.024435513
-0.024595364
-0.025774707
-0.028818479
-0.032945966
-0.037028276
-0.04178707
-0.049318923
-0.049991181
-0.050129122
-0.052212728
-0.050436722
-0.044439733
-0.032173265
-0.020711063
-0.0088226914
0.00034205984
0.0037166828
-0.0010680883
-0.012667567
-0.01699825
-0.010985289
-0.012384856
-0.0058417646
0.00044221505
0.0044845664
0.010283266
0.014001343
0.010483497
0.013191729
0.018988332
0.023488051
0.029437584
0.028472097
0.030025164
0.029290464
0.025900102
0.019812429
0.0189708
0.017038176
0.014940791
0.013864328
0.0093769356
0.006652098
0.0046423837
0.0045473309
0.0057407372
0.0078451721
0.0079870092
0.0055560919
0.0075741899
0.0064660343
0.0034947477
0.0011514406
0.00027649414
0.0023834953
0.0022775852
0.0026925716
0.0014009503
0.0025666108
0.0046716963
0.0052484195
0.0069374379
0.0089761424
0.0095634239
0.010422058
0.010768513
0.013471755
0.015942968
0.018213263
0.019388793
0.022474356
0.025091371
0.02882253
0.03414356
0.037561896
0.040886383
0.042869294
0.044016847
0.042587667
0.036688564
0.028090132
0.014653397
0.0066656324
0.0053399795
0.0041466524
-0.00049139154
-0.0064177493
0.0012601636
0.0069836311
0.0046000755
0.0063752601
0.0029545371
-0.00042592661
-0.004358726
-0.0082413126
-0.010067897
-0.011968599
-0.012144938
-0.011982411
-0.0081787364
-0.0035086786
-0.00098929375
-0.0017410275
-0.0036052239
-0.0037462548
-0.0036335494
-0.0031969434
-0.0031587147
-0.0029751586
-0.0010767126
-0.0012372295
-0.00094543942
-0.0013575368
-0.0022349332
-0.0044734053
-0.0046890031
-0.0079358332
-0.0067348302
-0.0045881833
-0.0048078651
-0.0071041105
-0.0077447287
-0.010273623
-0.0077346281
-0.0091001553
-0.0086486791
-0.007207592
-0.0075013471
-0.0076668144
-0.0064484621
-0.0065914934
-0.0072915329
-0.0073409794
-0.0075967629
-0.0064290977
-0.0085427273
-0.011167684
-0.014877284
-0.014338803
-0.014331741
-0.015948054
-0.015633657
-0.019141544
-0.021347953
-0.02339632
-0.025376192
-0.026708932
-0.032056209
-0.034559678
-0.035452574
-0.033052418
-0.02953309
-0.031099502
-0.030163806
-0.018340831
-0.015294788
-0.0095011711
0.0042357084
0.0069371352
0.012893963
0.0065511103
0.00030689826
-0.0045133951
-0.0047954518
-0.0066749782
-0.00010347685
0.005789319
0.0088379639
0.0099891666
0.011097365
0.016003099
0.015462819
0.015678447
0.0130021
0.01328502
0.017945492
0.020290107
0.020311709
0.01764252
0.016227927
0.014733177
0.011579569
0.0063982884
0.0050512666
0.005866611
0.0022591657
0.0012794991
-0.0016144528
0.00016521778
-0.0011783979
0.0021030641
0.0029520838
0.0035868511
0.0037803616
0.002785263
0.00097986441
-0.0013316879
-0.0014036558
-0.00079712699
0.00073244167
0.0010036893
0.00013934383
-0.00032651095
0.00010157771
0.0031058788
0.0065990602
0.0075390569
0.00673689
0.0075766017
0.0084490372
0.0096732985
0.011827288
0.012998734
0.013234237
0.016065353
0.01931506
0.022730058
0.025399569
0.029289509
0.030753684
0.033401256
0.029247604
0.02560521
0.014502404
0.0010665571
0.00025506796
0.0020850882
0.0042609107
0.005689604
0.0019893036
-0.001213395
0.0037267473
0.0031166412
0.0023518501
0.00075537035
-0.0018451193
-0.0046537718
-0.0068463582
-0.0081702949
-0.0082056372
-0.0093433572
-0.010101
-0.010975912
-0.0078358955
-0.0059014961
-0.003823279
-0.003060855
-0.0025925031
-0.0052658068
-0.0063134944
-0.0055117339
-0.0057517719
-0.0054573514
-0.005252611
-0.0040064131
-0.0044779322
-0.0038019096
-0.0034961143
-0.004006292
-0.0035477455
-0.0058579516
-0.0061458636
-0.0049948913
-0.0065642069
-0.0057656562
-0.0095296064
