0.0046154831
0.0044203038
0.0046537652
0.0050086267
0.0046566141
0.0037824292
0.0049443226
0.0052763691
0.0073778996
0.0081296189
0.0087564438
0.0069159158
0.0059926853
0.0046626444
0.0025766986
0.001247574
0.0020031688
0.0030791336
0.0029847067
0.0020249236
0.0025282955
0.0020635305
0.0014268647
0.00077569873
0.00040559695
0.0010545897
0.0012886555
0.0004671367
-0.00033259381
-0.00051584981
-0.00049137559
-0.00018219589
0.00057572296
-0.00020028093
0.00012640136
-0.0010362845
-0.0013545674
-0.0023635749
-0.0023891338
-0.0025432764
-0.0033163467
-0.0022161205
-0.001236719
-0.00011027801
0.0013207426
0.0013494825
0.0013082354
-0.00023135116
-0.00096663872
-0.0028498012
-0.003818996
-0.0040376174
-0.0028192013
-0.0008357273
-0.00022218104
0.00011917996
-0.00054757128
0.0010946421
-0.00050885765
-0.0024740691
-0.0050421269
-0.0057366914
-0.0052639565
-0.0053808299
-0.0056716786
-0.006897842
-0.0085389809
-0.010936625
-0.012856988
-0.013846186
-0.013456812
-0.013344737
-0.01291731
-0.009607243
-0.0082935385
-0.0074716733
-0.007411373
-0.0077459141
-0.0081845343
-0.0076801261
-0.0089809936
-0.0075846023
-0.0076929677
-0.0058266243
-0.0066930798
-0.0083134377
-0.0084254338
-0.0084921709
-0.006092638
-0.004921572
-0.0032478825
-0.0023984344
-0.002828367
-0.0030736869
-0.0027383115
-0.0024569518
-0.0022858889
-0.0034208723
-0.0037323301
-0.0038282601
-0.0037412587
-0.0037989351
-0.0030093799
-0.0033682386
-0.003176141
-0.0026768106
-0.0031196594
-0.0035230004
-0.0036317591
-0.0042273575
-0.0037041958
-0.0039072191
-0.0040862145
-0.0043279396
-0.0047592783
-0.0061706539
-0.0042250317
-0.0036989169
-0.0025329326
0.0032411936
0.0041089647
0.0076042087
0.0073703811
0.0092547723
0.0090746383
0.0083718729
0.0089065841
0.0091393066
0.0081881806
0.0062531791
0.0027048791
0.002430067
0.0040418302
0.0035805889
0.0030786017
0.0029753169
0.0031057917
0.0016858445
0.0025575425
0.0040468839
0.0036133752
0.0031476932
0.0033273225
0.0043324223
0.0042493826
0.0043229959
0.0042301899
0.0039764573
0.0029163061
0.0031581145
0.0043389141
0.0053387963
0.0055963921
0.0050859265
0.0054842607
0.0054074261
0.0038251437
0.0037067281
0.0013031001
-0.0003054759
0.00037479676
-5.5054045e-05
0.00044366379
0.0011685072
0.0012646387
0.0004213397
0.00058939545
0.00041097965
0.0004627422
0.000377026
-0.00012040999
-0.00096119691
-0.0016310798
-0.0011257078
-0.0013641521
-0.0015356267
-0.0019603163
-0.0026733836
-0.0036868066
-0.0040824348
-0.0049293369
-0.0055538196
-0.0066245338
-0.0061713229
-0.0054099069
-0.0058014194
-0.0050428631
-0.0033311798
-0.0019994596
-0.0012811891
-0.0016000439
-0.0020079154
-0.0011135715
-0.0025872095
-0.0039931212
-0.0041716984
-0.002643737
-0.0011481228
-0.00022833072
-0.00054788
-0.00035053459
0.00052421615
-0.0011218884
-0.0026302509
-0.0030957088
-0.0029719302
-0.002979355
-0.0035686787
-0.0057430407
-0.0074293559
-0.0081015121
-0.0090139378
-0.010265912
-0.010319377
-0.0092175588
-0.0089469553
-0.005910482
-0.005080853
-0.0057151635
-0.0047822615
-0.0043076868
-0.0053807124
-0.0070762631
-0.0071863603
-0.006478708
-0.005835822
-0.0041373291
-0.0049616352
-0.0055536929
-0.0067275613
-0.0059879105
-0.0043624901
-0.0040801121
-0.0032325309
-0.0015192596
-0.00079444587
-0.0010508177
-0.0012593798
-0.0023845164
-0.0018312229
-0.0026510688
-0.0026709984
-0.002686066
-0.0027348999
-0.0027973395
-0.0030366554
-0.0029875768
-0.0028467497
-0.0028501941
-0.0033606681
-0.0039939492
-0.0043374339
-0.0049337372
-0.0048278791
-0.0049956892
-0.0054014575
-0.0058310708
-0.005541946
-0.007172543
-0.0072467389
-0.005626155
-0.0029213866
0.0050011081
0.0081274281
0.0078023181
0.0086553044
0.0083109166
0.0074761182
0.0062300767
0.0062785312
0.0072237859
0.0056621596
0.0051617029
0.0040241584
0.0021894886
0.0028671521
0.0030890541
0.0028698115
0.0032815776
0.0026953884
0.0019892208
0.0017715179
0.0019185848
0.0018339909
0.002401736
0.0030133667
0.0032651623
0.0044029188
0.0035604558
0.003119536
0.0030695562
0.0023066922
0.0022912462
0.0024718361
0.0029514881
0.0052037634
0.0049690335
0.0046343494
0.0034029617
0.002602068
0.0024946444
0.0010688269
0.00088270443
9.1695843e-05
-0.00010725711
-0.00085705648
0.00038365754
0.0016088963
0.00090781135
0.00039546125
0.00079020481
0.001222166
0.00099842504
0.002179297
0.0026049861
0.0018709371
0.00071631627
-0.00036366278
-0.00054474953
-0.002299866
-0.0028810286
-0.0043458504
-0.0066800508
-0.0079117337
-0.0090321333
-0.010396494
-0.011414604
-0.011834371
-0.01160149
-0.010302016
-0.0097323073
-0.0085090239
-0.0057745864
-0.0037383746
-0.0033278094
-0.002414597
-0.0031058137
-0.0040784034
-0.0054005169
-0.0047746072
-0.0034935861
-0.0011099681
-0.0003689101
-0.001806077
-0.0014933487
-0.0012285099
-0.0011658272
-0.00037074746
0.00047558241
0.00010935181
-0.0011260418
-0.0020669421
-0.0048573846
-0.0057275942
-0.0052583561
-0.0050448629
-0.0042697031
-0.0036279166
-0.0037393503
-0.0030047939
-0.003648131
-0.0030445096
-0.00059815107
-0.001015293
-0.0014734979
-0.0030832176
-0.0053650855
-0.0067782993
-0.0054485324
-0.0039136511
-0.0029240166
-0.0049727424
-0.0068626645
-0.0052720537
-0.0047818398
-0.0035343586
-0.0033962958
-0.0031562662
-0.0016275326
-0.00053779102
-0.00011902663
-0.0008044661
-0.002357088
-0.002619744
-0.0019684811
-0.0019141502
-0.0022567772
-0.0033347008
-0.0038773613
-0.0033349
-0.003389268
-0.0031990409
-0.0037002918
-0.003750604
-0.0037075377
-0.0041471963
-0.004824577
-0.0049106228
-0.0056005569
-0.0051736293
-0.0061809042
-0.0061993828
-0.007663293
-0.0078935665
-0.00030915474
0.0055201048
0.0062951719
0.0060492545
0.0051320867
0.0048207638
0.0037901148
0.0038191345
0.0067868674
0.005043911
0.0035250134
0.0029025796
0.0029279722
0.0035895143
0.0022862858
0.0021816078
0.0016495359
0.0019800604
0.0019044858
0.0015006495
0.0011120465
0.00060972485
0.0013510812
0.0012992823
0.0020650759
0.0025777325
0.0033165525
0.0028109002
0.0030702096
0.0033695399
0.0035386918
0.0036812495
0.0033394452
0.0027504327
0.0043334383
0.0067850896
0.0068515044
0.0064929716
0.0047086562
0.0033024083
0.0022694544
0.001252807
0.00043606447
0.0018410255
0.0017000168
0.0018196648
0.0024191502
0.0020545496
0.00232803
0.0023908009
0.0025386386
0.0025600409
0.0036826031
0.0042013183
0.0059827691
0.0054752098
0.0031372763
0.0022233755
0.00031151129
-0.0013898717
-0.0040848488
-0.0068265373
-0.0096289112
-0.013494068
-0.015232101
-0.014931018
-0.019356128
-0.018776403
-0.018345978
-0.015388851
-0.012858423
-0.010434544
-0.0083069536
-0.0070019779
-0.0055092421
-0.0048150375
-0.0051414881
-0.0053996419
-0.0050878248
-0.0054138152
-0.0042248829
-0.0018325784
-0.0013501638
-0.0026028138
-0.0025070077
-0.00074204579
0.0001639598
0.0012331353
0.0019153942
0.00068973917
0.0014176752
0.0018931804
-0.00049261711
-0.0033486589
-0.0015528394
-0.00082255447
-0.0012465944
-0.00082416597
-0.0018846991
0.00096600394
0.0027151952
0.003030675
0.0033270101
0.0030118829
8.080268e-05
-0.003351795
-0.0045949525
-0.005734545
-0.0046974592
-0.0039915831
-0.004077858
-0.0073811371
-0.0074248885
-0.0055309042
-0.0037968479
-0.0037843274
-0.0034742069
-0.0027148239
-0.0013451654
-0.00093203864
-0.0014776146
-0.0017795678
-0.0011234236
-0.0016384726
-0.0022289706
-0.0032379167
-0.0033826854
-0.0040738355
-0.0043819734
-0.0043704865
-0.0044269488
-0.0038941513
-0.0033696842
-0.0035333515
-0.0031900671
-0.0037525212
-0.0035173055
-0.0039891016
-0.003299813
-0.0038688946
-0.0025243597
-0.0037112274
-0.0031543909
0.001665548
0.0038960439
0.0036133895
0.0044702468
0.005497705
0.0028108087
0.00020667738
0.0017267386
0.0033224384
0.0036387607
0.0049210645
0.0033241732
0.0015662407
0.0013612457
0.0023874057
0.0016263456
0.0011702567
0.00071023462
0.00045185411
-0.00038085275
-0.00076320621
-0.00040562474
-0.00051758698
0.00011787494
0.00059565625
0.0010364963
0.0017001216
0.0023087285
0.0026819967
0.0038087561
0.0041722565
0.0049141315
0.005203636
0.005523631
0.00609154
0.0079380208
0.0079013294
0.0077170273
0.0059573218
0.005375285
0.0063819055
0.0044739873
0.0016113341
0.002117881
0.0046897414
0.0049845483
0.0046522329
0.00390254
0.0054888249
0.0054529983
0.0062840972
0.0065818474
0.0060735109
0.0065219045
0.0078766176
0.0078151573
0.0093420577
0.0093032829
0.0061435279
0.0017709709
-0.00097247573
-0.0055691253
-0.0098964402
-0.013924341
-0.015452482
-0.018215844
-0.02097358
-0.024447091
-0.025272173
-0.023041544
-0.020446081
-0.017305538
-0.014141265
-0.012832316
-0.012670441
-0.011717454
-0.010305694
-0.0095407316
-0.0076686178
-0.0067235741
-0.0062821436
-0.0051726483
-0.0041304635
-0.0047626053
-0.0057321608
-0.0060821557
-0.0057035748
-0.003686375
0.0019373659
0.00073872864
-0.0020894369
-0.0012261853
-0.00093870235
-0.00060052054
-0.0016945798
-0.0010862885
-0.0014388528
-0.00053989398
6.1597608e-05
0.00045646293
0.0025692356
0.003419624
0.0033642712
0.0038071376
0.0019577729
0.00015963227
-0.00023750966
-0.0028335695
-0.0043933853
-0.0024486933
-0.0025462206
-0.0033729551
-0.0047486069
-0.0048887615
-0.0047802176
-0.0050296477
-0.0038761778
-0.0039918966
-0.0034820404
-0.0028824411
-0.0029926539
-0.0030524407
-0.0029050642
-0.0029782448
-0.0027921136
-0.0037342704
-0.0037297065
-0.0046780437
-0.0051095918
-0.0047728057
-0.0045757155
-0.0042546683
-0.0035580807
-0.0030117019
-0.002621606
-0.0019939109
-0.0018184975
-0.0020655132
-0.0014792015
-0.00091204266
0.00024261375
0.0023315264
0.0025774786
0.0027382981
0.0039348863
0.0067941724
0.0058407946
0.0066332799
0.0059183182
0.0023635849
0.0011911702
0.003594013
0.0031953392
0.0034212919
0.0037146809
0.0024533414
-0.00033289148
7.6377526e-05
0.00014816607
1.2783197e-05
-0.0010043252
-0.00093800826
-0.0012432253
-0.0015846771
-0.0017880104
-0.0012986364
-0.00065442588
0.00033615174
0.0013096325
0.0021653579
0.0024026629
0.0026321109
0.0033811964
0.0043369709
0.0047085969
0.0052262784
0.0062880268
0.0070237333
0.0083513996
0.0094039284
0.0051991365
0.0054494903
0.0027084233
0.0056819967
0.0063601185
0.0039639467
0.003145921
0.0039277725
0.0058522442
0.0054599919
0.0064137921
0.0075217562
0.0078664764
0.006680083
0.0076905032
0.00665479
0.0068630138
0.0082021872
0.007355565
0.011749213
0.013392222
0.012703525
0.010284339
0.0071532189
0.0069595538
0.0010801863
-0.0033884721
-0.0083656977
-0.011610815
-0.018367104
-0.026346608
-0.027964634
-0.028681558
-0.029437216
-0.028075274
-0.026200577
-0.02409048
-0.021819169
-0.020415402
-0.018208562
-0.01831998
-0.015549687
-0.015142299
-0.012364293
-0.011656172
-0.011453336
-0.01206295
-0.012069275
-0.015296995
-0.014340344
-0.015534055
-0.015258616
-0.0086888358
-0.016444714
-0.019571644
-0.014497394
-0.0095909155
-0.0090946741
-0.0073843406
-0.0047046341
-0.0017327346
-0.0050137211
-0.0050709177
-0.0045184032
-0.0033062587
-0.0022786613
-0.0013696209
0.0012167756
0.0013045322
-0.000862212
-0.00058584189
-0.0023495918
-0.0023388247
-0.0019653575
-0.0027891004
-0.003868852
-0.0044732574
-0.0045432902
-0.0049273221
-0.0053962227
-0.004513904
-0.0045935263
-0.0045005843
-0.0044938185
-0.0038307434
-0.0033897216
-0.0034272414
-0.0031581437
-0.0030043846
-0.0025832617
-0.003775502
-0.0045953209
-0.0048223627
-0.0048103409
-0.0041073343
-0.0032622631
-0.0020733891
-0.0015661633
-0.00030726278
0.00052163649
0.001535853
0.0019443898
0.0028209739
0.0045094562
0.0069268794
0.0068801204
0.0049496726
0.0049167398
0.0059224648
0.0079080853
0.0061608274
0.0062121963
0.0041612999
0.0039768251
0.0037877469
0.004055128
0.0036049871
0.0039901074
0.0042759514
0.0017244977
-0.00021876966
-0.0026459151
-0.0032560941
-0.0036548503
-0.0036958451
-0.0044100498
-0.0037689117
-0.0027006802
-0.0023710354
-0.001210961
-0.00014659281
0.0013696662
0.0017497264
0.0021972523
0.002477361
0.0028322224
0.0036159367
0.0041571335
0.0045263944
0.0057516272
0.0068448735
0.0077173471
0.0083356225
0.0067599985
0.0050153656
0.0020848373
0.00063870908
0.0032868357
0.0031479266
0.0034370107
0.0032148025
0.0030061043
0.0045937492
0.0056446559
0.0072319636
0.0079240386
0.0078352584
0.0078190501
0.006872725
0.0071077285
0.0083374595
0.011673542
0.016153675
0.015557142
0.018289493
0.019748841
0.023132596
0.020807077
0.017348091
0.013502272
0.0039848395
-0.00034378596
-0.0063132361
-0.016546431
-0.023214467
-0.031331584
-0.03388098
-0.041589921
-0.039828658
-0.03435326
-0.034731701
-0.035062489
-0.033269693
-0.032932588
-0.033963501
-0.030297277
-0.03012605
-0.027191411
-0.030254029
-0.029451869
-0.029248704
-0.028452919
-0.034384075
-0.035882754
-0.03914055
-0.03347567
-0.02400534
-0.024768034
-0.03218431
-0.029200546
-0.02855991
-0.025637567
-0.017766544
-0.01812232
-0.013458192
-0.015967611
-0.014067646
-0.014220942
-0.012657614
-0.0085727441
-0.0079705325
-0.0052204536
-0.0045018398
-0.0047680917
-0.0045329468
-0.0039634796
-0.0040972833
-0.0033132376
-0.0037163184
-0.0051056675
-0.0052056586
-0.0055486934
-0.0044730513
-0.0043785911
-0.004804749
-0.0049485887
-0.0045385787
-0.0040721578
-0.004116767
-0.0038927062
-0.0031391324
-0.0034189553
-0.0033310449
-0.0031000655
-0.0032891965
-0.0039136499
-0.0035955953
-0.0029712398
-0.0017057912
-0.00104073
-0.00026385483
0.00076573696
0.0017840077
0.002178116
0.0034094764
0.0039194792
0.0058282807
0.007478696
0.010874524
0.0090982223
0.0022059649
0.0049247572
0.0065339981
0.0076562947
0.005143769
0.0075810108
0.0049058251
0.0028849363
0.0033420186
0.0012780796
0.0013783485
-0.00063569981
-0.001471585
-0.0035205093
-0.0040642288
-0.0070394744
-0.0077883953
-0.0091281096
-0.0086008158
-0.0055821905
-0.0035316503
-0.0031139144
-0.001917278
-0.00061390576
0.00017449734
0.00057230465
0.0014628064
0.0021507479
0.0024035679
0.0028603676
0.0034030199
0.0044627895
0.0057452663
0.0061935682
0.0066316344
0.0066395954
0.0079109123
0.0032946908
-0.00015303678
0.0012162939
0.00093007402
0.0022886596
0.0012868985
0.001936486
-0.0022283796
-0.00071493971
0.0028963844
0.0066005397
0.0077163083
0.0085850028
0.0079908483
0.009260804
0.0075442479
0.0059744605
0.0082861626
0.016409615
0.018937946
0.018771954
0.022419427
0.026846656
0.030216742
0.028605055
0.021423367
0.014393916
0.0069613535
-0.003110816
-0.0091163671
-0.018450616
-0.024758985
-0.026761576
-0.031881158
-0.041528236
-0.035527129
-0.03107652
-0.037544723
-0.041705002
-0.04736905
-0.046178142
-0.05300615
-0.047017681
-0.045998695
-0.046557229
-0.043572243
-0.050213122
-0.048350275
-0.054269437
-0.060558393
-0.052306806
-0.053045271
-0.049752323
-0.050170732
-0.041590395
-0.042189911
-0.038164536
-0.032079543
-0.028654649
-0.022918074
-0.02304552
-0.020997783
-0.022919106
-0.021260348
-0.016946208
-0.015843485
-0.013266564
-0.010091234
-0.0088162288
-0.007407263
-0.0056660304
-0.0053029319
-0.0045338002
-0.0045027998
-0.0060287413
-0.0056045867
-0.006551716
-0.0055881039
-0.0046308696
-0.003949662
-0.0039629837
-0.0038338131
-0.0046460975
-0.004358512
-0.0042076728
-0.0036720853
-0.0033246394
-0.0030543062
-0.0029227748
-0.0025238575
-0.0026295321
-0.0027181861
-0.0029069498
-0.0013010094
-0.0011158383
-0.00014809978
-0.00029915787
0.00056239811
0.0013044648
0.0027137568
0.0028791255
0.0048168351
0.0048092104
0.0072650088
0.0070611268
0.011303286
0.0072150176
0.00034890702
0.0020953324
0.0041350183
0.0070217313
0.0068004891
0.0039201817
0.0024976545
-0.0015091929
-0.0024779963
-0.0032973493
-0.0022037658
-0.0052098078
-0.0063175077
-0.0092969482
-0.00952403
-0.00895181
-0.0091405238
-0.0079681704
-0.0060828991
-0.004101024
-0.0022798301
-0.0013649339
-0.0014711257
-0.00026148103
0.00076527744
0.00064511015
0.0014372593
0.0013345226
0.0022396052
0.0026509503
0.0043244797
0.0050384229
0.0059517405
0.0068942472
0.005676477
0.0085035592
0.0060166234
0.0018671281
0.0001658778
-0.0006932065
0.00074420646
0.0020522084
-0.00018151935
0.00041388939
-0.003641648
-0.0057696547
0.0023270031
0.0088114921
0.0089559995
0.0097703089
0.0099101345
0.012369189
0.011557686
0.0085727835
0.0096964869
0.01519093
0.019182499
0.022359287
0.027220322
0.030267803
0.028729665
0.024642042
0.0174603
0.010241091
0.00075160617
-0.0081932759
-0.016947963
-0.023054249
-0.030485674
-0.02807581
-0.038221243
-0.039353669
-0.032829265
-0.034557198
-0.037578634
-0.046787351
-0.056147418
-0.059268649
-0.05247005
-0.055353957
-0.053453075
-0.054327985
-0.051810463
-0.06361929
-0.061678228
-0.064511118
-0.068176896
-0.064686268
-0.061643903
-0.0587984
-0.052663597
-0.048809701
-0.041758082
-0.034835325
-0.029397701
-0.022945473
-0.019060466
-0.018965318
-0.020061063
-0.019885562
-0.017363989
-0.015432567
-0.013023412
-0.011214291
-0.0078533204
-0.0053738501
-0.0053391332
-0.0045024885
-0.0014957218
-0.0010447423
-0.001709506
-0.0025693938
-0.0026517659
-0.003301537
-0.0039308086
-0.0030327946
-0.0021799538
-0.0015467103
-0.0023078221
-0.0019775124
-0.0013439941
-0.0011328043
-0.0019004668
-0.0022003415
-0.001705221
-0.00092712272
-0.00072106863
-0.00053911078
0.00063800985
0.00061302262
0.00047202012
0.0014357557
0.0016316512
0.0019945413
0.0029064098
0.0033551049
0.0038262598
0.0045639775
0.0060274156
0.0066557055
0.0071808724
0.0077743819
0.0095137243
0.0063640624
-0.0027396938
-0.00015576382
0.00088174035
0.0032576131
0.0034709847
0.00082311316
-0.0025914177
-0.0067452069
-0.0058255616
-0.0050993489
-0.0036480846
-0.0077162488
-0.0091785681
-0.0065570985
-0.0071743033
-0.0065705047
-0.0045470233
-0.0024843557
-0.0018302824
-0.00030285215
-0.00023068232
0.0010309994
0.0009733071
0.00199211
0.0011695877
0.0022605662
0.0019542223
0.0025935163
0.0026368907
0.0040547344
0.0047144457
0.0056047813
0.004893138
0.0033096274
-0.00018753732
0.00052412715
-0.00054077364
-0.0041922673
-0.00296017
-0.0023167382
-0.0017481052
0.0006171081
-0.0037229927
-0.0054875943
-0.012870639
-0.0092212996
0.0021635723
0.0054317389
0.0067034511
0.0065085566
0.0068752964
0.0090474363
0.010368801
0.00931689
0.0078189714
0.0090842722
0.012668938
0.013095573
0.013588412
0.011128715
0.0059940981
0.0037363671
-0.0018738235
-0.0071943918
-0.017281671
-0.024335677
-0.033233972
-0.036857338
-0.038854997
-0.038389605
-0.045779253
-0.047606044
-0.050841163
-0.048253893
-0.049792796
-0.050449245
-0.061945283
-0.06732646
-0.060813905
-0.060744815
-0.05952036
-0.053421121
-0.057602153
-0.067773678
-0.066176037
-0.066292698
-0.063230298
-0.063619367
-0.057413723
-0.054209978
-0.04833195
-0.041012317
-0.03259802
-0.026872788
-0.020310053
-0.019468022
-0.016115876
-0.0160939
-0.014705362
-0.015940375
-0.012891916
-0.012516408
-0.0094420692
-0.0080849387
-0.006628986
-0.0051957439
-0.0029834218
0.00092529576
0.0017301888
0.0034030008
0.0049700051
0.0019493086
0.00018238596
0.0013639702
0.00035050872
-0.00085080477
-0.00046055561
0.0002293768
0.0010550301
0.0013189056
0.00097107558
0.0013366383
-0.0004338642
-0.00049385287
-0.00076123984
1.2102007e-07
0.0024831246
0.0020473541
0.0034475507
0.0032665637
0.0038720621
0.0032439766
0.0046254635
0.0049813283
0.0057267651
0.006625103
0.0068695795
0.0059646295
0.0075288153
0.0073896895
0.0086047084
0.010314741
0.011447425
0.0044808875
-0.001252601
-0.0030538325
-0.0039461427
-0.0022736133
0.00044155288
-0.0029874554
-0.0048051093
-0.0093824141
-0.0094643563
-0.007275212
-0.0089075003
-0.0067823993
-0.0057931616
-0.0043832402
-0.002508047
-0.00026778605
-0.0002917513
-4.7585881e-05
-0.00014809486
-8.2453855e-05
-0.0012083385
0.00062366752
0.00029285844
-0.00090552048
-0.0012040524
-0.00053761297
-9.4538768e-05
0.0018568583
0.0016281208
0.0016360169
0.0025369021
-0.0015472165
0.00044759707
-0.0081016333
-0.0096271958
-0.005545
-0.0066101157
-0.010184396
-0.008423581
-0.0068234987
-0.0092301954
-0.0098577971
-0.0093909379
-0.015656284
-0.02163971
-0.01382463
-0.0090272054
-0.0041087773
-0.00079288817
-0.0002741174
0.001323729
0.0037922985
0.0053569605
0.0056298019
0.0024830142
-0.0024587509
-0.0053462356
-0.0085115964
-0.011861124
-0.018385559
-0.024234531
-0.029856751
-0.034006443
-0.036202399
-0.039116077
-0.046640139
-0.057474386
-0.061969358
-0.055223669
-0.049812472
-0.061909459
-0.066174834
-0.068743683
-0.06658366
-0.066928598
-0.067513222
-0.06949898
-0.070677022
-0.070530309
-0.064727478
-0.06314836
-0.061886034
-0.060716486
-0.06388638
-0.063769072
-0.058743277
-0.054262724
-0.049658867
-0.043866878
-0.037904779
-0.034638962
-0.030058829
-0.022514465
-0.019142026
-0.019500659
-0.016788743
-0.012948159
-0.014751302
-0.014690496
-0.014013171
-0.013242801
-0.011327161
-0.0082914116
-0.0070338933
-0.0045251942
-0.0027740592
0.0018810525
0.0052047584
0.0063863668
0.008421457
0.0098461868
0.0090918766
0.0044704264
0.004833138
0.0066018005
0.0055456891
0.0053380026
0.0044941589
0.0035129405
0.0042488864
0.0045469133
0.0043612513
0.005298271
0.0025438847
0.0018157672
0.0025347996
0.0044260032
0.0059540823
0.0055110376
0.0038411611
0.0057162986
0.0053055624
0.0052905162
0.0050033625
0.007000868
0.0064089822
0.0079244174
0.0077810371
0.010786272
0.0089333782
0.0092572624
0.0043063698
0.0014917569
-0.0069589125
0.001097724
0.0077528133
-0.0044758538
-0.00026221102
0.00086095514
-0.0023728437
-0.0050885883
-0.0064298663
-0.0085839673
-0.0075818501
-0.0098460053
-0.0065164334
-0.0015663667
0.00099440059
0.00096287107
0.0042023513
0.0031802852
0.0010566028
0.0015414147
0.0019370435
-0.0017720237
-0.0011114868
-3.8589505e-05
-0.0019103237
-0.0013824056
-0.0027738784
-0.0019532621
-0.0026789652
-0.0021980193
-0.002441779
-0.0019851535
-0.0065268281
-0.0059067028
-0.008239234
-0.0074672553
-0.0091878959
-0.012000751
-0.0098898723
-0.0070033796
-0.010350978
-0.01029084
-0.013268793
-0.012575852
-0.017210735
-0.018458901
-0.01426216
-0.016566097
-0.011099212
-0.0072700132
-0.0058933651
-0.0052433668
-0.0024373742
-0.0021447168
-0.0021692371
-0.0045856444
-0.0098833868
-0.016913497
-0.023600068
-0.032088854
-0.043935408
-0.0520967
-0.059051638
-0.053588819
-0.052236171
-0.060810696
-0.065365721
-0.077406655
-0.082994693
-0.08402366
-0.075767861
-0.081053165
-0.090415999
-0.092427998
-0.084771058
-0.081399201
-0.074347552
-0.072805204
-0.07053541
-0.063949382
-0.053327889
-0.052933108
-0.064359839
-0.06233105
-0.055600699
-0.051054662
-0.044321804
-0.037628424
-0.031918147
-0.025504854
-0.020466615
-0.016460662
-0.011102003
-0.0080546538
-0.008118508
-0.0093438651
-0.0091704359
-0.0075447206
-0.0080515955
-0.0098102913
-0.0083157995
-0.007243283
-0.0073128855
-0.0073869123
-0.0018345705
-0.00013212478
-0.00070071924
0.0032807029
0.0059476448
0.005861274
0.00745608
0.0099174578
0.0083376209
0.0080403293
0.0072089776
0.0097088185
0.0085283591
0.0063962219
0.0070683522
0.0045463463
0.0046100945
0.0078451681
0.0090680181
0.010222854
0.0089261159
0.0047500208
0.0068178387
0.0079433919
0.0080936006
0.0080958698
0.0073090364
0.0088321145
0.010691476
0.011275666
0.0076664731
0.0074973106
0.0081826672
0.01155386
0.013523403
0.016354377
0.022098006
0.022047843
0.0126505
0.0034972821
-0.0008681616
0.0087443969
0.012579609
0.0051134477
0.0010037386
0.002137467
0.0013184062
-0.001605057
-0.0035226996
-0.0048573601
-0.0052315762
-0.0038940853
-0.00077866312
0.0021221472
0.0068331012
0.005699927
0.0076282352
0.0076668398
0.0055797619
0.0062001229
0.0034626531
0.0034425987
0.0007783161
0.0015987351
0.00098372141
-0.0012956668
-0.0022508986
-0.0018123248
-0.0023413225
-0.0011750693
-0.0037118738
-0.0046426157
-0.0064139258
-0.0064748149
-0.0086378144
-0.0062826262
-0.0080361673
-0.0094005558
-0.0089730009
-0.010521261
-0.010853842
-0.0088081343
-0.011658779
-0.013540144
-0.01392619
-0.012830176
-0.016653919
-0.01934392
-0.0203678
-0.017171794
-0.017355942
-0.015690576
-0.012699424
-0.011365342
-0.010552027
-0.013726128
-0.015535753
-0.020896174
-0.030020751
-0.043577311
-0.058375773
-0.073318226
-0.071580164
-0.064953202
-0.071887107
-0.082304267
-0.088801122
-0.094533344
-0.096215274
-0.092917596
-0.085311417
-0.076200117
-0.083606342
-0.079333521
-0.074326098
-0.078988416
-0.07757058
-0.071627374
-0.057021226
-0.044028868
-0.037919167
-0.039596841
-0.051570766
-0.043639231
-0.027165667
-0.020880804
-0.015061713
-0.0081372717
-0.0026768768
5.588288e-05
0.0018571462
0.0056542614
0.008160184
0.0079988005
0.0099398497
0.0098095191
0.0090003428
0.0085807451
0.0037106145
0.0024874097
0.0017438955
-0.00055212014
-9.0892679e-05
0.0011747636
0.0021979885
0.0021564862
0.0022179856
0.0030259556
0.003713438
0.0030787917
0.0061980583
0.0064639863
0.006389048
0.0053205436
0.0037713597
0.0029693978
-0.00082231868
0.0030529202
0.0020834299
0.0025104468
0.0073570302
0.0068087947
0.0095104778
0.015017132
0.018167814
0.01766064
0.017702691
0.021809369
0.028364254
0.031093998
0.031096421
0.029985423
0.03346991
0.031124925
0.028914192
0.030950201
0.029304872
0.028676346
0.027753455
0.020134207
0.014717454
0.010730677
-0.0025703524
-0.005391371
0.010158449
0.017810757
0.014161887
0.0063369305
0.006872473
0.0015125901
-0.0010919845
-0.0017146833
0.0003538016
0.0008676409
0.0007794327
3.8708043e-05
0.00062704756
0.0031241341
0.0044548556
0.006246551
0.0044815601
0.0065373971
0.0062377459
0.0029206364
0.0038504256
0.0055297411
0.003953798
0.0029195085
0.0008402145
-0.0021393377
-0.0031515118
-0.0020742842
-4.9599095e-05
-0.0016242565
-0.0047794304
-0.0078092449
-0.0052470406
-0.0080585148
-0.0064165118
-0.0067155154
-0.0083806552
-0.0096430495
-0.012080521
-0.01275859
-0.0095166491
-0.0088732255
-0.0086640593
-0.0099122143
-0.013416797
-0.015048652
-0.020623308
-0.024733219
-0.023682163
-0.028104634
-0.023912262
-0.021518584
-0.019039735
-0.01843028
-0.018651262
-0.022401026
-0.023461494
-0.029346887
-0.03512227
-0.046975238
-0.065129629
-0.081994408
-0.070088635
-0.074241132
-0.084195732
-0.080105532
-0.081236045
-0.078816588
-0.073443603
-0.066760001
-0.057968762
-0.03983705
-0.038698825
-0.049546658
-0.052792361
-0.060926159
-0.066356515
-0.058105933
-0.04654197
-0.027170735
-0.010208131
-0.018905778
-0.028682759
-0.015288725
-0.0017267507
0.0080474619
0.011952584
0.015160833
0.018511618
0.02285524
0.020728213
0.023164737
0.022210616
0.020449294
0.019760233
0.017892833
0.016488441
0.014621424
0.012790035
0.011515361
0.011209546
0.0065208814
0.0047059401
0.0044103364
0.00589068
0.0038197887
0.0044386048
0.0058154842
0.006973961
0.0064692035
0.0073496191
0.0060339411
0.004754715
0.0010910795
-0.00057791724
-0.00083408437
-0.001341724
-0.0026849518
0.0016710436
3.2333614e-05
0.0024789346
0.0044838988
0.0094032452
0.013517756
0.016215136
0.021202223
0.023916156
0.031433132
0.040519942
0.046273585
0.051852801
0.054732926
0.054835743
0.05108075
0.043164883
0.038957571
0.038441458
0.035539831
0.02884088
0.024209502
0.018101032
0.00043381658
-0.0093550507
0.0081126979
0.015384108
0.018268077
0.012275102
0.005530609
-0.00046368606
-0.0024746057
-0.0035812938
-0.0025259035
-0.00085761171
0.0012922302
0.0029875509
0.0037235923
0.0013430873
-2.9702357e-05
-0.00056328599
0.0013532171
-0.0012296979
-0.00044404193
0.0012458646
0.001676502
0.0015546924
0.0034723658
0.00036417766
-0.00034357958
-0.0032900473
-0.0042621328
-0.0037831395
-0.0030027496
-0.0021603002
-0.0019540238
-0.0056435912
-0.0061915579
-0.0065889118
-0.0051882533
-0.0076011538
-0.0071671696
-0.0064648384
-0.0086117816
-0.010157079
-0.010469425
-0.0096661597
-0.0095954388
-0.011196138
-0.01140983
-0.015445654
-0.020117541
-0.024385456
-0.026926738
-0.023303717
-0.025613869
-0.025995684
-0.027341993
-0.026272317
-0.025478044
-0.025194977
-0.026630419
-0.028972461
-0.032941703
-0.040808087
-0.048895772
-0.064035885
-0.073504587
-0.06705569
-0.074891457
-0.076696368
-0.070447916
-0.061441327
-0.051947954
-0.039043208
-0.032455493
-0.020961758
-0.0096935249
-0.020058208
-0.031467225
-0.032322591
-0.035612101
-0.033016037
-0.024741069
-0.018853357
-0.0071243494
0.0032208781
-0.0042032312
-0.0029078383
0.0082876084
0.019531833
0.024526036
0.026571648
0.032148152
0.032872701
0.029288724
0.024041185
0.025078243
0.022536897
0.020835408
0.022682403
0.019090073
0.015637131
0.013425505
0.012117158
0.014650954
0.011127587
0.0099678146
0.0071569942
0.0084971174
0.0058221947
0.0059286186
0.0016837064
0.0028213914
0.004741495
0.0049133569
0.0037225296
0.0055038585
0.0056591853
0.0031907553
0.0047645001
0.0055465018
0.0066225146
0.0064254142
0.0072960953
0.0072855745
0.0095023562
0.012227802
0.015528991
0.017441757
0.020757924
0.021991677
0.025803821
0.029811362
0.040291993
0.048695243
0.053810941
0.057774346
0.058462397
0.0523109
0.045199306
0.038600723
0.036842795
0.032070207
0.019137856
0.0081105313
0.0018403823
-0.0033685231
-6.1836541e-06
0.011412564
0.010374796
0.01108912
0.0066845088
0.0040271001
-0.00098053048
-0.0050724759
-0.0056376267
-0.0059226259
-0.0027407971
0.00049312139
0.00020819012
0.00092747035
0.00016672118
-0.0016048231
-0.0028201105
-0.003105259
-0.0027280391
-0.0018688527
-0.0010025873
0.0030120228
0.0030202246
0.0025008528
0.00016461464
-0.00089370023
-0.0019682406
-0.0042903967
-0.0066737168
-0.0058012142
-0.0015518566
-0.0036272177
-0.0038436007
-0.0046676682
-0.0088735054
-0.0089106977
-0.0093664722
-0.0080765842
-0.0073780089
-0.0080051934
-0.0065505563
-0.008971303
-0.0080787402
-0.0088976185
-0.009017908
-0.0093652491
-0.012017273
-0.015738806
-0.019672172
-0.020269942
-0.021061949
-0.020696058
-0.020721881
-0.021836389
-0.025560607
-0.025781474
-0.026013567
-0.02710641
-0.029841681
-0.033719408
-0.037586233
-0.041996214
-0.049496226
-0.050795174
-0.050967783
-0.053579174
-0.052403184
-0.047086386
-0.035073184
-0.023008525
-0.010031892
-0.00019375605
0.0031352788
-0.0014455938
-0.013788433
-0.019092734
-0.012888849
-0.014412421
-0.0080346539
-0.0014405717
0.002757554
0.0086983891
0.01289427
0.0091659806
0.011525341
0.017516377
0.022068231
0.028397712
0.027600771
0.029445338
0.028748925
0.025612616
0.019516596
0.018339381
0.016661344
0.014728444
0.013957594
0.0095121226
0.006875934
0.0047436212
0.004226358
0.0052854128
0.0072048095
0.0070585628
0.0042364945
0.0065340125
0.0057724527
0.0030723945
0.0004441061
-0.00080794072
0.001303972
0.0013285689
0.001909871
0.00078920184
0.0022151964
0.004242145
0.004863695
0.0065597186
0.0084883164
0.0088311193
0.0095489806
0.009580542
0.011972337
0.014433032
0.016695516
0.018047872
0.021419215
0.024013235
0.02789008
0.03356911
0.037495095
0.041189171
0.04371037
0.045209926
0.044107505
0.038956298
0.030772978
0.017453362
0.0088309369
0.0074749951
0.0061866042
0.001574863
-0.0051795917
0.0019903255
0.0079385295
0.0051815872
0.0067943529
0.0033708269
-2.588741e-05
-0.0039422672
-0.0077157467
-0.0094611619
-0.011224137
-0.011491739
-0.011150947
-0.0076734907
-0.0034378246
-0.0009819333
-0.0019270009
-0.0038453839
-0.0039753657
-0.0038324585
-0.0032410009
-0.0032462116
-0.0028943097
-0.0012398111
-0.001418492
-0.0011392918
-0.0016911332
-0.0023381769
-0.0044667052
-0.004249983
-0.0073826086
-0.0065348833
-0.0045749053
-0.004891
-0.007073588
-0.0078392418
-0.010259947
-0.0076891297
-0.0090604771
-0.0087423252
-0.0072613225
-0.0073772422
-0.0075442618
-0.0064281913
-0.0066660929
-0.0073125844
-0.0071827165
-0.0075587991
-0.0064564464
-0.0086173958
-0.011126034
-0.014871903
-0.014567143
-0.014613002
-0.01656762
-0.016417755
-0.020036313
-0.022626188
-0.02491785
-0.026979595
-0.028092935
-0.03338904
-0.035987935
-0.036882041
-0.034028738
-0.030099022
-0.03177346
-0.031559044
-0.019523786
-0.016307676
-0.011217719
0.0032844901
0.0068770165
0.013280419
0.0066224741
2.5285581e-05
-0.0051868194
-0.0056787762
-0.0076114406
-0.0012820982
0.0046821363
0.007851689
0.0092646029
0.010549603
0.015965776
0.015256114
0.015245546
0.012579285
0.012699377
0.017834937
0.020245263
0.02043182
0.017626719
0.01577542
0.014339954
0.011213173
0.0062987587
0.0049069947
0.0061545682
0.0027232241
0.001768197
-0.0010487396
0.00046209886
-0.0010090391
0.0019259389
0.0025364722
0.0028721339
0.0030867476
0.0021815446
0.00091228416
-0.0015976892
-0.0017780735
-0.00097421912
0.00034223691
0.00049117744
-0.000305029
-0.00070092849
-4.3939213e-05
0.0027354131
0.0062061461
0.0073200879
0.0064150054
0.0072006916
0.0079076052
0.0089448875
0.011029213
0.012184933
0.012581242
0.015408433
0.01870647
0.022227024
0.025210901
0.029587099
0.031448592
0.034411431
0.030575974
0.026956484
0.016520732
0.0027312245
0.0013249797
0.0028373502
0.005124987
0.0069737018
0.0033909227
-0.00031622206
0.0046223512
0.0044976645
0.0033483363
0.0016569302
-0.0010167513
-0.0041854448
-0.0064963482
-0.0075544047
-0.0072524574
-0.008123767
-0.0090525147
-0.0097865047
-0.0069685283
-0.0053754462
-0.0037515456
-0.0029834371
-0.0028030643
-0.0054141244
-0.0061902593
-0.0052649751
-0.0055175303
-0.0051556347
-0.004933672
-0.004109267
-0.0047608606
-0.0041150869
-0.0036781662
-0.0041221324
-0.0034247993
-0.005610666
-0.0058944771
-0.0047135364
-0.0063573425
-0.0053737664
-0.0094383792
