0.0049115524
0.0048600699
0.005369321
0.0055979628
0.0055478549
0.0044259893
0.003634218
0.0029853215
0.0043528206
0.0052893991
0.0066431532
0.0052629535
0.0036073115
0.0017556249
0.00057644067
6.6485448e-05
0.00090142461
0.0029950543
0.0027502758
0.0005209644
0.0026297191
0.0035220305
0.0030230034
0.0024941194
0.0020053545
0.0025029013
0.0031977599
0.0027428197
0.0023020142
0.0021178934
0.0017365173
0.002457996
0.0029530332
0.002366444
0.0022659615
0.0010831082
0.0012802219
0.00045288632
0.00013581597
7.3856905e-05
-0.00072076765
-0.00015270289
0.00099668357
0.0018297094
0.0024589778
0.0021806388
0.002321831
0.00019339651
-0.00026881055
-0.001543813
-0.001681356
-0.0017658164
-0.0020533996
-0.00083689082
-0.00042985372
0.00021805735
0.00010022061
0.00177352
0.00056223048
-0.0019132454
-0.0047143657
-0.0047056314
-0.0030048772
-0.0028947018
-0.0032507399
-0.0041832358
-0.0059518604
-0.0082768346
-0.0099877035
-0.011776343
-0.011632084
-0.012588551
-0.012476462
-0.0094969625
-0.0090745652
-0.0086726035
-0.0095742884
-0.0091591381
-0.0089046258
-0.0084718752
-0.010029055
-0.0088399023
-0.0076278841
-0.0058238525
-0.0069842244
-0.0085061857
-0.0083668616
-0.0088623891
-0.006789946
-0.0065700323
-0.0053761365
-0.0041195416
-0.0048947791
-0.0040766556
-0.0039649068
-0.0035571862
-0.0035519094
-0.0043130555
-0.0052381558
-0.0043711005
-0.0037271905
-0.0042454314
-0.0035220986
-0.0043085643
-0.0043923304
-0.0035417505
-0.0037029023
-0.0042607709
-0.0046219961
-0.0052794078
-0.005199843
-0.005333012
-0.0057970062
-0.005894008
-0.0062785523
-0.0082348259
-0.0069540123
-0.0048285772
-0.0039714319
0.00050641193
0.0027401751
0.0060969514
0.0064827058
0.0090852851
0.0091068447
0.0078882918
0.008471726
0.0091092366
0.0093295796
0.0078390045
0.0053846805
0.0042709422
0.0050075369
0.0047182073
0.003872805
0.0033972912
0.0028996709
0.0014910752
0.001715234
0.0029407878
0.0027288651
0.0024213938
0.0028831537
0.0040402264
0.0048577801
0.0052616349
0.0054128298
0.0052041523
0.0041508575
0.0035496224
0.0029164672
0.0036136848
0.0038898371
0.0036310362
0.0035518223
0.0026732695
0.0013488527
0.00034569304
-0.0013932253
-0.0021637251
-0.0010531002
8.6247705e-05
0.00036356222
0.00021198762
0.0016070705
0.0019872466
0.0024229137
0.0017209828
0.0015652309
0.0018452047
0.0014262691
0.0017083498
0.0014935133
0.0013770811
0.0009967917
0.00099790869
0.00023514836
-0.00063895584
-0.0015344026
-0.0012065792
-0.0023068899
-0.0031417533
-0.0050217039
-0.0051511029
-0.0041277309
-0.0040480445
-0.0034796207
-0.0020443538
-0.00085507935
0.00011423069
2.3813606e-05
-0.001515606
-0.0012409966
-0.0017979621
-0.0021161385
-0.0019979967
-0.0020928757
-0.0015497007
-0.0010225578
-0.00079541915
-0.00035486686
0.00097694439
-2.1532194e-05
-0.0021303734
-0.0027480988
-0.0011430966
0.00050670141
0.0008354272
-0.0003028532
-0.0014239773
-0.003149041
-0.0048056738
-0.0069677492
-0.0080267462
-0.0075406902
-0.0080337668
-0.0053256752
-0.0058687436
-0.0073282571
-0.0077534326
-0.0069991034
-0.0070203882
-0.0085624841
-0.0085477403
-0.0072140764
-0.0069419314
-0.0051506047
-0.0065048101
-0.0069262128
-0.007703399
-0.0071186464
-0.0053535716
-0.0057848269
-0.0051162082
-0.0030230831
-0.0020579853
-0.0022537512
-0.0020353182
-0.0031311481
-0.0028556043
-0.0037138332
-0.0035530339
-0.0034493637
-0.0031161025
-0.003231852
-0.0031704548
-0.0035435782
-0.0036819035
-0.0034175898
-0.004039406
-0.0049892343
-0.0052223558
-0.00599599
-0.0060213645
-0.0061371924
-0.0063520115
-0.0070337147
-0.0067703443
-0.0085546776
-0.0095113727
-0.0087241929
-0.0060093053
2.7010856e-05
0.0045734286
0.006355192
0.0071286015
0.008406321
0.0080184288
0.0066706375
0.0062451048
0.0069498903
0.0053575098
0.0062641021
0.0055546309
0.003841325
0.0038409307
0.0044161821
0.003736277
0.0039615823
0.0032469976
0.0018662492
0.0012886092
0.0013479862
0.0011299798
0.0013931454
0.0026297109
0.0031232614
0.0043848128
0.0046205252
0.0043504756
0.0045323087
0.0041325453
0.003462064
0.0032302136
0.0022615162
0.0037977539
0.0039656904
0.0036378757
0.0023468704
0.00082897427
0.0002816744
-0.00057772757
-0.00057259834
-0.00064850628
-0.00062640615
-0.00090625859
0.00068429578
0.0016146751
0.0015012805
0.002118418
0.002168293
0.0022691197
0.0021767068
0.0033379726
0.0041468685
0.0038093151
0.0038978724
0.0034318452
0.0027041708
0.0016422634
0.00070431678
-0.00022474314
-0.0023090376
-0.0042143499
-0.0058546331
-0.0077422641
-0.009238932
-0.010146135
-0.0097063726
-0.008343138
-0.0080021319
-0.0069497734
-0.0048652194
-0.00235257
-0.0018074511
-0.001471088
-0.0022433951
-0.0033433164
-0.0034085263
-0.0027317655
-0.002380181
-0.0013506939
-0.001340317
-0.0023195035
-0.0021395968
-0.0021794608
-0.0024830769
-0.0010189023
0.00091125103
0.0027668063
0.0036048119
0.005090073
0.0031720662
0.0020980871
0.00076505745
-0.00032278889
0.00059231054
-3.5980882e-05
-0.0010248858
-0.0015034942
-0.002544187
-0.003187463
-0.002903697
-0.0028792552
-0.0033880785
-0.0043192063
-0.0064703453
-0.0083081726
-0.0068387131
-0.0057939023
-0.0044386891
-0.0058972953
-0.007984155
-0.0068789389
-0.0062861865
-0.0048863405
-0.003941671
-0.0032267142
-0.0022664618
-0.00089300742
-0.00053211884
-0.00093375115
-0.002249221
-0.0023935096
-0.001886175
-0.0018893793
-0.0019089293
-0.0027496218
-0.0034280386
-0.0029695154
-0.0032316873
-0.0031426245
-0.003870255
-0.004371136
-0.0043148991
-0.004633023
-0.0052572292
-0.005219159
-0.0059641577
-0.0053205927
-0.0065002728
-0.0071848318
-0.0082976205
-0.010090238
-0.0044678788
0.0013413669
0.004268439
0.005301001
0.0052834795
0.0062641056
0.0059151887
0.0045254157
0.0069382812
0.0046845193
0.0029493511
0.0028647733
0.0032821294
0.0046665138
0.0037874974
0.0027992017
0.002769663
0.0027820308
0.0022705331
0.0017345474
0.00089511913
0.00023289592
0.0014305491
0.0015033729
0.0022521594
0.0026696124
0.003696805
0.003290085
0.0047047196
0.0051477693
0.0054708152
0.0054084052
0.0048418745
0.0042140133
0.0052235712
0.0065102685
0.0059902373
0.0059923215
0.0043957609
0.0029861041
0.0017710091
0.00033453578
6.3077005e-05
0.0016826772
0.0024302283
0.0029371105
0.0041385366
0.0037253835
0.0042867671
0.0041410797
0.0045393141
0.0042972577
0.004770989
0.0054815408
0.0082819038
0.0091466822
0.0082338887
0.0080210566
0.0062718244
0.0046768409
0.002927214
-3.3454826e-05
-0.0032299254
-0.0072242779
-0.011238778
-0.011486289
-0.016194043
-0.017042419
-0.016884032
-0.013703592
-0.01087696
-0.0090298702
-0.0067500125
-0.0049621377
-0.0035709138
-0.0030899621
-0.00345062
-0.0038040791
-0.0036007295
-0.003961518
-0.0033867392
-0.0028705846
-0.0024311946
-0.0035149952
-0.0039693738
-0.0034059815
-0.0011142543
0.001409288
0.0033282421
0.0049745969
0.0087875401
0.0097617805
0.0082216598
0.0053767573
0.0056008883
0.006646949
0.005509797
0.0037373473
0.0017657955
0.0039651145
0.0044505494
0.0034849323
0.0032578336
0.0035825195
0.0026865556
-0.0022531736
-0.0044984141
-0.0059290371
-0.0048820773
-0.0046582754
-0.0038470069
-0.0065701844
-0.0067667977
-0.0053284116
-0.0033187717
-0.0023150894
-0.0021814479
-0.0018298212
-0.00062802084
0.00041996063
4.8047909e-05
-0.00024264351
0.00013756844
4.3924236e-05
-0.00043250136
-0.001243173
-0.0020317488
-0.0027384674
-0.0032014325
-0.0030600413
-0.0032739406
-0.0031709923
-0.0025901895
-0.0030145452
-0.0027579363
-0.0034473572
-0.0031952345
-0.0034701066
-0.0030590643
-0.0042719373
-0.0037534776
-0.0045769427
-0.0038699883
0.00032429851
0.0031617601
0.0041663989
0.0048752586
0.0069508229
0.0041495014
0.003786961
0.0035512634
0.0054169932
0.0051873312
0.0066959238
0.0048419054
0.0025031586
0.0025513458
0.0037685171
0.0029271586
0.0020057648
0.0016967906
0.0017482265
0.0010869388
0.00011703248
0.00044289619
0.00039594454
0.0011934987
0.0019633317
0.0023165315
0.0028555495
0.0035391214
0.0041161041
0.0062437328
0.0063403409
0.0068708422
0.007437758
0.0078080111
0.0079963708
0.0092068176
0.0092417166
0.0097171797
0.0089133288
0.0068150722
0.0068597671
0.0047806083
0.0019189418
0.0018523788
0.0058595097
0.0075899626
0.0079296856
0.0072111887
0.0078570506
0.0078360897
0.0080888376
0.0086600399
0.0072107197
0.0069456776
0.0085915005
0.0097451602
0.012813964
0.013451533
0.011938285
0.010067134
0.0079734177
0.0051226548
0.00047283567
-0.0041049529
-0.0078920634
-0.012340586
-0.014154416
-0.019070132
-0.021884544
-0.019145015
-0.017205304
-0.015189366
-0.01234421
-0.01121754
-0.010760902
-0.0093144823
-0.0088904148
-0.0083119549
-0.0068641074
-0.0058139067
-0.0051079049
-0.0044278127
-0.004098461
-0.0054801389
-0.0067860394
-0.0077206325
-0.0065579421
-0.0037962738
0.0012468866
0.0034995822
0.0042476144
0.0072651772
0.0067591589
0.0076214915
0.0065835595
0.0069013723
0.0065776967
0.0065315078
0.0047174817
0.0046424975
0.0081504644
0.0077937657
0.0074832866
0.0073386634
0.0054391897
0.003401116
0.00097283318
0.00010313879
-0.0018676427
-0.00047651982
5.2794254e-05
6.2027279e-05
-0.0017453852
-0.0034922499
-0.0030504656
-0.0036597887
-0.0019808506
-0.0021300933
-0.0016726112
-0.0012922438
-0.001196292
-0.0011587105
-0.00074261825
-0.00090379206
-0.00017423989
-0.0010602544
-0.00090891057
-0.0021225137
-0.0026161016
-0.0025346995
-0.0026688215
-0.0030802424
-0.0023366437
-0.0021093995
-0.0020326149
-0.0015058852
-0.0012482256
-0.0013080262
-0.0011250882
-0.0010609844
-0.0003639063
0.0013713377
0.0022399699
0.0035429572
0.0034663119
0.0059687552
0.0075885099
0.0094739293
0.0091094135
0.0068498609
0.0049861908
0.0061855807
0.0060284824
0.0066513038
0.0061076463
0.0040915674
0.0018904036
0.0020540077
0.0027856865
0.0019864337
0.00086281321
0.00054326905
0.00062096329
0.00025926169
-0.00011925705
0.0001360883
0.0008972183
0.0017981776
0.0031380097
0.0041304592
0.0046179577
0.0049958858
0.0056765133
0.0074175504
0.007704572
0.0085487524
0.0099402378
0.010906826
0.012840338
0.014870703
0.012056018
0.01125992
0.0083438086
0.0083917952
0.0086543303
0.0060677751
0.0048950691
0.0059980912
0.0089815729
0.010703745
0.011263682
0.012049999
0.011875123
0.0098341028
0.010342354
0.0093679508
0.0074550915
0.0071399959
0.0070073407
0.012376158
0.015198157
0.015281168
0.015248324
0.013784715
0.015710662
0.012580199
0.0082162463
0.0040054167
0.00048472741
-0.0062858213
-0.014191654
-0.018214026
-0.020107912
-0.019693102
-0.019398789
-0.01950264
-0.019501931
-0.018476845
-0.019395926
-0.016712694
-0.017167987
-0.015005347
-0.014785564
-0.013105009
-0.011802049
-0.012700078
-0.013144068
-0.013563636
-0.017023285
-0.015698847
-0.014903835
-0.014117111
-0.0085764442
-0.012858576
-0.01361665
-0.0085778306
-0.0042960507
-0.0033599612
-0.0019643935
0.00085204316
0.0028354249
-0.00014580084
-0.00041765604
0.00012652991
0.0014717394
0.0013689199
0.0018692257
0.0048778851
0.0045341467
0.00097829795
0.00010384792
0.00038766668
6.4843194e-05
6.5340494e-05
0.00011430289
-0.0015672372
-0.001791706
-0.0022736624
-0.0027797778
-0.0031750501
-0.0022006546
-0.0020893896
-0.0024912776
-0.0027025987
-0.0020451396
-0.0014723325
-0.0015196805
-0.00098071353
-0.00046355957
-3.6509769e-05
-0.00093693696
-0.001886462
-0.0022978553
-0.0027420635
-0.0021099587
-0.0019197851
-0.00056689531
-0.00047305281
0.00064503282
0.0012174332
0.0022121351
0.0025553826
0.0032412473
0.0046266202
0.0074003649
0.0077581193
0.0063040102
0.0057752116
0.0072508526
0.010799025
0.010206159
0.011164021
0.0099623466
0.0096590731
0.0081721162
0.0079717759
0.0077597505
0.0068281607
0.0063640777
0.0037289889
0.0024464977
0.00087294104
0.0006603316
0.00018392774
-0.00064231217
-0.0017877285
-0.0020464681
-0.0012781092
-0.00074187667
0.00080881142
0.002026975
0.0037421587
0.0045762851
0.0055297595
0.0060188411
0.0062811651
0.0068121869
0.0081863777
0.0089698968
0.0097698662
0.011487402
0.013238672
0.015777164
0.016575667
0.014645578
0.0093352152
0.00719352
0.0073651769
0.0054950784
0.0048099505
0.0055587327
0.005192674
0.0088737998
0.01244017
0.014129474
0.013971103
0.013577444
0.011465773
0.0098069707
0.0078101967
0.0071694238
0.009833555
0.015397287
0.016203695
0.018141242
0.021140509
0.025298974
0.025755576
0.024629377
0.023303907
0.016606835
0.012373807
0.0081940976
-0.00022081294
-0.00765679
-0.015566001
-0.018903074
-0.026889205
-0.028251065
-0.0245281
-0.029143692
-0.029820925
-0.030503022
-0.031301108
-0.03306658
-0.028618942
-0.030318215
-0.028175575
-0.030754279
-0.030391428
-0.030749645
-0.028785301
-0.033311947
-0.034960337
-0.038865413
-0.032006558
-0.023622858
-0.02141453
-0.026599051
-0.02639222
-0.024530127
-0.023369657
-0.015651809
-0.016540081
-0.012595872
-0.01345571
-0.012162226
-0.011751451
-0.011272717
-0.0068461161
-0.0055897432
-0.002771013
-0.0027363857
-0.0039551044
-0.0041927657
-0.003066806
-0.0017317613
-0.0012563121
-0.0014502526
-0.002305204
-0.0028511868
-0.0036850733
-0.0029010199
-0.0027718569
-0.0030499241
-0.0035064707
-0.0030861811
-0.0028418788
-0.0026746026
-0.0027121389
-0.0016741431
-0.0018112776
-0.0014629748
-0.0011587522
-0.0011428671
-0.0014851509
-0.001008973
-0.00081731908
-3.863788e-05
0.0007736933
0.0015011363
0.0022439968
0.0032223243
0.0034193317
0.0045231804
0.0047252495
0.006486853
0.0082030479
0.011874865
0.010952026
0.004698324
0.0065126735
0.0079905227
0.010834264
0.010385673
0.012731128
0.010700164
0.0078874044
0.0084889512
0.0059686929
0.0055692915
0.0032265753
0.0025924174
0.0007338594
0.00031748915
-0.0023954977
-0.0028687746
-0.0048625347
-0.0066331994
-0.0047392557
-0.0024342841
-0.001979861
-0.00015447254
0.0012330737
0.0026966357
0.0031134693
0.0048809903
0.0059384533
0.0067751875
0.0071245975
0.0072220952
0.0090954552
0.010361242
0.010641026
0.01161161
0.012880974
0.015841618
0.014092432
0.010028534
0.0090817662
0.0072952652
0.0061564322
0.0035854927
0.0047134636
0.0018184059
0.0008007075
0.0056859593
0.011849452
0.014190031
0.013879512
0.012935754
0.012453625
0.0098957159
0.0072134185
0.0077133643
0.015080607
0.018294485
0.018106714
0.022305029
0.027492599
0.031869611
0.032373026
0.028538215
0.02238261
0.016405185
0.008904693
0.0043223681
-0.0030744628
-0.0088376672
-0.01014755
-0.016023107
-0.026650368
-0.027029682
-0.023362353
-0.031451156
-0.035889572
-0.042600987
-0.042001233
-0.052201264
-0.044541401
-0.04641852
-0.048257737
-0.043896782
-0.049869354
-0.048123598
-0.052411475
-0.059870361
-0.051131542
-0.049892469
-0.048764379
-0.049582431
-0.042384828
-0.042033977
-0.039686426
-0.032980893
-0.030751802
-0.024206994
-0.022331668
-0.019260264
-0.020848885
-0.020207176
-0.01718405
-0.015977454
-0.013807643
-0.010910847
-0.010096655
-0.0081363372
-0.0062556361
-0.0049282389
-0.0037738457
-0.0025379671
-0.002974289
-0.0024872398
-0.0039540237
-0.0031307862
-0.0036511005
-0.0034389128
-0.003378936
-0.0023756348
-0.0031054127
-0.003628149
-0.0032551539
-0.0026106605
-0.002197627
-0.0016512433
-0.0016560691
-0.0011620296
-0.00081271575
-0.00020711392
-0.00032149236
0.00093744792
0.00063216676
0.0018346436
0.0015833771
0.0024750219
0.0032191253
0.0044939288
0.0049116942
0.0069494585
0.0066688527
0.0089362386
0.0088847172
0.014050997
0.011521337
0.0047937077
0.0050030992
0.0072860354
0.011230662
0.012011016
0.010416175
0.0084616609
0.0043173033
0.002434503
0.0012779817
0.0017404596
-0.00056982243
-0.0012742002
-0.0048304358
-0.0064776545
-0.0058525082
-0.00692897
-0.0067399717
-0.0043124495
-0.002583829
-0.0004624511
0.00071661611
0.00085247268
0.0018554078
0.0039438126
0.0039864588
0.0053143272
0.0056835824
0.0066154546
0.0069980066
0.0084254203
0.009960715
0.01062923
0.012993746
0.01281444
0.014766678
0.013681972
0.010227147
0.006588984
0.0043259932
0.0046298955
0.0046950664
0.0040226847
0.0024674791
0.00084624348
-0.0037216326
0.0019392455
0.011879426
0.013947373
0.014196516
0.01294888
0.015435549
0.014751626
0.011479366
0.010354359
0.013838092
0.0167047
0.017561352
0.022997918
0.028048117
0.028780699
0.027092551
0.021655484
0.016749947
0.010062491
0.0038087816
-0.0051900109
-0.010293905
-0.015880556
-0.014849126
-0.023212017
-0.027475949
-0.023596152
-0.02749472
-0.031761418
-0.038922014
-0.048977006
-0.053154205
-0.049062302
-0.053184557
-0.053554385
-0.055283949
-0.051908945
-0.063443432
-0.063082535
-0.064638388
-0.069250725
-0.06423438
-0.062475236
-0.061236057
-0.0559227
-0.053210984
-0.046806877
-0.04160191
-0.036222132
-0.029561672
-0.023967783
-0.021987415
-0.022070054
-0.022381171
-0.020167644
-0.019081146
-0.016713697
-0.014474887
-0.011215985
-0.0082198232
-0.0075397389
-0.006553902
-0.0028518806
-0.00081501929
-0.00028785193
-0.001367488
-0.001598873
-0.002551415
-0.0029873983
-0.0031028046
-0.0023064794
-0.0017424414
-0.0022595249
-0.0017408614
-0.0013000593
-0.0011639714
-0.0014439799
-0.0011285329
-0.0006463985
-4.9151186e-05
0.00059234837
0.0012542809
0.002879706
0.0027282605
0.0025053329
0.0033130227
0.0036395978
0.0040703259
0.0050785796
0.0055037265
0.0059539464
0.0070196733
0.0085172753
0.009328277
0.009579081
0.010815749
0.012649683
0.010868625
0.0019052518
0.0033608479
0.0049211513
0.0071256329
0.008425089
0.0068902731
0.0037817356
-0.0019273444
-0.0019932686
-0.0021654811
-0.00081965989
-0.0035207138
-0.0069863123
-0.0038707469
-0.0038362264
-0.003733893
-0.0021977133
0.00060960003
0.0011019914
0.0023384503
0.0020175153
0.0039593703
0.0042167545
0.0054405537
0.0044968276
0.0064488907
0.0058184057
0.0068713731
0.0072070257
0.009291977
0.010330344
0.010488494
0.010804442
0.01111204
0.0073851475
0.00664044
0.0041018913
0.00064387783
-0.00045743271
-0.0011878536
-1.5307681e-05
0.0024796873
-0.00094182421
-0.0041964091
-0.010027489
-0.00864612
0.0011312772
0.0066251505
0.0096006214
0.011963734
0.011197094
0.01376021
0.016112087
0.014136803
0.0096016578
0.0078132983
0.0088365241
0.0096604732
0.01069212
0.011321637
0.0083021843
0.0089933275
0.0048113592
-3.5400318e-05
-0.0077116892
-0.013934597
-0.02278394
-0.02691552
-0.029712119
-0.027117548
-0.032682993
-0.03749717
-0.042638781
-0.042443928
-0.044554096
-0.046629044
-0.056402422
-0.062416757
-0.060126491
-0.061869641
-0.06231519
-0.058120189
-0.060066929
-0.070351318
-0.070544789
-0.070379814
-0.066609428
-0.067794554
-0.06299199
-0.060696372
-0.056707257
-0.050810996
-0.042104577
-0.036517338
-0.030502898
-0.027150517
-0.022621529
-0.022169227
-0.020487245
-0.022219388
-0.019983725
-0.020855414
-0.018012662
-0.015264866
-0.01330579
-0.010594778
-0.0093928344
-0.0043294928
-0.0023687531
0.00045661495
0.0036420411
0.0017537312
-0.001665206
-0.0010633978
-0.00071128573
-0.0019819616
-0.0016961352
-0.0013980994
-0.00058950741
-0.00014433946
-0.0006999748
8.309277e-05
-0.0017745662
-0.0015743341
-0.00058225415
-0.00026909227
0.0028690364
0.0023636803
0.0041179148
0.004905775
0.0059913338
0.005251488
0.0069485215
0.007682172
0.0089900304
0.0094429724
0.0097664381
0.0096505739
0.011295505
0.011121646
0.012461504
0.01360561
0.016568919
0.010416671
0.0039767341
0.0015198493
0.00032323976
0.0015619605
0.0047641754
0.0026518926
0.00058845023
-0.0046374653
-0.0064590024
-0.0040546438
-0.0058612996
-0.0052361988
-0.0035980647
-0.0010175926
0.00086845203
0.0043986482
0.0048339962
0.0044350012
0.0048605332
0.0055527971
0.0042322061
0.0058235604
0.0060724906
0.0055589391
0.0052992508
0.0061879592
0.0071790906
0.0087207756
0.008996658
0.0091071875
0.0088549493
0.0019413467
0.0039917323
-0.0012765001
-0.0061158981
-0.0022028943
-0.002904374
-0.0066014909
-0.0049778222
-0.0040161466
-0.0045062421
-0.0053891398
-0.0043366265
-0.0096351157
-0.017502543
-0.013746167
-0.0070437779
-0.0021988153
0.0021678886
0.0052335421
0.0079817164
0.011208197
0.012806608
0.012458222
0.0081221159
0.00067895281
-0.0035047093
-0.0076713784
-0.0090828219
-0.013712052
-0.018818756
-0.024262419
-0.028471605
-0.031242898
-0.03186271
-0.035861972
-0.048611025
-0.054363685
-0.049063664
-0.040199374
-0.050684863
-0.058849157
-0.062578919
-0.062162006
-0.063323674
-0.06502543
-0.067107474
-0.067662132
-0.072005206
-0.069092129
-0.06868599
-0.067891087
-0.066856421
-0.068697579
-0.069535609
-0.065894753
-0.060910211
-0.058811805
-0.052513948
-0.047346417
-0.046405166
-0.042685132
-0.034886253
-0.030868668
-0.03170117
-0.028056794
-0.021898732
-0.023058551
-0.023046164
-0.022437444
-0.022795792
-0.020264777
-0.018278491
-0.017271063
-0.015350837
-0.012104202
-0.0074823
-0.0033090044
-0.0010708194
0.0033434676
0.0051193245
0.0054351326
0.002393904
0.0014349046
0.0051095457
0.0027576989
0.0023919482
0.001952366
0.00076026362
0.0032105167
0.0026126341
0.0024530258
0.002828891
0.0014770123
0.0012396487
0.0021389608
0.0036935621
0.0055276591
0.0059960349
0.0056646117
0.0078622198
0.0073424475
0.0082226333
0.0083636671
0.010086692
0.0096216769
0.011200672
0.010101834
0.014919084
0.012135836
0.01401025
0.0095689817
0.0066587534
-0.0024707818
0.0032181976
0.012949061
0.00086476483
0.0042855707
0.0043921051
0.002375453
-0.00093625414
-0.0029282302
-0.004646855
-0.0038353395
-0.00666244
-0.0045206872
0.00050804699
0.0037520046
0.0054651804
0.0088557302
0.0097069102
0.0054382815
0.0076605818
0.0088875083
0.0061847134
0.0066744775
0.0073245339
0.0064449563
0.0073713598
0.0058145324
0.0066718194
0.0046404647
0.0037621212
0.0043552678
0.0037598602
-0.0021298892
-0.0017656075
-0.0030908703
-0.0036086739
-0.0054652346
-0.0073469538
-0.0051817642
-0.0021527886
-0.0044168334
-0.0034384505
-0.0064660179
-0.0053785486
-0.009621422
-0.012205542
-0.00874604
-0.011926604
-0.0069901581
-0.0029579506
0.00044997828
0.0024933778
0.0062162235
0.0066349828
0.0080833185
0.00532797
-0.0011590913
-0.010247742
-0.019180899
-0.027713715
-0.039751988
-0.047537932
-0.055387814
-0.052268839
-0.047076938
-0.054054372
-0.056509283
-0.06843494
-0.07736389
-0.080016302
-0.070629955
-0.075560187
-0.086847233
-0.091401596
-0.083957973
-0.080106328
-0.074846301
-0.072332487
-0.070540232
-0.067182322
-0.057918256
-0.056392116
-0.067637448
-0.067758238
-0.062545814
-0.059068243
-0.052948123
-0.04708845
-0.042906756
-0.036325313
-0.030706189
-0.028519414
-0.024692911
-0.020664506
-0.019124538
-0.019845723
-0.019257392
-0.015989329
-0.016503528
-0.017506379
-0.01656056
-0.015838959
-0.015137438
-0.016774149
-0.011788971
-0.0091722629
-0.010451578
-0.0053460616
-0.00087839945
-0.00056026403
0.00066197544
0.0051637571
0.0046768182
0.0028754181
0.00057232147
0.0037421036
0.0045804982
0.0023723817
0.0020337906
-0.00072527949
-0.00034285641
0.0031416001
0.0038531166
0.0052525046
0.0052620176
0.0028607554
0.004413844
0.0055999977
0.0065306324
0.0069908999
0.0080562523
0.009769396
0.011489562
0.013393576
0.011610686
0.010949468
0.010776958
0.013377043
0.014957805
0.016610849
0.02167935
0.02515068
0.01549479
0.0061173101
-0.00067655998
0.0090930357
0.012863993
0.0070959591
0.0045171815
0.0032428693
0.0033559254
0.0011368899
-0.00069865883
-0.0027063236
-0.0020991558
-0.0021959808
0.00027474397
0.0027525606
0.0070741981
0.0072158753
0.0085345512
0.011321849
0.0092768844
0.011526669
0.010014191
0.010605007
0.007767695
0.0079308656
0.0080415325
0.006586477
0.0056326548
0.0048411841
0.0036528239
0.0042164077
0.0019235369
0.00082003978
-0.002049429
-0.0018305654
-0.0037345031
-0.0019139278
-0.0039298405
-0.0058444724
-0.0036883783
-0.0039440114
-0.0058302369
-0.0026678954
-0.0039321146
-0.0046452598
-0.0043101773
-0.0038944651
-0.0093733873
-0.013876033
-0.013945848
-0.012112172
-0.011358859
-0.0093895724
-0.0066085385
-0.0053889524
-0.0033736681
-0.0058753311
-0.0086748708
-0.014595077
-0.024808474
-0.038770434
-0.054774599
-0.07198567
-0.073569085
-0.064634194
-0.067527184
-0.076352943
-0.085163388
-0.092129439
-0.096054862
-0.094698202
-0.086296646
-0.077079127
-0.086434555
-0.083223273
-0.075368644
-0.080731082
-0.08181715
-0.077274346
-0.063047396
-0.04943904
-0.043749547
-0.045567592
-0.056363985
-0.053622843
-0.038673546
-0.033000067
-0.027661727
-0.021708987
-0.016203951
-0.012834444
-0.0090254111
-0.0050998593
-0.0029882109
-0.0031807655
-0.0011248818
-0.00051831116
-0.00057596993
0.0010364153
-0.0031108361
-0.0049143872
-0.0053216939
-0.0076438192
-0.0081935454
-0.0051487778
-0.0044346973
-0.0055136651
-0.0059276809
-0.0046389589
-0.0038274553
-0.0042099689
-0.0014415609
-0.00040032616
0.00057446969
-7.1062881e-05
-0.0012671419
-0.0017808165
-0.005577937
-0.0046992122
-0.0058598203
-0.0058455684
-0.001132739
-0.0025221066
-0.00087400437
0.0057418876
0.0085338683
0.0093710964
0.0097500287
0.012261972
0.018566958
0.022850099
0.025527755
0.027401463
0.031712243
0.032322282
0.032592467
0.034762476
0.031692296
0.031704664
0.030430649
0.023794935
0.01708744
0.013955545
0.0015872704
-0.0031470961
0.0099774854
0.016628506
0.014553734
0.0059754898
0.0069336323
0.0026318965
0.00023057831
-0.001140366
-0.0013631042
0.00012348772
0.00027868976
-0.0011456521
-0.00037257109
0.0025155305
0.0037788549
0.0052685913
0.0056088089
0.0080204622
0.0087662135
0.0071121199
0.0067858553
0.0078501422
0.0075638193
0.0074789612
0.0063973106
0.0036649088
0.0023879581
0.00294226
0.0053626374
0.0041616539
0.00074924099
-0.0022402965
-3.2022739e-05
-0.0030808835
-0.00034883731
-0.00042045454
-0.0032513048
-0.0045554709
-0.0055999401
-0.0068159146
-0.0038461496
-0.003035006
-0.001749215
-0.002812139
-0.0045420216
-0.0065925135
-0.013352998
-0.020331505
-0.019471081
-0.023311069
-0.021591685
-0.018948297
-0.016166238
-0.014685163
-0.013831907
-0.018373289
-0.020021441
-0.026616057
-0.034222782
-0.046325607
-0.063459912
-0.086356862
-0.07437124
-0.072901206
-0.084175733
-0.081617243
-0.085703074
-0.085061155
-0.082010522
-0.074271765
-0.064530328
-0.045139099
-0.042176219
-0.052910277
-0.055795888
-0.062890259
-0.071784688
-0.064889548
-0.053302152
-0.034709021
-0.016667737
-0.023106784
-0.034795133
-0.025567502
-0.014463672
-0.0056910294
-0.00200122
0.0021236528
0.0058517346
0.012005362
0.011538353
0.014262289
0.014344647
0.012673024
0.01302711
0.010933974
0.010413586
0.008950635
0.0071733481
0.0063694782
0.0065267999
0.001553238
-9.2153967e-05
-0.00011350616
0.00025689864
-0.001633246
-0.0025400562
-0.001188582
-0.00015856536
0.00010945678
0.00095907612
0.00015136256
-0.00085519175
-0.0028416915
-0.0035685889
-0.0034220145
-0.0047494525
-0.0065363574
-0.004478363
-0.0063247852
-0.0046460551
-0.0021993715
0.0010195003
0.0038244668
0.0068677159
0.010071753
0.011164483
0.017773647
0.026209745
0.03035246
0.037811601
0.044047314
0.047321334
0.04846528
0.04472628
0.041023742
0.041794025
0.040687255
0.033765699
0.03035351
0.024242759
0.009244519
-0.001424435
0.010711501
0.014717105
0.015923739
0.011175783
0.005987398
0.0014940821
-0.00066338102
-0.0024282808
-0.0026521461
-0.003151882
-0.00090216752
0.00032753622
0.0015596058
-0.00017399328
-0.00029888906
0.00014021237
0.0026024686
0.00098678186
0.0018885961
0.0038693709
0.0042811586
0.0046608968
0.0052407489
0.0033154234
0.0031255625
0.00092812914
-0.00029850391
-0.00069080345
0.00025066606
0.00210974
0.0031039206
0.0010821622
-0.0019630651
-0.00099728532
0.00013771566
-0.0019502807
-0.0018814394
3.041741e-06
-0.0022978037
-0.0035698736
-0.0041533393
-0.0038963328
-0.0046029421
-0.0059259253
-0.0054579493
-0.0079278995
-0.012840842
-0.017046799
-0.021158004
-0.019001305
-0.0198183
-0.023065525
-0.025471205
-0.025374555
-0.024621384
-0.023775805
-0.026575269
-0.029579143
-0.034243835
-0.041807894
-0.051683199
-0.066246737
-0.078631149
-0.070376278
-0.078181223
-0.08320558
-0.078553362
-0.073987446
-0.062989079
-0.050648953
-0.040723913
-0.030689993
-0.015119606
-0.023414222
-0.037887328
-0.039089882
-0.041381904
-0.038008718
-0.030739271
-0.02427324
-0.012591712
-0.00018626492
-0.0082796276
-0.00942805
0.0015667371
0.010126538
0.013919328
0.015355491
0.021977157
0.024069851
0.022910171
0.018366784
0.020050011
0.018210409
0.016666644
0.018816474
0.016564329
0.013754291
0.012231594
0.0087614994
0.0098978756
0.0070074657
0.0049726314
0.0027440293
0.0038049283
0.00067542595
0.0008813673
-0.0028211481
-0.0026974397
-0.0012859812
-0.00058539778
-0.00095497196
0.00021574399
0.0014660746
-0.00093551013
0.00063622723
0.00087608176
0.0014260286
0.001075317
0.0016055101
0.00097674911
0.0025571747
0.0037416573
0.007516588
0.01085894
0.013378497
0.01381717
0.015874674
0.019091872
0.027901698
0.034528577
0.039554775
0.045528061
0.05030254
0.050111521
0.047145661
0.043143449
0.041510827
0.039165018
0.02578969
0.016409503
0.0068971849
0.0031594231
0.0060175324
0.013714175
0.011763744
0.0097954613
0.0049223827
0.0024810646
0.00036787803
-0.0037850557
-0.0031724873
-0.0040211449
-0.0039792609
-0.0010467714
-0.00084998169
-0.0014985719
-0.0020844253
-0.0030479722
-0.0030705819
-0.002398571
-0.00092424588
-0.00030143381
0.0004676507
0.0035666191
0.0048685423
0.0041380899
0.0023317829
0.0011466553
0.00069646765
-0.00066358414
-0.003421506
-0.0049084989
-0.0005282342
-0.00021473694
0.00029582408
-0.0005138156
-0.0040129617
-0.004663495
-0.006361766
-0.0047651889
-0.004065742
-0.0042358349
-0.0021157444
-0.0045691423
-0.0040902208
-0.0048925746
-0.0054238613
-0.0045048078
-0.0071718659
-0.010347318
-0.014226244
-0.014746678
-0.017159647
-0.017531514
-0.0177082
-0.019805518
-0.024446595
-0.026488897
-0.02730895
-0.028871639
-0.031709964
-0.036628909
-0.041500202
-0.04643136
-0.053374392
-0.054210853
-0.052034674
-0.056895888
-0.059382044
-0.057854261
-0.047645689
-0.034502746
-0.019409619
-0.0053783222
-0.00010636772
-0.0014174631
-0.013650729
-0.023696581
-0.019688401
-0.019909227
-0.014551665
-0.0072230196
-0.00065543138
0.0059408246
0.011544106
0.0082651226
0.0092803919
0.015960107
0.019225607
0.023364951
0.021206908
0.022157263
0.022032835
0.021417045
0.017028377
0.016148033
0.016360848
0.014559241
0.01467193
0.010885084
0.0091975227
0.0074075437
0.0051379475
0.0052538309
0.004619213
0.0033046329
-0.00082547266
0.0022347902
0.0024762051
0.00081184354
-0.0015233585
-0.0038233245
-0.0021195541
-0.0021979004
-0.0014050162
-0.0023454922
-0.00062757511
0.00066942185
0.00089430055
0.0019838251
0.0040281399
0.0044035859
0.0042824674
0.0033857861
0.0045708391
0.0073168323
0.009372481
0.012039171
0.015989777
0.017678891
0.020838011
0.026044837
0.029587903
0.032584374
0.035171554
0.038284891
0.041097714
0.040966856
0.035429613
0.025581855
0.016022945
0.013695958
0.011410538
0.0073287621
-0.00085140045
0.0052724885
0.012678333
0.0090298788
0.010502513
0.0069574696
0.0029980469
-0.00098489896
-0.0046256605
-0.0065087178
-0.0075348214
-0.008860969
-0.0091207432
-0.0066627942
-0.0036706395
-0.0017553285
-0.0028813916
-0.0044027712
-0.0044156445
-0.004035612
-0.0027142027
-0.0019099808
-0.0010316996
-2.8612731e-05
0.00018141819
0.00041932306
-0.00066080088
-0.0012592014
-0.0025918507
-0.0015012466
-0.004562458
-0.0050151583
-0.0030902405
-0.0035434793
-0.0032395271
-0.0044023383
-0.0060623516
-0.0052749295
-0.0064556859
-0.0071381637
-0.0054106738
-0.0048089985
-0.0040575835
-0.002801049
-0.0038031048
-0.0040764624
-0.0039807365
-0.0046466361
-0.0033603531
-0.0053687122
-0.0070287351
-0.010928529
-0.011994995
-0.011420823
-0.015029564
-0.014463555
-0.018346456
-0.022152728
-0.024988763
-0.02757885
-0.028583099
-0.034410624
-0.038545669
-0.040768825
-0.03844694
-0.032623711
-0.033065636
-0.035687016
-0.026033677
-0.024285878
-0.021419851
-0.0063642324
0.00089870299
0.010514489
0.0074801896
0.0032002829
-0.0040387661
-0.0067575157
-0.0084670716
-0.005317827
-0.00011815799
0.0020332999
0.0053569002
0.0080586701
0.016272758
0.016745978
0.016863487
0.016143818
0.015337113
0.018944115
0.018156657
0.017986721
0.015363294
0.014330936
0.01367938
0.010701378
0.0067104739
0.0057736518
0.0074887605
0.0049528165
0.0047218213
0.0035186998
0.0045744399
0.0019518416
0.0010856902
0.00053525799
0.0012588588
0.0018331776
0.0014025725
0.0013664507
-0.0011409645
-0.0020952156
-0.0015214754
-0.00045444333
-0.001235406
-0.0019201026
-0.0017978912
-0.00093397793
-7.5610031e-05
0.0021285647
0.0036837495
0.0033807161
0.0034045988
0.0034410627
0.0033013595
0.0056388586
0.0070744237
0.0084881169
0.011602395
0.014883055
0.017792584
0.020841073
0.024200202
0.026539334
0.029245182
0.02711964
0.026587728
0.021404424
0.0094303942
0.0081588751
0.0084367113
0.0083040214
0.010427507
0.0068460005
0.0028084501
0.0071403192
0.009906283
0.0087430912
0.0078314019
0.0055580743
0.0014901979
-0.0017143341
-0.0020759176
-0.0028381723
-0.0036059859
-0.0046041505
-0.0056690747
-0.0043142042
-0.0040083705
-0.0033214195
-0.0024821735
-0.003383751
-0.0056899832
-0.0054767841
-0.0041381964
-0.0041066257
-0.0033879696
-0.0035248919
-0.0033723322
-0.0037754371
-0.0035438724
-0.0032086766
-0.0033759121
-0.0025388115
-0.0043893652
-0.0037414385
-0.0024654041
-0.0046070983
-0.0024608537
-0.0055725717
