0.0048010678
0.0044863268
0.004338413
0.003579524
0.0033344792
0.0031038822
0.0099029624
0.019923961
0.022653976
0.0203406
0.017325024
0.013566135
0.0087344551
0.0037461235
0.0021310894
0.00082748239
0.0018946033
0.0030646978
0.0025479783
0.0015308399
0.0040010844
0.0032123521
0.0036583461
0.0028814069
0.0016906978
0.0014252823
0.00051805888
-0.0015132946
-0.0037652765
-0.0041504163
-0.0040248642
-0.003832202
-0.0026240194
-0.0038415448
-0.0033223194
-0.0038165124
-0.0042828166
-0.0055496656
-0.0056929909
-0.006374141
-0.0061956275
-0.0050010216
-0.004205199
-0.0029067831
-0.001811755
-0.0016146826
-0.0016149401
-0.0018055774
-0.0045876888
-0.0086064552
-0.01003805
-0.0092434764
-0.0076063998
-0.005204293
-0.0036033849
-0.0037877511
-0.0031582412
-0.0032658437
-0.0052486983
-0.0059801685
-0.0068768236
-0.008267711
-0.0087149471
-0.0096808601
-0.0091164807
-0.0097138064
-0.012167627
-0.014395571
-0.01730025
-0.016590285
-0.014448281
-0.013813885
-0.013146096
-0.0085079256
-0.0070670546
-0.0074582997
-0.0064844105
-0.0088736026
-0.010119338
-0.010007741
-0.0093618596
-0.0062028296
-0.0015146713
0.0038208264
0.0071707906
0.0077267542
0.0078182162
0.0060666057
0.0047814994
0.0068862618
0.0072279956
0.0094745211
0.0097231904
0.0088315404
0.0058293627
0.0042095038
0.0024935399
0.0013446677
0.0017674116
0.0016998647
0.0005948974
0.00075616145
0.00090665472
0.0010621918
0.001101065
0.001324856
0.00077822022
0.00082032195
0.00088300929
0.00066226864
0.00076232732
-6.0615557e-05
-0.00056559043
-0.0018765164
-0.0024140771
-0.0022079611
0.0010237474
0.0017116517
0.0036337405
0.011022526
0.010865044
0.014579207
0.014396976
0.016555157
0.018646568
0.016212533
0.014249595
0.012890101
0.0099787335
0.0084900111
0.0064721168
0.0087910972
0.010403992
0.0092197319
0.0081840232
0.0070250259
0.0070785299
0.0063509045
0.0066395465
0.0061823546
0.007190131
0.0062438184
0.0054516207
0.0050073621
0.0031232232
0.003288135
0.0019083371
0.0016848463
0.00025729571
0.00092995933
0.010658418
0.019012561
0.018483354
0.014982096
0.013855255
0.011412806
0.0068561337
0.0060898472
0.0032586092
0.0017634646
0.0017946819
0.00041926279
-0.00078203453
0.0029591199
0.0053351412
0.0036147574
0.0030223471
0.0031743849
0.0037118602
0.0022157336
-0.00069238485
-0.0039324409
-0.0055671834
-0.0053886151
-0.0049615746
-0.0048920074
-0.0066924082
-0.0091538474
-0.009688657
-0.010673725
-0.011181428
-0.011599895
-0.012088411
-0.011179378
-0.0094518338
-0.0089384133
-0.0083221178
-0.0069889104
-0.005990121
-0.0044951205
-0.0032429161
-0.003314126
-0.0030130455
-0.0064568903
-0.0092869247
-0.009296026
-0.0054599351
-0.0013251434
-6.8655849e-05
-0.0020945643
-0.0020822902
-0.0015931494
-0.0019202216
-0.0028281696
-0.0034039962
-0.0050858654
-0.006517647
-0.0071447023
-0.0079968709
-0.010023229
-0.01107169
-0.010481083
-0.0097660175
-0.0095129554
-0.0084896138
-0.0070878202
-0.0047067978
-0.0023408018
-0.0031018132
-0.0023688273
-0.0041677047
-0.0054811697
-0.0058962196
-0.0052766807
-0.0029159158
0.00048545517
0.0058546205
0.0073465033
0.008118851
0.0078703713
0.0081186732
0.0082977039
0.0079184198
0.0075766086
0.0083967825
0.0077165199
0.0070428659
0.006584521
0.0047102805
0.0041035804
0.0032662798
0.0027045876
0.0020857871
0.0019032017
0.0013462722
0.00046562011
0.0010163983
0.0010688145
0.00094791119
0.00039072514
-0.0003566881
-0.00081125477
-0.001248889
-0.0015051954
-0.0020625497
-0.0031196662
-0.0040889163
-0.0039823664
-0.0045079975
-0.0022041173
-0.00055602855
0.0029233702
0.011470439
0.015357698
0.01678641
0.016776618
0.017028365
0.016208027
0.017234939
0.015093424
0.011591738
0.010735676
0.0080166604
0.0079171263
0.0084447467
0.0092309046
0.0077515061
0.0069921445
0.0056567686
0.0050733882
0.0052944787
0.0047096552
0.0049608648
0.0056271026
0.004857501
0.0047601953
0.0045435987
0.0044879572
0.0018403211
0.0015243936
0.00033303415
-0.0007051395
-0.0022121633
-0.00088320636
0.010362409
0.016365325
0.013711971
0.01415565
0.010132788
0.0060313075
0.0043914173
0.00088771654
0.0010517198
-0.0016361963
-0.0010322869
2.6656319e-05
0.0013591024
0.0030175476
0.0055497642
0.004822971
0.0043703065
0.0042373588
0.0046059656
0.0039252348
-0.00043586345
-0.002921414
-0.0057939542
-0.0064920107
-0.0074468793
-0.011055543
-0.013685572
-0.017740528
-0.020403092
-0.0202575
-0.020102729
-0.020845032
-0.020523556
-0.019858806
-0.017572153
-0.016533458
-0.015343048
-0.015164947
-0.011939944
-0.010113579
-0.0081231384
-0.0071549244
-0.0062819757
-0.0061133922
-0.010028681
-0.0099540238
-0.0057797268
0.00021398211
0.0038292256
0.0018828357
0.00025853598
0.0039641376
0.0028082575
0.0012881373
0.0015924205
-0.0011247137
-0.001463243
-0.0048935138
-0.0044739512
-0.005466963
-0.0044725426
-0.002848523
-6.2457605e-05
-0.00075580977
-0.0021510764
0.0014226371
0.0025684896
0.0036670995
0.0032517694
0.0032359853
0.00074438793
-0.0011714563
-0.00097309133
0.0011940096
0.0034553945
0.0070386608
0.0071483211
0.0053129397
0.0047115533
0.0063421875
0.0084267438
0.0072530099
0.0046575265
0.0027128904
0.0045701067
0.0045069531
0.0035424684
0.003743626
0.0024374221
0.002287806
0.0023506554
0.0018222465
0.00109448
0.00022412968
-0.00035050082
-0.00018830825
-0.00037931936
-0.00035747994
-0.00083812852
-0.0013159178
-0.0015122409
-0.0021433078
-0.0026885855
-0.0031577357
-0.0041459624
-0.0046777912
-0.0052096308
-0.0067202517
-0.0097659509
-0.0043987962
0.0057507307
0.01360823
0.015033197
0.016386727
0.014879739
0.01481418
0.01342232
0.015954442
0.015742137
0.013172904
0.011567585
0.0078502491
0.0065254707
0.0055626924
0.006194608
0.0042436931
0.0026200186
0.0039470014
0.0031593293
0.0026181375
0.002740358
0.0036218908
0.0036663522
0.0034646287
0.0035930534
0.0036030297
0.0030484936
0.0026035331
0.0019286525
0.0018841414
0.0013564749
0.00057258347
-0.00035131773
0.0010524892
0.011586711
0.015659827
0.012263005
0.01125644
0.0081247358
0.0038609516
0.0013481104
-0.0033316164
-0.0062443981
-0.0047095352
-0.0014379476
0.001562156
0.002798774
0.0035405079
0.0054967601
0.0065460687
0.006070102
0.0047897426
0.0061347072
0.005469272
0.00085013655
-0.003187902
-0.0076886924
-0.0082107978
-0.013272984
-0.017763947
-0.022625159
-0.026002878
-0.028346278
-0.030142542
-0.029177976
-0.030610688
-0.032395283
-0.030980993
-0.029051134
-0.027389829
-0.024728684
-0.023821876
-0.022475885
-0.022191642
-0.020390957
-0.015198415
-0.010953646
-0.0090631273
-0.0069011119
-0.004676241
-0.0021040672
0.0018147639
0.0022298047
0.001388944
0.0019813071
0.0048867526
0.0024391498
0.0032302451
0.0034767811
0.0020334891
0.0035136447
0.0041259958
0.0023188947
0.00081946133
0.0024479335
0.0063295304
0.0078693101
0.0093131227
0.011589427
0.013147361
0.013846171
0.011383966
0.011612808
0.0088447215
0.0052045051
0.0047837432
0.0053913257
0.0048563629
0.0049970209
0.0065687478
0.0036222994
0.00097952535
0.0011261717
0.0026396285
0.0035613615
0.0030738404
0.0011529983
-0.00013688174
0.00046311934
0.00097240172
0.0012264605
0.0012489735
0.0014128946
0.00053340462
-0.00028535218
-0.0010753062
-0.00081071812
-0.0018382283
-0.0019102323
-0.0020695615
-0.0017601182
-0.0013455258
-0.0011490558
-0.00127233
-0.0011048963
-0.001642633
-0.0013784365
-0.0022012218
-0.0014805264
-0.0018547141
-0.00096940589
-0.004982428
-0.0048388168
0.0017598139
0.0067527615
0.010244143
0.012245852
0.010646294
0.011309118
0.009362627
0.011423177
0.011365847
0.011009884
0.010218462
0.0079717617
0.0059852689
0.002864171
0.0032136205
0.0022271579
0.001788106
0.0010564879
0.0019703847
0.001584689
0.0023838102
0.0026018002
0.0030713529
0.0019867658
0.0027184424
0.0026401446
0.0032663629
0.0025528439
0.0023722585
0.0024767099
0.0032059209
0.0028882118
0.0037995553
0.0033107615
0.005563197
0.011312064
0.010571833
0.0094798813
0.0064174448
0.0078587888
0.0059738893
0.0021610048
-0.0040049772
-0.0057720062
-0.0036262507
-0.00041237012
0.0035134057
0.0045363155
0.0075411664
0.0091813149
0.0095211227
0.0097856687
0.0084281413
0.0089706917
0.01000124
0.0059956808
0.00063715996
-0.0050938942
-0.010736477
-0.018633853
-0.025608031
-0.030757023
-0.035456084
-0.037205253
-0.037107466
-0.040281601
-0.042839774
-0.044447102
-0.043200774
-0.041354073
-0.037300159
-0.033514085
-0.033182652
-0.033720635
-0.034537881
-0.031586668
-0.023469177
-0.020754586
-0.014028047
-0.0099699657
-0.00783478
-0.0035250251
-0.0024012062
-0.0030700035
-0.0026867418
-0.0027745689
-0.0036131494
-0.001385197
0.0019885538
-0.0012622467
-0.0016793142
0.0040641365
0.0035412251
0.0058618737
0.007725964
0.0067883272
0.01090547
0.014249014
0.016212305
0.019479169
0.023458483
0.021493505
0.018644006
0.019083079
0.015415463
0.012864345
0.010771031
0.0078460444
0.0061580405
0.0034918482
0.0026194322
-0.00099378169
-0.0011470988
-2.6011517e-05
0.00060269148
-0.0004254859
-0.0014660287
-0.0017092344
-0.001689435
-0.0014511297
-0.0010221113
-0.00040768985
-0.0012496461
-0.0020100211
-0.0021259672
-0.002830683
-0.0026611084
-0.0039266032
-0.0034783891
-0.0023826433
-0.0012150836
-0.0011861946
-0.00047806031
0.00030447156
0.0010192171
0.001157154
0.0011661904
0.00097398225
0.0023961603
0.0028305712
0.0030153109
0.0025148297
-0.00039403776
0.0014368159
0.0030169698
0.0085129222
0.00626536
0.0081432249
0.0091970948
0.0065213179
0.007496307
0.0099238938
0.011301675
0.0090182108
0.010293671
0.011014526
0.0068354926
0.0040082781
0.0016182082
0.00013464428
-0.00026193472
0.0014111728
0.0022337429
0.0025156729
0.0025720253
0.0031768695
0.0031446018
0.0035296175
0.0032476035
0.0035226033
0.0028959743
0.0024543104
0.002983389
0.003719244
0.0040361836
0.0048547028
0.0062785185
0.0057159002
0.0068245607
0.0094397181
0.0060969355
0.0042935066
0.004691603
0.0068252896
0.008915512
3.7160694e-05
-0.004421789
-0.0049866927
-0.00014277852
0.0048992633
0.0086380765
0.011612704
0.014726348
0.01615422
0.015444825
0.013162619
0.012787067
0.01305511
0.0094075084
0.0062417324
0.0029770682
-0.0043298155
-0.011643272
-0.018273613
-0.025639025
-0.03308226
-0.039531707
-0.044898065
-0.050770357
-0.053830793
-0.057715068
-0.059480558
-0.060045527
-0.056733965
-0.049990752
-0.041968824
-0.038303701
-0.037889878
-0.039370267
-0.03609623
-0.029151051
-0.024173861
-0.02100605
-0.013076523
-0.012248938
-0.0094945349
-0.0088440284
-0.0075844184
-0.012730318
-0.014109395
-0.018156442
-0.017877731
-0.010532845
-0.013990601
-0.011129214
-0.0015414225
0.0020061151
0.0053248583
0.0073812175
0.0088361678
0.012576293
0.012420672
0.017571785
0.021412626
0.02480193
0.023682267
0.02158337
0.019576771
0.018102732
0.01587556
0.015338548
0.010621958
0.0085638579
0.0065945338
0.0019171082
0.00019564811
-0.00070380869
-0.0018992597
-0.0014972405
-0.0025064453
-0.0026937324
-0.0030320107
-0.0033968605
-0.0028872757
-0.0022586004
-0.0020500251
-0.0014002446
-0.0017054591
-0.0019250897
-0.0020430382
-0.0023589477
-0.0021474777
-0.0014370977
-0.0012569916
-0.00054431771
0.0003975377
0.0017601079
0.0023790529
0.0032149048
0.0039502187
0.0047908427
0.0050446477
0.0063922116
0.0071100945
0.0074911934
0.0054037717
0.0019899828
0.0018573846
0.0026350381
0.0041912463
0.0043798083
0.0045639484
0.00572657
0.0069663865
0.0076999545
0.010333589
0.0080830657
0.012438528
0.014150095
0.01016943
0.0082562432
0.0038407292
-0.00082835942
-0.0024593043
-0.0010746503
0.00055884339
0.0017204137
0.0030078546
0.0031093213
0.0036186012
0.0041402836
0.0041455762
0.0035771148
0.0031753013
0.0034479909
0.0031116832
0.0036699652
0.0049941796
0.0053428384
0.0081587225
0.0072456962
0.0073249896
0.0061808388
0.0072244209
0.0044053471
0.0053209793
0.0042871252
0.0067918691
0.007762295
0.0049043021
-0.00050538733
-0.001872448
0.0024199948
0.0066197187
0.010651632
0.012938068
0.014861587
0.017868832
0.016261985
0.015023065
0.014520382
0.014841423
0.011562724
0.0041904995
0.0014007382
-0.0045129631
-0.0052501307
-0.016594065
-0.024029529
-0.032617733
-0.043980428
-0.050276709
-0.058843179
-0.065361334
-0.068604261
-0.074467059
-0.069186391
-0.070816906
-0.059373285
-0.053218706
-0.052874554
-0.05373472
-0.046169182
-0.039452043
-0.037164954
-0.032284984
-0.03135299
-0.025518876
-0.024715684
-0.024607804
-0.021705573
-0.020452012
-0.025317756
-0.024206527
-0.027159345
-0.024062103
-0.013975165
-0.015980224
-0.015331571
-0.010219316
-0.0062055676
0.0011096993
0.0058404616
0.007882562
0.010932539
0.010628885
0.015014953
0.017598462
0.019535956
0.018376264
0.016088695
0.015435534
0.011863136
0.012331112
0.012381445
0.0096160729
0.0078978487
0.0060331666
0.0046998856
0.0027020888
0.0014258825
0.00048905037
9.9339745e-05
-0.00054239555
-0.0015549003
-0.0016949053
-0.0019884434
-0.00071057731
-0.00065016394
-0.00047759666
0.00028303834
0.00055218615
0.00024757498
0.00074861189
0.00014391288
0.00028915239
0.00095129633
0.0019224226
0.0028446782
0.0036636648
0.0044552284
0.0052598931
0.005627655
0.0069689482
0.0075008826
0.0085931516
0.0096460037
0.010739991
0.011667186
0.0097615755
-0.0003215749
2.1412958e-06
0.0060448854
0.0054629993
0.0067050135
0.0079753808
0.0072224578
0.01168949
0.012236728
0.010093995
0.0082971687
0.0052165845
0.0041178508
0.0038278611
0.0033945692
-0.0022093
-0.0046485986
-0.0037241775
-0.0014956298
0.00093212054
0.0018654635
0.0032673838
0.0035781424
0.0046777654
0.0042015923
0.0043415107
0.0037050527
0.0034091641
0.0032412426
0.0038999101
0.0038276765
0.0069256735
0.0080292651
0.0086484299
0.0086990903
0.0067346357
0.0071443807
0.0030202859
0.0018108997
0.0058628015
0.0058499446
0.009580407
0.0095642175
0.0073931863
0.00016656294
-0.0012567072
0.0045116757
0.0082156255
0.0085190002
0.012001665
0.014266101
0.016999359
0.015638881
0.014655974
0.014845626
0.016628783
0.013252466
0.0076655057
0.0029136017
0.00041126667
-0.0046800834
-0.015579024
-0.026431147
-0.034697986
-0.045741279
-0.055121835
-0.0619145
-0.070798151
-0.074786118
-0.072238977
-0.067213336
-0.065415177
-0.050884705
-0.04589338
-0.046499742
-0.047338162
-0.054481693
-0.049813211
-0.051915923
-0.047146707
-0.042399932
-0.039640892
-0.03610948
-0.039127436
-0.034407446
-0.038001439
-0.040031731
-0.034300973
-0.034094947
-0.027506488
-0.02191249
-0.013864785
-0.010858753
-0.0040416996
0.0032329104
0.0057292766
0.0081760042
0.0092373469
0.010875654
0.0098583847
0.01172009
0.01454123
0.014596183
0.014910702
0.012509846
0.010523019
0.0085483501
0.0087968373
0.007322548
0.0059423201
0.0034991179
0.0027437634
0.0024826155
0.0018582712
0.0020735587
0.0030922578
0.0031221514
0.0018131706
0.00099965393
0.00080326539
0.00073472457
0.00074693451
0.0014896082
0.0016530705
0.0020633188
0.0024268468
0.002486297
0.0024142811
0.0020800094
0.0022427979
0.0038247822
0.0040994769
0.0048673024
0.0051985976
0.005728014
0.0063162076
0.0075092304
0.0075185337
0.0088470583
0.0093166875
0.010762517
0.010497482
0.013341251
0.0089921315
-0.0019591992
0.00061662672
0.0042750173
0.0087688439
0.010302079
0.0062147751
0.0089422941
0.0083216999
0.0089180499
0.0075794959
0.0043841672
-9.9263442e-05
-0.00022891967
-0.0024052725
-0.00236843
-0.0033844711
-0.0025789434
-0.0013123875
-0.00016151489
0.0020111575
0.003145799
0.0038170549
0.0051180279
0.005111923
0.0055172205
0.0049942359
0.0052633107
0.0046792088
0.0056570348
0.0058560487
0.0070359357
0.0089942877
0.0095462916
0.009302853
0.0064552037
0.010138905
0.0057796122
0.0045927792
0.006813944
0.0070968546
0.0090126941
0.010605012
0.0089498027
0.0097669826
0.0027747757
0.00065187934
0.0079121014
0.010695088
0.0089792694
0.009992584
0.014561257
0.017379728
0.017653872
0.016749268
0.018135727
0.017654492
0.017240095
0.01484167
0.011357065
0.0046274715
-0.0069622665
-0.015901494
-0.028926428
-0.039962704
-0.052354196
-0.063790332
-0.070679727
-0.075353693
-0.077309167
-0.069636736
-0.070604869
-0.062421654
-0.054101285
-0.051738582
-0.050757369
-0.054297084
-0.061923318
-0.061471479
-0.054232701
-0.054943054
-0.051963035
-0.04872589
-0.044591232
-0.050802926
-0.046080694
-0.046698845
-0.042856705
-0.038127106
-0.031699395
-0.0252807
-0.017525925
-0.011725432
-0.0020462448
0.0032184612
0.0066500405
0.010533287
0.014553466
0.014573763
0.01473955
0.015638881
0.015912352
0.015821312
0.014946308
0.013173854
0.011987976
0.010445492
0.0080333751
0.0066438374
0.0072448122
0.0054558678
0.0035690633
0.0040008808
0.003925792
0.0037654491
0.0036555883
0.0044259467
0.0044216208
0.0037297097
0.00247685
0.0035834041
0.0036046235
0.0030658058
0.00242532
0.0027266982
0.0037193205
0.0039194855
0.0037480714
0.0041132073
0.0048446306
0.0049227054
0.0048287012
0.0051706436
0.0054898055
0.0061022034
0.0063680786
0.0073885319
0.0075761267
0.0082335107
0.0088907938
0.0095392474
0.010790987
0.010974074
0.013376312
0.010919442
0.00068298289
0.00042743287
0.0022694401
0.0096440136
0.011613338
0.0053519108
0.0049566342
0.0034918863
0.0012107618
0.00092592106
0.00013194457
-0.0046527838
-0.0040694607
-0.0038762922
-0.0040185995
-0.0029020605
-0.0013846723
0.0011477647
0.0041353589
0.0052205075
0.0050329368
0.0060185969
0.0063612223
0.0081174146
0.0072198185
0.0073977821
0.0071744144
0.0072956504
0.0074447365
0.0092037899
0.01001181
0.011138223
0.0097864945
0.0084522183
0.0059320157
0.0074387415
0.0071810543
0.0067393507
0.010727622
0.011489797
0.012193496
0.013198069
0.0095809152
0.0056455597
-0.0032668635
0.0020850596
0.0087814735
0.0096762086
0.0093540086
0.0074397982
0.010813389
0.015175048
0.016666691
0.017745932
0.018661792
0.016715237
0.014141503
0.0083050994
-0.00064753831
-0.010470155
-0.023116676
-0.033128526
-0.042710904
-0.053036246
-0.064189268
-0.069788141
-0.078138166
-0.080161224
-0.080107384
-0.074357168
-0.073553278
-0.070677359
-0.068748988
-0.063183037
-0.061262162
-0.057129944
-0.066900133
-0.062809565
-0.054292536
-0.057801921
-0.051856927
-0.042720235
-0.047467023
-0.048684157
-0.04344695
-0.039885958
-0.035728463
-0.031359783
-0.025053529
-0.018420523
-0.011319781
-0.0068067166
0.0021383872
0.0076368004
0.012579406
0.010724074
0.015094166
0.014662083
0.016325355
0.015181329
0.017091065
0.013856468
0.014453995
0.013292282
0.012605068
0.011664384
0.010302031
0.0081976209
0.0078613191
0.0080914209
0.0087438943
0.0071214133
0.0077794765
0.0075873612
0.0065020042
0.0059362393
0.0058029027
0.0047406171
0.0052494707
0.0049072571
0.0052220204
0.0034450249
0.0038506802
0.0041951018
0.004071396
0.005346413
0.0065553238
0.0060329238
0.0067063678
0.006239235
0.0059990825
0.0052666514
0.0058828551
0.0059185986
0.0070546559
0.0078999083
0.0081984879
0.0075521694
0.0089229536
0.0086290351
0.0098567095
0.010693018
0.011860024
0.0081273916
0.005842834
0.0038169076
-0.0010708652
0.003405789
0.0066263415
0.0046865048
0.0022773301
-0.002228306
-0.0032531163
-0.0026139449
-0.0050444763
-0.0030609412
-0.0028404243
-0.0022700783
-0.001836633
-0.0017264077
-0.001924519
0.0028916772
0.0047900145
0.0062444136
0.0066459613
0.00830648
0.0092698187
0.0066789951
0.0081626693
0.0097109773
0.008903976
0.0097061075
0.011526868
0.011239253
0.01175717
0.0095748651
0.0084116597
0.0014428053
0.0041040077
0.0062091167
0.0060857883
0.0035131276
0.0065508418
0.0045852829
0.0047002916
0.0034565779
0.0033319897
-0.0053900577
-0.010493123
-0.0027396168
-0.0030795645
0.0039834121
0.0055579687
0.0039602123
0.0051106958
0.0073508014
0.010330104
0.012111459
0.010479158
0.0034872138
-0.0022070384
-0.012014056
-0.021766872
-0.032147354
-0.041455067
-0.051905864
-0.05918181
-0.06231827
-0.071738991
-0.08168305
-0.087101696
-0.088723745
-0.084632824
-0.078792785
-0.081521248
-0.076883767
-0.07965367
-0.077662785
-0.073037519
-0.069454805
-0.064615285
-0.05724134
-0.054546387
-0.049878994
-0.047644952
-0.043073379
-0.039790156
-0.03572732
-0.03154246
-0.025758816
-0.02370321
-0.018925538
-0.015995807
-0.0085179477
-0.0041712021
0.0019521978
0.0049967896
0.006232408
0.0076803305
0.0089461827
0.011157907
0.010960767
0.0091887672
0.0098742673
0.0097309741
0.0096733987
0.013280942
0.012545569
0.01283565
0.011258476
0.012413223
0.01051767
0.0076512909
0.0076388373
0.010367155
0.01145003
0.0099782624
0.010440999
0.0082250157
0.0078504359
0.0060487382
0.0048662421
0.0052669329
0.0043939449
0.0044033658
0.0027777897
0.0042446409
0.0021306544
0.0019517175
0.0024439357
0.0044159189
0.0044767952
0.0046084093
0.0041497144
0.0039924288
0.0022155571
0.0022394637
0.0041702416
0.0055220977
0.0056808126
0.0068263076
0.0074875067
0.0078584658
0.0067038947
0.0065486617
0.0037400629
0.00099756505
-0.0037351968
0.0050784601
0.011632279
0.00061221475
0.0013644855
0.0037391395
0.0035254028
-0.00084561673
-0.003638998
-0.0066265305
-0.0069512471
-0.0064566721
-0.0065774814
-0.0040602736
-0.0041248053
-0.0041885312
-0.0028604376
-0.0031024573
-0.0018436489
-0.00025248244
0.0033259961
0.00332415
0.0038321366
0.0088046723
0.0092316403
0.011030285
0.0090521817
0.0092103615
0.0073729164
0.0097348078
0.0088591481
0.0086619737
0.004582412
0.0034134729
0.00025065636
0.0030545447
0.0036502793
0.002759568
0.0015030712
0.0013871193
-0.0018041736
-0.0032209023
-0.0042179501
-0.00636352
-0.010952653
-0.010453611
-0.0059425811
-0.0056377547
-0.0024341666
6.282796e-05
0.0016465194
0.00056288829
0.00031480577
0.00064750474
-0.00023131826
-0.0031296876
-0.0061037947
-0.013738782
-0.023601046
-0.034201453
-0.04448925
-0.054741734
-0.064000759
-0.065078265
-0.070739157
-0.079028205
-0.089567249
-0.093976319
-0.09415958
-0.091119854
-0.087669738
-0.086088248
-0.087543996
-0.091698347
-0.083527833
-0.080621201
-0.069661335
-0.060799418
-0.051521309
-0.044869217
-0.035458618
-0.034656419
-0.038734659
-0.035454365
-0.023962717
-0.018054499
-0.014973976
-0.010237228
-0.0072587445
-0.0025152189
-0.00033128742
0.0054632966
0.011744047
0.013842368
0.011313709
0.012605851
0.011840251
0.011797485
0.012687356
0.011703596
0.011358072
0.010457616
0.0091099628
0.0099942507
0.0097714607
0.0093292522
0.0089255443
0.0092087714
0.0078036421
0.0029911394
0.0015175901
0.0025441441
0.004367854
0.0064288248
0.0068524376
0.0077928658
0.0067534163
0.0054758265
0.0043448302
0.0026049584
0.0022290553
0.0041808712
0.0039855087
0.0042256882
0.0013732246
-0.0014981133
0.00076946504
0.0023199768
0.004366173
0.0076675785
0.0077607675
0.0088350293
0.0085914772
0.0096759357
0.0071818631
0.0065911871
0.0093636374
0.011356173
0.012204455
0.014980331
0.016885415
0.013172014
0.0086787687
0.0011245559
-0.0036282149
0.006180197
0.014896837
0.0076162653
0.0024144709
0.0039293608
0.0013270037
-0.0018687271
-0.0053629829
-0.0063026087
-0.0073934922
-0.005235656
-0.0057241303
-0.0042631958
-0.00051959294
-0.0015937416
0.0013978541
-0.00023202403
5.9699022e-05
0.0015740439
0.0017229783
0.0032065689
0.0058297776
0.0075178553
0.0081827276
0.0074611387
0.0062027359
0.0035994676
0.0049633285
0.0042747201
0.0015266037
0.0037966225
0.00032971931
-6.4920152e-05
-0.0014366467
0.0014421536
-0.0014103336
0.00074305659
0.0003686579
-0.00097258326
-0.00088526166
-0.0037281974
-0.0072682877
-0.0095544825
-0.0095781472
-0.0057799569
-0.0055578514
-0.0055920474
-0.0052584476
-0.0040530556
-0.0052889843
-0.0066370537
-0.0037733584
-0.0042057408
-0.0050494966
-0.0099570782
-0.01365025
-0.018454918
-0.030092603
-0.039479473
-0.051442763
-0.062390278
-0.064622116
-0.064802305
-0.075732825
-0.090094737
-0.094292839
-0.095897713
-0.09340749
-0.087786743
-0.076096888
-0.067504446
-0.073348776
-0.068562617
-0.063711869
-0.065449973
-0.059377023
-0.046983508
-0.031561951
-0.020542233
-0.017265483
-0.013817347
-0.020653937
-0.012226378
-0.00059439238
0.0044219133
0.011293446
0.010544713
0.012550564
0.014336498
0.017273194
0.019511082
0.023417493
0.022001507
0.023325914
0.021965472
0.017695271
0.018086782
0.015205242
0.014430914
0.013498491
0.013120774
0.011660681
0.00759714
0.0083019535
0.0069753752
0.0036348789
0.0036946179
0.0035772944
0.0015418766
0.0036100534
0.0022880047
-0.00018045846
0.00064964524
0.0010184648
-2.5706269e-05
0.00059973086
0.0040854966
0.0050324947
0.0063480967
0.0077223249
0.0080037891
0.0095973038
0.012255937
0.010852158
0.010542965
0.012951172
0.018977297
0.022747473
0.027448585
0.026551809
0.024838923
0.026254675
0.023362985
0.019144436
0.017848862
0.017585417
0.014797432
0.014923844
0.010779876
0.0061446866
0.0033361315
-0.0087305249
-0.013143403
0.0011149269
0.01138005
0.013193206
0.0070675252
0.0077028131
0.0018952589
0.0012365975
-0.0031303583
-0.0034799875
-0.0025764591
0.00011999217
0.00053958718
-0.00016691935
0.0023814432
0.0036894061
0.0028641269
0.0007621877
0.0025868002
0.0013593456
-0.00084720112
0.0017067977
0.008482451
0.0063706321
0.0054275312
0.0062475303
0.0054204987
0.0053929797
0.0059688491
0.0053480932
0.004207654
0.00092080206
-0.0018205146
-0.00073942964
-0.00079253125
-0.0032236144
-0.0030030071
-0.0019943917
-0.00088502744
-0.0020535458
0.00030222426
0.0015165994
0.0012273869
-0.0023456327
-0.0033721921
-0.0081323237
-0.0057445174
-0.0084587567
-0.0063664082
-0.0031892676
-0.0085737282
-0.0067811129
-0.0077807555
-0.0076147542
-0.0081643574
-0.0087336182
-0.013541241
-0.017432337
-0.023017223
-0.029947042
-0.039220069
-0.049711414
-0.055559937
-0.054619134
-0.059118458
-0.069072651
-0.076862531
-0.076850623
-0.072735582
-0.065896283
-0.062029279
-0.050436805
-0.037421613
-0.036792636
-0.038974122
-0.038935334
-0.041362582
-0.039859825
-0.027189259
-0.01152162
-0.0017808684
0.0082517947
0.0040838548
-0.00046773789
0.0091213283
0.021496232
0.026089204
0.027440509
0.027195921
0.029476082
0.029826547
0.029265496
0.028772836
0.027167611
0.025725949
0.022713856
0.021650137
0.018088395
0.014709887
0.015105442
0.014389644
0.01532296
0.011184768
0.008419919
0.0028837345
0.0035414737
0.0034041031
0.004455558
0.0034028765
0.0029899729
0.0022116274
0.0017940296
0.0016762096
0.00095323414
-0.0030156484
-0.0043892077
-0.0063275452
-0.0037497194
-0.0014746011
0.0064278736
0.0067652083
0.0089892441
0.0086746177
0.01083653
0.01319736
0.01473148
0.016092318
0.021875673
0.029159148
0.036811904
0.042818529
0.04377966
0.0441761
0.039441755
0.034647979
0.026417309
0.024659806
0.021718868
0.019495817
0.012647476
0.0088959096
0.0070614062
-0.007003075
-0.017479228
0.00032287377
0.010174445
0.017586014
0.013484926
0.0056419551
9.0250106e-05
-0.0011290782
-0.0037885348
-0.0022222615
-0.0016450904
-0.0001941329
0.00072494549
0.00046030695
2.5964749e-05
0.00037565669
0.00076673066
0.00021802454
-0.00058242249
0.001100297
0.0018275709
0.0015599738
0.0025270465
0.0066007291
0.006206132
0.0082602807
0.0071995314
0.0067684679
0.0091733772
0.0083871605
0.0090978725
0.007514659
0.004771243
0.0019884843
0.0018588163
0.00034543986
-0.0020290743
0.00032440282
-0.00031375248
0.0013099246
-0.00036945526
0.0019176762
0.00076037471
0.0014401152
-0.00061060466
-0.0024372097
-0.00523523
-0.0055180635
-0.008560658
-0.0062064168
-0.0035061862
-0.0061280522
-0.0048723111
-0.0080675543
-0.0076607235
-0.0084883609
-0.0093956382
-0.011356971
-0.014485722
-0.018032322
-0.025242864
-0.031624917
-0.040433181
-0.043391192
-0.043901479
-0.046924891
-0.0501948
-0.052760804
-0.049029222
-0.048979506
-0.040606631
-0.036545618
-0.022836207
-0.012974778
-0.014552343
-0.018169178
-0.016117176
-0.01781098
-0.013249683
-0.0026682457
0.0036275503
0.011466407
0.019169375
0.015725196
0.016376311
0.022824724
0.030223408
0.031519314
0.032693249
0.034437646
0.035086038
0.031311886
0.026754176
0.025589145
0.022271218
0.018734244
0.0172832
0.014277718
0.011909265
0.0099518398
0.012505893
0.01468296
0.011613671
0.0098382363
0.0051184308
0.0038566089
0.00233657
0.0019692227
0.0015070088
0.0013665118
0.0013912001
0.00088086078
0.0015107566
0.0028525926
0.00055918232
-0.00028977451
-0.0031482916
-0.0036365312
-0.0033334407
-0.00096437238
0.0021149838
0.0043792472
0.0099810602
0.013341609
0.012806121
0.012480969
0.014168864
0.015806452
0.020960143
0.026816488
0.036906563
0.042690601
0.045714955
0.044260404
0.040635535
0.031281297
0.025770594
0.021619976
0.01987628
0.015153789
0.0089315887
0.0010042075
-0.0010620978
-0.0060783279
-0.0036100158
0.0085828159
0.014079355
0.018708084
0.014188775
0.0083084035
-0.00036984522
-0.0017266507
-0.0043740778
-0.0051372002
2.4567131e-05
0.0014161729
0.0020388922
0.0044291697
0.0020394112
0.0010260759
0.0010782273
0.00037003984
0.00073449686
0.0032255221
0.002967038
0.0069178881
0.0060517165
0.0074283017
0.0079135754
0.010011893
0.0085608371
0.0067240242
0.0087029967
0.012849259
0.014158948
0.010009743
0.0091616098
0.0054749317
0.0054590574
0.0039788279
0.0018812301
0.0013329512
0.0015957929
0.0010178528
0.0016519893
0.0008311059
0.0011024932
0.00082169122
-4.3194989e-05
-0.00067132966
-0.0020255524
-0.0036434793
-0.0047450641
-0.0051196295
-0.0031905032
-0.0016434195
-0.0025030356
-0.0046703375
-0.0075376502
-0.0083721083
-0.0095098687
-0.011005546
-0.01315245
-0.016533663
-0.020304696
-0.024142996
-0.02900435
-0.030013954
-0.031194596
-0.032274754
-0.032939153
-0.031974909
-0.030202552
-0.025906076
-0.020009766
-0.015310657
-0.0043930137
-0.0027846772
-0.0053711751
-0.0044224732
-0.0020080717
-0.0031742652
0.0043681366
0.0085884792
0.013328103
0.019486407
0.022764982
0.021335694
0.019589404
0.021470404
0.024461887
0.029245572
0.03050779
0.030722717
0.028446196
0.02485518
0.019603232
0.016194763
0.013056754
0.0099438488
0.0070913644
0.0052680965
0.0028237798
0.0023299169
0.002833073
0.0036386377
0.0064062335
0.0065481545
0.0041512784
0.0037132355
0.0010349089
-0.00075700957
-0.00070401735
-0.001662538
-0.0013030263
-0.00044936628
-0.00013977191
-0.0003305407
-0.0010923458
-0.00031188359
-0.0012742369
-0.003058568
-0.0022436052
-0.0010481927
0.00034226188
0.0035282041
0.0077935121
0.008959265
0.0095432128
0.0085959954
0.011301581
0.01528043
0.018038961
0.020841313
0.026371219
0.031067158
0.032870919
0.032805437
0.028661255
0.021585891
0.014963744
0.0087083031
0.0055007318
0.0027203512
0.00069901845
-0.0026510025
-0.0049292311
0.00050397593
0.0057114033
0.0096177437
0.013384103
0.01263149
0.009563976
0.0043815686
0.00014562217
-0.0026520701
-0.0054904402
-0.0064595666
-0.0051547711
-0.00081653124
0.0020787334
0.0030388726
0.001858924
-0.00064263223
0.0010604572
0.0016572338
0.0012332332
0.0029141528
0.0032197802
0.0059679135
0.0056465118
0.0056558455
0.0060711859
0.0068852857
0.00551661
0.0045107435
0.0061860151
0.008664313
0.0094190337
0.0099741288
0.0087299527
0.0082885335
0.0044212895
0.0066254025
0.0041550422
0.0035113829
0.0033530652
0.002214018
0.0020251469
0.0014651537
0.0010275537
0.0011318707
-0.00013189999
0.00027627645
0.00190316
0.0015647611
0.00037034181
-0.00083395847
0.0017635781
0.001880975
0.00016697047
-0.0013530827
-0.0044597084
-0.0061386403
-0.0081629825
-0.0097985799
-0.010433523
-0.013561188
-0.015832783
-0.017311398
-0.01852027
-0.019569583
-0.020140315
-0.019497746
-0.015760247
-0.015702349
-0.015845678
-0.012190753
-0.011571617
-0.0041548535
0.00103841
0.0030110161
0.0012477044
0.0020108789
0.00018679696
0.003751232
0.008441819
0.011625887
0.014082841
0.016809124
0.018376459
0.018634788
0.014248853
0.012391167
0.014137271
0.019625889
0.022205711
0.019589138
0.01940544
0.017057495
0.014072531
0.0099416078
0.0061981472
0.0036501493
0.00058053909
-0.0019869876
-0.0032777879
-0.0047575157
-0.0026970163
-0.0020086815
0.0013786046
0.0013166088
0.00010134768
0.00071888031
0.00032770574
-0.0039384655
-0.0034886327
-0.0036571818
-0.0036652565
-0.0022958216
-0.0012765945
-0.0012439502
-0.0019687753
-0.0014583897
0.00016166819
0.0010680943
2.29278e-05
-2.7234142e-05
0.0011637317
0.0027455317
0.0054281647
0.0060977816
0.0051028115
0.0043258422
0.0074510583
0.010624077
0.012305353
0.013068096
0.017437008
0.021700779
0.024694625
0.021095938
0.017163145
0.0092471966
0.0035433994
0.0052449211
0.0058533258
0.003738535
0.0036841112
0.00089239608
8.9439573e-05
0.0037983117
0.0035981623
0.0073181886
0.0075657295
0.0040363466
0.0040344253
0.0019436103
0.0015723692
-0.00045455463
-0.0044046115
-0.0055517042
-0.0060195035
-0.0019356967
0.001013661
0.0008576083
0.00016988739
0.0012446732
-0.0010364274
-0.0024507868
-0.0017235262
-0.00091047028
0.00038722317
0.0011250273
0.0040266457
0.0048636832
0.0056885256
0.0069915318
0.0055688304
0.0053481042
0.005107946
0.0058291463
0.0063754801
0.0053675792
0.0052732452
0.0046949448
