0.004443219
0.0040835628
0.0042745235
0.004592493
0.0041102534
0.0033276582
0.0053579216
0.0066148321
0.0090959211
0.0094930127
0.0096170726
0.0076193024
0.0064191154
0.0050113683
0.0029556708
0.0017247362
0.0023026154
0.0030877449
0.0032218041
0.0025629407
0.0026077609
0.0017533448
0.0010739529
0.00043506526
5.4869593e-05
0.00079883639
0.00097525692
-6.3425212e-05
-0.00097871207
-0.0011120635
-0.0011977807
-0.0010029238
-0.00024087098
-0.0010062858
-0.00039828668
-0.0012459434
-0.0016427577
-0.002626417
-0.0027102353
-0.0029953547
-0.0034622824
-0.0020698543
-0.001015904
7.4154219e-05
0.0014461752
0.0013782832
0.0012211081
-0.00024012998
-0.0013863589
-0.0035622653
-0.0046684621
-0.0047071741
-0.0029048077
-0.0010463184
-0.00037275174
-0.00033060883
-0.00095886958
0.00046461816
-0.0015525891
-0.0035504024
-0.0058190052
-0.0064411449
-0.0061533939
-0.0063548438
-0.006735538
-0.0080329014
-0.0097521677
-0.012151588
-0.014022226
-0.014759461
-0.014103757
-0.013512086
-0.012761815
-0.0091816051
-0.0077966821
-0.0071086525
-0.0068407576
-0.0077375746
-0.0080665025
-0.0074252008
-0.0086571418
-0.0069653796
-0.007083476
-0.0050233171
-0.005602295
-0.0071751581
-0.0078646929
-0.0079062036
-0.0059516282
-0.0044536971
-0.0027722139
-0.0019119488
-0.0021858554
-0.0025758283
-0.0020282521
-0.0015857503
-0.0014998665
-0.00261056
-0.0028322247
-0.0029396127
-0.0029639886
-0.0028987671
-0.0023231769
-0.0027042914
-0.0024049921
-0.0020581425
-0.0026583367
-0.0030409525
-0.0031738569
-0.0036705607
-0.0030005215
-0.0031254363
-0.0033442072
-0.0036926731
-0.0041597325
-0.005467863
-0.0031833844
-0.0029448449
-0.001098247
0.0052734928
0.0054935965
0.0088138926
0.0084567024
0.010295966
0.010387366
0.0098919451
0.010425037
0.010589271
0.0091525728
0.0068703546
0.0033739615
0.0033313482
0.0049480765
0.004039173
0.0035529242
0.0032407669
0.0032864708
0.001828382
0.0027942221
0.0040558525
0.0037512237
0.0032889193
0.0033229106
0.0042655947
0.0039443053
0.0038530359
0.0036381136
0.0033617411
0.0022439889
0.002478055
0.0050828876
0.0062609004
0.0064381591
0.0056964156
0.0059185208
0.0060327428
0.004321919
0.0042403506
0.0020155269
0.00032977718
0.00064763125
1.0871032e-05
0.00074911723
0.0012832275
0.0011869686
2.1022819e-05
-9.5811163e-05
-0.00010089832
0.00015864841
4.0350221e-05
-0.00041506319
-0.0013422482
-0.0022345935
-0.0020174645
-0.0023946151
-0.0025506771
-0.0028252907
-0.0034977326
-0.0042248116
-0.0044246673
-0.0053061447
-0.006093383
-0.007016789
-0.0063885456
-0.0053739591
-0.0056007777
-0.0047700888
-0.0032220796
-0.0019715513
-0.0013293574
-0.0016534767
-0.0019641535
-0.0012629995
-0.0030503017
-0.0047232661
-0.0050324064
-0.0028211271
-0.0010583673
-0.00010023853
-0.00070313853
-0.00058891071
-4.7625611e-05
-0.001910227
-0.0033819865
-0.0039142528
-0.004018466
-0.0039494894
-0.0045132401
-0.0070051158
-0.0087376878
-0.0094312427
-0.010253269
-0.011196462
-0.010859891
-0.0094295753
-0.008754963
-0.0054163321
-0.0040271362
-0.0048096355
-0.003828779
-0.0034914721
-0.0049887897
-0.0065849008
-0.0063504348
-0.0055711609
-0.0046540577
-0.0029408008
-0.0035544771
-0.0044817045
-0.0060538159
-0.0055298127
-0.0041547512
-0.0038183981
-0.0028187281
-0.0015058674
-0.00082148952
-0.0010100882
-0.00086971752
-0.0017219427
-0.0010191518
-0.001873965
-0.0018999051
-0.0019030971
-0.0018348409
-0.0019898827
-0.002311726
-0.0023296907
-0.002194463
-0.0022918201
-0.0028863259
-0.0035107221
-0.0039524037
-0.0044523572
-0.0042808511
-0.0043158571
-0.0046843107
-0.0050957758
-0.0048723335
-0.0064806564
-0.0063009865
-0.0044075684
-0.0014618662
0.0064352579
0.0090852553
0.0087757119
0.0096574095
0.0092411796
0.0086167279
0.0074224087
0.0077849464
0.0086558767
0.0070367591
0.0060059338
0.0045779763
0.0027276653
0.0034020512
0.0033992619
0.0032146904
0.0030162485
0.0022227166
0.0017433041
0.0016053806
0.0018898086
0.0018328718
0.0024858752
0.003056229
0.0033008635
0.0043597385
0.0030314985
0.0024349094
0.0023185207
0.0014485071
0.0014650548
0.0016262275
0.0033269174
0.0058227289
0.0050961643
0.0049261845
0.0034056925
0.002665556
0.0025338721
0.00094021159
0.00088073216
2.1690376e-06
-0.00022388187
-0.00077610349
0.00056686011
0.0014911711
0.00035298635
-0.00022844302
0.00019081743
0.00045526031
0.0003281486
0.0017439437
0.0020009472
0.00091690824
-0.00054587747
-0.0018915309
-0.0021287247
-0.0039826794
-0.0048082188
-0.0062525374
-0.0079947942
-0.0089586356
-0.0099335828
-0.011285556
-0.012077564
-0.012192497
-0.011569637
-0.010246799
-0.0096266169
-0.0084648082
-0.0057023033
-0.0040681015
-0.0037264345
-0.0027384859
-0.0032299228
-0.0042487647
-0.0060493273
-0.0055077023
-0.0038600394
-0.0013443328
-0.00021737605
-0.0017455242
-0.0018205266
-0.0013396267
-0.001311848
-0.00083112491
-0.00032032057
-0.00099365992
-0.0020844468
-0.0036792247
-0.0061934476
-0.0069947004
-0.0064413709
-0.0061426825
-0.0049919835
-0.0040969073
-0.0043189502
-0.0029941366
-0.0033769362
-0.0021961598
3.0747024e-05
-0.00066800002
-0.0011843313
-0.0026409647
-0.004494264
-0.0056685414
-0.0043012245
-0.0027272841
-0.001967462
-0.0043968919
-0.0063660331
-0.0049660237
-0.0045558534
-0.0035683066
-0.0035811106
-0.0034119683
-0.0018342627
-0.00073387655
-6.534314e-05
-0.00063958117
-0.0021465859
-0.0021857242
-0.0015893349
-0.00152924
-0.0019936562
-0.0031080076
-0.0035645992
-0.003032434
-0.0030661301
-0.0028887329
-0.0033690031
-0.0033538029
-0.0033575107
-0.0038847681
-0.0045849441
-0.0046237011
-0.0052889892
-0.0048773603
-0.0057899434
-0.0056145766
-0.0074732017
-0.0073465242
0.00058502884
0.0062607926
0.0066197723
0.0064738194
0.005585689
0.005438801
0.0042875325
0.0048789579
0.0078435997
0.0065123356
0.005117279
0.0038537599
0.0034221339
0.003911217
0.00233735
0.0019670689
0.0012412866
0.0014958089
0.0012490254
0.00086091978
0.00070352425
0.00042413315
0.0011864301
0.0011019873
0.0018541235
0.0024276929
0.0030818684
0.0025016495
0.0024128726
0.0025927254
0.002749215
0.0028304706
0.0024299576
0.0019147615
0.0039193423
0.0067971634
0.0067504924
0.0062474654
0.0043344618
0.0028008576
0.0015155516
0.00039454407
-0.00032710095
0.0010518321
0.0011352441
0.001242268
0.0016825529
0.0011909781
0.0013067782
0.0015285753
0.0014459703
0.0013903272
0.0027504142
0.0034141761
0.0049820608
0.003540819
0.00058539961
-0.00074081471
-0.002970734
-0.0047742505
-0.0072977479
-0.0095504261
-0.011974993
-0.015689363
-0.016601149
-0.016361275
-0.020506407
-0.019466062
-0.018580074
-0.015418776
-0.013108738
-0.010751449
-0.0088456699
-0.007781477
-0.0063781003
-0.0054729494
-0.0057501085
-0.0059876339
-0.0055891681
-0.0055211839
-0.0042288622
-0.0017094292
-0.0014522801
-0.0027716611
-0.0024859677
-0.00048350092
-0.0003431565
0.00054705936
0.001043516
-0.00039397012
0.00016814217
0.00033848206
-0.0018561648
-0.0047169237
-0.0028081395
-0.002001874
-0.0016263657
-0.00074308198
-0.0019828781
0.0010694418
0.002303742
0.0022388465
0.0026018524
0.0023422001
-0.00054119653
-0.0031111433
-0.0043476962
-0.0051507108
-0.003928332
-0.0034175411
-0.0038287319
-0.0072288447
-0.007211879
-0.0055066113
-0.0039293339
-0.004101226
-0.0037771479
-0.0029756073
-0.0016044392
-0.001175128
-0.0016294042
-0.0019147378
-0.0012780354
-0.0017881561
-0.0024269971
-0.003566933
-0.0035545273
-0.0042677562
-0.0044831634
-0.0044111148
-0.0043584213
-0.003831274
-0.0033596724
-0.0035031823
-0.0032352753
-0.0037448008
-0.0035255495
-0.0040749092
-0.0033160641
-0.0035911873
-0.0020004175
-0.0035146033
-0.0031266396
0.0013609293
0.0034042716
0.0032923995
0.0044419311
0.004899523
0.0022948181
-0.00019857502
0.0018982295
0.0035810504
0.0040413474
0.0054169569
0.0036592292
0.0018176354
0.0012352729
0.0019033859
0.00094027177
0.00036582593
-0.00017765802
-0.00042411949
-0.0011804884
-0.0013403325
-0.0008761383
-0.00086157421
-0.00032893948
0.00021666403
0.0006520975
0.0013826631
0.0019118721
0.0021830945
0.0031414986
0.0034827061
0.0041951405
0.0043491432
0.0047070017
0.0050881038
0.0073639394
0.0073929012
0.0071272711
0.0051719309
0.004833174
0.0058164278
0.0035608167
0.00052074672
0.0014379544
0.0035385379
0.0038547539
0.0037165857
0.0027701015
0.0044631552
0.0046370387
0.0053820078
0.0056344633
0.0050476213
0.0053561274
0.0065662252
0.0067031736
0.0073093224
0.0066724033
0.0024711433
-0.002405419
-0.0053999123
-0.009784978
-0.013761531
-0.017129079
-0.018061608
-0.020851958
-0.023808606
-0.026720733
-0.026715078
-0.024276156
-0.021322408
-0.01772874
-0.01446822
-0.013666556
-0.013398558
-0.012761859
-0.011050591
-0.01041326
-0.008210309
-0.0068774748
-0.0061908299
-0.0050457475
-0.0041652081
-0.0050026858
-0.005750694
-0.0058036754
-0.0059437421
-0.0042570842
0.0011217076
-0.00079594428
-0.0036421036
-0.0024331774
-0.0021197626
-0.0016196489
-0.0024281829
-0.0022692441
-0.0021132681
-0.0011785922
-0.00032204201
0.00010837142
0.0019250527
0.002657081
0.0025213129
0.0031728138
0.0015725202
-6.1894685e-05
-0.00040985551
-0.0032525197
-0.0045795332
-0.0025151106
-0.00286745
-0.0041310908
-0.0053997703
-0.0050255107
-0.0049274816
-0.0054618241
-0.0044092509
-0.0044557572
-0.0038565502
-0.0032093981
-0.0033494597
-0.0034188809
-0.0032901845
-0.0034262833
-0.0034015462
-0.0043424091
-0.0042550303
-0.0052613479
-0.0056207051
-0.0052212528
-0.0048677493
-0.0044532538
-0.0037290949
-0.0031824887
-0.0026874252
-0.0021010261
-0.0019627482
-0.0022545765
-0.0015573269
-0.00094449116
0.00043068352
0.0024233073
0.0024177332
0.002126758
0.0033204634
0.0062448745
0.0048924016
0.0055457319
0.0048241895
0.00098944527
0.00047530143
0.0032082039
0.0026323561
0.0026927183
0.0034733549
0.0024699177
-0.00051025234
-0.00048154441
-0.00095594004
-0.0009655038
-0.0018031099
-0.0015826436
-0.001929767
-0.0022690327
-0.00230292
-0.0016173933
-0.0010422959
-7.1759668e-05
0.00077589236
0.0016056797
0.0017306811
0.0020489657
0.0027176121
0.0036100704
0.0039716496
0.0043879774
0.0053411569
0.0060689703
0.0072257853
0.0082867762
0.0039592909
0.0041248877
0.0017898674
0.0050600517
0.0058531849
0.0030888624
0.0021851393
0.0029815049
0.0046757819
0.0044857967
0.0056934182
0.0068625563
0.007379696
0.0064543291
0.007552233
0.0060656431
0.0059395195
0.0076159984
0.0070109818
0.011413264
0.012716181
0.011293552
0.0079429527
0.0043212182
0.0027865335
-0.0041811212
-0.0080518271
-0.012834521
-0.016434411
-0.023258208
-0.030936799
-0.031787041
-0.032109291
-0.032636243
-0.030324511
-0.027659828
-0.025583368
-0.023334917
-0.021812407
-0.019785427
-0.019336905
-0.016579425
-0.015890517
-0.012698413
-0.012347153
-0.012139624
-0.012539849
-0.012480991
-0.015630641
-0.014638133
-0.016035434
-0.016125765
-0.009702877
-0.017407179
-0.020001872
-0.014405671
-0.0099176241
-0.0092966097
-0.0074871478
-0.0055828146
-0.0031462248
-0.0062234879
-0.0059045004
-0.0049072329
-0.003279711
-0.0019234267
-0.0012362867
0.0011983733
0.00084084139
-0.0011593056
-0.00084208365
-0.002938378
-0.0030269918
-0.0022070909
-0.0030466173
-0.0040359296
-0.0046681515
-0.0047856874
-0.0051875857
-0.0057922428
-0.0049802814
-0.0050202375
-0.0049281426
-0.0048694272
-0.0042009159
-0.0038337313
-0.0037403886
-0.0036192791
-0.0035056526
-0.0031254331
-0.0041484103
-0.004914087
-0.0051304133
-0.005017526
-0.0042972296
-0.003307715
-0.0021917027
-0.0016531957
-0.00040662855
0.00048822473
0.0015410932
0.0018144444
0.0028428028
0.0045783366
0.0067240228
0.0065998759
0.004532297
0.0040319965
0.0050292266
0.0068936633
0.0046369553
0.004496434
0.0025449443
0.0023210043
0.0025104769
0.0031523046
0.0025982588
0.0029856993
0.0036798831
0.0011786962
-0.0008223791
-0.0035101003
-0.0044304008
-0.0045850748
-0.0044135411
-0.0049529122
-0.0041094352
-0.0030532705
-0.0026544752
-0.001564646
-0.00048749623
0.00083912503
0.0011720003
0.0014645273
0.0017872536
0.0020883779
0.0028860498
0.003317893
0.0036848371
0.0049337633
0.0060175294
0.0070162924
0.0070769013
0.0055051694
0.0035156927
0.00064746997
-0.0004845567
0.0027585088
0.0028842947
0.0031886987
0.0025061188
0.0024383032
0.003660753
0.0045299466
0.0063959134
0.0072601211
0.0072822472
0.0075857636
0.00666031
0.0070608823
0.0083098118
0.012286533
0.016664863
0.015924292
0.018602808
0.019331674
0.021537177
0.017512399
0.012972328
0.0077639493
-0.0021970358
-0.0066109764
-0.013211004
-0.023224771
-0.029616052
-0.037678461
-0.039241491
-0.046187349
-0.043357931
-0.03746174
-0.037509384
-0.037723219
-0.035418174
-0.034680585
-0.035372938
-0.031666654
-0.031308709
-0.02833738
-0.031396448
-0.030498243
-0.030008761
-0.029587197
-0.035438098
-0.03627203
-0.0390782
-0.033777086
-0.024226914
-0.025618499
-0.032563394
-0.029001851
-0.028888528
-0.024961099
-0.01744119
-0.017863463
-0.013079861
-0.015730784
-0.013568068
-0.013736437
-0.011394612
-0.0076401189
-0.0068930644
-0.0043689084
-0.0040211533
-0.0042304463
-0.0040289041
-0.003512477
-0.0039015027
-0.0028423429
-0.0033064521
-0.0044514227
-0.004705942
-0.0050573525
-0.0043430074
-0.0042905402
-0.0047519841
-0.0047706768
-0.004359119
-0.0039159216
-0.0040533575
-0.0037544562
-0.0030243442
-0.0033678508
-0.0032906195
-0.0031333949
-0.0032774421
-0.0038703413
-0.0035829213
-0.0029980945
-0.0016183174
-0.00097996584
-0.00022499
0.00082714411
0.0017290974
0.0022494237
0.0034526318
0.004015233
0.00580458
0.0072959623
0.010538177
0.00880814
0.0017906503
0.0041418868
0.0058921566
0.0064225043
0.0037878511
0.0059833595
0.0032987555
0.0019412518
0.0024824338
0.00025805145
0.00053135262
-0.0014580468
-0.0023053319
-0.0045860961
-0.0050848602
-0.0081725108
-0.0087193106
-0.0095803848
-0.0084222943
-0.0055042018
-0.0037029878
-0.0033398979
-0.0022452317
-0.0009824487
-0.00030437301
0.00019879212
0.0008916458
0.0015600912
0.0016978785
0.0020763342
0.0027141727
0.0039520084
0.0052830305
0.0055479132
0.0064148476
0.0059987403
0.0069272627
0.0013581432
-0.002137382
-0.00055925573
-0.00022814295
0.0017714196
0.00081804177
0.0012865599
-0.0029982095
-0.0010737746
0.0025381209
0.0057353219
0.0068624325
0.0079799304
0.0074806836
0.0088388781
0.0073203964
0.0060118602
0.008957485
0.016871126
0.018940937
0.018678296
0.021799808
0.025589734
0.027415093
0.024315374
0.015981117
0.0086835872
0.0004330031
-0.0097208741
-0.015980384
-0.02532352
-0.031405278
-0.033039076
-0.037882955
-0.046954532
-0.039065408
-0.034730492
-0.040374406
-0.044384531
-0.04994364
-0.048609086
-0.054524042
-0.04850411
-0.047129288
-0.046756091
-0.044558159
-0.05115258
-0.049321767
-0.055168288
-0.060148153
-0.052119812
-0.053173964
-0.049442711
-0.049181426
-0.040393789
-0.041460801
-0.036596107
-0.030362554
-0.026831975
-0.021531743
-0.021403534
-0.019664417
-0.02141665
-0.019122253
-0.01495946
-0.013618104
-0.011200912
-0.0078895284
-0.0069233864
-0.0057951719
-0.0045052577
-0.0047310777
-0.0041451101
-0.0042088183
-0.0054657698
-0.0049962784
-0.0058878575
-0.0050170369
-0.0037665409
-0.0030959184
-0.0032206937
-0.0032219189
-0.0040545944
-0.0038433137
-0.0038500739
-0.0033703412
-0.0030139274
-0.0027574117
-0.0025118381
-0.0021438731
-0.0023303404
-0.0026432392
-0.002744085
-0.0012030937
-0.0010199013
-6.8210807e-05
-0.00018264021
0.00065055378
0.0014230665
0.0026570458
0.0028168407
0.0046903895
0.0047828014
0.0070647239
0.0067896001
0.010690093
0.0065246334
-0.00011423564
0.0013624753
0.0031520292
0.0060097249
0.005439892
0.0023870947
0.0010240691
-0.0020826742
-0.0026864098
-0.0033792615
-0.0028357721
-0.005940209
-0.0068631473
-0.0097875971
-0.0096862762
-0.0092425951
-0.0090132631
-0.0076789045
-0.0057619388
-0.003951967
-0.0021658462
-0.0014619727
-0.0015386775
-0.00034061628
0.00050807454
0.00034968499
0.00098250941
0.00072957763
0.0017364525
0.0021809205
0.0038415235
0.0047989004
0.005604022
0.0061405503
0.0051155556
0.0079155707
0.0046332756
0.00019769962
-0.0014078668
-0.0015667711
0.00013544578
0.0019816306
-0.00056466805
0.0004305339
-0.0040353661
-0.0056110197
0.0028374061
0.0084084027
0.0082982001
0.0091771542
0.0097356658
0.012259251
0.011223005
0.008354416
0.010217932
0.015701317
0.019772714
0.023112015
0.027354135
0.029018698
0.025828631
0.020590392
0.012268394
0.0040481052
-0.0059125627
-0.015578037
-0.024045282
-0.030135179
-0.037524988
-0.03473753
-0.044563443
-0.044521779
-0.037728389
-0.038866205
-0.041413405
-0.050702074
-0.059359899
-0.061617226
-0.054096078
-0.056628319
-0.054204091
-0.054621442
-0.052764459
-0.064434234
-0.062077748
-0.064842783
-0.067550372
-0.063860816
-0.060379544
-0.057154114
-0.050840513
-0.046892971
-0.039432599
-0.032254482
-0.026870801
-0.020887573
-0.017606729
-0.01758097
-0.018717724
-0.017770131
-0.015104942
-0.01290053
-0.010403751
-0.0086226087
-0.0053749321
-0.003065201
-0.0032919333
-0.0026997335
-7.4739704e-05
-4.2062455e-05
-0.00092168122
-0.001902959
-0.0018068558
-0.0026287275
-0.0031736948
-0.0020230685
-0.0010337102
-0.00059047906
-0.0014196372
-0.0011250954
-0.00068382736
-0.00068140178
-0.001529254
-0.0019390836
-0.0014530381
-0.00061322598
-0.00042783536
-0.00035971718
0.00062326578
0.00062679235
0.00058180576
0.0014230057
0.0014537849
0.0018582604
0.0027468806
0.0032337785
0.0036678369
0.0042691144
0.0055596439
0.0061116434
0.0065983109
0.0071753615
0.0089643011
0.0057731829
-0.0027824118
-0.00043094153
0.0002257769
0.0027442957
0.0026300023
0.00018145719
-0.0029916665
-0.0068545358
-0.0058491144
-0.0049024709
-0.0040239285
-0.0084338387
-0.0091312772
-0.0065531308
-0.0071434829
-0.0066515271
-0.0045947436
-0.0028544235
-0.0019019296
-0.00031550183
-8.2536488e-05
0.0010875924
0.00086047188
0.0018413231
0.00097414476
0.0018290018
0.0014761467
0.0020839835
0.0021959893
0.0037303729
0.0043645924
0.0050978486
0.0039002213
0.0021452953
-0.00067465974
5.0302657e-05
-0.00099536059
-0.0045796523
-0.0028095126
-0.0019290884
-0.001389722
0.0012222256
-0.0035660305
-0.0052574454
-0.012836396
-0.0079660363
0.0030550358
0.0059681522
0.0067822691
0.0063192077
0.0066006628
0.0089538136
0.010031404
0.0090618262
0.0084989953
0.010291141
0.013935174
0.01352035
0.013229832
0.0090825347
0.002771538
-0.00066533288
-0.0073390571
-0.013561599
-0.024035595
-0.031047855
-0.039860957
-0.043119982
-0.045006886
-0.04456398
-0.051576014
-0.052487822
-0.054860337
-0.051993787
-0.053201107
-0.05331926
-0.065101092
-0.068929895
-0.061431127
-0.061070255
-0.059199753
-0.052556384
-0.057868897
-0.067077608
-0.064674921
-0.064434198
-0.061142761
-0.060793864
-0.054123909
-0.050883258
-0.044932094
-0.037743248
-0.029210293
-0.023428814
-0.017456093
-0.01724395
-0.013422304
-0.013780818
-0.01256862
-0.013271488
-0.010136266
-0.0093517805
-0.0057564629
-0.0045750296
-0.0029831888
-0.0021241755
0.00015786659
0.0035259763
0.0038604218
0.0051736209
0.0062731707
0.0031347149
0.0019048301
0.0027988302
0.0017853973
0.00086640415
0.0014599638
0.0017447363
0.0024949883
0.0027161174
0.0025075959
0.0024375812
0.00070099369
0.00063533766
0.00016016208
0.0010888557
0.0034123788
0.0028195323
0.0040779253
0.0035595549
0.0041375942
0.0035002216
0.0044591931
0.0044787671
0.0052982427
0.0062132178
0.0063874182
0.0052916915
0.0067081733
0.0065330977
0.0075698261
0.0092834481
0.010176906
0.0028645507
-0.0017241731
-0.0027416561
-0.0037570246
-0.0022607413
-9.7901137e-05
-0.003280425
-0.0049477454
-0.0092103167
-0.0087754641
-0.0069914472
-0.0088559278
-0.0063924274
-0.005337968
-0.0041700987
-0.0025638499
-0.00081404029
-0.0010646186
-0.00032725567
-0.00041318579
-0.0003504662
-0.0011582712
0.00054589162
0.000170499
-0.0015862891
-0.0019125023
-0.0012945184
-0.00082414563
0.00111815
0.00099511992
0.0010800513
0.0020351549
-0.0020135462
2.1635181e-05
-0.0088061758
-0.0089187016
-0.0051261207
-0.006592645
-0.010281139
-0.0077737097
-0.006936274
-0.0094085463
-0.0098898142
-0.0098377905
-0.016212294
-0.021589519
-0.013186399
-0.0086228988
-0.0034094966
-0.00024776956
-0.00025844747
0.0012223932
0.0032024489
0.0048072489
0.0050184533
0.0022872207
-0.0021420777
-0.0054433179
-0.009189462
-0.013785364
-0.022005837
-0.02843646
-0.034094225
-0.038393868
-0.040048398
-0.044015663
-0.052414052
-0.062532033
-0.06625769
-0.059456073
-0.05520186
-0.066745059
-0.069223704
-0.071099998
-0.068153698
-0.068534623
-0.068988945
-0.070343185
-0.070685051
-0.06943281
-0.063197995
-0.061373042
-0.05965996
-0.058852104
-0.06114891
-0.059686096
-0.054000172
-0.050084849
-0.044924039
-0.03937314
-0.033281988
-0.030035265
-0.024892678
-0.017852278
-0.015180879
-0.015487018
-0.012896565
-0.0096348729
-0.011688359
-0.011443156
-0.010554748
-0.0095591526
-0.007733517
-0.004871663
-0.0035472412
-0.00072378303
0.00042431574
0.0051726391
0.0083067887
0.0086909081
0.0098995698
0.011386157
0.010841599
0.0062236145
0.0067598283
0.0079817906
0.0075264934
0.007339076
0.006239575
0.0052310982
0.0057951577
0.0064056947
0.0058687338
0.0065449129
0.0035558674
0.0030005354
0.0038202926
0.0058294472
0.0069262576
0.0064654775
0.0043578099
0.0058366926
0.0052813775
0.0052468971
0.0045507856
0.0062944469
0.0058616417
0.0071012015
0.0069093966
0.0092134538
0.0075204177
0.0077216072
0.0025651847
2.6243939e-05
-0.0077057853
0.001086622
0.0072575069
-0.0046300665
-0.00010015148
0.00092811942
-0.0024425446
-0.0049169923
-0.0062311815
-0.0081551849
-0.0075441183
-0.010043034
-0.0065603979
-0.0018665597
0.00034858846
1.2986949e-05
0.0029156425
0.0014801587
0.00015103049
5.1341966e-05
0.00041080772
-0.0030968536
-0.0021204586
-0.0010677881
-0.0031645257
-0.0028997078
-0.0045916081
-0.0036260814
-0.0041917181
-0.0034864976
-0.0040484056
-0.0032514874
-0.0071279476
-0.0060831193
-0.0084709867
-0.0074730721
-0.0089553415
-0.011424397
-0.0095465513
-0.0072057735
-0.010679609
-0.010662023
-0.013956784
-0.01385843
-0.018665645
-0.019261827
-0.015281725
-0.016845975
-0.011109361
-0.0070925889
-0.005821337
-0.0051622528
-0.0029710823
-0.0030499066
-0.0035585882
-0.0062931157
-0.011508481
-0.01832384
-0.025135899
-0.034266284
-0.046673455
-0.055060225
-0.061856156
-0.056262227
-0.055665053
-0.064372294
-0.069575828
-0.08117418
-0.085806205
-0.085751902
-0.07797031
-0.083134312
-0.090860246
-0.092193437
-0.083991561
-0.08055071
-0.073446368
-0.071743874
-0.067995754
-0.060600565
-0.050090807
-0.050128038
-0.060815776
-0.058152468
-0.050847985
-0.04554086
-0.038559607
-0.03174585
-0.026108753
-0.019568326
-0.015552848
-0.010977326
-0.0053062259
-0.0030911087
-0.003646905
-0.0047915587
-0.0049373718
-0.004139901
-0.0044595542
-0.0063147306
-0.0044963415
-0.0033164904
-0.0041080695
-0.0038227379
0.0018227809
0.0036378643
0.0031984694
0.0068250171
0.0092006981
0.0079854054
0.0092320041
0.011445391
0.009480634
0.0095253097
0.0093358678
0.011980379
0.010558175
0.0082905644
0.0091613328
0.0063885968
0.0069824694
0.010657134
0.011877637
0.012881167
0.010767534
0.0063128711
0.008188969
0.0090656329
0.0090363264
0.009033238
0.007982032
0.0092210246
0.010646412
0.010996853
0.0072356065
0.0070405069
0.0078682103
0.01105338
0.013048179
0.016029977
0.021590113
0.020282507
0.011126738
0.0028144603
-0.00028394092
0.0092110588
0.012773868
0.0047204432
0.00077205363
0.0021961751
0.00070975442
-0.0024371863
-0.004266915
-0.005021959
-0.0057810292
-0.0044085658
-0.0013836583
0.0014062288
0.0060222777
0.0045697605
0.0067335878
0.0060752751
0.0040664527
0.0045279906
0.0019736945
0.0019025739
-0.0005632184
0.00062714185
-1.9626287e-05
-0.0027102521
-0.0035016232
-0.0034101241
-0.0035646431
-0.0026298131
-0.0056024076
-0.0057860095
-0.0069813607
-0.0069607612
-0.0087840349
-0.0065588212
-0.0084807395
-0.0096024622
-0.0093355024
-0.011337554
-0.010898124
-0.009184342
-0.012744116
-0.015263103
-0.015411356
-0.014279925
-0.017945172
-0.020154749
-0.020446279
-0.017119659
-0.016768382
-0.014978546
-0.012279204
-0.011211928
-0.011302168
-0.014732405
-0.016955668
-0.022648114
-0.032419327
-0.046156368
-0.061055243
-0.074606584
-0.072777293
-0.06675871
-0.074369254
-0.084822881
-0.090558784
-0.095260132
-0.096068653
-0.091696442
-0.083611657
-0.074820582
-0.081650759
-0.076478621
-0.072059821
-0.075846684
-0.073664884
-0.06745469
-0.052071501
-0.039194573
-0.033256968
-0.034724883
-0.045765834
-0.036838932
-0.020754298
-0.014873567
-0.0086537147
-0.0019782948
0.0032878939
0.0057694717
0.0071863368
0.010569689
0.012857931
0.012490886
0.014364553
0.014174235
0.012345695
0.011320052
0.0068483365
0.0059771929
0.0052869076
0.0031425726
0.0034883095
0.0043905639
0.0057438318
0.0060096405
0.005678348
0.0060592213
0.0066011301
0.0058626954
0.0087937384
0.0091733086
0.0083542412
0.0075651737
0.0059844466
0.0048638771
0.0018307891
0.006797563
0.0062872766
0.0072199295
0.012168045
0.011960992
0.014862607
0.019702096
0.021968941
0.020875298
0.020542312
0.024371855
0.030625122
0.032153202
0.031465784
0.029211006
0.032145699
0.028993864
0.026686862
0.028678552
0.027463929
0.026280142
0.024736463
0.017241258
0.012401736
0.0086156767
-0.0045759301
-0.0056245663
0.010092508
0.017387346
0.013406543
0.0055260041
0.0063543295
0.00072738669
-0.0019385994
-0.0024180724
-8.260636e-05
0.00064321869
0.00055573512
-0.00028565439
6.5237035e-05
0.0031006764
0.0047713703
0.0066354237
0.0047045482
0.0068846712
0.0059014004
0.0020272769
0.0035161033
0.0057196542
0.0034481588
0.0023086039
7.2271447e-05
-0.0032370434
-0.0039422
-0.0025954487
0.00018045702
-0.0018985664
-0.0056242457
-0.0089843568
-0.0055812253
-0.0084233255
-0.0071797982
-0.007561155
-0.0089654911
-0.010131362
-0.012705921
-0.012984943
-0.0095232155
-0.0088712708
-0.0089264235
-0.010667028
-0.014367784
-0.016012433
-0.021436855
-0.02486751
-0.023465675
-0.027228943
-0.022446105
-0.020055975
-0.017825098
-0.017428562
-0.018248437
-0.022506709
-0.024239574
-0.030102301
-0.03651848
-0.04910922
-0.06696023
-0.080923543
-0.069107722
-0.07399183
-0.083007381
-0.079338377
-0.079457949
-0.076675805
-0.070897526
-0.06458281
-0.054998085
-0.037298504
-0.037089464
-0.047537044
-0.050311271
-0.057487345
-0.061245207
-0.052506613
-0.040626506
-0.021120454
-0.0050083096
-0.0142897
-0.022742967
-0.008758907
0.0048497166
0.014108517
0.01762618
0.019865895
0.023498969
0.027253306
0.024649102
0.026540716
0.025055155
0.023082366
0.02214678
0.020713325
0.018664572
0.016214354
0.014620959
0.013604044
0.013141683
0.0088092164
0.0071138844
0.0066743318
0.0081412776
0.0062111345
0.0070026518
0.0082089584
0.0093425348
0.0090209587
0.0097619551
0.0081395062
0.006660735
0.0026762018
0.00065634485
0.00033923631
0.00026029784
-0.00020253554
0.0054745835
0.0042725288
0.0072952612
0.0090334181
0.014049219
0.018201378
0.020578918
0.025102866
0.027837638
0.034921193
0.043108158
0.048284332
0.05289778
0.0542826
0.05350671
0.048334682
0.039587495
0.035724074
0.034764045
0.031803989
0.025072471
0.020666608
0.014377409
-0.0032698229
-0.011368692
0.0076956741
0.014957784
0.017620645
0.011124596
0.0040297808
-0.0022466061
-0.0037162842
-0.0048828731
-0.0032186383
-0.00099581943
0.0011970624
0.0026178375
0.0031999515
0.00085746531
2.8747343e-05
-0.00010740261
0.0015824199
-0.00060198008
0.00056108151
0.0017395448
0.0016004587
0.0011037348
0.0031364579
-0.00018182879
-0.00094774565
-0.0039670861
-0.0050791615
-0.0043163544
-0.003002552
-0.0019131286
-0.001965559
-0.0058981723
-0.0060972428
-0.0069250348
-0.0057420485
-0.0080139085
-0.0073777829
-0.0070711824
-0.0088874935
-0.010414326
-0.010374749
-0.0097037674
-0.0094779882
-0.010935402
-0.011271361
-0.015633012
-0.020566135
-0.024521765
-0.02675469
-0.022801592
-0.024872593
-0.024443641
-0.025615038
-0.024565495
-0.02358128
-0.023440544
-0.025249359
-0.027935798
-0.032548298
-0.040926809
-0.049233916
-0.064019792
-0.071462435
-0.064864405
-0.072038897
-0.072857901
-0.066810133
-0.05685335
-0.048345488
-0.036096934
-0.030327836
-0.01831127
-0.0078634853
-0.018180573
-0.028288962
-0.028911941
-0.032024937
-0.028696273
-0.019772992
-0.013972259
-0.0023030721
0.0069269348
-0.00026391814
0.0021855037
0.013162233
0.02449955
0.02867714
0.030269828
0.035137973
0.03528251
0.03076881
0.025861466
0.026890007
0.024221943
0.02225483
0.023594921
0.019596159
0.016278427
0.014173615
0.013794353
0.01663846
0.012931838
0.011841654
0.0088730219
0.010068593
0.0075365692
0.0072946063
0.0036010311
0.0053410014
0.0071289203
0.0068631257
0.0056434363
0.0075267965
0.0065715803
0.0043631138
0.0055666563
0.0063466612
0.0077229039
0.0080827463
0.0093762325
0.0098726983
0.012810633
0.015987783
0.018862643
0.020579204
0.023719653
0.025002753
0.028401122
0.032627113
0.042687868
0.050073666
0.054407701
0.056877828
0.056599772
0.04954049
0.041557359
0.034416217
0.032654448
0.027304086
0.014903744
0.0043532194
-0.0011428711
-0.0053901682
-0.0013096378
0.01091111
0.010333292
0.010957178
0.0062605405
0.0034331526
-0.0024812684
-0.0060176243
-0.006777844
-0.0071366623
-0.0033044618
-0.00026573094
-0.00044840828
0.00079778303
6.719384e-05
-0.00156264
-0.0024441639
-0.0026674682
-0.0021578216
-0.00081526068
-0.00017817537
0.0037144149
0.0032136016
0.0028738431
0.00025533945
-0.00085661547
-0.0024673448
-0.0051890799
-0.0073926449
-0.0054806438
-0.00090838357
-0.0032622
-0.0037129695
-0.0048715155
-0.0089092642
-0.0089822772
-0.0090319421
-0.0081092113
-0.0073304133
-0.007997686
-0.0064827048
-0.0087131178
-0.007893062
-0.0088224349
-0.0090510002
-0.0093592232
-0.011999068
-0.015834136
-0.019482409
-0.020206642
-0.020865593
-0.020026818
-0.019522398
-0.020531307
-0.023892294
-0.023590433
-0.023679101
-0.024811234
-0.02794899
-0.032194241
-0.036422213
-0.041388709
-0.049051988
-0.049486772
-0.049571935
-0.051353088
-0.049277826
-0.043011372
-0.03069677
-0.019403078
-0.0080867268
0.00061940547
0.004082603
-0.000795688
-0.012020977
-0.015725344
-0.0098878921
-0.011227766
-0.0044854746
0.001651934
0.0056624841
0.0114134
0.014831095
0.011335702
0.01423339
0.01997104
0.024506097
0.030188798
0.029072499
0.030290638
0.029359166
0.025771217
0.019622222
0.018957297
0.017057826
0.0150226
0.013818018
0.0093557435
0.0066096464
0.0045923295
0.0046500212
0.0059614752
0.0081819007
0.0084200903
0.0061927376
0.0081286407
0.006870434
0.0037900521
0.001556123
0.00089595652
0.0030269556
0.0029550993
0.0033256983
0.0020049665
0.0029770701
0.0050449211
0.0055664235
0.0071404407
0.0091720198
0.0098908257
0.010799491
0.011304196
0.014188417
0.016671554
0.018921102
0.02007813
0.023064269
0.02571244
0.029403135
0.03459281
0.037833916
0.040904834
0.04253747
0.043363731
0.041759388
0.035629915
0.026848623
0.01338508
0.0057958933
0.0044744145
0.0032463193
-0.0014940118
-0.0071037553
0.0008356898
0.0064855127
0.0043908525
0.0063762092
0.0030225034
-0.00040655148
-0.0043752199
-0.0083270502
-0.01020862
-0.012210247
-0.012330855
-0.012257465
-0.0084267001
-0.0036669774
-0.0011165967
-0.0017364182
-0.0034650597
-0.0035635132
-0.0034621219
-0.0031208374
-0.0030118306
-0.0028552709
-0.00089179101
-0.00098976129
-0.00073191095
-0.0010353778
-0.0019805129
-0.0042103453
-0.0046361713
-0.0079792682
-0.0067405076
-0.0045477529
-0.0047286802
-0.0070389334
-0.0076029439
-0.010092455
-0.0075736395
-0.0089710082
-0.0084812579
-0.0070793353
-0.007432686
-0.0075972346
-0.0063606821
-0.0064909684
-0.0071645833
-0.0073287363
-0.0075563589
-0.0063786233
-0.0084519011
-0.011091326
-0.014760415
-0.014158387
-0.014116345
-0.015587825
-0.015236677
-0.018638998
-0.020672752
-0.022536103
-0.024357749
-0.02572349
-0.031035639
-0.033491757
-0.034409622
-0.032306326
-0.029046167
-0.030574893
-0.029310087
-0.017562648
-0.014777807
-0.0086870631
0.0046868289
0.0069128371
0.012639039
0.0064887336
0.00057008941
-0.0039483306
-0.0041375524
-0.0059548249
0.00065641094
0.0065446334
0.0095659976
0.010607484
0.011671595
0.016213061
0.015699507
0.015996699
0.013394427
0.013879569
0.018405881
0.0205287
0.020303449
0.017508201
0.016172902
0.014691968
0.011589185
0.0064192367
0.0051624613
0.0058236169
0.0020959627
0.0011179251
-0.0018691794
1.5433589e-05
-0.0012110599
0.0022300044
0.0030618076
0.0038164761
0.004096121
0.0031519639
0.0011369227
-0.0010765788
-0.0010254958
-0.00053334845
0.0011004999
0.0014651092
0.00054073795
5.5076651e-05
0.00039800636
0.003428086
0.0068780044
0.0076401701
0.0069121761
0.0077651506
0.0087111052
0.010037269
0.012188817
0.013365942
0.013574801
0.016426325
0.019676305
0.023034284
0.025568193
0.029226963
0.030446888
0.032907282
0.028460325
0.024818972
0.013542851
0.00033046856
-9.5816023e-05
0.0019939309
0.0041308498
0.0052916746
0.0014233506
-0.001558103
0.0034290783
0.0025692626
0.002012168
0.00056025467
-0.0019530066
-0.0046036511
-0.0067358548
-0.0081255456
-0.0083451936
-0.0097649915
-0.01044982
-0.011362386
-0.0081515225
-0.0061647483
-0.0039333037
-0.0031176382
-0.0024809012
-0.0050932768
-0.0062696213
-0.0055403736
-0.0057676927
-0.0054599717
-0.0052871864
-0.0038712186
-0.0042026937
-0.0034628554
-0.0032108767
-0.0037476602
-0.0033820961
-0.0058078137
-0.006178475
-0.0050860184
-0.0065954276
-0.0059287146
-0.0095180622
