0.0042775862
0.0037853146
0.003881189
0.0039117687
0.0035823233
0.0028630376
0.0071355845
0.011940219
0.015970764
0.016474116
0.015745433
0.013367204
0.010741711
0.0079393281
0.0050792091
0.0037128847
0.0033447947
0.0035489938
0.0040107563
0.0036536294
0.0033642032
0.0012731169
0.0010125125
0.00081325843
0.00028243674
0.001006717
0.00080324126
-0.00044820938
-0.0014220323
-0.0013851128
-0.0011508746
-0.00070916143
0.00037520673
-0.00059724237
0.00023247885
-0.00052606681
-0.0012668456
-0.0023716922
-0.0026909521
-0.0031792924
-0.0034911561
-0.0020339954
-0.00099408732
2.2257615e-05
0.0015114031
0.0015914064
0.0012713432
0.00015175575
-0.001983188
-0.0052761036
-0.007650529
-0.0078617722
-0.0052353531
-0.0024787148
-0.00062710577
-0.00029456273
-0.00017345433
0.00075878377
-0.001761778
-0.0034314381
-0.0053580343
-0.0064820624
-0.0064043368
-0.0067375458
-0.0067475536
-0.0078876989
-0.0098518386
-0.012129958
-0.014856999
-0.015522995
-0.014441456
-0.013637479
-0.012659968
-0.0090540454
-0.0076276159
-0.0078183996
-0.0075200537
-0.0096698591
-0.010715727
-0.010469929
-0.011762988
-0.0098524036
-0.0093074383
-0.0060575391
-0.0045819591
-0.0048533891
-0.0057247624
-0.0058743425
-0.0046891481
-0.0019907436
-0.00044522608
0.00084613191
0.00097545552
1.2519556e-05
-0.0007776883
-0.00062454467
-0.00073485617
-0.0017663834
-0.0014299327
-0.0016792096
-0.0021085248
-0.0017082468
-0.0013943208
-0.001666092
-0.0015918345
-0.0013511915
-0.0019950907
-0.0020102939
-0.0021536712
-0.0026030775
-0.0020114479
-0.0022830941
-0.0026104604
-0.0036661154
-0.0046204619
-0.0060599314
-0.0040409104
-0.0046067442
-0.0026349917
0.005408375
0.0051847607
0.0089163441
0.0090061011
0.010572392
0.012280703
0.012080917
0.012114539
0.012122969
0.0099962206
0.0072907945
0.0040867689
0.004287409
0.0063818743
0.0051103152
0.004836886
0.0044631267
0.0046898841
0.0034305738
0.0041779944
0.0045863808
0.0048052845
0.004217469
0.0038338616
0.0042430306
0.0032653094
0.0030945803
0.0024317317
0.0022117903
0.0010790966
0.0010515871
0.0077567208
0.011858574
0.012590847
0.012039902
0.012041648
0.011774092
0.0084617482
0.0081758807
0.0057453654
0.00325441
0.0016386072
0.00024666795
0.0013759576
0.0027252779
0.0026481241
0.00023757945
-0.0003763091
7.8729561e-05
0.00081738168
0.00084349808
-3.850022e-05
-0.0014525824
-0.0023578474
-0.0019486209
-0.0017461735
-0.0017765739
-0.0022380092
-0.0034553375
-0.0040384804
-0.0048738315
-0.0059515148
-0.0067935338
-0.0075181147
-0.0064600391
-0.0053594984
-0.0054153636
-0.0046436567
-0.0032091949
-0.0021615687
-0.0013700299
-0.0015156194
-0.0017730533
-0.0013549774
-0.0039497478
-0.0070336359
-0.007887767
-0.0041340236
-0.00080800345
0.00077008338
-0.00018054173
-0.00052946187
-0.00042778066
-0.0018914496
-0.0035266161
-0.0039819583
-0.004665878
-0.0045528966
-0.0050834832
-0.0077386018
-0.0095374392
-0.01032339
-0.011149858
-0.011619821
-0.01145092
-0.01009148
-0.0089898579
-0.0060854386
-0.0036477589
-0.0045675786
-0.0046193496
-0.0050945939
-0.0070406813
-0.0082799976
-0.0082707628
-0.0072247988
-0.0056852335
-0.0027887756
-0.0017405081
-0.0021252065
-0.0032704858
-0.0032285283
-0.0024294625
-0.0015307383
-0.00068017492
0.00019323638
0.00094321778
0.00072623539
0.00072858553
-0.00071001929
0.00019708082
-0.00034061435
-0.00030489819
-0.00049153701
-0.00048062187
-0.00088135718
-0.0015418597
-0.0014875252
-0.0012352904
-0.0014166189
-0.0020355623
-0.0026388812
-0.0031152158
-0.0034858322
-0.0034984233
-0.0037523039
-0.0042046231
-0.0051080804
-0.0053404795
-0.007351555
-0.0069685899
-0.0059407429
-0.003429825
0.0051909028
0.008377034
0.0087488474
0.0096341862
0.0097029414
0.0095764256
0.0091924271
0.0095655587
0.0098195869
0.0085684791
0.00640649
0.0050844642
0.0040877066
0.0049190322
0.0045344696
0.0043772805
0.0040371333
0.0031989343
0.0031770934
0.002647919
0.0027732319
0.0028439592
0.0031966046
0.0034985607
0.0035277017
0.0041820905
0.0023285746
0.00168827
0.0012423405
0.00029925017
-0.00020942896
0.00016922977
0.0065569206
0.011475483
0.010361051
0.011304646
0.008877518
0.0073149675
0.0063347114
0.0034164405
0.0031816974
0.0011009095
-0.00030854626
-0.00022364336
0.0020490991
0.0026004405
0.00099060213
0.00024003902
0.00082178024
0.0011837636
0.0013719045
0.0027225107
0.0019569482
0.00075400491
-0.00071100124
-0.0018577508
-0.0019586296
-0.0043054416
-0.0060049909
-0.0079999981
-0.0099869397
-0.011319266
-0.01181598
-0.012836232
-0.012853852
-0.012596156
-0.011671988
-0.0099980189
-0.0091384418
-0.0083784237
-0.0057902935
-0.0042620254
-0.0037368462
-0.0031171598
-0.0038892465
-0.0047633598
-0.0081577952
-0.0075829455
-0.0048864672
-0.00073936293
0.0019108164
-0.00039910709
-0.0016172764
-2.1475108e-07
0.00023514822
-0.00026798714
-8.0057618e-05
-0.001754939
-0.0028611044
-0.0053827462
-0.0064037576
-0.0075821571
-0.0074818294
-0.0074431072
-0.0062056823
-0.005172337
-0.0058179116
-0.0042614526
-0.0038905265
-0.0023923505
-0.00055987483
-0.0017746782
-0.0020430991
-0.0033920538
-0.0045159236
-0.0049354537
-0.0030448132
-0.00070250976
1.1106324e-05
-0.0021389526
-0.0039472178
-0.0024383501
-0.0019348464
-0.0015445395
-0.0017380348
-0.0020380306
-0.00050742797
0.00051582726
0.00056350814
0.0003323739
-0.00087343864
-0.00085273148
-0.00012692401
-0.00033110999
-0.0010028903
-0.0020495564
-0.0025537477
-0.0023926489
-0.0023218726
-0.0022048913
-0.0027117617
-0.0028285762
-0.0027531351
-0.003309967
-0.0040202035
-0.0042563109
-0.0051641661
-0.0051064279
-0.0061863037
-0.006541984
-0.010441509
-0.0097568854
-0.0008692941
0.0060050773
0.0069750913
0.0080825389
0.0069194455
0.0061436136
0.0053394592
0.0074502068
0.010427522
0.0090512513
0.007767588
0.0057883774
0.0044003005
0.0046938238
0.0037820322
0.0027462693
0.0014517824
0.0019914837
0.0015608437
0.0012349629
0.0015576903
0.0014897204
0.001961403
0.0017253256
0.0022122472
0.0027047677
0.0030406388
0.0024009584
0.002188765
0.0023016679
0.0020223922
0.0018321034
0.0012602048
0.00087758014
0.0059908746
0.011161585
0.010470123
0.010850497
0.009293894
0.0072489604
0.0048580452
0.0021438137
-0.00080191084
-0.00039990004
9.0762287e-05
0.00095368553
0.0020397672
0.0014781538
0.0012836591
0.0022476051
0.0024923327
0.0020866485
0.0039765884
0.0044203623
0.0046249933
0.0026570812
-0.0011433891
-0.0024059404
-0.005086765
-0.0074838136
-0.010720124
-0.013131832
-0.015292266
-0.018358317
-0.018904746
-0.019011227
-0.021873746
-0.020445112
-0.018665466
-0.015993812
-0.013738896
-0.011608017
-0.010391793
-0.0093206563
-0.0087054024
-0.0070737837
-0.0064160144
-0.0067864523
-0.0063242481
-0.0056160878
-0.0040100243
-6.1701479e-05
0.00014295252
-0.0019691056
-0.0018544814
0.00090237874
0.00019485186
0.00064103201
0.00079368793
-0.0019556728
-0.0015723918
-0.0012205544
-0.0027371831
-0.0053206681
-0.0037997954
-0.0027054793
-0.0018501814
-0.0010378385
-0.0011633759
0.0014145832
0.0028804739
0.0018403864
0.0020862434
0.0024923602
2.4680803e-05
-0.0011382803
-0.0017756966
-0.0024579386
-0.00088365675
-0.00066942461
-0.0015553438
-0.0053085479
-0.0052284513
-0.0039574035
-0.0022890765
-0.0021415968
-0.0021383132
-0.0015692011
-0.00059860468
-0.00038483748
-0.00070220065
-0.00082789624
-0.00023991316
-0.00063910784
-0.0015354522
-0.0028084654
-0.0027419493
-0.003594876
-0.0037275694
-0.0038065123
-0.0037698436
-0.0034532383
-0.0030514813
-0.0031011509
-0.0027023803
-0.0032758807
-0.0029072879
-0.0039557463
-0.0030896788
-0.003322582
-0.002003123
-0.0050143415
-0.0057037748
-0.00095596967
0.0023088481
0.0039818462
0.0050249047
0.00527256
0.0040046545
0.0013854441
0.0044548857
0.0057806893
0.0056281782
0.0064806142
0.0058585315
0.0041743637
0.0025126279
0.0027954598
0.0016417361
0.00097675888
0.0001678959
0.0001408504
-0.00039520904
-4.8183816e-05
0.00017289756
0.00041838214
0.00014602816
0.00083935471
0.0010930216
0.0019946035
0.002159681
0.0023437175
0.003231019
0.0034040114
0.0038192678
0.0037589423
0.0039183949
0.0039218174
0.0080934574
0.0091538778
0.0092376789
0.0066238737
0.007417813
0.0091476335
0.0060661573
0.0015975391
0.00062884951
0.0016161496
0.002044666
0.0030359842
0.0024031047
0.0048871529
0.0056810375
0.0067415634
0.0079684855
0.0071220234
0.0073681711
0.0081989168
0.0077182771
0.0068914106
0.0058553873
0.0010512805
-0.0050953201
-0.0091090353
-0.014820109
-0.019276639
-0.021893861
-0.022050839
-0.025009774
-0.028244328
-0.029681865
-0.028344862
-0.02594157
-0.022542941
-0.018690453
-0.015973207
-0.015582108
-0.015928561
-0.016215571
-0.012857386
-0.012200693
-0.0086082773
-0.0068211206
-0.0057209704
-0.004104663
-0.0031343905
-0.0044353289
-0.0051693026
-0.005491796
-0.005942747
-0.0043640926
7.8847589e-05
-0.002558844
-0.0056139178
-0.0033926406
-0.0041868458
-0.0030094524
-0.0027442362
-0.0026046909
-0.0011981595
-0.00048165032
0.00065811236
0.0021339938
0.0048727526
0.0054371848
0.0046505045
0.0061189091
0.0052380294
0.0037957245
0.0036139869
0.00074639146
-0.00095964291
-0.00012210186
-0.00079895087
-0.0032874212
-0.0040535381
-0.0034506468
-0.0031554675
-0.004051355
-0.0031705098
-0.00297159
-0.0026028212
-0.0019556926
-0.0021723362
-0.0018073038
-0.0020602806
-0.0026494145
-0.0028160304
-0.0038393189
-0.0038354922
-0.0050349046
-0.005323898
-0.0048522273
-0.0042213562
-0.00392704
-0.0033029189
-0.0025619768
-0.0018000497
-0.0011993382
-0.0010750526
-0.0014368502
-0.00052044929
-4.9899991e-05
0.00099599323
0.0022622979
0.0010400117
0.00082040864
0.0016635629
0.0058883752
0.0038886926
0.0042694081
0.0052415063
0.0016429269
0.002272997
0.0050028036
0.0046923147
0.0037319799
0.0050696792
0.0059095836
0.0025766853
0.0016045542
0.00033426279
-9.6527646e-05
-0.001090655
-0.00030077481
-0.00041244428
-0.00058320179
-0.00072861555
4.1824101e-05
0.00015808481
0.00089551905
0.0013111203
0.002209365
0.0020223439
0.0022887971
0.0028941174
0.0037937792
0.003978395
0.0045542727
0.0051074852
0.0052039657
0.0056839717
0.0086166619
0.0052624185
0.004796831
0.0032408241
0.0073971992
0.0095562521
0.005108656
0.002346768
0.0018754662
0.0039236824
0.0045694309
0.0067563828
0.0086268794
0.010485664
0.011495673
0.013342763
0.011920084
0.011714982
0.013304741
0.0116104
0.013329986
0.014146738
0.011457314
0.0073806099
0.0031375662
-0.001100571
-0.0097279733
-0.015279235
-0.020710206
-0.02667371
-0.032455075
-0.039031137
-0.039589496
-0.039174943
-0.038472858
-0.034037503
-0.028910896
-0.02638969
-0.024752708
-0.023693076
-0.022314526
-0.020683162
-0.017558991
-0.016142195
-0.010996156
-0.010985373
-0.010318226
-0.01063965
-0.010166163
-0.014286749
-0.014886813
-0.016587112
-0.017983274
-0.011118258
-0.017667352
-0.020231995
-0.014011355
-0.0097094274
-0.0077309429
-0.005937987
-0.0049146908
-0.0020162758
-0.0047240078
-0.0029088988
-0.00045884517
0.0022118091
0.0030246428
0.0029946308
0.0050544779
0.0050660399
0.0034442339
0.0039934232
0.00047774355
-0.00011737514
0.00083448628
-0.00081678296
-0.0020266872
-0.0031970959
-0.0036926786
-0.003781052
-0.004117824
-0.003800926
-0.0041559396
-0.0041261051
-0.0038651641
-0.0033251765
-0.0030567751
-0.0026294382
-0.0029567168
-0.0032244192
-0.0033102857
-0.004000919
-0.0046620006
-0.004758836
-0.0045184156
-0.0038503712
-0.0029939185
-0.0018844768
-0.0011393599
0.00024519677
0.0012514406
0.0024590421
0.0026733717
0.0035375454
0.0049771419
0.0065568661
0.0061555548
0.0035044606
0.0027157208
0.0030036454
0.0055780541
0.0034216321
0.0020928919
0.0018553948
0.0025056563
0.0031722619
0.0051590821
0.0041434072
0.0051555347
0.0070728293
0.0042659841
0.0024630589
-0.00063888626
-0.0026797104
-0.0033088545
-0.0030192341
-0.0031757828
-0.002045255
-0.00065262801
-0.00038574274
7.9552975e-05
0.00079797292
0.0017235427
0.0019595328
0.0019402437
0.0022925092
0.0025209928
0.0031776533
0.0035991204
0.0038706473
0.0055657205
0.0061220398
0.0068821173
0.005981705
0.0061101902
0.004351257
0.0028261153
0.0021642436
0.006139887
0.0066349827
0.0070813888
0.0047457497
0.0039150438
0.0049071145
0.006235942
0.0091786586
0.010543357
0.011772183
0.013967166
0.014363858
0.014825309
0.015893427
0.019728803
0.02186156
0.018743329
0.020989627
0.019262255
0.02080952
0.013045031
0.0070579893
-0.00033223631
-0.011267716
-0.016992174
-0.024923949
-0.034082918
-0.03843896
-0.047221133
-0.047165849
-0.053346132
-0.048339667
-0.040258304
-0.039949943
-0.040364159
-0.037192176
-0.034858611
-0.036091874
-0.032475641
-0.030964383
-0.026735806
-0.029521311
-0.029690059
-0.028494036
-0.027642638
-0.034018724
-0.034904512
-0.037416083
-0.034053087
-0.023928302
-0.025970226
-0.030877618
-0.026397073
-0.026594044
-0.02237137
-0.016071423
-0.015046027
-0.0096402606
-0.012152501
-0.0090456464
-0.0086164314
-0.0062049761
-0.0037957244
-0.0031083271
-0.0013542547
-0.0021236077
-0.001768494
-0.0011920544
-0.00098479621
-0.0013406245
-0.00047253433
-0.0010364735
-0.0019920941
-0.0026818028
-0.0030540803
-0.002874508
-0.0028335711
-0.0036552413
-0.0036225528
-0.0035254455
-0.0028652114
-0.0030972593
-0.0028975607
-0.0023117675
-0.0025799288
-0.0028634872
-0.00274644
-0.0029408111
-0.0033394871
-0.0031556371
-0.002632564
-0.0012761248
-0.00046997643
0.00035239378
0.0014014648
0.0023657246
0.0033287268
0.0044793831
0.0050752017
0.0065224873
0.0079054355
0.01055409
0.0098595675
0.0015625193
0.0028395754
0.0061493623
0.0059038543
0.0033095744
0.0047655732
0.0033938221
0.0044676026
0.0053030318
0.0032356812
0.0033870906
0.0013550905
0.00021841704
-0.0021352769
-0.0026638779
-0.0058009068
-0.0072812302
-0.0076716077
-0.0058263352
-0.0032510439
-0.0021031553
-0.001461797
-0.00065896612
0.00050754908
0.0007234207
0.0014463124
0.0015876291
0.0020067031
0.002159454
0.0024392836
0.0028581676
0.0045309028
0.006003293
0.0062554809
0.0072003346
0.0067507037
0.0076033428
0.0021301108
-0.00091223632
0.0014645395
0.002071494
0.0062039768
0.0052568171
0.0060742564
0.00049465695
0.00164605
0.0054849216
0.0085163266
0.0096582081
0.01193575
0.01269875
0.015379078
0.014822113
0.014028059
0.016489784
0.023119126
0.023113878
0.02094743
0.021520259
0.023871387
0.022972633
0.017181094
0.0075579778
0.00068466617
-0.0088206325
-0.019176881
-0.026346269
-0.035365651
-0.0418648
-0.042970764
-0.045122334
-0.052465549
-0.042043438
-0.035375883
-0.039291576
-0.043043783
-0.050261056
-0.047976037
-0.052962047
-0.048431256
-0.044583795
-0.044387518
-0.042031745
-0.04858672
-0.0471169
-0.052447496
-0.057495164
-0.050920482
-0.052048228
-0.047424124
-0.045551469
-0.036604579
-0.036107384
-0.031148926
-0.025072376
-0.022514088
-0.018199175
-0.017418873
-0.015425127
-0.015965265
-0.013363019
-0.00962053
-0.0086586241
-0.0065735763
-0.0043321714
-0.0044288899
-0.003862056
-0.0033052128
-0.0034394561
-0.0031508401
-0.0031219874
-0.0041754472
-0.0036420609
-0.0047033503
-0.0036243229
-0.0017479533
-0.00089062626
-0.0012891675
-0.0015164771
-0.0025207155
-0.0025032445
-0.0028944341
-0.0023492489
-0.0023040418
-0.0018776905
-0.0016945844
-0.0014617682
-0.0019380387
-0.0022633033
-0.0023283689
-0.00078371867
-0.0006706877
0.00047298389
0.00043629903
0.0014469188
0.0019122538
0.0032901426
0.0033270061
0.0051499363
0.0054607104
0.007874518
0.0076845171
0.011383836
0.0079767932
0.00024226945
0.0015091945
0.0031189583
0.0062595289
0.0062959219
0.0033743658
0.0028876417
0.00089482145
0.0013545516
0.00074623735
-0.00016546881
-0.003776269
-0.0043005545
-0.0071929179
-0.0073096923
-0.0072940301
-0.0068519823
-0.0056471782
-0.0041007969
-0.0024370069
-0.00080922223
-0.00013668353
0.00033061215
0.0011449793
0.0016992632
0.0014302261
0.0019941231
0.0014509448
0.0025653081
0.0027349705
0.0044357821
0.0059582631
0.0065973986
0.0066944877
0.0053742849
0.0092036643
0.0062134119
0.0022602059
0.0019293795
0.0018459917
0.0039980352
0.007168341
0.0046374751
0.006126063
0.0011156121
-0.00061331637
0.0073654486
0.011541958
0.01115342
0.012536387
0.01487145
0.018247588
0.018081786
0.015560521
0.017691261
0.021619426
0.02446084
0.026424528
0.02818932
0.027616594
0.02196086
0.015268959
0.005271172
-0.0040090233
-0.014872263
-0.02614504
-0.034519527
-0.041309605
-0.049146563
-0.045345996
-0.052435407
-0.050128781
-0.04210862
-0.04129674
-0.041886593
-0.050220476
-0.059638951
-0.06190929
-0.053191166
-0.055706326
-0.053367845
-0.052301442
-0.050391706
-0.061299534
-0.059444364
-0.062351247
-0.064537205
-0.061608071
-0.057581956
-0.05359805
-0.046631554
-0.041677179
-0.033263924
-0.025805625
-0.021375263
-0.016460466
-0.013367763
-0.012802102
-0.013141404
-0.011245162
-0.0086456994
-0.0067050455
-0.0052188476
-0.0046391304
-0.0022039888
-0.00047402507
-0.0016408231
-0.0017489156
0.00047308315
0.00033331152
-0.00058988491
-0.0014963356
-0.0014435042
-0.0017555985
-0.0018635439
-0.00026750247
0.00067657632
0.0010533237
0.00028655097
0.00050613117
0.00054937581
0.0003121458
-0.00072057432
-0.0012915905
-0.00079367045
-0.00012781838
-0.00014623328
-0.00017457454
0.00088086938
0.0011049188
0.0010703975
0.0015279687
0.0015530834
0.0019415216
0.0028391448
0.003569808
0.0041243321
0.0045054627
0.0057780231
0.0062626516
0.0074273031
0.0082498268
0.010792984
0.0079178383
-0.00076778878
0.00017973613
0.0005337899
0.0048628591
0.0056614089
0.003067686
-6.2925618e-05
-0.0030944007
-0.0025203294
-0.0015802355
-0.0020858086
-0.0072479877
-0.0073825792
-0.0055745174
-0.0061927083
-0.0056391168
-0.0039002239
-0.0024697351
-0.00083816447
0.00097223689
0.001119414
0.002524549
0.0022861173
0.0034478218
0.0026350049
0.003114926
0.0025124849
0.0029415719
0.003205091
0.0047423972
0.0056948505
0.0069584357
0.0045120503
0.0030560887
0.001148698
0.0028511464
0.0023855122
4.0998188e-05
0.0029534325
0.0038156288
0.0039030978
0.0073185125
0.0033435518
0.0012931485
-0.0068792416
-0.0023175561
0.0073902198
0.0096516907
0.0096087783
0.0088340041
0.010843856
0.014505435
0.016236917
0.015986102
0.01694121
0.01791722
0.019785157
0.017591438
0.01565965
0.0089869951
-0.00030680209
-0.0064059479
-0.014463456
-0.021995281
-0.033462407
-0.039594704
-0.048835047
-0.053046051
-0.055441933
-0.054549794
-0.059601917
-0.058953083
-0.059438317
-0.055415477
-0.055873833
-0.053908995
-0.06616534
-0.068733257
-0.060088234
-0.060235616
-0.057663761
-0.049894921
-0.05595506
-0.063618819
-0.060083014
-0.060490518
-0.057181002
-0.05625335
-0.049364496
-0.045626844
-0.039523745
-0.033406837
-0.023895177
-0.017809514
-0.011884917
-0.012434557
-0.0080673612
-0.0086143444
-0.0071679118
-0.0065238534
-0.0041652848
-0.0039255987
-0.0011230131
-0.00085587167
0.0010554177
0.0011164992
0.0027699662
0.0043879153
0.0042593135
0.0048427958
0.0064700948
0.0037298636
0.0034921895
0.0040529412
0.0028814658
0.0024383987
0.0030794266
0.0028399201
0.0035700262
0.0036818826
0.004031348
0.0029791778
0.0018871676
0.001753162
0.0010251573
0.0019759247
0.0036990938
0.0033121828
0.0040556119
0.0035002494
0.0037474945
0.0028735835
0.0035466175
0.0035552631
0.0044212773
0.0055883
0.0059802074
0.0051844757
0.0067170951
0.0063852557
0.0079033641
0.0096525958
0.011358554
0.0042917538
0.0008369004
0.000327258
-0.0022613784
9.0977953e-05
0.0025795971
0.00015142938
-0.0017657049
-0.0056054074
-0.0056395006
-0.0041529174
-0.0070485737
-0.0046554326
-0.0039060594
-0.0031671159
-0.0025926112
-0.0013517243
-0.0015234331
0.00029254289
0.00012981484
0.00082419056
0.00064930489
0.0020327841
0.0018550902
9.9819534e-05
-0.00010547478
0.00051523641
0.00077293132
0.0026617385
0.0031345849
0.0032699908
0.0045243309
0.0014063856
0.0022764837
-0.0070850584
-0.0049173831
-0.0013511092
-0.0022769558
-0.0055851985
-0.0023807183
-0.0022553465
-0.0045529791
-0.004984866
-0.0045812615
-0.011848404
-0.017468055
-0.0082587954
-0.0057392981
0.00031328763
0.0032991391
0.0030811638
0.0049719257
0.0074646591
0.009931634
0.010590618
0.0090457332
0.0053472563
0.00087160529
-0.0045362885
-0.011227803
-0.021851855
-0.030568915
-0.037671113
-0.043795317
-0.044999939
-0.050728819
-0.06003044
-0.068659747
-0.073197553
-0.069151417
-0.063798918
-0.072209179
-0.073090417
-0.073823514
-0.071354382
-0.070785446
-0.07029655
-0.070399265
-0.069111602
-0.066641229
-0.060658803
-0.058934308
-0.056666641
-0.055666433
-0.056831528
-0.053719021
-0.04804047
-0.044948231
-0.040061462
-0.035650603
-0.0291524
-0.025324934
-0.019797047
-0.013234015
-0.011346139
-0.01054315
-0.0084244238
-0.0050778517
-0.0066276321
-0.0071029783
-0.0060309881
-0.0048247895
-0.0038240758
-0.00085017526
0.00023748772
0.0030430214
0.0027101802
0.0070612551
0.0083353585
0.0065422987
0.0072262349
0.0098603268
0.010634643
0.0070296524
0.0079869264
0.0069796289
0.0073385934
0.0066088278
0.005875407
0.005406643
0.0049368524
0.0063438025
0.0048044421
0.0053462858
0.0029887263
0.0025591047
0.0031361011
0.0051238381
0.005343365
0.0053151592
0.0031962416
0.0035895744
0.0027221314
0.0026082588
0.0030774488
0.0046312996
0.0040817639
0.0049711964
0.0058137497
0.0075809744
0.0062680595
0.0059570235
0.0023881788
0.00084637428
-0.0063087899
0.0013956494
0.0095993744
-0.0022815278
0.00087356844
0.0030999771
0.00070440344
-0.0024631491
-0.0036870077
-0.0061076263
-0.0061923353
-0.0075625121
-0.0058389891
-0.0017787816
-0.00054788694
-0.0015298905
0.0010979894
-0.00076133977
-0.001147041
-0.0010559793
-8.4152321e-05
-0.002253138
-0.0010981509
0.0011871721
-0.00063637238
6.6708216e-05
-0.0015380265
4.3415853e-05
-0.0012002692
0.00010716134
-0.00092180556
-0.0005130865
-0.0041005967
-0.0030266498
-0.0061063974
-0.0045358482
-0.0047526563
-0.0067209742
-0.0057468955
-0.0039916325
-0.0076092997
-0.008137804
-0.010864927
-0.012484227
-0.01703034
-0.017495749
-0.012790572
-0.013430034
-0.0081891047
-0.0039351766
-0.0015511604
-0.00064375439
0.0010750062
0.00090740581
0.00025164153
-0.0019566212
-0.0065377434
-0.012945578
-0.020946047
-0.031836928
-0.04435728
-0.053895033
-0.060933018
-0.057830542
-0.059812333
-0.069440281
-0.076266277
-0.085949556
-0.090038921
-0.089091652
-0.083286174
-0.086280139
-0.091617672
-0.093941089
-0.086529597
-0.083581705
-0.074890399
-0.072347812
-0.066321099
-0.058904114
-0.048817027
-0.048019143
-0.056181048
-0.055011976
-0.047446415
-0.040822512
-0.034850091
-0.027817872
-0.022179275
-0.016422565
-0.013912566
-0.0084416366
-0.0018539693
0.00011059147
-0.0010480311
-0.0018690081
-0.0022846862
-0.0016588643
-0.0013668677
-0.0028283735
-0.0010254811
0.00011988526
-0.0019919881
-0.0010963588
0.0028332257
0.0048640557
0.0042907003
0.0071662583
0.0086658253
0.0056489602
0.0049583029
0.0071598385
0.0068711646
0.0084271971
0.0085329579
0.010702637
0.0093397505
0.0072308056
0.0076787319
0.0048829611
0.005688863
0.0094749768
0.0096626167
0.0098332703
0.0075196211
0.0036439471
0.0051649004
0.0062997792
0.0062035049
0.0077030916
0.0064641415
0.007775902
0.0086166048
0.0093494896
0.0060305752
0.0051075931
0.0065672268
0.010331627
0.012516931
0.015398706
0.020486265
0.017857772
0.011477417
0.0040372564
0.00049671537
0.0077891798
0.014469798
0.0074500912
0.0023244939
0.0043597861
0.0018987148
-0.0013801515
-0.0038038608
-0.0042979396
-0.0056509797
-0.004120013
-0.0012653515
0.00029562249
0.0048076657
0.0030679001
0.0055671064
0.0045355786
0.0024706399
0.0027685386
0.00070240051
0.00069868355
0.00030523311
0.0028677861
0.0023395812
-0.0001660473
-0.0016073952
-0.0025256075
-0.0016460035
-0.00086517338
-0.0044879019
-0.0035401574
-0.0058539449
-0.005398583
-0.0069391817
-0.0048114358
-0.0062184154
-0.0063432602
-0.0060945387
-0.0088646123
-0.0066734295
-0.0063179527
-0.010837871
-0.014051313
-0.014708374
-0.012761892
-0.014454065
-0.015999571
-0.015492895
-0.012252642
-0.011383626
-0.009803035
-0.0063739119
-0.0057557562
-0.00618481
-0.010180267
-0.012997172
-0.018598147
-0.029642903
-0.043148333
-0.058194587
-0.07102282
-0.071661009
-0.068005908
-0.077423881
-0.090226101
-0.095884963
-0.099519403
-0.098816914
-0.094786432
-0.086277388
-0.076474787
-0.08253928
-0.077005451
-0.071699429
-0.075133343
-0.072227782
-0.0654711
-0.050203305
-0.03651158
-0.030818631
-0.029479507
-0.039282304
-0.031771418
-0.017267836
-0.011664061
-0.0046993114
0.00034659081
0.0051882275
0.007640011
0.009306247
0.011370913
0.014110356
0.013538671
0.01541278
0.015323093
0.011370922
0.011402788
0.0075818131
0.0065302645
0.0067376805
0.0057282978
0.0054376985
0.0041651506
0.0060487309
0.0065363524
0.0056435936
0.0055424083
0.0065930545
0.0053310938
0.007480769
0.0071402714
0.005458711
0.0055488828
0.0044043755
0.0026895743
0.00083243029
0.0067278722
0.0063441778
0.0077191274
0.012364923
0.012980547
0.014507536
0.01786364
0.019036945
0.017297877
0.016804203
0.021983839
0.027620614
0.029935632
0.029969028
0.027657442
0.030658208
0.027842046
0.025359153
0.027812461
0.026935472
0.024338078
0.023487728
0.016694855
0.011369588
0.0071620677
-0.0059095573
-0.008711861
0.0083073105
0.017267915
0.01443701
0.0086470578
0.0093761493
0.0030633823
5.2127584e-05
-0.0011552941
0.00062077329
0.001213309
0.0013771139
0.0015247909
0.0012157628
0.0046704367
0.005882911
0.0074603102
0.0050873477
0.0070997343
0.0052741421
0.00028570753
0.0015484556
0.0062125059
0.0038102334
0.0029134636
0.0019603739
-0.001040898
-0.0021485145
-0.0011284939
0.0016486053
-0.00058852502
-0.0045614378
-0.0080326581
-0.0054842787
-0.0074717015
-0.0074406255
-0.0077553214
-0.0074824633
-0.0078521819
-0.0098293859
-0.009145168
-0.0059205182
-0.0054357585
-0.0065290556
-0.0085973228
-0.013034012
-0.013876105
-0.017243197
-0.019703575
-0.017506366
-0.020537268
-0.015733373
-0.014115938
-0.012084167
-0.011853332
-0.012502966
-0.016986903
-0.019755945
-0.025884969
-0.03345199
-0.045929325
-0.062426585
-0.074534096
-0.068449426
-0.074093861
-0.083914039
-0.084723247
-0.083549222
-0.080794446
-0.074782221
-0.06924643
-0.059133204
-0.041289605
-0.040047529
-0.047605631
-0.049636844
-0.055386186
-0.058055566
-0.049855672
-0.036536887
-0.018319004
-0.0018342834
-0.0095059257
-0.017760051
-0.0042703968
0.0096062583
0.017704684
0.020884765
0.022244859
0.025238577
0.027556662
0.025340441
0.026541607
0.024944576
0.02361751
0.022170661
0.021371767
0.017975047
0.014105471
0.014033763
0.012883531
0.013674003
0.010203588
0.0077156879
0.0055167725
0.0070378991
0.0059122958
0.0071867972
0.0073657742
0.0078352904
0.0078705754
0.0086249001
0.0071743063
0.0058392621
0.0013311918
-0.0016053791
-0.0025527158
-0.0013793574
-0.0010248235
0.0063574424
0.0056998591
0.0086576682
0.0096666835
0.013593543
0.016816975
0.018169275
0.021643783
0.025093317
0.033154138
0.041712867
0.048531327
0.052612921
0.05307066
0.051347639
0.046807636
0.038343778
0.036266019
0.033572492
0.030263101
0.022708139
0.018296147
0.013372305
-0.004101272
-0.015728399
0.0041906678
0.014615844
0.01984398
0.014102904
0.0060466989
-6.9002443e-05
-0.0014503508
-0.003667938
-0.001741099
0.00057694119
0.0024545059
0.0034657224
0.0036263381
0.00210945
0.0015393758
0.001335285
0.0020400512
-0.0001578357
0.0011640963
0.0023565268
0.0017221625
0.00082286429
0.0039747406
0.0015507041
0.0013276553
-0.0015921903
-0.0020384202
-0.00060940675
-0.00028162171
0.00069735608
-0.00076710919
-0.0047439224
-0.0052151325
-0.0054276279
-0.0057205049
-0.0080849145
-0.0065655071
-0.0063539393
-0.0064977593
-0.0076585121
-0.0064575174
-0.0060617483
-0.0058210621
-0.0069567122
-0.0077620247
-0.011926772
-0.015855633
-0.019580208
-0.021837078
-0.017723509
-0.018706107
-0.017216569
-0.01882705
-0.017536151
-0.016692167
-0.016596634
-0.018291398
-0.021463693
-0.026209967
-0.035250931
-0.044243636
-0.058441928
-0.065819392
-0.062973972
-0.068556764
-0.070766006
-0.067642385
-0.059166202
-0.054691818
-0.043626283
-0.038060664
-0.023617153
-0.012281641
-0.018970487
-0.026735121
-0.027330461
-0.031158694
-0.027718191
-0.018077766
-0.011576478
0.00038233911
0.0097423695
0.0041807531
0.0067035377
0.01714722
0.028409675
0.031500735
0.033452441
0.037617744
0.036678321
0.031732608
0.026694251
0.026898592
0.023514134
0.021292394
0.021510039
0.018251857
0.014844822
0.012617318
0.014127839
0.017009017
0.013373462
0.012695693
0.0091140518
0.009588799
0.0072867921
0.0071120832
0.0043592894
0.0055795346
0.0068610186
0.0058669407
0.0052508761
0.0071548424
0.0050151214
0.0027961492
0.0028346213
0.0032053749
0.0048964273
0.0060947327
0.0080763774
0.0088475767
0.012896119
0.017126748
0.018461785
0.01821693
0.020497715
0.021877728
0.024891023
0.029990302
0.040954733
0.048716321
0.054189388
0.056405566
0.055083779
0.047014383
0.040436033
0.033302662
0.031403402
0.025522778
0.0146628
0.0046441647
0.00033681736
-0.0055973911
-0.0034638806
0.010278431
0.013723301
0.016262387
0.011556777
0.0077975591
0.00019288867
-0.0034606439
-0.0057679883
-0.0070830538
-0.0023149607
0.00065153851
-0.00021958303
0.0022570048
0.0013567896
-0.00015367736
-0.0005065046
-0.00081844669
-0.00095103959
0.0011193294
0.0015665894
0.0059745146
0.0049474282
0.004705891
0.0021661567
0.0025246795
0.00067704234
-0.0022367665
-0.00347618
-0.00023056929
0.003233527
0.00024601136
-0.0003272414
-0.0031879254
-0.005661555
-0.0059882236
-0.0065565153
-0.0063004625
-0.0050771116
-0.0055080611
-0.0039343645
-0.0051875942
-0.0045723231
-0.005324924
-0.0059142654
-0.0059666107
-0.0085098407
-0.012075026
-0.015058555
-0.016506799
-0.016451212
-0.014461452
-0.013737545
-0.014486014
-0.017801076
-0.017083725
-0.017230403
-0.018202061
-0.021283449
-0.025766942
-0.030857593
-0.036857466
-0.04552456
-0.04716215
-0.04861481
-0.04997042
-0.048619585
-0.043128216
-0.034815723
-0.026613902
-0.017547082
-0.0098089516
-0.0020672051
-0.0038722416
-0.011416651
-0.01314086
-0.0087412782
-0.010958985
-0.0036962749
0.0019071774
0.0065324728
0.013724237
0.01731409
0.014504384
0.017574091
0.022400247
0.026934087
0.032654871
0.033008326
0.033821191
0.032253952
0.02834924
0.021299177
0.019077255
0.016243657
0.01384036
0.01243008
0.008319044
0.0056933049
0.0038398722
0.0037907113
0.0046319624
0.0076904661
0.009344191
0.0074781673
0.008701666
0.0067003193
0.0045790996
0.0031071579
0.0019189016
0.0032132867
0.0033206129
0.0039086808
0.0026190198
0.0023722434
0.0037904931
0.0042047763
0.0043239604
0.0060117599
0.0073993119
0.0087617305
0.0097717034
0.013589652
0.016032536
0.017574079
0.017762495
0.019424399
0.022489925
0.025912283
0.030280842
0.034284208
0.038068813
0.040201669
0.04186865
0.039890227
0.033153084
0.025407079
0.013816159
0.0075311088
0.0059404265
0.004248093
-0.0009480247
-0.0069617962
-0.00087902079
0.0049093914
0.0056306877
0.0098694021
0.0084949748
0.0048019055
0.00037934134
-0.0045497721
-0.0076305191
-0.01072411
-0.012166802
-0.01231567
-0.0075176296
-0.0025618884
-0.00037321389
-0.00040351059
-0.0023865852
-0.0020214366
-0.0019351818
-0.0022874586
-0.0016085351
-0.0011354789
0.0014966857
0.0018535116
0.0019166168
0.0016780288
0.00085000155
-0.00070063818
-0.0017827541
-0.0040445044
-0.0026910468
-0.00048691221
-0.00064118918
-0.0031435729
-0.0034166029
-0.0070514659
-0.0045184411
-0.0056976073
-0.0052512632
-0.0046015095
-0.0054039288
-0.0050218272
-0.0041910831
-0.0041048138
-0.0046892868
-0.0053119159
-0.0056023966
-0.0040078405
-0.0058088057
-0.0081568265
-0.011326757
-0.010166231
-0.0096296143
-0.010308664
-0.01026231
-0.013492467
-0.01504434
-0.01671838
-0.018625447
-0.01981368
-0.024757286
-0.027601368
-0.029788541
-0.030862871
-0.030447102
-0.031494493
-0.030174734
-0.020563794
-0.018601889
-0.014441872
-0.0047313372
-0.0041119588
0.0030703416
0.0020670019
-0.00097420339
-0.0036487527
-0.0036746426
-0.0047041306
0.00052811813
0.0059550907
0.0097721359
0.011464134
0.013765823
0.017490348
0.017327629
0.016536204
0.014288267
0.015312501
0.020657731
0.02404772
0.023049257
0.02147062
0.019337848
0.015982692
0.012101637
0.0067043363
0.0051691834
0.0046310321
0.00023475776
-0.00084313018
-0.0034900727
-0.0016388243
-0.003017711
0.0009504716
0.0025164335
0.0026860785
0.0038280176
0.0035164911
0.00079693242
-0.0004373223
-0.00039357519
-0.00051070894
0.0015805981
0.0026394123
0.001753494
0.00048075754
-0.00011108327
0.002407189
0.0056120701
0.0056110861
0.0048818461
0.0061331154
0.0073416659
0.0095383698
0.011587378
0.011922998
0.011422999
0.014210085
0.017284968
0.020087216
0.021668752
0.025501041
0.027275774
0.030487621
0.026783539
0.023466767
0.01291499
0.0014006461
0.0023641497
0.0046111941
0.0062127829
0.0061457249
0.0017884928
-0.0015208325
0.0028576667
0.0011950347
0.0023996425
0.0023481671
0.0007372241
-0.00079995015
-0.0033295259
-0.005197563
-0.0064494856
-0.0098480558
-0.011233145
-0.012171464
-0.0075923279
-0.0044915867
-0.0024126356
-0.0019465547
-0.0007036801
-0.0033509229
-0.005524584
-0.0052750423
-0.0052566887
-0.0046658268
-0.0043580875
-0.0019221649
-0.0013209274
-0.00014368931
0.0003248006
-0.0005605348
-7.3268678e-05
-0.0016266573
-0.0021015997
-0.0022058927
-0.0041873201
-0.0040010339
-0.0062168977
