0.0048896357
0.0048816625
0.0054212612
0.0056220642
0.0056772648
0.0046325585
0.003757888
0.0030933227
0.004305575
0.0051715233
0.0066262675
0.0053693237
0.0035541377
0.0016326264
0.00047339649
2.2264505e-05
0.00075874375
0.002884986
0.0026581213
0.00037786988
0.0026268447
0.0036388635
0.0032530593
0.0027503935
0.0022175316
0.0026631468
0.0033351706
0.0029813115
0.002621181
0.0024484362
0.0020636632
0.0028343646
0.0033028082
0.0026313506
0.0024887405
0.0012670121
0.0015045913
0.00074426891
0.00036795969
0.00033630693
-0.00029444039
0.00026819469
0.0014232459
0.0022466043
0.0027373028
0.0024428332
0.0026376888
0.00053987114
0.00013579116
-0.00099448616
-0.0011071526
-0.0012449043
-0.0017028372
-0.00065515486
-0.00032316786
0.00043255301
0.0003614824
0.0020621869
0.00087228669
-0.0016895878
-0.004582254
-0.0045466557
-0.0027685152
-0.0026291089
-0.0029294203
-0.0037974187
-0.0054868465
-0.0078613655
-0.0095397233
-0.011467753
-0.011404611
-0.012360275
-0.012302223
-0.0094095204
-0.0090836949
-0.0089287569
-0.010004705
-0.0096572622
-0.0094496204
-0.0090291552
-0.010662694
-0.0093693084
-0.0080194173
-0.006263676
-0.0073499134
-0.0088579397
-0.0087119214
-0.0092967343
-0.0071910405
-0.0068869017
-0.0056998973
-0.0043047217
-0.0050552033
-0.0042016571
-0.0040213587
-0.0035873016
-0.0035939473
-0.004319981
-0.0052986429
-0.0043918909
-0.0036806454
-0.0041761098
-0.0035267119
-0.004309675
-0.0044613893
-0.0035883734
-0.0037113786
-0.0042690392
-0.0046857284
-0.0053090159
-0.0052605953
-0.0054193636
-0.0059644485
-0.0060866792
-0.0064614703
-0.0085349011
-0.0074105484
-0.0051744761
-0.0043547782
1.0204015e-05
0.0022592107
0.0056018424
0.0061618806
0.0088655426
0.0090588348
0.0077744319
0.0082207644
0.0088876523
0.0092641018
0.0078423376
0.0056237311
0.0044259573
0.0051228644
0.0048448361
0.0040429556
0.0035797494
0.0030087192
0.0015736495
0.0016949054
0.0028765354
0.0027217882
0.0024246174
0.0028791135
0.0039654622
0.0048540486
0.0053027879
0.0054921804
0.0053265469
0.0043840936
0.0037720477
0.0030205834
0.0036881869
0.0039471039
0.0037552052
0.0036176942
0.0027061676
0.0013704399
0.00025724003
-0.0014711898
-0.0021825544
-0.0011183473
3.8363222e-05
0.0002577385
0.00011273858
0.0016792839
0.0021761911
0.0026582894
0.0019806907
0.0018027913
0.0020563394
0.0016377766
0.0020594857
0.0019697753
0.0018048062
0.0013627489
0.0013935702
0.00050461843
-0.00045216265
-0.0013594004
-0.00096156168
-0.0020072018
-0.0028911231
-0.0048411548
-0.0049892204
-0.0038502582
-0.0036457458
-0.0030873349
-0.0016953231
-0.00058496434
0.00033969173
0.00032749941
-0.0012530401
-0.0010068957
-0.0014498455
-0.0017630385
-0.0016889161
-0.0019278389
-0.0014853126
-0.00098107752
-0.00072755097
-0.00022080626
0.0011042905
0.00015226953
-0.0020367894
-0.0027460125
-0.0010657892
0.00071057876
0.0011876024
0.00022837425
-0.00090612894
-0.0026472321
-0.0043631687
-0.0067197687
-0.0078888217
-0.007394888
-0.0078101362
-0.005151179
-0.0057841663
-0.0074579121
-0.0081113504
-0.0073828058
-0.0073049697
-0.0089161093
-0.0090608527
-0.007731485
-0.0074201979
-0.0055846223
-0.0070650759
-0.0073707295
-0.0080627603
-0.0075149655
-0.0056690328
-0.0059956479
-0.0053167579
-0.0032162418
-0.0021388211
-0.0023241335
-0.0020431492
-0.0031078219
-0.0028429823
-0.0036979675
-0.0035242259
-0.0034737168
-0.0030947459
-0.0031996357
-0.0030979946
-0.0035086843
-0.0036694748
-0.0033738971
-0.0040192549
-0.0050083263
-0.0051986725
-0.0059851067
-0.006029724
-0.0061634587
-0.0063687964
-0.0071121157
-0.0068665454
-0.0087003801
-0.0098407074
-0.0091732665
-0.0065132115
-0.00072835428
0.0038921896
0.0058611229
0.0066873432
0.0082752433
0.0079768855
0.0066182088
0.0060603171
0.0066913631
0.0050952114
0.006144106
0.0055734829
0.0039656046
0.0039061829
0.0045451273
0.0039281404
0.004205107
0.0034635386
0.0019885398
0.0013338169
0.00139437
0.0011363293
0.0013084056
0.0025637317
0.0030656875
0.0042923406
0.004691668
0.0044487788
0.0046925138
0.0043114309
0.0036752806
0.0034841263
0.0024479062
0.0039046758
0.0040543769
0.0038505614
0.0024833271
0.00085571043
0.00021022485
-0.00062326832
-0.00056413856
-0.00064750526
-0.0006271563
-0.00092887722
0.00069132112
0.0017095986
0.0016785167
0.002352279
0.0023814312
0.0024571729
0.0024147835
0.0035541233
0.0044267244
0.004214177
0.0044360898
0.0040094342
0.0031352165
0.0021262228
0.0010967398
7.3533217e-05
-0.0020201582
-0.0039172869
-0.0055941404
-0.0075012206
-0.0090286708
-0.0098960625
-0.0093351429
-0.0078186387
-0.007511705
-0.0065640255
-0.0047341565
-0.0021773769
-0.0016412982
-0.0013473737
-0.0021041928
-0.0031608126
-0.0031886181
-0.0025236545
-0.00228395
-0.0013101491
-0.0012891991
-0.0022564222
-0.0021413223
-0.0022165086
-0.0026197043
-0.0012103553
0.00076273696
0.0027765798
0.0036711801
0.0054458268
0.0037319588
0.0025683423
0.001210628
-9.740296e-05
0.00069868077
6.9034956e-05
-0.00078747922
-0.001270654
-0.0023077495
-0.0030855819
-0.0031820964
-0.0028749794
-0.0033605708
-0.0044058204
-0.0066319895
-0.0086075401
-0.0072447208
-0.0062876296
-0.0048358151
-0.0061808298
-0.0082348523
-0.0070901317
-0.0063866224
-0.0050499994
-0.0039726352
-0.0032344306
-0.0023436118
-0.00090831935
-0.00049713336
-0.00085190525
-0.002135471
-0.0023371021
-0.0018115035
-0.0018206372
-0.0017844732
-0.0025615869
-0.0032310959
-0.0028126248
-0.0031015455
-0.0030370527
-0.0038149973
-0.0043730665
-0.0042836942
-0.0046010228
-0.0051864374
-0.0051418042
-0.0058684767
-0.0052525392
-0.0064414789
-0.0072570808
-0.008416526
-0.010489574
-0.0050531241
0.00080531142
0.003894122
0.0049553965
0.005103826
0.0063076179
0.0060791882
0.0045222712
0.0067741247
0.0045188352
0.002754918
0.0027519908
0.0032259413
0.004752548
0.0039420029
0.0028095489
0.0028672027
0.002964957
0.0024362365
0.0018100753
0.00097877067
0.00026832038
0.0014402958
0.0015435912
0.0022745902
0.0026566576
0.0036969132
0.0033119081
0.004924657
0.0054283079
0.0057452453
0.0056636765
0.005149882
0.0045868544
0.0054397766
0.0066490075
0.0061088364
0.0061379692
0.0045798865
0.0031928279
0.0019342114
0.00040289286
5.7563937e-05
0.0016398988
0.002533283
0.0030629532
0.0043712528
0.004005524
0.0045007538
0.0043217245
0.004815463
0.0045778934
0.0050049608
0.0057259656
0.0086143044
0.0096290702
0.0088248638
0.0087078578
0.0069955309
0.0053991623
0.0036741463
0.00052083363
-0.0027559789
-0.0066786663
-0.010830835
-0.011148167
-0.015805759
-0.01678805
-0.016650118
-0.013361822
-0.01054035
-0.0088565551
-0.0066883626
-0.0048282854
-0.0034818941
-0.0029914262
-0.003364985
-0.0037142473
-0.0034012887
-0.0037887532
-0.0033162462
-0.0028589108
-0.0024883946
-0.0036519734
-0.0041821124
-0.0037671708
-0.0015101318
0.0010587367
0.0030719441
0.0047862403
0.0088785849
0.010001361
0.0086776602
0.0057653623
0.0059432312
0.0070691875
0.0058428494
0.0040912043
0.0021777653
0.0043115396
0.0046588201
0.0034847379
0.0033876146
0.0038630681
0.0032447214
-0.0018004838
-0.0043810554
-0.0058676056
-0.004826778
-0.0047128637
-0.0037553177
-0.0063489689
-0.0065420823
-0.0051604134
-0.0031494366
-0.0021279172
-0.0020096021
-0.0016962813
-0.00053677844
0.00063082306
0.00028829735
2.8982017e-05
0.00034068773
0.00034033341
-0.00012431625
-0.00089307375
-0.0017115163
-0.0024409851
-0.002930042
-0.0027904455
-0.0030503501
-0.0030217561
-0.0024369618
-0.0028662361
-0.0026190718
-0.0033051158
-0.0030256343
-0.0032661978
-0.0028678296
-0.0041178866
-0.003738397
-0.0045243478
-0.0039124718
0.00016527287
0.003113419
0.004124749
0.0047853621
0.0069823602
0.0042555358
0.0039966177
0.0037652672
0.0055842064
0.0053017448
0.0068043459
0.0050811101
0.0027383512
0.0027126475
0.0039436279
0.003028091
0.0021319345
0.0018656541
0.0019768093
0.0012978634
0.00028968306
0.00061955703
0.00053139703
0.0012903136
0.002129493
0.0024551461
0.0029913159
0.0036752385
0.004300092
0.0066421843
0.0067179959
0.0072222744
0.0078016114
0.0082050296
0.0083437152
0.0093974371
0.0093478224
0.010042229
0.0093155338
0.007259367
0.0072658677
0.0051217694
0.0022054124
0.0018850846
0.0059664319
0.0078332861
0.0082148485
0.007638013
0.0082109732
0.0081730219
0.0084064623
0.0092297644
0.007707077
0.0072046961
0.0087806401
0.01007503
0.0131827
0.013919748
0.012810018
0.011093817
0.0090779584
0.0062505922
0.0015826292
-0.0031913685
-0.0070584474
-0.011747035
-0.013544083
-0.018405687
-0.021461307
-0.018608594
-0.016470393
-0.014629818
-0.011914591
-0.010961244
-0.010480895
-0.0091399362
-0.0086642188
-0.0081898719
-0.006797302
-0.0056254886
-0.0049543257
-0.004308571
-0.0040877628
-0.0055722255
-0.0069126231
-0.0079465397
-0.0069589876
-0.0043082425
0.00058468068
0.0031478784
0.0040498936
0.0072620236
0.0067986302
0.0078716275
0.0070316159
0.0074731101
0.0072124606
0.0070763673
0.0052124608
0.005075181
0.0087714472
0.0084195065
0.00817554
0.0081222874
0.0063162851
0.0042587045
0.0015647452
0.00074338503
-0.0012146861
5.3627676e-05
0.00061081553
0.00072430622
-0.001101595
-0.0030103287
-0.0026234043
-0.0033313848
-0.0015907016
-0.0016524276
-0.0012673009
-0.00091611722
-0.00080122424
-0.00070308365
-0.00029194881
-0.00052965108
0.00024715843
-0.00061849043
-0.00043597561
-0.0016157944
-0.0021749826
-0.0021224097
-0.0023122944
-0.00281298
-0.002092646
-0.0018849207
-0.0018425919
-0.0013050004
-0.0010592109
-0.0010529282
-0.00089468428
-0.00086069754
-0.00024359646
0.001543106
0.0024879938
0.00393135
0.0036486836
0.0058772581
0.0076848032
0.0097568927
0.0094206066
0.0072908039
0.00538433
0.006449188
0.0064603046
0.0070456466
0.00652656
0.0045144728
0.0023449894
0.0023634776
0.0030896645
0.0021684878
0.0010603153
0.00079978606
0.00087553727
0.00051595036
9.0036776e-05
0.00034275062
0.0010629317
0.0019539298
0.0033269612
0.0043637326
0.0048983856
0.0053145481
0.0059781393
0.0078214588
0.0081451815
0.0089886438
0.010332043
0.011248449
0.013236779
0.015320671
0.012852506
0.012055721
0.0091664788
0.0089867306
0.0092068217
0.0066180763
0.0052311147
0.0062251667
0.0092567937
0.011068542
0.01176656
0.012703291
0.012614209
0.010592251
0.011150427
0.010403314
0.0082699598
0.007584296
0.0074482284
0.012727678
0.015599874
0.015804026
0.01622071
0.014722101
0.016652428
0.013767505
0.0094438734
0.0052890131
0.0018098277
-0.0049366623
-0.0128118
-0.016966547
-0.018955176
-0.018190289
-0.017753629
-0.018097323
-0.018351998
-0.017616515
-0.018966795
-0.016474192
-0.016872348
-0.014839742
-0.014561716
-0.01292483
-0.011664328
-0.012611498
-0.013154826
-0.013525779
-0.016940823
-0.015809321
-0.014991583
-0.014452696
-0.009045691
-0.012890412
-0.013601209
-0.008607433
-0.0043528073
-0.0031612757
-0.0018110473
0.0011279269
0.0031306405
0.00030251355
-2.6822423e-05
0.00065314576
0.0021751368
0.0020238381
0.0024220217
0.0056161563
0.0052691351
0.0016098539
0.00047017945
0.00085852542
0.00054743861
0.00050325898
0.0006569754
-0.0011318394
-0.0013650578
-0.0018573423
-0.0024675309
-0.0028286258
-0.0018512034
-0.0016498374
-0.002078162
-0.0023308653
-0.0016793855
-0.001139175
-0.0011826168
-0.00068538375
-0.00016118259
0.00027329953
-0.00054690106
-0.0015511905
-0.0019789325
-0.0024692636
-0.0019045356
-0.0017788279
-0.0004493845
-0.00035530061
0.00074004259
0.0013298072
0.0022722236
0.0026646202
0.0033079454
0.004671504
0.0074984479
0.008153213
0.0067187839
0.0060496927
0.0073882891
0.011120327
0.010552097
0.011527596
0.010486764
0.010175826
0.0086358299
0.0084640662
0.0084925493
0.0072824346
0.0068542009
0.0042483542
0.0029685623
0.0013924653
0.0012230977
0.00070703426
-0.0001866659
-0.0013846749
-0.0018290006
-0.0011039016
-0.00053603405
0.0010423069
0.0022476898
0.00397656
0.0048744152
0.0059027557
0.0064575749
0.0066859887
0.007204597
0.0085614413
0.0093826572
0.010120299
0.011725422
0.013503437
0.016173578
0.017441354
0.015786592
0.010512434
0.0082428455
0.0082326835
0.0060959262
0.0053022413
0.0059023375
0.0055096736
0.0091475952
0.012956961
0.014919759
0.014913281
0.014653115
0.012468849
0.010983606
0.008881184
0.0080112766
0.010467051
0.016022315
0.016753649
0.018624142
0.021623359
0.025814361
0.026463873
0.025531363
0.024611596
0.0183631
0.01416721
0.010215411
0.0019818389
-0.0054507262
-0.013267152
-0.016521145
-0.024336352
-0.026070991
-0.022538882
-0.027776616
-0.028732455
-0.029717915
-0.030679456
-0.032552578
-0.028072829
-0.030117226
-0.028060932
-0.030693233
-0.030473674
-0.030670863
-0.028541337
-0.032989809
-0.034596296
-0.038918357
-0.032283439
-0.023894755
-0.021386351
-0.026266014
-0.026484969
-0.024473264
-0.023570454
-0.015880475
-0.016711036
-0.012839773
-0.013521754
-0.012143796
-0.011670646
-0.011280527
-0.0067858208
-0.005421051
-0.0026484503
-0.002665913
-0.0039886398
-0.004293997
-0.00312889
-0.0017067087
-0.0011997463
-0.0013000484
-0.0020678474
-0.0026509412
-0.0035626595
-0.0028701824
-0.0027414803
-0.0029042611
-0.0033107848
-0.0028438414
-0.0026280649
-0.0024862604
-0.0026060146
-0.0015354667
-0.0016232633
-0.0012663344
-0.00098979046
-0.00097113855
-0.0013017567
-0.00081688473
-0.00069080183
-4.3511303e-05
0.00077577141
0.0014973889
0.0022215721
0.0032298133
0.0034404754
0.0045571004
0.0047638372
0.0064553594
0.008202322
0.011921332
0.011428686
0.0052587997
0.0068845028
0.0081951549
0.011066747
0.010890776
0.013142443
0.011226573
0.0084394261
0.0091427636
0.0067342124
0.0063371174
0.0038787242
0.0032713948
0.0015505027
0.0010516418
-0.0017725414
-0.0021424572
-0.0043002635
-0.0063029204
-0.0046603153
-0.0023376903
-0.0018970022
2.9913784e-05
0.0014264256
0.0029384515
0.0033616807
0.0051673007
0.0062382335
0.007162957
0.0074821258
0.0075663843
0.0095389451
0.010772653
0.011055482
0.011902604
0.013354741
0.016610628
0.015346693
0.011522773
0.010304877
0.0084209071
0.0069744434
0.0042964601
0.0052750624
0.0024759713
0.0010435192
0.0058362244
0.012262044
0.014982082
0.014885873
0.014169931
0.013652031
0.011148156
0.0085157556
0.0088054548
0.016103271
0.019303284
0.018900955
0.022785211
0.028090747
0.03241469
0.033008195
0.029549575
0.023611081
0.017925144
0.010873807
0.0065770786
-0.00052994575
-0.0062952123
-0.0075427565
-0.013343655
-0.024053359
-0.0251382
-0.021541886
-0.029743722
-0.034172745
-0.041199131
-0.040816474
-0.051466568
-0.043830711
-0.045901738
-0.04807149
-0.043524417
-0.049401491
-0.047757116
-0.051836339
-0.059686163
-0.051179174
-0.049798551
-0.04877632
-0.049723791
-0.042666577
-0.04222518
-0.040321779
-0.033677499
-0.031801487
-0.025143299
-0.022993606
-0.019635982
-0.021154549
-0.020562504
-0.017543632
-0.016206349
-0.014147198
-0.011303237
-0.010535798
-0.0086423008
-0.0068373067
-0.0053786427
-0.0042058821
-0.0028407669
-0.0030148619
-0.0024463967
-0.0040174125
-0.0032592915
-0.0038266411
-0.0036680905
-0.0035243202
-0.0024333466
-0.0030454499
-0.0036734496
-0.0032936579
-0.0026518974
-0.0022931342
-0.0016790813
-0.0016967091
-0.0011876443
-0.00083803841
-0.00019882817
-0.00030508772
0.00092663473
0.00059100823
0.0017639247
0.0015083947
0.0023911392
0.003149068
0.0044165862
0.0048500199
0.0069244222
0.0067105568
0.0089547656
0.0090239442
0.014315611
0.012160911
0.005435797
0.0054348989
0.0076333359
0.011491502
0.012430427
0.011176179
0.0092333494
0.0051017384
0.0033068774
0.0020861426
0.0024802179
0.00022082749
-0.00052550359
-0.0041576671
-0.005984472
-0.0055396076
-0.0066787786
-0.0066436075
-0.0041722718
-0.002520002
-0.00038583672
0.00088451501
0.0011194972
0.0021105383
0.0042911941
0.0043438115
0.0057227771
0.00611463
0.0070032075
0.0073876216
0.0087574458
0.010692588
0.011266629
0.013752068
0.013538475
0.015584055
0.014832912
0.011647295
0.0078770326
0.0054038291
0.0056308459
0.005482548
0.004979715
0.0031334437
0.001672303
-0.0033112669
0.0019081768
0.012030073
0.014476656
0.01503615
0.013903574
0.016645105
0.016121133
0.012947908
0.011687994
0.014904957
0.017545763
0.017990699
0.023401097
0.028619208
0.029540341
0.027998911
0.022698747
0.018058197
0.011658234
0.005718048
-0.003314491
-0.0082396159
-0.013728538
-0.012908011
-0.020770334
-0.025483581
-0.021819785
-0.025820579
-0.030080691
-0.037097153
-0.047243807
-0.051875922
-0.048000844
-0.052121557
-0.052802054
-0.054711881
-0.051234053
-0.062749393
-0.062853291
-0.064511474
-0.069308565
-0.064354076
-0.062639951
-0.061588372
-0.056574662
-0.053978041
-0.047805534
-0.042829606
-0.037715819
-0.031109854
-0.025464374
-0.023227005
-0.023075972
-0.023212494
-0.021073208
-0.019900471
-0.017497092
-0.015274285
-0.011938005
-0.0089055365
-0.0081485589
-0.0072127181
-0.0035490291
-0.001338047
-0.00065579481
-0.0016214939
-0.001904631
-0.0028157877
-0.0032362872
-0.0034256144
-0.0026144398
-0.0019726717
-0.0025192595
-0.0019649036
-0.0014713252
-0.0013570827
-0.0016031126
-0.0012609237
-0.0007654262
-0.00020498224
0.00044481329
0.0011365212
0.0027580332
0.0026210396
0.0024356804
0.0032135765
0.0035511775
0.0039420638
0.0049852671
0.0053897201
0.0058509457
0.0069319604
0.0085276516
0.0094017863
0.0097199623
0.011103086
0.013055306
0.011555406
0.0026347647
0.0038636525
0.005459182
0.0077000329
0.0089782323
0.0076443563
0.0046742194
-0.00096959411
-0.0010308871
-0.0014026241
-0.00026675119
-0.0028257845
-0.006666468
-0.0037051313
-0.0035917877
-0.0034505426
-0.0019111215
0.00088113435
0.0014379712
0.0026242629
0.0023189343
0.0043516826
0.0046962128
0.0060796139
0.0050789065
0.0070914504
0.0064407279
0.0074759246
0.0078427806
0.0099364629
0.011096295
0.011682671
0.011924494
0.012479719
0.0086299349
0.0078588925
0.0052828289
0.0019236157
0.0005721148
-0.00025220724
0.00078193368
0.0032207131
0.00015162936
-0.0034892994
-0.0092237786
-0.008363011
0.001125902
0.0067802931
0.0098308218
0.012699009
0.012185268
0.014983317
0.017729235
0.015803975
0.01113843
0.0090556214
0.0097389736
0.010558013
0.011702226
0.012515634
0.0094989906
0.01042631
0.0064198952
0.0016346565
-0.005855362
-0.012055641
-0.020931894
-0.025244642
-0.028187118
-0.025444319
-0.03065389
-0.035811177
-0.04110797
-0.041045277
-0.043143268
-0.045484806
-0.055075321
-0.061326139
-0.059304437
-0.061263635
-0.061970377
-0.058063831
-0.059751785
-0.07011542
-0.070598942
-0.070711788
-0.067073597
-0.068334014
-0.063636401
-0.061672808
-0.057968493
-0.052442631
-0.043677719
-0.038059139
-0.032412586
-0.028903203
-0.024291965
-0.023640438
-0.022002559
-0.023570261
-0.021301508
-0.022097909
-0.019354487
-0.016328663
-0.014299054
-0.011506858
-0.010416875
-0.0053129727
-0.0032522221
-0.00037213209
0.0029700563
0.0013222861
-0.0022054102
-0.0016817865
-0.0012175097
-0.0024845638
-0.0022251678
-0.0018966001
-0.0010820524
-0.00054948044
-0.0010678379
-0.00028244171
-0.0021166717
-0.001983728
-0.00091930507
-0.00071045635
0.0024439938
0.0019182881
0.0036425142
0.0045217677
0.0057132919
0.0049447102
0.0066364555
0.0074466594
0.0088549376
0.0093312591
0.0096566971
0.0096406949
0.011362169
0.011269987
0.012709937
0.013948294
0.017118012
0.011276479
0.0048060909
0.0023025088
0.0010985386
0.0022151021
0.0052509815
0.0033600895
0.0014908568
-0.0035824553
-0.00565933
-0.0034155426
-0.0052986914
-0.0050389077
-0.0034843854
-0.00074088178
0.0010253602
0.0046827493
0.005289055
0.0048955115
0.0054489793
0.0061692319
0.0049437126
0.0065873491
0.0070023316
0.006717747
0.0064429739
0.0072627753
0.0083110308
0.0098279818
0.010162526
0.010293564
0.009953204
0.0030805387
0.0049264397
0.00012674707
-0.0049686265
-0.0012766766
-0.0018519705
-0.0055382648
-0.0039023997
-0.0030021939
-0.0033782268
-0.0043464138
-0.0033827472
-0.0086211191
-0.016603046
-0.013438651
-0.0068200764
-0.0020220502
0.0023844794
0.0056785937
0.0088843123
0.012632048
0.014595851
0.014410781
0.01025966
0.0025924987
-0.0018185176
-0.0060636243
-0.0072007945
-0.011695803
-0.016868375
-0.022421501
-0.026738705
-0.029561088
-0.030156349
-0.033954053
-0.046809995
-0.052910005
-0.048204268
-0.039030669
-0.049079283
-0.057415997
-0.061270321
-0.060958275
-0.062186396
-0.064259815
-0.066508901
-0.066863083
-0.071622875
-0.069069705
-0.068910197
-0.068141393
-0.067166205
-0.069025233
-0.069779265
-0.066485279
-0.061639601
-0.059778005
-0.053656976
-0.048541031
-0.047843929
-0.044438403
-0.03670616
-0.032543214
-0.033423975
-0.029912529
-0.023610604
-0.024715925
-0.024795736
-0.023967572
-0.024359766
-0.021710515
-0.019810323
-0.018635061
-0.016734076
-0.0135532
-0.0090219211
-0.00491863
-0.0025723034
0.0021175931
0.0040494432
0.0044644317
0.0017545241
0.00064504278
0.0043923985
0.002036205
0.0016811572
0.0013547304
0.00018809734
0.0028120388
0.0022916646
0.0019578108
0.0022009807
0.00088227974
0.00075400658
0.0015788561
0.0030476327
0.0047708134
0.0053494154
0.0050170568
0.0071962404
0.0068595464
0.0077525598
0.0080189015
0.0097400537
0.0092981952
0.011071496
0.010068375
0.014995393
0.012351542
0.014346225
0.010085509
0.0073181548
-0.0016669971
0.0035522257
0.013781295
0.001654343
0.0049767885
0.0050566824
0.0031267708
-4.9970235e-05
-0.0021064694
-0.0037434665
-0.0029787182
-0.0058061823
-0.0039824238
0.00092847446
0.0040552108
0.00599707
0.0093120943
0.010353036
0.0061531252
0.0085277346
0.0099201259
0.007435808
0.0079463555
0.00871998
0.0078794712
0.0088744401
0.0074379803
0.008353461
0.0062349849
0.0052133387
0.0058298003
0.0051003008
-0.00099784895
-0.00073148697
-0.0020442841
-0.0027491992
-0.0046128583
-0.0065181625
-0.0044588668
-0.0013774348
-0.0035983796
-0.0023360952
-0.0053945345
-0.0044973976
-0.0085359093
-0.011246046
-0.0080529927
-0.011222675
-0.006564073
-0.0026116934
0.001032212
0.0033974955
0.0076674722
0.0084476696
0.010290403
0.0077179378
0.0013275447
-0.0078717519
-0.017092561
-0.025574922
-0.037614077
-0.045576162
-0.053486551
-0.051124987
-0.045738278
-0.052673569
-0.055048916
-0.066889998
-0.076112609
-0.079036431
-0.069723806
-0.07462896
-0.086022959
-0.090923334
-0.083581508
-0.079603163
-0.074780527
-0.072493333
-0.070675039
-0.067626437
-0.058701662
-0.056830728
-0.067902136
-0.068565319
-0.063623638
-0.060181515
-0.054176131
-0.048446924
-0.044438039
-0.037834985
-0.032368038
-0.030375087
-0.026631699
-0.022499897
-0.020883756
-0.021515486
-0.021177908
-0.017844384
-0.01833496
-0.019110433
-0.018068425
-0.017317728
-0.016734957
-0.01850004
-0.013655723
-0.010750223
-0.012018877
-0.0069757127
-0.0023652079
-0.0018513687
-0.0007024924
0.0038580141
0.0034878451
0.0015507472
-0.00067670705
0.0024711327
0.0034466822
0.0013105793
0.001015113
-0.0018198895
-0.0014393396
0.0020686458
0.0027450254
0.004036706
0.0042024411
0.0020988992
0.003356747
0.0044726131
0.0054259025
0.0058946742
0.007047576
0.0087757366
0.010551783
0.012621699
0.011278294
0.010653233
0.010363557
0.013012888
0.014685325
0.016309228
0.021109083
0.025149572
0.015942849
0.0068400722
-0.00024207574
0.0091343506
0.013311529
0.0076755764
0.0051261322
0.0035104333
0.0038267506
0.0018708885
0.000120336
-0.0019646744
-0.0013128432
-0.0016002707
0.0006243464
0.0028579597
0.0070102822
0.0071862479
0.0084494677
0.011692348
0.0096275852
0.01205977
0.010804874
0.011637514
0.0089511357
0.0091017344
0.0093581566
0.008020271
0.0068816178
0.005942375
0.0047975439
0.0053128323
0.0031045943
0.0019870726
-0.001178204
-0.00081274702
-0.0027854545
-0.0012168746
-0.0030900068
-0.0052088474
-0.0029065491
-0.0030150179
-0.0048721879
-0.0016490089
-0.002840822
-0.0034138197
-0.0031235679
-0.0027089177
-0.0083591635
-0.012947126
-0.01277825
-0.011300248
-0.01057529
-0.0084101344
-0.0053101883
-0.0039177238
-0.0014924565
-0.0037701056
-0.0066271644
-0.012581692
-0.022689226
-0.036712348
-0.052955472
-0.070522028
-0.072717392
-0.064094038
-0.066572245
-0.075291157
-0.084331295
-0.091430103
-0.095816983
-0.094758601
-0.086385307
-0.077116
-0.086542834
-0.083494993
-0.075350363
-0.080551016
-0.082046006
-0.078272611
-0.064477777
-0.050727452
-0.0450161
-0.046578005
-0.057244078
-0.05546221
-0.040797521
-0.034990473
-0.029676101
-0.023710872
-0.018288938
-0.014793266
-0.010794482
-0.0069715556
-0.0048271588
-0.0049326233
-0.0029151964
-0.0022963251
-0.0025534598
-0.00084257501
-0.0047650431
-0.006442137
-0.0066376775
-0.0088336938
-0.0096181531
-0.0064443498
-0.0055784294
-0.0067039161
-0.0071650766
-0.0059775318
-0.0052477301
-0.0055752127
-0.0029531187
-0.0019388766
-0.00093522828
-0.0014207101
-0.0026180388
-0.0030950642
-0.0067122457
-0.0061152918
-0.0073451052
-0.0075107564
-0.0027286868
-0.003955146
-0.0026680005
0.0038110086
0.0064998866
0.0075365122
0.0079411028
0.010253314
0.016371382
0.020795767
0.023731889
0.025766304
0.030183378
0.031355815
0.032247658
0.03463171
0.031626815
0.031827704
0.030669284
0.024287806
0.017407303
0.014388452
0.0021421165
-0.0028976496
0.010005004
0.016690316
0.014995777
0.0063856945
0.0072204552
0.0030089647
0.00056236823
-0.00073675334
-0.0011695376
0.0002412977
0.00059712418
-0.00096578746
-0.00038090832
0.0023358263
0.0035258013
0.0049120697
0.0054999805
0.0079672318
0.0089328096
0.007501439
0.0070997609
0.0083880619
0.008255401
0.0083497337
0.0074501677
0.0046526563
0.0031759852
0.0036063709
0.0061271816
0.00514115
0.0016679162
-0.0012454853
0.00083178236
-0.0021223968
0.0006615851
0.00060142341
-0.0023500496
-0.0037429895
-0.0046254242
-0.0058813985
-0.002856055
-0.0019680635
-0.00053633773
-0.0015352292
-0.0031232584
-0.0049643963
-0.011964404
-0.019312019
-0.018416906
-0.022149272
-0.020710757
-0.018027945
-0.015109005
-0.013447803
-0.012276844
-0.016835522
-0.018560954
-0.025131337
-0.032852286
-0.045084464
-0.06211439
-0.085864649
-0.074482428
-0.072453526
-0.083871513
-0.081579991
-0.086022344
-0.085678787
-0.083142786
-0.075564814
-0.065626993
-0.04600797
-0.042647359
-0.05313111
-0.056140067
-0.063086438
-0.07254269
-0.06601344
-0.054677356
-0.036233142
-0.018051163
-0.02405195
-0.036039433
-0.027515175
-0.016639948
-0.0079300507
-0.0041068026
0.00021470318
0.0038963685
0.010272233
0.010196788
0.012771031
0.013046672
0.011306945
0.011753867
0.0095553999
0.0088679814
0.0074360939
0.0057610459
0.0049300922
0.0054237678
0.00060087049
-0.0010809015
-0.0010308267
-0.00080039068
-0.0026281003
-0.0037691986
-0.0024533454
-0.0013913861
-0.0010093404
-0.0001909961
-0.00095727864
-0.0020258168
-0.0040558827
-0.0047022653
-0.0045502664
-0.0058864287
-0.0076854011
-0.005704419
-0.0075633881
-0.006035733
-0.0035872174
-0.0005974213
0.0018804097
0.004915526
0.0078794707
0.0087814665
0.015302098
0.023620682
0.027477404
0.035064615
0.041825082
0.045568678
0.047521066
0.044337827
0.040885034
0.0417288
0.041102448
0.034247787
0.031087338
0.025087239
0.010455427
-0.00080056811
0.010900887
0.014896608
0.016433048
0.011965225
0.0066147928
0.0020609442
-0.00026063446
-0.002015684
-0.0023916296
-0.0031084757
-0.00092331932
0.00020825077
0.0014479492
-0.00020662266
-0.00029564985
0.00025760829
0.0028161463
0.0013693667
0.0022775192
0.0044879186
0.0049383647
0.0053021246
0.0057523036
0.0040411577
0.0039681248
0.0018486241
0.00050319355
-4.1742995e-05
0.00080238609
0.0027554332
0.0036450171
0.0020175441
-0.0013404624
-0.0002397235
0.00079745576
-0.0010791108
-0.0010815755
0.00093616096
-0.0012903155
-0.0026394392
-0.0032336188
-0.0028276313
-0.003621395
-0.0047752818
-0.0043889117
-0.0065297347
-0.01133477
-0.015568846
-0.019822765
-0.017800006
-0.018295025
-0.02174751
-0.024174018
-0.024223343
-0.023516776
-0.022592454
-0.025582923
-0.028637579
-0.033454834
-0.040963779
-0.051047308
-0.065628264
-0.078660799
-0.070611122
-0.078150841
-0.08364673
-0.079188438
-0.075425997
-0.064707095
-0.052538554
-0.042223659
-0.032340921
-0.016056221
-0.023722297
-0.038501828
-0.040008386
-0.042288684
-0.038903518
-0.031858132
-0.025349664
-0.013635719
-0.0010828491
-0.0090037816
-0.010445678
0.00042746199
0.0087219866
0.012405557
0.013846172
0.020629729
0.02285316
0.022028967
0.017637309
0.01933155
0.017640824
0.016101683
0.01817333
0.015926846
0.01303323
0.01162877
0.0080141211
0.0090423298
0.0062941922
0.0042885589
0.002106772
0.0030455522
-9.5439749e-05
1.5509334e-05
-0.003450092
-0.00350373
-0.0021294632
-0.0013388632
-0.0016189352
-0.00057500307
0.00065269716
-0.0018605863
-0.00039431134
-0.00034414898
8.700448e-05
-7.9827353e-05
0.00052571444
-0.00011594778
0.0013769888
0.0024254448
0.0061847849
0.0096196162
0.012025528
0.012383604
0.014165445
0.017296142
0.026022524
0.032398816
0.037456168
0.04363187
0.049030163
0.049525846
0.047027337
0.043523692
0.04201197
0.040146532
0.02690283
0.017782094
0.0078721414
0.0038965892
0.0066062481
0.014035602
0.012378216
0.010472474
0.0056438446
0.0029645567
0.00088231809
-0.0033921864
-0.0028297537
-0.0036313498
-0.0039288864
-0.001096145
-0.00086454346
-0.0016913222
-0.0021151364
-0.0028958777
-0.0027380846
-0.0019677854
-0.00039037766
0.00034896547
0.0011516002
0.0041065101
0.0054927161
0.0048119821
0.0029997553
0.0018827643
0.0015916739
0.00027783969
-0.0025761844
-0.004399652
-0.00024089916
0.00034644994
0.0011065122
0.00021541336
-0.003233361
-0.003967747
-0.005811478
-0.0042602467
-0.0035917544
-0.0036508341
-0.0014269917
-0.0037850712
-0.0033763471
-0.0041142456
-0.0046844428
-0.003598498
-0.0062688587
-0.0093089906
-0.013153764
-0.013516725
-0.015999608
-0.016440318
-0.016537564
-0.018607885
-0.023296657
-0.025558823
-0.026509974
-0.028162869
-0.031107421
-0.036246652
-0.041327408
-0.046425649
-0.053456055
-0.054496746
-0.052129506
-0.057164709
-0.060255284
-0.059217229
-0.049497872
-0.036391413
-0.021351661
-0.0067887838
-0.0011513028
-0.0017860841
-0.013589267
-0.024193311
-0.020698941
-0.021010591
-0.015678646
-0.0082740526
-0.0014296636
0.0053837152
0.011179626
0.0079234743
0.0090153819
0.015844265
0.019140638
0.023007704
0.020716173
0.021558286
0.021507131
0.02119658
0.016872328
0.015858356
0.016285575
0.014481272
0.014769751
0.01104191
0.0093720737
0.0076110378
0.0051327113
0.0051040749
0.0043369636
0.0029894035
-0.0011658159
0.0018129181
0.0020468581
0.00041032685
-0.0018571057
-0.0042965499
-0.0026280115
-0.0025777385
-0.001655196
-0.0025951594
-0.0010122284
0.00017079658
0.00020744625
0.0010303866
0.0030926753
0.0034926242
0.0034684114
0.0024766419
0.0035753999
0.0064183761
0.0084250454
0.011168541
0.015062416
0.016576369
0.019529962
0.024756053
0.028386817
0.031529892
0.034311398
0.037582889
0.040738576
0.041186875
0.035990407
0.02664681
0.017107443
0.014602062
0.012271036
0.0083269851
-0.00011959506
0.0054103973
0.013208225
0.0096570929
0.011369483
0.0080650816
0.0039988213
-3.6047764e-05
-0.0040795059
-0.0061710571
-0.007189723
-0.0084663713
-0.008859756
-0.0065533345
-0.0036699571
-0.0017021718
-0.0026763932
-0.0041095256
-0.0040336079
-0.0036384153
-0.0022468918
-0.0013316142
-0.00044982743
0.00045055587
0.00070878811
0.00095042305
-0.00014841451
-0.00073880706
-0.0019637366
-0.00074478209
-0.0038357427
-0.0044478593
-0.002505313
-0.0029394713
-0.0024049778
-0.003643864
-0.0053288891
-0.0048032691
-0.0059529012
-0.0067898398
-0.0051257963
-0.004358867
-0.0035291321
-0.0022110504
-0.0032699238
-0.0034965146
-0.0034249393
-0.0041670641
-0.0028278256
-0.0047688087
-0.006200647
-0.0098917368
-0.011109007
-0.010537872
-0.014160407
-0.013558512
-0.017404697
-0.021256633
-0.024208153
-0.026934578
-0.028039339
-0.033990203
-0.038511148
-0.040976405
-0.038872335
-0.033097112
-0.033331224
-0.036279422
-0.027149143
-0.025757295
-0.023214688
-0.0082414441
-0.00072742117
0.0093993088
0.007066345
0.0033173543
-0.0040221588
-0.0069992996
-0.0086823359
-0.006100735
-0.001042311
0.0012199184
0.0048843557
0.0078684595
0.016274104
0.016767013
0.017034208
0.016735706
0.016081906
0.019516698
0.018283002
0.017966782
0.015421921
0.014344722
0.013718799
0.010856096
0.0069360018
0.0060328725
0.0077338438
0.0053213654
0.0051811147
0.0041637903
0.0049492507
0.0022768632
0.0011719415
0.00050554214
0.0013529018
0.0019930432
0.0016464966
0.0015837217
-0.0010166294
-0.0021477681
-0.0016971868
-0.0005854594
-0.0012856014
-0.0018846541
-0.0017935477
-0.00096569295
-0.00037608408
0.001589267
0.0031405038
0.0029032617
0.0029755494
0.0029543721
0.0027098099
0.0050431561
0.0065311587
0.007931875
0.011031917
0.014271869
0.017073189
0.02008569
0.023487972
0.025973864
0.028900411
0.027087681
0.026759143
0.022261047
0.010298421
0.0087998552
0.0089424745
0.0086163901
0.010832682
0.0073978218
0.0034730772
0.0074358351
0.010440436
0.0094722665
0.0088863759
0.0066826839
0.0025487717
-0.00075696648
-0.0013456565
-0.0023181007
-0.0032068515
-0.0040692716
-0.0051763339
-0.0039679964
-0.0036523744
-0.0029982701
-0.0019684553
-0.0028919687
-0.0051888554
-0.0049770879
-0.003629918
-0.0036082476
-0.0028668617
-0.0031492878
-0.0030906828
-0.0034686144
-0.0032821049
-0.0028507905
-0.003025763
-0.0021438981
-0.0038497327
-0.0031244174
-0.0018616555
-0.0040586744
-0.0018312478
-0.0047042449
