0.004970704
0.0048814578
0.0049651838
0.0052411235
0.0047462297
0.0036583159
0.0036169631
0.0034231868
0.0050623433
0.0060236852
0.0066059461
0.0045018727
0.0032620635
0.0017381004
0.00059349569
-0.00013865653
0.00084596612
0.0021169037
0.0017766839
0.00070674549
0.0019083209
0.0018184609
0.0012261814
0.00036057346
0.00016280002
0.00085099897
0.001466008
0.00091807244
-5.6079121e-05
-0.00031275465
-0.00051764666
-0.00013330259
0.00031455627
-0.00047410368
-0.00055713762
-0.0016493262
-0.0013633362
-0.0021847203
-0.0020598719
-0.0022104823
-0.0026151955
-0.0014550067
-0.000189047
0.00088956403
0.0018691088
0.0016456913
0.0014009018
-0.00054179291
-0.00099387246
-0.0026984402
-0.003262554
-0.0035324305
-0.002498761
-0.00065339653
0.0001032892
0.00050771812
-0.00012959029
0.0012453161
-0.00090107149
-0.0033478841
-0.0062342054
-0.0064466983
-0.0058341702
-0.00600536
-0.0065655245
-0.0080633912
-0.010000103
-0.012735101
-0.01421387
-0.015236532
-0.014326948
-0.014077262
-0.013203528
-0.0097356382
-0.0089137675
-0.008310318
-0.0081903071
-0.0083178025
-0.0084421387
-0.0077546644
-0.0089981192
-0.0074433968
-0.007144889
-0.0053732217
-0.0067602605
-0.0078499268
-0.0076623096
-0.0077070667
-0.0054283882
-0.0048519933
-0.0031384481
-0.002258838
-0.0029869425
-0.0026216137
-0.0023160311
-0.0020372257
-0.0022056381
-0.0034005801
-0.0040061374
-0.0036297407
-0.0032546383
-0.0034563418
-0.0026558269
-0.0033415967
-0.0030987033
-0.0024379321
-0.0028135333
-0.0033752195
-0.003616198
-0.0042738609
-0.0039677257
-0.0041098121
-0.0043838857
-0.0044352064
-0.0048085935
-0.0061565659
-0.0038390663
-0.0025341048
-0.00096096538
0.0042722683
0.00555342
0.0083808408
0.0078520087
0.0096206239
0.0086738347
0.0072564013
0.0076944589
0.0087308957
0.0085359678
0.0070049398
0.0041351948
0.0040114113
0.0053347581
0.0048262155
0.0042079438
0.0037753491
0.0034497
0.0019912302
0.0027166508
0.0040828667
0.0034186179
0.0031192746
0.0034281995
0.0044916798
0.0047865871
0.0048449714
0.0047631712
0.0042297643
0.0031852352
0.0027029079
0.0030278934
0.0037613934
0.0037104726
0.0030942502
0.0026588453
0.0019965745
0.00087978552
0.00034104132
-0.001548926
-0.002479201
-0.0012418153
-0.0010735016
-0.00034791319
0.00036756806
0.00060985794
0.00038685225
0.0005786945
2.9685333e-05
2.6392861e-05
0.00017624563
-0.00017889638
-0.00053218984
-0.0010887195
-0.0011263754
-0.0017641591
-0.0020578147
-0.0026187149
-0.0033151217
-0.0043458802
-0.0040807196
-0.0047013172
-0.0052135199
-0.0064631612
-0.0060183214
-0.0049652477
-0.004855386
-0.0038922295
-0.0022218274
-0.0010781137
-0.00034567612
-0.00097650571
-0.0017866124
-0.0013175189
-0.002612164
-0.0034284765
-0.0034701133
-0.0026105696
-0.0011789958
-0.000326195
-0.00035306393
-0.00014076789
0.00069582834
-0.0012874199
-0.003253504
-0.0039643774
-0.0034860485
-0.0034078118
-0.0037368516
-0.0057624215
-0.0074605684
-0.008881016
-0.010206882
-0.011650853
-0.011146828
-0.0094672926
-0.0089498778
-0.0059942193
-0.0056286673
-0.0065362867
-0.005854016
-0.0050456792
-0.0058182219
-0.0078594556
-0.0074374599
-0.0063386622
-0.0056224204
-0.0042701801
-0.0053686213
-0.0055011276
-0.0065361175
-0.0056005635
-0.0040102226
-0.0039977826
-0.0029529198
-0.00094499493
-0.00083375538
-0.001209101
-0.0015431638
-0.0023666626
-0.0020661757
-0.002990349
-0.0030942079
-0.0029810065
-0.0028004212
-0.0028315554
-0.0028628385
-0.0029762158
-0.002978597
-0.0029072746
-0.0035920033
-0.0042013907
-0.0045256151
-0.0051814799
-0.0051486947
-0.005186118
-0.0054662679
-0.0059394283
-0.0055867002
-0.007178045
-0.0070472409
-0.0051237189
-0.0015548826
0.0055482226
0.0083217209
0.0080428401
0.0085985748
0.0086184079
0.0070976625
0.0052759253
0.0051515248
0.0062328162
0.0053197734
0.0062210732
0.0053747327
0.0036984042
0.0041278286
0.0043913378
0.0040636287
0.0041282075
0.0028647647
0.0017926087
0.0014455286
0.0016360875
0.0014677044
0.0020741264
0.0029117293
0.0033669473
0.0045544634
0.0038833011
0.0033017925
0.0033259857
0.0024089247
0.0023493605
0.0019395921
0.0017962829
0.0036246
0.0030583157
0.0022561412
0.00077644105
-0.00037781595
-0.00056709639
-0.0013495185
-0.0015622275
-0.0016699497
-0.0016248813
-0.0019427714
-0.00030890009
0.00082782269
0.00022701723
0.00038892019
0.00074828922
0.00086390764
0.00060700378
0.0017971771
0.0024916251
0.0019164058
0.00092223736
-0.00038235384
-0.0010158188
-0.0027320351
-0.0035418515
-0.0051231071
-0.0072524385
-0.0080964735
-0.0090742246
-0.010534723
-0.011609551
-0.011815825
-0.01095679
-0.009479658
-0.0087386797
-0.0074074358
-0.0046158298
-0.0025968445
-0.0025372274
-0.0022710288
-0.0029901805
-0.0039986113
-0.0045548963
-0.0040600254
-0.0031217903
-0.0011695546
-0.0013238545
-0.0023098987
-0.0021836523
-0.0022785335
-0.0025689561
-0.0017564938
-0.00060473563
-0.00062684336
-0.0010780918
-0.0011411941
-0.0043459625
-0.0051833437
-0.0055336117
-0.0058625691
-0.0044109584
-0.0032946767
-0.0033562072
-0.0028477025
-0.0036526404
-0.003338112
-0.0014627757
-0.001598313
-0.0027614701
-0.0045039102
-0.0065800418
-0.0077993245
-0.0061088645
-0.0046863543
-0.0032431938
-0.0051920664
-0.0067911333
-0.0054214355
-0.0049954397
-0.0035332529
-0.0031600448
-0.0028926123
-0.0018940382
-0.00080639043
-0.00062470889
-0.0013247849
-0.002806961
-0.0028760818
-0.0022893781
-0.0021871197
-0.0023337551
-0.0034456977
-0.0040148005
-0.0034620466
-0.0036845041
-0.0035290606
-0.0040563845
-0.0041100547
-0.0040681666
-0.0044529115
-0.0051258934
-0.005087212
-0.0057336364
-0.0052530789
-0.0065058822
-0.0064665516
-0.0072713012
-0.0073344025
-4.3695676e-05
0.0053852485
0.0062814074
0.0060701907
0.0051306489
0.0049102746
0.0037028779
0.0030055153
0.005306143
0.0032329364
0.0027680658
0.0032220016
0.0037716024
0.0046758997
0.0034319673
0.0028479991
0.0025784008
0.0025680974
0.0018811937
0.0011463805
0.00048254539
-1.6717125e-05
0.0010815585
0.0011516279
0.0019480998
0.0024306292
0.0033301653
0.0028478049
0.003004666
0.0031450701
0.0032778724
0.0032574472
0.0028252969
0.0020993548
0.0035438817
0.0052199539
0.0047473672
0.0040156394
0.0020158747
0.00063258014
-0.00040409837
-0.0015545798
-0.0015327361
0.00038912895
0.00051581011
0.00092664638
0.001498667
0.0010720191
0.0016044758
0.0018135503
0.0021672713
0.0018839753
0.0027052934
0.0033861184
0.0060509501
0.0054442689
0.0032688775
0.0023272645
-0.00014587806
-0.0022260644
-0.0049841171
-0.0076575664
-0.010141301
-0.013863292
-0.01605154
-0.01573892
-0.020103832
-0.019540017
-0.018666686
-0.014658921
-0.011616378
-0.00938989
-0.0069787391
-0.0055614616
-0.0047844636
-0.0045281801
-0.0050686368
-0.005138117
-0.0049877892
-0.0052686941
-0.0041051639
-0.0027482908
-0.0028941787
-0.0040481695
-0.0041374115
-0.0026881446
-0.0016591536
-0.00013770897
0.00064686125
0.00061828454
0.0026580744
0.0027769023
0.00017757731
-0.0026122137
-0.001174556
-0.0007024148
-0.0012045576
-0.00059733581
-0.0012422108
0.00168557
0.0025441131
0.0024176241
0.002594066
0.0018973706
-0.0010535897
-0.005275779
-0.0067327133
-0.0075827534
-0.006106947
-0.0052030492
-0.0047642047
-0.0075175972
-0.0072155949
-0.0056780829
-0.003899443
-0.0037859683
-0.0034181681
-0.0030309188
-0.0017235047
-0.0012809868
-0.0018752817
-0.0021393693
-0.0016046643
-0.0020642845
-0.0026284967
-0.0034956937
-0.0038805065
-0.0044743102
-0.004834466
-0.0047157987
-0.0047951533
-0.0041711719
-0.0036006907
-0.003759752
-0.0035428008
-0.0041113005
-0.0038429513
-0.0041945632
-0.0036815792
-0.0046277609
-0.0034505121
-0.0041326233
-0.0028033115
0.0019814861
0.0040288924
0.0036778694
0.004626267
0.0056043094
0.0018126081
0.00030243184
0.00082733922
0.0024376045
0.0026735686
0.0045050436
0.0029742807
0.0012367242
0.0016594846
0.002622571
0.001692572
0.00082364678
0.00032961312
-0.00010390754
-0.0010399463
-0.001538504
-0.0010431996
-0.001200098
-0.00023726429
0.00031805801
0.00080673096
0.001421747
0.0021476327
0.0025715631
0.003201104
0.0032726029
0.0039395498
0.0042717896
0.0046820999
0.0050160064
0.0063504156
0.0064819303
0.0064795284
0.0047720177
0.0039830856
0.0038381819
0.0018818259
-0.00099713589
3.8026946e-05
0.0033414599
0.0036560845
0.0034621826
0.0027906993
0.0037692043
0.0037837349
0.0048705467
0.0051976564
0.0039219302
0.0041104167
0.0055542811
0.0064738126
0.0085079196
0.0082292044
0.0049773148
0.0010094452
-0.0017925274
-0.0060397703
-0.010402464
-0.014351394
-0.015725107
-0.018933242
-0.020780868
-0.025155751
-0.025949599
-0.022420116
-0.019629596
-0.016913297
-0.013364473
-0.012354267
-0.012094537
-0.011079067
-0.010224507
-0.0096866554
-0.0080959026
-0.0071027113
-0.0064021885
-0.005503059
-0.0050321895
-0.0062629647
-0.0074243123
-0.0077423828
-0.0070009716
-0.0047553538
0.00064768884
-0.00011445525
-0.0016410718
-0.00019983323
-0.00020544994
0.00044968439
-0.00043375746
4.2489673e-05
-0.0006990846
8.7167588e-05
9.056331e-05
0.00090476784
0.0034057486
0.0034665405
0.0033788469
0.0032996701
0.0010088567
-0.00094616771
-0.0023713573
-0.004227321
-0.0056619008
-0.0036029973
-0.0032273871
-0.0035640337
-0.0053776029
-0.0059602814
-0.0056113874
-0.0058134784
-0.0044383249
-0.0047340095
-0.0041119281
-0.0036048114
-0.0036512129
-0.0037990933
-0.00363398
-0.0036779028
-0.0033073842
-0.0043643997
-0.0041084758
-0.0051780186
-0.0055490579
-0.0052270371
-0.0051620934
-0.0049567064
-0.0040647517
-0.0036424793
-0.0033224491
-0.002846316
-0.0025698739
-0.002715796
-0.002178493
-0.0018727151
-0.00068377773
0.0012558284
0.0018649619
0.0026538513
0.0033992784
0.0057508061
0.0055642561
0.0065596557
0.0051286127
0.0017936624
0.00024436585
0.0023669617
0.0021026977
0.0025212542
0.0023836692
0.0010290007
-0.0012474927
-0.00062325275
-0.00033037246
-0.00087934713
-0.0019286376
-0.0021316848
-0.0023512333
-0.002729558
-0.0030038476
-0.0022445642
-0.0014060773
-0.00030339157
0.00075663273
0.0015892873
0.0018236729
0.0021351392
0.0027903957
0.0035202977
0.0039039611
0.004540475
0.0055249535
0.0064533191
0.0081751492
0.0089453197
0.0049962851
0.004519244
0.0019187467
0.0041720531
0.0044532382
0.0021394299
0.0011311066
0.0024197409
0.004256088
0.0042236057
0.0052303629
0.006178676
0.0061994353
0.004552973
0.0053980635
0.0042826691
0.0028645364
0.0034445837
0.0035755595
0.0091847481
0.01096306
0.010314397
0.0083274573
0.0055807567
0.0061172008
0.00047410358
-0.0038508766
-0.0082397113
-0.010931211
-0.017756726
-0.024875127
-0.026987255
-0.027400288
-0.027159603
-0.026146794
-0.024657952
-0.023457656
-0.022262248
-0.021716069
-0.019142469
-0.019127596
-0.016635842
-0.016267363
-0.013950384
-0.013133003
-0.013882163
-0.01433836
-0.014607725
-0.018090145
-0.016563843
-0.017254071
-0.015954489
-0.010601915
-0.017655626
-0.01911909
-0.013285636
-0.0084669192
-0.0081091298
-0.0062681628
-0.0028739358
-0.0016096951
-0.0052948411
-0.0051587945
-0.0046281524
-0.0037498953
-0.0030889352
-0.0017489045
0.0011086628
0.000274456
-0.0025806904
-0.0030630482
-0.0036915258
-0.0038452468
-0.0036673472
-0.0039474284
-0.0052851592
-0.0052257553
-0.005359395
-0.0056412624
-0.0060721206
-0.0051495133
-0.0051051985
-0.0051797568
-0.0053035619
-0.0046136173
-0.004339596
-0.0043619058
-0.0039463545
-0.0035478888
-0.0031823314
-0.0043260473
-0.0051020099
-0.0051961791
-0.0052850009
-0.0045047683
-0.0037351034
-0.0023330313
-0.0020493947
-0.00073221938
-0.00016956185
0.00088480676
0.0011294851
0.0019081858
0.0036811912
0.0062977056
0.0058201302
0.0041052226
0.0040337446
0.0054273917
0.0074761518
0.0058091865
0.0063257377
0.0041970862
0.0039207911
0.002914332
0.0030917489
0.0024341057
0.001982517
0.0018717948
-0.00060579519
-0.0019665346
-0.0037786744
-0.0041183502
-0.0046346933
-0.004798775
-0.0057269867
-0.005060863
-0.0039328831
-0.0034364057
-0.0018928711
-0.0006857029
0.0008159449
0.0012638764
0.0018710947
0.0020824875
0.0023672706
0.002928335
0.0036723683
0.0040943613
0.0049489732
0.0064205392
0.0077072671
0.0092513334
0.0076804322
0.0052810492
0.00098430399
-0.0006323985
0.0011587852
0.00071098327
0.0012542422
0.0010799746
0.0011370959
0.0033149768
0.0050855807
0.0064632544
0.0069533407
0.0062777678
0.005104821
0.003569581
0.0024105872
0.0027297581
0.00587667
0.01101893
0.01147243
0.014496804
0.016510354
0.020011878
0.018265588
0.015867751
0.012270425
0.0031984756
-0.0011045236
-0.0070859014
-0.016666014
-0.023669593
-0.031128301
-0.033316119
-0.040768649
-0.038971354
-0.035009234
-0.037040999
-0.037208792
-0.035848221
-0.03603935
-0.036423494
-0.032256265
-0.032915519
-0.030268202
-0.033123711
-0.031922353
-0.032059724
-0.031460945
-0.037141815
-0.038026272
-0.040864173
-0.03327217
-0.024954033
-0.025106585
-0.032044548
-0.02935144
-0.028467816
-0.025515188
-0.017601663
-0.018366541
-0.014213396
-0.016363161
-0.014496825
-0.014829071
-0.013468589
-0.00896629
-0.0080139217
-0.0049395161
-0.0046046439
-0.0052230981
-0.0054069883
-0.0044143587
-0.0042624142
-0.0036526778
-0.0041998815
-0.0053935227
-0.0053364056
-0.0057487445
-0.0046811104
-0.0047200284
-0.0050420578
-0.0052984406
-0.0048595808
-0.0047032206
-0.0047656372
-0.004644508
-0.0036877839
-0.0039016943
-0.003596385
-0.0034259463
-0.0036523109
-0.0040675546
-0.0035909439
-0.0031035017
-0.0019365977
-0.0011143931
-0.00026791745
0.00075604201
0.0016740029
0.0018913708
0.0029671722
0.0031376935
0.005154261
0.0066829403
0.010081176
0.0074724129
0.0012732694
0.0038326029
0.0047628881
0.0064695134
0.0049491901
0.0070569312
0.0039638395
0.0018282448
0.0022902111
-7.8404338e-05
-0.0006072809
-0.0026727561
-0.0032430787
-0.0049851608
-0.0056673169
-0.0084393409
-0.0090243231
-0.010463495
-0.010066902
-0.007060201
-0.0048891924
-0.004428898
-0.0028962752
-0.0016086709
-0.00052629191
-0.00017348439
0.00098349509
0.0017968088
0.0022626439
0.0023900275
0.0029324551
0.0043103025
0.0055276444
0.0056106424
0.0065566738
0.0072748535
0.0087703553
0.0045665479
0.00048650408
0.000242311
-0.00051455813
-0.00064865307
-0.0013512137
-0.00053559865
-0.0037163586
-0.00272323
0.0016338615
0.0059383332
0.007425991
0.0073930866
0.0061560797
0.0058842175
0.0035353508
0.0013886735
0.0035014489
0.011350963
0.013238321
0.013582709
0.018398431
0.023348506
0.026187825
0.02486791
0.018258262
0.011049277
0.0041889791
-0.0053609867
-0.011148855
-0.019775085
-0.025157946
-0.026788075
-0.03273708
-0.042388895
-0.038014869
-0.035659122
-0.042858842
-0.046485441
-0.051655325
-0.050588812
-0.057904601
-0.049460918
-0.05081077
-0.050540554
-0.046920792
-0.053320209
-0.050999813
-0.057195673
-0.062024284
-0.052724406
-0.052586413
-0.049890839
-0.050525892
-0.042081062
-0.043428798
-0.039421295
-0.0336704
-0.029963555
-0.023415871
-0.022774644
-0.020199428
-0.022725949
-0.02069997
-0.016925396
-0.015923054
-0.013118922
-0.010121025
-0.0086311912
-0.0070960825
-0.0050571723
-0.0046332585
-0.0040164439
-0.0039457766
-0.004858812
-0.004602743
-0.0056324562
-0.0047273634
-0.0043017823
-0.0037573667
-0.0038410257
-0.0034417427
-0.0041998209
-0.0043055847
-0.00391594
-0.0035870146
-0.0031276507
-0.0030432154
-0.0029032863
-0.0025082294
-0.0022315643
-0.0021668511
-0.0023620619
-0.0010031551
-0.0010268429
2.7239767e-05
-4.3200866e-05
0.00078548094
0.0017653745
0.0030053332
0.0031839634
0.0049864954
0.0049553681
0.0071476504
0.0068310497
0.011080086
0.0060747724
-0.0002691863
0.0013903143
0.0031795959
0.0064194715
0.0062873242
0.0035137957
0.00090557141
-0.0029028846
-0.0039448272
-0.0047348838
-0.0040850208
-0.0070180813
-0.0077996114
-0.010795342
-0.011020084
-0.010336454
-0.010509552
-0.0094454119
-0.0069883105
-0.0049825254
-0.0031032183
-0.0021492814
-0.0022220021
-0.0010626899
0.00042253886
0.000171798
0.001115476
0.0010320308
0.0019663209
0.0023179847
0.0041616446
0.0047777916
0.0057743471
0.0069130346
0.0060217596
0.0087970652
0.0058252363
0.0017890535
-0.0013523553
-0.0029445865
-0.0016405233
-0.00096210767
-0.0025483868
-0.0023685252
-0.005184552
-0.0076848242
0.00039321328
0.0076192078
0.0083174477
0.0086369265
0.0079239691
0.0099249087
0.008236446
0.0049623323
0.0053772189
0.0099330084
0.013460577
0.01598582
0.021845937
0.025595017
0.024298293
0.019928899
0.012784119
0.0062522377
-0.0022861885
-0.010543755
-0.019541798
-0.024604286
-0.030865455
-0.028465692
-0.038405198
-0.040016067
-0.035302909
-0.038879807
-0.042625304
-0.050983806
-0.059965989
-0.061766339
-0.056014591
-0.058660054
-0.057198995
-0.057535921
-0.055198094
-0.06692756
-0.064005897
-0.066574508
-0.069328128
-0.064082658
-0.061249943
-0.058394108
-0.052339907
-0.049155867
-0.042738185
-0.036949005
-0.031205521
-0.024474594
-0.020072512
-0.019373791
-0.020106534
-0.020142195
-0.017615578
-0.015949945
-0.01335644
-0.011266644
-0.0075052979
-0.0050195257
-0.0046113074
-0.0036041583
-0.00050325143
0.00016163912
-0.00050296234
-0.0016471001
-0.001622777
-0.002417832
-0.0030008351
-0.0024329549
-0.0013282721
-0.00085644205
-0.0016759909
-0.001141844
-0.00067967656
-0.00068764798
-0.0013732958
-0.0013616971
-0.00090169515
-0.00027487713
0.00014179811
0.00066593798
0.0017585429
0.0014310305
0.0013468699
0.002312567
0.0024998489
0.0027508605
0.003772997
0.0040385044
0.0045587922
0.005327349
0.0067218538
0.0071509611
0.007550382
0.0079761873
0.009242964
0.0050841014
-0.0033580741
-0.00031403958
0.0010881749
0.0031903523
0.0028320268
0.00050495723
-0.0031407809
-0.0075045008
-0.0066601495
-0.0064485677
-0.0049367218
-0.0087788695
-0.010420207
-0.0071245491
-0.0070438627
-0.0064556519
-0.0044680821
-0.0023107149
-0.0019564012
-0.00071370741
-0.00076015172
0.00086713124
0.00082490953
0.0018936092
0.00097933397
0.0024447373
0.0017732463
0.0027032122
0.0025655437
0.0043635602
0.0048636029
0.0044308395
0.0041841881
0.002694885
-0.0010185279
-0.0008144505
-0.0030168808
-0.0065105763
-0.0063034151
-0.0059565589
-0.0050567861
-0.0024136416
-0.0071250473
-0.009371061
-0.015482344
-0.010993791
-0.00020615554
0.0033138776
0.0052771925
0.0060918056
0.005552976
0.0075991072
0.0086331916
0.0060563824
0.0030886712
0.0035709172
0.0068694385
0.0079614543
0.0088543876
0.0070395778
0.0027421744
0.0015084498
-0.0043974546
-0.010274271
-0.019320334
-0.026181466
-0.035233431
-0.038381746
-0.040148816
-0.039077432
-0.046093266
-0.049147254
-0.052471245
-0.050798273
-0.053243794
-0.05432804
-0.064869051
-0.06852179
-0.063248188
-0.06331265
-0.062399364
-0.056540801
-0.060422743
-0.069702808
-0.068114552
-0.067269795
-0.063498196
-0.063455302
-0.057320064
-0.054246022
-0.048485063
-0.041646674
-0.033298819
-0.02829887
-0.022370366
-0.020826866
-0.016771909
-0.016660017
-0.015261543
-0.016709865
-0.013379042
-0.013705137
-0.010231407
-0.0083597238
-0.006409695
-0.0045124741
-0.0027014228
0.0014397849
0.0022440855
0.0042150729
0.0056012384
0.0025655986
0.00038998452
0.0015210829
0.00094723807
-0.00037326127
0.00048564607
0.0012518538
0.0018591683
0.0022189262
0.0014933602
0.0019615313
-0.00019640667
0.00014373716
0.00023139979
0.0010806375
0.0039410661
0.0034550016
0.0049908638
0.0051387657
0.0056731967
0.0049831401
0.0067401958
0.0069212187
0.0076920997
0.0082073246
0.0079786515
0.0073650842
0.0086675068
0.0085215638
0.009651868
0.010639973
0.011657576
0.0039590299
-0.0023582609
-0.0038855011
-0.004078011
-0.0024076722
-0.00011384527
-0.0032790612
-0.0048153502
-0.010144481
-0.0099259687
-0.007867248
-0.0094081295
-0.0076935519
-0.0057212601
-0.0036911889
-0.0014873488
0.0011349209
0.00070158705
0.00041786133
0.00082672782
0.00082702411
-0.00037742124
0.0013408389
0.0012870364
0.00025142457
-0.00014355041
0.00048986645
0.0011600072
0.002578043
0.0020221132
0.0018410435
0.0024579599
-0.0050567448
-0.0025905655
-0.010106969
-0.012541629
-0.0079390453
-0.0093643648
-0.012991312
-0.01073548
-0.0097266087
-0.011678025
-0.011938343
-0.011933247
-0.017531709
-0.02300391
-0.016356826
-0.010636167
-0.0060123283
-0.0022028669
-0.00062646266
0.0011994402
0.0035261299
0.0042442919
0.0035566962
-0.0011113182
-0.0070823987
-0.0099103243
-0.012931297
-0.015373353
-0.021220119
-0.027049224
-0.032649879
-0.036637314
-0.038523752
-0.040239646
-0.046840023
-0.058184229
-0.061690571
-0.054395175
-0.049124472
-0.062046
-0.066878344
-0.069236311
-0.067082959
-0.067687394
-0.069063245
-0.07077302
-0.07053271
-0.071453083
-0.066000798
-0.065116048
-0.063054804
-0.061950513
-0.063868197
-0.063440835
-0.058023494
-0.053411998
-0.049609749
-0.042957661
-0.03742171
-0.035528075
-0.031225624
-0.023359905
-0.020558122
-0.021363016
-0.017946356
-0.013674351
-0.015538622
-0.014566858
-0.013551678
-0.013123212
-0.010576599
-0.0079013617
-0.0071066694
-0.0048392309
-0.0022092784
0.0021508038
0.0059409879
0.0080143372
0.010100756
0.010512078
0.0098430402
0.0058709883
0.0058255715
0.0085313676
0.0066072831
0.0067050751
0.0060196421
0.0047375303
0.005900645
0.0055049108
0.0050383116
0.0054497192
0.0031350801
0.0028666918
0.0036960585
0.0054882777
0.0073536339
0.0072563
0.0062115822
0.0081743871
0.0074147289
0.0079863354
0.007891136
0.0090610811
0.0089031559
0.010418895
0.0094897382
0.012657875
0.0094287088
0.010258465
0.0051066687
0.0020189299
-0.006669869
0.0021844413
0.0073254832
-0.0044081184
0.00056722217
0.00035361606
-0.0027128121
-0.0053433262
-0.0067523411
-0.0081386006
-0.0064506298
-0.009418311
-0.0059168914
-0.00098469137
0.0014938863
0.0022911109
0.0052998453
0.0041081788
0.00154355
0.0025584659
0.002246121
-0.0012688529
-0.00050580853
0.00047517472
-0.0012700339
-0.00063205617
-0.0026872343
-0.0021914057
-0.0034826475
-0.0040840789
-0.0044120464
-0.0045860869
-0.0086121444
-0.0078244311
-0.009699157
-0.0090959942
-0.011166874
-0.013662199
-0.010488593
-0.0080941537
-0.010928234
-0.01029317
-0.013586421
-0.012390612
-0.017243076
-0.018342761
-0.014759516
-0.017223073
-0.011650986
-0.0079118006
-0.0059437585
-0.0045990594
-0.0018564964
-0.0022500752
-0.002594461
-0.0065353004
-0.013038738
-0.021033686
-0.028106339
-0.035862999
-0.047448306
-0.054532599
-0.061068504
-0.055853029
-0.053458586
-0.060629817
-0.063956893
-0.075672907
-0.081338211
-0.082151804
-0.073622664
-0.080057911
-0.089036352
-0.090198199
-0.081390019
-0.077261805
-0.071477799
-0.07000483
-0.067465682
-0.061756897
-0.051519564
-0.051563751
-0.06255271
-0.059494969
-0.052394318
-0.047626931
-0.040766768
-0.034339308
-0.029110458
-0.022458532
-0.01756066
-0.015050384
-0.010528593
-0.0078867422
-0.0074239589
-0.0087949778
-0.0082974991
-0.0062264023
-0.0064916786
-0.0075452983
-0.0061645144
-0.0054399614
-0.0051164174
-0.0055208647
-0.00020489034
0.0015247389
0.0013377774
0.0055806503
0.0089045373
0.008847871
0.0099708494
0.012774871
0.011167059
0.0094125918
0.0083904383
0.011340433
0.010698174
0.008380483
0.0087462339
0.005875551
0.0061715164
0.0094887159
0.010456056
0.01203332
0.011350503
0.0077131495
0.0093816341
0.010012567
0.010695308
0.010766515
0.01098655
0.012345076
0.014038334
0.014679509
0.011658739
0.0109106
0.011651241
0.014599621
0.016018507
0.01819648
0.023002556
0.023385823
0.012654719
0.0035590584
-0.00088119526
0.01007704
0.012286878
0.0046938072
0.0013013246
0.0019732803
0.0016809364
-0.0010125082
-0.0029956941
-0.0039043219
-0.0038802569
-0.0031598542
-0.0002904054
0.0022218666
0.0064351212
0.005444455
0.0073269973
0.0078180786
0.0055043583
0.0067065032
0.0041455492
0.0042207076
0.0009538589
0.0013149522
0.00071102254
-0.0012638754
-0.0023178397
-0.001748916
-0.0030436024
-0.0021832245
-0.0052090594
-0.0064994868
-0.0067755308
-0.0067240457
-0.0086599508
-0.0061421001
-0.0088664367
-0.010464782
-0.0089451982
-0.010437316
-0.011004234
-0.0085286929
-0.01065489
-0.012164674
-0.012455579
-0.011846552
-0.017345007
-0.020394466
-0.020913325
-0.017871888
-0.017792705
-0.0150236
-0.012857294
-0.011673687
-0.011412986
-0.015254397
-0.018357485
-0.024468271
-0.034193923
-0.047364544
-0.062364525
-0.076156576
-0.073063057
-0.066261857
-0.071047856
-0.08010433
-0.086106983
-0.091223694
-0.092842567
-0.089301075
-0.079908075
-0.072333416
-0.080180071
-0.074667857
-0.069362257
-0.073964699
-0.0723155
-0.066589222
-0.051549512
-0.039300543
-0.034537596
-0.037368021
-0.047941118
-0.03937608
-0.022504388
-0.017060411
-0.01145068
-0.0049811363
7.9642205e-05
0.0027483791
0.0051188732
0.008714471
0.0099319173
0.0091481034
0.010853943
0.010665459
0.010221304
0.010039309
0.0057814702
0.0052121889
0.0047680948
0.0021761416
0.0019075043
0.0045924671
0.0049143082
0.0044829445
0.0044319852
0.0051002472
0.0055595006
0.0051367328
0.0077010812
0.0081379816
0.0087748141
0.007285001
0.0060830306
0.0051058865
0.0013045669
0.0039829097
0.0032257875
0.0041632737
0.009670103
0.0085551992
0.011497391
0.018144375
0.020927292
0.021218487
0.021909667
0.024894381
0.031309701
0.034057014
0.034077109
0.033719389
0.036692341
0.035082953
0.032982345
0.033516057
0.030599711
0.030375678
0.027773791
0.019832465
0.013805918
0.01020656
-0.0025726077
-0.0030221143
0.012263579
0.017510569
0.013324648
0.0045091611
0.0050456457
0.0006150835
-0.0013918647
-0.0019612505
-0.00096936951
0.00010098206
0.00044091789
-0.0010312434
-0.00049206847
0.0017458403
0.0032735381
0.0048645017
0.0044667714
0.0066912827
0.0063681639
0.0036941615
0.0044714194
0.0054185524
0.0038819673
0.0031806108
0.00094712765
-0.0023506649
-0.003145657
-0.0023468757
-1.2510521e-05
-0.0014052837
-0.0047122422
-0.0077775056
-0.0044169691
-0.0073115185
-0.0048637669
-0.0059949812
-0.0088963263
-0.0099776772
-0.011989431
-0.012582724
-0.0093042163
-0.0087889171
-0.0081927735
-0.0099487186
-0.012658168
-0.014487384
-0.021546487
-0.02578688
-0.025287274
-0.028706379
-0.0247311
-0.022134007
-0.019791981
-0.018990369
-0.019333165
-0.023995893
-0.025944085
-0.032521525
-0.038888055
-0.050966035
-0.068573193
-0.084847495
-0.069623178
-0.072454866
-0.080041374
-0.074754532
-0.07623493
-0.073742646
-0.068475978
-0.061039654
-0.051329503
-0.034601313
-0.035306013
-0.047008813
-0.049638849
-0.056631377
-0.06107644
-0.051182032
-0.039366137
-0.020648729
-0.005797241
-0.015694396
-0.0240033
-0.010838043
0.0017951807
0.010748705
0.014154207
0.017214204
0.019981762
0.025341683
0.023327359
0.025501178
0.023658862
0.02165261
0.020650384
0.01845763
0.017423591
0.016245466
0.014518039
0.014166466
0.013768991
0.0084498856
0.00677349
0.0068799378
0.007691746
0.0055837111
0.005636643
0.0067827105
0.0078401579
0.0077566048
0.0082670144
0.0069443825
0.0056628308
0.0027601104
0.0016894647
0.001533984
0.00051860284
-0.00065490404
0.0031121551
0.0019934666
0.0049496305
0.0075333047
0.011924552
0.015923479
0.01984273
0.024112857
0.026907413
0.034237875
0.042389776
0.046463367
0.052532359
0.055288091
0.055826856
0.052204568
0.044343685
0.039352658
0.038476626
0.03516756
0.027979844
0.023551814
0.016822022
-0.00060790755
-0.0070168853
0.010319832
0.015032104
0.016203482
0.0089297504
0.0028707312
-0.0026688526
-0.004281113
-0.0047621627
-0.0039474415
-0.0028665458
-0.0001254958
0.0013029444
0.0016811267
-0.00081680331
-0.0012963555
-0.0009959063
0.0013221624
-0.00098117129
0.00051181553
0.0020669131
0.0019806078
0.0019206697
0.0026541861
-0.00034568329
-0.0011783197
-0.0038676939
-0.0049728789
-0.0050758379
-0.003749024
-0.002825274
-0.0017656824
-0.0049277338
-0.005918355
-0.0062923808
-0.0048086053
-0.0068487162
-0.0065580744
-0.005729268
-0.0086339359
-0.010213935
-0.010276738
-0.0098549864
-0.010528095
-0.011891064
-0.012115848
-0.015492456
-0.020475802
-0.024547342
-0.027193789
-0.023989052
-0.025922298
-0.027160413
-0.028269624
-0.027761809
-0.027105063
-0.026611456
-0.029061483
-0.031785033
-0.036506605
-0.043888231
-0.052379423
-0.066529419
-0.074241056
-0.064887687
-0.071787809
-0.071742826
-0.064404293
-0.05588282
-0.044667254
-0.032317173
-0.025383381
-0.015635645
-0.0054827121
-0.018043669
-0.029808625
-0.029678927
-0.031151185
-0.026534445
-0.018094381
-0.011687201
-0.00079618117
0.0079755501
-0.00059989458
0.001616371
0.012618342
0.021943537
0.025778754
0.027285903
0.032353434
0.032983023
0.029771741
0.024671624
0.025940055
0.023529764
0.022182589
0.023911989
0.019931834
0.016623481
0.014696156
0.012884136
0.015507925
0.012415695
0.010739928
0.0079765013
0.0092224429
0.0066074883
0.006784264
0.002279501
0.0037698571
0.0058579149
0.0063992796
0.0050987668
0.0067976891
0.0066616811
0.0045625943
0.0063844242
0.0067783048
0.0077723884
0.0076417615
0.0083154126
0.0085704066
0.010813195
0.013359039
0.016811869
0.019773566
0.023092303
0.024477574
0.028213625
0.032516629
0.042341078
0.049033611
0.053507082
0.056872417
0.057667418
0.052074267
0.045241011
0.038833252
0.036375345
0.030665762
0.016859044
0.0068094104
-0.00054253
-0.0039796703
0.0014061793
0.01159342
0.0090646387
0.0079482719
0.0023622941
-9.846862e-05
-0.0040301792
-0.0076319209
-0.006710344
-0.006640603
-0.0042787642
-0.0012160617
-0.0013068969
-0.0008656262
-0.0013504328
-0.0026558785
-0.0033761616
-0.0030396309
-0.0021123099
-0.0010596807
-0.00040652345
0.002725047
0.0026462714
0.0017792012
-0.00050217817
-0.0017340591
-0.002803049
-0.0050727653
-0.008080022
-0.0078244297
-0.0031604924
-0.0040550196
-0.0039547699
-0.0048069576
-0.0087039678
-0.0090442474
-0.009677167
-0.0079845464
-0.0075630325
-0.0078911314
-0.0066169541
-0.0092239627
-0.008525588
-0.0097696354
-0.0099208644
-0.010101417
-0.012835988
-0.016292016
-0.019809727
-0.020143848
-0.021862117
-0.021768132
-0.021464848
-0.023082294
-0.026976178
-0.027543918
-0.027915662
-0.0290454
-0.03195188
-0.036028171
-0.039646169
-0.043456347
-0.049848103
-0.049697832
-0.047998724
-0.050165408
-0.048633637
-0.042751874
-0.029718143
-0.016442999
-0.0034906855
0.0064820149
0.0079149542
0.0024063723
-0.011102149
-0.016533615
-0.010625451
-0.01064992
-0.003157007
0.0038155198
0.0085549687
0.013952415
0.016722836
0.012780304
0.015584767
0.021235974
0.024420784
0.028299608
0.026161541
0.02707308
0.025984965
0.023318923
0.017608488
0.017534113
0.01740845
0.015760739
0.015001361
0.01050885
0.008467884
0.0062451548
0.0056242379
0.0068479507
0.007784913
0.0065085913
0.0036854323
0.0065428676
0.005855029
0.0037299389
0.00096331655
-0.0001004738
0.0025918243
0.0029254324
0.0033936655
0.0021679509
0.0034924458
0.0050982547
0.0054763114
0.0070848527
0.0092365756
0.0096140494
0.010257523
0.009968121
0.012354354
0.014810561
0.017087861
0.019096263
0.02276543
0.025039531
0.02916349
0.035083705
0.038535935
0.041186347
0.043132688
0.043753976
0.043077199
0.038425284
0.029650606
0.017152354
0.008472921
0.0067201332
0.0049282082
0.00020988131
-0.006460233
0.0021468436
0.0083234844
0.0049261276
0.0060395918
0.0011507578
-0.0028475838
-0.0070281749
-0.010176731
-0.011287887
-0.011865664
-0.011712987
-0.011021685
-0.0077172321
-0.0036920877
-0.0012230723
-0.0024700401
-0.0040157251
-0.0041824557
-0.0037764383
-0.0028488806
-0.0026636223
-0.0023303714
-0.0014834954
-0.0016769401
-0.0017612149
-0.0024516286
-0.0031949614
-0.0050554474
-0.0046953584
-0.0081982652
-0.0075578394
-0.005501042
-0.0059918048
-0.0074301112
-0.0083050069
-0.0097988559
-0.0082525464
-0.0095908596
-0.0094484138
-0.0075778419
-0.0072827637
-0.007451943
-0.006629873
-0.0071318386
-0.0074898633
-0.0077418854
-0.008107397
-0.0071882133
-0.0092714415
-0.011226129
-0.015196489
-0.015595735
-0.015684214
-0.018196562
-0.017848815
-0.021360819
-0.024112352
-0.026170496
-0.027829543
-0.028801629
-0.034021961
-0.036326631
-0.0362348
-0.031998606
-0.027059592
-0.028458959
-0.02789619
-0.015611757
-0.013353941
-0.006974021
0.0074474323
0.011961151
0.017819455
0.010135376
0.0041823758
-0.0022134626
-0.0026285177
-0.0043378974
0.0014504624
0.0075401173
0.010550767
0.012577328
0.013986961
0.01895388
0.017413714
0.017353127
0.015251095
0.015374272
0.018809853
0.018366249
0.017852223
0.014242007
0.013049373
0.012377992
0.0099444258
0.0061052906
0.005658609
0.0069564346
0.0037728417
0.0033426411
0.0011294027
0.0026529336
0.001113118
0.0024656322
0.0022762299
0.0032428305
0.0037381237
0.003084851
0.002126052
-0.00041780246
-0.00046527245
0.00052709401
0.0017661004
0.0014653718
0.00063636728
0.00068294439
0.0015571378
0.0033792625
0.0064112538
0.0074967535
0.007119692
0.0077918176
0.0080751262
0.0087158046
0.010907258
0.012237927
0.013191981
0.016081378
0.019355136
0.022580869
0.026005078
0.029913712
0.031512941
0.03339868
0.028395738
0.0253034
0.015724677
0.0025823654
0.0023116412
0.0034396216
0.0050646133
0.006746959
0.0030038999
-0.00040480712
0.0047150201
0.0052728469
0.0038463218
0.00200084
-0.0017259459
-0.0054844135
-0.007687275
-0.0078947308
-0.0076717788
-0.008179031
-0.0085282329
-0.0090983832
-0.0067571999
-0.0059258554
-0.0043097971
-0.0031992964
-0.0038802164
-0.0063509429
-0.0063972081
-0.0052376289
-0.0054050562
-0.0048384096
-0.0052357268
-0.0048801112
-0.0053725239
-0.0046246161
-0.0043930709
-0.0047311831
-0.0040950191
-0.0064000637
-0.0061795063
-0.0050198802
-0.0068115906
-0.0055701654
-0.0095700663
