0.0049516544
0.0044085195
0.00429029
0.0036974023
0.0033938805
0.0024408967
0.0076708252
0.016129832
0.021213085
0.021067368
0.019154254
0.016320979
0.01205278
0.0072191253
0.0045538463
0.0033143298
0.0034636945
0.0042983024
0.0048788107
0.003982595
0.0049321306
0.0033195768
0.0036588632
0.0039360948
0.003092871
0.0038067681
0.0033008261
0.0014922248
-0.00056321613
-0.00092084433
-0.0010091607
-0.00082846629
0.00052747561
-0.00055667402
7.7771596e-06
-0.00065045742
-0.0014092439
-0.0025166223
-0.0027444613
-0.0033992958
-0.0039306432
-0.0028297581
-0.0019636225
-0.00061050045
0.00067481909
0.00097521416
0.00083988561
0.00086459852
-0.0012665148
-0.0052639901
-0.0079444008
-0.0083912891
-0.0059173193
-0.0026373153
-7.9187526e-05
0.00028538393
0.00095481625
0.0015399856
-0.0011020515
-0.0024425967
-0.0039921193
-0.0056139268
-0.00616863
-0.0071957878
-0.0075824696
-0.0084105516
-0.010740819
-0.012772465
-0.016319386
-0.016748347
-0.015126267
-0.014666504
-0.014213979
-0.010448092
-0.0088192733
-0.0093338413
-0.008640525
-0.010849066
-0.012749428
-0.01320485
-0.014105483
-0.012893231
-0.01076551
-0.0066170925
-0.0032878476
-0.001944225
-0.0017927443
-0.0024122966
-0.0029138523
-9.661703e-05
0.0011957454
0.0034985981
0.0041801111
0.0036955215
0.0016073687
0.00072700482
-7.8786179e-05
-0.0013661201
-0.00075492389
-0.0003988191
-0.001369929
-0.0012173997
-0.0011650333
-0.0013876755
-0.0015838245
-0.0012163856
-0.0016781421
-0.001651982
-0.001604484
-0.0019649932
-0.0015704373
-0.0020424968
-0.0025677417
-0.004353105
-0.0059380193
-0.0072712415
-0.0053248307
-0.0052623544
-0.0040623006
0.0038093387
0.0039336666
0.0077192484
0.0089878475
0.011256362
0.014463605
0.014081645
0.013738276
0.013859986
0.011576956
0.0094625299
0.0068631442
0.0072798524
0.0094902195
0.0082142759
0.0079324441
0.0070062883
0.0072355988
0.0060110935
0.0063738215
0.0058591682
0.006556355
0.0060890973
0.0053693068
0.0049885138
0.0035589574
0.003454113
0.0023506646
0.0017266445
0.00040327659
-0.00031605541
0.008208645
0.016379892
0.017458312
0.015329833
0.014373838
0.013567251
0.0094897094
0.0088393536
0.0062172029
0.0036553567
0.0027212468
0.0015297351
0.0015036014
0.0037355318
0.0053644652
0.0036221368
0.0030490517
0.0038915003
0.0050652165
0.0049172905
0.0031827327
0.00034802896
-0.0013256238
-0.0012575396
-0.00096424069
-0.0008680713
-0.0020723797
-0.0043670712
-0.0051626206
-0.0065506735
-0.0074939231
-0.008077187
-0.0087703752
-0.0082096708
-0.0068713841
-0.0066863982
-0.0061890913
-0.0049147985
-0.0037741836
-0.002474584
-0.001485272
-0.0016915729
-0.0011117002
-0.0037798418
-0.0072499285
-0.0087949918
-0.0051329393
-0.00042253135
0.0018331513
0.00059705458
0.00029684984
0.0005716704
-0.00042226656
-0.0015993088
-0.0023924621
-0.0038291334
-0.0048867232
-0.0058542597
-0.0077672651
-0.010117082
-0.011852038
-0.012271597
-0.011989448
-0.011616453
-0.010812514
-0.0096397041
-0.0073040844
-0.0042723295
-0.0054817723
-0.0061479255
-0.0073681607
-0.0089017705
-0.009595931
-0.010256429
-0.0088634775
-0.0073738962
-0.0030567414
-0.00093004726
-5.2722843e-05
-0.00027377188
-0.00030755256
0.00033375236
0.0013691063
0.0017466375
0.0026512818
0.0030809143
0.0027864247
0.0026518717
0.00072556171
0.0011456896
0.00073396031
0.00080125316
0.00066435269
0.00061880859
-2.7811461e-05
-0.0011521646
-0.0011472118
-0.0011062048
-0.001172617
-0.0016554778
-0.0022545044
-0.0026308444
-0.0030801592
-0.0034022529
-0.003799164
-0.0045862611
-0.0061896251
-0.0068766653
-0.0090463959
-0.0084409275
-0.0076895006
-0.0058253842
0.0029050894
0.0071578656
0.0092995348
0.010632884
0.01169477
0.012105946
0.012855386
0.013133039
0.011837398
0.011593716
0.0089221386
0.0078366946
0.0077313658
0.0087585126
0.0078659908
0.0073722956
0.0064725729
0.0054459896
0.0054663152
0.0045683185
0.0044711601
0.0050139311
0.0046393823
0.0047037024
0.0044886885
0.0047972534
0.0028871067
0.0022975312
0.0013939388
0.00017944505
-0.0012682991
-0.001278094
0.0083060766
0.015779825
0.014106777
0.014929577
0.012325837
0.0090579305
0.0079270932
0.0040317927
0.0037851002
0.00088407383
-0.00017996582
0.0011705461
0.003205586
0.0039221003
0.004419541
0.0045093561
0.0050017727
0.0057242741
0.0063899392
0.0072148394
0.0048970845
0.0028301194
0.00058322475
-0.00026993642
-0.00029751058
-0.0035005058
-0.0058699706
-0.0098572115
-0.013168275
-0.014176743
-0.014470949
-0.015524948
-0.015448793
-0.015375034
-0.014162547
-0.012975566
-0.011755973
-0.011512328
-0.0087783635
-0.0069301898
-0.0054974912
-0.0044730757
-0.0044575665
-0.0044895185
-0.0086356307
-0.00937375
-0.0063868678
-0.0010606158
0.0032915685
0.0016325308
-0.00077499514
0.0022482539
0.0026263132
0.0011491156
0.0017278203
-0.00093779928
-0.0017068685
-0.0051903548
-0.0056165901
-0.0071210532
-0.0081122882
-0.0071018788
-0.0045724439
-0.0035293265
-0.0055593232
-0.0030871027
-0.0017495498
-0.00059036406
-0.00050701478
-0.0015689727
-0.0022818316
-0.0040853771
-0.0049864852
-0.0043405704
-0.0028689487
0.00037617166
0.0013674383
0.00013377954
-0.00094086562
0.00020400829
0.0016741424
0.0019649006
0.00097549742
-0.00049324906
0.0012863664
0.0023604235
0.0015386445
0.0017521372
0.00063843539
0.00082730852
0.0015319
0.0011764446
0.00050256149
-0.00051136002
-0.0014253435
-0.0014990207
-0.0017840231
-0.001708268
-0.0021446613
-0.0024669706
-0.0025105662
-0.0029556746
-0.0038160564
-0.004119618
-0.0054436845
-0.0058788865
-0.0072450086
-0.0083994447
-0.013821605
-0.012616956
-0.0037355456
0.0050033473
0.0075442577
0.010323961
0.0097097726
0.0095993721
0.0090894663
0.011989534
0.014289122
0.012624806
0.012589849
0.0096453589
0.0077737741
0.0070039743
0.0075290119
0.0060575517
0.0040879197
0.0047648712
0.0041279426
0.003180457
0.0032121872
0.0035396785
0.0039666305
0.0036468157
0.0038903444
0.0041231527
0.0040557873
0.0034143259
0.0032854144
0.003238479
0.002905505
0.0021352465
0.0012079998
0.00080266889
0.0093753868
0.015548371
0.013920009
0.014290939
0.013008134
0.0096157961
0.0065398457
0.0025053864
-0.0013557075
-0.0017009361
0.00028896116
0.0028335736
0.0046005548
0.0044934579
0.0055767187
0.0073937418
0.0082067564
0.0074983041
0.009696758
0.010541622
0.008520808
0.0056412269
0.0010620791
0.00090662622
-0.0025936886
-0.0066168388
-0.011435179
-0.015492029
-0.018228644
-0.02083826
-0.021338818
-0.022523653
-0.025346808
-0.024597352
-0.022947345
-0.021591508
-0.018863235
-0.017310967
-0.016053738
-0.015747311
-0.01561697
-0.012083005
-0.0090768178
-0.0084582646
-0.0075209146
-0.0059074055
-0.0045010702
-0.0002825158
0.0005314576
-0.00088998794
-0.0013130765
0.0023842019
0.0013218363
0.0014390924
0.0017984731
-0.00047599374
0.00049581332
0.0012281305
-0.00041320403
-0.0030986504
-0.0028322358
7.2958602e-05
0.0016941746
0.0026702554
0.004574021
0.0067260259
0.0085983363
0.0063714395
0.0059360571
0.0053459142
0.0023634536
0.0017847513
0.0017829711
0.00069402305
0.0011367491
0.0023220692
0.001403227
-0.0018379482
-0.0019070531
-0.0009477249
0.00056953987
0.00089556938
0.00022606419
-0.00031315146
0.00058280064
0.00093311938
0.0010272765
0.0010045606
0.001540748
0.0011006882
0.00042456387
-0.00087660352
-0.00082826127
-0.0019823257
-0.0023896641
-0.0026338557
-0.0026842028
-0.0024042236
-0.0020391677
-0.0020787197
-0.0016429578
-0.002417913
-0.0020566007
-0.0032848899
-0.0027139141
-0.0032076531
-0.0021359818
-0.0061270979
-0.0080296967
-0.0029759342
0.0017428833
0.00504223
0.0075933054
0.007717217
0.0080689528
0.0066571716
0.008631754
0.0099654594
0.0099668105
0.010657725
0.0097001938
0.0084774203
0.0051159042
0.0052503689
0.0044535451
0.0038253573
0.0027625219
0.003034416
0.0026338286
0.0030049554
0.0030213616
0.003479325
0.0025609213
0.0031025217
0.0032431489
0.0040601226
0.0037948642
0.003637726
0.0044236598
0.0046928204
0.0046482998
0.0050960977
0.0047909032
0.0054251924
0.011249049
0.012247991
0.012814995
0.010106778
0.011173813
0.011564214
0.0084976013
0.0025528562
-7.6452773e-06
0.0006016366
0.0023190303
0.005581762
0.0057063488
0.0091110325
0.011193801
0.012651493
0.014065191
0.013519984
0.014531429
0.016226657
0.015136176
0.012686132
0.009943242
0.0048052114
-0.0024757524
-0.0086276418
-0.015516342
-0.021410182
-0.024114298
-0.023872232
-0.027457134
-0.031522732
-0.034199326
-0.033618765
-0.03270208
-0.029806262
-0.025853568
-0.023833749
-0.023931685
-0.025516711
-0.02593186
-0.020147387
-0.018253991
-0.012979415
-0.0095098128
-0.007650844
-0.0046704404
-0.0034824668
-0.0047562913
-0.0051043957
-0.0054034996
-0.0059257508
-0.0043999228
-0.00027560432
-0.0025942117
-0.0050979745
-0.00045236801
-0.0015596388
-0.00010491153
0.0016339453
0.00086119501
0.0031675176
0.004883711
0.0068267207
0.0096523914
0.014102978
0.014200595
0.012048464
0.013626469
0.012606769
0.01028849
0.0096494318
0.006494429
0.0040441
0.0026156502
0.0019291823
-0.0010686173
-0.001794345
-0.00097913813
-0.00033511162
-0.0014056402
-0.0015891032
-0.0012922983
-0.0010614155
-0.00040415776
-0.00043149461
0.0001809658
-0.00025417833
-0.0010833345
-0.0011418061
-0.0022238758
-0.0021236151
-0.0036990643
-0.0040397331
-0.0035006031
-0.0025872186
-0.00247428
-0.0020688137
-0.0011592724
-0.00028307702
0.00011996743
0.00020520747
-0.00018046544
0.00080315697
0.0015126887
0.0020297623
0.002543459
-0.00018515232
0.00027149041
0.00091540144
0.0068668799
0.0049673167
0.0055749909
0.008318062
0.0055462096
0.0058675121
0.0085662543
0.009785894
0.008612697
0.0098168274
0.012248051
0.0087075881
0.006537965
0.0046482037
0.0030242661
0.0019021934
0.0028950636
0.0035773733
0.0035292828
0.0031812694
0.0038172048
0.0036291912
0.0041837142
0.0042045335
0.004738849
0.0044133646
0.0040953664
0.0046509416
0.00545349
0.0057136277
0.0065543084
0.007562528
0.0074257224
0.0074997633
0.011622248
0.0087454487
0.007117478
0.0068502765
0.010267033
0.013815679
0.0072879694
0.002495186
0.00081580932
0.0034691941
0.0071030289
0.010120879
0.013074767
0.016573577
0.019458585
0.021110558
0.019893828
0.020009578
0.021989743
0.019813719
0.019296695
0.019529791
0.015246716
0.0098856815
0.0043746371
-0.0024202887
-0.010961661
-0.018724087
-0.025297756
-0.032350009
-0.037310122
-0.043417699
-0.046685952
-0.048039004
-0.047398458
-0.042520927
-0.035778938
-0.032015215
-0.031176033
-0.031924834
-0.030475767
-0.026807799
-0.02258648
-0.020715479
-0.013465432
-0.012718335
-0.010948351
-0.010366647
-0.0095624691
-0.013944639
-0.015472498
-0.017916879
-0.020250998
-0.013191016
-0.017636102
-0.01876356
-0.010991005
-0.0064606741
-0.003307468
-0.00091353778
0.00018964678
0.0032200679
0.0018429279
0.0052509308
0.0093224207
0.013212116
0.013366227
0.012722958
0.013088148
0.013164528
0.011229728
0.011957482
0.0081123363
0.0057013115
0.0054286921
0.0021058157
0.00067265672
-0.00011476881
-0.0013149798
-0.0011224537
-0.0020497641
-0.0021926729
-0.0026214846
-0.0028876673
-0.0025793327
-0.0020808768
-0.0019550815
-0.0012932153
-0.0014521077
-0.0017850598
-0.0019738716
-0.0026186165
-0.0030307118
-0.0028747718
-0.0028199778
-0.00229593
-0.0015625989
-0.00025109469
0.00044866579
0.0015564562
0.0024150679
0.0034836614
0.003802989
0.004971251
0.0063509
0.0074859703
0.0065357697
0.0033131942
0.0027782197
0.0029177548
0.0049078509
0.0046677719
0.0036226619
0.0045943609
0.0059361596
0.0066026942
0.0094414885
0.0074809217
0.010512436
0.01408059
0.011099686
0.0095614835
0.0065758757
0.0027487774
0.00029141477
0.00072921432
0.0015015699
0.0025042255
0.0039162777
0.0039252607
0.0039643935
0.0045330303
0.0050672405
0.005066379
0.0046107241
0.0048627999
0.004668415
0.0051285117
0.0058923425
0.0061824793
0.0088652501
0.0088025461
0.0093434208
0.0079784902
0.0089884978
0.0070970953
0.0067637963
0.0066225431
0.0098328639
0.011467857
0.010994585
0.0069908511
0.004329343
0.0069777027
0.0095816206
0.013381198
0.01548458
0.017595068
0.021448535
0.022568668
0.022628084
0.023680667
0.02652683
0.027375581
0.022260187
0.023261729
0.018696266
0.02012277
0.010726014
0.0034704714
-0.0040932814
-0.016698473
-0.02383021
-0.032789264
-0.041764646
-0.046427939
-0.056303458
-0.055109169
-0.060874828
-0.054319992
-0.046077425
-0.045711899
-0.046662946
-0.043283852
-0.037883152
-0.038270544
-0.034325303
-0.03238834
-0.027645939
-0.027817788
-0.028151575
-0.026725097
-0.024833758
-0.030413362
-0.031247322
-0.033500788
-0.032736006
-0.022345138
-0.023852373
-0.025784069
-0.021378047
-0.020032549
-0.014591753
-0.0084036878
-0.0061809511
-0.0015456297
-0.0031433418
0.0003667156
0.0029353198
0.0051904834
0.0062392612
0.0055548583
0.0067325282
0.0047682012
0.004823522
0.0058209579
0.004956508
0.0036694333
0.0030999696
0.0022798125
0.0013862173
0.0003451183
-0.00015034325
-0.00053500021
-0.00083194362
-0.0020031718
-0.0021465503
-0.0027256683
-0.0017859327
-0.0019125049
-0.0016532572
-0.001055372
-0.00089860963
-0.0013122879
-0.0010333435
-0.0014596524
-0.0017113572
-0.0014958947
-0.00070788547
0.00025613681
0.0011961917
0.002080243
0.0031724994
0.0037135086
0.0050729503
0.0059082758
0.0069776232
0.0083320606
0.010000476
0.011943327
0.012044393
0.0017983371
0.0008886934
0.0065790551
0.0067431932
0.0059038137
0.0077963115
0.0067384857
0.0097615831
0.01137741
0.0094273823
0.0092127411
0.0067754259
0.0054431586
0.0041594044
0.0043975787
0.0003737917
-0.0026549795
-0.0030256745
-0.0015025226
0.0010812909
0.0020033903
0.0031199981
0.0035066219
0.004687378
0.004558668
0.0050509277
0.0046906787
0.0046735886
0.0043563723
0.0049516757
0.0048225822
0.0075272072
0.0088523383
0.0095438348
0.010594132
0.0096881467
0.0098102677
0.0058596954
0.0025208095
0.0059486564
0.0063960384
0.011211948
0.011529164
0.012038457
0.0058247583
0.0042392281
0.0083199465
0.012201492
0.012580746
0.015283619
0.017371449
0.021116122
0.021654314
0.021568633
0.023020937
0.028349037
0.027450608
0.024427526
0.022634995
0.022988424
0.020665959
0.013488331
0.0030702979
-0.0047256372
-0.015341813
-0.026296557
-0.034176308
-0.044352203
-0.051733262
-0.053633609
-0.052649774
-0.057329971
-0.045973018
-0.037835275
-0.039398156
-0.040865193
-0.049587724
-0.047027652
-0.051285586
-0.048707275
-0.044239228
-0.043061893
-0.039384598
-0.044183486
-0.041201504
-0.045558372
-0.05052951
-0.045477467
-0.04619826
-0.041736511
-0.037966268
-0.029848402
-0.026849607
-0.021818963
-0.014459617
-0.011624379
-0.0075241079
-0.0066033467
-0.0044521923
-0.0044237008
-0.0026823471
0.00074511144
0.0014041949
0.0033438669
0.0032970152
0.002322728
0.0017680982
0.0022467261
0.0015630413
0.00093453282
-0.00028465091
-0.0012455395
-0.00073360343
-0.0016544271
-0.0010495127
0.00049099977
0.0012430552
0.00037352786
-2.0838791e-06
-0.00078771839
-0.0009216297
-0.0013854142
-0.00059467616
-0.00060009329
-5.5581221e-05
0.00028242505
0.00043625443
0.00016103907
-0.00016678818
-0.00042953725
0.0011246262
0.0013373025
0.0024915752
0.0026565634
0.0036037274
0.0040860358
0.0055406657
0.0055715962
0.0073590124
0.0078238311
0.010065671
0.010143716
0.01395955
0.011537928
0.00091179351
0.0016696133
0.0042028008
0.0080696842
0.010490262
0.0069666927
0.0083040796
0.0074728912
0.0081179223
0.0079760238
0.005529458
0.0011571376
0.00084198212
-0.001679212
-0.0021318717
-0.0026538573
-0.0024602335
-0.0014101129
-0.00030033569
0.0016598157
0.0028602635
0.0034804545
0.0043440422
0.0047536625
0.0053226696
0.0048928743
0.0054551742
0.0046265278
0.0054932859
0.0057322121
0.0073469367
0.0095068887
0.010256211
0.010706712
0.0084480317
0.012744733
0.0092295332
0.0062013231
0.0072430927
0.0072571091
0.0094082916
0.012456908
0.011262761
0.013754807
0.0083876359
0.004770422
0.011626114
0.01552773
0.01458406
0.015128212
0.019097412
0.022920892
0.024169053
0.023119324
0.025230787
0.027676393
0.029779364
0.030568116
0.030865592
0.028491836
0.020393129
0.013018715
0.0016769807
-0.0085833858
-0.02080346
-0.033852885
-0.043129936
-0.050823328
-0.058135529
-0.053865043
-0.058058239
-0.054959768
-0.045656137
-0.043469565
-0.042395794
-0.047376012
-0.056757677
-0.060053781
-0.052771293
-0.055128093
-0.053044137
-0.051744112
-0.047853942
-0.056436424
-0.053965424
-0.05610689
-0.05755373
-0.054166578
-0.049799267
-0.044834476
-0.037904006
-0.032465716
-0.02351137
-0.016295419
-0.012206207
-0.0075757361
-0.0031135835
-0.0016271779
-0.0010116945
0.0011045636
0.0028201955
0.0037040868
0.0040501997
0.0037872226
0.0043318273
0.0047181531
0.002706012
0.0019305193
0.0034419364
0.0027306647
0.00073905104
0.00049312602
0.00059990427
0.00068897592
0.00063757807
0.0018574334
0.0022710151
0.0024794683
0.0014467594
0.0021694842
0.0019852306
0.0016106296
0.00067846794
0.00054820762
0.0014289164
0.0019408932
0.0018666954
0.0019798001
0.0028838718
0.0031418269
0.0029695096
0.003399606
0.0036300016
0.0041293784
0.0047335545
0.0059263777
0.0063763011
0.0068920905
0.0079226453
0.0085706879
0.010193657
0.011088984
0.013885229
0.012674332
0.0027237534
0.0016622573
0.0026852389
0.0082728409
0.011743924
0.0077955207
0.005922912
0.0038793347
0.0027061065
0.0028690761
0.0020500884
-0.0034405889
-0.0037485822
-0.0025369089
-0.0033097775
-0.0029494117
-0.0017170774
-3.011429e-05
0.0025763503
0.0046468212
0.0046135146
0.0061038807
0.0059011778
0.0072916939
0.006598487
0.0068586161
0.0064991442
0.0065538549
0.0066202241
0.0081206319
0.0096990818
0.011296191
0.0094666907
0.0088062219
0.0065345096
0.0081778382
0.0077776798
0.0063227444
0.0099881184
0.011153901
0.01189837
0.015085227
0.012090218
0.010071101
0.00099699097
0.0039996014
0.012296621
0.014345716
0.014683413
0.012962094
0.015682166
0.020456427
0.023214241
0.024666625
0.027130808
0.027941887
0.028380198
0.026307901
0.02145493
0.013459917
0.0020521581
-0.0070289776
-0.016804008
-0.026106202
-0.039005548
-0.045801997
-0.056460678
-0.061650642
-0.064836407
-0.062307544
-0.06446307
-0.063446858
-0.062540685
-0.058704135
-0.058019322
-0.054221975
-0.065836453
-0.067790502
-0.058098211
-0.060986941
-0.058163881
-0.049195326
-0.053872312
-0.059174053
-0.055270087
-0.054506361
-0.051397537
-0.049406782
-0.043047162
-0.038455778
-0.032015757
-0.027831537
-0.018171825
-0.011326798
-0.004575046
-0.005509422
-0.00035461484
6.2681964e-05
0.0021365423
0.0026400224
0.0050750705
0.0033984062
0.0046051268
0.0041753266
0.0055668533
0.0055252032
0.0056173467
0.0049669622
0.0044080394
0.0050654626
0.0064611344
0.00486948
0.0053769144
0.0059193412
0.0045329436
0.0042475687
0.0044077067
0.0036920427
0.004130937
0.0041882647
0.0046970192
0.003113193
0.0024862786
0.0029003719
0.0025293237
0.0035322843
0.0051398127
0.0048848388
0.0055754829
0.005143899
0.0048794902
0.0039898577
0.0047274919
0.0049665601
0.0057149423
0.0069567293
0.0074499721
0.0070490148
0.0084212543
0.0084699248
0.0096795766
0.011340836
0.013832795
0.0091396576
0.0056754549
0.0055104843
0.00054460275
0.0033506967
0.0067917178
0.0054954847
0.0037252853
-0.00042835306
-0.0020813278
-0.0011442177
-0.0043369513
-0.0026624982
-0.0016646696
-0.0012681207
-0.00090392
-0.00049393467
-0.0011398375
0.0019873645
0.0032433576
0.0047687243
0.0051713323
0.0064315198
0.0078446489
0.0052793106
0.0056438873
0.0071901151
0.0068863728
0.0077602896
0.0091112113
0.0094407719
0.010379401
0.0080355684
0.008412648
-3.4455028e-05
0.0018931224
0.0057220411
0.0056789661
0.0030769531
0.0060861945
0.0052398507
0.0046167698
0.0043158663
0.0052043242
-0.0019594361
-0.0099165489
-0.0014632652
-0.00079405859
0.0060384461
0.0097319149
0.0089385298
0.01065264
0.013209932
0.01706149
0.019528367
0.020403171
0.017008723
0.012336657
0.0057726503
-0.002464575
-0.01330783
-0.02413915
-0.034164733
-0.042988073
-0.044783011
-0.052884568
-0.064079537
-0.073089159
-0.078141992
-0.076843681
-0.070577
-0.076184479
-0.075481624
-0.077502677
-0.077237044
-0.075112426
-0.074653463
-0.073173022
-0.068528479
-0.065863733
-0.061395163
-0.059777859
-0.056838458
-0.054920764
-0.053349515
-0.049945887
-0.043962094
-0.041716719
-0.037540638
-0.033654122
-0.02711025
-0.022593665
-0.01678318
-0.010806779
-0.0093189851
-0.0072637924
-0.0054431915
-0.0015115306
-0.0009836068
-0.0020865931
-0.0019231713
-0.0012907742
-0.0010087722
0.0025453058
0.0030342102
0.0049616627
0.0042485855
0.0073194833
0.0070576959
0.0040084028
0.0038322493
0.0067519144
0.0089491358
0.0074046545
0.0087288999
0.0068769893
0.0068306386
0.0055962651
0.0042228333
0.0042628965
0.0033928361
0.0042117368
0.0025670108
0.0036149498
0.0021721464
0.0017387467
0.0017065803
0.0035623489
0.0040378616
0.0043506732
0.0031847491
0.0027901928
0.00141883
0.0010122125
0.0023917064
0.0040123657
0.0041263876
0.0049171964
0.0063376051
0.0076626704
0.0065439462
0.0066960652
0.0040834652
0.0028667756
-0.0038521343
0.0019215025
0.012484103
0.0017836778
0.0016415395
0.0053138167
0.0044206005
0.0010361833
-0.0013618513
-0.0047455525
-0.0055233066
-0.0059058454
-0.0063536185
-0.0030830506
-0.0026715731
-0.0034703404
-0.0015779004
-0.0028352408
-0.0030785149
-0.0020796537
0.00048178663
0.00032101508
0.0011585193
0.0058260787
0.0053411047
0.0071480173
0.0058663871
0.0072517252
0.0049485034
0.0066401555
0.0063134876
0.0060832798
0.0022706882
0.0030646071
-0.00032627384
0.0016200985
0.002841679
0.0020576056
0.001792311
0.0026823213
-0.00021987477
-0.0012854237
-0.0028449876
-0.0049718517
-0.0097055213
-0.011434405
-0.0062267018
-0.0061753607
-0.0015683366
0.0025462255
0.0058576752
0.0064216575
0.0074362941
0.0081170809
0.0082963794
0.0068193001
0.0048888028
-0.00052795024
-0.0090236229
-0.019940752
-0.032250709
-0.042830127
-0.053120042
-0.053896079
-0.058378397
-0.067639803
-0.078179076
-0.087474248
-0.091516281
-0.091697601
-0.087939647
-0.088826434
-0.091919647
-0.098003639
-0.092806282
-0.091148078
-0.083202203
-0.077731926
-0.070306325
-0.063738144
-0.053611804
-0.050986317
-0.057044143
-0.056892822
-0.047920917
-0.040004135
-0.035668278
-0.029184923
-0.02495835
-0.019240574
-0.017325194
-0.011627228
-0.0043459262
-0.0008746804
-0.0020871894
-0.0015381204
-0.001555436
-0.00069601759
0.0014645762
0.00078700431
0.001398869
0.0013754374
-0.00038606323
0.00060196218
0.0018086329
0.0031469789
0.0026280115
0.0045039425
0.00521536
0.00084282158
-0.0020895521
-8.5517181e-05
0.0011103239
0.0029723237
0.0037248162
0.0058262293
0.0050232394
0.0033224657
0.0030670131
0.00089137506
0.00086378136
0.0038929927
0.0038566303
0.0036668722
0.0019312114
-0.0016670005
-0.0003807466
0.00060165525
0.001231508
0.0042452482
0.0037161925
0.0051533079
0.005807329
0.0074461396
0.0045872866
0.0029265589
0.0054863795
0.0084243227
0.010322916
0.013361911
0.017890992
0.015795743
0.011646302
0.0043097454
-0.0024456645
0.0043102145
0.014903554
0.010042466
0.0038130988
0.0058406438
0.0037489503
1.4529411e-05
-0.0038507908
-0.0051987525
-0.0070744788
-0.0057498272
-0.0046735547
-0.0042789194
0.00025240712
-0.0010388168
0.0015348401
0.00064310959
-0.00064159808
0.00064196659
1.0829404e-05
0.00037606408
0.0023587644
0.0052910482
0.0059028689
0.004655868
0.0043879174
0.002419589
0.0031043562
0.0034870798
-0.00044340572
0.0013847287
-0.0016775167
-0.00060908678
-0.0021759842
0.0010794242
-0.0013919378
7.3363209e-06
0.0004364527
-0.0019254985
8.3421746e-05
-0.00097997197
-0.0052328129
-0.0087351289
-0.0097216818
-0.0060251301
-0.0060610674
-0.0070925623
-0.0060854745
-0.0029820433
-0.0025064463
-0.0027370455
0.00092774844
0.0019055202
0.002169276
-0.0013538482
-0.0038739119
-0.0072281686
-0.01793193
-0.028825499
-0.043252569
-0.057048168
-0.061626071
-0.060222485
-0.069908062
-0.087231003
-0.095895142
-0.10092676
-0.10175371
-0.099621849
-0.090706547
-0.080208826
-0.086265801
-0.083538649
-0.077752788
-0.081645411
-0.079127066
-0.070939043
-0.056348781
-0.042064025
-0.037452649
-0.033416054
-0.041344988
-0.03632919
-0.022699858
-0.017101612
-0.008396519
-0.0057631048
-0.0019958584
0.0005242332
0.0034744239
0.0059240821
0.010487565
0.010315283
0.012318356
0.013314128
0.0089525183
0.010870124
0.0085514515
0.0068855711
0.0071459098
0.0067293398
0.0060013481
0.0028316078
0.003730177
0.0040754651
0.0015811786
0.0011751337
0.0015904605
-0.00082568459
0.00060941159
0.00023686275
-0.0025414215
-0.0021313915
-0.0021893441
-0.003920952
-0.0050595526
-0.00033220384
0.00060713363
0.0017959706
0.0048583008
0.0053428057
0.0068582801
0.0097036499
0.010325002
0.0086635012
0.0095100195
0.014996919
0.019991653
0.024374157
0.025683051
0.023978338
0.027311238
0.025780895
0.022075114
0.022154136
0.022006559
0.019520775
0.020276294
0.016058807
0.010660633
0.007346882
-0.005221403
-0.013674601
0.00083375502
0.011901919
0.014338661
0.0093612993
0.0099613395
0.0048211491
0.0020129871
-0.0015296019
-0.0020843684
-0.0017244748
-0.00085656102
0.00025993578
-0.0009027046
0.0023968792
0.0038949791
0.0046054264
0.0021895273
0.0042333092
0.0026490955
-0.0016234341
-0.00074829435
0.0066365575
0.0053192758
0.0044473793
0.0049496698
0.0033220985
0.002873786
0.0038130525
0.0050288021
0.003926907
0.00034175757
-0.0031765625
-0.0014848881
-0.0022760364
-0.0036650383
-0.0041521631
-0.0034876434
-0.0022965834
-0.0038506623
-0.0023551275
6.3216931e-05
0.00092135048
-0.0018640825
-0.0030633165
-0.0077181514
-0.0069273476
-0.0087023106
-0.010001991
-0.0059272013
-0.0096633879
-0.0064069258
-0.0059843066
-0.0048268528
-0.0044360804
-0.0040484194
-0.0079882835
-0.01104289
-0.016436479
-0.02305962
-0.033485907
-0.047526054
-0.058911749
-0.05832054
-0.063385734
-0.073806872
-0.082902273
-0.085676552
-0.085103493
-0.080358774
-0.077549707
-0.068557513
-0.051985868
-0.049012169
-0.053035583
-0.053943381
-0.058570762
-0.060766923
-0.052597113
-0.037755166
-0.023956634
-0.0091998721
-0.01254059
-0.020155217
-0.010786026
0.0028019786
0.010521891
0.013970707
0.015576108
0.018647458
0.021010826
0.020448874
0.021801771
0.021085717
0.02077065
0.018621721
0.018448638
0.016059915
0.012218977
0.012993688
0.011995359
0.013260192
0.0098413529
0.0069743553
0.002456781
0.0024781004
0.0020722205
0.0031336129
0.0023535732
0.0016935674
0.00090324498
0.0008658505
-0.00011336078
-0.00038431849
-0.0048288243
-0.0076345124
-0.010260833
-0.0091587073
-0.008583797
-0.00066857979
0.00027576109
0.0027149301
0.0035110854
0.0057706344
0.0086072446
0.0095595994
0.011279498
0.015341937
0.023838695
0.032744181
0.04196276
0.045943922
0.047602418
0.045625309
0.042543726
0.034645647
0.032739505
0.029516088
0.027595668
0.020630305
0.016159908
0.014095809
-0.001133163
-0.017964243
-0.0013911285
0.010455909
0.018667383
0.016194481
0.0085791615
0.0024690602
0.00038917007
-0.0027747639
-0.0016487801
-0.00029884746
0.00083692815
0.0016462892
0.0011341234
0.00066853521
0.00061443806
0.00063664289
0.00065989655
-0.0015189867
-0.00015271055
0.0010006468
0.0006714836
0.00011940095
0.0043057478
0.003318611
0.0043652484
0.0033229851
0.0026652379
0.005429098
0.0050171175
0.0066758301
0.0051433253
0.0019693183
0.00047431279
0.00011316241
-0.00061949951
-0.0037719951
-0.0020068175
-0.0021712984
-0.00059771974
-0.0015631702
0.00023035332
-0.00012442724
-0.00025867527
-0.0011139053
-0.0022676088
-0.0058126449
-0.0079227862
-0.010874384
-0.011970526
-0.0075343568
-0.0086197359
-0.0064922777
-0.009227503
-0.0084755605
-0.0083227732
-0.0083565666
-0.0093842807
-0.012358653
-0.016038593
-0.023735958
-0.031962682
-0.044065868
-0.051901965
-0.052401444
-0.057247572
-0.061169181
-0.06435881
-0.060845895
-0.061619936
-0.053665037
-0.049917077
-0.036709315
-0.02403333
-0.025605934
-0.031006367
-0.03054859
-0.033797309
-0.031074301
-0.021348857
-0.014660026
-0.0049070851
0.0055242096
0.0025678374
0.0033065268
0.011204446
0.020798589
0.023690017
0.02635886
0.030417231
0.031414104
0.028649905
0.023621123
0.023368817
0.020896431
0.018313189
0.017910577
0.015485746
0.012552026
0.010052758
0.012175077
0.015645932
0.012694852
0.011685752
0.0070278612
0.0060068025
0.0037694306
0.0030864916
0.0016409607
0.0014169403
0.0015296715
0.00033695981
-0.00023858332
0.0011784913
-0.00080044671
-0.0022198652
-0.004185251
-0.0052571172
-0.0048315167
-0.0038948866
-0.0010413095
0.00023081698
0.005376072
0.010042772
0.010219184
0.0093073507
0.010779826
0.012028447
0.015497324
0.021357426
0.033108733
0.042218478
0.048845348
0.050814182
0.049659489
0.041896545
0.035820913
0.03044821
0.028394838
0.023781836
0.015536076
0.0065278011
0.0025582203
-0.004121895
-0.0053806227
0.0080374857
0.014232823
0.0189359
0.015825702
0.011727446
0.0033389349
3.0288452e-06
-0.0032489494
-0.0060483244
-0.0016655496
0.00075732952
0.00044028422
0.003738771
0.0022590135
0.00066129204
0.00044830723
-0.00015305877
-0.00090567584
0.0017715788
0.0013394269
0.0059411068
0.0054087376
0.0058200604
0.0047971942
0.0062986008
0.0051456092
0.0023332214
0.0027905406
0.0069654184
0.010444192
0.0073451596
0.006853794
0.0037300738
0.0018264959
0.0010861714
-0.0006335238
-0.00097203046
-0.00010562597
-0.00090297807
0.00048421806
-0.00034553832
-0.00039429284
-0.00078558444
-0.0016638067
-0.0016325267
-0.0035794916
-0.0060498409
-0.0081845417
-0.0095457479
-0.0083571792
-0.0055369986
-0.0047089727
-0.0056109504
-0.0086898641
-0.0090835251
-0.010004032
-0.01120263
-0.013309198
-0.01730755
-0.022195695
-0.027566214
-0.035418431
-0.038806748
-0.040929346
-0.043035752
-0.04389135
-0.042657326
-0.04015137
-0.036092487
-0.029559432
-0.024318297
-0.013256615
-0.011010658
-0.014869025
-0.015437533
-0.012329926
-0.014662859
-0.0081216506
-0.0027830165
0.0021435527
0.010108252
0.015095767
0.014484171
0.014789568
0.01789417
0.02084576
0.027069327
0.029536311
0.030751117
0.029752243
0.026638353
0.020982746
0.018049241
0.015527327
0.012601736
0.010810035
0.0079981481
0.0052247522
0.0036900576
0.0032107786
0.0035220441
0.006680915
0.0083944787
0.0061592132
0.0066163042
0.0044338931
0.0024804516
0.0015271084
-0.00010761994
-6.6577597e-05
-0.0002029803
-0.00012244635
-0.00093367036
-0.0019369222
-0.0014149636
-0.0015274584
-0.0031552018
-0.0024822982
-0.0014834474
-0.00044213737
0.0015104324
0.0061785585
0.0081229559
0.0090323866
0.0082212286
0.0095699607
0.013297788
0.016871328
0.020742349
0.026076716
0.032043537
0.035823547
0.038549243
0.036858794
0.030077494
0.023462814
0.01524712
0.010157908
0.0069989593
0.0044067711
-0.00026607569
-0.0059825016
-0.001142078
0.0048791784
0.0080417197
0.01301313
0.013481857
0.010356316
0.0060622645
0.0014377982
-0.0021487837
-0.0061306593
-0.0089306457
-0.0092334678
-0.0047277466
-4.3250923e-05
0.0019267487
0.0015775044
-0.0012169894
-0.00042339659
0.00037795309
-0.00035703659
0.0010258442
0.001272906
0.004078168
0.0044710444
0.00426313
0.0042350805
0.0042009711
0.0029779
0.0014755247
0.0011562714
0.0030624346
0.0049493193
0.0056565662
0.0042572915
0.0041803687
-0.00061849206
0.0017449364
0.00061202069
0.00012503724
0.00048499099
-0.00061785233
-0.00036691533
-0.00056065536
-0.00057950715
-0.00088213499
-0.0019528915
-0.002424868
-0.00050943478
-0.001401442
-0.0027518135
-0.0052470459
-0.0030775135
-0.0014116555
-0.0025812888
-0.0027913933
-0.0056464406
-0.0071213103
-0.0088901058
-0.011431264
-0.012213499
-0.016022948
-0.019607518
-0.022375965
-0.024832832
-0.026691867
-0.028140674
-0.027937892
-0.022093141
-0.021175201
-0.021159402
-0.016096163
-0.016404155
-0.0092548948
-0.0051062549
-0.0034714427
-0.0053272511
-0.0050895207
-0.0067011091
-0.0037370314
0.0015069431
0.0053144981
0.0087484669
0.012124296
0.016085818
0.017363089
0.014944257
0.011903445
0.012993015
0.018703311
0.023418321
0.022025863
0.022122937
0.020302769
0.016539113
0.013036026
0.0090257602
0.0069925693
0.0050018523
0.0009167948
-0.0010017154
-0.0032084183
-0.0018395555
-0.0029991601
0.00028538602
0.0016072973
0.00076494466
0.0023199977
0.0030639432
-0.00033748615
-0.0011198212
-0.0013091866
-0.0020867527
-0.00089574874
-0.00017469357
-0.00072317453
-0.0024507407
-0.0032047554
-0.0015973651
0.00054309237
-0.00016230729
-0.0010628788
-3.0351281e-05
0.00087540991
0.0039799626
0.0055498048
0.0053712277
0.0041346553
0.0067249876
0.010035328
0.012645491
0.013866839
0.018223027
0.022424067
0.026849427
0.024964835
0.022289009
0.013781778
0.0046567643
0.0060651419
0.0069551824
0.0062970931
0.0053042111
0.0021255175
-0.00097063286
0.0033828781
0.0032635638
0.0062359738
0.0073497969
0.0049632488
0.00461324
0.0024687496
0.0008578633
-0.00060667222
-0.0052565672
-0.0076332567
-0.0092793886
-0.0051254506
-0.0012840977
0.00012672147
0.0002589163
0.0012930525
-0.00098482171
-0.0029903857
-0.0027346201
-0.0023689486
-0.0016886028
-0.0016220699
0.0012746943
0.0025663547
0.0034704845
0.0045459377
0.0032587714
0.0032322958
0.0024683549
0.0023665265
0.0025321099
0.0010337024
0.0014540974
0.00064788895
