0.0043053514
0.0037435
0.0037694707
0.0034779008
0.0029604297
0.0019624406
0.0068576317
0.013184371
0.017687357
0.017905792
0.016874635
0.014461869
0.011319348
0.0078888295
0.0051056404
0.0040074509
0.0037360822
0.0039310303
0.004537681
0.003617126
0.0035396319
0.0016941804
0.001923865
0.0017089111
0.00088623226
0.0015555458
0.0010876708
-0.00019650614
-0.0014018352
-0.0013523048
-0.0011872033
-0.0008554238
0.00022156199
-0.00072840839
0.00018301837
-0.00049300534
-0.0013836322
-0.0025795193
-0.0028426387
-0.0034724097
-0.0038513878
-0.0022900489
-0.0011358082
0.00012824169
0.001491979
0.001690959
0.0013338557
0.00070660135
-0.0017202391
-0.005786251
-0.0086829413
-0.0088199658
-0.0059755814
-0.0030992046
-0.00097214865
-0.00033091872
-6.4178943e-05
0.00081996461
-0.0017066661
-0.0035466831
-0.0053502277
-0.0068461866
-0.007226775
-0.0078267769
-0.0078819517
-0.0090773688
-0.010990496
-0.01319794
-0.016173471
-0.016572627
-0.014891566
-0.014000063
-0.012877172
-0.0089127575
-0.0077310275
-0.008276476
-0.0080873232
-0.010867591
-0.012481256
-0.012689445
-0.014164214
-0.012291684
-0.011098974
-0.0073917784
-0.0050358961
-0.0046430939
-0.0051281497
-0.0051530764
-0.0045512285
-0.0017520681
-0.00026295751
0.0015532602
0.0022215536
0.0016453479
0.00048657069
0.00036027703
-0.00010995396
-0.001471585
-0.00096889024
-0.0010816051
-0.0017113438
-0.0014615619
-0.0013865378
-0.0016547083
-0.0015819439
-0.0012537713
-0.0019562734
-0.0018991589
-0.0019268507
-0.0023591597
-0.0018234019
-0.0022467329
-0.0025925706
-0.0038194922
-0.004894035
-0.0064118159
-0.0042456622
-0.0046418913
-0.0027451656
0.0054643763
0.0052267721
0.0091664338
0.0094607949
0.011280158
0.013820243
0.01366928
0.013575278
0.013680924
0.011552242
0.0088336509
0.0055795105
0.0057385583
0.0077138256
0.0063055507
0.0058318781
0.0054219614
0.0056324837
0.0043121604
0.0050273199
0.005047719
0.0054485396
0.0048645153
0.0042612336
0.0043822899
0.0030932864
0.0028977999
0.0019472322
0.0014689606
0.00015624149
-0.00013265917
0.0075578929
0.013037166
0.013837843
0.013040414
0.013212646
0.012911001
0.0091986139
0.0083132195
0.006007574
0.0037202581
0.0022364811
0.00087803102
0.0016285611
0.003072606
0.0032208086
0.0011064555
0.0006787711
0.0010044743
0.0016214948
0.0016285841
0.00037042134
-0.0014037672
-0.0027558044
-0.0024596173
-0.0020839102
-0.0019814641
-0.002741189
-0.0040688171
-0.0044795449
-0.0055229447
-0.0067004738
-0.0075232913
-0.0080610151
-0.0069254732
-0.0057081361
-0.0055752332
-0.0047121773
-0.0031799138
-0.0020438571
-0.0011971786
-0.0010726125
-0.001366145
-0.00079549918
-0.0039155556
-0.0074878083
-0.0085350496
-0.004674368
-0.00056623445
0.0010887939
0.00034501468
6.3237111e-05
0.00021912418
-0.0011885312
-0.0027406718
-0.0033522224
-0.0046038798
-0.0051406279
-0.0058480978
-0.0084702989
-0.010354128
-0.011282582
-0.011753392
-0.011815042
-0.011477142
-0.010364167
-0.0092035395
-0.0064987128
-0.0041968658
-0.0053678505
-0.0054598977
-0.0066439554
-0.0087709846
-0.01026486
-0.010269519
-0.0090351677
-0.0072237315
-0.0032991616
-0.001627669
-0.0015757985
-0.0025622833
-0.0023719325
-0.0019713633
-0.0010069531
-0.00029079494
0.00090398336
0.0017476006
0.0018900491
0.0019336626
0.00016381525
0.00092466148
0.00034020278
0.00031558077
0.0002329058
0.00016274489
-0.0004825417
-0.0014249972
-0.0013542079
-0.0010610423
-0.0011504383
-0.0018370864
-0.002401071
-0.0028536892
-0.0031307161
-0.003367131
-0.0036208145
-0.0041964242
-0.0052099265
-0.0055491359
-0.0076222739
-0.0070009121
-0.0063090904
-0.0035354063
0.0051727681
0.0086532892
0.0096279735
0.010283334
0.010752976
0.011041619
0.011401531
0.011781672
0.011772771
0.010778976
0.0080422911
0.0064540029
0.0056935969
0.0063250541
0.0056431742
0.0054393384
0.0046761403
0.0037713176
0.0036918207
0.0031246288
0.0033183838
0.0035074249
0.0035985572
0.0037297456
0.0037529571
0.0042358256
0.0021108619
0.0015374933
0.00080283259
-0.00032607143
-0.0012361037
-0.0010543083
0.0064689248
0.012173969
0.010936463
0.012022624
0.0095612909
0.0077399216
0.0065420637
0.0034871067
0.0031582806
0.00095656998
3.7004152e-05
0.00054097197
0.0027362147
0.0030087563
0.0017801128
0.0013514326
0.0019411624
0.0022467784
0.0023146079
0.0033573195
0.001917202
0.00029709593
-0.0014827805
-0.0027327213
-0.002525662
-0.0051191978
-0.0071146839
-0.0096293723
-0.011596033
-0.012677212
-0.013251263
-0.014149303
-0.013716152
-0.013226376
-0.012088891
-0.010431277
-0.0093619846
-0.0087597422
-0.0061030923
-0.0047213826
-0.0040477049
-0.0032740343
-0.0036441768
-0.0042609324
-0.00827951
-0.0080770957
-0.0049279664
-0.00027649638
0.0031251596
0.0012855298
-0.00051348985
0.0014848102
0.0016412162
0.00093304657
0.0011067474
-0.0012765119
-0.0024800042
-0.0053079385
-0.006078964
-0.0072914311
-0.0076155647
-0.0070323831
-0.0054389321
-0.004693983
-0.0061500823
-0.0043199437
-0.0036447804
-0.0024702386
-0.0013163105
-0.0026682565
-0.0036685627
-0.0053242613
-0.0058855813
-0.006084678
-0.0038135735
-0.00097786835
0.00017340816
-0.001410224
-0.0028222427
-0.0013416681
-0.00074644753
-0.00067661535
-0.0013789534
-0.0017803207
0.00012308178
0.0010092728
0.0011551443
0.0010397322
-2.013216e-05
-9.6228833e-05
0.00055610195
0.00015050816
-0.00052240336
-0.0016053843
-0.0022121175
-0.002122862
-0.0021461622
-0.0020564592
-0.0025377601
-0.0027068658
-0.0025907517
-0.0031239652
-0.0038820528
-0.0041125321
-0.0050785836
-0.0050707675
-0.0062392426
-0.0068889799
-0.011304272
-0.0099414603
-0.0011552943
0.0063857279
0.0077027613
0.0093271224
0.0082243176
0.0078805015
0.0070782041
0.0099072953
0.012940756
0.011548087
0.010461277
0.0077526726
0.0057662695
0.0055257966
0.0051887957
0.0035826612
0.0021522683
0.0028136755
0.0021636608
0.0014991454
0.0018202837
0.0019667886
0.0024753605
0.0021154796
0.0024860901
0.0029187619
0.0030940675
0.0023744212
0.0022613842
0.0023215421
0.001871647
0.0014865457
0.00078081173
0.00022402414
0.0063908819
0.011794419
0.010945677
0.011131722
0.0097844702
0.0073919707
0.0047461214
0.0016503258
-0.0015966899
-0.0012029215
-0.00012036049
0.0013660218
0.0026696408
0.0021374365
0.0023320155
0.0037266524
0.0039005753
0.0031682368
0.0048922034
0.0051359269
0.0044195531
0.0018929184
-0.0025900845
-0.0035175648
-0.0065194432
-0.0093230773
-0.013206063
-0.015715964
-0.017943308
-0.020680231
-0.02085902
-0.021207047
-0.023575358
-0.021735824
-0.019915361
-0.017439797
-0.014900224
-0.012820741
-0.011919996
-0.011023541
-0.01036845
-0.0080084275
-0.0065933951
-0.0066342091
-0.0059574798
-0.0048382536
-0.003135075
0.0011533848
0.0017805471
-0.00043177103
-0.00017672266
0.0026905271
0.0018754347
0.0021511283
0.0022655956
-0.00031691006
5.5934843e-05
-0.00014891694
-0.0016569774
-0.0043762159
-0.0033296975
-0.001639426
-0.00065835748
-0.00011642111
0.00020880503
0.0026908389
0.0039155034
0.001914185
0.0017144745
0.0019881085
-0.00086760885
-0.0018087143
-0.0021095659
-0.0026328193
-0.0010957245
-0.00056710131
-0.0013522522
-0.0043400149
-0.0042866095
-0.0028135844
-0.0012858956
-0.0013585878
-0.0015666269
-0.0013105645
-9.3764536e-05
8.4730366e-05
0.00014724068
3.5033109e-05
0.00045051526
-0.00027087914
-0.0011232882
-0.0024401189
-0.0023425059
-0.0033462483
-0.003436004
-0.0036488724
-0.0035246853
-0.0032766145
-0.0029329751
-0.0029878581
-0.0024718963
-0.0030682603
-0.002562658
-0.0036944216
-0.0028008689
-0.0031628076
-0.001959399
-0.0052912142
-0.0062083009
-0.001187841
0.0024459561
0.0048107369
0.0060889317
0.0060033493
0.0054498827
0.0033652588
0.0062919473
0.0077772069
0.0078281375
0.0088067885
0.0077110002
0.0058030072
0.0032986428
0.0036332767
0.0025473632
0.0016787033
0.0007461814
0.00078284214
0.00018720683
0.0006337155
0.00077827205
0.0011067026
0.00068197439
0.0012632263
0.0014419725
0.0023855914
0.0023650967
0.0024266045
0.0033203417
0.0036658356
0.0038598441
0.0038967909
0.0038760709
0.0038949536
0.0085474398
0.0096557998
0.0095183112
0.0069147791
0.0077539662
0.0091320084
0.0059166285
0.0012073529
-0.00010696828
0.00089261833
0.0016704752
0.003378075
0.0032273037
0.0059368015
0.0072383419
0.0086510566
0.0095144654
0.008451762
0.0087738518
0.0093684444
0.0085138362
0.0067965616
0.0043607043
-0.00086119515
-0.0070596127
-0.011677727
-0.017835742
-0.022754577
-0.0252423
-0.025226164
-0.028034087
-0.031048674
-0.032357692
-0.030754049
-0.028461595
-0.024833793
-0.020876876
-0.018312065
-0.018472155
-0.018856866
-0.018638394
-0.014331804
-0.013064141
-0.0088617945
-0.0065894924
-0.0049523231
-0.0029218615
-0.0021945696
-0.0037264239
-0.0041646005
-0.00407141
-0.0046660821
-0.0032079927
0.0011347562
-0.001858886
-0.0044714353
-0.001608191
-0.0031655448
-0.0018810264
-0.0012192659
-0.0015224413
0.00046027589
0.0015580896
0.0025485868
0.0045140105
0.0074811456
0.0075363905
0.0063030915
0.0078748191
0.0069348243
0.0054153377
0.0047307934
0.0017788269
-1.3744431e-05
0.00049228498
-2.4007374e-05
-0.0028750923
-0.0035308313
-0.0028213858
-0.0022376194
-0.0030727095
-0.0026660969
-0.0024371412
-0.0021589398
-0.0013463595
-0.0014765848
-0.0010491202
-0.0015338463
-0.0023275492
-0.0025641065
-0.0035691917
-0.0035381599
-0.0049561031
-0.0051845483
-0.0046524297
-0.0038517569
-0.0036030284
-0.0029774853
-0.0021023752
-0.0012415816
-0.00079016652
-0.00058121289
-0.0009129337
0.00010286471
0.00066626444
0.0014834253
0.0023432914
0.00085357017
0.00082079925
0.001922404
0.0066694031
0.0044240328
0.0048340055
0.0062533924
0.0028195401
0.0035961956
0.0066181208
0.0067797687
0.0056916031
0.0073575815
0.0083832153
0.0046297223
0.0030824226
0.0011901222
0.00068161027
-0.00029525996
0.00057055097
0.00048675067
0.00031553805
3.6906804e-05
0.00093765688
0.00095538841
0.001710989
0.0018606876
0.0027817832
0.0024302461
0.0025623969
0.003126597
0.0041836668
0.0044201962
0.0050775842
0.0056500509
0.0053760056
0.0056307271
0.0089479776
0.0055335783
0.0049978176
0.0038650248
0.008064452
0.010677533
0.0051276501
0.0018174764
0.0013772932
0.0035047531
0.0050573336
0.0076977789
0.010060524
0.012346155
0.013826244
0.01573209
0.0142255
0.013789294
0.015104157
0.012959543
0.013260819
0.013316288
0.0097049634
0.0050362638
0.00034810096
-0.0046095268
-0.013684509
-0.020356918
-0.025816214
-0.031941516
-0.036985489
-0.043377399
-0.044107104
-0.043739632
-0.042336347
-0.03728921
-0.031486529
-0.028312694
-0.027138244
-0.026776194
-0.024731334
-0.022148535
-0.01842909
-0.01659239
-0.010574542
-0.010599765
-0.0097802634
-0.010173304
-0.009646628
-0.014010634
-0.014761283
-0.01668322
-0.018072093
-0.010932037
-0.016985408
-0.018925777
-0.012288014
-0.0083169785
-0.0057324823
-0.0037360293
-0.0027150178
-9.6850735e-08
-0.0026713573
0.00015188322
0.0033568756
0.0063416864
0.0066425103
0.006253047
0.0076439692
0.0078399522
0.0063837613
0.0070747071
0.003016704
0.0016223446
0.0025498366
0.00042974839
-0.00094013815
-0.0021326192
-0.0029339633
-0.0029624909
-0.0033874592
-0.0032000425
-0.0037363992
-0.0038359531
-0.0035187375
-0.0028423831
-0.0026378261
-0.0021723725
-0.0026014694
-0.0028799872
-0.0030995666
-0.0037179415
-0.0042830689
-0.0042529108
-0.003970304
-0.0033012535
-0.0023688315
-0.0011924418
-0.00051449866
0.00077598353
0.0017877773
0.0030237535
0.0032533434
0.0042023634
0.0055730361
0.0069145074
0.0063512034
0.0036557849
0.0027525268
0.0030858025
0.0055519697
0.0040602023
0.002496301
0.0026737178
0.0034664008
0.0045293281
0.0067640911
0.0057997678
0.0075132555
0.0098383203
0.0065739595
0.0045609529
0.0012005069
-0.0013437489
-0.0022979646
-0.0020219585
-0.0020101515
-0.0009501907
0.0003338454
0.00056173505
0.0011130215
0.0018284032
0.0026230294
0.0026596878
0.0025477732
0.0028638243
0.0030134409
0.0036107948
0.0042509592
0.0044573568
0.0065323999
0.006546944
0.0072244394
0.0060120314
0.006601027
0.0048872769
0.004124972
0.0034752812
0.0069740979
0.0079065514
0.0080566607
0.0052287819
0.0038945935
0.0053203168
0.0069730964
0.010406048
0.011863999
0.013687709
0.016461377
0.016997586
0.01699184
0.01801985
0.021353653
0.021994985
0.017528051
0.019050175
0.016083305
0.017684097
0.00871496
0.0021033249
-0.0058370609
-0.017067328
-0.023486067
-0.031760503
-0.040285256
-0.044979838
-0.053559387
-0.05276268
-0.058526514
-0.05186531
-0.043828198
-0.043238232
-0.043654618
-0.039990835
-0.036262922
-0.037343796
-0.03319257
-0.030991242
-0.026419232
-0.028726411
-0.029323699
-0.028056633
-0.026925212
-0.033242224
-0.033577747
-0.036227957
-0.033277333
-0.022444013
-0.02494037
-0.028904847
-0.023940179
-0.02377177
-0.018192508
-0.012456618
-0.011482204
-0.0064608029
-0.0088331273
-0.00501911
-0.0039255515
-0.0016538161
-1.6158605e-05
2.377109e-05
0.001622856
0.00064424955
0.0012804382
0.0019941746
0.0012196433
0.00049164786
0.0009320221
0.00045360714
-0.00044915836
-0.001362233
-0.0018493859
-0.0019477256
-0.00207742
-0.0030918883
-0.0031575423
-0.0032575613
-0.0024311364
-0.002585428
-0.0023756124
-0.0017505426
-0.0019166845
-0.0023274536
-0.0021496087
-0.0024390046
-0.0027831079
-0.0024416805
-0.0018010416
-0.00051703332
0.00032528359
0.0011702984
0.0022011331
0.0029835885
0.0040569893
0.0051569447
0.0058547566
0.0072341446
0.0085783685
0.011091457
0.010433152
0.0017748758
0.0027211165
0.0065980024
0.006424131
0.0039910934
0.0055055509
0.0041811048
0.0061815806
0.0075566313
0.0053390363
0.0051389887
0.0028421313
0.0016890152
-5.2659017e-05
-0.00079559035
-0.0041330278
-0.0057378287
-0.0061535758
-0.0044068453
-0.0020280079
-0.0011969248
-0.00051897207
0.00039053427
0.0017234094
0.0017625103
0.0023674336
0.002290208
0.0026625825
0.0026875317
0.003049504
0.00332671
0.0055201592
0.006824459
0.0069970277
0.0080124751
0.0068665327
0.0074454708
0.0024419043
-0.00023186884
0.0024454604
0.0032697203
0.0075554642
0.0068367605
0.0076914987
0.0017285769
0.002302225
0.0062501795
0.0094597175
0.010250255
0.012746118
0.013863507
0.017047263
0.016686221
0.01610038
0.018238229
0.024123721
0.02302825
0.019941304
0.019336951
0.020712212
0.019002171
0.012369016
0.0017349541
-0.0053484578
-0.014979277
-0.025894071
-0.033634235
-0.042777576
-0.049053765
-0.050119433
-0.0508577
-0.056809612
-0.044893556
-0.038398705
-0.041490903
-0.044416631
-0.051768751
-0.049542017
-0.05395958
-0.049250241
-0.045018788
-0.044370214
-0.041881089
-0.047657408
-0.045866199
-0.050944805
-0.054997671
-0.048692057
-0.04993531
-0.045347944
-0.042064162
-0.033078253
-0.031924931
-0.026503692
-0.020492186
-0.017683388
-0.013877944
-0.012614187
-0.010724736
-0.011361774
-0.0088484573
-0.0055281248
-0.0049314652
-0.0031978805
-0.0015294406
-0.0019163216
-0.0015991841
-0.0010879087
-0.001506367
-0.0016430544
-0.0023137835
-0.0032931347
-0.0025529316
-0.0034956819
-0.0026065956
-0.00086534376
-0.00018440036
-0.0007275745
-0.0010605346
-0.0018746561
-0.0018961349
-0.0022912204
-0.0015942157
-0.0015585903
-0.0011320434
-0.00086278828
-0.00075560659
-0.0011790163
-0.0015708358
-0.0015477742
-8.1410506e-06
0.00021006489
0.0013204383
0.001305801
0.0022956518
0.0027422687
0.0041310659
0.0041761079
0.0059123198
0.0062626157
0.0085857056
0.0083747797
0.012075045
0.0087170302
0.00026772973
0.0017403591
0.0033588344
0.0067906406
0.0075064924
0.0043303103
0.0046822417
0.0027883435
0.0036422523
0.0031092766
0.0013126437
-0.0024979809
-0.003104747
-0.0057760354
-0.0057088867
-0.0058886106
-0.005421091
-0.0043061234
-0.0031149285
-0.0015277634
-0.00019494562
0.00072996172
0.001468296
0.0021486043
0.0026636516
0.0022983989
0.002825791
0.0022149135
0.0033990187
0.0035927724
0.0053082328
0.0068979715
0.0075420957
0.0073840815
0.0057377761
0.0093359834
0.006081726
0.0025051967
0.0029288781
0.0031979038
0.0053030308
0.0085240373
0.0063797113
0.0080000561
0.0029390162
0.000870209
0.008692743
0.012517969
0.011597595
0.012862727
0.015666879
0.0192562
0.019287226
0.01723802
0.019422301
0.022754019
0.02484344
0.025880448
0.026261539
0.024371786
0.017695331
0.010845218
0.00024418011
-0.01016183
-0.021375363
-0.033026009
-0.041576549
-0.048366138
-0.055637531
-0.051594948
-0.057545658
-0.053530506
-0.045399364
-0.04451001
-0.043960135
-0.051320833
-0.060450485
-0.062833351
-0.054480253
-0.056872515
-0.054325362
-0.052537831
-0.050345914
-0.060278673
-0.057876019
-0.06056127
-0.061672327
-0.058112469
-0.05401128
-0.049659353
-0.042809128
-0.03731496
-0.028323871
-0.021507189
-0.017617567
-0.012772065
-0.0091980998
-0.0083989523
-0.0080729533
-0.0064241831
-0.004271353
-0.0027252003
-0.0020236962
-0.0021660339
-4.44829e-05
0.0013180566
-4.5825627e-05
-0.00033182685
0.0016541193
0.00099328645
-0.00037110332
-0.0010077244
-0.00088236793
-0.0010259195
-0.0010864561
0.00039699397
0.0012146485
0.0014240451
0.00049870811
0.00096327711
0.00090595501
0.00063053493
-0.00038759499
-0.00066620977
-5.5897253e-05
0.00043196415
0.00045927522
0.00056355188
0.0014855588
0.001675435
0.0016564704
0.0021031642
0.0020963509
0.002500439
0.0033540121
0.004161701
0.0047135748
0.0050976183
0.0062607482
0.0068232328
0.0081044862
0.0088442748
0.011528704
0.0088865902
-0.0002299754
0.00067832519
0.00092809358
0.0058197308
0.0073040669
0.0041911996
0.0015686159
-0.0011951452
-0.0012676643
-0.00042948935
-0.0012724482
-0.0065133654
-0.0064360042
-0.0048465081
-0.0055206662
-0.0050467567
-0.0035020531
-0.0019220648
-1.7376089e-05
0.0016729885
0.0018954277
0.0035495632
0.0032929848
0.0046776917
0.0038512268
0.0041470818
0.0035493649
0.0038242425
0.0041284399
0.0056352936
0.0068113069
0.0075618373
0.0053630802
0.0041519373
0.0022206356
0.00378105
0.0031526047
0.001228937
0.0045464531
0.005627952
0.0059137427
0.0091630722
0.0053374343
0.0033410756
-0.0050463976
5.822225e-05
0.0094434108
0.011312864
0.010718517
0.0096046815
0.011877364
0.015914304
0.017792481
0.017931445
0.019137436
0.019598979
0.020550884
0.017668189
0.014396327
0.0067154324
-0.0034648699
-0.010801766
-0.019472432
-0.027899315
-0.039732437
-0.045555652
-0.055021855
-0.0591217
-0.061585585
-0.059818416
-0.063479681
-0.062036534
-0.06206395
-0.058291404
-0.057954786
-0.055404733
-0.06733607
-0.068320369
-0.059494768
-0.060949778
-0.057454135
-0.049464163
-0.05517171
-0.061437453
-0.057718875
-0.057178324
-0.053900971
-0.052227792
-0.045900829
-0.04158046
-0.035526796
-0.030247405
-0.020464166
-0.013964847
-0.0081182944
-0.0089396291
-0.0036507467
-0.0041056103
-0.0028503558
-0.0021088516
-0.0002901314
-0.00088979805
0.0014997905
0.0010857922
0.0029798632
0.0031029598
0.0040579211
0.0049317898
0.004909132
0.0051363592
0.006627907
0.0042083975
0.0042916265
0.0045946672
0.0034711714
0.0031458667
0.0036114037
0.00300669
0.0035436964
0.0037965689
0.0042111984
0.0028506494
0.0019395836
0.0020624101
0.0013866574
0.0023726678
0.0040705344
0.0037245714
0.0044337244
0.0037894108
0.0038685924
0.0030524552
0.0036982
0.0036732707
0.0045748815
0.005754039
0.0061483152
0.0054162196
0.0069870012
0.0066395237
0.0081576116
0.010013708
0.011916541
0.0052380569
0.0017592632
0.0014439281
-0.0018460586
0.00080953598
0.0035335016
0.0014421943
-0.00049505564
-0.004590611
-0.0048584364
-0.0033895869
-0.0062238039
-0.0038444892
-0.003111456
-0.0025155562
-0.0019491595
-0.0010918226
-0.0014618784
0.00054408549
0.00070115578
0.0017231148
0.0019597245
0.0031571815
0.0032716404
0.0013102426
0.001660485
0.0024094811
0.0026048701
0.0043420129
0.0050720863
0.0049711261
0.0058801286
0.0030639138
0.0039397782
-0.0052604422
-0.0028342845
0.00072858654
-7.4166096e-06
-0.0035293124
-0.00037325753
-0.00057302535
-0.0022299532
-0.0027013011
-0.0023419018
-0.010015879
-0.015379774
-0.0059134242
-0.0041387578
0.0022488771
0.0052132184
0.0046569148
0.0064680422
0.008684585
0.011296652
0.012362736
0.011097728
0.0069589215
0.0021023028
-0.0044245223
-0.011907063
-0.02323838
-0.032819151
-0.040667017
-0.047403989
-0.048631202
-0.055712578
-0.065137024
-0.073009031
-0.076818223
-0.073046253
-0.067816145
-0.075664989
-0.074830717
-0.075688762
-0.073431472
-0.072353491
-0.071691734
-0.070474856
-0.067363562
-0.064779829
-0.059469017
-0.057727095
-0.055103196
-0.053454489
-0.053622832
-0.049978524
-0.044328795
-0.0416452
-0.036833029
-0.032839068
-0.026321989
-0.022435864
-0.016347562
-0.01057053
-0.0090418137
-0.0075009317
-0.005293493
-0.0019419037
-0.0028449619
-0.0039243587
-0.0031908372
-0.0024227751
-0.0015611786
0.0014439401
0.0018821409
0.0042893487
0.0041016012
0.0080570848
0.0086332171
0.0065211704
0.0067516883
0.0096994347
0.010629798
0.0075483063
0.0085439208
0.0074843876
0.0075943566
0.0062484343
0.0052667843
0.00518242
0.0044913195
0.0056203276
0.0041382815
0.004707614
0.0026515885
0.0021283444
0.0025083148
0.0045456663
0.004701606
0.0047563005
0.002789366
0.002845013
0.0018773577
0.0016237714
0.0026646713
0.0040530385
0.0038631948
0.0045434722
0.0056873256
0.006897467
0.0055014871
0.005304834
0.0022937337
0.0008985284
-0.0057078744
0.0019305932
0.010165441
-0.0018391299
0.0007187037
0.0032861982
0.0012691669
-0.0021105991
-0.0036766141
-0.0060850533
-0.0060464847
-0.0071625054
-0.0059523209
-0.0018289972
-0.0014496947
-0.0022538757
0.00016801866
-0.0015872156
-0.0019794584
-0.0012694023
2.9962954e-05
-0.0018120571
-0.00076101617
0.0025339497
0.0012378676
0.0020952398
0.00037971567
0.0019637755
0.0004569092
0.0021294427
0.0011660526
0.0013916694
-0.0021075069
-0.0012609798
-0.0042335107
-0.0022472196
-0.0020974947
-0.0040168182
-0.0034366213
-0.0022464454
-0.0056948449
-0.0064102738
-0.0091296566
-0.010989603
-0.015889318
-0.016416907
-0.01121069
-0.011014353
-0.0058526571
-0.0018929406
0.0006394569
0.0011560002
0.0024222941
0.0021575087
0.0014760261
-0.00093874313
-0.0050258988
-0.011790304
-0.020267207
-0.03169202
-0.043990597
-0.054102784
-0.061872033
-0.059831668
-0.062587334
-0.072139677
-0.079843587
-0.088736954
-0.091901376
-0.090279098
-0.085208209
-0.087224289
-0.091599394
-0.094395846
-0.086884129
-0.083976528
-0.075098816
-0.071551051
-0.064717394
-0.057079558
-0.046800954
-0.046116572
-0.053256292
-0.052154587
-0.043864995
-0.036711542
-0.031464164
-0.024930625
-0.019675633
-0.014053196
-0.012240434
-0.0067106728
0.00015123439
0.002261079
0.0010278991
0.00044742258
0.00038967375
0.0010098219
0.0019834797
0.00052691443
0.0018305106
0.002425026
0.000369193
0.0013676486
0.0038354478
0.0052021885
0.0045932091
0.0074840233
0.0084308163
0.0047981312
0.003990923
0.0063168215
0.0064712376
0.0084354299
0.008550036
0.010399056
0.00887377
0.0067645962
0.0069616322
0.0040890089
0.0050279605
0.0084525118
0.0079810155
0.0082927381
0.0057789028
0.0023441028
0.0039651485
0.0048774562
0.0051867959
0.007259675
0.0061004694
0.0078197286
0.0086737611
0.0091360769
0.0056363927
0.0046971785
0.0063536266
0.0097501049
0.012048376
0.014826187
0.019640343
0.016803267
0.010770381
0.0036333424
-0.00040289095
0.0071095947
0.014430332
0.0073618623
0.0020230156
0.0045087666
0.001992584
-0.0013819503
-0.0041330691
-0.004830562
-0.0062162095
-0.0045896636
-0.0025035284
-0.0012353678
0.002886812
0.0011529783
0.003395471
0.0022553087
0.00054827412
0.0016329627
-3.6557014e-05
0.00039969185
0.00070180907
0.0035104578
0.0033668624
0.0013141723
0.00012750931
-0.0013183953
-0.00015478448
0.00027220088
-0.0034995229
-0.0022484758
-0.0046541927
-0.0041536541
-0.0052779494
-0.0028323176
-0.0049897247
-0.004833777
-0.0046548802
-0.0073256969
-0.0046548543
-0.0049766416
-0.010068643
-0.013535411
-0.013920226
-0.011519196
-0.012980689
-0.013819363
-0.012509888
-0.0093826388
-0.0090543587
-0.008125488
-0.0046508213
-0.0044499248
-0.0051442984
-0.0094510038
-0.012640135
-0.018269371
-0.029932359
-0.04266695
-0.057241327
-0.069516461
-0.070707395
-0.068040678
-0.077883111
-0.091459515
-0.097402977
-0.10096598
-0.099493578
-0.095469251
-0.085710962
-0.075774244
-0.081708726
-0.075852258
-0.070108162
-0.073785659
-0.07074632
-0.062981079
-0.04773163
-0.033723405
-0.029263471
-0.026577817
-0.03578638
-0.028283378
-0.014224434
-0.0089581642
-0.0017059207
0.0017428276
0.006243716
0.0087527962
0.011050674
0.012555746
0.015618783
0.014953373
0.016810071
0.016962739
0.013039684
0.013038699
0.009675519
0.0086577222
0.0086800846
0.0075751317
0.0069153978
0.0046975106
0.0066412361
0.0069972758
0.0049272778
0.0048282453
0.0058989166
0.0045139987
0.0068482109
0.0062501705
0.0041386636
0.0048228347
0.0039396022
0.0020442709
0.00058624934
0.0064373721
0.0068856394
0.0081807933
0.011915058
0.01259907
0.014245979
0.017500721
0.01801465
0.016697457
0.016615551
0.021897962
0.027156278
0.029755586
0.029837841
0.027598713
0.030154297
0.026967106
0.02383327
0.025702918
0.025033098
0.022665794
0.021910286
0.015651849
0.01061182
0.006687878
-0.0069249911
-0.010875915
0.0062226652
0.015460271
0.013587629
0.0079286267
0.00893622
0.0031222982
0.00044078766
-0.0012057535
-0.00030336368
0.0005451253
0.0010833453
0.0010136181
0.00042729445
0.0037925033
0.0047730691
0.0058028089
0.0033998497
0.0057141345
0.0039011013
-0.00087563331
0.00058069955
0.0061718656
0.0039039848
0.003200103
0.0026684865
0.00036443239
-0.00072712288
-0.00014282502
0.0021826375
0.00039447362
-0.0030679986
-0.0069526379
-0.0048412761
-0.0062549685
-0.0066765143
-0.0066727642
-0.006339167
-0.0065389985
-0.0086695957
-0.0070071038
-0.0040801791
-0.0033854182
-0.0052838975
-0.0073088895
-0.012258943
-0.01244388
-0.015877902
-0.017242124
-0.013743708
-0.017151461
-0.012855539
-0.011920975
-0.010432936
-0.010478525
-0.011212732
-0.016163324
-0.019471679
-0.025626039
-0.033357033
-0.04521327
-0.060488891
-0.070982582
-0.06620051
-0.071863599
-0.081518828
-0.084883193
-0.083996282
-0.081202714
-0.074341318
-0.06946369
-0.058836893
-0.041440872
-0.03999539
-0.046479327
-0.047845366
-0.053067435
-0.055080263
-0.046351603
-0.032297328
-0.015534775
0.00017939488
-0.0068618664
-0.014395403
-0.0018690898
0.012545472
0.019929611
0.02260938
0.023340796
0.026148105
0.02812826
0.026267898
0.027028423
0.025210929
0.024462913
0.022770407
0.022446672
0.019119402
0.014852862
0.014989374
0.013553484
0.014158761
0.010673876
0.0081252856
0.0049967359
0.0061476785
0.0052624272
0.0065341744
0.0064471004
0.0065343805
0.006758086
0.0073001228
0.0058046499
0.0048862118
0.00014459625
-0.0026123106
-0.0041051904
-0.0023448188
-0.0015231762
0.0066886816
0.0068325511
0.0096504909
0.010257992
0.013281427
0.016714012
0.017768245
0.020633609
0.024636859
0.032833812
0.041495153
0.048275174
0.051487163
0.051733188
0.049370508
0.044694286
0.036094316
0.034521847
0.031480756
0.02866888
0.020941967
0.016848516
0.012604385
-0.0046534057
-0.016964854
0.0026895255
0.013532199
0.019371425
0.014060111
0.0058796385
-1.9917207e-05
-0.0011967791
-0.0037302555
-0.0015996465
0.0003997052
0.0023119649
0.0028664741
0.0026897004
0.0013416012
0.00072381204
0.00064985073
0.0010340539
-0.0011294571
0.00030285275
0.0015636162
0.00094203412
0.00029551003
0.0039840602
0.0019255323
0.0025923311
3.6372854e-05
-0.00033195637
0.0016905892
0.0016306888
0.0023800804
0.00065095558
-0.0028020528
-0.0037614306
-0.0040916627
-0.0047157148
-0.0073884988
-0.0053672528
-0.0052123341
-0.0047108876
-0.0060659537
-0.0044364972
-0.0045694877
-0.0043935104
-0.0055046566
-0.0064286996
-0.010691758
-0.013876282
-0.017865044
-0.019010715
-0.014404051
-0.01527913
-0.013673198
-0.015957184
-0.01484451
-0.014635076
-0.014848599
-0.016758785
-0.020075111
-0.024717901
-0.033653855
-0.042248719
-0.055692066
-0.06205097
-0.060022023
-0.064996414
-0.066875144
-0.065395634
-0.05777649
-0.055055833
-0.044425751
-0.039001711
-0.024362537
-0.013252704
-0.018680991
-0.025219545
-0.025412282
-0.028711462
-0.024939101
-0.014796742
-0.008346994
0.0027712741
0.011966084
0.0066989879
0.0088774128
0.018594559
0.029483442
0.032168904
0.034013169
0.037386373
0.036695777
0.031401698
0.026209968
0.026448682
0.023340287
0.021338888
0.021405017
0.018458864
0.014927792
0.012582494
0.014331997
0.016970134
0.013251264
0.012228545
0.0084026408
0.0084642635
0.006135386
0.0059269323
0.0034486094
0.0049449748
0.0060873014
0.0049280591
0.0046166102
0.0062924387
0.0039104453
0.0019178413
0.0012291747
0.0015407117
0.0030230213
0.0045252021
0.006754362
0.0076982337
0.012159305
0.016381827
0.017247398
0.016622549
0.018660509
0.020094908
0.023387951
0.02900881
0.039848768
0.047296885
0.052399102
0.053864884
0.052212837
0.044368998
0.037738189
0.031247345
0.029526554
0.023628808
0.013802235
0.0039798232
-3.5411128e-06
-0.0057271021
-0.0040680871
0.0093130238
0.014046366
0.017279464
0.012422783
0.0081132344
1.7459201e-05
-0.0031636955
-0.0057598843
-0.0068742059
-0.0017683359
0.00098038494
0.00011630126
0.0026429128
0.0013732169
-0.00035829189
-0.00045579428
-0.0011676836
-0.001392652
0.00065591906
0.0010635564
0.0054601281
0.0042837016
0.004511107
0.0023937314
0.0031728281
0.0016230274
-0.00091576572
-0.0010867859
0.0029337014
0.0059896805
0.0023631217
0.0021985385
-0.0013208162
-0.0034786324
-0.0040604139
-0.0049891412
-0.0048932046
-0.0037780208
-0.0042588352
-0.002661966
-0.0038517105
-0.003509733
-0.0041131894
-0.0050192099
-0.005075634
-0.0072923945
-0.010609838
-0.013431991
-0.014578611
-0.013709548
-0.011430184
-0.010903694
-0.011926387
-0.01528318
-0.015144203
-0.015700365
-0.016851725
-0.019809391
-0.024344325
-0.029289382
-0.034763507
-0.043164641
-0.044667281
-0.046138527
-0.047382927
-0.046163491
-0.041774585
-0.03476095
-0.027386307
-0.019015778
-0.012087295
-0.003084937
-0.0040246
-0.010542699
-0.011145808
-0.0072460691
-0.0092483509
-0.0013075979
0.0039916385
0.0087709643
0.015612391
0.019259088
0.016679163
0.018748849
0.023200364
0.02726444
0.032727781
0.033363405
0.033720402
0.031511576
0.027387101
0.020760978
0.018493344
0.015987429
0.013636543
0.011894344
0.0084459729
0.0057029899
0.0036805881
0.0033693049
0.0042203642
0.0069238809
0.0082996192
0.0064970217
0.0077435181
0.0056731327
0.0035893726
0.0022727224
0.0011549407
0.0021574272
0.0023976105
0.0032345342
0.002423967
0.0017696579
0.0027608081
0.0029603032
0.0023823724
0.0040234282
0.0053594044
0.006539587
0.0081458699
0.012355871
0.014248977
0.015376322
0.015158083
0.017075224
0.020039333
0.023527063
0.027627695
0.031711278
0.035781154
0.037517968
0.039154816
0.037131223
0.030599174
0.023152781
0.012820149
0.0071486223
0.0051097954
0.0036140329
-0.0014488262
-0.0065729271
-0.00092917427
0.0044665318
0.0060288303
0.010734449
0.0099597351
0.0061746347
0.0015519923
-0.0034261469
-0.0067167614
-0.0098346893
-0.011266056
-0.011119848
-0.0061028714
-0.001407512
0.00055050798
0.00031999805
-0.0017623164
-0.0012846451
-0.0012080718
-0.0019479379
-0.00115835
-0.00079144692
0.0018909048
0.0019992129
0.0018861491
0.0016489002
0.0010469629
-0.00036169658
-0.0011535156
-0.0025775685
-0.00078565938
0.0014258368
0.0016060581
-0.00061727166
-0.0011209413
-0.0050736413
-0.0027041983
-0.003770689
-0.0036039462
-0.0030573208
-0.0039781256
-0.0036787417
-0.0030911527
-0.0032627689
-0.0036984146
-0.0045897828
-0.0049587337
-0.0033240549
-0.0046735766
-0.0068183405
-0.0098406037
-0.0080922058
-0.0073678778
-0.008111253
-0.0081184726
-0.011369134
-0.013067179
-0.015070548
-0.016925248
-0.018091447
-0.022774642
-0.02582361
-0.027864892
-0.029285378
-0.029182403
-0.030361213
-0.028713516
-0.020178121
-0.018690679
-0.01552296
-0.0073390345
-0.0070693817
0.00011205146
0.0013666938
-6.9773494e-05
-0.0027221854
-0.0026230706
-0.0038842459
0.0010933584
0.0065516425
0.010815587
0.013182937
0.015576119
0.01884388
0.018949196
0.017188243
0.014695673
0.015937936
0.021181584
0.024453813
0.02294878
0.021678397
0.019213148
0.015591626
0.011780809
0.0068842118
0.0054458647
0.0044774874
0.00017225398
-0.0010107525
-0.0040355417
-0.0022574697
-0.0037159458
0.00024530292
0.0014458091
0.0014077236
0.00274805
0.0028033948
-0.00032895315
-0.001137731
-0.0010779784
-0.0013781333
0.00057639833
0.0016861022
0.00095522015
-0.00036854467
-0.00074548693
0.0014431807
0.0041792178
0.0037982048
0.0032917948
0.0042438015
0.0055361186
0.008246627
0.01004904
0.010021472
0.0090699996
0.012047523
0.015143716
0.017780301
0.018990544
0.022673055
0.024955311
0.027911247
0.024314618
0.021280174
0.011565756
0.0012489816
0.0027854974
0.0046933968
0.0056601913
0.0058651249
0.0020744131
-0.0010411397
0.0032295572
0.001559909
0.0034238767
0.0036247853
0.0017530472
0.00072539822
-0.001986666
-0.0033368479
-0.0049661665
-0.0090190741
-0.010635333
-0.011560235
-0.0066345507
-0.003272895
-0.0011741302
-0.00090873569
0.00027910989
-0.0024262715
-0.0047157301
-0.0047439419
-0.0046895572
-0.0040870437
-0.003839259
-0.0011966611
-0.00051925168
0.00050663007
0.0011858619
0.00012733017
0.00051696353
-0.00064691506
-0.0010813229
-0.00083245858
-0.0026459058
-0.0023158987
-0.0042384552
