0.0046137684
0.004160409
0.0043151389
0.0045296
0.0041046554
0.0029410067
0.0055401298
0.0079674624
0.011339998
0.01197226
0.011754324
0.0098621051
0.0082763328
0.0064886775
0.003931542
0.002670194
0.0029337944
0.0033921788
0.0037145618
0.0034637863
0.003017063
0.0017590686
0.0014460158
0.0011081627
0.00049275869
0.0011373457
0.0012785483
0.00045952772
-0.0003440882
-0.00040033737
-0.00040300177
-0.00039052499
0.00023928665
-0.00082751496
-0.00026380067
-0.0010333918
-0.0015670052
-0.002631013
-0.0026664618
-0.0029917397
-0.0035904435
-0.0021506684
-0.00098628902
0.00019577979
0.0016941283
0.0017856796
0.0016109096
0.00059943414
-0.00076192388
-0.0035638148
-0.0055452089
-0.0059887991
-0.0039657224
-0.0018481082
-0.00085005359
-0.00050360207
-0.00081460854
0.00076429285
-0.00105045
-0.0029874917
-0.0050905594
-0.0057500717
-0.0056094102
-0.0058490209
-0.0060608256
-0.0072951307
-0.0090539032
-0.011415281
-0.01399135
-0.015035542
-0.01471365
-0.014186584
-0.013586157
-0.010037878
-0.0084153615
-0.008004585
-0.0074809133
-0.0087037109
-0.0095249549
-0.0088705583
-0.010185233
-0.0084639565
-0.0083889909
-0.0059953678
-0.0056529544
-0.0066530453
-0.0076502896
-0.0075377373
-0.005928804
-0.0044596887
-0.0032548009
-0.0026099965
-0.0026096112
-0.0032791243
-0.0028729371
-0.0021714083
-0.0017423856
-0.0027415287
-0.0026872472
-0.002884671
-0.0029099353
-0.0026797719
-0.0022255714
-0.0027176763
-0.0025891813
-0.0022817744
-0.0028921064
-0.0032492184
-0.0034050659
-0.0039426254
-0.0032961134
-0.0035163945
-0.0036840323
-0.0044652996
-0.0050003209
-0.0066880451
-0.0047543563
-0.0051468292
-0.0036537487
0.0039429134
0.0040927706
0.0077105595
0.0074650684
0.0090528027
0.010180743
0.010025063
0.010727159
0.011130227
0.0098914373
0.0074602536
0.004081733
0.0039967031
0.0059379607
0.004798558
0.0042888371
0.0039978803
0.0041003018
0.0026380009
0.0034455852
0.0043953364
0.0042083398
0.0038215453
0.0036807356
0.0044065122
0.0041104499
0.0038846224
0.003641742
0.0033331416
0.0022904907
0.0019605298
0.0057695616
0.0082483183
0.0087679294
0.0081540179
0.0083529746
0.0084354028
0.0062331254
0.0058640609
0.0035497723
0.0017709332
0.0012186558
0.00035164711
0.001367411
0.0021430722
0.0017385128
0.00024701133
8.1012251e-05
0.00033884524
0.00070684672
0.00068183014
0.00024191557
-0.00043380291
-0.0012261256
-0.0011570801
-0.0016544096
-0.0020684105
-0.0026547909
-0.0036497168
-0.0043368549
-0.0047698655
-0.0055917207
-0.0064633934
-0.0070736806
-0.0063083446
-0.0053892679
-0.0054766398
-0.0046185648
-0.0031344196
-0.0020496597
-0.0014091279
-0.0014590428
-0.0015834243
-0.00076668203
-0.0029227416
-0.0053729244
-0.0061868047
-0.0038204205
-0.0013737583
-0.00025755992
-0.00077226585
-0.00063196367
6.2694378e-05
-0.0015281768
-0.0027925605
-0.0031816058
-0.0035736952
-0.0037375137
-0.004203681
-0.0067433961
-0.0084298862
-0.009088659
-0.010196209
-0.0113361
-0.011449348
-0.010471795
-0.0098413539
-0.0067453558
-0.0046942006
-0.0052559133
-0.0044009953
-0.0040702603
-0.0057519323
-0.0074277705
-0.0073680215
-0.0064179756
-0.0052302822
-0.0029225997
-0.0027246158
-0.0031633264
-0.0047540189
-0.0046232249
-0.0036798128
-0.0035035466
-0.002997751
-0.0021148549
-0.0013492933
-0.0015956604
-0.0012854247
-0.0021445954
-0.0011035189
-0.0016181987
-0.0016770293
-0.0017194902
-0.0015375687
-0.0016096386
-0.0021066104
-0.0020203709
-0.00193788
-0.0020516964
-0.0027713291
-0.0033986357
-0.0039086469
-0.004382325
-0.0043821694
-0.0045808412
-0.004903391
-0.0054767424
-0.0054135187
-0.0072120236
-0.0072533103
-0.0060712102
-0.0034392612
0.0050301973
0.0078522398
0.0077330957
0.0087876347
0.0083493944
0.0084200519
0.0078135833
0.0084768267
0.0096105944
0.0085553993
0.0071445032
0.0056627328
0.004013518
0.0046205265
0.0044215646
0.0044348814
0.0042150632
0.0030032878
0.0025857587
0.0021336851
0.0024230056
0.0023311781
0.0029102073
0.0033424366
0.0035909602
0.0045647793
0.0032233744
0.0026879787
0.0024694127
0.0016007198
0.0014776282
0.0015242448
0.004486928
0.0080489607
0.0073557407
0.007485055
0.0055835919
0.0046104979
0.004138378
0.0019826255
0.001724202
0.00013833243
-0.00028823135
-0.00042189563
0.0015114028
0.0022886022
0.00076261048
-0.00013488311
0.00070424393
0.0010930162
0.0011336096
0.0025071518
0.0028972754
0.001741006
0.00018913885
-0.0014672704
-0.0019067639
-0.0038942478
-0.0051734982
-0.0072229976
-0.0090132831
-0.0099738
-0.010531364
-0.011573113
-0.011819792
-0.011925213
-0.011211979
-0.0097692607
-0.0092654983
-0.0084972375
-0.0058956363
-0.00429092
-0.0041973862
-0.0032852907
-0.0036586099
-0.0042575874
-0.0066239489
-0.0063808136
-0.0044239
-0.0014332496
8.4951481e-05
-0.0011580833
-0.0014820662
-0.00062824261
-0.00032115989
-9.7883688e-05
0.00021211389
-0.00098485721
-0.0022272615
-0.0039082227
-0.0059356115
-0.0066118921
-0.0064374152
-0.0066418259
-0.0059682806
-0.0048708011
-0.0057232612
-0.0044713729
-0.004257677
-0.0025359186
8.6687786e-05
-0.00082237704
-0.0013367597
-0.0029852766
-0.0043681955
-0.0052426523
-0.0038485206
-0.0019746232
-0.001100536
-0.0031099692
-0.0049466518
-0.0033791531
-0.0033228697
-0.0029087553
-0.0033192264
-0.003618294
-0.0019927461
-0.0011549743
-0.00052458614
-0.00056956064
-0.0020160624
-0.001936223
-0.0012008879
-0.0012102672
-0.0017399667
-0.0027256793
-0.0032231103
-0.0027801774
-0.0027601598
-0.002652976
-0.0032430879
-0.0031812719
-0.0031370529
-0.0036201884
-0.0044649271
-0.004601361
-0.0053718003
-0.0050722748
-0.0060081511
-0.0059016777
-0.0085495634
-0.0084325866
-0.00044286018
0.0055803628
0.0059334117
0.0060693611
0.0051427887
0.0051674146
0.0043702873
0.0054814835
0.0088683282
0.0079070115
0.0071467759
0.0056963888
0.0047039845
0.0048382525
0.0036138017
0.0029186323
0.0019791988
0.0023617333
0.0020658054
0.0015092465
0.001385009
0.0010804488
0.0017315647
0.0016254662
0.0022160612
0.0028297455
0.0034861702
0.0029475907
0.0027950815
0.0029082937
0.0029416469
0.0030597241
0.0026437033
0.002094984
0.0047882417
0.0084233856
0.0084758125
0.0084196881
0.0066362062
0.0049063068
0.0030348651
0.00095729008
-0.00085716509
0.00024268167
0.00062759036
0.0014379613
0.0022413537
0.001817442
0.0014068998
0.0021033143
0.002281546
0.0021759732
0.0037134229
0.0043606756
0.0058458558
0.0045681614
0.00082167638
-0.00075432118
-0.003278896
-0.0055027409
-0.0085597524
-0.011193264
-0.013350176
-0.016803549
-0.017233303
-0.016699362
-0.020241282
-0.019171317
-0.018302128
-0.01572695
-0.013640299
-0.0113991
-0.0098350327
-0.0089750615
-0.0079179704
-0.0065556115
-0.0065348346
-0.0068398585
-0.0064844685
-0.0060851844
-0.0043787486
-0.0012706344
-0.00084087009
-0.0023634485
-0.0019810115
0.00050071978
0.00048626657
0.0008595906
0.00097403111
-0.0011065246
-0.00026874229
-9.1208836e-06
-0.0017303997
-0.0044260848
-0.0032500638
-0.0027019728
-0.0022339478
-0.00099189616
-0.0020747364
0.0011852316
0.0030887542
0.0025553434
0.0027376602
0.0028738389
-0.00011935172
-0.0020178764
-0.0030763762
-0.004010164
-0.0027175961
-0.0024345284
-0.002965687
-0.0064213475
-0.0061893068
-0.0046047593
-0.0030082484
-0.0035287624
-0.0034686567
-0.0028085983
-0.0015446959
-0.001170287
-0.0012817427
-0.0013412803
-0.00070444183
-0.0012636287
-0.0019418872
-0.0031615802
-0.0031843331
-0.0039138306
-0.0041369168
-0.0041711897
-0.0041044313
-0.0036171634
-0.003196465
-0.0033140922
-0.0029687046
-0.0034839579
-0.0032023047
-0.0039588328
-0.0031984432
-0.003455517
-0.0018634966
-0.0036701799
-0.0038301326
0.00060681139
0.0028089874
0.0030660547
0.0041115588
0.0048486918
0.0026490095
-1.5515535e-07
0.0026568371
0.0041683571
0.0046440635
0.0063792046
0.0055210919
0.0035589938
0.0024439842
0.0026740498
0.0017958969
0.0012037163
0.00048421524
0.00025307996
-0.00048273008
-0.00053765399
-0.00024804698
-0.00013023924
0.00015163001
0.00074183106
0.0011241975
0.0019214064
0.0024083023
0.0026313868
0.0034583226
0.0038156962
0.0044909842
0.0044924762
0.0048470764
0.0048876058
0.0077588938
0.0083270331
0.0081470194
0.0061013722
0.00628137
0.0076444579
0.0049629727
0.0010368918
0.0012324667
0.003097959
0.0034215067
0.00400305
0.0033629263
0.0053090529
0.0058242988
0.0068876185
0.0075622622
0.0068587886
0.0071831535
0.0078630552
0.0081442072
0.0086364303
0.0079700259
0.0033123033
-0.0024780816
-0.0059498958
-0.011215605
-0.015250548
-0.018615438
-0.019002036
-0.021641017
-0.024528421
-0.026730422
-0.026454854
-0.024677517
-0.022023967
-0.018777271
-0.015557755
-0.015119713
-0.015296063
-0.014640927
-0.012349873
-0.011879163
-0.0093644015
-0.0081440996
-0.0068161409
-0.0050340413
-0.0038231435
-0.0048617575
-0.0057032768
-0.0054173424
-0.0053033698
-0.0041079795
0.00078935221
-0.0013892889
-0.0046975243
-0.0027621277
-0.002652348
-0.0021538716
-0.0024286385
-0.0025655733
-0.0021516231
-0.00096490068
-2.357001e-05
0.0011154696
0.0031817758
0.0039579025
0.0034621359
0.0045186882
0.0032928722
0.0020773495
0.0020377375
-0.0010476383
-0.0027620163
-0.0012838114
-0.0015128209
-0.0033834653
-0.0046373833
-0.0042405992
-0.0037672176
-0.0044273307
-0.0036528306
-0.0037118074
-0.0034162057
-0.0026890332
-0.0026210293
-0.0025059731
-0.0026156475
-0.0029697596
-0.0030480403
-0.0040087041
-0.0039170407
-0.0049834804
-0.0054264461
-0.0051012438
-0.0046289574
-0.0042380023
-0.003568231
-0.0029184244
-0.0022489204
-0.0016452828
-0.0015743853
-0.0018874043
-0.0012090079
-0.00064153484
0.00061629861
0.0024135859
0.0021469025
0.0017969855
0.0025139816
0.0059535869
0.004372339
0.0050010701
0.0049854616
0.0011824364
0.00082020437
0.0039313972
0.0035638339
0.002978778
0.004417054
0.0042758456
0.0012228359
0.00097774793
-0.00014859357
-0.00047011223
-0.0011814826
-0.00057940837
-0.00095462212
-0.0013084749
-0.0015115616
-0.00079866052
-0.00038276593
0.00057709871
0.0012589841
0.0021735514
0.0021157091
0.0024301916
0.003084269
0.0039786004
0.0042655912
0.0047382468
0.0054263148
0.0060333656
0.0068548368
0.00887357
0.0050820456
0.0048262982
0.0026839208
0.0061559838
0.007559671
0.0043777127
0.0025938376
0.0032279242
0.0048883525
0.0049578919
0.0067402673
0.0083122127
0.0094853053
0.0094278883
0.011089074
0.010081255
0.0096334479
0.010715137
0.0094619397
0.012630024
0.014348864
0.013035027
0.0095515388
0.0055268704
0.003423504
-0.004634429
-0.009704787
-0.014549092
-0.018958816
-0.025046179
-0.032750652
-0.033406739
-0.03356353
-0.034118081
-0.031427956
-0.0282805
-0.026120648
-0.024144792
-0.023026661
-0.021514068
-0.020439929
-0.017589295
-0.016622404
-0.012660983
-0.012142108
-0.011715962
-0.012283701
-0.011811438
-0.015414273
-0.015118895
-0.016262404
-0.016903037
-0.010416094
-0.017705743
-0.020487733
-0.014594906
-0.010301212
-0.0092826119
-0.0074026965
-0.0054745655
-0.0027636798
-0.0060621497
-0.0054744711
-0.0036767175
-0.0014379251
4.7105284e-05
0.00062521246
0.0028851168
0.0028556316
0.0010709538
0.0017001505
-0.00094750632
-0.0015490829
-0.0010053726
-0.001934681
-0.0029865603
-0.0037911815
-0.0040226879
-0.0042158084
-0.0047158587
-0.0042613503
-0.0044764503
-0.0044489787
-0.0044407435
-0.0037519588
-0.0034060985
-0.0032029839
-0.0034076259
-0.0035133314
-0.0032755293
-0.004057492
-0.0047646414
-0.0049941415
-0.0048554154
-0.0041774511
-0.003220773
-0.0020217424
-0.0014255611
-0.00021569867
0.00063344388
0.0018502792
0.0020743563
0.0029964493
0.0046709114
0.0066933034
0.0065877276
0.0047334936
0.0039016382
0.0043589235
0.0067189785
0.0043669108
0.0037591115
0.0025700566
0.0023204397
0.0026902934
0.00405248
0.0035346418
0.0040587415
0.0051945169
0.0028146704
0.0006771239
-0.002030619
-0.0034474209
-0.0038348169
-0.0035508905
-0.0039743024
-0.0030810829
-0.0020312355
-0.0017506588
-0.00092305519
0.00010836214
0.0013631351
0.0017149895
0.0018836354
0.0021653186
0.0024939465
0.0032428143
0.0035265897
0.0038134998
0.0052671754
0.0058812586
0.0070076256
0.0068086029
0.006258291
0.0047933744
0.0022430725
0.0010105142
0.0042632504
0.0045811392
0.0050294142
0.0040107729
0.0036865566
0.0046323307
0.0055307063
0.0077166499
0.0089427848
0.0096963698
0.011218449
0.010919563
0.011402194
0.012157444
0.015707653
0.018985376
0.017391225
0.020270313
0.020727542
0.023226814
0.018129538
0.012900265
0.0071357654
-0.0031402583
-0.0082389773
-0.015346863
-0.024869704
-0.03041047
-0.039578704
-0.041087765
-0.047940295
-0.044844505
-0.038227693
-0.038398057
-0.03883939
-0.036551448
-0.035178858
-0.036340027
-0.032893303
-0.031605809
-0.028107014
-0.031071964
-0.0306361
-0.029689074
-0.029156469
-0.035381872
-0.036541253
-0.039005199
-0.035086933
-0.025248144
-0.026800226
-0.033304895
-0.02915332
-0.029636749
-0.025838572
-0.017875447
-0.017850374
-0.012893021
-0.015369902
-0.012850124
-0.012815402
-0.010309009
-0.0068238504
-0.0062329789
-0.003995249
-0.0037773446
-0.0034377759
-0.0028559898
-0.002535073
-0.0031867953
-0.0021741171
-0.0025339943
-0.0035464844
-0.0039076805
-0.0041241971
-0.0036232075
-0.0036852894
-0.0043313344
-0.0044918042
-0.0041418999
-0.00365239
-0.0037862638
-0.0036222492
-0.0028783281
-0.0032533663
-0.003341033
-0.0031661612
-0.0032624427
-0.0038486561
-0.0036092769
-0.0031193692
-0.0017101513
-0.00095696003
-0.00026552242
0.00079243951
0.0017123335
0.0022886339
0.003612682
0.0042481666
0.0059480372
0.0073279058
0.01039122
0.0094405979
0.0024374632
0.0043950525
0.0066828838
0.0068324537
0.0038710139
0.0057474665
0.0035721136
0.0028151659
0.0037819325
0.0017118944
0.0019315295
-1.614806e-05
-0.0010960456
-0.0033574537
-0.0040732507
-0.0070186657
-0.0079218137
-0.008526967
-0.0072047369
-0.004375324
-0.0029533772
-0.0025770195
-0.0016913326
-0.00040397145
4.7063711e-06
0.00067478548
0.0011606409
0.0017487111
0.0019341916
0.0022571177
0.0028476577
0.0043059276
0.0060211542
0.0059822269
0.0071217883
0.0070275185
0.007888921
0.0027040931
-0.00083153571
0.00063240716
0.00092935006
0.0042737922
0.0029386881
0.0034042859
-0.0013540487
0.00055393461
0.003944777
0.0070418369
0.0080890851
0.010057764
0.010188187
0.012120827
0.010960849
0.0098257275
0.012224166
0.01968994
0.021023281
0.019938715
0.022086255
0.02590998
0.027261528
0.023887147
0.01541775
0.0083882454
-0.00013571959
-0.010298209
-0.017112888
-0.026783852
-0.033418945
-0.035313759
-0.038931246
-0.048452787
-0.039777168
-0.034245712
-0.039479463
-0.043131044
-0.049300532
-0.047958699
-0.054002061
-0.049000495
-0.046473902
-0.046151332
-0.043843689
-0.050640603
-0.049025445
-0.054862548
-0.059915745
-0.052245442
-0.053540074
-0.049924199
-0.049067558
-0.040091076
-0.040960781
-0.03653167
-0.030351322
-0.02720586
-0.022230433
-0.021515383
-0.019172389
-0.020545954
-0.018034993
-0.013846368
-0.012562957
-0.010486992
-0.0074609163
-0.0065201403
-0.0054904595
-0.0041550494
-0.004391246
-0.0039734406
-0.004267257
-0.0056721782
-0.0050969997
-0.0058530471
-0.0048764334
-0.0034502615
-0.0027129608
-0.0028586432
-0.0030614925
-0.0038497428
-0.0036611493
-0.0039006952
-0.0034770635
-0.0031823684
-0.0028652736
-0.002640682
-0.0022508607
-0.0025150442
-0.0028169975
-0.0029208671
-0.0013292574
-0.0011930392
-0.00020483987
-0.00031952899
0.00053623984
0.0011552271
0.0025119977
0.0025723905
0.0044825073
0.0046872972
0.007187489
0.007001487
0.010764217
0.0073502274
0.00062763206
0.0022048963
0.0035805939
0.0062491769
0.0060516367
0.0031121722
0.0018223623
-0.00090739791
-0.00089096336
-0.0014045936
-0.0011664986
-0.0047195467
-0.0054587632
-0.0086617216
-0.0085645085
-0.0082608055
-0.0079225472
-0.0065676731
-0.0048868322
-0.0032493875
-0.0015355931
-0.00086982825
-0.00067164676
0.00033917844
0.0010824111
0.00092008481
0.0015768853
0.0010910462
0.0020654384
0.002444929
0.004193082
0.005750339
0.0066899429
0.0070804075
0.0061297303
0.0097377135
0.0067111796
0.0021048402
0.00052655333
0.00057769722
0.0022855803
0.0046192753
0.0021249638
0.0028975863
-0.0014922924
-0.0032215546
0.004924635
0.010095705
0.0099646945
0.01109799
0.012374519
0.015235651
0.014624627
0.011601374
0.013511818
0.018441969
0.021950828
0.025265664
0.028876109
0.030212122
0.02673978
0.021567404
0.013618066
0.0046188099
-0.0057357291
-0.015882961
-0.02460816
-0.031274185
-0.039435424
-0.036817366
-0.045840562
-0.045461088
-0.038100449
-0.038676503
-0.04039725
-0.049524667
-0.058519406
-0.061145078
-0.0533608
-0.056125476
-0.053859339
-0.053327914
-0.051550593
-0.063001815
-0.061550756
-0.064112944
-0.066882208
-0.063567611
-0.059700541
-0.0564355
-0.05014168
-0.046106448
-0.038202453
-0.031005616
-0.026419639
-0.020883107
-0.017893017
-0.017556174
-0.018369395
-0.016972711
-0.014195921
-0.011946339
-0.0099019875
-0.0085206825
-0.0054593966
-0.0031217174
-0.0034168278
-0.0029487712
-0.00022367177
-0.00021601729
-0.00098439687
-0.0021575049
-0.0021660957
-0.0026382011
-0.0032276301
-0.0019536856
-0.00095767368
-0.00029680937
-0.0011931979
-0.00082651057
-0.00045508813
-0.00058601199
-0.001596537
-0.0020958118
-0.0016383621
-0.00086757151
-0.00073252654
-0.00057712424
0.00038575669
0.00050057238
0.00042852294
0.0012116326
0.0011925905
0.0015585742
0.0023585383
0.0029867496
0.0034967601
0.0041013585
0.0053341152
0.0058996791
0.0066962075
0.0073015941
0.0094949548
0.0068124956
-0.0014020622
0.0005638942
0.00092348744
0.003830352
0.0040694892
0.0014270929
-0.0013094943
-0.0045891794
-0.0040469802
-0.0030560694
-0.0026564433
-0.0075961352
-0.0083449641
-0.0060138354
-0.0064339892
-0.005948242
-0.0042092944
-0.0026535504
-0.00153361
0.00014771333
0.00042250275
0.001807233
0.0016587833
0.0026915056
0.0019776897
0.002556912
0.0021584017
0.0026165185
0.0027751307
0.0042112666
0.00514109
0.0060312538
0.0042417791
0.0028042598
0.00076045836
0.0024172713
0.0014428222
-0.001681305
-0.00014970849
0.00098344978
0.00088729032
0.0043589802
-0.00021138622
-0.0019521781
-0.010219283
-0.0060038256
0.0051259039
0.0080081097
0.0087446337
0.0082905339
0.0092995093
0.011721716
0.013130927
0.012203645
0.012379053
0.013965895
0.01749398
0.016797569
0.016573735
0.011831865
0.0046723632
0.00047086929
-0.0062477719
-0.013009208
-0.024339342
-0.031014648
-0.040224419
-0.044259103
-0.046736314
-0.04679827
-0.053090985
-0.053565993
-0.055165548
-0.052291618
-0.053641383
-0.052904282
-0.065232389
-0.069368141
-0.061131177
-0.061227806
-0.059272462
-0.052009676
-0.057525198
-0.066342912
-0.063808364
-0.063906697
-0.060657776
-0.060155789
-0.053296255
-0.049956669
-0.043914685
-0.03755419
-0.028775989
-0.022909062
-0.01671977
-0.01767422
-0.013640111
-0.013481453
-0.012523665
-0.012569279
-0.010085046
-0.009482652
-0.005900414
-0.0047675569
-0.0030435443
-0.0021672695
-2.0898734e-05
0.002870784
0.0033523877
0.0045085418
0.005865504
0.00261256
0.0018467871
0.0025016651
0.0013244184
0.00077760745
0.0015878113
0.0018419298
0.0023874569
0.0026411713
0.0027333472
0.0024832981
0.00092407828
0.00065608208
0.00013517775
0.00084836625
0.0030844015
0.0026345087
0.0037612054
0.0032067964
0.0036537362
0.0032841336
0.004041041
0.0039575688
0.0046171988
0.0057568783
0.006137076
0.0051379605
0.0064806156
0.0063111553
0.0075288658
0.0092106749
0.010665368
0.0035760897
-0.00084694643
-0.0012870639
-0.0024385132
-0.00051166878
0.0015321606
-0.0016276129
-0.0031051491
-0.0073527359
-0.007262108
-0.0054086344
-0.0078808944
-0.005650944
-0.0046871998
-0.0037359036
-0.0024931813
-0.00078977202
-0.0011170383
-0.00029718643
-0.00039595051
-0.00011670175
-0.00036749624
0.0012353427
0.0011586537
-0.00054730038
-0.0011681843
-0.00051742014
-0.00029470505
0.0018737812
0.0020074967
0.0023220743
0.0032916496
-0.001621162
0.00036196941
-0.0081137284
-0.0070226694
-0.0030806032
-0.0037842774
-0.0078073108
-0.0053436049
-0.0043610519
-0.0073149553
-0.0074554317
-0.0073316341
-0.014193045
-0.019564278
-0.011049412
-0.0073498805
-0.0017428013
0.0016315733
0.0019325946
0.0037926253
0.0058543798
0.0073702087
0.007843732
0.0058371194
0.0023930718
-0.00079417897
-0.0044569473
-0.0094215689
-0.018558598
-0.026589131
-0.032761005
-0.038005445
-0.039242918
-0.044018334
-0.053086221
-0.063004053
-0.067560658
-0.061737351
-0.057074297
-0.068192599
-0.070166303
-0.071886262
-0.069200443
-0.069035065
-0.069629437
-0.07114718
-0.071299191
-0.069285147
-0.063440648
-0.061867477
-0.059984491
-0.059425898
-0.061676883
-0.059283361
-0.053400939
-0.049586922
-0.044777884
-0.0397961
-0.033454092
-0.030006147
-0.024668425
-0.017284968
-0.014993138
-0.014877537
-0.012811689
-0.0094419639
-0.011614992
-0.011806351
-0.010839088
-0.009545189
-0.0081496346
-0.0049702152
-0.003816996
-0.001220108
-0.00065118375
0.0037848329
0.0065000871
0.0066757852
0.0078075085
0.0096358963
0.0094086415
0.0052662057
0.0058079576
0.0061726315
0.0065422201
0.0064698621
0.0055679905
0.0048190025
0.0048315585
0.0059407557
0.0054028386
0.0062008596
0.0033261689
0.0026912495
0.0032806846
0.0053480434
0.0060757698
0.0059712052
0.0039285458
0.0049934404
0.0044761724
0.004389492
0.0042677734
0.0055750625
0.0051309804
0.0065483899
0.006937757
0.0088907499
0.0071850031
0.007186218
0.0027795447
0.00048362175
-0.0070232508
0.0011463978
0.0085313517
-0.0034982288
0.00064267036
0.0027384587
-0.00032718026
-0.0031398009
-0.0043076276
-0.0067027925
-0.0061137908
-0.0084296731
-0.0059591005
-0.0015316825
0.00019343487
-0.0005951866
0.0022918096
0.00079536967
-6.1427807e-05
0.00018125133
0.00078806511
-0.0024280887
-0.0017288131
-0.00018077859
-0.0020187983
-0.0015015902
-0.0031325763
-0.0022525037
-0.003268161
-0.0021316912
-0.0032732738
-0.0027927449
-0.0065762241
-0.0055971526
-0.0078618152
-0.0063923123
-0.0069966941
-0.0090203282
-0.0076140428
-0.0053231923
-0.0090818508
-0.0088918566
-0.01192793
-0.01256853
-0.017373943
-0.018336328
-0.01435585
-0.015502813
-0.01005409
-0.0055898338
-0.0035490625
-0.0025516454
-0.00013766029
-0.0002933227
-0.00059207028
-0.003104502
-0.0079466945
-0.014163442
-0.020825782
-0.030178525
-0.042531089
-0.051588342
-0.058931105
-0.055063298
-0.055414508
-0.064702135
-0.070136892
-0.081548911
-0.086596321
-0.086502477
-0.079584148
-0.084171806
-0.091059652
-0.092925651
-0.085837962
-0.082530635
-0.07535888
-0.074087245
-0.069966293
-0.062279938
-0.05176247
-0.051219777
-0.061210826
-0.059655483
-0.05264631
-0.046750399
-0.03989863
-0.032758341
-0.027182072
-0.02084573
-0.017241104
-0.012692112
-0.005882727
-0.0036410314
-0.004289665
-0.0054518049
-0.0053057722
-0.0049870933
-0.005251188
-0.0066862604
-0.004977788
-0.0033335093
-0.0047695537
-0.0040901652
0.00085034506
0.0026405787
0.0020565892
0.005365045
0.0078120965
0.0062655889
0.0064214278
0.0088771038
0.0074075157
0.0080163624
0.0078493353
0.010080249
0.0092502783
0.0072538123
0.0079004463
0.0050658069
0.0053443516
0.0093708844
0.01027826
0.011546175
0.0098368811
0.005596867
0.0076400509
0.008570731
0.0081560404
0.0087943058
0.0074830277
0.0090891919
0.010384224
0.010775942
0.006998346
0.0065283413
0.0075478888
0.01080954
0.012658566
0.015495086
0.021138829
0.020126512
0.011818498
0.0036133896
0.00037833384
0.0091277722
0.014669498
0.0067548057
0.0020248
0.0040283274
0.0024423617
-0.00086195261
-0.0032475121
-0.0040533746
-0.004905336
-0.0036437203
-0.0010073907
0.0010577545
0.0056046184
0.0040126276
0.0062960148
0.0054988885
0.0032868978
0.00361151
0.0016819166
0.0017298687
-0.00012121419
0.0013162185
0.0011225253
-0.0018974646
-0.0027756539
-0.0029576485
-0.0028635876
-0.0017433271
-0.0053833368
-0.0055286013
-0.0065015236
-0.0062642879
-0.0080307807
-0.0052743279
-0.006749238
-0.0077456853
-0.0076340356
-0.0098806436
-0.0088769878
-0.0074222029
-0.011258626
-0.014537025
-0.015323227
-0.01342777
-0.016307457
-0.018370695
-0.018433839
-0.014907965
-0.014191
-0.01210335
-0.0089322453
-0.0077693376
-0.0079932881
-0.011462639
-0.013837174
-0.019179404
-0.029284359
-0.042992688
-0.057699084
-0.070870173
-0.070280245
-0.065568396
-0.073948922
-0.085367124
-0.091412456
-0.096430742
-0.096873252
-0.093556244
-0.085441582
-0.076174734
-0.082825255
-0.077762616
-0.072929208
-0.076977458
-0.074992319
-0.069278273
-0.05457857
-0.040931775
-0.034860265
-0.035334586
-0.045899522
-0.037967802
-0.022439467
-0.016830719
-0.010308739
-0.0041489005
0.00097830639
0.0038158816
0.00546705
0.0084067958
0.011185119
0.01097633
0.012689419
0.012693584
0.010492513
0.0094626724
0.0050295863
0.0044248645
0.0043103696
0.0029465321
0.0030989662
0.0030157634
0.0047304641
0.0055902188
0.0050849779
0.0051067087
0.0057535407
0.0047633138
0.0072411051
0.0077370801
0.0065486824
0.0058958232
0.0046740014
0.0030604374
0.00032930421
0.0054557861
0.0054539118
0.0068464745
0.011542403
0.011726416
0.014507674
0.019396054
0.021955436
0.020723754
0.020517473
0.024813652
0.03088749
0.03297474
0.032474396
0.030206345
0.032738306
0.029407942
0.026460184
0.028877437
0.027576361
0.026186694
0.02484689
0.017296068
0.012226719
0.008889372
-0.0043837038
-0.0068022735
0.0096775175
0.017728364
0.014538651
0.0075465704
0.0078780204
0.0022196748
-0.00080664917
-0.001298847
0.00055313854
0.001080384
0.0011737499
0.0005488669
0.00011055392
0.0028570938
0.0045806823
0.0065742107
0.004334592
0.0067414545
0.0062017041
0.0014360245
0.0027185595
0.006299736
0.0042234932
0.0028889899
0.0014082646
-0.0023195825
-0.0031323697
-0.0021795166
0.00063347829
-0.00091145314
-0.0042934882
-0.0081946979
-0.0053211975
-0.0079019291
-0.0073695749
-0.0072304825
-0.0078255534
-0.0088659443
-0.011432932
-0.011588765
-0.0080875724
-0.0074476494
-0.0074772949
-0.0093504962
-0.013578563
-0.014799183
-0.019447791
-0.022802715
-0.020755914
-0.024307185
-0.019425679
-0.016985006
-0.014675956
-0.014334922
-0.014771889
-0.019024655
-0.021324293
-0.027271781
-0.03380759
-0.046592654
-0.064412149
-0.077948604
-0.068272497
-0.073573768
-0.082614427
-0.081100653
-0.080773486
-0.078322807
-0.072440196
-0.067038217
-0.057966079
-0.040090725
-0.039007382
-0.048426163
-0.051607371
-0.058421108
-0.061956286
-0.053578552
-0.041439865
-0.02247573
-0.0058694686
-0.014596843
-0.023325283
-0.0095844335
0.0041247639
0.013113275
0.016808635
0.018641684
0.021688752
0.025435315
0.023155566
0.024993872
0.023450551
0.02185545
0.020607652
0.019555857
0.017420789
0.014406131
0.013037683
0.012030766
0.012249329
0.008215238
0.0065580352
0.0056871588
0.0071905876
0.0054514571
0.0063869854
0.0073376357
0.0082191503
0.0081911264
0.0093201367
0.0076740671
0.0061484339
0.0019195214
-0.00057542792
-0.0014147742
-0.0012451158
-0.0018061549
0.0044902
0.0038062429
0.0070948603
0.0089960751
0.01346056
0.017630469
0.0201048
0.024643905
0.027919328
0.035518629
0.043940857
0.049562661
0.053766958
0.054913064
0.053606845
0.049065767
0.03986663
0.036520731
0.034573848
0.031740643
0.024661059
0.020317004
0.014751215
-0.003179813
-0.013655542
0.0062392358
0.015777095
0.019772967
0.013606826
0.0060169799
-0.00061210609
-0.0022339827
-0.0042385297
-0.0027370909
-0.00019652544
0.0017786745
0.0030014438
0.0032701779
0.0010378069
-0.00021950917
-0.00011178117
0.0011972717
-0.00091898212
0.00070013338
0.0025458373
0.0022309432
0.0014109148
0.0040748734
0.0011348056
0.00033755379
-0.0026808796
-0.0038649772
-0.0033034932
-0.0024999348
-0.0013136334
-0.0018239364
-0.0054658392
-0.005586617
-0.0062870013
-0.0057211795
-0.0081334395
-0.0069683001
-0.0066129949
-0.0076018003
-0.0089660169
-0.0084232542
-0.0077156727
-0.0076491546
-0.0088724055
-0.0092478263
-0.01307696
-0.01803232
-0.022227065
-0.024635181
-0.020464895
-0.022103572
-0.020974715
-0.022170978
-0.021005355
-0.020196065
-0.019830908
-0.021363468
-0.024011139
-0.028618391
-0.037648947
-0.046340404
-0.061544505
-0.069641771
-0.064398051
-0.070991731
-0.07199082
-0.067502115
-0.058200546
-0.051039851
-0.039497018
-0.033799894
-0.02134424
-0.010549186
-0.019245062
-0.028470325
-0.029483039
-0.033136445
-0.030197017
-0.020564775
-0.014210585
-0.0024302179
0.0068017899
0.00023726938
0.0023116432
0.012859871
0.024550849
0.028940994
0.030792891
0.034917412
0.034575999
0.029767578
0.02433777
0.025335884
0.022648875
0.020883301
0.021823506
0.018473397
0.014867979
0.012925817
0.013124011
0.016060532
0.012694374
0.012037387
0.0089129282
0.0098524572
0.0073244671
0.0071602176
0.0033593053
0.0051346185
0.0070260678
0.0066008874
0.0055986122
0.0078696373
0.0063928445
0.0038127852
0.004386414
0.0048018033
0.0062140261
0.0069399725
0.0083864229
0.0087263032
0.012104842
0.015976161
0.018381653
0.0193741
0.022433314
0.024089151
0.027311402
0.032066736
0.042900514
0.050373039
0.055090009
0.057298093
0.056188227
0.049606563
0.042254952
0.034600053
0.03276858
0.027367456
0.015478301
0.0049118669
-0.00076057073
-0.0059934329
-0.0025924085
0.010163831
0.012439532
0.014270427
0.0096994814
0.0062371068
-0.00061109976
-0.0047199804
-0.0059956443
-0.0069699978
-0.002633663
0.00012081235
-0.00068938265
0.00087170623
0.00034559293
-0.0014359761
-0.0020490868
-0.0023748532
-0.0022952372
-0.0003900553
0.00054246499
0.004583554
0.0038605732
0.0037845598
0.0016181988
0.0010221073
-0.00073807152
-0.0039515989
-0.0060080399
-0.004037515
0.00028205641
-0.0019113038
-0.0024400155
-0.0039936724
-0.0076413279
-0.0079229372
-0.0079249032
-0.0072766947
-0.0061577495
-0.0067408662
-0.0051423513
-0.0066651708
-0.0059388743
-0.0066203537
-0.0071871214
-0.007569315
-0.0098915386
-0.013726351
-0.01725784
-0.018269111
-0.018670775
-0.017737968
-0.01703931
-0.017641894
-0.021006192
-0.020483072
-0.020476628
-0.021209363
-0.024138879
-0.028473293
-0.033302182
-0.038776745
-0.047546025
-0.049005048
-0.049604823
-0.051604407
-0.04975895
-0.044105029
-0.033458145
-0.022834756
-0.012228161
-0.0042725408
0.0010362831
-0.002473676
-0.012587371
-0.015316292
-0.010224161
-0.012210099
-0.0048840497
0.0013145167
0.0055572599
0.011915452
0.015227598
0.012017853
0.014769655
0.020416723
0.025464109
0.031502714
0.031178309
0.031901192
0.03020352
0.025915116
0.018814344
0.017580525
0.015666465
0.014181949
0.013037077
0.0089058473
0.0062351834
0.0039032023
0.0035714357
0.0048912623
0.0077287224
0.0084660592
0.0065295748
0.0083202141
0.0071267624
0.0041944868
0.0018448882
0.0011391364
0.0029891075
0.0031723202
0.003696031
0.0026116522
0.00300178
0.0047380959
0.0051342959
0.0058633664
0.0076307277
0.0087473323
0.0096677848
0.010185343
0.013663843
0.016245515
0.018181543
0.018949844
0.021657024
0.024588374
0.028205557
0.033451973
0.037313699
0.040739728
0.042172981
0.042615308
0.040842813
0.035080322
0.027074812
0.013840557
0.006883363
0.0053916827
0.0038254488
-0.0014139302
-0.007691673
-0.00039706265
0.0053996955
0.0044758169
0.0078375791
0.0059780673
0.0025809796
-0.0015052322
-0.0060883265
-0.0084541855
-0.011152635
-0.011650801
-0.011825435
-0.0081307435
-0.0037561569
-0.0014183177
-0.0016500212
-0.0030290663
-0.0026775299
-0.0025132336
-0.0025480355
-0.0023146109
-0.0020265349
0.00012268259
0.00041219812
0.00048100921
0.00045732755
-0.00028151411
-0.0021580914
-0.0028568668
-0.0060494058
-0.0052498579
-0.0031497311
-0.0032097288
-0.0054234028
-0.0061296627
-0.0090965811
-0.0063563001
-0.0076170237
-0.0071739789
-0.0060327018
-0.0063988986
-0.0064567051
-0.0052211438
-0.0053237775
-0.0058886117
-0.0061849168
-0.00652706
-0.0052953947
-0.0071129207
-0.0095930484
-0.01314218
-0.012653043
-0.012425505
-0.01355569
-0.013323703
-0.016392088
-0.018214081
-0.02009424
-0.021540959
-0.022660402
-0.02767412
-0.030438041
-0.031968538
-0.031642708
-0.029705033
-0.031184562
-0.030318054
-0.019242604
-0.017008523
-0.011885771
0.00068364018
0.0022822467
0.0083115692
0.0042068232
-0.00043310844
-0.0038686732
-0.0040331687
-0.0058997487
-0.00026655878
0.0058288855
0.009430514
0.010992062
0.012457667
0.016175994
0.015777473
0.016302521
0.014007524
0.015056432
0.020179529
0.022748383
0.021950004
0.019119872
0.016880379
0.014825676
0.011632695
0.0066967857
0.005389857
0.0060222275
0.0020047312
0.0011100154
-0.0024233405
-0.0010768748
-0.0022077178
0.0017922684
0.0028226014
0.0031327602
0.0038755839
0.0033391065
0.0011456069
-0.00097405602
-0.0006432636
-0.00056125226
0.0012847997
0.0022233269
0.0012796617
0.00030719492
0.00030169605
0.0031214333
0.0065410573
0.0066964478
0.0060890971
0.0069988139
0.0078291543
0.0096086484
0.011609393
0.012588339
0.012525005
0.015368765
0.018733238
0.022217559
0.024601171
0.02831529
0.029427179
0.032165025
0.027579882
0.023926742
0.01336419
0.00034664632
0.00020400923
0.0029284781
0.0051486622
0.0058562507
0.0017806746
-0.0016300211
0.0032677763
0.001935153
0.0020516948
0.0015354717
-0.0002154249
-0.0021390115
-0.0043007616
-0.005842161
-0.0062770231
-0.0089448179
-0.01004651
-0.011177052
-0.0077378877
-0.005736197
-0.0036870859
-0.0028190857
-0.0016350571
-0.0037420029
-0.0053871961
-0.0049389077
-0.005201774
-0.0048155527
-0.0047519655
-0.0028759772
-0.0027049372
-0.0017022243
-0.0012407155
-0.0018131243
-0.0012558707
-0.0034352214
-0.004654417
-0.0042851402
-0.0057387661
-0.0053200642
-0.0085003753
