0.0041828322
0.0036458208
0.00367475
0.0034758492
0.0029993764
0.0021174582
0.0068797335
0.012750959
0.017190749
0.017560964
0.016702346
0.014317817
0.011365581
0.0081410567
0.0052683396
0.0040432482
0.0036483945
0.0037932389
0.0043424455
0.0036032507
0.0035233472
0.00158665
0.0015881229
0.0012935019
0.00057612859
0.0012856049
0.00096296345
-0.00029308419
-0.0014411971
-0.001430529
-0.0012786234
-0.00092052718
0.00018248588
-0.00077320226
0.00012679567
-0.00060171155
-0.0014491669
-0.0025866167
-0.0028356587
-0.0034396361
-0.0037473727
-0.002187177
-0.0010584876
6.0403893e-05
0.0014580445
0.0016063229
0.0012569548
0.00041821557
-0.0020486616
-0.0059376049
-0.0086634048
-0.0088162272
-0.0060513885
-0.0031552847
-0.00099497566
-0.00040094648
-0.00016388713
0.00081636075
-0.0018365228
-0.0036509682
-0.0055146389
-0.0069256634
-0.0071438359
-0.0075919338
-0.0076142024
-0.0087323904
-0.01064118
-0.012905369
-0.015811917
-0.016298662
-0.014826613
-0.013987332
-0.012866069
-0.0090742162
-0.0078605829
-0.0082684767
-0.0080829963
-0.010670731
-0.012073189
-0.012097618
-0.013485939
-0.011531911
-0.010606826
-0.0070386993
-0.0049768129
-0.0048151565
-0.0054211862
-0.0054874961
-0.0047517804
-0.0019367365
-0.00036463858
0.001386335
0.0019252683
0.0012239699
0.00016191098
8.2613725e-05
-0.00031752273
-0.0015830912
-0.0011055026
-0.0012791421
-0.0018598689
-0.0015723864
-0.0014081125
-0.001670641
-0.0015936979
-0.0013043531
-0.0019986604
-0.0019320722
-0.0019964094
-0.0024315677
-0.0018752412
-0.0022364552
-0.002551457
-0.003730666
-0.0047878581
-0.0063292518
-0.0041721012
-0.0047273898
-0.0027425576
0.0054984246
0.0052390214
0.0091440451
0.0093513257
0.011180782
0.013452097
0.01331117
0.013321473
0.013409912
0.011195658
0.0083163239
0.0050073304
0.0051205374
0.0071481895
0.0057287223
0.0053634034
0.0050062673
0.0052018669
0.0039229812
0.0046729643
0.0048113511
0.0051474928
0.0045630284
0.0040137016
0.0042400878
0.0030130059
0.0028026226
0.0019370762
0.0015283976
0.00029147841
4.2876047e-05
0.007505276
0.012637128
0.013453705
0.012849073
0.012997375
0.012685161
0.0090046578
0.0083281442
0.0060950958
0.0036804133
0.0020538788
0.00058458114
0.0014737268
0.0028672417
0.003015417
0.00079963813
0.00021573026
0.00051889649
0.0012124283
0.0012449326
0.00015815002
-0.0015154991
-0.0027597185
-0.0024002251
-0.002064384
-0.0020131587
-0.0026429425
-0.0038706705
-0.0043536866
-0.0053432563
-0.0064916275
-0.0072560927
-0.0078108781
-0.0067009036
-0.0055236497
-0.0054471601
-0.0046345605
-0.0031554301
-0.0020979472
-0.0012653887
-0.0012410771
-0.0015384195
-0.0010733961
-0.0041504205
-0.007547601
-0.0086268523
-0.0046729567
-0.00076148064
0.00093649431
0.00020033781
-0.00013001167
-3.56875e-05
-0.0015088995
-0.0031235352
-0.0037610261
-0.0048879392
-0.0051745155
-0.0057521383
-0.0083734342
-0.010172934
-0.011036076
-0.011673197
-0.011935574
-0.011711775
-0.01054952
-0.0093375515
-0.006563467
-0.0041746822
-0.0051383404
-0.0052624223
-0.0062683505
-0.0083389922
-0.0097088644
-0.0095900526
-0.0084314307
-0.0066299293
-0.0031308057
-0.0016822775
-0.0018485161
-0.0029039069
-0.002818703
-0.0023227145
-0.0013272612
-0.00049318316
0.00068372951
0.0015532215
0.0016007568
0.0015797986
-0.00014042488
0.0006803207
9.5044059e-05
0.00012677791
1.2650625e-05
-4.8701444e-05
-0.00063115336
-0.0014729492
-0.0014016474
-0.0011256275
-0.0012794015
-0.0019550496
-0.0025017125
-0.0029518466
-0.0032655199
-0.0034309306
-0.0036568331
-0.0041732548
-0.005130204
-0.0054652001
-0.0075368123
-0.0070609665
-0.0062285345
-0.0034956035
0.0052036132
0.0085594409
0.0092711427
0.010027036
0.010430895
0.010677595
0.010730088
0.011132178
0.011230317
0.010038375
0.0073550902
0.005788186
0.0049208087
0.005610771
0.0050784736
0.0048685784
0.0042458312
0.0033782791
0.0033601367
0.0028570637
0.0030097306
0.0031406167
0.0033312959
0.0035354552
0.0035667962
0.0040932995
0.0020283034
0.0013978825
0.00072877475
-0.00033730722
-0.0011217198
-0.00093864815
0.006262505
0.011895122
0.010739433
0.011819462
0.0094288625
0.0077170079
0.0065984915
0.0035734348
0.0032127013
0.0011328066
-3.1257878e-05
0.00024355385
0.0024633659
0.0028046199
0.0014010141
0.00085916676
0.0014590483
0.0017593322
0.0018568364
0.0030218077
0.0018003131
0.00027408843
-0.0014031673
-0.0025712128
-0.0024024194
-0.0049216543
-0.0068161538
-0.0090931543
-0.010975209
-0.01222105
-0.012719106
-0.013571684
-0.013254985
-0.012905754
-0.011869804
-0.010231326
-0.0092513992
-0.0086103415
-0.005948462
-0.0045430629
-0.003862495
-0.0030863565
-0.0036199804
-0.0044241971
-0.0083092536
-0.0079614959
-0.0048863304
-0.00043085197
0.0028366501
0.00076486243
-0.00093509525
0.00090349469
0.0011300623
0.00044282659
0.00053576304
-0.0016691385
-0.0027865039
-0.0055050918
-0.0063179241
-0.0075266996
-0.0077691177
-0.0074227544
-0.006058572
-0.0052345829
-0.0063939178
-0.0045519645
-0.0039725724
-0.002628324
-0.0012184483
-0.0026333688
-0.0033833359
-0.0047304844
-0.0054883879
-0.0057484303
-0.0035593462
-0.00084334944
0.00019520047
-0.00162146
-0.0032432682
-0.0018281473
-0.0013777868
-0.0012010232
-0.0016602159
-0.0018630978
-0.00010539752
0.00088002106
0.0010328731
0.00080235131
-0.00035401618
-0.00041622762
0.00029369281
-4.3210553e-05
-0.00070444587
-0.0017907383
-0.0023416921
-0.0022509536
-0.0022435156
-0.0021531613
-0.0026339455
-0.0027651729
-0.0026480047
-0.0032022296
-0.0039404975
-0.0041547736
-0.0050907155
-0.0050628209
-0.0062154275
-0.0067453185
-0.011016655
-0.010003352
-0.0011723792
0.0061617789
0.0073097625
0.0088330665
0.0077954052
0.0072857111
0.0064152028
0.0090893487
0.012095143
0.010680742
0.0094069968
0.0068751901
0.0050109223
0.0050187482
0.0044780882
0.0030793547
0.0017479034
0.0023266741
0.0017309257
0.0011837153
0.0015652169
0.0016516401
0.0021460889
0.0018158419
0.0022403773
0.002705731
0.00293386
0.0022214444
0.0021115465
0.0021607984
0.0017650288
0.0014396351
0.00072612372
0.00015966152
0.0059592194
0.011453079
0.010688771
0.010976507
0.0096611864
0.00741279
0.0048836281
0.0019005208
-0.0012167506
-0.00084332836
4.1475904e-05
0.0012631094
0.0024681575
0.0018499451
0.0018673197
0.0030957724
0.003267638
0.0026204
0.0043948061
0.0047188439
0.0043449663
0.0019224878
-0.0023456405
-0.0033300448
-0.0062159411
-0.0088548944
-0.012515025
-0.014922647
-0.017076828
-0.019813326
-0.020074612
-0.020309499
-0.022812952
-0.021175975
-0.019413518
-0.016806664
-0.014351425
-0.012225333
-0.011240603
-0.010180917
-0.0094898256
-0.0073887731
-0.006284375
-0.0064440918
-0.0058850638
-0.0048765843
-0.0032532369
0.00097970679
0.001410527
-0.00082552649
-0.0006780263
0.0020993257
0.0013115707
0.0015378707
0.001647526
-0.0010546458
-0.00077650685
-0.00081114882
-0.0022654751
-0.0050266973
-0.0037690453
-0.0023191646
-0.0013634894
-0.00077695986
-0.00054556284
0.0020287245
0.0032746235
0.0015761055
0.001583623
0.0019079691
-0.00080924126
-0.0017317894
-0.0021210339
-0.0026638275
-0.0010705197
-0.00061485414
-0.0013473256
-0.0046455562
-0.0046221988
-0.0032425332
-0.0018051202
-0.0017630652
-0.0018356375
-0.0013460759
-0.00021456739
-2.5684406e-05
-0.00011648581
-0.00030894884
0.00011043059
-0.0004816825
-0.0013165848
-0.0026419474
-0.0025533167
-0.003498217
-0.003598187
-0.0037631019
-0.0036498356
-0.0033975536
-0.0030215932
-0.0030545728
-0.0025435622
-0.0031430668
-0.0026630544
-0.0037982392
-0.0029003016
-0.0032380548
-0.0019329399
-0.0051949703
-0.006085569
-0.0012299388
0.002243673
0.0043845203
0.0055626445
0.0056590018
0.0048960887
0.0026030491
0.0056376418
0.0070890875
0.0070738464
0.0078907063
0.0068680822
0.0050125874
0.0028078233
0.003178065
0.0020535879
0.0012572565
0.00036747733
0.00037851266
-0.00019408225
0.00025938835
0.00042315152
0.00075804618
0.00036463453
0.0009790709
0.0011935948
0.0021324821
0.0021668124
0.0022870436
0.0032555746
0.0035067829
0.0037615086
0.0037326156
0.003750347
0.0036823003
0.0082178505
0.0092994584
0.0093082448
0.0067116263
0.0075541438
0.0091640487
0.0060384271
0.0014563496
0.0002883172
0.0012644398
0.0018563978
0.0033329218
0.0029484614
0.0055503499
0.0066732355
0.0078445568
0.008778713
0.0078086672
0.0080280379
0.0086789136
0.0080094653
0.0065042447
0.0045926447
-0.00037811053
-0.0065513285
-0.01097071
-0.017037561
-0.02180627
-0.02428882
-0.024197856
-0.026972239
-0.030049654
-0.031403744
-0.029900327
-0.027548662
-0.023991669
-0.020018932
-0.017351198
-0.017271434
-0.017419618
-0.017389904
-0.013467975
-0.012458668
-0.0084900384
-0.0063531395
-0.0048186945
-0.0030485845
-0.002286669
-0.0037699519
-0.0042530634
-0.0043685753
-0.0050231873
-0.0035455928
0.00082195162
-0.0020912107
-0.0048562751
-0.002305618
-0.0037050991
-0.0024485051
-0.0019364089
-0.0020451272
-0.00014212352
0.00071699545
0.0017547693
0.0035724857
0.0064112521
0.0066845693
0.0056103067
0.007150561
0.0062627366
0.004775934
0.0042475491
0.0013694937
-0.00038967155
0.00027825332
-0.00032868309
-0.0031213444
-0.0038056396
-0.0030953407
-0.0025778157
-0.003531485
-0.0029515305
-0.0027019159
-0.0023731974
-0.0015588919
-0.0017688674
-0.0013926645
-0.0018271858
-0.0025339285
-0.0027320561
-0.0037205778
-0.0037204173
-0.0050591226
-0.005300561
-0.0047708778
-0.0040217943
-0.0037472587
-0.0031159079
-0.0022747054
-0.0014625174
-0.00094920862
-0.00075399787
-0.0011035389
-0.00011462186
0.00041885169
0.0013006606
0.0023618673
0.00095647631
0.00078422705
0.0017514191
0.0062847295
0.0041371731
0.0044755229
0.0057314566
0.0022635723
0.0030739563
0.0060780038
0.0059695271
0.0049261417
0.0063992142
0.0072528346
0.0036984845
0.0023308187
0.00073457299
0.00031546858
-0.00068123808
0.00013371489
2.1665847e-05
-0.00012669031
-0.00032820556
0.00056020813
0.00061224249
0.0013569356
0.0015884843
0.0025143644
0.0021812138
0.0024045327
0.0029627739
0.0040242333
0.0042242926
0.0048329346
0.0053756957
0.0052097529
0.0055389664
0.0087251385
0.0053614275
0.0048521328
0.003524311
0.0077883584
0.010281536
0.0051650904
0.0021560186
0.0016466939
0.003695517
0.0049423966
0.0073927148
0.0095431389
0.011598518
0.012940109
0.014862813
0.013322139
0.012842007
0.014240594
0.01220299
0.013000751
0.013451414
0.010235238
0.0057774781
0.0013347383
-0.0033664521
-0.012510491
-0.018732814
-0.024130249
-0.030188803
-0.035625856
-0.042083947
-0.042634545
-0.042220392
-0.041035604
-0.036249771
-0.030604744
-0.02756426
-0.026247314
-0.02544688
-0.023519609
-0.021316528
-0.017823379
-0.016158301
-0.010441975
-0.010474521
-0.0097895394
-0.010151901
-0.0095857463
-0.013890746
-0.014554797
-0.016386504
-0.017764461
-0.010809563
-0.017080372
-0.019261613
-0.012851836
-0.00874394
-0.0062859593
-0.0043573474
-0.0033110301
-0.00062841968
-0.0033152127
-0.0008023391
0.0021615577
0.00500036
0.0054519944
0.0051167609
0.0067637828
0.0069358821
0.0053941582
0.0060005175
0.0019992408
0.0008850155
0.0018966689
-6.9000125e-05
-0.0013728709
-0.0025882596
-0.0032755608
-0.0033147804
-0.0036779489
-0.0034752803
-0.0039481648
-0.0039885799
-0.0036441667
-0.0030129121
-0.0028101862
-0.0023675231
-0.0027586255
-0.0030159347
-0.0031864722
-0.003826534
-0.0044352569
-0.0044497082
-0.0041694955
-0.0034845165
-0.0025722409
-0.0014520471
-0.00075794543
0.00057226245
0.0016177344
0.0028600525
0.0030963387
0.004003135
0.0054237118
0.0068503105
0.0063901692
0.0036385295
0.002719652
0.0030307009
0.005562499
0.0037855724
0.0022204883
0.0022147479
0.0030123919
0.0039955863
0.0061652845
0.0052029322
0.006518252
0.0086814892
0.0054912872
0.0035692197
0.0003828457
-0.0019141747
-0.0027748048
-0.0024968049
-0.0025712805
-0.0014630208
-9.9833172e-05
0.00023428677
0.00074874162
0.0014580141
0.0022642028
0.0023899283
0.0022948064
0.002626697
0.0028154932
0.003443587
0.004025161
0.0042580465
0.0061498243
0.0063456732
0.0071262782
0.0059855095
0.006481908
0.0046990991
0.0035728839
0.0028200696
0.0066222699
0.0074410549
0.0077896444
0.0051721291
0.0039634142
0.0052112377
0.0067421639
0.010008023
0.011437127
0.01306962
0.01558473
0.016036397
0.016168045
0.017185133
0.020610186
0.021761187
0.017851346
0.019808875
0.017392808
0.01900368
0.010284211
0.0038592291
-0.0038633298
-0.015113269
-0.021389155
-0.029487131
-0.038364122
-0.042928467
-0.051521847
-0.051010059
-0.056815999
-0.050756196
-0.042615397
-0.042007142
-0.042355199
-0.03875713
-0.035523061
-0.036694525
-0.032676636
-0.030683896
-0.026262467
-0.028818754
-0.02927494
-0.027990335
-0.026978128
-0.033332503
-0.033894517
-0.036499535
-0.033268179
-0.022719521
-0.025216995
-0.029397799
-0.024532368
-0.024499477
-0.019386452
-0.013624557
-0.01267874
-0.0074035275
-0.0097705921
-0.0062081095
-0.00543089
-0.0031419651
-0.0012673574
-0.0009978351
0.00073877535
-0.00017978093
0.00032292008
0.00082602728
0.00034599247
-0.00018095462
0.00049048048
-1.3800698e-05
-0.00097392345
-0.0018062685
-0.0022415047
-0.002252101
-0.002311615
-0.0032702603
-0.0032795222
-0.0032774372
-0.0024943445
-0.0026791982
-0.0024809522
-0.0018641069
-0.0021007421
-0.0024594457
-0.0023033659
-0.0025625685
-0.0029084199
-0.0026174688
-0.0020420601
-0.00072158241
9.1483693e-05
0.00092723006
0.0019562434
0.0028101857
0.0038821415
0.0050426775
0.0057021492
0.007103731
0.0084889257
0.01107198
0.010415859
0.0019136835
0.0028576229
0.0065415814
0.0062666294
0.0036963595
0.0051932066
0.0038001963
0.0055720868
0.0067384238
0.0044868278
0.0044532444
0.0022503097
0.0011596194
-0.00088107395
-0.0015910365
-0.0047153416
-0.0063359235
-0.0068173581
-0.0050181585
-0.0025361623
-0.0015922047
-0.0008663948
6.450708e-05
0.0013124622
0.0013824305
0.0020474007
0.0020654548
0.0024400677
0.0025175455
0.0028445528
0.0031831761
0.0051773647
0.0064814162
0.0066545956
0.0076252028
0.0067175842
0.0074839025
0.0023216512
-0.00056098185
0.0019734187
0.0027617102
0.0070172446
0.0061952508
0.00708002
0.0013085264
0.0020924213
0.0059961788
0.0091517289
0.010070785
0.012518857
0.013504668
0.016520652
0.016068282
0.01541374
0.017607699
0.023783642
0.022961682
0.020214641
0.020106754
0.021952754
0.020529783
0.014119646
0.0037135999
-0.0032018266
-0.012900994
-0.023715551
-0.031332971
-0.040331799
-0.046704769
-0.047725724
-0.048953485
-0.055405929
-0.04393932
-0.037374212
-0.040588995
-0.043805717
-0.051181928
-0.048997575
-0.05346687
-0.048825137
-0.044613497
-0.044157099
-0.041687507
-0.047758564
-0.04610308
-0.051231245
-0.05560022
-0.049330138
-0.050616763
-0.04591477
-0.043041444
-0.03420704
-0.033229576
-0.027997583
-0.021961501
-0.019255556
-0.015236395
-0.014104621
-0.012334663
-0.01290192
-0.010337566
-0.0068864081
-0.0061970074
-0.0042955792
-0.0023341626
-0.0026781641
-0.0022518405
-0.0018323093
-0.0022112804
-0.0022554223
-0.0026572748
-0.0035824993
-0.0028752406
-0.0039065831
-0.0029587818
-0.0011544285
-0.00035285193
-0.0008172555
-0.0010784421
-0.001939762
-0.0019748721
-0.0023718639
-0.0017281183
-0.0017111801
-0.0012909799
-0.0010534472
-0.00089855883
-0.0013529682
-0.001720812
-0.0017152902
-0.00018557471
-2.1828513e-05
0.001077226
0.0010589059
0.0020700099
0.0025362613
0.0039207355
0.0039718723
0.0057372162
0.0060983878
0.0084684828
0.0082860832
0.012002115
0.0086258814
0.00045627099
0.0018429024
0.0033544424
0.0067402324
0.0071428902
0.0040851754
0.0040405905
0.0021001251
0.0028688039
0.002253174
0.00075859379
-0.0030121671
-0.0035719171
-0.0062907073
-0.0062660664
-0.0064068711
-0.0059394256
-0.0048344544
-0.003522032
-0.0018860456
-0.00038741027
0.0004910301
0.0011147237
0.0018412593
0.0023487333
0.002007058
0.0025507423
0.0019625973
0.0031242779
0.0033102671
0.0050178097
0.0065755111
0.0071743094
0.0070555197
0.0055018163
0.0091804843
0.0060689181
0.0023304726
0.0025572284
0.0026855679
0.0047230755
0.0080247641
0.0056800817
0.0072799097
0.002319791
0.00035824236
0.0083282309
0.012221312
0.011480535
0.012804871
0.015471649
0.019020818
0.018981879
0.016742811
0.018887694
0.022391228
0.024695101
0.02610574
0.026959881
0.025685055
0.01943111
0.012631533
0.0020325424
-0.0080722015
-0.019045587
-0.030678302
-0.039219747
-0.046029875
-0.053618491
-0.049681633
-0.055922677
-0.052473014
-0.044465042
-0.043436119
-0.043227343
-0.050977557
-0.060267689
-0.062672446
-0.054050143
-0.056455329
-0.053826485
-0.052284435
-0.050220102
-0.060487048
-0.058249431
-0.060949907
-0.062491163
-0.059266245
-0.055297644
-0.05113724
-0.044260194
-0.038845575
-0.030125866
-0.02315477
-0.01900033
-0.014039558
-0.010664033
-0.0099142153
-0.0098707891
-0.0081742153
-0.0057756597
-0.0041159687
-0.0031596636
-0.0029575385
-0.00064707549
0.00085861514
-0.00046746759
-0.00074278972
0.0012842955
0.00074869819
-0.00040140582
-0.0011791232
-0.0010732002
-0.0012940746
-0.0013660415
0.00019168411
0.0010974332
0.001365495
0.00055024803
0.00095519478
0.00091292946
0.0006324395
-0.00037834044
-0.0007731979
-0.00023849932
0.00032229514
0.00036469243
0.00037055794
0.001331144
0.0015502297
0.0015409872
0.0019674776
0.0019564283
0.0023458645
0.0032223229
0.0040190337
0.0045993488
0.0049693422
0.006187412
0.0067208032
0.0079564235
0.0087516975
0.011459324
0.008666119
-0.00023816071
0.0006633959
0.00081653527
0.0055653262
0.0067646003
0.0039062675
0.0010832081
-0.0018834343
-0.0016887193
-0.00075605451
-0.0015363995
-0.0068118642
-0.0067995342
-0.005084043
-0.0057600387
-0.0052658482
-0.0036221057
-0.0020801747
-0.00031349476
0.0014812891
0.0017221087
0.0032922255
0.0030211238
0.0043241788
0.003440592
0.0038059739
0.0031823044
0.0035083203
0.0037853383
0.0053066947
0.0064251838
0.0072718006
0.0050008052
0.0036583731
0.0017582321
0.0033086805
0.002769199
0.00069041736
0.0039312388
0.0049497055
0.00512677
0.0084901141
0.0046101743
0.0026325611
-0.0056412137
-0.00061031738
0.008852655
0.010756931
0.010297306
0.0092974329
0.011451169
0.015401372
0.017217255
0.017191922
0.018302459
0.019007311
0.020281294
0.017640526
0.014913947
0.0075856051
-0.0023172238
-0.0092618162
-0.017781255
-0.025964621
-0.037658228
-0.04356229
-0.052965501
-0.057139233
-0.059604127
-0.05812959
-0.062301344
-0.061178502
-0.061446302
-0.057512847
-0.05740537
-0.055014127
-0.067048477
-0.068613422
-0.059914691
-0.06076703
-0.057459828
-0.049581632
-0.055324475
-0.0622201
-0.058435121
-0.058310285
-0.055079977
-0.053742363
-0.047215238
-0.043050599
-0.03707835
-0.031421283
-0.021671659
-0.015314061
-0.0095115249
-0.010193413
-0.0051451248
-0.0057945002
-0.0044959854
-0.0037727465
-0.0018034729
-0.0019495554
0.0006122323
0.00042333501
0.0024219897
0.0025239643
0.0037097823
0.004938288
0.004799129
0.0050699776
0.0066055807
0.004039744
0.0040003894
0.0044153694
0.0033033002
0.0029323707
0.0034792707
0.0029783185
0.0036327847
0.0038593367
0.0042438045
0.003008465
0.0019996849
0.002061545
0.0013246371
0.0023357454
0.0040410716
0.0036751489
0.0043801383
0.0037414557
0.0039376202
0.0030660553
0.0036725663
0.0036611308
0.004546717
0.0057471713
0.0061253498
0.0053790039
0.0069700164
0.0066210801
0.0081832772
0.010003159
0.011849847
0.0049090022
0.001419821
0.001169386
-0.0018923797
0.00066318941
0.00323156
0.0010530933
-0.00090995827
-0.0049366686
-0.0050321652
-0.0035367825
-0.0064644072
-0.0041115658
-0.0033757512
-0.0027109334
-0.0021562272
-0.0011884271
-0.0015223233
0.00043169383
0.00049893515
0.0014367093
0.0015371436
0.0027520717
0.002764559
0.00087865519
0.0010376856
0.0016784593
0.0019443601
0.003705244
0.0042810054
0.004204779
0.0052479259
0.0024012811
0.0033844932
-0.0060283534
-0.0036613015
-9.0454034e-05
-0.00096911129
-0.0044987561
-0.0011935118
-0.0012444544
-0.0031788419
-0.003631954
-0.0032821136
-0.01073207
-0.016104635
-0.0067571861
-0.0046998906
0.0015406249
0.0044983268
0.0040403073
0.0058458126
0.0080776432
0.010699478
0.011598779
0.010202577
0.0062996862
0.0015887024
-0.0045426872
-0.011710191
-0.022963139
-0.03223971
-0.039844837
-0.046360866
-0.047653544
-0.054178873
-0.063478484
-0.071563574
-0.075624859
-0.07184349
-0.066755402
-0.074615239
-0.074358098
-0.075211471
-0.072745599
-0.071941343
-0.071255203
-0.070474714
-0.068097483
-0.065606722
-0.059996434
-0.058221656
-0.055659171
-0.054249318
-0.054776165
-0.05127218
-0.045657173
-0.042804295
-0.038029066
-0.033852699
-0.027346952
-0.023434693
-0.017522924
-0.011508076
-0.0098297016
-0.0085692736
-0.0064646685
-0.0031073478
-0.0043213836
-0.0052135134
-0.0043208575
-0.0033396745
-0.0023504342
0.00061795532
0.0012794034
0.0039600861
0.0037663368
0.0078400985
0.0087925127
0.0066860551
0.0070260097
0.009797925
0.010656395
0.0074205784
0.0084961058
0.0074544167
0.0075699402
0.0064276549
0.0055748079
0.0053766095
0.0046782819
0.006010787
0.0045311433
0.0050178058
0.0028406501
0.0023355492
0.002804009
0.0048291528
0.0049854701
0.0050144713
0.00298042
0.0031710515
0.0022118587
0.0020096753
0.0028422941
0.0042972876
0.0040075518
0.0047186444
0.005763341
0.007130868
0.0058179657
0.0055972214
0.0023946159
0.00099738644
-0.0057784598
0.0017604825
0.0099367959
-0.0019688359
0.00092815766
0.0033397161
0.0011429034
-0.0021781826
-0.0035718249
-0.0059718415
-0.0060127261
-0.0072764985
-0.0057811402
-0.0017973741
-0.0011024674
-0.0019782632
0.00059037782
-0.001262073
-0.0016154899
-0.0011061691
-7.2534897e-05
-0.0020875884
-0.00092961495
0.0020744973
0.00053545516
0.0012868854
-0.00037151521
0.0012252015
-0.00015543426
0.0013213737
0.00030562112
0.00054437042
-0.0028717973
-0.0018962709
-0.0048335357
-0.0030694902
-0.0030852416
-0.0050960386
-0.0043415537
-0.002966049
-0.0064439734
-0.0071397602
-0.0098927986
-0.011691867
-0.016491257
-0.016929037
-0.011799206
-0.011872515
-0.0067757254
-0.0026625018
-0.00022410946
0.00048414527
0.0018815846
0.0016369055
0.00089459308
-0.0014659934
-0.0057706721
-0.012352642
-0.020633834
-0.031942016
-0.044402126
-0.05437698
-0.061862015
-0.059329673
-0.061806969
-0.071401327
-0.078694129
-0.087918919
-0.091342216
-0.090006684
-0.084652488
-0.087065511
-0.09173285
-0.094282837
-0.086820001
-0.083944348
-0.075107006
-0.071916915
-0.065313067
-0.057659562
-0.047542169
-0.04687188
-0.054353291
-0.053213976
-0.045188098
-0.038202392
-0.032694332
-0.025939886
-0.020468793
-0.014804263
-0.012806344
-0.00720335
-0.00039238616
0.0016284162
0.00038816405
-0.00031066153
-0.00051592843
-1.1667594e-06
0.00077908714
-0.00072678526
0.0008082738
0.0016280519
-0.0004625105
0.00044571586
0.0033918972
0.0050666888
0.0045887735
0.0075137935
0.0086919843
0.0053344445
0.0045070415
0.0067088107
0.0066826231
0.0085277401
0.008576664
0.010547706
0.0091297595
0.0069956571
0.0072551737
0.0043751485
0.005343932
0.0088846641
0.008764601
0.0090641473
0.0065929974
0.0030435744
0.0045728587
0.0055046251
0.0056465735
0.0074775559
0.0063299327
0.0079281217
0.0086472526
0.009095993
0.0057276791
0.0047840255
0.0063260026
0.0099393159
0.012260459
0.015075387
0.020131403
0.017259061
0.011037608
0.0038717455
6.8580862e-05
0.007444678
0.014388174
0.0074031119
0.0022356578
0.004631691
0.0020494631
-0.0013423996
-0.004046563
-0.0046708711
-0.0060298502
-0.0045398874
-0.0021182185
-0.00074037304
0.003541411
0.0018442268
0.0042302885
0.0032384153
0.0014433322
0.0022840419
0.00043301568
0.00062327493
0.00054266378
0.0034344826
0.0030958423
0.00084383278
-0.00045906353
-0.0017481886
-0.00071874396
-0.00018108753
-0.0039813904
-0.0027739913
-0.0051925478
-0.0047172715
-0.005890272
-0.0036735117
-0.0056056101
-0.0055417524
-0.0052586012
-0.0079857912
-0.0054448032
-0.0055925802
-0.010545846
-0.013875422
-0.014310139
-0.012105376
-0.013594578
-0.014597303
-0.013634001
-0.010528844
-0.010019087
-0.0087804337
-0.0053268361
-0.0050087271
-0.0056153981
-0.0098403415
-0.012921187
-0.018529502
-0.029946438
-0.042872049
-0.057585294
-0.070030412
-0.071115333
-0.068183181
-0.077878806
-0.091188764
-0.097129535
-0.1006041
-0.099313615
-0.095267843
-0.085891484
-0.076135942
-0.082021575
-0.07625572
-0.070742124
-0.074456413
-0.071345314
-0.06393071
-0.04859293
-0.034695027
-0.029807318
-0.027533987
-0.037011808
-0.029411876
-0.015295842
-0.0099013075
-0.0027877081
0.0013186101
0.0060666848
0.008614235
0.01061268
0.012242565
0.015194428
0.014533623
0.016375654
0.016505376
0.012410189
0.012320288
0.0089340627
0.0078247662
0.0079298475
0.0068848077
0.0063828828
0.0045134738
0.0065164042
0.0068058182
0.0052089249
0.0051975534
0.0063189692
0.0050367768
0.0073128609
0.0067552711
0.0048161353
0.0052810802
0.0042651036
0.0024210562
0.00080922859
0.0068067787
0.0069613862
0.0081314566
0.012241855
0.013028079
0.014725501
0.017951
0.018737639
0.017170427
0.016756898
0.021949974
0.027304837
0.029714744
0.029775319
0.027447098
0.030097296
0.027055577
0.024256816
0.026503392
0.025792561
0.023329053
0.022437558
0.016042344
0.010922952
0.0067645753
-0.0068201517
-0.010191549
0.0069841662
0.016141549
0.013833282
0.0082348277
0.0092394794
0.0032323421
0.00038183018
-0.0011287816
3.5092259e-05
0.0008372524
0.0010403761
0.0010490833
0.00059776979
0.0040710638
0.0052183682
0.0065246575
0.0042400014
0.0065628083
0.004694115
-0.00028691704
0.0010815021
0.0063433539
0.0039963469
0.0031806476
0.0024872698
-0.00011083673
-0.0012739608
-0.00056984352
0.0020188789
0.00014433154
-0.0036635384
-0.0075081341
-0.0052101655
-0.0068371327
-0.0070116676
-0.007169897
-0.0069438351
-0.0072123235
-0.0091972898
-0.007783425
-0.0047656223
-0.0041729211
-0.0058393293
-0.0079505903
-0.012728551
-0.013142246
-0.016550368
-0.018050768
-0.015202898
-0.018512536
-0.013992576
-0.012791234
-0.011156667
-0.011072403
-0.011813287
-0.016563054
-0.019630079
-0.025700635
-0.033371024
-0.045385587
-0.061056827
-0.071993955
-0.066925154
-0.072702609
-0.082490043
-0.084951462
-0.083843396
-0.080922563
-0.074401356
-0.069398164
-0.05893553
-0.04138784
-0.040046344
-0.047009342
-0.0485898
-0.053998711
-0.056140978
-0.047585943
-0.033821606
-0.01645279
-0.00048355513
-0.0077997447
-0.015577609
-0.0025680123
0.01165781
0.019151822
0.022047066
0.022988348
0.02594836
0.028025072
0.02596137
0.026830964
0.025158615
0.024242409
0.022602457
0.02213613
0.018700352
0.01442431
0.014477502
0.01317376
0.013887757
0.01050004
0.0080223797
0.005192734
0.0064976022
0.0055151971
0.006893725
0.0069180487
0.0071452096
0.0073513139
0.0079203993
0.0064415581
0.005355916
0.00070202174
-0.0021274699
-0.0034197614
-0.0017730061
-0.0011449692
0.0068772685
0.0066416751
0.0095246079
0.010182561
0.013622014
0.017028345
0.018108179
0.021206614
0.024918512
0.032999784
0.041529454
0.048208761
0.051903909
0.052223361
0.050107724
0.045471088
0.036964716
0.035309739
0.032445512
0.029404738
0.021650308
0.017436203
0.012822439
-0.0045483434
-0.016592505
0.0033040481
0.014048299
0.019624447
0.014079895
0.0058731555
-5.589952e-05
-0.0013162598
-0.0037674742
-0.0016441766
0.00049925354
0.0023499697
0.0029937957
0.0029384112
0.001489786
0.0010018243
0.00095533029
0.001475642
-0.00066633402
0.00080356298
0.0020851219
0.0013977526
0.00068126169
0.0041562273
0.0019551879
0.0022460298
-0.00057087026
-0.00095646199
0.00085010475
0.00087380952
0.0016994608
8.0082084e-05
-0.0036011317
-0.0044772856
-0.0046754568
-0.0052167494
-0.007724218
-0.0058673123
-0.0057023684
-0.0054815382
-0.0067348576
-0.0052273304
-0.0051744752
-0.0049741034
-0.0060734605
-0.0069410755
-0.011196995
-0.014726945
-0.018556606
-0.020007339
-0.015684387
-0.016600069
-0.01510299
-0.017144437
-0.015973151
-0.015526911
-0.015563625
-0.017335714
-0.020538876
-0.025260235
-0.034195578
-0.042907904
-0.056638265
-0.063223348
-0.06103033
-0.066140002
-0.068160993
-0.066161057
-0.058150998
-0.05485531
-0.044020917
-0.03864208
-0.024092719
-0.012956847
-0.018816678
-0.025850747
-0.026138123
-0.029630707
-0.025915778
-0.015955771
-0.0096083861
0.0018512724
0.011033413
0.0056499614
0.0079800565
0.018103887
0.029208931
0.031955432
0.033728764
0.037412378
0.036579775
0.03131087
0.026347929
0.026642122
0.02346138
0.021365133
0.02145688
0.018299589
0.014766921
0.012459072
0.014102854
0.01687058
0.013217304
0.012389796
0.008701411
0.0088787355
0.0065780172
0.006391622
0.0038884716
0.0053950303
0.0064931768
0.0053761948
0.00493264
0.006668391
0.0043198031
0.0021878622
0.0018052914
0.0021661198
0.0037587372
0.005157921
0.0072210691
0.008125679
0.012444102
0.016759967
0.017818152
0.017274544
0.019405253
0.020805827
0.023973552
0.029366903
0.04018998
0.047707064
0.053051862
0.054921677
0.053575527
0.04562887
0.038893259
0.032209229
0.030335118
0.024410111
0.014063396
0.0041193654
9.6833199e-05
-0.0056092478
-0.0039223916
0.0097357668
0.014182077
0.017017509
0.012094218
0.0079478097
7.740523e-05
-0.003254024
-0.0057021623
-0.0068800381
-0.0019844253
0.00080356834
-0.00019353852
0.0023631921
0.0012298079
-0.00038818472
-0.00054345614
-0.0011079056
-0.0012730384
0.00084927546
0.001347141
0.0057409299
0.0047321514
0.0048266679
0.002483544
0.0031204275
0.0014759007
-0.001225133
-0.0017942566
0.0018729208
0.0050243802
0.0016038517
0.0013029244
-0.0021491519
-0.0043270798
-0.0048014196
-0.0055642855
-0.0054220287
-0.0042432286
-0.0047044244
-0.0031017674
-0.004331933
-0.0038653156
-0.0045482829
-0.0053994126
-0.0053773812
-0.0077286182
-0.011211818
-0.014041125
-0.015284216
-0.014806911
-0.012670614
-0.01206126
-0.012959198
-0.016345706
-0.015960006
-0.016279696
-0.017299841
-0.020271205
-0.024763203
-0.029679868
-0.035366084
-0.043932019
-0.045421606
-0.046994987
-0.048225032
-0.04693624
-0.042067795
-0.034457213
-0.026845088
-0.018354549
-0.011242698
-0.0027116189
-0.0040926508
-0.010915677
-0.011834959
-0.0077665259
-0.0097533639
-0.0020573976
0.0032208896
0.0078477789
0.014777795
0.018440518
0.015688927
0.018281542
0.022932973
0.027107428
0.03260887
0.033092226
0.033509551
0.031497581
0.027516496
0.020853997
0.018668519
0.01610762
0.013661569
0.012039786
0.0082934714
0.0054751907
0.0034684836
0.0033196979
0.004198292
0.0069709979
0.0086003669
0.0069007307
0.0081971578
0.0060794953
0.003952452
0.0026626268
0.0015717985
0.0026890842
0.0029201584
0.003678267
0.0026356853
0.0020125692
0.003142524
0.0033840313
0.0030838901
0.0047598752
0.0060941064
0.0073525766
0.008786617
0.012816189
0.014919619
0.016187865
0.016211878
0.0179943
0.020916935
0.024453431
0.028598431
0.032640121
0.036502533
0.038382282
0.040224622
0.038395544
0.03181404
0.024145446
0.013332356
0.0074073417
0.0055936781
0.0040324308
-0.001125904
-0.0066057246
-0.00092283771
0.0046166435
0.0059489571
0.010640765
0.0096237962
0.005802549
0.0011949383
-0.0037565067
-0.0069659578
-0.010028734
-0.011530796
-0.011599162
-0.0067170403
-0.0019175516
0.00014780693
4.9777327e-05
-0.0019760998
-0.0016006222
-0.001556243
-0.0022136492
-0.0014591792
-0.0010150622
0.0016891483
0.0019297657
0.0019496613
0.0017727227
0.0010899347
-0.00030399828
-0.0011926208
-0.0029855138
-0.0013355913
0.0008551637
0.00091707375
-0.0015912615
-0.0020236215
-0.0058362554
-0.0034157161
-0.0044779443
-0.0042348298
-0.0035886209
-0.0045502229
-0.0041676917
-0.0035392148
-0.0036070875
-0.0040855075
-0.0049012095
-0.0052659164
-0.003589484
-0.0051203546
-0.0073990404
-0.010490915
-0.008963667
-0.0083193577
-0.0089654833
-0.0089504537
-0.012195694
-0.013887197
-0.015668388
-0.017468735
-0.018635408
-0.023395188
-0.026306326
-0.028362978
-0.029677327
-0.029532638
-0.030728958
-0.029131878
-0.020205609
-0.018519828
-0.014929119
-0.0061794571
-0.0059643861
0.0012309244
0.0016614673
-0.00046593272
-0.0031434502
-0.0030948913
-0.0042421344
0.00096597271
0.0064351505
0.01058776
0.012590253
0.014857164
0.018304893
0.018371605
0.016935362
0.014530621
0.015636293
0.020837869
0.024148114
0.022822246
0.021403788
0.01913564
0.015631236
0.011823263
0.0067399165
0.0053023404
0.0044476606
2.6809537e-05
-0.0012822801
-0.0042293986
-0.0023185768
-0.0036927177
0.00028785344
0.0016238966
0.001720231
0.003020347
0.0030027225
1.2459406e-05
-0.00085828771
-0.00079708526
-0.0010247186
0.0010429828
0.0021841453
0.0013492453
4.7450729e-05
-0.0004664532
0.0017769721
0.0046627092
0.004444126
0.0038444649
0.0048666436
0.0062054848
0.0087181856
0.010621915
0.010720301
0.0099704345
0.012916835
0.015999165
0.018683778
0.019931571
0.023649395
0.025710056
0.028773872
0.025240586
0.022252617
0.012245619
0.0014159124
0.0028695452
0.0049429481
0.0062341548
0.0063615158
0.0022051201
-0.0010926965
0.003172855
0.0014595914
0.0031190942
0.0032439704
0.0015556628
0.00032767653
-0.0023293173
-0.0038907201
-0.0055241623
-0.0093679791
-0.010941585
-0.011853874
-0.0070382199
-0.0037330727
-0.0015962328
-0.0012688637
-5.216472e-05
-0.0027917981
-0.0051144765
-0.0050948767
-0.0050442173
-0.0044459224
-0.0041476902
-0.0015463998
-0.00087134532
0.00028463975
0.00093571645
-8.5871377e-05
0.00037796189
-0.00098790417
-0.0014020079
-0.0012425612
-0.0031744627
-0.0029594679
-0.0050341504
