0.0049226798
0.0047823438
0.0049084064
0.0051735726
0.0047271854
0.0035726454
0.0033109463
0.0029526432
0.0045197407
0.0055178513
0.0061272486
0.0040333151
0.0027612963
0.0013887769
0.00041600736
-0.00031780005
0.00065354073
0.0020988864
0.0018015194
0.0006368332
0.0019619319
0.0020222861
0.0014097014
0.00056810454
0.00042150794
0.0010924743
0.0017914972
0.0011755723
0.00018539917
-6.4779951e-05
-0.00033884284
0.00014602888
0.00055908571
-0.00017962446
-0.0002310295
-0.0012154884
-0.00083466618
-0.0016661976
-0.0015868242
-0.0015994475
-0.0019757993
-0.0010012105
0.00019931112
0.0010720475
0.0019280341
0.0016783762
0.0014368703
-0.00056946216
-0.00096469311
-0.0026190697
-0.0031467547
-0.0033927935
-0.0025695593
-0.00088399088
-0.00013835284
0.00016608227
-0.00045573251
0.00076523713
-0.0014333507
-0.0038982951
-0.0067458217
-0.006811087
-0.0060602478
-0.0061086366
-0.0066803489
-0.0080376273
-0.0099960424
-0.01256341
-0.013873481
-0.014897549
-0.013833462
-0.013750085
-0.012936738
-0.0096171353
-0.0090702156
-0.0084218462
-0.00840815
-0.0084769517
-0.0083431254
-0.0076820437
-0.0088593951
-0.0073188719
-0.0069096219
-0.005154973
-0.0065373862
-0.0076142024
-0.0074214122
-0.007448775
-0.0051131142
-0.0045950972
-0.0029398587
-0.0020857577
-0.0029121876
-0.002393024
-0.0021754266
-0.0020457388
-0.00229732
-0.0034766934
-0.0041105246
-0.0035494388
-0.0031284741
-0.0034509514
-0.0027112076
-0.0034141182
-0.0031981742
-0.0025066524
-0.0028877132
-0.003490655
-0.0037312968
-0.0043725489
-0.0041148223
-0.0042619297
-0.0045685222
-0.0045439295
-0.0049301658
-0.00624343
-0.0039599381
-0.002443772
-0.00095940827
0.0039692387
0.0052628702
0.0081675771
0.0077571521
0.0096351005
0.008694148
0.0072736503
0.008030591
0.0093076224
0.0091604378
0.0076864692
0.0048175538
0.0044374954
0.0054920566
0.004933421
0.0041959985
0.0035792501
0.0032021569
0.0017356953
0.0024447291
0.0037912232
0.0031808353
0.0028989884
0.0032191444
0.004336657
0.0047847974
0.0048404472
0.0047494282
0.0042245879
0.0031098407
0.0025187028
0.0026755048
0.0032552383
0.0032236486
0.0025150902
0.0021190909
0.0015622225
0.00048140245
-0.0001110527
-0.00181597
-0.002679401
-0.0013623795
-0.0010146734
-0.00020852057
0.00033767379
0.00074739177
0.00062092051
0.00085324232
0.00026221271
0.00024191908
0.00041997666
7.2108575e-05
-0.00023154529
-0.00087071834
-0.0010842165
-0.001643261
-0.0018493679
-0.0023828095
-0.0030335344
-0.0039197511
-0.0035247164
-0.0042745388
-0.0048344316
-0.0061165528
-0.0056184275
-0.00447134
-0.0044248715
-0.0036155397
-0.0020959013
-0.0010007236
-0.00028190425
-0.00090249047
-0.0019051166
-0.0014911322
-0.0026667266
-0.0033706964
-0.0033756534
-0.00265104
-0.0013181639
-0.0005674185
-0.00060697497
-0.00043330909
0.00030558553
-0.0016700013
-0.0037173941
-0.0043609979
-0.0036229177
-0.0032459083
-0.0034224046
-0.0053670021
-0.0069821736
-0.0083969408
-0.0096788742
-0.010972538
-0.010344694
-0.0087468259
-0.0084619013
-0.0056377503
-0.0056371817
-0.0067381885
-0.0060992368
-0.0052894895
-0.0060482061
-0.0080351945
-0.0074200822
-0.0062553432
-0.0055880246
-0.0043276004
-0.0053551204
-0.0054323689
-0.0064098562
-0.0054421988
-0.0037728001
-0.0038360906
-0.0028772301
-0.00096907063
-0.00083873749
-0.0011776713
-0.0014032217
-0.0023062965
-0.0021352004
-0.0030810445
-0.0031544424
-0.0029566468
-0.0027377138
-0.0028045142
-0.0028393064
-0.0030607378
-0.0030626073
-0.0030117207
-0.0037165475
-0.0043423962
-0.0046443059
-0.0053210234
-0.0052765816
-0.0053059405
-0.0056083157
-0.0061129981
-0.0057334048
-0.0073308033
-0.0071980557
-0.0053264451
-0.0018415507
0.0049068096
0.0078537478
0.0078420617
0.0085227755
0.0086433074
0.007070051
0.0053606712
0.0054099718
0.0066742142
0.0059036597
0.0068618666
0.0058716801
0.004041431
0.0042681837
0.0045203223
0.0039963499
0.0038510362
0.0026079833
0.001528629
0.0012168716
0.0014107111
0.0012396309
0.0018649759
0.0028254339
0.0032937248
0.004533967
0.0038855238
0.0033084545
0.0033179613
0.0024622984
0.0023350868
0.0018152467
0.0015466699
0.0030889843
0.0026213484
0.0017925663
0.00033889221
-0.00079163347
-0.0008284326
-0.001484273
-0.0016393944
-0.0016563873
-0.0015877968
-0.00183461
-0.00010464248
0.00089552278
0.00037951856
0.00070614929
0.00094151471
0.0010302797
0.00081985229
0.0020189172
0.0027068611
0.0020141887
0.0010188084
-0.00030719366
-0.00096473842
-0.0025465727
-0.0033608678
-0.004726321
-0.0066460133
-0.0075801227
-0.0086761792
-0.010172608
-0.011173042
-0.011297977
-0.010466783
-0.0090951594
-0.008496147
-0.0072763027
-0.0045622072
-0.0025497006
-0.0025438054
-0.0022779313
-0.0029805065
-0.0040808063
-0.0045010222
-0.0040321703
-0.003080023
-0.0013745448
-0.0015937506
-0.0026085118
-0.00256868
-0.002719735
-0.0030782848
-0.0020588081
-0.00068859915
-0.00036562628
-0.00048025552
-0.0002815001
-0.0034042296
-0.0041482988
-0.0046882156
-0.0049688796
-0.0032133802
-0.002282183
-0.0025241852
-0.0023315561
-0.0033027506
-0.0032841522
-0.0015948428
-0.0017685547
-0.003163498
-0.004624323
-0.0067340394
-0.0079079584
-0.0062093861
-0.004695752
-0.0032110374
-0.0051459348
-0.006757623
-0.0054153948
-0.0050031405
-0.0035387097
-0.0031093486
-0.0028957641
-0.0018778048
-0.00069613367
-0.0005400887
-0.0012474682
-0.0027174024
-0.0027597891
-0.0021892646
-0.0020872136
-0.0022594474
-0.0033965943
-0.0039965292
-0.0034700617
-0.0037111861
-0.0035487747
-0.0041103881
-0.0041941862
-0.0041708669
-0.0045469624
-0.0052219567
-0.0051742985
-0.0058771947
-0.0053695535
-0.0066394669
-0.0065919984
-0.0074090497
-0.007588991
-0.00044544035
0.0049125444
0.0059931622
0.0059812799
0.0051703776
0.0050493606
0.003882329
0.0030821131
0.00553087
0.0036734807
0.0032569019
0.0036301725
0.0040715442
0.0049032694
0.003474335
0.0027928197
0.0025685871
0.0024020943
0.0016070946
0.00095710596
0.00030540132
-0.00015802761
0.0010326212
0.0011145368
0.0018922086
0.002407441
0.0033239373
0.0028356552
0.0030113758
0.0031597235
0.0032867775
0.0032676506
0.0027914522
0.0020211182
0.0033848508
0.0048694466
0.0042434069
0.0035820951
0.0016646158
0.00034918285
-0.00067145857
-0.0017238746
-0.0015249595
0.00044777014
0.00063795094
0.0010408081
0.001675536
0.0012494554
0.0018754981
0.0020921909
0.0024087396
0.0020875198
0.0028466564
0.0035901818
0.0061978293
0.0054573364
0.0034698685
0.0025155046
5.162731e-05
-0.0019040955
-0.004472363
-0.007075719
-0.0095558439
-0.013328093
-0.015734393
-0.015467159
-0.019803169
-0.019254189
-0.018224694
-0.01424075
-0.011364034
-0.0092612745
-0.0068226863
-0.0055534278
-0.0047818813
-0.0044837085
-0.0049748797
-0.005037355
-0.0049300673
-0.0052712687
-0.0042392841
-0.0032230861
-0.0033176497
-0.0043817988
-0.0044979108
-0.0032523443
-0.0019630777
-4.5999921e-05
0.00089188556
0.0014116694
0.0037658231
0.0038987498
0.0013633372
-0.0013856172
1.7727377e-06
0.00055499291
0.00016139796
0.00044874647
-0.00047368752
0.002179283
0.0027389271
0.002661821
0.002694552
0.0019691532
-0.0007994725
-0.0053091684
-0.0067703905
-0.0074450904
-0.0059909806
-0.005115136
-0.0045633132
-0.0073222117
-0.0071579694
-0.0057001647
-0.0038765265
-0.0036821672
-0.0033214297
-0.0030125673
-0.0016067034
-0.0011335675
-0.0016859253
-0.0019767898
-0.0014413218
-0.0018961811
-0.0024817081
-0.0033431405
-0.0038141781
-0.0044309217
-0.0047880961
-0.0046527021
-0.0047367437
-0.0041368796
-0.0035620005
-0.0037964796
-0.0035945617
-0.0041641941
-0.0039110414
-0.0042552724
-0.00378019
-0.00481149
-0.0036696923
-0.0043001015
-0.0030166466
0.0016949893
0.0037488904
0.0035636331
0.00450067
0.0054150064
0.0017260824
0.00061017819
0.00098318673
0.0027814348
0.0030764923
0.0050289877
0.0032617664
0.0013449843
0.0016437711
0.002537332
0.0015536167
0.0006591224
0.00017371819
-0.00021005676
-0.0010968885
-0.0015659819
-0.0010929058
-0.0012228324
-0.00016957911
0.00040339101
0.0008635463
0.0014722069
0.002186043
0.0026085532
0.0032990419
0.0033339921
0.0040013545
0.0044071121
0.0047731875
0.0050146218
0.0063438585
0.0065810253
0.0065226204
0.0048696201
0.003798064
0.0034374063
0.0015632541
-0.0012696113
-8.9523955e-05
0.0033343858
0.0038549192
0.0037459729
0.0030611846
0.004004722
0.0041550614
0.0051916047
0.0053768146
0.0038068022
0.004014277
0.0056426992
0.0066602963
0.0086246138
0.0084408243
0.0051825816
0.0015510396
-0.001196307
-0.0051580073
-0.0096551002
-0.013467985
-0.015218491
-0.018674896
-0.020297308
-0.024797947
-0.025483767
-0.021780064
-0.019342947
-0.016820465
-0.013442406
-0.012554142
-0.012253689
-0.01115685
-0.010323138
-0.0098618685
-0.0080822975
-0.0071456814
-0.0064448687
-0.0057207994
-0.0053819673
-0.0067383602
-0.0078260806
-0.0083275206
-0.00747573
-0.004908872
0.00059648681
0.00032007596
-0.0006243956
0.0011329521
0.0010569813
0.0018885834
0.00086425988
0.0012111756
0.00043708436
0.0011621924
0.0008825639
0.0016631909
0.0042816493
0.0040936495
0.003945414
0.0036619829
0.0012941884
-0.00082549599
-0.0024728924
-0.0040385087
-0.0055126472
-0.0035003486
-0.0030578282
-0.0033988688
-0.005340979
-0.0060583128
-0.0057142934
-0.0058843171
-0.004398862
-0.0047101646
-0.0041070894
-0.0036330566
-0.0036598224
-0.0038033283
-0.0036290812
-0.0036705383
-0.0032424694
-0.0042674092
-0.0039646088
-0.005166324
-0.0055050244
-0.0052111915
-0.0051651273
-0.0050015917
-0.0040982524
-0.0037277666
-0.0034370655
-0.0029746742
-0.002644008
-0.0027683079
-0.0022836467
-0.002028538
-0.00084417226
0.00102221
0.0016618612
0.0024207323
0.0028772545
0.0052819344
0.0055166306
0.0065211434
0.0050289088
0.0019564956
0.00041394101
0.0025897553
0.0023767656
0.0028428579
0.0026273284
0.0010730297
-0.0012650763
-0.00074559973
-0.00034533202
-0.00096742266
-0.0019844662
-0.0022540774
-0.0023937702
-0.0027783449
-0.0029345107
-0.0021848186
-0.001323863
-0.00024322059
0.00087214336
0.0016964407
0.001974899
0.0022554654
0.0029219294
0.0037443112
0.0041198525
0.004766735
0.0058211152
0.0068931061
0.008583397
0.0094707991
0.0055658524
0.0049334495
0.0023130086
0.0041690195
0.0044229558
0.0019584035
0.0010133797
0.0024428683
0.0044281509
0.0048130399
0.005849706
0.0067337656
0.0066305879
0.0048144493
0.0056472099
0.0042516585
0.0025269918
0.0032913977
0.0036131183
0.0092432695
0.010905296
0.010360689
0.0084114696
0.0057717673
0.0065282962
0.0013325302
-0.0029525842
-0.0073246635
-0.010128035
-0.017049775
-0.024068161
-0.026456945
-0.02679316
-0.026509008
-0.025818792
-0.024867201
-0.024111972
-0.023036739
-0.022546576
-0.019559407
-0.01953891
-0.017112255
-0.016661685
-0.014554044
-0.013659267
-0.014520773
-0.014786481
-0.015185485
-0.018703078
-0.017159058
-0.017550793
-0.016116248
-0.010649212
-0.017224063
-0.018212984
-0.012433592
-0.0076862497
-0.0073850641
-0.0055188867
-0.0023088237
-0.0012297302
-0.0047849794
-0.0045995603
-0.0040036188
-0.0031137605
-0.0026384115
-0.0013473645
0.0013351515
0.00026918046
-0.0027532324
-0.0032624166
-0.0034939854
-0.0037689197
-0.0034684059
-0.0037912115
-0.0051375357
-0.0050658388
-0.0053096583
-0.0056174092
-0.0060012306
-0.0050355189
-0.0049832519
-0.0052169653
-0.005328616
-0.0046864013
-0.0043343121
-0.0043465161
-0.0038714717
-0.0034173545
-0.0030382362
-0.0041929459
-0.0049961237
-0.0051095577
-0.0052600719
-0.0044307087
-0.0037002734
-0.0022894556
-0.0020569664
-0.00075238729
-0.00023793864
0.00083515426
0.0010859621
0.0019074016
0.0036848131
0.0063137076
0.0057524491
0.0039187006
0.003756361
0.0052937409
0.0074551511
0.0059283521
0.0066371639
0.0044826857
0.0042656429
0.0031173259
0.003361486
0.0025353627
0.002036229
0.0019605157
-0.00064141452
-0.0019365609
-0.0036975225
-0.0039631419
-0.004480882
-0.0047222434
-0.0057124103
-0.0050620048
-0.003926809
-0.0033376504
-0.0017403959
-0.00056051842
0.00096291385
0.0014812754
0.0021199619
0.0023012063
0.0025643207
0.0031259392
0.0040413165
0.0045357316
0.0053505605
0.0070357919
0.0083975246
0.010122929
0.0086012875
0.0060247315
0.0013237341
-0.00019470895
0.0013292674
0.00078866388
0.001088518
0.0011173719
0.0012439271
0.0036814342
0.0059401182
0.0073031001
0.0076160711
0.0067065811
0.0053397159
0.0036183823
0.0022028987
0.0024844576
0.0058270682
0.011135052
0.011621874
0.014361538
0.01642347
0.019953634
0.018419165
0.016261454
0.012751781
0.0038269977
-0.00062181885
-0.0064657496
-0.015919196
-0.022958001
-0.030281002
-0.032601471
-0.040393619
-0.038984431
-0.035386346
-0.037776151
-0.037731913
-0.03645981
-0.036672174
-0.03696727
-0.03290486
-0.033673534
-0.030925866
-0.033641523
-0.032344254
-0.032644736
-0.031933046
-0.0372601
-0.038258822
-0.041150443
-0.033138486
-0.025002274
-0.02479556
-0.03158449
-0.029090487
-0.028097878
-0.025174326
-0.017302669
-0.01810493
-0.013960604
-0.015889665
-0.014079555
-0.014337866
-0.01299049
-0.0083901396
-0.0074257068
-0.0045293865
-0.004355041
-0.0051231082
-0.0052447819
-0.0041575801
-0.0038766191
-0.0032421862
-0.003833042
-0.0049542798
-0.0050581711
-0.0055791747
-0.0045540944
-0.0044857948
-0.0048535381
-0.00519337
-0.0048480347
-0.0047247518
-0.004758595
-0.0045960177
-0.003566151
-0.0037880675
-0.0035058391
-0.0033540094
-0.00354009
-0.0039169121
-0.0034282144
-0.0029894841
-0.0018132039
-0.0009256735
-9.387668e-05
0.00087623068
0.0017590749
0.0019493567
0.0029756664
0.0031416145
0.0051627401
0.0067559099
0.010189056
0.0075024158
0.0011345357
0.0035646175
0.0046166271
0.0067568311
0.0053774406
0.0073669663
0.004378824
0.0022116854
0.0026430335
0.00013019828
-0.00052084712
-0.0025564406
-0.0030629626
-0.0048660794
-0.0056229584
-0.0082334176
-0.00875875
-0.010237366
-0.010054668
-0.0071362436
-0.0048697468
-0.0043732118
-0.0026999683
-0.0014206583
-0.00024482882
4.5502193e-05
0.0013238494
0.0021825956
0.0026403322
0.0027723514
0.0033235682
0.004865291
0.006011054
0.0061217438
0.007168866
0.0079783616
0.0094157232
0.0053425726
0.00093092302
0.00057412582
-0.00033439774
-0.0005477293
-0.0013739352
-0.00048840693
-0.0034351743
-0.0026931497
0.0020000941
0.0066419057
0.0082705926
0.007881991
0.0064848209
0.005953211
0.0036730399
0.0013641478
0.003464619
0.011066651
0.013057704
0.013370833
0.018325163
0.023035078
0.025822234
0.024805198
0.01845744
0.011297598
0.0045750623
-0.0048504692
-0.010549513
-0.019078782
-0.02440517
-0.026209203
-0.032427726
-0.04227456
-0.038541597
-0.036229417
-0.043292131
-0.04700967
-0.052204501
-0.051179503
-0.058527909
-0.049862077
-0.051578742
-0.051056821
-0.047450576
-0.053770082
-0.051468113
-0.057422766
-0.062239389
-0.052844764
-0.052489354
-0.050121742
-0.050783778
-0.042467974
-0.043689777
-0.039532089
-0.033653657
-0.029657059
-0.022880849
-0.021954527
-0.019455887
-0.021918813
-0.019934197
-0.01639466
-0.015385156
-0.01270573
-0.009713652
-0.0084459092
-0.006829248
-0.0047969971
-0.0042733115
-0.0035895719
-0.0032188062
-0.0040926872
-0.0039890921
-0.0051455013
-0.0042167586
-0.0039680416
-0.0035183333
-0.0036162695
-0.0031084832
-0.0039770722
-0.0041893669
-0.0037805317
-0.0034594572
-0.002967084
-0.0028680821
-0.0027142566
-0.0023137763
-0.0020113648
-0.0019301378
-0.0021029956
-0.00077659356
-0.00081079065
0.00032266883
0.000230353
0.001095199
0.0020670996
0.0032332066
0.0034671626
0.0052954226
0.0052109775
0.0073300049
0.0070713925
0.011301974
0.0063332012
-7.8429711e-05
0.0014016396
0.0033217057
0.0068185968
0.0068450617
0.0040112489
0.0013516843
-0.0022873239
-0.0035927375
-0.0045523331
-0.0040639745
-0.0067942711
-0.0075702114
-0.010583668
-0.011005903
-0.010145439
-0.01041371
-0.0093369546
-0.0068006409
-0.0048322252
-0.002889618
-0.0018789748
-0.0019431618
-0.0007543383
0.00077901986
0.00049619003
0.0014960843
0.0014859331
0.0024464575
0.0028668283
0.0046939206
0.0051556657
0.0061437199
0.0073959419
0.0066820538
0.0092288855
0.0061784417
0.0020983228
-0.0014019534
-0.0028431067
-0.0016692496
-0.0009850838
-0.0024158824
-0.0023819554
-0.0050131281
-0.0076607196
0.00038135011
0.0081628418
0.009138976
0.0092454595
0.0083133169
0.010224307
0.0084531309
0.0052169976
0.0052105024
0.0096268011
0.013015445
0.015337089
0.021275691
0.024861619
0.02351393
0.019214891
0.012393772
0.0061233027
-0.0021780576
-0.010261314
-0.01918939
-0.024072024
-0.030269531
-0.027985914
-0.038078473
-0.040024745
-0.035545302
-0.039234713
-0.043000569
-0.051068341
-0.060014276
-0.061851716
-0.056201341
-0.059031003
-0.057815749
-0.058237767
-0.055922573
-0.067541797
-0.064640006
-0.067034748
-0.069660615
-0.064271107
-0.061631137
-0.059054141
-0.053064829
-0.049976866
-0.043442396
-0.037642609
-0.03160466
-0.024696123
-0.019834417
-0.018823763
-0.019367622
-0.019499947
-0.017019114
-0.01536397
-0.012896459
-0.01071234
-0.007033297
-0.0045778113
-0.0041930336
-0.0032876331
-7.14265e-05
0.00070363084
0.00013747935
-0.0010342929
-0.0010986394
-0.0019664182
-0.0025343008
-0.0020338179
-0.00097062444
-0.00063772429
-0.0014244759
-0.00087276095
-0.00053564851
-0.00056527642
-0.0011827616
-0.0010799678
-0.00063891949
-1.9686563e-05
0.00046475579
0.00098398172
0.0020837712
0.0018178832
0.0017086647
0.0026494452
0.0028254586
0.0031361692
0.0041735444
0.0044191887
0.004931887
0.005750004
0.0071582989
0.0075880101
0.0079738422
0.008414132
0.0096021562
0.0055434238
-0.0028584977
2.7869057e-05
0.001545992
0.0034449596
0.0033246693
0.0011719123
-0.0025667908
-0.0071175624
-0.0065476209
-0.0065116616
-0.0049463495
-0.0086232756
-0.010374653
-0.0067917166
-0.0066655423
-0.0061756534
-0.0042593945
-0.002029096
-0.0016398834
-0.00047132223
-0.00044422106
0.001188483
0.0012273519
0.0022379994
0.001278182
0.0027970409
0.0020693198
0.0030564538
0.0029754565
0.0048802625
0.0053331361
0.0045682253
0.0044838935
0.0031341504
-0.00061193108
-0.00070156239
-0.0030464545
-0.0065376868
-0.0065021061
-0.0062530069
-0.0051688318
-0.0024560825
-0.0072977102
-0.0095521052
-0.015225742
-0.010898714
-0.0001612149
0.00370621
0.0060095338
0.007037048
0.0062073324
0.0083718659
0.0092033277
0.0064294201
0.0031405375
0.0033279805
0.0063028027
0.0073121805
0.0079858935
0.0062040398
0.0021150757
0.0010519016
-0.0048999051
-0.010591716
-0.01938219
-0.026272754
-0.035292593
-0.038304816
-0.040113306
-0.038726717
-0.045731929
-0.049024878
-0.052409567
-0.051065453
-0.053419044
-0.054552525
-0.064742471
-0.068342783
-0.063535657
-0.063815707
-0.063014784
-0.057322319
-0.061027893
-0.070276946
-0.068874135
-0.067871073
-0.063997464
-0.063946152
-0.058136639
-0.055132992
-0.049528903
-0.04263261
-0.034064875
-0.029161335
-0.023059868
-0.020877253
-0.016518826
-0.01643045
-0.014881011
-0.016237812
-0.013031893
-0.013574127
-0.010069582
-0.0081517325
-0.0062670229
-0.0043810343
-0.0027056242
0.0014968842
0.0024320277
0.0044993587
0.0060857417
0.0031718638
0.00070482796
0.001829294
0.0013899763
7.2307915e-05
0.00092256654
0.0014975414
0.0021099744
0.002400412
0.0015237929
0.0020377848
-0.00015787626
0.00029468047
0.00048000676
0.0013763016
0.0042727702
0.0037115637
0.0052858326
0.0055383903
0.0060930985
0.0053761337
0.007153786
0.0073839538
0.008247731
0.0085898578
0.0083905124
0.0078994981
0.0092801746
0.0091457455
0.010244702
0.011168174
0.012348116
0.0045923804
-0.0017043749
-0.0032481149
-0.0036254508
-0.0020819691
0.00040673284
-0.0024009899
-0.0041693909
-0.0097407055
-0.0098135367
-0.0077686199
-0.0092718545
-0.007526289
-0.0052786481
-0.0032257469
-0.00097232327
0.001793624
0.0014009865
0.0011296197
0.0014988402
0.0014934107
0.0002427768
0.0019209555
0.0018676773
0.00072831204
0.00030049265
0.0009671945
0.001694407
0.0029634807
0.0025036264
0.0023273104
0.0028473327
-0.0049324108
-0.0022856262
-0.0096036092
-0.012401134
-0.0077988457
-0.0092869605
-0.012783887
-0.010649503
-0.0098293008
-0.01136708
-0.011784985
-0.011602947
-0.016951348
-0.022734056
-0.016322281
-0.010124897
-0.005421052
-0.0013797741
0.00050995835
0.0024636991
0.0046547286
0.0051899321
0.0041650479
-0.00084033069
-0.0072492386
-0.010203862
-0.013452118
-0.015822232
-0.021763502
-0.027501608
-0.033116007
-0.036838927
-0.038777478
-0.040337242
-0.046650452
-0.058149098
-0.061776696
-0.05457214
-0.048861839
-0.061451832
-0.066621235
-0.069044272
-0.067089641
-0.067945643
-0.069345326
-0.070566222
-0.070271157
-0.071696342
-0.066469442
-0.065573746
-0.063444578
-0.062349854
-0.063884596
-0.063748692
-0.058609817
-0.054025656
-0.050388122
-0.043663116
-0.038292859
-0.036771186
-0.032272761
-0.024349884
-0.021488844
-0.022256123
-0.018544459
-0.013887728
-0.015491909
-0.014275607
-0.013416127
-0.013223697
-0.010613575
-0.0081812072
-0.0073747784
-0.0052906241
-0.0024651974
0.0019482678
0.005961153
0.0079701059
0.01029867
0.010793035
0.010379427
0.0063580856
0.0061836197
0.0090969299
0.0069426536
0.0069199122
0.0060953304
0.0046754202
0.0060069374
0.0052410756
0.0047889168
0.0052472161
0.0032654363
0.0030641727
0.00389158
0.0056376648
0.0076072333
0.0075207189
0.0065707512
0.0086301869
0.0078604798
0.0085306599
0.008381767
0.0096313513
0.009613375
0.01093567
0.0098820103
0.013236386
0.0099372341
0.011006203
0.0058904732
0.0027989351
-0.0060185363
0.0025753809
0.0079085724
-0.0036490834
0.0011649378
0.00066660375
-0.0020429989
-0.0048430772
-0.0063928108
-0.0077158688
-0.0063264664
-0.0094547447
-0.0059015027
-0.00096772729
0.0017284012
0.0027020338
0.0056509933
0.0048731191
0.0020175611
0.0030701875
0.0029000819
-0.00054651262
0.00019438452
0.00094686703
-0.0008092872
-0.0001514216
-0.0023215784
-0.0016679496
-0.0033552695
-0.00406541
-0.0041887642
-0.00433415
-0.0082650982
-0.0074884084
-0.0092879453
-0.0087861282
-0.010944807
-0.013190026
-0.0099830586
-0.0076508139
-0.010208125
-0.0096259524
-0.013106165
-0.01173958
-0.016531228
-0.017816327
-0.014197756
-0.01658188
-0.010976364
-0.0070213649
-0.004752675
-0.0032541314
-0.00067464824
-0.001281676
-0.0017877247
-0.0059866517
-0.012708675
-0.021067904
-0.028344192
-0.036215739
-0.04800437
-0.054888233
-0.061672125
-0.056360131
-0.053305528
-0.060307077
-0.063432304
-0.075176087
-0.081285702
-0.082292706
-0.073663804
-0.079891508
-0.088858912
-0.090167718
-0.081150456
-0.077320082
-0.071751338
-0.069773077
-0.06711467
-0.061761233
-0.051400428
-0.051331992
-0.062313009
-0.059260642
-0.052195329
-0.047646005
-0.040938997
-0.034739118
-0.029630387
-0.023083603
-0.018296507
-0.015824867
-0.011546225
-0.0087587844
-0.0080612913
-0.0095026792
-0.0088765618
-0.0063210646
-0.0064482228
-0.0073884762
-0.0062137427
-0.005732215
-0.0053198061
-0.0057857529
-0.00043179449
0.0014511549
0.00093005993
0.0053335191
0.008789824
0.0086047429
0.0096611716
0.012803606
0.011116078
0.0094454672
0.0084339492
0.011339301
0.010836066
0.0084639443
0.0085920523
0.0055906323
0.0061295627
0.0093373882
0.010213021
0.011768967
0.011175431
0.0074784694
0.0090786479
0.009910549
0.010746013
0.010894689
0.011305308
0.012673156
0.014488124
0.015330592
0.012356708
0.011458643
0.01225487
0.015049521
0.016503323
0.018357074
0.023279663
0.02412183
0.013208861
0.0039535645
-0.0008616008
0.010247728
0.01214252
0.0047186874
0.0015964866
0.0020455282
0.0019541821
-0.00081429936
-0.0027858017
-0.0039426772
-0.0040067021
-0.0034797279
-0.00061439434
0.0019824666
0.0063260407
0.0055678743
0.0076051644
0.0083245946
0.0061013863
0.0075739066
0.0051273832
0.005133379
0.0016845992
0.0019762591
0.0013637899
-0.00068982812
-0.0016398056
-0.0012091794
-0.002682203
-0.00193211
-0.0049416076
-0.0060615793
-0.0063842297
-0.0063230424
-0.0083528571
-0.0058684697
-0.0087498468
-0.01012125
-0.0084219679
-0.0097430107
-0.010391124
-0.0079627878
-0.0099648358
-0.011452015
-0.011579355
-0.01120346
-0.016870991
-0.019801862
-0.020185796
-0.01725518
-0.016812349
-0.014119775
-0.012202283
-0.011154962
-0.011042304
-0.015032704
-0.018398579
-0.024553002
-0.034470673
-0.047813088
-0.06290454
-0.076517867
-0.073828266
-0.066366522
-0.070572704
-0.0795587
-0.08568251
-0.091111657
-0.092930605
-0.089291122
-0.079896617
-0.072459807
-0.080280058
-0.074881878
-0.069338435
-0.074023036
-0.072927331
-0.067099512
-0.051689739
-0.039384052
-0.034595705
-0.037281453
-0.04766728
-0.039391034
-0.022588348
-0.01738235
-0.011745826
-0.0055664813
-0.000474254
0.0021882104
0.0047134764
0.0080881207
0.0092346504
0.008485816
0.010303242
0.010103449
0.0098101731
0.010209345
0.0061705217
0.0053969242
0.0048136905
0.0018138076
0.0015503592
0.0044912014
0.0045571864
0.0038703741
0.0035566194
0.0042883094
0.0048527831
0.0044385455
0.0070210211
0.0077328717
0.0084893913
0.0071557271
0.0059711942
0.0051540801
0.0013010376
0.003737781
0.0029755982
0.0039843063
0.0094990133
0.0079135101
0.010771851
0.017454982
0.020187769
0.02061724
0.020994961
0.023741975
0.030224476
0.033104396
0.033452542
0.033469766
0.036841174
0.035576044
0.033451884
0.033906038
0.030981843
0.03059138
0.027959152
0.020166241
0.014080145
0.010632965
-0.0019275302
-0.002433023
0.012166283
0.017296795
0.013008834
0.0040641507
0.0049689238
0.0006278092
-0.0013449472
-0.0020110878
-0.0013252837
5.882551e-05
0.00017789015
-0.0015048777
-0.00074784967
0.0018190038
0.0034969139
0.0052190992
0.0051588541
0.007283867
0.0070824676
0.0045496074
0.0051842687
0.0058341922
0.0044139343
0.0037472404
0.0013681712
-0.0018435795
-0.0025572823
-0.0016183196
0.0008004682
-0.00090826367
-0.0043290399
-0.007363343
-0.0038753393
-0.0068969998
-0.004407845
-0.0057692459
-0.0086559281
-0.0095547255
-0.011360878
-0.011871845
-0.0086075649
-0.0081920497
-0.0075565431
-0.0093812058
-0.011778559
-0.014065476
-0.02126696
-0.025623744
-0.024972663
-0.028175507
-0.024499612
-0.021864274
-0.019630221
-0.018789123
-0.019348519
-0.024299498
-0.026308089
-0.032903559
-0.039620705
-0.051583377
-0.068842564
-0.085236138
-0.069686184
-0.071959114
-0.07958271
-0.074762711
-0.076685915
-0.074450552
-0.069372032
-0.061547992
-0.051724084
-0.035199387
-0.035670525
-0.047400333
-0.049636179
-0.056500936
-0.061220903
-0.051514692
-0.039764813
-0.021062453
-0.0062183911
-0.015683388
-0.024124694
-0.011285254
0.0012166971
0.010017325
0.01337242
0.016453388
0.019434224
0.024971224
0.022743777
0.024796624
0.023034939
0.021074012
0.020249742
0.018047143
0.017308607
0.016361157
0.014698192
0.014388337
0.01378613
0.0081452259
0.0065000904
0.0064877349
0.0071076596
0.0049747937
0.0048194299
0.0060953373
0.0071802096
0.0071292831
0.0075308786
0.0063232152
0.0050625048
0.0024949385
0.0015834277
0.001594279
0.00062766368
-0.0004144718
0.0031118069
0.0019020572
0.0047109186
0.0072121909
0.011310516
0.015323088
0.019104143
0.023076061
0.025675068
0.032733036
0.040668493
0.044757601
0.051279722
0.05437077
0.055245363
0.051756371
0.044330453
0.039276218
0.038768043
0.035650731
0.02843906
0.024114521
0.017289805
0.00029044173
-0.0057392699
0.010785134
0.014847764
0.01559876
0.0081938751
0.0023751906
-0.0028608734
-0.0041008872
-0.0046364717
-0.00394102
-0.0029789815
-0.00020547232
0.0010630002
0.001568382
-0.00069833053
-0.00079540804
-0.00045764948
0.0019146704
-0.00040638377
0.0010332591
0.0023297955
0.0021890916
0.0021208898
0.0027756201
-0.00010884684
-0.00088076635
-0.0035660267
-0.0047403248
-0.0046254823
-0.003102963
-0.0021296083
-0.00089410452
-0.0041067732
-0.0053960236
-0.0059012024
-0.0042256952
-0.0063740573
-0.0062199599
-0.0053183597
-0.0082716762
-0.0096959326
-0.0096373841
-0.0094577111
-0.010105145
-0.011530612
-0.011620573
-0.014876517
-0.020039387
-0.024041594
-0.026960104
-0.023708636
-0.025549004
-0.027093323
-0.028443125
-0.02817685
-0.027428797
-0.027149276
-0.029768891
-0.032597704
-0.0372675
-0.044429358
-0.053001335
-0.066741842
-0.074344015
-0.064521368
-0.071597044
-0.071756411
-0.064882616
-0.056895406
-0.045633237
-0.033286091
-0.026117934
-0.016471197
-0.0060111542
-0.018539889
-0.030455239
-0.030159994
-0.031155104
-0.02646623
-0.018320394
-0.012040565
-0.0013829866
0.0075638843
-0.00081655374
0.0011571556
0.011943087
0.020977506
0.024705267
0.026233956
0.031507412
0.032289644
0.029342829
0.024286682
0.025635162
0.023229626
0.021729128
0.023431626
0.019607091
0.016633068
0.014877204
0.012975214
0.015390675
0.012136008
0.010233662
0.007470358
0.0087477311
0.0059907778
0.0061798182
0.0017978966
0.0031393293
0.0051533483
0.0055608514
0.004341883
0.0058593709
0.0059547659
0.0040360592
0.0058700572
0.0063764295
0.0075760803
0.0074618753
0.0081180717
0.0082957528
0.010444108
0.012724014
0.016296327
0.019397876
0.022510078
0.023725703
0.027188708
0.031406568
0.040718958
0.047230928
0.051679587
0.055331488
0.056614691
0.051380135
0.044999886
0.038776047
0.036288762
0.030764245
0.016985485
0.0070549372
-0.00052704915
-0.0033450501
0.002051789
0.01163442
0.0087170091
0.0070933075
0.001379418
-0.00089848101
-0.0043314986
-0.0076582509
-0.0064727671
-0.0064245357
-0.0044048305
-0.0012120947
-0.0011808104
-0.0008238847
-0.0012456998
-0.0025130797
-0.0031375092
-0.0027547212
-0.0017356035
-0.00091508322
-0.00054647845
0.0024775726
0.0025602957
0.0016626725
-0.0006753714
-0.001911244
-0.0030282675
-0.0052396864
-0.0081431178
-0.0078337388
-0.0030264463
-0.0036142128
-0.0036237022
-0.0045762971
-0.0085971112
-0.0089566817
-0.0096372092
-0.007932034
-0.0074629722
-0.007730109
-0.006382749
-0.0090579155
-0.0083851075
-0.0096029154
-0.0097096551
-0.0097857468
-0.012526492
-0.015920708
-0.019403914
-0.019849843
-0.021832976
-0.021578337
-0.021328826
-0.023185323
-0.027266786
-0.028130389
-0.028579809
-0.029865385
-0.032841539
-0.036927393
-0.040439082
-0.044094582
-0.050146312
-0.049624288
-0.047554845
-0.050086794
-0.048759345
-0.043166557
-0.030254852
-0.017209749
-0.0040763327
0.0063000798
0.0076371872
0.0024713757
-0.011155307
-0.017125907
-0.011335606
-0.0107807
-0.0034027514
0.0034990204
0.008354947
0.013573238
0.016351371
0.012768955
0.015267905
0.020717883
0.023385106
0.026983113
0.024852758
0.025883851
0.025072451
0.02278114
0.017388473
0.017646387
0.017576975
0.015750067
0.014965656
0.010503229
0.008611052
0.0065071009
0.0057691194
0.0068497304
0.0073821923
0.0060195199
0.0030748587
0.0059208108
0.0053478048
0.0033386549
0.00064716301
-0.00045471341
0.0022127708
0.0023381591
0.0026592019
0.0013155668
0.0027454993
0.004360196
0.0047430844
0.0065882758
0.008891184
0.009331571
0.0098175006
0.0094051711
0.011738785
0.014117959
0.016364035
0.01840602
0.022121983
0.024287718
0.028447293
0.034243798
0.037417014
0.039914559
0.041674028
0.042454235
0.042228436
0.037846989
0.029352793
0.01730305
0.0083943475
0.0065494478
0.0047804956
0.00021693218
-0.0063827971
0.0024552439
0.0086601088
0.0049752604
0.0058723325
0.00068477814
-0.0033037469
-0.0074859797
-0.010367211
-0.011219109
-0.011461224
-0.01149681
-0.010841085
-0.0074359659
-0.0034355679
-0.0011110675
-0.002492375
-0.004103765
-0.0043254016
-0.0039070855
-0.0029609481
-0.0028173528
-0.0025426797
-0.0017367588
-0.0019365833
-0.0020081457
-0.0027939425
-0.0036140258
-0.0053946445
-0.0050074316
-0.0084323215
-0.0077140802
-0.0056171145
-0.0061571997
-0.0073786465
-0.0083681921
-0.0099135709
-0.0084962317
-0.0096388504
-0.0095396868
-0.0074815574
-0.0072128843
-0.0072878055
-0.0064203482
-0.0069497274
-0.0073565206
-0.0075953346
-0.0079014473
-0.0069194863
-0.0089459232
-0.010851562
-0.01505419
-0.015624647
-0.015562875
-0.018182775
-0.017697672
-0.021294909
-0.024241324
-0.026427687
-0.028222355
-0.029246383
-0.034524549
-0.036791151
-0.036568297
-0.03235933
-0.027116576
-0.028333449
-0.028005511
-0.016061538
-0.01367993
-0.007369133
0.0068826772
0.011883233
0.017855654
0.01058154
0.0046078091
-0.0022533789
-0.002799513
-0.0046659919
0.0010102503
0.0071872756
0.010103196
0.01222772
0.013493566
0.018634912
0.017418067
0.017483402
0.015411985
0.015021612
0.01778135
0.017225425
0.016983859
0.013802169
0.012977081
0.012479632
0.010049763
0.0062264177
0.0057323954
0.0069493041
0.0039192296
0.0035793516
0.0015144175
0.0030350591
0.0013345219
0.002153307
0.002098674
0.0031123082
0.0035032217
0.0027072068
0.0017635442
-0.0007171677
-0.00085209858
0.00022530363
0.0014857185
0.00098387786
0.00010834293
0.0001514529
0.00097803475
0.0026448838
0.0056819888
0.0069612677
0.0067418324
0.0072062243
0.0073829863
0.0079305148
0.010240894
0.011568601
0.012567126
0.015527262
0.018790252
0.021994337
0.025416447
0.029046275
0.030606548
0.032242658
0.027349351
0.024695836
0.015434733
0.002573338
0.0024997618
0.0033817411
0.0047823143
0.0066134773
0.0030050018
-0.00054481458
0.0045623695
0.0055116083
0.0041180004
0.0020700061
-0.0017835576
-0.0054676551
-0.0077934424
-0.0078564828
-0.0076695651
-0.0078898437
-0.0082444449
-0.0089204112
-0.0065390994
-0.0057849856
-0.0041268191
-0.0032370166
-0.004194789
-0.0067283266
-0.0066200152
-0.0054439595
-0.005587092
-0.005101542
-0.0055320739
-0.0050764101
-0.0055651363
-0.0048628848
-0.0047019363
-0.005008501
-0.0043357363
-0.0066038581
-0.0062754896
-0.0051220739
-0.007010454
-0.0055724803
-0.0095835228
