0.0047694194
0.0045205078
0.0044407692
0.0039248522
0.0038543624
0.0042000571
0.011707811
0.020849224
0.023132264
0.020579182
0.016968679
0.012796974
0.0075438642
0.0025640127
0.0009230613
0.00015351186
0.0010512728
0.0020272852
0.0017763798
0.0011213065
0.0029139086
0.0015609019
0.0020130259
0.0013708558
0.000399675
0.00043935583
-0.00035198681
-0.002370308
-0.0043288685
-0.0042475212
-0.0041079041
-0.003710273
-0.002441279
-0.0034594083
-0.0026950871
-0.0035136848
-0.0042259946
-0.0055379309
-0.005456575
-0.0060362823
-0.0057290951
-0.0043501173
-0.0033471552
-0.0019013997
-0.00090017836
-0.0010375905
-0.0014160621
-0.0019175896
-0.0049331434
-0.0089176602
-0.010009502
-0.0090388769
-0.0065297019
-0.0039507947
-0.0022108042
-0.0024228116
-0.0020374558
-0.0021323335
-0.0045256688
-0.0054672937
-0.0066789949
-0.0082434302
-0.008705315
-0.0096188425
-0.0094662393
-0.010678683
-0.013108431
-0.015163482
-0.017576361
-0.016467303
-0.013924117
-0.013164055
-0.011970686
-0.0074899891
-0.006793921
-0.0075342903
-0.0070639405
-0.0098394472
-0.010821828
-0.010657072
-0.0097708053
-0.0064561229
-0.0021874117
0.0028513617
0.005796219
0.0063349444
0.006230909
0.0047675801
0.0041292868
0.0066205865
0.0072566941
0.009280378
0.0090822738
0.0077204878
0.0045517289
0.0032109297
0.0016382844
0.00062521445
0.0011607448
0.0012690698
0.00032410534
0.00056556157
0.00081927318
0.00096620299
0.0010128161
0.0012247505
0.00062647729
0.00080674702
0.00082492341
0.00060101589
0.00078235078
0.00011947262
-0.00029441509
-0.0016805698
-0.0024591986
-0.0024272749
0.00083164975
0.0013676353
0.0041248097
0.011485985
0.011198668
0.014749833
0.01439542
0.016769554
0.018593489
0.016067821
0.014022812
0.012951372
0.010306102
0.0088203028
0.006897116
0.0090893623
0.010471451
0.0090010631
0.0079756094
0.0070860857
0.007070087
0.0062328237
0.0065555321
0.0061576104
0.006893775
0.0059185025
0.0052151825
0.0048763132
0.0030101518
0.0031897228
0.0019293133
0.0018739456
0.00060675504
0.0021287607
0.012456975
0.019764669
0.018736122
0.015236306
0.013739656
0.01089114
0.0061461926
0.0052844436
0.0023962633
0.00068799677
0.00028662024
-0.0010726853
-0.0011718464
0.0023904762
0.0036260681
0.0017832967
0.0012427444
0.0015499206
0.0022938609
0.001007057
-0.0015186838
-0.0044903904
-0.0058262164
-0.0052974633
-0.0047369956
-0.0046136887
-0.0063118047
-0.0084527626
-0.0089308174
-0.0101136
-0.010748222
-0.011112852
-0.0112001
-0.0098347481
-0.0080655034
-0.0075516042
-0.0066527138
-0.0051834384
-0.0042474017
-0.0029493029
-0.0021318427
-0.0023605641
-0.0023777555
-0.0059251951
-0.0083585747
-0.0079827701
-0.0038191891
0.00027212247
0.0013646967
-0.0007293268
-0.0008204349
-0.000531346
-0.0013258168
-0.002411642
-0.0033641456
-0.0052127567
-0.0064107486
-0.0072392084
-0.008686902
-0.010791372
-0.011781601
-0.011227813
-0.010440709
-0.0098011605
-0.0085114939
-0.0070710376
-0.0045212487
-0.002275773
-0.0034534466
-0.0034927665
-0.005532291
-0.0066956784
-0.0069338683
-0.0059032155
-0.003385464
0.00019066249
0.0053322113
0.0065595414
0.0071283151
0.0067430857
0.0068057047
0.0068386028
0.0069311526
0.0070321593
0.0076305986
0.0069099786
0.0062292875
0.005368662
0.0032839748
0.0031401111
0.0023722806
0.0020980677
0.0017201223
0.0016305267
0.0009595652
0.00011987018
0.00069228293
0.00077660482
0.00066105664
6.5009267e-06
-0.00072584245
-0.0010849529
-0.0014036452
-0.0016846655
-0.0020739391
-0.0029177874
-0.0037817192
-0.0038156161
-0.0046102634
-0.0023186904
-0.0007015654
0.0032453971
0.011769002
0.015102117
0.016122955
0.016179843
0.016514252
0.015805176
0.01643757
0.014184993
0.011522985
0.010574922
0.0081129867
0.0080043609
0.0084213557
0.0089981365
0.0075318231
0.0068774243
0.00556982
0.0049443917
0.005109706
0.0044752701
0.0047588727
0.0052793252
0.0045685832
0.0045503691
0.0044224873
0.0043314762
0.0015965056
0.0012068062
7.8471817e-05
-0.00080324749
-0.0019677817
7.3019433e-05
0.011494141
0.016855079
0.013901384
0.014004454
0.0095086407
0.0057467288
0.0039004553
0.00045190528
0.00037873376
-0.0023239269
-0.0021815604
-0.00091790875
0.0010132453
0.0021632776
0.0034722596
0.0026009633
0.002362278
0.0022876389
0.0027252029
0.002224559
-0.0015595742
-0.003731253
-0.0063581208
-0.0068127233
-0.0073650531
-0.010787587
-0.013109866
-0.016994445
-0.019506064
-0.019335665
-0.019275422
-0.019672378
-0.018830258
-0.017589112
-0.015342582
-0.013906371
-0.012496225
-0.011985261
-0.008731951
-0.007142346
-0.0053264001
-0.0045270826
-0.0040045687
-0.0043371326
-0.0082377705
-0.0074357463
-0.0031604317
0.0027709835
0.0059646414
0.0033112194
0.0012804449
0.0046253895
0.0034776654
0.0019835286
0.0018098998
-0.0012023965
-0.0018767469
-0.0054122267
-0.0051784326
-0.006238886
-0.0056046941
-0.0042378527
-0.0016702213
-0.0020567849
-0.0033467482
-5.2586571e-05
0.0009575108
0.0018288704
0.0015779502
0.00087532988
-0.0012090093
-0.0026159275
-0.002274918
-0.00011213161
0.0023780753
0.0058148823
0.0058668194
0.0039758879
0.0035890643
0.0052592657
0.0065818258
0.0053267193
0.0031756433
0.0017291668
0.0037058187
0.0037313831
0.0028213564
0.0027796009
0.0015829714
0.0015752085
0.0019037447
0.001250084
0.00059949472
-0.00038976982
-0.00089351719
-0.00075598597
-0.00090100146
-0.00087846736
-0.0013491824
-0.0017840863
-0.0018472146
-0.0024497087
-0.002956904
-0.003399522
-0.0042866108
-0.0046462503
-0.0052863737
-0.0067049323
-0.0096893363
-0.0042372149
0.0058805619
0.01350102
0.014447737
0.015561804
0.013786273
0.013590384
0.012539176
0.015514092
0.01535001
0.012352683
0.010925515
0.0073956436
0.006135938
0.0054989163
0.0058677533
0.0037111531
0.0023079049
0.0035579499
0.0026250009
0.00212399
0.002363731
0.0031091015
0.0032270287
0.0029615036
0.0031552431
0.0032112353
0.0027919371
0.0022190021
0.0013493069
0.0013029068
0.00071376221
0.00018715803
-0.00059962903
0.0010591426
0.011384175
0.015108492
0.011542698
0.010438651
0.0073683865
0.0031736091
0.00034558767
-0.0042455865
-0.0068226782
-0.005308428
-0.0024650694
0.00039164065
0.001713032
0.0020764831
0.0035375362
0.0041998509
0.0036996448
0.0024728376
0.0040948023
0.0031525684
-0.00085216343
-0.0047419842
-0.0093010813
-0.0095348361
-0.013950948
-0.017915524
-0.022380565
-0.025291815
-0.027663129
-0.029016227
-0.027996877
-0.029021954
-0.030245664
-0.027894222
-0.025616007
-0.023613471
-0.020671456
-0.019344246
-0.017864718
-0.017060297
-0.015494815
-0.010438691
-0.0068247816
-0.0056257953
-0.0038968662
-0.0018845989
0.0004547042
0.0043232861
0.0040373497
0.002586452
0.0028478167
0.0057118251
0.0034223323
0.0040834761
0.0038319301
0.001775391
0.0029267905
0.0030972643
0.0010946411
-0.00069085714
0.00081722875
0.0040692747
0.005196249
0.0064450265
0.0081889482
0.009697112
0.010209167
0.0074719184
0.0073036661
0.0051812362
0.0020141479
0.0021451036
0.0028657752
0.0022776306
0.00288043
0.0037532361
0.0014830691
-0.00091501857
-0.00056194332
0.0011112545
0.0018907054
0.0014571583
-0.00025059241
-0.0010234316
-0.00013469879
0.00038044278
0.00047296731
0.0004752185
0.00063608007
-0.00021211302
-0.00098432605
-0.0017639482
-0.0015684521
-0.0025969529
-0.0026720684
-0.0028002262
-0.0024907436
-0.00213548
-0.001865239
-0.0019009427
-0.0015800693
-0.0021051912
-0.00181333
-0.0026878341
-0.0018932437
-0.0022801167
-0.001375464
-0.0054309367
-0.004751063
0.0019317855
0.0066954277
0.009733966
0.011000636
0.0096909615
0.0099951511
0.0082412905
0.010648499
0.010364473
0.010047486
0.0091486639
0.0070612169
0.0051109272
0.0022932614
0.0026021739
0.0015186734
0.00087475622
0.00025798582
0.00095637811
0.00068050686
0.0014834867
0.0016583193
0.0020649576
0.0011331435
0.0018100131
0.0018595704
0.0025917199
0.0019397231
0.0017943737
0.0017906192
0.0023048698
0.0020197772
0.0027945084
0.0024007262
0.0043648323
0.0099944228
0.0093015684
0.0082656404
0.005131702
0.0065141662
0.0047994644
0.00075229932
-0.0052563979
-0.0063017045
-0.0044119718
-0.0014389601
0.0021595381
0.00270423
0.0057197502
0.0071830803
0.0074875819
0.0076000091
0.0060467561
0.0066364885
0.0068048673
0.0029726311
-0.0019733062
-0.0071058355
-0.012644649
-0.020185916
-0.026191241
-0.03118953
-0.035622534
-0.036801135
-0.036017742
-0.03859927
-0.040814131
-0.041752105
-0.039462752
-0.037020174
-0.032714566
-0.028782512
-0.027887236
-0.028125001
-0.028548317
-0.025786057
-0.018097587
-0.015590842
-0.0090695659
-0.0058871426
-0.0040332567
-0.00059032456
-0.00019015394
-0.001570926
-0.0015178294
-0.0018225642
-0.0026161404
-0.00028529529
0.0028259216
-0.00091067405
-0.0015246645
0.0036880459
0.0027177007
0.0050206831
0.006354772
0.0054589931
0.0091090068
0.011199351
0.012512882
0.01548243
0.01889254
0.016588645
0.014119134
0.014569842
0.011839013
0.0094402293
0.0076591545
0.0049767375
0.0031189187
0.0012094942
0.00011531689
-0.0030711297
-0.0028216558
-0.0017611463
-0.0010982931
-0.0022875531
-0.0029872557
-0.0028876823
-0.0026259252
-0.0020870158
-0.0017347676
-0.0012206786
-0.0020464236
-0.0028280391
-0.0028893516
-0.0036313489
-0.003392211
-0.0047046317
-0.0042115373
-0.0032004421
-0.0020355272
-0.0019731072
-0.0012117628
-0.00038670971
0.00045196119
0.00058916587
0.00068371375
0.00047135891
0.0018676305
0.0021385302
0.002558586
0.0021244036
-0.00045576716
0.0013234758
0.0031749491
0.0084243134
0.00556019
0.007135807
0.0081797911
0.0054052702
0.006484207
0.0088967555
0.0096723541
0.0075510883
0.0088777158
0.0094408629
0.0050520403
0.0023186428
0.00025764443
-0.00097820738
-0.001380196
0.00022158317
0.00094358612
0.0011979349
0.0011571445
0.0019449144
0.0017733269
0.0022578829
0.0020298529
0.0025456829
0.0018276454
0.0016397919
0.0020849252
0.0026763424
0.0029471234
0.0038167222
0.0048298343
0.004194216
0.0050537355
0.0078679823
0.004306965
0.0028405335
0.0029251707
0.0059961094
0.0074082274
-0.0014930101
-0.0051460026
-0.0050744836
-0.00061156819
0.00383005
0.007223142
0.0097628391
0.012552071
0.01371983
0.013271216
0.01053035
0.010184073
0.010183081
0.0062118642
0.0033166291
0.00041436227
-0.0065701305
-0.013003129
-0.019257443
-0.026232092
-0.033865852
-0.039814667
-0.044899491
-0.050318054
-0.052882582
-0.056285176
-0.057191606
-0.056551333
-0.052471683
-0.04514092
-0.037278982
-0.033935755
-0.033688451
-0.034428238
-0.030684806
-0.024356574
-0.01977145
-0.016790231
-0.0094504617
-0.0097169703
-0.0076360455
-0.0077700056
-0.0072629534
-0.012783352
-0.013684206
-0.017325856
-0.016256562
-0.0091176991
-0.013704061
-0.011175918
-0.0017025523
0.0015706586
0.0047111626
0.0062663691
0.0077070611
0.010519854
0.0095598768
0.014420738
0.017643662
0.020576953
0.018868551
0.017110091
0.015982273
0.014815225
0.012516511
0.012081552
0.0073316428
0.005559932
0.0040413315
-0.00030339151
-0.0017670621
-0.0024656261
-0.0033066216
-0.0028241807
-0.0037529584
-0.0037436924
-0.0041359949
-0.00426
-0.0036355181
-0.0029027443
-0.0027244748
-0.0020863806
-0.0024287673
-0.0026046862
-0.0027288847
-0.0030057998
-0.0028908903
-0.0022144222
-0.0019795592
-0.0011763305
-0.00020703812
0.0011874629
0.0018074751
0.002827031
0.003558052
0.0044025534
0.004577302
0.0058248719
0.0065366391
0.0069378999
0.0046958461
0.0013776951
0.0015141067
0.0024187656
0.0040946888
0.0038102537
0.0035385964
0.0046960747
0.0061263606
0.0069160855
0.0092781437
0.0070001178
0.010882386
0.012085993
0.0077739775
0.0057099492
0.001348523
-0.0024178946
-0.0037348194
-0.0023497534
-0.00083166509
0.00046564529
0.0017534388
0.0018688714
0.0022469995
0.0026876445
0.0027721773
0.0023347827
0.0020766129
0.0022839705
0.002015957
0.0025165914
0.0036559961
0.0041169672
0.0066789977
0.0057136782
0.0057307642
0.004561281
0.0053547145
0.0027392411
0.0033840647
0.0023003347
0.0055209182
0.0059682877
0.0036230995
-0.0013349062
-0.0020277297
0.0018237928
0.0056102566
0.0091900255
0.011070224
0.012659608
0.015269775
0.013511076
0.012459778
0.011741956
0.012431299
0.0090383493
0.0017734146
-0.00029441145
-0.0056490706
-0.0062831927
-0.017823919
-0.02509243
-0.033783979
-0.044838682
-0.05042868
-0.058756999
-0.064410456
-0.067080402
-0.072264811
-0.066998707
-0.068745545
-0.056731072
-0.05033371
-0.049715087
-0.049943904
-0.042392798
-0.036879243
-0.035133956
-0.030625641
-0.028956377
-0.023992601
-0.024409739
-0.024396641
-0.021943861
-0.021247949
-0.026149267
-0.025307357
-0.027829509
-0.023551718
-0.013464589
-0.016271582
-0.015836517
-0.010737189
-0.0076752672
-0.00065455658
0.0034011297
0.0056287419
0.0085595932
0.0076686806
0.011999983
0.01367173
0.015226753
0.014035169
0.012248022
0.011940287
0.00895993
0.0096610001
0.0095533446
0.0072375065
0.0057641
0.0042784696
0.0031355774
0.0014602533
0.00026399394
-0.00048928788
-0.00063664301
-0.0012402138
-0.0021659792
-0.0022233725
-0.0023919373
-0.0011497837
-0.0012800458
-0.00097378086
-0.00018373186
-0.00011395407
-0.0003886337
3.4704267e-05
-0.00050345688
-0.00030523598
0.00038201134
0.0013328902
0.0023068421
0.0031573724
0.0040457836
0.004894922
0.0053459933
0.0066053435
0.007125735
0.0080422081
0.0090502047
0.010106702
0.011122659
0.008714569
-0.0014774366
-0.00017731598
0.0056823016
0.0049981416
0.0055462619
0.0069001855
0.0061919367
0.010328773
0.010562636
0.0078549202
0.0060489166
0.0031899593
0.0021349003
0.0013940431
0.00067836764
-0.0043771112
-0.005975781
-0.0050405598
-0.0026494514
-0.00031614713
0.00074693614
0.0019268862
0.0024391385
0.0033367377
0.0028417282
0.0029356596
0.002438362
0.0023341922
0.0021260176
0.0026680329
0.002695447
0.0053770241
0.0065056877
0.0068720016
0.0069261018
0.0050876482
0.0053295465
0.00072669995
-0.00010343872
0.0034334527
0.0036668742
0.0074311995
0.0070695148
0.0052367671
-0.0017710691
-0.0018925119
0.0036517237
0.0068781908
0.0071613386
0.010193238
0.011947684
0.014390656
0.012609279
0.011682625
0.01202193
0.014040829
0.0098439205
0.0042588976
-0.00010593753
-0.0019448651
-0.0073117403
-0.017828565
-0.028621381
-0.036331484
-0.047202565
-0.056189113
-0.062282037
-0.070067301
-0.072916677
-0.070042572
-0.065391347
-0.064414628
-0.049595322
-0.045307751
-0.046314962
-0.048057278
-0.054689964
-0.049889961
-0.052250888
-0.046701126
-0.042568903
-0.040124986
-0.037007337
-0.040641323
-0.03615504
-0.040538761
-0.041875282
-0.035903935
-0.035431313
-0.028558726
-0.022973219
-0.014484488
-0.011934317
-0.0054284467
0.0010238663
0.0030665643
0.0053740628
0.0063686697
0.0074422523
0.0066173495
0.0085916418
0.011106042
0.010796592
0.011309363
0.0094901697
0.007654702
0.0062488989
0.0067326704
0.0053040993
0.0041392102
0.0019311996
0.001358119
0.0015220587
0.00084912408
0.0013069348
0.0025595472
0.0025120735
0.0012922701
0.00064237847
0.00039915518
0.00026714896
0.00023452118
0.00091564941
0.0010218234
0.0014923682
0.0018299211
0.0017425584
0.0016542921
0.0012926323
0.0016068534
0.0031543643
0.0033937412
0.0042415519
0.004513411
0.0051105875
0.0057406976
0.0068551541
0.0067849561
0.008203023
0.0085297504
0.0099902829
0.0096154792
0.012445787
0.0073292184
-0.0030575014
0.00018727408
0.0034313371
0.0079261491
0.0087246049
0.0049454873
0.0072813002
0.0061534224
0.0067357689
0.0051192837
0.0018213933
-0.0027093324
-0.0024602705
-0.0045180886
-0.0043219013
-0.0049722307
-0.0037776885
-0.0025219181
-0.0011770396
0.00093410557
0.0021076176
0.0028424443
0.0037905337
0.0037002249
0.0040412402
0.0034431104
0.0038277774
0.003162829
0.0041918454
0.0042274676
0.0056018743
0.0070018134
0.0075172341
0.0069443334
0.0045169267
0.0084731766
0.0037567798
0.0025196375
0.0043155744
0.0044052964
0.0067440611
0.0082613126
0.0064040434
0.0074884927
0.00062368562
-0.00067884219
0.0068426476
0.0092585143
0.0074952732
0.0086762142
0.012748488
0.015324831
0.01488145
0.013472269
0.014700587
0.01433347
0.013614338
0.010835246
0.0073933456
0.00059849556
-0.010501019
-0.019379608
-0.032431408
-0.042979589
-0.05476688
-0.065417084
-0.071159497
-0.075139015
-0.076714007
-0.068977895
-0.070491705
-0.061660294
-0.053757321
-0.051528987
-0.051249516
-0.055628012
-0.063350385
-0.06205676
-0.054272011
-0.055298425
-0.052093438
-0.048740284
-0.045439459
-0.052253666
-0.047363435
-0.048145636
-0.044760621
-0.039822769
-0.033171336
-0.026713322
-0.018695002
-0.012813783
-0.0033532273
0.0016265845
0.0048989197
0.0084963127
0.0120337
0.011660081
0.011812305
0.012520693
0.013004624
0.012714037
0.011747044
0.010194576
0.0098514297
0.0088695574
0.0066218854
0.0056029049
0.006655492
0.0047458099
0.0029517634
0.0031455363
0.0032370124
0.0030707492
0.0031785175
0.0040157415
0.0040022624
0.0034070994
0.0023638685
0.0034617389
0.0032790346
0.0026389226
0.0018614289
0.0021691257
0.0031332225
0.0033176114
0.0032138168
0.0035731013
0.0043571037
0.0043248551
0.0042132134
0.004524803
0.0048549874
0.0054039046
0.0058148052
0.0067496193
0.0069672531
0.0074567718
0.008233679
0.0086617048
0.0099503914
0.010086491
0.012370376
0.0088079917
-0.0011206713
-0.00041963201
0.0014819414
0.0085200478
0.0093775806
0.0037654994
0.002960277
0.0011418235
-0.00063732475
-0.00050633898
-0.0016634134
-0.006505334
-0.005542813
-0.0048954625
-0.0048198362
-0.003765939
-0.002047647
0.00027846608
0.0030885704
0.004154957
0.0042221168
0.005283673
0.005421684
0.0067467481
0.0055869825
0.0057517854
0.0053461741
0.0055255651
0.0057246801
0.0072535576
0.0079642693
0.0087695264
0.0068726895
0.0055489715
0.0032906426
0.0051432448
0.0046068081
0.0040952074
0.0082954462
0.0084801694
0.0091478234
0.010147687
0.0062229597
0.002254818
-0.0058991101
0.00058434897
0.0073432994
0.0078684482
0.0071334268
0.0054342623
0.0088711628
0.012783299
0.013890625
0.01412108
0.01439025
0.012179038
0.0093205883
0.0032260174
-0.0051449357
-0.015431426
-0.027949891
-0.037441292
-0.04666072
-0.056540586
-0.067016958
-0.071774638
-0.079494078
-0.08056484
-0.079786747
-0.074209718
-0.073786577
-0.070334394
-0.067949176
-0.062100211
-0.060597453
-0.057122461
-0.067451323
-0.062701651
-0.054195117
-0.057024727
-0.050932743
-0.042251524
-0.048044288
-0.049221782
-0.043672548
-0.040132891
-0.035811168
-0.031501891
-0.02505385
-0.018342992
-0.011797863
-0.0069934466
0.0021394133
0.0079413007
0.012038419
0.010195048
0.014564811
0.013443184
0.014741758
0.013866042
0.015167796
0.011755933
0.012777557
0.011226044
0.011578276
0.010860244
0.0099407037
0.0083923619
0.0078455287
0.0082573852
0.0090235423
0.0071291215
0.0078513889
0.0077057012
0.006495029
0.0059843088
0.0058345552
0.0048757045
0.0054815581
0.0052172439
0.0055920713
0.0036334295
0.003909492
0.0041256147
0.0040026517
0.0053081371
0.0065238636
0.0058953764
0.0065479471
0.0059211235
0.0055830903
0.0048019862
0.0055430554
0.0056820066
0.006783693
0.0075716483
0.0076858222
0.0071005861
0.0085003272
0.008004508
0.0094289246
0.010276449
0.01143645
0.006323411
0.0038755327
0.0020582655
-0.0022100374
0.0023696665
0.005252247
0.0027256323
0.00053552528
-0.0038214406
-0.0042122947
-0.0036714767
-0.0058661961
-0.0035412233
-0.0030649988
-0.0022950871
-0.0018425137
-0.0015739745
-0.001605051
0.0026862774
0.0039631809
0.0054227729
0.0056113098
0.0070054672
0.0077290951
0.0052631941
0.0064615459
0.0077968589
0.0071839245
0.008104502
0.0093996402
0.0088120037
0.0094111741
0.006866382
0.0054495541
-0.0022037898
0.0011159152
0.0035998006
0.0030700031
0.00018421168
0.0035251191
0.0011710125
0.0010701755
-0.00028252082
-0.00034391177
-0.0095141456
-0.013461829
-0.0048747676
-0.0048450025
0.0023211828
0.0035472833
0.0018726201
0.0031711756
0.0050770458
0.0075515398
0.0082129305
0.0054302217
-0.0015488296
-0.00806634
-0.017943729
-0.02740753
-0.03822402
-0.047571365
-0.057490616
-0.063835491
-0.065862451
-0.074422211
-0.083329874
-0.088003659
-0.088956826
-0.083636472
-0.077795784
-0.080840264
-0.076249208
-0.078089718
-0.075115689
-0.070659214
-0.067624945
-0.063078886
-0.056075905
-0.053121644
-0.048037197
-0.04597618
-0.041569032
-0.038863386
-0.035661446
-0.031037101
-0.02489053
-0.022532499
-0.017878142
-0.014313762
-0.0066678414
-0.0026317653
0.0031322767
0.0062161335
0.0073458599
0.0084605768
0.0098796753
0.012073199
0.011519439
0.0095954452
0.01001971
0.0093722078
0.0096960232
0.012652458
0.012136302
0.012673489
0.011548144
0.013492094
0.011610112
0.0087037794
0.0089677145
0.011771499
0.012510237
0.010604138
0.011332603
0.0088861073
0.0085836199
0.0067162184
0.0056679448
0.0059030755
0.0051563096
0.0051628517
0.0036191711
0.0047578266
0.0026628348
0.0028060728
0.0034120619
0.0053547394
0.0051457998
0.0051965766
0.0042353001
0.0039341281
0.0021978829
0.0024803415
0.0043091479
0.0055281835
0.0054873602
0.00641986
0.007157615
0.0075884014
0.0061086052
0.0059350672
0.0027493935
0.0005153171
-0.0041844362
0.0051469178
0.011025994
-0.00061096533
0.00070940501
0.0031779329
0.0024580093
-0.0021570967
-0.0041753633
-0.0070639451
-0.00676521
-0.0066683817
-0.0062011744
-0.0032160845
-0.0034822185
-0.0035768285
-0.0020858586
-0.0028382612
-0.0019636398
-0.00073203242
0.0024472029
0.0017946355
0.0031807433
0.0077560952
0.0075318785
0.0086415537
0.0067461138
0.0074977148
0.0054883933
0.0076300999
0.0063252074
0.0059801915
0.0022791298
0.0013913802
-0.0018068696
0.00084173321
0.0010966721
0.00016779481
-0.00083196794
-0.0010898521
-0.004667034
-0.0058488347
-0.0073009133
-0.0096375594
-0.014264595
-0.013243167
-0.0085199216
-0.0081512782
-0.0043057286
-0.0017993075
-0.00029457278
-0.0013935799
-0.0016632559
-0.0019403059
-0.0035443653
-0.0070152579
-0.011058101
-0.019401985
-0.029521561
-0.040501289
-0.051393848
-0.06137322
-0.069339181
-0.068834504
-0.073918019
-0.081930341
-0.090992164
-0.094849266
-0.094482154
-0.090797438
-0.08678106
-0.085278143
-0.087051887
-0.089229773
-0.080148961
-0.0763263
-0.065032676
-0.057387678
-0.047953895
-0.041134396
-0.031640375
-0.031825369
-0.036279166
-0.032900538
-0.021750463
-0.015891325
-0.012315263
-0.0071824249
-0.0034809934
0.0014249543
0.0033948229
0.0092139259
0.015139074
0.016297147
0.013463089
0.013980139
0.013117864
0.013440798
0.014280738
0.01286789
0.012640023
0.011386146
0.0097330854
0.010672295
0.010844249
0.010674144
0.010335615
0.011212438
0.010045618
0.0055041501
0.0043227752
0.0056301828
0.007544955
0.0091882437
0.0092326235
0.010111142
0.0086322627
0.0071993158
0.0063586151
0.0042399625
0.0046829562
0.0066881241
0.0063329474
0.0060530391
0.0030738704
0.0006342737
0.0031575464
0.0046067294
0.0063871811
0.0093045307
0.0087910395
0.0099898105
0.009812277
0.010792092
0.0076671425
0.007064858
0.0098688963
0.01219899
0.013071149
0.015821134
0.017581285
0.013399862
0.0085050802
0.0010714751
-0.0029483178
0.0069999892
0.014802478
0.0067694407
0.0019912012
0.0038623964
0.0010316342
-0.0023053994
-0.0055573047
-0.0062380174
-0.0071411064
-0.0047577519
-0.0046566237
-0.003055012
0.00044081415
-0.00097762026
0.0017705651
-0.00013983305
2.5875379e-05
0.0012581281
0.0010032611
0.0025544418
0.0048336432
0.0066557609
0.0069154543
0.0055769123
0.0044052253
0.0023038625
0.0035604865
0.0026733113
-0.00042293778
0.0018217625
-0.001453009
-0.0018145045
-0.0029156263
-0.0001507942
-0.0032630924
-0.0012905661
-0.0017455964
-0.0034721577
-0.0027778879
-0.0056315937
-0.0096045352
-0.012067208
-0.01181405
-0.008033417
-0.0084084128
-0.0087448926
-0.0081769175
-0.0064462085
-0.0076118342
-0.0083940844
-0.0056369692
-0.0065820929
-0.0081051741
-0.013597732
-0.017497175
-0.023358776
-0.035542353
-0.045492597
-0.05809499
-0.068433702
-0.069391788
-0.068803794
-0.079387295
-0.092636519
-0.095835905
-0.096578448
-0.092636163
-0.086427916
-0.073792513
-0.065203363
-0.070999869
-0.064915105
-0.059688183
-0.061266423
-0.054529785
-0.042248464
-0.026288047
-0.015224586
-0.012093241
-0.0093169123
-0.016758543
-0.007211104
0.0042779217
0.0089350666
0.015054813
0.014747713
0.017098616
0.01888539
0.021184995
0.023023276
0.026551581
0.024652649
0.025799578
0.024175336
0.019486961
0.019984604
0.017103815
0.01606623
0.014884258
0.014284892
0.012403413
0.0089299969
0.01025856
0.0090196654
0.0060665282
0.006649593
0.0067123671
0.0049249828
0.0068377617
0.0052090128
0.0031100862
0.0041040697
0.0041094201
0.0027379912
0.0032436233
0.0075956079
0.0085217669
0.0099017303
0.011907301
0.011934994
0.013675039
0.016021836
0.014886262
0.014566584
0.016718205
0.022877392
0.026556673
0.030315733
0.028822599
0.026676205
0.027880876
0.024371884
0.020025776
0.019310686
0.018742592
0.015761061
0.015468995
0.010660417
0.0059092113
0.0023632236
-0.010067138
-0.012719192
0.0035559027
0.012907037
0.013043509
0.0071573058
0.0077427656
0.0019277342
0.0010149463
-0.0031622542
-0.002680465
-0.0016311047
0.0006634399
0.00056829195
0.00021701496
0.0027949517
0.003902461
0.0031463296
0.0011602963
0.0032022803
0.0014907059
-0.0012773386
0.0013795161
0.0079687892
0.0053658915
0.0044860728
0.0051682287
0.0038943422
0.0034337342
0.0042812418
0.0040967631
0.002596138
-0.0010498537
-0.0037971288
-0.0028985295
-0.0030458221
-0.0050524634
-0.0044855166
-0.0036488502
-0.0027871642
-0.0039095209
-0.0015281814
-0.000401961
-0.00062454928
-0.0044309379
-0.0057913508
-0.010820956
-0.0085490483
-0.011483442
-0.009336183
-0.0067920745
-0.011580802
-0.0089505264
-0.0097525545
-0.0094831605
-0.010178701
-0.011359125
-0.016774276
-0.020796292
-0.027007364
-0.034287846
-0.043945837
-0.05491175
-0.06052238
-0.058445837
-0.063276042
-0.07205887
-0.077716684
-0.076267247
-0.071373126
-0.063803637
-0.058941339
-0.04638294
-0.032564956
-0.032860913
-0.035889228
-0.03589227
-0.03856935
-0.036462417
-0.023175331
-0.0073615705
0.004147435
0.014624937
0.0086421367
0.0040180854
0.015209471
0.027539471
0.031390645
0.031743695
0.031152298
0.033133552
0.033088611
0.03192434
0.031339931
0.029469739
0.028058048
0.025024342
0.023941464
0.020006242
0.0167413
0.017310478
0.016363994
0.016791092
0.012438013
0.0094351009
0.0047099644
0.0060119545
0.0058233348
0.0071304519
0.0060479648
0.0057683692
0.0051264567
0.0048109014
0.0042275339
0.0034307031
-0.0007549131
-0.0021950988
-0.003755461
-0.00076343326
0.0016549608
0.01022405
0.010037977
0.012469666
0.012131551
0.015046038
0.017135699
0.018601309
0.020306902
0.026201538
0.033791755
0.041666548
0.047020539
0.047759951
0.046491203
0.041267796
0.035485865
0.02735213
0.025636921
0.022118459
0.019447665
0.012088752
0.0084553711
0.0060258755
-0.0093790114
-0.018496497
0.0012163765
0.01106186
0.017563556
0.012102125
0.0041140482
-0.0010473809
-0.0019317894
-0.0044082741
-0.0021998685
-0.0011401852
0.00070366009
0.0011746708
0.00078997166
0.00012746893
0.00044045499
0.00062750872
0.00033957414
-0.00094588847
0.00091297037
0.0017482922
0.0015894795
0.0023992602
0.0062507706
0.0051803781
0.0069078292
0.005188496
0.005114413
0.0076500367
0.0064392965
0.0070957292
0.0051584793
0.0019181596
-0.00063939722
-0.00078189866
-0.0021143544
-0.0041344239
-0.0016517867
-0.0021936705
-0.00067992758
-0.0021656752
0.00015757876
-0.00098863825
-0.00077640033
-0.0030028724
-0.0046602534
-0.0078968422
-0.0087464047
-0.011869829
-0.0095340493
-0.0067590564
-0.0086751395
-0.0072204106
-0.010222795
-0.0097612714
-0.010727054
-0.011754698
-0.013878841
-0.017278349
-0.021378777
-0.029135564
-0.035869424
-0.04526538
-0.047794061
-0.047524529
-0.049984112
-0.052123463
-0.052412701
-0.047581798
-0.04645648
-0.036845972
-0.031960387
-0.01710584
-0.0080859333
-0.011076978
-0.015244488
-0.013497441
-0.015233711
-0.009588761
0.0013200103
0.0075734456
0.016389515
0.023688747
0.01934624
0.021305036
0.028372648
0.035925552
0.036078736
0.036924788
0.038451075
0.037901245
0.032887837
0.027902692
0.026816957
0.023429924
0.020216839
0.019126173
0.016022895
0.013486278
0.011482015
0.014589946
0.016398012
0.012870616
0.011203683
0.0066482563
0.0059206844
0.0043842848
0.0041355652
0.0034623664
0.0039090876
0.004103989
0.0033746274
0.0037827992
0.0047234795
0.0021862203
0.0014267501
-0.00080783834
-0.00078424476
-7.1612636e-05
0.0023898026
0.0054628131
0.0078580236
0.013386279
0.016914842
0.01610538
0.015770509
0.017460512
0.019411436
0.02426787
0.030272504
0.040497165
0.046088488
0.048783557
0.046897078
0.042379304
0.032681098
0.026831414
0.02225927
0.020306817
0.014641053
0.0075142828
-0.00050963423
-0.0021423979
-0.0073713184
-0.0037326129
0.0089570434
0.0144344
0.017680017
0.012272827
0.0063322119
-0.001949121
-0.0030691392
-0.0056538559
-0.00568886
-7.0038247e-05
0.0014994311
0.0018389238
0.0041795825
0.0017513152
0.00078032811
0.00087094705
0.00033929399
0.00071893432
0.0031333801
0.0032550206
0.0073290881
0.0060353265
0.0071656399
0.0066923823
0.0084454011
0.0067037173
0.0049498349
0.0069024553
0.011121911
0.011767649
0.0076246559
0.0068591051
0.0025640319
0.0027400981
0.0015967009
-0.00043749575
-0.0005530893
-0.0001277839
-0.00053542926
0.00027925884
-0.0005744246
-0.00041154954
-0.0010230066
-0.0020445228
-0.0024355965
-0.0041668731
-0.006216067
-0.0075934895
-0.0078735072
-0.0059377883
-0.0042834059
-0.0049013339
-0.0067583104
-0.0096233295
-0.010181156
-0.011426809
-0.013081404
-0.015464786
-0.019189514
-0.023051698
-0.02731614
-0.032539978
-0.033050166
-0.033900239
-0.034121336
-0.033775185
-0.031020313
-0.027832657
-0.022326237
-0.015956068
-0.010448285
0.00025681401
0.00059018622
-0.0029284083
-0.0017588689
0.00057486205
-0.00037203284
0.0076437168
0.011812793
0.016870259
0.022907287
0.025887916
0.023809883
0.023253574
0.025770349
0.028646927
0.032830359
0.033536343
0.032862137
0.030067161
0.025749264
0.019583009
0.016309393
0.013349608
0.010249555
0.007826799
0.0060641848
0.0037847558
0.0035253694
0.0038146994
0.0046350331
0.0075155159
0.0077778527
0.0054108915
0.0054165722
0.0027226003
0.0012567266
0.0011537694
0.00028640503
0.00094068212
0.0016774253
0.0020315416
0.0014216623
0.00058473962
0.0013400378
0.00063243615
-0.00070145165
0.0004984734
0.0017371762
0.0032355933
0.0064829814
0.010795805
0.011913199
0.012451474
0.01151309
0.014093674
0.017685603
0.020773223
0.023803218
0.028869839
0.033049657
0.034459709
0.034118838
0.029502869
0.021605572
0.014605196
0.0078102191
0.0045284907
0.0019809073
0.00015873804
-0.0034398034
-0.0057319177
0.00040459079
0.0057925902
0.0091537846
0.012697867
0.011328171
0.0075612103
0.0023134862
-0.0017850704
-0.0045379965
-0.0071997205
-0.0081244749
-0.006406543
-0.0013245122
0.0021408828
0.0031714422
0.0018644997
-0.00062272747
0.0011172955
0.0015589207
0.0012750664
0.0028317074
0.0032573818
0.0058270387
0.0053860232
0.0052123521
0.0053730518
0.0056233826
0.004199983
0.0035308242
0.0047164203
0.0070107597
0.0079348963
0.0081626049
0.0065850777
0.0058906145
0.0026816552
0.0045514115
0.0022078581
0.0017116901
0.0014976702
0.00032727551
0.00041317937
-9.7018505e-05
-0.00037152197
-0.00041612697
-0.0017228517
-0.0013634541
0.00027387159
-0.00048233601
-0.0020066977
-0.0034233831
-0.00093800628
-0.00078011085
-0.0023638015
-0.0037995785
-0.0069523922
-0.0084271305
-0.010188033
-0.011887041
-0.012724268
-0.016085193
-0.018221709
-0.019736232
-0.020704312
-0.021464516
-0.021711014
-0.020038804
-0.014779367
-0.014495072
-0.013337056
-0.0089214141
-0.0082908414
-0.00038160487
0.0039079078
0.0048258153
0.0026912966
0.0031710407
0.001795305
0.005874876
0.010502168
0.013786721
0.016185598
0.018795965
0.020449464
0.020415884
0.016187332
0.014570176
0.016321972
0.02194682
0.023882458
0.021284553
0.020525149
0.017726216
0.013633081
0.0092754194
0.0053196389
0.0034038159
0.00069069022
-0.0018288111
-0.0030443783
-0.0041164509
-0.0017642517
-0.0016840032
0.0017580283
0.0017154955
0.00067647433
0.0016713813
0.0013298255
-0.0025360205
-0.0018409899
-0.0018787333
-0.0017543069
-0.00029652339
0.0006617713
0.00033834559
-0.00057157196
-0.00021913255
0.0016149851
0.0028252252
0.001801343
0.0015527515
0.0027081018
0.0042764741
0.0069775311
0.0077268249
0.0066501584
0.0060550038
0.009442894
0.012422822
0.014193999
0.015232919
0.019475704
0.023120924
0.025322645
0.02089912
0.016656153
0.0077223103
0.0016949709
0.0040903643
0.0048645021
0.0035700472
0.0034106222
0.00020627038
-0.00060173288
0.0032916939
0.0028869611
0.0064668638
0.0059946487
0.0026583942
0.0025396603
0.00041380373
-5.9400349e-05
-0.0023261536
-0.0062113397
-0.0074347778
-0.0074343537
-0.0024942891
0.00067270835
0.00079538664
0.00038316767
0.0013010169
-0.0014158554
-0.0027001812
-0.0018852104
-0.00091794658
0.00035653723
0.00092329666
0.0038006131
0.0044780602
0.0054105266
0.0062291253
0.0047679799
0.0047361994
0.0043298608
0.004827904
0.0050430611
0.0035527068
0.003771396
0.0029314914
