0.0048755456
0.0048819008
0.0054293011
0.0056155548
0.0057215701
0.0047060799
0.0037782489
0.0031058025
0.0042410177
0.0050777143
0.0065715658
0.0053643599
0.0034798712
0.0015479489
0.00040173702
-2.6202725e-05
0.0006685641
0.0028106525
0.0026005198
0.00032351041
0.0026316751
0.0037032571
0.0033709059
0.0028727477
0.0023248289
0.0027397919
0.0034013245
0.0030872828
0.0027549664
0.002590507
0.0022077283
0.0030074695
0.0034404352
0.0027223315
0.002569458
0.0013490697
0.0016271214
0.00090234736
0.00050654405
0.00050881841
-2.9411549e-05
0.00050980067
0.0016596887
0.0024629411
0.0028839625
0.0025807138
0.0027950702
0.00071473115
0.00034609491
-0.00073435969
-0.00086574567
-0.0010449796
-0.0015812537
-0.00062416201
-0.00031671533
0.00047492877
0.00040731159
0.0020824872
0.00087247334
-0.0017361406
-0.004667768
-0.0045890236
-0.0027712651
-0.0025947754
-0.0028723174
-0.0037054846
-0.005365487
-0.0077578076
-0.0093953929
-0.011381255
-0.011321831
-0.012265834
-0.012232908
-0.0094084329
-0.0091508878
-0.0091219313
-0.010272268
-0.0099654567
-0.0097539713
-0.009325166
-0.010969668
-0.0095892462
-0.0081834735
-0.0064459425
-0.0074868573
-0.0089618268
-0.0088114304
-0.0094246708
-0.0072850565
-0.0069402058
-0.0057524595
-0.0043055223
-0.0050598216
-0.0041908052
-0.0039899576
-0.003566889
-0.0035889769
-0.0043044882
-0.0052933315
-0.0043662148
-0.0036237353
-0.0041165461
-0.0035050563
-0.0042834582
-0.0044665857
-0.0035834305
-0.0036962138
-0.0042577474
-0.0046999754
-0.0053035598
-0.0052733245
-0.0054513297
-0.0060357099
-0.0061601661
-0.0065288794
-0.0086458255
-0.0075742607
-0.0052792105
-0.0044690734
-0.00016910399
0.0020799511
0.0054277143
0.0060706084
0.0088157403
0.0090667271
0.0077443643
0.0081560387
0.0088610009
0.0092906601
0.007900206
0.0057770335
0.004532679
0.0052041003
0.004927053
0.0041393753
0.0036698858
0.0030585392
0.0016043735
0.0016918717
0.0028499067
0.0027175799
0.0024259929
0.0028697602
0.0039242402
0.004850583
0.0053114614
0.0055105266
0.005360446
0.0044726024
0.0038426166
0.0030323314
0.0036735528
0.0039197751
0.0037546049
0.0035948343
0.0026876018
0.0013457322
0.0001894413
-0.0015240504
-0.0021965002
-0.0011508198
4.6394442e-06
0.0002281923
9.8265422e-05
0.001743223
0.00229558
0.0027959865
0.0021196861
0.0019229663
0.0021538986
0.0017319528
0.0022126498
0.0021702715
0.0019650094
0.001498673
0.0015416676
0.00058813657
-0.00039735717
-0.001293079
-0.00083930277
-0.0018505124
-0.0027548936
-0.0047238599
-0.0048533003
-0.0036523139
-0.0034037143
-0.0028616335
-0.0015055784
-0.00045035643
0.00044427559
0.00046428144
-0.0011326059
-0.00089759078
-0.0013052321
-0.0016315353
-0.0015896952
-0.001885943
-0.0014816874
-0.0009942896
-0.0007441151
-0.0002232337
0.0010556644
0.00010555445
-0.0021232671
-0.0028599461
-0.0011344694
0.00070914959
0.0012747513
0.00038670099
-0.00076054354
-0.0024867543
-0.0042292175
-0.0066423503
-0.0078165504
-0.0073033983
-0.0076788222
-0.0050711832
-0.0057772605
-0.0075652668
-0.0083062886
-0.0075898198
-0.0074835595
-0.0091322266
-0.0093229361
-0.0079880206
-0.007626113
-0.0057862917
-0.0072933858
-0.0075103265
-0.0081671649
-0.0076257021
-0.0057322339
-0.0060111468
-0.0053413252
-0.0032474056
-0.0021297612
-0.0023173871
-0.002016605
-0.003072548
-0.0028225666
-0.0036769012
-0.0034977
-0.0034686645
-0.0030661882
-0.0031652735
-0.0030481127
-0.0034806843
-0.0036485288
-0.003348524
-0.0040094134
-0.005005395
-0.0051746158
-0.0059703157
-0.0060242561
-0.0061681446
-0.0063742176
-0.0071433686
-0.0068996989
-0.0087575008
-0.0099577283
-0.0093239847
-0.0066717556
-0.001031434
0.0035992292
0.005649723
0.0065286968
0.0082436087
0.0079543901
0.0066006008
0.006002338
0.0066228152
0.0050404086
0.0061496148
0.0056240662
0.004056445
0.0039624939
0.0046305598
0.0040379639
0.0043191666
0.0035486142
0.0020313279
0.0013457275
0.0014129349
0.0011329849
0.0012710131
0.0025354435
0.0030397857
0.0042499854
0.0047085852
0.0044728586
0.0047438142
0.0043684521
0.0037601276
0.0035663115
0.0025001006
0.0038938196
0.0040331283
0.0038858432
0.0024776426
0.00081968023
0.00015094441
-0.00065768786
-0.00056990087
-0.00065032933
-0.00063272676
-0.00093311219
0.00072322524
0.0017848856
0.0017967875
0.0024881425
0.0024958732
0.002549207
0.0025328594
0.0036584028
0.004553604
0.0043730842
0.0046248038
0.004188421
0.0032459484
0.0022607201
0.0011834052
0.00011032196
-0.0019504733
-0.0038151304
-0.0055004236
-0.0074063095
-0.0089229802
-0.0097441596
-0.0091093741
-0.0075231909
-0.0072558562
-0.0063726497
-0.0046667821
-0.0021010348
-0.0015931617
-0.0013122885
-0.0020662099
-0.0031037031
-0.0031227452
-0.0024660976
-0.0022712928
-0.0013235774
-0.0013131688
-0.0022969344
-0.0022314595
-0.002332861
-0.0027821092
-0.0013913605
0.00061328468
0.0026816399
0.0036148554
0.0055367574
0.0039002041
0.0027102064
0.0013522549
-3.9526891e-05
0.00074211162
0.0001529825
-0.00063282352
-0.0011456917
-0.0021978859
-0.003055773
-0.0033095454
-0.0028653026
-0.00338902
-0.0044990941
-0.0067647032
-0.0087722449
-0.0074530764
-0.0064961876
-0.0049881783
-0.0062834213
-0.0083025187
-0.0071337687
-0.0063926937
-0.0050908481
-0.0039636245
-0.003227998
-0.0023607476
-0.00088843656
-0.00046777867
-0.00081154379
-0.0020866088
-0.0023145067
-0.0017731632
-0.0017881393
-0.0017276069
-0.0024805329
-0.0031425896
-0.0027475897
-0.0030514386
-0.0029983819
-0.0038019028
-0.004378079
-0.0042738827
-0.0045919102
-0.0051558619
-0.0051089027
-0.005827023
-0.0052293067
-0.0064257421
-0.0072881247
-0.0084661995
-0.010635656
-0.0052489493
0.00060448823
0.0037279956
0.0047952602
0.0050260336
0.0063283988
0.0061471638
0.0045164481
0.0066997588
0.0044679621
0.0027192148
0.0027510375
0.0032355065
0.0048127169
0.0040109947
0.0028111332
0.002916236
0.0030421459
0.0024855042
0.0018186604
0.0010034678
0.0002718174
0.0014388925
0.0015596198
0.0022797431
0.0026475273
0.0036865425
0.0033108264
0.0049975787
0.0055240995
0.0058278923
0.0057394063
0.0052524749
0.0047053243
0.0054676342
0.0066363141
0.0060777608
0.0061149973
0.0045790596
0.0032235082
0.0019467875
0.00038686038
2.84772e-05
0.0016046807
0.002558314
0.0031006253
0.0044599565
0.0041250066
0.0045832929
0.0043967699
0.0049333771
0.004682464
0.0050826051
0.005808921
0.008716563
0.0097490982
0.0089912115
0.0088955217
0.0071826012
0.0055722981
0.0038303923
0.00059083742
-0.0026970662
-0.0065658953
-0.010749741
-0.011091634
-0.015703656
-0.016701434
-0.016533744
-0.013163982
-0.010374249
-0.0087820648
-0.0066803341
-0.0048034012
-0.0034909244
-0.0029914963
-0.0033779285
-0.0037118135
-0.0033519228
-0.0037708694
-0.0033499644
-0.0029272747
-0.0026124758
-0.0038192713
-0.0043846242
-0.0040363454
-0.0017969439
0.00080706323
0.0028514043
0.0046107073
0.0088344842
0.01002385
0.0087849711
0.0058546539
0.0060645809
0.0072196308
0.0059848673
0.0042982774
0.002413394
0.0044851978
0.0047470728
0.003486789
0.0034447249
0.0039557206
0.0034375798
-0.0016772366
-0.0043984563
-0.0058666597
-0.0048201725
-0.0047397172
-0.0037040646
-0.0062429319
-0.0064402084
-0.0050914303
-0.0030904767
-0.0020766696
-0.0019499654
-0.0016581437
-0.00050110846
0.00070999803
0.00038127305
0.00012886631
0.00040440708
0.00043949715
-1.9199836e-05
-0.00076514737
-0.0015969961
-0.0023396286
-0.0028358581
-0.0026982992
-0.0029759322
-0.0029727341
-0.0023876212
-0.0028186524
-0.0025767602
-0.003257484
-0.0029602215
-0.0031848366
-0.0027962688
-0.0040700842
-0.0037399628
-0.0044987666
-0.003921395
0.00010719033
0.0030765694
0.0040572874
0.0047053963
0.0069324245
0.0042399226
0.0040493498
0.0038491974
0.0056469768
0.0053536569
0.0068499037
0.0051732631
0.002820117
0.0027505224
0.0039780145
0.0030156083
0.0021422719
0.0018938052
0.0020282054
0.0013390718
0.00033416673
0.00066250439
0.00055627035
0.0013099324
0.0021781255
0.0024905083
0.0030279659
0.0037133722
0.0043584764
0.0067783652
0.0068379343
0.0073310234
0.0079111009
0.0083220405
0.0084245742
0.009389963
0.0093093385
0.010101134
0.0094029691
0.0073861344
0.0073446583
0.0051800434
0.002238902
0.0018350891
0.005943314
0.0078612699
0.0082666301
0.0077898052
0.0083250845
0.0082909768
0.0085248403
0.0094508499
0.007845818
0.0072361466
0.0087811452
0.010147359
0.01322133
0.014005799
0.013039662
0.011366058
0.0093513006
0.0065079923
0.001828344
-0.0029997421
-0.0068790301
-0.011678774
-0.013433282
-0.018247881
-0.021347253
-0.018394287
-0.016164896
-0.014422368
-0.011783122
-0.010934076
-0.010429459
-0.0091414941
-0.0086233089
-0.0082199531
-0.0068230102
-0.0056121702
-0.0049697322
-0.0043638029
-0.0042201434
-0.0057720699
-0.0071117385
-0.0082137886
-0.0072943394
-0.0046723799
0.0001699795
0.0028424001
0.0038211984
0.0071311268
0.0067348847
0.0079398977
0.0072051389
0.0077074314
0.0074591958
0.0073134004
0.0054560122
0.005300831
0.0090686721
0.0087024395
0.0084922702
0.0084571689
0.0066698619
0.0045709958
0.0017385205
0.00094264505
-0.00098706121
0.00022948845
0.00080034081
0.00094778319
-0.00089896989
-0.0028738138
-0.0025141324
-0.0032464074
-0.00146391
-0.0014860001
-0.0011439165
-0.00080502485
-0.00068266473
-0.00055815837
-0.00016476625
-0.00043634051
0.00036362169
-0.00048962238
-0.00028426506
-0.0014582105
-0.0020401599
-0.0019973315
-0.002209487
-0.0027434116
-0.0020290049
-0.0018297711
-0.0017998474
-0.0012548373
-0.0010045496
-0.0009652881
-0.00081564383
-0.00080099517
-0.00021071686
0.0016053379
0.0025818742
0.0040694393
0.0036565084
0.0057446273
0.0076486601
0.0097841475
0.0094332903
0.007382243
0.0054724574
0.0065173695
0.0066001185
0.0071502991
0.006641728
0.0046249666
0.0024526493
0.0024036453
0.0031230829
0.0021333106
0.0010554379
0.00082635148
0.00090078661
0.00054853918
0.0001204752
0.00038526096
0.0010834232
0.0019765065
0.0033650414
0.004422164
0.0049782671
0.0054090185
0.0060688532
0.0079444298
0.0082856562
0.0091130699
0.010425796
0.011322132
0.013320887
0.01540747
0.013108006
0.012308131
0.0094479056
0.0091794766
0.0093576688
0.0067582658
0.0052623409
0.0062211457
0.009254928
0.011128795
0.01194536
0.012958487
0.01290202
0.010886327
0.011476682
0.010797422
0.0085277913
0.007681614
0.0075547371
0.012778653
0.015634443
0.015903338
0.016477774
0.014914391
0.016821742
0.014025633
0.009710608
0.0055978099
0.0021563509
-0.0045907013
-0.012405951
-0.016591192
-0.018568827
-0.017621936
-0.017137827
-0.017628128
-0.01800815
-0.017420406
-0.018936406
-0.016503498
-0.016865297
-0.014895869
-0.014571057
-0.012964945
-0.011739799
-0.012726298
-0.013315766
-0.013680583
-0.017085999
-0.016051653
-0.01522852
-0.014785047
-0.0094290237
-0.013080853
-0.013737524
-0.0087297162
-0.0044516331
-0.0031344183
-0.0017670338
0.0012244912
0.0031943119
0.00044532712
0.00011425552
0.00087606452
0.002477184
0.0022939079
0.0026616222
0.0059218985
0.0055276582
0.0018064262
0.00053362644
0.00098765979
0.00067477344
0.00061749977
0.00080977248
-0.0010259416
-0.0012512456
-0.0017514002
-0.0024114803
-0.0027414738
-0.0017591602
-0.0015128068
-0.0019640133
-0.0022316044
-0.0015889525
-0.0010667732
-0.0011113093
-0.00063404679
-0.00010410814
0.00033328553
-0.0004559276
-0.0014834067
-0.0019047382
-0.0024119107
-0.0018694431
-0.0017660215
-0.00044645944
-0.00034804806
0.00074370356
0.0013359923
0.002257617
0.002675162
0.0033010965
0.0046625828
0.0075126611
0.0082849696
0.0068280299
0.0060908018
0.0073592634
0.011160845
0.010587623
0.011574595
0.010593948
0.010297001
0.0087263644
0.0086061586
0.0087137826
0.0073702699
0.0069626022
0.0043632576
0.0030862961
0.0015092135
0.0013704573
0.00082639504
-8.7392524e-05
-0.0013160958
-0.001823263
-0.001102257
-0.00050285676
0.0010887686
0.0022823526
0.0040205253
0.0049458981
0.006006816
0.0065871806
0.0067998904
0.0073157533
0.0086525385
0.0094885155
0.010186167
0.011736041
0.013520773
0.01625112
0.017714977
0.016201264
0.010947264
0.008644711
0.0085465577
0.006289094
0.0054340046
0.0059417746
0.0055496976
0.0091526662
0.013123505
0.015239394
0.015315859
0.015085742
0.012881327
0.01146784
0.0093137948
0.0083348209
0.010710029
0.016221069
0.016889203
0.01873337
0.02170308
0.025883812
0.026567482
0.025711984
0.024913611
0.018829169
0.014632738
0.010747338
0.0025915624
-0.0048213577
-0.012559404
-0.015757435
-0.023491781
-0.025343699
-0.021947467
-0.027461045
-0.028514314
-0.02959977
-0.030639155
-0.032510304
-0.028050005
-0.030233148
-0.028203041
-0.030867499
-0.030702008
-0.030808839
-0.028622036
-0.033046027
-0.034634277
-0.039139685
-0.032533263
-0.024156014
-0.021527346
-0.026279439
-0.02665273
-0.024562757
-0.023716829
-0.01603279
-0.016821224
-0.012996024
-0.013589947
-0.012144247
-0.011668782
-0.011278279
-0.0067342467
-0.0053390382
-0.0026009577
-0.002654111
-0.0040339847
-0.0043654281
-0.0031898498
-0.0017469456
-0.0012092737
-0.0012823885
-0.0020050881
-0.002614969
-0.0035674153
-0.0029114772
-0.0027782949
-0.0028834722
-0.0032617976
-0.0027759461
-0.0025842685
-0.0024627307
-0.0026123296
-0.0015195281
-0.001591327
-0.0012366764
-0.0009840761
-0.0009648251
-0.0012809927
-0.00078328631
-0.00068842634
-9.5572643e-05
0.00073589607
0.0014534801
0.0021733806
0.0031934543
0.0034084114
0.0045304873
0.0047357717
0.0064017869
0.0081626326
0.01189534
0.011556493
0.0054153351
0.0069600409
0.0081702207
0.011070732
0.010998828
0.013177016
0.011311762
0.0085670348
0.0093198997
0.0069600117
0.0065451305
0.0040457724
0.003465205
0.0018111631
0.0012374109
-0.0016185154
-0.0019379495
-0.0041674865
-0.0062425686
-0.004702981
-0.0023607639
-0.0019160769
6.9433194e-05
0.0014586893
0.0029869115
0.0034018357
0.0052243146
0.006297208
0.0072602254
0.0075652647
0.007657608
0.0096763649
0.010884138
0.011163067
0.011946976
0.013499345
0.016858085
0.015816461
0.012095267
0.010748666
0.008827489
0.0072535561
0.0045513322
0.0054438196
0.0027127679
0.0010757604
0.0058519408
0.012427937
0.01535399
0.015342985
0.014724255
0.014174858
0.011715884
0.0091061136
0.0093234223
0.016553824
0.019690833
0.019158951
0.022889851
0.02821354
0.032443029
0.033033235
0.029685381
0.023838916
0.018279899
0.011405067
0.0072188357
0.00023217365
-0.0055402092
-0.006796015
-0.012585127
-0.023311384
-0.024658519
-0.021130614
-0.02933565
-0.033757402
-0.040915356
-0.040633775
-0.051421483
-0.043748377
-0.045940128
-0.048194479
-0.043587236
-0.049427132
-0.047818726
-0.051836775
-0.059807518
-0.051386319
-0.049927203
-0.048940261
-0.049933682
-0.042884857
-0.042432202
-0.040691362
-0.034070398
-0.032272132
-0.025536964
-0.023251151
-0.019765637
-0.021276807
-0.020660801
-0.017648629
-0.016248867
-0.014244157
-0.011430354
-0.010693914
-0.008844949
-0.0070733368
-0.0055613582
-0.0043932733
-0.0029644135
-0.0030194537
-0.0024354339
-0.0040680307
-0.0033303927
-0.0039154868
-0.0037826226
-0.0035951504
-0.0024670716
-0.003028206
-0.0037137865
-0.0033308329
-0.002703979
-0.0023731678
-0.0017295159
-0.0017480947
-0.0012352049
-0.00089080117
-0.00024535516
-0.00033682516
0.0008894171
0.00054755112
0.0017009165
0.0014470147
0.0023285081
0.0031017327
0.0043540289
0.0047956673
0.0068931559
0.0067156373
0.0089351748
0.0090622233
0.014373411
0.012334835
0.0056236197
0.0055455256
0.0076887011
0.011511821
0.012513056
0.011388877
0.0094337151
0.0053385818
0.0035812104
0.0023142365
0.0026801192
0.00044479443
-0.00032903967
-0.0039806254
-0.0058707871
-0.0055077354
-0.0066527366
-0.0066647737
-0.0041572218
-0.0025404172
-0.00038790196
0.00093830122
0.0012161787
0.002200723
0.0044034015
0.0044520534
0.0058550808
0.0062471411
0.0071207114
0.0075126364
0.0088562859
0.010974638
0.011506915
0.01401662
0.013788178
0.015890763
0.015248046
0.012197918
0.008335115
0.0057993429
0.0059999017
0.0057617802
0.0053423287
0.003374731
0.0019769282
-0.0031650962
0.0019056967
0.01210589
0.014762971
0.015467835
0.014393116
0.01724521
0.016763996
0.013633554
0.012293912
0.015387858
0.017872254
0.018121864
0.023513789
0.028729576
0.02965288
0.0281045
0.022851776
0.018297574
0.01200701
0.006175432
-0.0028630156
-0.0076885013
-0.013161874
-0.01241794
-0.020081026
-0.024941524
-0.021384954
-0.025429472
-0.029672747
-0.036622501
-0.046800719
-0.05159067
-0.04776337
-0.051866935
-0.052696624
-0.054669321
-0.051178534
-0.062684389
-0.062970988
-0.064706073
-0.069504725
-0.064548902
-0.062815533
-0.061835601
-0.056935551
-0.054369848
-0.048286868
-0.043389462
-0.038358343
-0.031739892
-0.026056973
-0.023696609
-0.02341864
-0.023479273
-0.021365776
-0.020127961
-0.017717056
-0.015490549
-0.012110045
-0.0090974395
-0.0083226169
-0.0074320535
-0.0037957819
-0.0015330073
-0.00078124079
-0.0016981444
-0.0020090281
-0.002897011
-0.0033147149
-0.0035262114
-0.0027068305
-0.0020431863
-0.0026157579
-0.0020376074
-0.0015287106
-0.0014322209
-0.0016657394
-0.0013084561
-0.0008132073
-0.00027470004
0.00037683542
0.0010796353
0.002687869
0.0025702125
0.0024055103
0.0031728294
0.0035040432
0.0038796177
0.0049407576
0.0053260741
0.0058015724
0.0068966324
0.0085497663
0.0094455308
0.0097992826
0.011219627
0.013203675
0.011778079
0.0029022375
0.00404758
0.0056678418
0.0078920247
0.0091334182
0.0078941113
0.0049787239
-0.00059799649
-0.00066771669
-0.0011564118
-0.0001128685
-0.0026197943
-0.0066085687
-0.0036879492
-0.0035284855
-0.0033421098
-0.001798185
0.00097855522
0.0015681933
0.0027270226
0.0024552449
0.0045273937
0.0049284744
0.0063754734
0.0053275826
0.0073585808
0.0066867957
0.0077134724
0.0080914437
0.010189228
0.011400682
0.012187325
0.012371077
0.012999393
0.0090685933
0.0083026147
0.005705045
0.0024082093
0.00095317103
0.0001110643
0.0010643872
0.0034957986
0.00056582615
-0.003242151
-0.0088851863
-0.0082248039
0.0011464715
0.0068554927
0.0099644237
0.013095216
0.012710125
0.015622307
0.018507616
0.016562906
0.011839331
0.0096213568
0.010135641
0.010926635
0.012071429
0.012884787
0.0098394658
0.01084167
0.0068580979
0.0020765163
-0.0053744554
-0.011606531
-0.020489665
-0.024850925
-0.027856266
-0.025045235
-0.030100962
-0.035380157
-0.040697494
-0.040672438
-0.04277696
-0.04524115
-0.054720358
-0.061011053
-0.059071011
-0.061139141
-0.061954587
-0.058170402
-0.059783853
-0.070173902
-0.070759906
-0.0709889
-0.067387117
-0.068622641
-0.063958844
-0.062136298
-0.058510889
-0.05312471
-0.044291337
-0.038692182
-0.033211902
-0.02959666
-0.024924991
-0.024181159
-0.022557831
-0.024010399
-0.02171163
-0.022480224
-0.019767951
-0.016614047
-0.014563184
-0.011764584
-0.010732942
-0.0056313944
-0.0035400464
-0.0006627128
0.002737713
0.0011798914
-0.0023917002
-0.0018940636
-0.001397873
-0.0026647766
-0.0024002308
-0.0020622977
-0.0012550479
-0.00069433041
-0.0012059652
-0.00042549069
-0.0022603547
-0.0021478486
-0.0010665433
-0.00088137087
0.0022647524
0.0017215544
0.0034330083
0.0043623796
0.0055952856
0.0048165955
0.0065225951
0.0073635104
0.0088116019
0.0092831829
0.0096075658
0.0096616039
0.011428934
0.011381541
0.01286368
0.014128992
0.017332678
0.01158991
0.0051124769
0.0026111814
0.0014178399
0.0024647428
0.0053986922
0.0036392894
0.0018473761
-0.0031667286
-0.0053455273
-0.0031897531
-0.0050895127
-0.0049875441
-0.0034429578
-0.00062165251
0.001099964
0.0048142519
0.0054877203
0.0050970412
0.0057097086
0.0064180695
0.005263921
0.0069444581
0.0074396407
0.0072499499
0.0069483063
0.0077184331
0.0087955755
0.010278611
0.010638659
0.010773579
0.010417093
0.0035235869
0.005274928
0.00066734771
-0.0045175955
-0.00093612756
-0.0014663296
-0.0051296818
-0.0034694241
-0.0026079599
-0.002936459
-0.0039472084
-0.0030411046
-0.0082321323
-0.016220206
-0.013301852
-0.0067214703
-0.0019356404
0.0025090322
0.0059266939
0.0093904635
0.013379471
0.015476246
0.015316927
0.011204227
0.0034036652
-0.0011072389
-0.0054034622
-0.0064350636
-0.010945667
-0.016173151
-0.021782352
-0.026123213
-0.028992231
-0.029619605
-0.033391299
-0.046277872
-0.052530932
-0.048075612
-0.038782541
-0.048626366
-0.05696211
-0.060829662
-0.060531489
-0.06181959
-0.064080904
-0.066314276
-0.066531081
-0.071451635
-0.069040244
-0.069000986
-0.068188626
-0.067267945
-0.069118961
-0.069819253
-0.066679479
-0.061904175
-0.060111099
-0.054058932
-0.048970048
-0.048410852
-0.045111267
-0.037393323
-0.033182818
-0.034080736
-0.030602546
-0.024237336
-0.025308431
-0.025384704
-0.02446314
-0.02486616
-0.022138726
-0.020290885
-0.019028768
-0.017151932
-0.014006206
-0.0095260834
-0.0054579962
-0.0030659584
0.0017258325
0.0036983625
0.0041466537
0.0015723293
0.0003948713
0.0041500172
0.0017713465
0.0014192189
0.0011316859
-3.9136161e-05
0.0026589087
0.0021480932
0.0017211867
0.0019065075
0.00060838817
0.0005467389
0.0013209286
0.0027584844
0.004430975
0.0050516983
0.004715758
0.0069151306
0.0066784256
0.0075833468
0.0079229571
0.0096382753
0.0092299678
0.011091249
0.010138364
0.015074416
0.012494914
0.014537855
0.010344893
0.0076324957
-0.001282333
0.0037530713
0.014124735
0.0019983548
0.0052964772
0.0053237982
0.0034531708
0.00033620358
-0.0017402457
-0.0033112845
-0.0025785018
-0.0054156383
-0.0037063141
0.0011273937
0.0041960432
0.0062468502
0.0095057335
0.010626488
0.0064813337
0.0088901315
0.01033695
0.0079543624
0.0084999931
0.0093145318
0.0084753129
0.0095045224
0.0081152899
0.0090532457
0.0068546833
0.0057787771
0.0064037434
0.0056211414
-0.00053681875
-0.00031946064
-0.0016362623
-0.0024268311
-0.0043179105
-0.0062095041
-0.0041595856
-0.001070588
-0.0032545473
-0.001861463
-0.0049750361
-0.0041441701
-0.008085827
-0.010825123
-0.0077705932
-0.010901098
-0.006370816
-0.002433125
0.0013323391
0.0038872318
0.0084099611
0.0093208189
0.011282145
0.0087438307
0.0023710645
-0.0069063213
-0.016253996
-0.024717045
-0.036774429
-0.044790238
-0.052716697
-0.050692944
-0.045248131
-0.052172047
-0.054548799
-0.066357528
-0.07569221
-0.078710246
-0.069428878
-0.074330198
-0.085681332
-0.090649501
-0.083285665
-0.079275773
-0.074683876
-0.072487416
-0.070582689
-0.067645509
-0.058853804
-0.056855488
-0.067821603
-0.068684872
-0.063843815
-0.06040189
-0.054451492
-0.048791361
-0.044841916
-0.038252605
-0.032900863
-0.031001915
-0.027294858
-0.023132968
-0.021500022
-0.022110188
-0.021866081
-0.018473565
-0.018943249
-0.019591541
-0.018528225
-0.017790882
-0.017265918
-0.019067109
-0.014274113
-0.01122037
-0.012494476
-0.0074883604
-0.0028231761
-0.0022261066
-0.0011428578
0.0034226753
0.0030664596
0.0011006536
-0.0010678148
0.0020324416
0.0030386609
0.00093580928
0.00065428502
-0.0022302874
-0.0018320688
0.0016635356
0.0023290189
0.003566539
0.0038075776
0.0018123516
0.0029186621
0.0040182708
0.0049964769
0.0054639486
0.0066653701
0.0084191601
0.010248615
0.012375116
0.011252851
0.010640493
0.010329672
0.012999526
0.014712986
0.016283969
0.02095862
0.025243336
0.016201393
0.0072287667
2.0453845e-05
0.0092460379
0.013546151
0.0079373411
0.0054029077
0.0036580542
0.0040960788
0.0022481608
0.00053121643
-0.0016034735
-0.00093777957
-0.0013147923
0.00079784443
0.0029157996
0.0069890486
0.0071725239
0.0084598297
0.011884114
0.0098079691
0.012322054
0.011177329
0.012109089
0.0094686077
0.0096141802
0.0099167217
0.0086168659
0.0073854625
0.0063834447
0.0052461539
0.0057405162
0.0035638306
0.0024547825
-0.0007815648
-0.00036336681
-0.0024006748
-0.0009497539
-0.0027662588
-0.0049520309
-0.0025678539
-0.0025982435
-0.0044120863
-0.0012015549
-0.0023713334
-0.0028901858
-0.0026230107
-0.0022411297
-0.0079888928
-0.012542434
-0.012248167
-0.010944462
-0.010211851
-0.0078993677
-0.0046702328
-0.0031943074
-0.00063733499
-0.0028642989
-0.0057981055
-0.011775088
-0.021849923
-0.035925091
-0.052276512
-0.069899723
-0.07234075
-0.063880644
-0.0661648
-0.074847774
-0.083955592
-0.09112184
-0.095684057
-0.094671398
-0.086278881
-0.077020734
-0.086415745
-0.083392181
-0.075134319
-0.080243241
-0.081938107
-0.078515083
-0.064839412
-0.051035564
-0.045313026
-0.046748653
-0.057319637
-0.055888021
-0.041330207
-0.035485392
-0.030176225
-0.024219705
-0.018865136
-0.015326911
-0.011284499
-0.0075632665
-0.0054147629
-0.0054855609
-0.0034987301
-0.002910595
-0.0032525496
-0.0014878639
-0.0052941389
-0.0068949275
-0.0070205661
-0.0092171402
-0.010092543
-0.0068459023
-0.0059449261
-0.0071027505
-0.0075950059
-0.0064679158
-0.0057697585
-0.0060633412
-0.0035167893
-0.002500272
-0.0014723014
-0.0018791896
-0.0030816035
-0.0035376156
-0.0070713126
-0.0065898729
-0.0078592049
-0.0080615489
-0.0032289325
-0.004419956
-0.0032892703
0.0031220123
0.0057600186
0.0068869078
0.0072818647
0.0094990596
0.015541992
0.02000987
0.023037958
0.02515369
0.029642824
0.031071133
0.032229052
0.034686765
0.031711932
0.031979269
0.03082677
0.024526728
0.017551709
0.014594445
0.0024199981
-0.0026504525
0.010134754
0.016766977
0.015180217
0.0065447563
0.0073398631
0.0031688254
0.00072880722
-0.00051256796
-0.0010604137
0.00033516127
0.00077348671
-0.00087697588
-0.00036908507
0.0022725584
0.0034497029
0.0048000984
0.0055275056
0.0079984217
0.0090634344
0.0077154437
0.0072908912
0.0086719581
0.0085958364
0.008750983
0.007898475
0.0050571638
0.0034981459
0.0038829689
0.0064609293
0.0055441963
0.0020426782
-0.00082074416
0.0012390252
-0.0016725164
0.0011153245
0.00099280716
-0.0019942331
-0.0034047871
-0.0042004956
-0.0054449945
-0.0023846522
-0.0014773194
1.4883363e-05
-0.00098517074
-0.0025038448
-0.0042858696
-0.011435939
-0.018898946
-0.0179585
-0.021586599
-0.020265807
-0.017559796
-0.014591834
-0.012848
-0.011579013
-0.016177543
-0.017957229
-0.024514914
-0.032308578
-0.044609383
-0.061578145
-0.085592218
-0.074415753
-0.072166996
-0.08355279
-0.081408
-0.086015325
-0.085802572
-0.083474887
-0.075920548
-0.065861987
-0.046196403
-0.042701362
-0.053092697
-0.056104386
-0.062987039
-0.072617058
-0.066208669
-0.054965639
-0.036566903
-0.018395576
-0.024223693
-0.036272445
-0.028002972
-0.017208006
-0.0085543405
-0.0046650305
-0.00028620081
0.0033513844
0.0098261358
0.0098514114
0.012310841
0.01264082
0.010849486
0.011306113
0.009041766
0.0082867341
0.0069058132
0.00525944
0.0044148241
0.0050351866
0.00023766244
-0.0014511347
-0.0013738525
-0.0012167584
-0.003019867
-0.0042670457
-0.0029475092
-0.0018625579
-0.0014305347
-0.00064613284
-0.0013813553
-0.002495665
-0.004531504
-0.0051197871
-0.004949568
-0.0062757046
-0.0080483202
-0.0060819994
-0.0079452076
-0.0064707775
-0.0040293144
-0.0011454947
0.001194609
0.0042410978
0.0070836626
0.0079265431
0.014403408
0.022631813
0.026349393
0.034011685
0.040967209
0.044892251
0.047137779
0.044178263
0.040821519
0.041708975
0.041278113
0.034430847
0.031380251
0.025398464
0.010926885
-0.00046147822
0.011091044
0.015033632
0.016697042
0.012252247
0.0068169362
0.0022498553
-8.5821401e-05
-0.0018060778
-0.0022489557
-0.0030456479
-0.00088993449
0.0001753493
0.0014148073
-0.00019020397
-0.0002452475
0.00037018042
0.0029755246
0.0015840122
0.0025257152
0.0048204088
0.0052686167
0.0055933847
0.0059723638
0.0043513805
0.0043332894
0.0022239029
0.00083914377
0.0002432142
0.0010460187
0.0030204395
0.0038689106
0.0024079467
-0.0010682607
5.18653e-05
0.0010726893
-0.0007094445
-0.00075509952
0.0013119117
-0.00089565585
-0.0022744018
-0.0028399973
-0.0023765059
-0.0032074988
-0.0042817444
-0.0039441812
-0.0059263857
-0.01069408
-0.014936641
-0.019231739
-0.017224724
-0.017577986
-0.021110429
-0.023554009
-0.023693439
-0.023005064
-0.022070443
-0.025155242
-0.028233884
-0.033112064
-0.040567221
-0.05074798
-0.065299024
-0.078528226
-0.070501254
-0.077882328
-0.083506091
-0.079154513
-0.075783729
-0.065187438
-0.053095799
-0.042644676
-0.032847944
-0.016310308
-0.023755736
-0.038623977
-0.040212245
-0.042403025
-0.038997364
-0.032075775
-0.025538264
-0.013834961
-0.0012630454
-0.0090704498
-0.010602304
0.00020456217
0.0083672913
0.011981395
0.013437404
0.020268743
0.022518182
0.021819771
0.017474817
0.019164323
0.017507844
0.015959863
0.01795822
0.015663692
0.012749766
0.011416422
0.0077569543
0.0087261697
0.0060194072
0.0040198734
0.001846206
0.0027246883
-0.00043008831
-0.00036368621
-0.0037103725
-0.0038220954
-0.0024482723
-0.0016248008
-0.0018699592
-0.00088314603
0.00032221299
-0.002225814
-0.00079931286
-0.00083608829
-0.000429752
-0.00048594037
0.00016397178
-0.00047241011
0.00098271007
0.0019866394
0.0057453754
0.0092228502
0.011567549
0.011895283
0.013552249
0.016663734
0.025333501
0.031558316
0.03660687
0.042838314
0.04847112
0.04918319
0.046882125
0.043596382
0.04212073
0.040418744
0.02722149
0.018234788
0.0081559046
0.0041359397
0.0068647512
0.014154496
0.012608937
0.010713944
0.0058699592
0.0030815251
0.0010168966
-0.003272461
-0.0026907895
-0.0034420207
-0.0038945242
-0.0010934181
-0.0008559887
-0.0017473893
-0.0020718006
-0.0027803302
-0.0025405202
-0.0017302744
-0.00010435854
0.00067689674
0.0014668866
0.0043355683
0.0057392468
0.00506785
0.0032262616
0.0021661473
0.0019294452
0.00062329927
-0.0022741052
-0.0042197863
-0.00015886436
0.00058275521
0.0014426543
0.00048102345
-0.0029458515
-0.0037118694
-0.0056052512
-0.0040761045
-0.0034234445
-0.0034123659
-0.0011566895
-0.0034713947
-0.0030947429
-0.0038031357
-0.004380132
-0.0032364145
-0.0059068804
-0.0088703891
-0.012669735
-0.012950971
-0.015470106
-0.015905505
-0.015965739
-0.018045462
-0.022770487
-0.025131024
-0.026144254
-0.027847252
-0.030846008
-0.036054615
-0.041184546
-0.0463262
-0.053369012
-0.054454514
-0.051959868
-0.057047894
-0.060358272
-0.059494958
-0.049984274
-0.036933151
-0.021963833
-0.0072209334
-0.0015269272
-0.0018596125
-0.013483506
-0.024282534
-0.020991675
-0.021256914
-0.015893952
-0.0084896143
-0.0015408535
0.0053349779
0.01115801
0.007936549
0.0090973645
0.015939312
0.019208138
0.022908449
0.02056414
0.021368219
0.021347337
0.02116272
0.016843447
0.01581419
0.016310923
0.014480309
0.014829913
0.011107144
0.009452644
0.0077076339
0.0051456761
0.0050611176
0.004226405
0.002857243
-0.0012890376
0.0016276841
0.0018309363
0.00020583991
-0.0020260069
-0.0044899679
-0.0028064219
-0.0026924102
-0.0017235697
-0.0026841667
-0.0011625405
-2.7208924e-05
-8.218153e-05
0.0006490919
0.0027299826
0.0031528301
0.0031853033
0.0021494732
0.0032360039
0.0061055379
0.0080848471
0.010850545
0.014710901
0.016137842
0.019031605
0.02426142
0.027903727
0.031101652
0.033931576
0.037212991
0.040468701
0.041107474
0.036037266
0.026929255
0.01740197
0.014838656
0.012519625
0.008639274
9.2374634e-05
0.005410012
0.013380858
0.0098508163
0.011666899
0.0084157579
0.0043042541
0.00023307526
-0.0039825298
-0.0061163765
-0.0070716385
-0.0082967195
-0.0087282164
-0.006473173
-0.0036256063
-0.0016375017
-0.0025542255
-0.0039539394
-0.0038408098
-0.0034466695
-0.0020353969
-0.0010937336
-0.00023936155
0.00058973531
0.0008723735
0.0011105605
9.0802034e-06
-0.00058464029
-0.0017418076
-0.00047333714
-0.0035858344
-0.0042325007
-0.0022749006
-0.0027175411
-0.0020956082
-0.0033741234
-0.0050782764
-0.0046575794
-0.0057655393
-0.0066643435
-0.0050128494
-0.00417429
-0.0033201195
-0.0019671968
-0.0030507992
-0.0032628543
-0.0032122991
-0.0039831971
-0.0026137281
-0.0045118754
-0.0058238043
-0.0094328916
-0.010723521
-0.010148558
-0.013739416
-0.013127369
-0.016965212
-0.020836067
-0.023843285
-0.026628135
-0.027784831
-0.033776594
-0.038416134
-0.040909964
-0.03887732
-0.033130679
-0.033255124
-0.036300907
-0.027416341
-0.026202327
-0.023741915
-0.0088704103
-0.0012703101
0.0090008637
0.0069459402
0.0034148845
-0.0039708556
-0.0070162156
-0.0086799795
-0.0062967434
-0.0012713099
0.0010671146
0.0048431834
0.0079062741
0.016326632
0.016813247
0.017169612
0.017049011
0.016439856
0.01972072
0.018282182
0.017931245
0.015446894
0.014349334
0.013756719
0.010955651
0.0070603143
0.0061714502
0.0078440467
0.0054968264
0.0054088575
0.0044615791
0.0051087634
0.0024349553
0.0012271443
0.00052750436
0.0014387154
0.0020878613
0.0017504847
0.0016387852
-0.0010047351
-0.002197211
-0.0017795511
-0.00063595761
-0.001295286
-0.001861097
-0.0017912474
-0.00097838561
-0.00051343511
0.0013632561
0.0029173864
0.0027225864
0.0028160852
0.0027656446
0.0024831885
0.004820183
0.0063155604
0.0077010025
0.010802555
0.014015568
0.016766388
0.019765752
0.023174955
0.025697224
0.028681074
0.026940817
0.026675452
0.022425636
0.010471983
0.0089165624
0.0090166679
0.0086684016
0.010948576
0.007577163
0.0037064115
0.0074869167
0.01059626
0.0097219357
0.0092345588
0.0070237009
0.0028870865
-0.00045738157
-0.0011422072
-0.0021882858
-0.0030988147
-0.0038679206
-0.0049808993
-0.0038087211
-0.0034828433
-0.0028191837
-0.0017257125
-0.0026968877
-0.0049973382
-0.0047710156
-0.0034361538
-0.0034278667
-0.0026985764
-0.0030652687
-0.0030411553
-0.0034048375
-0.0032165175
-0.0027381422
-0.0029154996
-0.0020088963
-0.0036623893
-0.0028871549
-0.0016469804
-0.0038648446
-0.0016061113
-0.0043872899
