0.0046785791
0.0045140055
0.0047373041
0.005091845
0.0047369584
0.0038302402
0.0048424893
0.0050737244
0.0071334344
0.0079335988
0.0086124352
0.0067769412
0.005864148
0.0044876313
0.0024186468
0.001129992
0.0019277454
0.0030357929
0.0029011821
0.0019078283
0.0024891934
0.0020860274
0.0014651507
0.00079721357
0.0004203889
0.0010591148
0.0013209384
0.00055662054
-0.00023778065
-0.00043321643
-0.00040972645
-0.00010405616
0.00062225046
-0.00016412788
0.00010091051
-0.0011021693
-0.0013808265
-0.0023763533
-0.0023691696
-0.002532009
-0.0033396223
-0.0022562065
-0.0012554329
-0.00010028315
0.0013342648
0.0013626525
0.0013262517
-0.00023493448
-0.00092766037
-0.0028006839
-0.0037488688
-0.0040005388
-0.0028300153
-0.00081670905
-0.00018637332
0.00021647829
-0.00043967517
0.0012400849
-0.00033263596
-0.0023263854
-0.0049452481
-0.0056265671
-0.0051240389
-0.0052391982
-0.0055307792
-0.0067818272
-0.0084411332
-0.010889141
-0.012841256
-0.013878493
-0.013533535
-0.01346499
-0.013049791
-0.0097457814
-0.0084259711
-0.0076072323
-0.0075521115
-0.0078079803
-0.0082767835
-0.0077586991
-0.0090693188
-0.0076905528
-0.0077696978
-0.0059082916
-0.0068190475
-0.0083959864
-0.008424812
-0.008487744
-0.0060766713
-0.0050088487
-0.0033542774
-0.0025043369
-0.0029577155
-0.0031655426
-0.0028556408
-0.0025596601
-0.0023764251
-0.0035108071
-0.0038419683
-0.0039305284
-0.0038125625
-0.003888205
-0.0030643396
-0.0034499496
-0.003267156
-0.0027388672
-0.0031587511
-0.0035681075
-0.0036841349
-0.0043011154
-0.0038120549
-0.0040191328
-0.0041918423
-0.0044309271
-0.0048511158
-0.0062948099
-0.0043681398
-0.0037953119
-0.0026603837
0.0030812654
0.0040830171
0.0075727464
0.0073183202
0.0092006706
0.0089600605
0.0081988694
0.008691089
0.0089370764
0.0080733123
0.0061738321
0.0026542905
0.0023873616
0.0040206434
0.0036136935
0.0031168303
0.003044679
0.00315965
0.0017440792
0.002592339
0.0040912417
0.0036244185
0.0031701081
0.0033687577
0.004381403
0.0043324237
0.0044232782
0.0043496977
0.0040777418
0.0030329129
0.0032154464
0.0042184034
0.005234052
0.0054778505
0.0050116747
0.0053732591
0.0051995999
0.0036390075
0.0034865392
0.0010770531
-0.00047806924
0.00025232738
-0.00012195005
0.00036530801
0.0011260033
0.001231813
0.00046256966
0.00066040309
0.00043362508
0.00045303389
0.00038790644
-0.00010244721
-0.00089585052
-0.0015216096
-0.0010056294
-0.0012702594
-0.0014756581
-0.0019383078
-0.0026596768
-0.003724475
-0.0041123756
-0.0049158132
-0.0055015958
-0.006588121
-0.0061772757
-0.0054540395
-0.005827925
-0.0050478056
-0.0033046377
-0.0019745296
-0.0012328677
-0.0015570984
-0.0019790746
-0.0010871936
-0.0025479508
-0.0039042117
-0.0040720336
-0.0026461945
-0.0011669387
-0.00024224997
-0.00049362332
-0.00027823718
0.0006527746
-0.0009751562
-0.0024996031
-0.0029819079
-0.0028400082
-0.0028755721
-0.0034493368
-0.005583448
-0.0072604821
-0.0079889727
-0.0089786463
-0.010318991
-0.010438209
-0.0093580166
-0.0091012862
-0.0060979165
-0.0052985366
-0.0058862836
-0.004978828
-0.0044648404
-0.0054661703
-0.0071951783
-0.0073232632
-0.0065905313
-0.0059494591
-0.0042416589
-0.0050860939
-0.0056088331
-0.0067469404
-0.0059921018
-0.0043684789
-0.0041329493
-0.0033064802
-0.0015137163
-0.00082299978
-0.0011044875
-0.0013734564
-0.0024980695
-0.0019429457
-0.0027544415
-0.0027822798
-0.0028023807
-0.0028490188
-0.0028944614
-0.0031145189
-0.0030508619
-0.0029259455
-0.0029098544
-0.0034206022
-0.00404935
-0.0043885376
-0.0050008377
-0.0049174832
-0.005095361
-0.005488512
-0.0059181201
-0.0056240911
-0.0072588872
-0.0073622691
-0.0057679239
-0.0030142086
0.0049140199
0.0080594945
0.007740636
0.0085658065
0.0082506682
0.0073940232
0.0061078018
0.006091848
0.0070233633
0.0054702719
0.0050849907
0.0040112854
0.0022043604
0.0028905745
0.0031453765
0.0029461184
0.0034291492
0.0028106966
0.0020539965
0.0018056011
0.0019389149
0.0018457783
0.0024023306
0.0030205683
0.0032889622
0.0044329064
0.0036524233
0.0032259431
0.0031865123
0.0024297578
0.0023994731
0.0025458925
0.002869906
0.0051354892
0.0049252741
0.0045484719
0.0033245734
0.0024877774
0.0023392013
0.00094243987
0.00072140754
-2.5476543e-05
-0.00020282118
-0.00093792695
0.00031945571
0.0015787797
0.00091607934
0.00043205612
0.00085096853
0.0012766658
0.0010252662
0.0021745201
0.0026437559
0.0019613378
0.00086195677
-0.00020124709
-0.00039780169
-0.0021471178
-0.0027268964
-0.0042354697
-0.0066350306
-0.0078589837
-0.0089465183
-0.010303752
-0.011355832
-0.011837892
-0.011611632
-0.010302359
-0.0097251416
-0.0084828559
-0.0057333344
-0.0036498108
-0.0032420906
-0.0023725529
-0.003087684
-0.0040342032
-0.0052754497
-0.0046432146
-0.0034275181
-0.0010666573
-0.00041039611
-0.0017926723
-0.0014430629
-0.0012170866
-0.001148289
-0.00034633096
0.00052933554
0.00017188035
-0.0010444334
-0.0018661503
-0.0047089967
-0.0055929267
-0.0051970152
-0.0050691197
-0.0043568518
-0.0036996326
-0.0038106785
-0.0031234913
-0.0037703161
-0.0031980238
-0.00073432699
-0.0011230306
-0.0015807616
-0.003247124
-0.0055341245
-0.0069489366
-0.0055839888
-0.0040533437
-0.0030118299
-0.0049985211
-0.0068627359
-0.0052750892
-0.0048162221
-0.0035387223
-0.0033899102
-0.0031274948
-0.0016406269
-0.00057655845
-0.00019449274
-0.00088074875
-0.002434949
-0.0027020356
-0.002044926
-0.0019965982
-0.0023075747
-0.0033747627
-0.0039260819
-0.0033783551
-0.0034407404
-0.0032585511
-0.0037583414
-0.0038100126
-0.0037605378
-0.0041887437
-0.0048681146
-0.0049542649
-0.0056367588
-0.0052057945
-0.0062332583
-0.0062780438
-0.0076645069
-0.0079086089
-0.00037991909
0.0054482491
0.0062642448
0.0060134466
0.0050901
0.0047804612
0.0037626918
0.003709496
0.0066240468
0.0047758406
0.0032913614
0.002797078
0.0029010455
0.0036019614
0.002377443
0.0022799422
0.0017812211
0.0021181995
0.0020310966
0.0015890447
0.0011502107
0.00061370131
0.0013675903
0.0013261098
0.0020962064
0.0025996786
0.0033558246
0.0028622272
0.0031600541
0.0034573942
0.0036279254
0.0037680217
0.0034234029
0.0028159762
0.0043572033
0.0067458271
0.0068189398
0.0064609213
0.004667077
0.0032556905
0.002231495
0.0011720662
0.00036566871
0.0018077358
0.0016695395
0.0018340674
0.0024481631
0.0020852235
0.0023684012
0.0024311847
0.0026223258
0.0026282035
0.0037005003
0.0041995926
0.0060692672
0.0056968638
0.0034104997
0.0025482818
0.00063382194
-0.0011071825
-0.003864249
-0.0066548029
-0.0094539603
-0.013297803
-0.01512049
-0.014798926
-0.019249436
-0.018743821
-0.018381839
-0.015404494
-0.012800221
-0.010365173
-0.0082073719
-0.0068401732
-0.0053708088
-0.0047198867
-0.0050710103
-0.0053203617
-0.0050323683
-0.0053786784
-0.0041736308
-0.0018164804
-0.0013552083
-0.0026071147
-0.0025462885
-0.00079613736
0.00018182317
0.0012262908
0.001916491
0.00073414058
0.0015568295
0.002047051
-0.00036572619
-0.0032190355
-0.0014914466
-0.00080893552
-0.0013419238
-0.00092937214
-0.0019195747
0.00095554639
0.0027548779
0.0030426873
0.0033205735
0.0029819208
2.6475948e-05
-0.0034964267
-0.0047407291
-0.0059237443
-0.00487505
-0.0041280889
-0.004157437
-0.0074116732
-0.0074196468
-0.005523231
-0.0037923707
-0.0037622178
-0.0034501977
-0.0027056962
-0.0013570514
-0.00094396839
-0.001494212
-0.0017949555
-0.0011519807
-0.0016669083
-0.0022421386
-0.0032301035
-0.0034018628
-0.0040799011
-0.0044022747
-0.0043933154
-0.0044575764
-0.0039177633
-0.0033867721
-0.0035420055
-0.0031931173
-0.0037645793
-0.0035234444
-0.0039842067
-0.0033116188
-0.003932723
-0.0026179448
-0.0037541639
-0.0031292571
0.0017320384
0.0039642148
0.0036549346
0.004495502
0.0056283969
0.0028530805
0.000278042
0.0016929398
0.0032474438
0.0035349255
0.0048153531
0.0032682293
0.0015191982
0.0014142806
0.0024847151
0.0017592577
0.001286916
0.00082980308
0.00055060995
-0.00029827981
-0.00072274298
-0.00037489551
-0.00049687921
0.00015553718
0.00062691089
0.0010760552
0.0017291506
0.002357015
0.0027440628
0.0038538073
0.0042060268
0.0049423576
0.0052330526
0.0055539318
0.0061309281
0.0079066746
0.0078717027
0.0077128143
0.0059906814
0.0054030718
0.0063692439
0.0044717115
0.0016005273
0.0020704342
0.0047358594
0.0050187158
0.0046909303
0.0039760925
0.0055018435
0.0054280827
0.0062752094
0.0065878341
0.0060668872
0.0065083081
0.0078391586
0.0078186101
0.009502505
0.0095162538
0.0064517925
0.0021189172
-0.0006226056
-0.0052573226
-0.009589206
-0.01368253
-0.015206589
-0.017953192
-0.020640374
-0.024216814
-0.025174716
-0.022951013
-0.020368303
-0.017292275
-0.014086027
-0.012716836
-0.012551597
-0.011539125
-0.010206512
-0.0094322923
-0.0076434134
-0.0067388096
-0.006278293
-0.0051576742
-0.0041100432
-0.0047525637
-0.005768593
-0.0061218176
-0.0056451961
-0.0036292419
0.0019798499
0.0008266852
-0.0019659117
-0.0011118416
-0.000838763
-0.00052961457
-0.0016153399
-0.00096646381
-0.0013872016
-0.00048462006
6.4268648e-05
0.00049062822
0.0026382114
0.0034640746
0.0034029069
0.0038176913
0.0019243821
0.00013456288
-0.00031824257
-0.0028741251
-0.0044595925
-0.0025233799
-0.0025621702
-0.0033227029
-0.0047138969
-0.0049303346
-0.0047829478
-0.0050101715
-0.0038504328
-0.0039919818
-0.0034871503
-0.0028849272
-0.0029815045
-0.0030490251
-0.00290522
-0.0029675381
-0.0027531499
-0.003703547
-0.0037019886
-0.0046386109
-0.0050765588
-0.0047467379
-0.0045672187
-0.004264799
-0.0035591122
-0.0030130365
-0.0026327796
-0.002010117
-0.0018309184
-0.0020715376
-0.0014988774
-0.00095457318
0.00017046104
0.002258823
0.0025438642
0.0027989412
0.003992345
0.0068268644
0.0059300919
0.0067567688
0.0060375806
0.0025129565
0.0012434382
0.0035985297
0.0031949663
0.0034327669
0.0036516609
0.0023813691
-0.0003327792
0.00014763664
0.00027050069
9.6988694e-05
-0.00093209237
-0.00089021994
-0.0011967802
-0.0015363531
-0.0017840944
-0.0013017409
-0.00064192167
0.0003605935
0.001344238
0.0022046482
0.0024416622
0.0026736617
0.003423641
0.0043654938
0.0047347519
0.005266689
0.0063279749
0.0070516299
0.0084255476
0.0094765578
0.0053156812
0.0055247161
0.0027544312
0.0056891181
0.0063354642
0.0039982467
0.0031586498
0.0039619854
0.0058890587
0.00547494
0.0064068354
0.0074990466
0.0078135192
0.0066026849
0.0075891218
0.0066234094
0.0067644771
0.0079471484
0.0070822939
0.01153791
0.013297923
0.012699777
0.010402469
0.0073537165
0.0073465859
0.0015202169
-0.0030339199
-0.0079590271
-0.011117769
-0.017828145
-0.02579169
-0.027487493
-0.028260424
-0.0290007
-0.027753258
-0.025914798
-0.023790686
-0.021564875
-0.020220149
-0.018024048
-0.018187296
-0.015425901
-0.015063129
-0.012333896
-0.011574043
-0.011432414
-0.012085343
-0.012097292
-0.015369553
-0.01438118
-0.015519845
-0.015143984
-0.0086694872
-0.016422706
-0.019544261
-0.014464264
-0.0095114427
-0.00902671
-0.0073095232
-0.004468753
-0.0015417112
-0.0049060896
-0.0049866874
-0.004479233
-0.0033438581
-0.0023693597
-0.001414595
0.001222065
0.0013441827
-0.00087291631
-0.00064757316
-0.0023670434
-0.0023502737
-0.0020755824
-0.002844329
-0.0039534887
-0.0045104056
-0.0045646694
-0.0049240658
-0.0053801589
-0.0045064935
-0.0045891833
-0.0044902833
-0.0044976776
-0.0038234914
-0.0033922683
-0.0034478494
-0.0031638659
-0.0029950981
-0.0025762203
-0.0037764784
-0.0045907904
-0.0048065861
-0.0048035553
-0.0041008643
-0.0032784055
-0.0020654542
-0.0015736688
-0.00031066019
0.00049905605
0.0015187888
0.0019268748
0.002770309
0.0044512858
0.0069035126
0.00683899
0.0049623056
0.0049814008
0.0059915995
0.0080059712
0.0063109814
0.0063897404
0.0043523241
0.0041662019
0.0038937237
0.0041173177
0.0036757539
0.004009794
0.0042011057
0.0016586508
-0.00023827973
-0.0025827551
-0.003161786
-0.0035986425
-0.0036603242
-0.0043996735
-0.0037778681
-0.0027086099
-0.0023882759
-0.0012111777
-0.00013182307
0.0014036362
0.0017863143
0.0022526833
0.0025296949
0.0028937916
0.0036610798
0.0042044968
0.0045673255
0.0057662588
0.0068451009
0.0077401054
0.0084702395
0.0069392558
0.0052095232
0.0022175035
0.0007015956
0.0032449979
0.0030569911
0.0033873843
0.0032070473
0.0029716256
0.004624833
0.0057016977
0.0072447346
0.0079231345
0.0078306198
0.007733701
0.0067488192
0.0068816829
0.0079945334
0.011184777
0.015659844
0.015155955
0.017967742
0.019578132
0.02310774
0.020974415
0.017685588
0.013995282
0.0045334631
0.00023921201
-0.0056674492
-0.015857104
-0.022551092
-0.030686978
-0.033320836
-0.041039574
-0.039343674
-0.033954705
-0.034440183
-0.034796637
-0.033090146
-0.032826315
-0.033889822
-0.030169683
-0.030023954
-0.027143829
-0.030208732
-0.02941861
-0.029251373
-0.028439173
-0.034417064
-0.035957229
-0.039196918
-0.033434273
-0.024033895
-0.024721658
-0.032135888
-0.029209951
-0.028518832
-0.02569821
-0.017767324
-0.018135931
-0.013529223
-0.016014872
-0.014143306
-0.014321134
-0.012858484
-0.0087440556
-0.0081560849
-0.0053288873
-0.0045693568
-0.0048345073
-0.004632823
-0.0040592767
-0.0041516235
-0.0034162343
-0.0038152374
-0.0052251424
-0.0052771412
-0.0056067531
-0.0044883169
-0.0044200262
-0.004839612
-0.0050020111
-0.004572525
-0.0041154587
-0.0041525463
-0.003950581
-0.0031882794
-0.0034637576
-0.0033556855
-0.0031123157
-0.0033103579
-0.0039263609
-0.0035909879
-0.0029693767
-0.0017202138
-0.001049678
-0.00026852457
0.00076441608
0.0017968488
0.0021684331
0.0034088998
0.0038864009
0.0058161929
0.0074595539
0.010861201
0.0090414548
0.0022461151
0.0050071121
0.0065533503
0.0077081606
0.0052501862
0.007708978
0.0050140369
0.0029264591
0.0033866015
0.001329327
0.0013764313
-0.00064504136
-0.0014710717
-0.0034728172
-0.0040195263
-0.0069653908
-0.0077522267
-0.0091358001
-0.0086718411
-0.0056323347
-0.0035702389
-0.0031427955
-0.0019381424
-0.00063712186
0.00016277824
0.00056027747
0.0014773044
0.0021707053
0.0024590975
0.00290704
0.0034321162
0.0044689169
0.0057627184
0.0061846265
0.0066180257
0.0067236961
0.0080712269
0.0036071737
0.00016014397
0.0013986073
0.0010280343
0.0022405775
0.0012218818
0.0019059942
-0.00220788
-0.0007537732
0.0028621276
0.0066375542
0.0077546991
0.008598531
0.0079683062
0.0091573727
0.0073453751
0.0057059637
0.0078819061
0.016013772
0.018511872
0.018386006
0.022148106
0.026738237
0.030275206
0.028826734
0.021784973
0.01479091
0.0074463731
-0.0025807288
-0.008566338
-0.01785203
-0.024147952
-0.026119967
-0.031258564
-0.040950964
-0.035180553
-0.030823648
-0.037453603
-0.041582588
-0.047240966
-0.04606647
-0.053044212
-0.046935387
-0.046043961
-0.046706074
-0.043584908
-0.050230734
-0.048334728
-0.054311424
-0.060646247
-0.052316769
-0.052975748
-0.04974647
-0.050223849
-0.041659618
-0.042260654
-0.038377395
-0.032324215
-0.028931391
-0.023137648
-0.023263144
-0.02112585
-0.02311087
-0.021501449
-0.017193178
-0.016142583
-0.013532309
-0.010390065
-0.0090351183
-0.0075887834
-0.005771848
-0.0053502723
-0.0045846127
-0.0045850234
-0.0061106461
-0.005673632
-0.0066081076
-0.0056336177
-0.0047369476
-0.0040480281
-0.0040518253
-0.0039059324
-0.0046941278
-0.0044144515
-0.0042386476
-0.0037084762
-0.0033568432
-0.003093756
-0.0029763903
-0.0025754255
-0.0026501931
-0.0026951919
-0.0028910838
-0.0012874991
-0.0011206331
-0.00015592105
-0.00030294861
0.00055611785
0.0013055328
0.0027394295
0.0028981371
0.0048369905
0.004818363
0.0072976118
0.0070768015
0.011355948
0.0072346463
0.00040195466
0.0021940341
0.0042021673
0.0070927913
0.006899079
0.0040557652
0.0025487308
-0.0015608727
-0.0025433076
-0.0033509151
-0.0022026883
-0.0052329614
-0.0063243875
-0.0093188136
-0.0095487286
-0.0089791407
-0.0092016366
-0.0080634769
-0.0061607546
-0.0041567016
-0.0023306158
-0.0013970877
-0.0015014325
-0.00031287724
0.00075625122
0.00064241561
0.0014621604
0.0013611395
0.0022581828
0.0026513246
0.0043338065
0.0050580444
0.0059914016
0.0069764607
0.0057620358
0.0086294063
0.0062204728
0.002105544
0.00034768028
-0.00066062439
0.00073503641
0.0019430587
-0.00022771926
0.00029409658
-0.0036295673
-0.0058282498
0.0022138565
0.0087852159
0.0089657704
0.009757934
0.0098170757
0.012236555
0.011400129
0.0083477335
0.0093752086
0.014798558
0.018738441
0.021883131
0.026845649
0.030137626
0.028826324
0.024892259
0.017821774
0.010694203
0.0013054819
-0.0075251129
-0.016335951
-0.022417589
-0.029788778
-0.027409976
-0.037522138
-0.038754423
-0.032349474
-0.034249716
-0.037376857
-0.046543362
-0.05597993
-0.059101801
-0.05244694
-0.055353863
-0.053515712
-0.054382002
-0.051794656
-0.063622213
-0.061703141
-0.064519048
-0.068263277
-0.064691438
-0.061679599
-0.058854833
-0.052720146
-0.048898761
-0.041936432
-0.035136389
-0.029718343
-0.02322177
-0.019297618
-0.019186412
-0.020280089
-0.020207602
-0.017691663
-0.015833584
-0.01342567
-0.011601249
-0.0082018871
-0.0056952651
-0.0056006279
-0.0047072026
-0.0016557886
-0.0011559845
-0.0017879993
-0.0026727075
-0.0027502468
-0.0033737181
-0.0040127332
-0.0031603518
-0.0023006108
-0.0016319996
-0.0023917847
-0.0020405311
-0.0013880685
-0.001166479
-0.0019275311
-0.0021999936
-0.0017068235
-0.00094502545
-0.0007307163
-0.00050763798
0.00069395563
0.00064137188
0.00049158873
0.0014740192
0.0016856678
0.0020336165
0.0029493884
0.0033923356
0.0038728648
0.0046310334
0.0061005049
0.0067278759
0.0072487447
0.0078284758
0.0095498109
0.0063444419
-0.0027660229
-0.00012151688
0.00094751809
0.0033202811
0.0035194054
0.00083909878
-0.0025755503
-0.0067629204
-0.0058543902
-0.0051594994
-0.0036529059
-0.0076898699
-0.0092336469
-0.0065932387
-0.0071676955
-0.0065395882
-0.0045322051
-0.0024276359
-0.0018368176
-0.00031542616
-0.00027991995
0.0010219486
0.00097708682
0.0019994723
0.0011827473
0.0023154141
0.0019950536
0.0026472265
0.002670047
0.0040869862
0.0047637671
0.0056081677
0.0049627971
0.0034095239
-0.00014425032
0.00059000185
-0.0005500269
-0.0041972618
-0.0030964941
-0.0024878474
-0.0019327205
0.00044251124
-0.0038561272
-0.0056467091
-0.013009011
-0.0094261454
0.0019625058
0.0052431098
0.006576225
0.006458592
0.0068109511
0.008910147
0.010263945
0.009119016
0.0074546497
0.0086175776
0.012195372
0.012766655
0.013399475
0.011183627
0.0062215102
0.0041542017
-0.0013108974
-0.0066173108
-0.016633317
-0.023651203
-0.032574149
-0.036234124
-0.03824981
-0.037780537
-0.045151633
-0.047122547
-0.050454153
-0.047928993
-0.049585396
-0.050320772
-0.06177962
-0.067224861
-0.060853839
-0.060827506
-0.059682978
-0.053645744
-0.057693635
-0.067922173
-0.066394283
-0.066514133
-0.063422305
-0.06386636
-0.057672037
-0.054458289
-0.048577381
-0.04130021
-0.032927861
-0.027243246
-0.020669307
-0.019821703
-0.016493245
-0.016422057
-0.015039192
-0.016369233
-0.013336858
-0.013040209
-0.010005046
-0.0085971972
-0.0071077604
-0.0055596796
-0.0033744349
0.00060905183
0.0014624418
0.0031850876
0.0047806354
0.0017465005
-6.0078019e-05
0.0011361669
0.00014246422
-0.0010844979
-0.00068170615
7.9123047e-05
0.0008912603
0.0011702519
0.0008148971
0.0012337073
-0.00056121476
-0.00060969209
-0.00083413977
-9.5791512e-05
0.0024272944
0.0020225294
0.0034456421
0.0033214547
0.0039267341
0.0033099432
0.0047575805
0.0051355625
0.0058582487
0.006760049
0.0069864218
0.0061203153
0.0076683749
0.0075262114
0.0087613898
0.010417908
0.011563265
0.0045895116
-0.0013066581
-0.0031589692
-0.0039722601
-0.0022515226
0.00046261827
-0.0030252308
-0.0048282999
-0.009470019
-0.0095618016
-0.0073153417
-0.0089316849
-0.0068769245
-0.005865759
-0.0043859954
-0.0024642098
-0.0001554738
-0.00019575096
-5.5990309e-05
-0.00011760021
-3.9225368e-05
-0.0011804827
0.0006556074
0.00036009701
-0.00075551741
-0.001061864
-0.00039299156
5.0824395e-05
0.0019935525
0.001731072
0.0017260075
0.0026050222
-0.0017295206
0.00027278649
-0.008163868
-0.0098448329
-0.0056944686
-0.0067075126
-0.010330437
-0.0085988778
-0.0069139989
-0.0093469208
-0.0099263565
-0.0094546751
-0.015698931
-0.021673257
-0.013998554
-0.0091889721
-0.004326902
-0.00098324204
-0.0003475064
0.0012582282
0.0037685406
0.0052690269
0.0055254979
0.0022805593
-0.0027054727
-0.0055224499
-0.0085897847
-0.011765625
-0.018065125
-0.023889583
-0.029483681
-0.033644827
-0.035880482
-0.038620447
-0.045997699
-0.056930954
-0.06145128
-0.054661672
-0.049157558
-0.061395553
-0.065879519
-0.06851131
-0.06641859
-0.066739773
-0.067384966
-0.069498077
-0.070677858
-0.070663528
-0.064944824
-0.063449527
-0.062200734
-0.06101426
-0.064249112
-0.064218663
-0.05920208
-0.054619862
-0.050143099
-0.044273913
-0.038326233
-0.035096762
-0.030613954
-0.022987404
-0.019587061
-0.019989452
-0.017260554
-0.013350716
-0.015181453
-0.015128428
-0.014446149
-0.013688996
-0.011744072
-0.0086774862
-0.0074894791
-0.0050203272
-0.0031650678
0.0014524467
0.0048061786
0.0061538819
0.0082677062
0.0096018125
0.0087946621
0.0042454523
0.0045678905
0.0064266388
0.0052851868
0.0051119563
0.0043338091
0.0033622633
0.0041230354
0.0044127004
0.0042667239
0.0051931089
0.002451535
0.0017173496
0.002430026
0.0043201597
0.0058988855
0.0055001075
0.0039303397
0.0058538478
0.0054295798
0.005455827
0.0052583491
0.0072062638
0.0066050166
0.0081870568
0.008009787
0.011073158
0.0091085754
0.0094503557
0.0045203848
0.0016398565
-0.0069014356
0.0011316763
0.0077679707
-0.0044944199
-0.00024739475
0.00085217235
-0.0023932836
-0.0051418471
-0.0064717713
-0.0086282303
-0.0074850435
-0.009746932
-0.0064550409
-0.0014865819
0.0010842781
0.0011217414
0.0044126389
0.0033822885
0.0011635295
0.0017604809
0.0020922367
-0.0016385306
-0.0010006634
9.8765427e-05
-0.0017113877
-0.001139589
-0.0025218799
-0.0017917224
-0.0025381288
-0.0021251528
-0.0023781696
-0.0020193418
-0.0066286204
-0.0060446282
-0.0083190448
-0.0075691749
-0.0093077419
-0.012150395
-0.0099567479
-0.0070328262
-0.010368729
-0.010251128
-0.013181282
-0.012410478
-0.017058285
-0.01835552
-0.014168309
-0.016584679
-0.011156508
-0.0073619698
-0.0059570143
-0.0052673466
-0.0023825996
-0.0020863131
-0.0020542453
-0.0044975133
-0.0098559184
-0.016920308
-0.023597144
-0.031965164
-0.043705353
-0.051815496
-0.058744996
-0.053357282
-0.05193759
-0.06041625
-0.064828248
-0.076902503
-0.082573967
-0.083686164
-0.07535975
-0.080741392
-0.09025096
-0.092296386
-0.084695142
-0.081241799
-0.074245031
-0.072792697
-0.070674243
-0.064181965
-0.05360286
-0.053208185
-0.064685251
-0.062692324
-0.056025337
-0.051521568
-0.0447926
-0.038091943
-0.032403771
-0.025986623
-0.020811181
-0.016967928
-0.011637916
-0.0085460167
-0.008552344
-0.0097840188
-0.0095249553
-0.0078471133
-0.0083769347
-0.010103536
-0.0086483495
-0.0075723861
-0.0075385586
-0.0076785461
-0.0021862055
-0.00052422009
-0.001043946
0.0029861041
0.0057423631
0.0057967929
0.007375046
0.0098629117
0.0083507445
0.0079276059
0.0069543823
0.0094714629
0.0083815082
0.0062613994
0.0068930646
0.0044060129
0.0043874205
0.0076116943
0.0088355229
0.010064058
0.0089020106
0.0048161438
0.0069128516
0.0080024047
0.008185138
0.0082008222
0.0074994394
0.0090720363
0.010933779
0.011517074
0.0079644779
0.0077876958
0.0084522083
0.01183071
0.013734207
0.016533808
0.022241594
0.022304859
0.012786026
0.0035511534
-0.00091851844
0.0087926743
0.012620085
0.0051916488
0.0010802565
0.0021917039
0.0014387464
-0.0014568634
-0.0034217269
-0.0047669397
-0.0050331407
-0.0037230944
-0.00061908985
0.0022561901
0.0069304646
0.0058271964
0.0077070681
0.00782778
0.0057009843
0.0063462325
0.0035959058
0.0035843613
0.00088819256
0.0016437874
0.0010415904
-0.0011663598
-0.0021410494
-0.0016674838
-0.0022633827
-0.0010742937
-0.0036142271
-0.0046712385
-0.0063920412
-0.0064605124
-0.0086200786
-0.006213568
-0.0079853245
-0.0094269932
-0.0089303323
-0.010429147
-0.010878193
-0.0087603863
-0.011485302
-0.013289247
-0.013703967
-0.012588945
-0.016499216
-0.019295733
-0.020398487
-0.017207311
-0.017475827
-0.015726456
-0.012731142
-0.011364474
-0.010480085
-0.013643442
-0.015461022
-0.020809996
-0.029902161
-0.04338237
-0.058152894
-0.073208262
-0.071409816
-0.06478903
-0.071584272
-0.081915375
-0.088488731
-0.094270649
-0.096007967
-0.092868286
-0.085180436
-0.076099306
-0.083608918
-0.079367775
-0.074269959
-0.079052878
-0.0776337
-0.071748862
-0.05724577
-0.044272248
-0.038230789
-0.040022612
-0.052016193
-0.044155044
-0.027647802
-0.021356127
-0.015610131
-0.0086706817
-0.0032209515
-0.00044693778
0.0014176143
0.0052817694
0.0077667035
0.0075792688
0.0094844086
0.0093753008
0.0087087937
0.0082999363
0.0033836363
0.0021862137
0.001474191
-0.00078575459
-0.00036182042
0.00098417375
0.0019667477
0.001900887
0.0020419067
0.0028917531
0.0035765538
0.0029672056
0.0060667107
0.0063059985
0.0063458426
0.0051976315
0.0036869805
0.0028688278
-0.00099792297
0.0026924548
0.0016982565
0.002101998
0.0069616439
0.0064077276
0.0091329782
0.014809801
0.018058588
0.017626757
0.017814723
0.021916463
0.028492635
0.031363777
0.03141216
0.030451097
0.033892766
0.031616078
0.02942472
0.031403242
0.029599492
0.029086438
0.02811734
0.020433548
0.014909326
0.010915401
-0.0023982481
-0.0052939225
0.010332075
0.017878623
0.014272482
0.0064268739
0.0068645336
0.0015873149
-0.00098131495
-0.0016153686
0.00034731972
0.00084292963
0.00080314609
7.5846047e-05
0.00064774144
0.0030373523
0.0043351914
0.0060938114
0.0043883892
0.0064794149
0.0062450542
0.0029840618
0.0038495213
0.0054839253
0.0039773013
0.0029514039
0.00092943921
-0.0020585496
-0.0030949674
-0.0021042795
-0.00014499371
-0.0015850309
-0.0046638994
-0.0076875104
-0.0051992382
-0.0079929754
-0.0062699235
-0.0065489411
-0.0083080693
-0.0095974401
-0.012003672
-0.012736306
-0.0095362407
-0.0088895827
-0.0086150773
-0.0098387454
-0.013313202
-0.014890144
-0.020528201
-0.024707737
-0.023754081
-0.028217054
-0.024079078
-0.021676995
-0.01917068
-0.01852573
-0.018646315
-0.022355192
-0.023402688
-0.029335523
-0.03504161
-0.04684471
-0.065039974
-0.082203011
-0.070182283
-0.074195254
-0.08410897
-0.079895428
-0.081094643
-0.078690423
-0.073356711
-0.066655119
-0.057921657
-0.039782053
-0.038652436
-0.049591147
-0.052907523
-0.061083241
-0.066595382
-0.058292941
-0.046720664
-0.027420839
-0.010475581
-0.01922344
-0.029047125
-0.015700757
-0.0022160604
0.0075640693
0.011486905
0.014765604
0.018002858
0.022459892
0.020430577
0.022947839
0.021998259
0.020252436
0.019540231
0.017628454
0.016297712
0.014489833
0.012610818
0.011364379
0.011097956
0.0063798609
0.0045740176
0.0043247916
0.0057916154
0.0037136859
0.0043170953
0.0056801695
0.0068225796
0.0063322032
0.007233712
0.0059372688
0.0046781576
0.001078497
-0.00053010141
-0.0008001578
-0.001401073
-0.0028685627
0.00132658
-0.00031040133
0.0021372596
0.0042294986
0.0091392989
0.013241446
0.016084986
0.021116427
0.023855143
0.031448675
0.04060886
0.046311376
0.051962399
0.054942867
0.055105844
0.051534241
0.043666544
0.039399363
0.038855859
0.035913862
0.029170943
0.024525477
0.01842044
0.0007143548
-0.0091243142
0.0082728358
0.015486966
0.018312986
0.012300937
0.0056237904
-0.00032621013
-0.002425191
-0.0035162021
-0.0025320088
-0.00096434661
0.0011955482
0.0029185837
0.0036375794
0.0012202731
-0.00021455739
-0.00071855371
0.0012331543
-0.0013602625
-0.00052874904
0.0012651742
0.0017206073
0.0016460038
0.0034835208
0.00038938414
-0.00033540034
-0.0032649908
-0.0042114675
-0.0038499796
-0.0031441736
-0.0023152247
-0.002040606
-0.0056434759
-0.0062324392
-0.0065385915
-0.0051473948
-0.007546549
-0.00710002
-0.0063403497
-0.0085427815
-0.010099225
-0.010446006
-0.0096364097
-0.0096450076
-0.011238477
-0.011439576
-0.015396594
-0.020051509
-0.024352927
-0.026892816
-0.023352843
-0.025672061
-0.026161512
-0.027500585
-0.026434732
-0.025692987
-0.02532512
-0.026747156
-0.02905728
-0.033008712
-0.040832765
-0.048937373
-0.064129402
-0.073758841
-0.067217007
-0.07501346
-0.076817748
-0.070481474
-0.061582518
-0.05186644
-0.038935717
-0.032258192
-0.020935122
-0.0096699831
-0.020124103
-0.031680665
-0.032511553
-0.035775737
-0.033157117
-0.024896267
-0.018931201
-0.0072199764
0.0031601512
-0.0043920263
-0.0031769637
0.0080691684
0.019224852
0.024251388
0.026296537
0.031854885
0.032611777
0.029122938
0.023837653
0.024903008
0.022386189
0.020766611
0.022667035
0.019111869
0.015611863
0.013393796
0.011939833
0.01445168
0.011016499
0.0098460618
0.007057475
0.0083940172
0.0057233038
0.0058843714
0.0015363419
0.0026630099
0.0046138565
0.0048845676
0.0036890505
0.0054988548
0.0057270297
0.0032158602
0.0048420031
0.0055833032
0.0065839561
0.0063209869
0.0071199332
0.0070684507
0.0092267735
0.011941074
0.015277495
0.017261302
0.020630987
0.021900958
0.02578138
0.029797577
0.040354009
0.048768173
0.053920663
0.057962657
0.058671477
0.052666123
0.045648099
0.039101868
0.03730391
0.032529106
0.019469374
0.0084577233
0.0020407613
-0.0032365444
0.00017008314
0.011500922
0.01043333
0.011080366
0.0066344898
0.003975172
-0.00090937335
-0.0050802248
-0.0055497787
-0.0058283576
-0.0027472845
0.00045166544
0.00013016276
0.0007860651
3.3413589e-05
-0.0017371083
-0.0029559891
-0.0032168243
-0.0028245038
-0.0019578147
-0.0010200296
0.0029627801
0.0030147201
0.0024569514
0.00018182625
-0.00087511917
-0.0018923986
-0.0041774379
-0.0066264183
-0.0059587426
-0.0017378623
-0.0037224821
-0.0038806615
-0.0046654392
-0.0088102212
-0.0088634697
-0.0093712589
-0.0080181344
-0.0073396333
-0.0079476503
-0.0065134811
-0.0089417224
-0.0080525019
-0.0088876786
-0.0090274319
-0.0093775479
-0.012022817
-0.015725948
-0.019661439
-0.020218247
-0.021053426
-0.020798681
-0.020854632
-0.021985698
-0.025753117
-0.026013573
-0.026250081
-0.027302621
-0.029976021
-0.033818262
-0.037656369
-0.042008448
-0.049503495
-0.050874926
-0.050986912
-0.05363292
-0.052527544
-0.04730029
-0.035293343
-0.023033059
-0.0098871932
1.8199128e-05
0.0032831091
-0.0013236452
-0.013830166
-0.019238879
-0.013022159
-0.014532592
-0.0081141293
-0.0014521606
0.0028034693
0.0087619673
0.012973051
0.0091582002
0.01149742
0.01753242
0.022086084
0.02837673
0.02752753
0.029328056
0.028564613
0.025452781
0.019345189
0.018142651
0.016596396
0.014743167
0.014029207
0.0095980454
0.0069987044
0.0048257467
0.0042273095
0.0052906758
0.0071628574
0.0069145165
0.0040282342
0.0064095029
0.0057044764
0.0030711998
0.00038582458
-0.00090985629
0.0012327607
0.0013210979
0.0019422434
0.00086614375
0.0023184568
0.0042989409
0.004914744
0.0065751436
0.0084684263
0.0087692502
0.0094605559
0.0094383004
0.011781068
0.014244557
0.016504058
0.01793203
0.02137408
0.023960452
0.027876116
0.033631978
0.037646305
0.041340537
0.04390907
0.045389387
0.044328833
0.039340711
0.031191717
0.017907286
0.0092138576
0.0078466673
0.0065051735
0.0018660732
-0.0050394238
0.0021017538
0.0080993675
0.0052889556
0.0068883596
0.0034300809
-6.0665247e-06
-0.0039344657
-0.007674098
-0.0093962385
-0.011116327
-0.011373172
-0.010987297
-0.0076079826
-0.0034807488
-0.0010292009
-0.0020060366
-0.0038908499
-0.004008909
-0.0038531674
-0.0032265764
-0.0032146411
-0.0028144852
-0.001242623
-0.0014115586
-0.0011571348
-0.0017257752
-0.0023261076
-0.0044159363
-0.004122036
-0.0072644493
-0.0065198135
-0.0046017964
-0.0049433454
-0.0070757787
-0.0078503826
-0.010183338
-0.0076399441
-0.0090341844
-0.0087484061
-0.0072625576
-0.0073272064
-0.0074961314
-0.0064155427
-0.0066905711
-0.0073012786
-0.0071627227
-0.0075691443
-0.0064944404
-0.0086635522
-0.011127511
-0.014871394
-0.014631474
-0.014691397
-0.01672788
-0.016617603
-0.020238904
-0.022894487
-0.025191531
-0.027216705
-0.028266412
-0.033534418
-0.036133901
-0.037006793
-0.034035873
-0.030017557
-0.031709522
-0.031589725
-0.019476384
-0.016321499
-0.011303428
0.0033372003
0.0070772596
0.013524154
0.0067504945
0.0001522002
-0.0051171056
-0.0056408057
-0.0075473923
-0.0012784869
0.0046990127
0.0078809083
0.0093489705
0.010687684
0.016148292
0.015355413
0.015283389
0.01265759
0.01280446
0.018020649
0.020288484
0.020422222
0.017488614
0.015540303
0.014146696
0.011059055
0.0062578942
0.004915907
0.0062562056
0.0028474357
0.0019152232
-0.00087990605
0.00059088575
-0.00088405936
0.0019531562
0.0024468524
0.0027482563
0.0030022131
0.0021494564
0.00099725585
-0.0015461793
-0.0017152478
-0.00087654091
0.00039842105
0.00052125712
-0.00027093948
-0.00062816998
9.0183651e-05
0.0027873395
0.0062224691
0.0073324361
0.0064245756
0.00720243
0.0078736267
0.0088678039
0.010931114
0.012089334
0.012549683
0.015382657
0.018693881
0.022216129
0.025269933
0.029717129
0.031619082
0.03459004
0.030719085
0.027104176
0.01682667
0.0030141673
0.001573968
0.0030618104
0.0053559656
0.0072442318
0.0036316767
-0.00013992431
0.0048224384
0.0047841269
0.0035568725
0.0018699676
-0.00083400154
-0.0040976162
-0.0064194564
-0.007386742
-0.0070344199
-0.0078953385
-0.0088328767
-0.0095206286
-0.0068005933
-0.0053204029
-0.0037950681
-0.0029922624
-0.0028748406
-0.0054481886
-0.0061525904
-0.0052000256
-0.005448782
-0.0050508151
-0.0048470528
-0.0041287252
-0.0047937486
-0.0041361048
-0.0036833831
-0.0041108772
-0.0033756359
-0.0055690725
-0.0058482236
-0.0046688647
-0.0063208229
-0.0053155819
-0.0094206305
