0.0048064114
0.0046950403
0.0048856225
0.0052331042
0.004849157
0.0038851128
0.0046210588
0.0047077624
0.0066877036
0.0075590349
0.0082910437
0.006432505
0.0054996456
0.0040114427
0.0020347877
0.00086885917
0.0017490505
0.0028986317
0.0026876004
0.0016476818
0.002379369
0.0020757827
0.0014785589
0.00076430828
0.00038505689
0.0010178521
0.0013445856
0.00068439607
-0.00011971052
-0.00033780141
-0.00033561827
-4.1732084e-05
0.00061228071
-0.00019010061
-4.2477276e-05
-0.0012967836
-0.0014751009
-0.0024320943
-0.0023612439
-0.0025593851
-0.0033834737
-0.0022920019
-0.001223005
-7.5929079e-06
0.0014053975
0.0014080065
0.0013571443
-0.00026771565
-0.00089896556
-0.0027611316
-0.0036465286
-0.0039420698
-0.0028158594
-0.00076179131
-8.9727729e-05
0.00040541623
-0.00022851888
0.0014903164
-9.431099e-05
-0.0021739873
-0.0048858169
-0.0055120037
-0.004964001
-0.0050958385
-0.0054169777
-0.0067482878
-0.0084674698
-0.011040188
-0.013018328
-0.014122038
-0.013805267
-0.013757477
-0.013301828
-0.009963268
-0.0086444369
-0.0078574554
-0.0077889546
-0.0079338496
-0.0084351638
-0.0078697186
-0.0091937087
-0.0078144807
-0.0078205475
-0.0059583163
-0.0069725531
-0.0084388033
-0.0083423414
-0.0083999788
-0.0060134324
-0.0051414507
-0.0035079545
-0.002651628
-0.0031537671
-0.0032704176
-0.002986033
-0.0026432316
-0.0024664899
-0.0036028559
-0.003984869
-0.0040371634
-0.003855889
-0.0039579514
-0.0030812354
-0.0035367939
-0.0033549968
-0.0027776781
-0.0031635678
-0.0035904465
-0.0037306506
-0.0043838323
-0.0039555021
-0.0041574421
-0.0043274076
-0.0045573578
-0.0049557303
-0.0064433316
-0.0044932657
-0.003808314
-0.0026392885
0.0030618287
0.0042852474
0.007696356
0.0073668841
0.00922827
0.0088364106
0.0079343784
0.0083190891
0.008617807
0.0079183283
0.0060813405
0.0026639468
0.0024582394
0.0041255505
0.0037842039
0.0032958553
0.0032515252
0.003302886
0.0018898906
0.0026959554
0.0041896944
0.0036537326
0.0032284837
0.0034608553
0.0044857142
0.0044947416
0.0046053119
0.004557534
0.0042322774
0.0032133468
0.0032532909
0.0039887863
0.0050250044
0.0052148483
0.004809014
0.0050317786
0.0046532055
0.003156957
0.0029236448
0.00053885524
-0.00088367801
-5.165893e-05
-0.00030769352
0.0001851888
0.0010000362
0.0011120967
0.00048885884
0.00071595345
0.00039000824
0.00036460657
0.0003485281
-0.00011896556
-0.00080641084
-0.0013562072
-0.00086589053
-0.0012167781
-0.0014912089
-0.002016827
-0.002750577
-0.003895939
-0.0042157399
-0.0049249572
-0.0054453089
-0.0065669904
-0.006224575
-0.0055350575
-0.0058274724
-0.0049782971
-0.0031818865
-0.0018661755
-0.0010845441
-0.0014438316
-0.0019029289
-0.0010587299
-0.0025095761
-0.0037560686
-0.0039013116
-0.0026460164
-0.0011824107
-0.00024521187
-0.00037871438
-0.0001352877
0.00087304555
-0.00076322381
-0.0023431891
-0.0028806056
-0.002708376
-0.0027931777
-0.0033317839
-0.0054152622
-0.0070855491
-0.0079722579
-0.0091218623
-0.01061599
-0.01078981
-0.0096733802
-0.0093800032
-0.0064027907
-0.0056297941
-0.0061567464
-0.0053083648
-0.0047119901
-0.005595982
-0.0074001452
-0.0075092117
-0.0067030498
-0.0060410402
-0.004337235
-0.0052335458
-0.005639613
-0.0067389617
-0.0059584947
-0.0043605609
-0.0042188596
-0.0033930315
-0.0014584592
-0.00087555781
-0.001206607
-0.0015719094
-0.0026486714
-0.002091765
-0.0029009247
-0.0029494658
-0.0029734595
-0.0029943951
-0.0030133861
-0.0031883922
-0.0031094343
-0.0030224771
-0.0029713598
-0.0034982443
-0.004117608
-0.004456838
-0.0050934239
-0.0050483847
-0.0052239731
-0.0055814825
-0.0060093136
-0.0057075446
-0.0073442238
-0.0074635292
-0.0058646084
-0.002937814
0.0049589991
0.0080716452
0.0077553279
0.0085000247
0.0082495942
0.0073191031
0.0059118942
0.0057768162
0.0066696068
0.005153775
0.0050324351
0.0040804486
0.0023423478
0.0030425179
0.0033446832
0.0031849648
0.0037385419
0.0030043888
0.0021486852
0.001842799
0.001964806
0.0018539409
0.0023991223
0.0030357695
0.0033459465
0.0044957833
0.0038000879
0.0033762402
0.0033579525
0.002589536
0.0025346332
0.0025868441
0.0026815805
0.0049697172
0.004738264
0.0042682106
0.0030200741
0.0021000721
0.001862574
0.00054473882
0.00026907867
-0.00035972918
-0.00048759415
-0.0011590602
0.00015309075
0.0014530147
0.00082931164
0.0004299043
0.00089337407
0.0012735242
0.00097484438
0.0020891812
0.0026386036
0.002042262
0.0010331034
-2.7328335e-05
-0.0002823865
-0.0020339107
-0.0026424432
-0.004241506
-0.0067132066
-0.0078753444
-0.008885194
-0.010241603
-0.011354055
-0.011914832
-0.011626145
-0.010278482
-0.0096591887
-0.0083657744
-0.0055754753
-0.0034363842
-0.0030542737
-0.0023025158
-0.0030516543
-0.0039569016
-0.0050408027
-0.0044066205
-0.0033097035
-0.00099639671
-0.00052377225
-0.0017877555
-0.0014074272
-0.0012565914
-0.0012018607
-0.00041937039
0.00049505472
0.00014167138
-0.00099213095
-0.001607893
-0.0045593661
-0.0054679156
-0.0052393226
-0.0052935088
-0.0046299115
-0.0038865488
-0.0039871891
-0.0033375968
-0.0039775987
-0.0034235673
-0.0009809727
-0.0013175258
-0.0018085257
-0.0035883725
-0.0058381858
-0.007231467
-0.0057757714
-0.0042690785
-0.003129122
-0.0050356756
-0.0068429929
-0.0052917773
-0.0048913116
-0.003557884
-0.0033835565
-0.0030747805
-0.001697399
-0.00068041504
-0.00036080982
-0.00104515
-0.0025939087
-0.0028408096
-0.0021831831
-0.0021409543
-0.0023892354
-0.003441929
-0.0040012626
-0.0034407456
-0.003526948
-0.0033617316
-0.0038562048
-0.0039063704
-0.0038492553
-0.0042608158
-0.0049435046
-0.0050172584
-0.0056771011
-0.0052358978
-0.0063079345
-0.0063824719
-0.0076085731
-0.0078325738
-0.00038680293
0.0054024495
0.0062628536
0.0060025288
0.0050601683
0.0047637694
0.0037433648
0.0035369155
0.0062968673
0.0042465854
0.0028926946
0.0026585831
0.0029174988
0.0037013452
0.0026103298
0.0024810194
0.0020422976
0.0023707036
0.0022153767
0.001681398
0.001149769
0.00056791256
0.0013669363
0.0013491503
0.0021312596
0.0026177195
0.0034084324
0.0029320365
0.0032660821
0.0035400785
0.0037117518
0.0038302258
0.0034717666
0.0028306013
0.0043217563
0.0065853609
0.0066322831
0.006230335
0.0043877697
0.0029572101
0.0019329214
0.00078274585
5.6758608e-05
0.0015944619
0.0014883788
0.0017451186
0.00236568
0.001991589
0.0022985761
0.00237691
0.0026422974
0.0025960878
0.0035799514
0.004062887
0.0061404312
0.0059423805
0.003710273
0.0029099568
0.00093145187
-0.00091974226
-0.0037821611
-0.0066179498
-0.0093687726
-0.01315789
-0.015097984
-0.014749021
-0.019229939
-0.018822279
-0.018525173
-0.015415565
-0.012645881
-0.010198562
-0.0079818327
-0.0064996169
-0.0051236
-0.0045723105
-0.0049835341
-0.0052041213
-0.0049605636
-0.0053091833
-0.0040647706
-0.0018178535
-0.001459547
-0.0027131046
-0.0027123343
-0.00098366606
5.8898318e-05
0.0010621676
0.0017573627
0.00069160972
0.0017433561
0.0022126647
-0.00025751132
-0.0031041665
-0.0015049304
-0.00092030423
-0.0015992463
-0.0011477056
-0.0019871875
0.00096601876
0.0027661857
0.002944383
0.003194417
0.0027931577
-0.00020736303
-0.00386851
-0.0051308791
-0.0063581151
-0.0052436897
-0.0044241783
-0.0043496243
-0.007488943
-0.0073981362
-0.0055298018
-0.0038128247
-0.0037542477
-0.003431709
-0.0027295714
-0.0014287286
-0.0010129214
-0.0015757796
-0.0018706638
-0.0012599511
-0.0017690096
-0.0023179366
-0.0032682102
-0.0034875666
-0.0041363007
-0.0044803552
-0.0044632561
-0.0045346581
-0.0039759615
-0.0034343281
-0.0035690269
-0.0032248002
-0.0038092455
-0.0035564321
-0.0039931068
-0.0033547239
-0.0040662131
-0.0027968263
-0.0038365216
-0.0030402556
0.0018721274
0.0040810408
0.0037264766
0.0045694336
0.0058436846
0.00283048
0.00037026553
0.0015757468
0.0030551045
0.0032880453
0.0045959989
0.0031350993
0.0014115499
0.0015132981
0.0026402383
0.0019525723
0.001413636
0.00095356353
0.00062430356
-0.0002565591
-0.00075163969
-0.00039942586
-0.00053461058
0.00015847082
0.00062842637
0.0010977277
0.0017338497
0.0023992422
0.002807032
0.0038388477
0.0041509904
0.0048701445
0.0051519634
0.0054876057
0.0060599093
0.0077037464
0.0076758726
0.0075717207
0.0059033756
0.0053187177
0.0061438646
0.0042308171
0.0013351274
0.0018018259
0.0046438315
0.0048973116
0.0045898001
0.0039239398
0.0053087155
0.0051752124
0.0060603911
0.006405338
0.00582395
0.0062240016
0.0075030448
0.0076292379
0.0095689732
0.0096082339
0.0066311994
0.0023489424
-0.00041150963
-0.0050784667
-0.00938725
-0.01355162
-0.015003918
-0.017745756
-0.020278677
-0.024059826
-0.025201312
-0.022887563
-0.020258287
-0.017271904
-0.013944951
-0.012513989
-0.012328613
-0.011237917
-0.010067323
-0.0092933754
-0.0076612518
-0.0067906248
-0.0062689337
-0.0051332858
-0.0041226442
-0.0048316527
-0.0059329704
-0.0062598707
-0.0056303626
-0.0036365865
0.0019095774
0.00078903261
-0.0018778816
-0.00099434074
-0.00075946151
-0.0004808909
-0.0015121743
-0.0008244995
-0.0013531077
-0.00045109223
-8.5065968e-06
0.00049589135
0.0027058426
0.0034394794
0.0033671766
0.0037206119
0.0017393121
-2.8457147e-05
-0.00063789832
-0.0031030189
-0.0047007257
-0.0027550594
-0.0026822256
-0.0033168391
-0.004749073
-0.0050871431
-0.004857877
-0.0050648007
-0.0038893447
-0.0040827674
-0.0035663945
-0.0029620353
-0.0030366657
-0.0031258993
-0.0029844621
-0.0030286887
-0.0027661029
-0.0037422632
-0.0037258947
-0.0046461394
-0.0050864943
-0.004762909
-0.0046117098
-0.0043420727
-0.0036048989
-0.003066192
-0.0027002252
-0.0020990529
-0.0019118282
-0.0021394153
-0.0015826922
-0.0010909745
2.0108599e-06
0.0020765969
0.002437135
0.0028740284
0.0040543664
0.0068096114
0.0060143274
0.0069065715
0.0061307112
0.0026348134
0.0012158371
0.0034793315
0.0030564583
0.0033207209
0.0034106286
0.0021435547
-0.00041920466
0.00018313118
0.0003707689
0.00011832289
-0.00092624783
-0.00093488647
-0.0012437928
-0.0015812785
-0.0019066754
-0.0014040585
-0.0007083983
0.00032310606
0.0013201315
0.0021855958
0.0024127586
0.0026641046
0.00340285
0.0042954524
0.0046603477
0.0052184237
0.0062654049
0.0069716632
0.0084487851
0.0094645764
0.005381794
0.0054740045
0.0026912809
0.0055492039
0.0061154211
0.0038720858
0.0029772462
0.0038460977
0.0057487502
0.0053117678
0.0062185018
0.0072747404
0.0075286947
0.0062644418
0.0071961288
0.0063271066
0.0062376948
0.0071111062
0.0062963217
0.010962019
0.012919285
0.012416557
0.010293458
0.0073813403
0.0076443025
0.0018321867
-0.0028101906
-0.007591709
-0.010579544
-0.017222875
-0.02508552
-0.026887908
-0.027721641
-0.028349346
-0.027235005
-0.025391645
-0.023280273
-0.021197406
-0.020005741
-0.017842285
-0.018055972
-0.015325647
-0.015033926
-0.012384248
-0.011558613
-0.011585768
-0.012300258
-0.012333254
-0.015690622
-0.014596061
-0.015636911
-0.015042829
-0.0088395714
-0.01656867
-0.019550623
-0.014362019
-0.0093582517
-0.0088936254
-0.0071495292
-0.0040271359
-0.0013273342
-0.0048593727
-0.00494435
-0.0044993965
-0.0034961589
-0.0026058103
-0.00155241
0.0011967649
0.0012937092
-0.0010423146
-0.00095780848
-0.0025608921
-0.0025379898
-0.0024238671
-0.0030535745
-0.0042265981
-0.0046538516
-0.0046814865
-0.0049921071
-0.0054380133
-0.0045803765
-0.004656403
-0.0045472904
-0.0045857642
-0.003886341
-0.0034939708
-0.0035714617
-0.0032617834
-0.0030539741
-0.0026470925
-0.0038469558
-0.004642891
-0.0048279656
-0.0048371313
-0.0041307026
-0.0033416271
-0.0020770874
-0.0016229888
-0.00034752495
0.00041811581
0.0014505564
0.0018353752
0.0026225285
0.0042978718
0.0068056147
0.0066778627
0.0049072295
0.0049905168
0.0060321646
0.0080848197
0.0064449009
0.0065813153
0.0045674848
0.0043648011
0.0039205969
0.0040758221
0.0036365838
0.003825785
0.0038438484
0.0013350318
-0.00044642615
-0.0026264994
-0.0031556083
-0.0036461243
-0.0037347312
-0.0045168698
-0.0039125754
-0.0028390359
-0.0025243821
-0.0012968354
-0.00017702291
0.0013774214
0.0017613689
0.0022609304
0.0025345049
0.0029076257
0.003631327
0.0041763519
0.004528138
0.0056582972
0.0067305643
0.0076989589
0.008641437
0.0071802046
0.0054200157
0.0022476768
0.00061502554
0.0029727782
0.0026942335
0.0031284591
0.0029816637
0.0027251059
0.004501053
0.0056335031
0.007103576
0.007760972
0.0076367555
0.0073378099
0.0062518218
0.0061344012
0.0069858362
0.0099511579
0.014460279
0.014190526
0.017174239
0.019033835
0.022733213
0.020850096
0.017842118
0.014335177
0.0049649715
0.00074388423
-0.0051084538
-0.015170414
-0.021923046
-0.030044722
-0.032721854
-0.040362192
-0.038676858
-0.033491405
-0.034238023
-0.034633422
-0.033070456
-0.032951105
-0.034005781
-0.030141438
-0.030090363
-0.027337168
-0.030399145
-0.029600495
-0.029494611
-0.02869959
-0.034756809
-0.036266264
-0.039408717
-0.033378195
-0.024161775
-0.024740325
-0.03209485
-0.02924437
-0.028484302
-0.025763623
-0.017751029
-0.018178398
-0.01370218
-0.016146491
-0.014307751
-0.014546205
-0.013217264
-0.0090500026
-0.0084468556
-0.0054612019
-0.0046752711
-0.004955203
-0.0048515337
-0.0042471207
-0.0042668801
-0.0036117928
-0.0040171531
-0.0054352687
-0.0053936412
-0.0057002526
-0.0045285216
-0.0045256084
-0.0049250461
-0.005111651
-0.004638507
-0.0042200051
-0.0042534241
-0.0040928085
-0.0033086244
-0.0035756578
-0.0034142368
-0.0031572936
-0.0033727262
-0.0039581904
-0.0035834181
-0.0029748684
-0.0017538358
-0.0010702758
-0.00027652043
0.00076748422
0.0018111448
0.0021410723
0.0033858248
0.0037851967
0.0057509907
0.0073572648
0.010756715
0.0088019349
0.0022253403
0.005034599
0.0064220643
0.007608462
0.0053046564
0.0077742928
0.005005179
0.0028349632
0.0033044226
0.0012314244
0.0011638834
-0.00087457183
-0.0016693
-0.003581752
-0.0041295271
-0.0070327464
-0.0078604385
-0.0092908875
-0.0088910757
-0.0058177883
-0.0037482153
-0.0033079506
-0.0020817387
-0.00078804346
4.272384e-05
0.0004477877
0.0014116204
0.0021208484
0.0024797254
0.0028845189
0.0033828119
0.0044024923
0.0057186285
0.0060569333
0.0065421448
0.0068290858
0.0083080668
0.0040589637
0.0005886516
0.0015081897
0.0010072533
0.0018953913
0.00087942205
0.001620409
-0.0023570521
-0.0010000784
0.0026619882
0.0065524141
0.0076920938
0.0084580397
0.0077301181
0.0086873723
0.0066667962
0.004891266
0.0068678409
0.015003151
0.01737541
0.017358857
0.021364771
0.026245707
0.029932426
0.028656788
0.021799357
0.014824129
0.0076019836
-0.0023205405
-0.0082756082
-0.017430937
-0.023622106
-0.025470133
-0.030675845
-0.040387537
-0.034967818
-0.030935426
-0.037861232
-0.041889252
-0.047492793
-0.04633843
-0.053552916
-0.04706034
-0.046523244
-0.047260885
-0.043913019
-0.050553107
-0.048565961
-0.054673193
-0.060892123
-0.052365225
-0.052851855
-0.049722944
-0.050269417
-0.041717333
-0.042415438
-0.03872478
-0.032740358
-0.029394675
-0.023492847
-0.023564267
-0.021254784
-0.023385538
-0.021789996
-0.017527894
-0.016557647
-0.013870053
-0.010784604
-0.0092835811
-0.0077856927
-0.0058472534
-0.0053673146
-0.0046323395
-0.0047080424
-0.0061715815
-0.0057099101
-0.0066176553
-0.0056364993
-0.0048536031
-0.0041566633
-0.0041575611
-0.0039770512
-0.0047144475
-0.0044757697
-0.0042505959
-0.0037461104
-0.0033800978
-0.0031443395
-0.0030444315
-0.0026436557
-0.0026436791
-0.002616676
-0.0028192265
-0.0012399562
-0.0011201301
-0.00016073312
-0.00029130851
0.0005563311
0.0013394523
0.0027955509
0.0029411019
0.0048657332
0.0048343107
0.0073256661
0.0070545453
0.011379943
0.0071223696
0.00040435186
0.0022565942
0.0041721411
0.0070810439
0.0069024255
0.0041224372
0.0023938038
-0.0018323543
-0.0028083779
-0.0035715937
-0.0023862984
-0.0054704199
-0.0064972666
-0.009512471
-0.0097125759
-0.0091604901
-0.0094058262
-0.0083258898
-0.0063512941
-0.0043150107
-0.0024812415
-0.0015321922
-0.0016323065
-0.00048656612
0.00067634092
0.00056512038
0.0014290908
0.0013198363
0.0022123842
0.0025662916
0.0042747998
0.0050341769
0.0059995623
0.0070407371
0.0058600567
0.0087962435
0.0064345393
0.0023729271
0.00044503812
-0.00084059981
0.00050071122
0.0015227594
-0.00052289797
-0.00012127518
-0.0037689195
-0.0060666938
0.0019063588
0.0085904742
0.0088377566
0.0095687905
0.0094623894
0.011788703
0.010833656
0.0076486863
0.0085400252
0.013787011
0.017624499
0.020688355
0.025851937
0.029533359
0.028519667
0.024745625
0.017757232
0.010753869
0.0015615749
-0.0070799506
-0.015990876
-0.021965581
-0.029138427
-0.026777306
-0.03679064
-0.038124147
-0.032027165
-0.034318301
-0.037660786
-0.046718968
-0.056217633
-0.059175353
-0.05279059
-0.055687238
-0.053940299
-0.054725007
-0.052071637
-0.063932738
-0.061943412
-0.064717314
-0.068474505
-0.064620166
-0.061631929
-0.058793284
-0.052637918
-0.048908342
-0.042123377
-0.035596788
-0.030205547
-0.02365506
-0.019695999
-0.019543367
-0.020626144
-0.020689998
-0.018168607
-0.016440195
-0.013999797
-0.012132625
-0.0086412224
-0.0060954612
-0.0058867701
-0.0048905292
-0.0017886991
-0.001222669
-0.0018183663
-0.002773007
-0.0028134966
-0.0034142351
-0.0040593925
-0.0032899211
-0.002388439
-0.0016772395
-0.0024443519
-0.0020477134
-0.0013789962
-0.0011667804
-0.0019190411
-0.0021345603
-0.0016461438
-0.00091787408
-0.0006800824
-0.00036841434
0.0008589562
0.00073284402
0.00058043555
0.0015885201
0.0018165051
0.0021307236
0.0030588363
0.0034816717
0.0039789557
0.0047628383
0.0062241251
0.0068300877
0.0073273346
0.0078697462
0.0095320955
0.0061445117
-0.0029022275
-0.00012456437
0.00099388601
0.0033658797
0.0034614921
0.00075273078
-0.0026602612
-0.0068987196
-0.0059859728
-0.0053522129
-0.0037845389
-0.0077806978
-0.0094174221
-0.0067170225
-0.0071702173
-0.0065035693
-0.0045179277
-0.0023571434
-0.0018793903
-0.00037852438
-0.00041289679
0.00097740062
0.00093636306
0.0019689819
0.001154516
0.0023704095
0.0020001409
0.0026924682
0.0026687163
0.0041153632
0.004810335
0.0054921888
0.0049529286
0.0034363081
-0.00018712122
0.00056117198
-0.00078477857
-0.0044120017
-0.0035588595
-0.0030152576
-0.0024660693
-4.911842e-05
-0.0043251126
-0.0061939354
-0.013469365
-0.0098347107
0.001491094
0.0047685258
0.0062039027
0.0062614082
0.0065288279
0.0084978839
0.009885442
0.0084914641
0.0065110228
0.007493324
0.01105849
0.011872365
0.012731375
0.010872299
0.0061776725
0.004427609
-0.00088221622
-0.0062816804
-0.016138942
-0.023079346
-0.03205002
-0.03571946
-0.037736871
-0.037230841
-0.044519665
-0.04675121
-0.050201971
-0.047807484
-0.049719912
-0.050590617
-0.061961665
-0.067282843
-0.061154454
-0.061176919
-0.060145006
-0.054186824
-0.058077051
-0.068279566
-0.066803089
-0.066838484
-0.06362783
-0.064084914
-0.057857284
-0.054625174
-0.048728978
-0.041563793
-0.033274576
-0.027698565
-0.021202915
-0.020369786
-0.017019944
-0.016890469
-0.015534819
-0.017023318
-0.013978281
-0.013828516
-0.010798103
-0.0092795573
-0.0076803855
-0.0059379053
-0.0038127022
0.00028036623
0.0011755682
0.0029773773
0.0045654552
0.0014919793
-0.0003605845
0.00083687359
-9.6544845e-05
-0.0013610892
-0.00089046183
-1.8562018e-05
0.00075088648
0.0010636547
0.00068867011
0.0011729782
-0.00068716021
-0.00069418956
-0.00083604588
-0.00012084005
0.0024871299
0.0021252553
0.0035877895
0.0035563444
0.0041541649
0.0035502777
0.0051114297
0.005489565
0.006175917
0.0070666102
0.00722002
0.0064193744
0.0079054349
0.0077512273
0.0090029791
0.010517062
0.011645764
0.0045837186
-0.0015568894
-0.003431431
-0.0040554451
-0.0022578059
0.00037741195
-0.0032017047
-0.0049370963
-0.0097036587
-0.0097328111
-0.0074209064
-0.0090160414
-0.0070887389
-0.0059841726
-0.0043532206
-0.002347139
6.432944e-05
-5.0787123e-05
-9.6299111e-05
-5.1468186e-05
4.5456182e-05
-0.0011079692
0.00072139578
0.0004989188
-0.00049540989
-0.0008177373
-0.00015106352
0.00031257717
0.0022116327
0.0018687213
0.0018322826
0.0026618382
-0.0023274675
-0.00029120704
-0.0084949623
-0.010399763
-0.0061158117
-0.0070959534
-0.010821491
-0.0090388709
-0.0072934517
-0.009764709
-0.010216693
-0.0098088189
-0.015994596
-0.021859315
-0.01445565
-0.0095968363
-0.0048373293
-0.0014373996
-0.00058200467
0.0010341288
0.0035818233
0.0049283451
0.0051043386
0.0016249315
-0.0034599296
-0.0061818189
-0.0091057083
-0.012009384
-0.017974932
-0.023787106
-0.029326907
-0.033523752
-0.035773287
-0.038203182
-0.045332235
-0.056421922
-0.060847132
-0.053921947
-0.048373014
-0.060902429
-0.065668862
-0.068339702
-0.066297624
-0.066588517
-0.067381065
-0.06968256
-0.070707457
-0.070900365
-0.065305135
-0.063988833
-0.062684292
-0.061496663
-0.064718436
-0.064707026
-0.059606379
-0.05486962
-0.050616158
-0.044563444
-0.03864947
-0.035560472
-0.031238953
-0.023487049
-0.020128926
-0.020642309
-0.017852009
-0.013855644
-0.015773034
-0.015670923
-0.01493548
-0.014198903
-0.01216514
-0.0090717223
-0.0080322647
-0.0056097883
-0.0035585565
0.00098420501
0.0043959729
0.0060430976
0.0082264948
0.0093298982
0.0084335036
0.0040557681
0.0042989605
0.0063371733
0.0050350258
0.0049503762
0.0042883203
0.0033174475
0.0041389602
0.0044067756
0.004283899
0.0051296631
0.0024022466
0.0017002412
0.0024227157
0.0043162255
0.0059718837
0.0056704769
0.0042842325
0.0062670157
0.0057809929
0.0059151605
0.005856034
0.0076405441
0.0070511341
0.0087391439
0.0084422504
0.011564873
0.0093196473
0.0097073143
0.0047711244
0.0017721205
-0.0068890523
0.001240258
0.0076887851
-0.0045891614
-0.00019503157
0.00077114431
-0.0025184806
-0.0052906691
-0.0065956612
-0.0086849048
-0.0072546254
-0.0095684741
-0.0063131516
-0.0013253963
0.0012251835
0.0014120198
0.0047573314
0.0036431107
0.0012902364
0.0020741807
0.002234402
-0.0015099966
-0.00087621186
0.00027035907
-0.0014375751
-0.00080416312
-0.0022337288
-0.0016822701
-0.0024615617
-0.0022240178
-0.002527671
-0.0023580858
-0.0070183007
-0.0064519038
-0.0086030493
-0.0078878534
-0.0096662447
-0.012530919
-0.010131514
-0.0072115892
-0.010515263
-0.010258812
-0.013139544
-0.012244791
-0.016950749
-0.018260195
-0.014150495
-0.016734215
-0.01134134
-0.0076191692
-0.0061534464
-0.0053562366
-0.0023751621
-0.0021342296
-0.0020487472
-0.00465229
-0.010190826
-0.017356879
-0.024052763
-0.032205192
-0.043775143
-0.051745867
-0.058568206
-0.053310775
-0.051788937
-0.060019617
-0.064157444
-0.076234602
-0.081961798
-0.083109779
-0.074667433
-0.080308843
-0.089944718
-0.091929548
-0.084306225
-0.080627313
-0.073790811
-0.072513132
-0.070537714
-0.064195992
-0.053734573
-0.053417523
-0.064906312
-0.062849165
-0.056221226
-0.051708736
-0.044945053
-0.038224227
-0.032605278
-0.026141455
-0.02079304
-0.017295393
-0.012049416
-0.0089780432
-0.0088948438
-0.010133559
-0.0097347409
-0.0080201406
-0.0085759083
-0.01021894
-0.0088020683
-0.0077232925
-0.0075314597
-0.0077878379
-0.0024028523
-0.00080996295
-0.0011863312
0.0029183201
0.0058495408
0.0060763502
0.0075815189
0.010100817
0.0086836546
0.007949326
0.0067545501
0.0093566726
0.0084300257
0.0063081862
0.0068790248
0.0044215979
0.0043008868
0.0075523447
0.0087650988
0.010137058
0.0091829903
0.0052771843
0.0073896215
0.0083506273
0.0086098668
0.0086431919
0.0081367058
0.0097594395
0.011574272
0.012130576
0.0087064759
0.0084868169
0.0091215816
0.012477295
0.014224925
0.016958105
0.022512061
0.022674403
0.012868884
0.0035634818
-0.00097538912
0.0089948436
0.012676554
0.0052528163
0.0011915255
0.002256854
0.0015912919
-0.0012493752
-0.0032890286
-0.0045610751
-0.0046282026
-0.0033910352
-0.00032245152
0.0024755208
0.0070350014
0.0059567373
0.007751192
0.0079819961
0.0057698244
0.0064696317
0.0037080928
0.0037198217
0.00094873583
0.001587862
0.0010043528
-0.001075035
-0.0020849291
-0.0015583419
-0.0022855311
-0.0010908122
-0.0036965339
-0.0049569721
-0.0064463736
-0.0065180008
-0.0086230538
-0.0061270118
-0.0080040834
-0.0095964138
-0.0089214492
-0.010371706
-0.010987648
-0.0087263636
-0.011237988
-0.012918207
-0.013360707
-0.012239558
-0.016404009
-0.019396834
-0.020556375
-0.017369085
-0.017751702
-0.015767791
-0.01283228
-0.011431329
-0.010515023
-0.013712977
-0.01564916
-0.021061269
-0.030182816
-0.04351472
-0.058264662
-0.073364195
-0.071323951
-0.064766872
-0.071252696
-0.081337336
-0.087950146
-0.093677679
-0.09543287
-0.092469797
-0.084475305
-0.075562
-0.083257758
-0.078908001
-0.07368392
-0.078601623
-0.077069542
-0.071275357
-0.056872459
-0.04399637
-0.03818061
-0.040260971
-0.052138414
-0.044260011
-0.027682503
-0.021449039
-0.015819743
-0.0088791177
-0.0034892317
-0.00066943982
0.0013108122
0.0052726311
0.0076134097
0.0073161023
0.0091320992
0.0090536071
0.0085794544
0.0081241356
0.0031776238
0.0021035231
0.0014722248
-0.00071138358
-0.00041174522
0.0011421133
0.0020428278
0.0019423695
0.0022057035
0.003087563
0.0037340775
0.0031775557
0.0061933648
0.0063875233
0.0066197898
0.0053116365
0.0038846772
0.0029954157
-0.0009484583
0.0024269896
0.0014303141
0.0018620445
0.006800443
0.0062475203
0.0090488032
0.015054311
0.018381176
0.018086503
0.018571823
0.022579105
0.029160104
0.032177701
0.032237996
0.031492562
0.034763649
0.032578125
0.030435549
0.032209215
0.030067922
0.029753543
0.028538801
0.020715542
0.015003599
0.011021872
-0.0022855849
-0.0050048639
0.010793468
0.017961775
0.014367704
0.0064088445
0.006679828
0.0015829609
-0.00088321481
-0.0015205775
0.00022752262
0.00072843521
0.00082025749
7.2184523e-05
0.00059070184
0.0027979595
0.0040634163
0.0057420054
0.0042043281
0.0063813837
0.0061931866
0.0030351677
0.0038261835
0.0053748528
0.0039325246
0.0029380816
0.001001406
-0.0020472797
-0.0030911158
-0.0022555264
-0.00033912787
-0.0015577285
-0.0045522627
-0.0075876393
-0.0051131663
-0.0078800627
-0.0059824494
-0.0062766841
-0.0082764274
-0.0096064426
-0.011951528
-0.012753839
-0.009607597
-0.0089546919
-0.0085599227
-0.0098063752
-0.013201963
-0.014672745
-0.020511193
-0.024776903
-0.024022616
-0.028451926
-0.024363725
-0.021937079
-0.019400813
-0.018697444
-0.018682128
-0.022403463
-0.023532813
-0.02960076
-0.035260728
-0.047062035
-0.065298802
-0.082744931
-0.07029513
-0.074048814
-0.083663856
-0.079130602
-0.080379459
-0.077951211
-0.072651303
-0.065900093
-0.057140955
-0.039088124
-0.038194786
-0.049333215
-0.052716753
-0.060827787
-0.066283003
-0.057721858
-0.046074606
-0.026916909
-0.010201617
-0.019200977
-0.028900112
-0.015584763
-0.0022881075
0.0074197209
0.01130645
0.014629928
0.017643059
0.022315116
0.020444143
0.023057019
0.022009337
0.020250505
0.019451132
0.017467251
0.016222845
0.014508509
0.012561601
0.011443031
0.01123389
0.0064653272
0.0046893145
0.004552869
0.0059624053
0.0038812812
0.0044414144
0.005742563
0.0068449805
0.0064177939
0.0073263007
0.0060332021
0.0047954523
0.0013197027
-0.0001743489
-0.00047214404
-0.001249587
-0.002866135
0.0011115817
-0.00045328117
0.002083477
0.004356022
0.009244134
0.013312337
0.016481866
0.021523231
0.024318489
0.032018784
0.041192821
0.046640627
0.052352092
0.055372411
0.05559265
0.052239094
0.044382898
0.039985665
0.039322878
0.036262136
0.029406066
0.024757853
0.018598968
0.00081487475
-0.0087573871
0.0086653028
0.015613785
0.018213211
0.012051099
0.0055076238
-0.00036747941
-0.0025770381
-0.0035925154
-0.0026969202
-0.0013052573
0.0009187628
0.0026667962
0.0033152737
0.00081122431
-0.00065011775
-0.0010194455
0.001004474
-0.0015569511
-0.00057004587
0.0013681498
0.0017944804
0.0017828278
0.0034026212
0.00031454897
-0.00045475632
-0.0033402969
-0.0042519307
-0.0041289309
-0.0034837566
-0.0026546379
-0.002227881
-0.0056604937
-0.0063090717
-0.006471115
-0.0051165566
-0.0074489978
-0.0069709979
-0.0061347948
-0.0084656591
-0.010054518
-0.01043302
-0.0096339683
-0.0098244058
-0.011378234
-0.011573215
-0.01538634
-0.02003962
-0.024366622
-0.026873906
-0.023491994
-0.025788265
-0.026457088
-0.027742814
-0.026707054
-0.026056105
-0.025520509
-0.027011883
-0.029316234
-0.03334398
-0.041114743
-0.049296367
-0.064514603
-0.074162634
-0.067256984
-0.074870368
-0.07646607
-0.069867427
-0.061080944
-0.050907777
-0.038009317
-0.031215666
-0.020263603
-0.0091505874
-0.019924725
-0.031676832
-0.032386534
-0.035496241
-0.032643056
-0.024328434
-0.018186126
-0.0065404193
0.003710744
-0.0041550555
-0.0029115706
0.0084218408
0.019312863
0.02425299
0.026219569
0.031654612
0.032414605
0.029036264
0.023720739
0.024844831
0.022366479
0.020903158
0.02285994
0.019297597
0.015714659
0.013496053
0.011816943
0.014327691
0.011069285
0.0098574794
0.0071019894
0.0084168124
0.00577619
0.0060115487
0.0014981867
0.0026814876
0.0046899972
0.0051371492
0.0039192086
0.005791138
0.0060354269
0.0034865762
0.0052017573
0.0058384458
0.0067069502
0.0063673539
0.0070589296
0.0069972306
0.0091118435
0.011838067
0.015213082
0.017379253
0.020841398
0.022193359
0.026174266
0.030241769
0.040885094
0.049133497
0.054244938
0.058259184
0.058918962
0.053123612
0.046199819
0.039714878
0.037802
0.032903334
0.01958659
0.008699301
0.0020170901
-0.0032187103
0.00046728036
0.011647606
0.010448768
0.010863556
0.0062494506
0.0035855188
-0.0010979454
-0.0053460122
-0.0055726214
-0.0058182744
-0.0029092377
0.0001993007
-0.00016549139
0.00039968299
-0.00032748916
-0.0020548818
-0.0032288994
-0.0033983771
-0.0029309065
-0.0019924888
-0.00094444276
0.0029208634
0.0029965431
0.002356264
0.00017057636
-0.00090419641
-0.0018558712
-0.0040973146
-0.0067003788
-0.0063635357
-0.0021429424
-0.0039260155
-0.0039683402
-0.0046994122
-0.0086961687
-0.0087976012
-0.0093813905
-0.0079142228
-0.0072906828
-0.0078518436
-0.0064657977
-0.0089086624
-0.0080421078
-0.0089492166
-0.0091352891
-0.0094794576
-0.012122009
-0.015786692
-0.019681031
-0.020149049
-0.021101988
-0.02103691
-0.021082425
-0.022261783
-0.026078546
-0.026376882
-0.026617494
-0.027599882
-0.030204368
-0.034028237
-0.037835102
-0.042098911
-0.049536232
-0.050883408
-0.050768267
-0.053358614
-0.052276995
-0.047077398
-0.034965418
-0.022305917
-0.0089827476
0.00095684397
0.0039878509
-0.00077986058
-0.013575701
-0.019040846
-0.012833202
-0.014235856
-0.0076435961
-0.00086005636
0.0035216513
0.009474053
0.013562921
0.0095705595
0.011967452
0.018057515
0.022550843
0.02856859
0.027498935
0.029105953
0.028168793
0.025083203
0.018965952
0.01781222
0.016581813
0.014885827
0.014242575
0.0098260554
0.007316302
0.0050708004
0.0043715859
0.005480211
0.0072399418
0.0067601637
0.0038037332
0.0063497673
0.0057046038
0.0031962191
0.00042831036
-0.00088810678
0.0013514635
0.0015741852
0.0022516452
0.0012382989
0.0026984514
0.0045728289
0.0051584784
0.0067310266
0.0085759765
0.0088260093
0.0094880311
0.0093915092
0.011678935
0.014155719
0.016416337
0.018012412
0.021570941
0.024129273
0.028112799
0.033987129
0.038083654
0.041663689
0.044223898
0.045559016
0.044542265
0.039789774
0.031594944
0.018388881
0.0096510306
0.0082465829
0.0067806409
0.0020685236
-0.0050152568
0.0022239925
0.0083010475
0.0054056176
0.0069747287
0.0033660968
-0.00018384629
-0.0041535432
-0.0078140342
-0.00947784
-0.011077673
-0.011266222
-0.010793798
-0.0075762045
-0.0036081149
-0.0011460823
-0.0021721199
-0.0039589861
-0.0040577186
-0.0038650793
-0.0031673034
-0.0030979735
-0.002623695
-0.0012286792
-0.0013770434
-0.0011925914
-0.001780536
-0.0023253578
-0.0043441486
-0.0039506349
-0.0071586171
-0.0065836386
-0.0047154212
-0.0051014346
-0.0071110448
-0.0078832655
-0.0099931649
-0.0075697306
-0.0090201676
-0.0087885436
-0.0072857437
-0.0072467343
-0.0074221796
-0.0064163653
-0.0067685871
-0.0072948159
-0.0071898791
-0.0076423893
-0.0066279813
-0.0088071875
-0.011169442
-0.014906888
-0.014794622
-0.014885544
-0.017071072
-0.017009439
-0.020613319
-0.02334388
-0.025594542
-0.027506563
-0.028451324
-0.033667548
-0.036239884
-0.037020547
-0.033785866
-0.029594097
-0.031296509
-0.031224277
-0.018947058
-0.01600601
-0.010940424
0.0038761697
0.0078170873
0.014250812
0.0071997416
0.00068917386
-0.0046904523
-0.005239594
-0.0070571631
-0.00089644647
0.005094574
0.0082684954
0.0098408111
0.011280136
0.016733289
0.015732217
0.015557247
0.013045074
0.013295035
0.018535473
0.020333733
0.020282564
0.017036627
0.014987006
0.01370652
0.010730995
0.006176035
0.0050019106
0.006471356
0.0030887504
0.0022270257
-0.00049958415
0.00093759802
-0.00052631095
0.002090377
0.0023260831
0.0026430538
0.0029931859
0.0022540562
0.0012780422
-0.001308363
-0.001427551
-0.00054135807
0.00067335002
0.00073941871
-5.3516756e-05
-0.00031179659
0.00051378207
0.0030304721
0.0063697888
0.0074373302
0.0065609032
0.0073362578
0.0079411701
0.0088528074
0.01088699
0.012064153
0.012664481
0.015510418
0.018839648
0.022330116
0.02550506
0.030005155
0.031916494
0.034802192
0.030738608
0.027141519
0.017116892
0.0033381818
0.0019780111
0.0034509921
0.005706997
0.0075939311
0.0038841456
8.7639374e-05
0.0051101786
0.0051971986
0.003846373
0.0021796684
-0.00063306984
-0.0040793683
-0.0063935784
-0.0071707044
-0.0067719476
-0.0076401818
-0.0085338498
-0.0091350504
-0.0065970726
-0.0053349295
-0.0039427837
-0.0030383352
-0.0030455565
-0.0055435254
-0.0061041449
-0.0050990739
-0.0053334024
-0.0048549897
-0.0047251707
-0.0041948436
-0.0048519203
-0.004159627
-0.0037056003
-0.0041035868
-0.0033369881
-0.0055756053
-0.0058104717
-0.0046359605
-0.0062988774
-0.0052686695
-0.0094046951
