0.0044740447
0.0041864696
0.0044177789
0.0047615937
0.0043643012
0.003577149
0.00520302
0.0059514989
0.0082053137
0.0087702469
0.0091573969
0.0072437136
0.0062123753
0.0049240668
0.0028615747
0.0015229896
0.0021724212
0.0031129846
0.0031383801
0.0023149305
0.0025812636
0.0019073636
0.0012248546
0.00059200345
0.00024019537
0.00094043226
0.0011202839
0.00014386838
-0.00070640179
-0.0008564559
-0.00086994939
-0.00058366501
0.00022133997
-0.00052791818
-2.8548871e-05
-0.001032546
-0.001418934
-0.0024350371
-0.0025288193
-0.0027154778
-0.0033225828
-0.00209416
-0.0011135443
-3.6552923e-05
0.0013562447
0.0013425011
0.0012482618
-0.00025799957
-0.0011765747
-0.0031481353
-0.0041592262
-0.0042596105
-0.0027851643
-0.00089538545
-0.00029221251
-0.00014818891
-0.00082382305
0.00067867923
-0.001127735
-0.0030749014
-0.0054838825
-0.0061615132
-0.0057879439
-0.0059432498
-0.0062765463
-0.0075054259
-0.0091540392
-0.011491313
-0.013317074
-0.014143162
-0.013573393
-0.013226089
-0.012650956
-0.0092288404
-0.0079145321
-0.0071357902
-0.0070023318
-0.007629047
-0.0079688538
-0.0074390528
-0.0087024938
-0.00718183
-0.0073326353
-0.0054041632
-0.0061521705
-0.0078195028
-0.0082304627
-0.0082996582
-0.0060572079
-0.0046339076
-0.00291021
-0.0020540491
-0.0024142445
-0.0027430891
-0.0022967534
-0.0019878383
-0.0018814213
-0.0030142339
-0.0032826878
-0.0033791102
-0.0033681824
-0.0033609883
-0.0026859127
-0.003017398
-0.0027691539
-0.0023597764
-0.0028860321
-0.00327736
-0.0033866644
-0.0039190421
-0.0032993918
-0.0034665562
-0.0036719255
-0.0039376021
-0.0043949224
-0.0057097341
-0.0036027119
-0.0032026083
-0.001745544
0.004232803
0.0046993034
0.0081104705
0.0078514581
0.0097169177
0.0096635868
0.0090841058
0.0096605799
0.0098626009
0.0086390585
0.0065557965
0.0030034018
0.0028116585
0.0043847952
0.0037024519
0.0031964139
0.0029715012
0.0030833712
0.0016436586
0.0025822079
0.0039867684
0.0036339638
0.0031537158
0.0032668245
0.0042452451
0.0040379724
0.0040362429
0.0038740344
0.0036329889
0.0025303159
0.0028589433
0.0047224612
0.0057193703
0.0059557568
0.0052985029
0.0056669749
0.0057799637
0.0041508578
0.0040922646
0.0017619769
6.8207337e-05
0.00058832265
2.5957578e-05
0.00061851213
0.0012258618
0.0012508646
0.00020966356
0.00023938735
0.00017609431
0.0003429452
0.00022049347
-0.00027334236
-0.0012076977
-0.0020092332
-0.0016178224
-0.0018695548
-0.0019813404
-0.002295528
-0.0029801569
-0.0038287629
-0.0041520642
-0.0050721959
-0.0058053271
-0.0068212152
-0.0062476992
-0.0053354351
-0.0056842532
-0.0049218481
-0.0033031615
-0.0019926476
-0.0013336951
-0.0016655485
-0.002032939
-0.0012131348
-0.0027922664
-0.0043271889
-0.0045464398
-0.0026643808
-0.0010743076
-0.00015260013
-0.00066588189
-0.00052323514
0.00015405372
-0.0016071481
-0.0030982365
-0.003568223
-0.0035306126
-0.0034674178
-0.0040766848
-0.0064156067
-0.0081365936
-0.0087563605
-0.0095253464
-0.01054328
-0.010340919
-0.0090630393
-0.0086243455
-0.0054273794
-0.0043924545
-0.0051594196
-0.0041796091
-0.0038000602
-0.0051075998
-0.0067280166
-0.0066868585
-0.0059868825
-0.0052593754
-0.0035925136
-0.0043510371
-0.0051591188
-0.0065107065
-0.0058461417
-0.0042908725
-0.0039191671
-0.002965804
-0.0014833001
-0.00074381393
-0.00094370632
-0.0009575696
-0.0019832812
-0.0013993313
-0.0022551482
-0.0022665831
-0.0022673367
-0.0022778872
-0.0023963135
-0.0026799092
-0.0026794332
-0.0025178599
-0.0025777809
-0.0031166994
-0.0037549957
-0.0041350307
-0.0046766977
-0.0045116892
-0.0046140206
-0.0050233364
-0.0054443817
-0.0051787263
-0.0067901551
-0.0067206215
-0.0049423134
-0.002197649
0.0056779665
0.0086026126
0.0082617244
0.009143469
0.0087355479
0.0079575934
0.006751751
0.0069792853
0.0079105199
0.0063220406
0.0055342734
0.0042220053
0.0023498763
0.0030170049
0.0031212244
0.0028784629
0.0029811264
0.0023665028
0.0017972547
0.0016535666
0.0018671127
0.0018036671
0.0024188179
0.003013248
0.0032422943
0.0043461296
0.0032566915
0.002735729
0.0026540111
0.0018388534
0.0018598012
0.0020761747
0.0031493533
0.0054277583
0.0049824401
0.004746956
0.0034080265
0.0026748182
0.0026230509
0.0011276219
0.0010407421
0.00018394977
-5.2451826e-05
-0.00075864131
0.00048961328
0.0015697756
0.00067656739
0.0001220503
0.00047792267
0.00085440493
0.00070185217
0.0020115323
0.0023173778
0.0014055574
7.5756562e-05
-0.0011109877
-0.0012963511
-0.0030945684
-0.0037543195
-0.0051414956
-0.0071890822
-0.0083357624
-0.009468496
-0.010854977
-0.011765357
-0.011980071
-0.011588676
-0.010285209
-0.0096918943
-0.008495989
-0.0057672176
-0.0039315224
-0.0035415615
-0.0025613427
-0.0031602111
-0.0041972211
-0.0057631607
-0.005168296
-0.0036898701
-0.0012400848
-0.00028444219
-0.001831318
-0.0016974495
-0.0013187635
-0.0012938827
-0.00060926164
9.4449518e-05
-0.00036809217
-0.0015693086
-0.0028865014
-0.0055331138
-0.0063639091
-0.0057640616
-0.0053963724
-0.0043740437
-0.0036585117
-0.0037821579
-0.0027860937
-0.00335594
-0.0025315234
-0.00020890458
-0.00074335761
-0.0012336949
-0.0027182633
-0.0048573671
-0.00619383
-0.0048952377
-0.0033596825
-0.0025184872
-0.0047970417
-0.0067443884
-0.0052184335
-0.0046900728
-0.0035494523
-0.0034591867
-0.0032634989
-0.0016744602
-0.00053704009
7.5028359e-06
-0.00065400062
-0.0021868363
-0.0023681521
-0.0017492179
-0.0016799235
-0.0021028211
-0.0032126922
-0.0037123295
-0.0031770797
-0.0032187712
-0.003018918
-0.0035137044
-0.0035436485
-0.0035266825
-0.0040113185
-0.0046882989
-0.0047531196
-0.0054408141
-0.005020943
-0.0059745517
-0.0058877449
-0.0075593117
-0.007640246
0.00014246043
0.0059049635
0.0064838109
0.0062661781
0.0053587713
0.0050869919
0.0039831428
0.0042860554
0.0072968009
0.0058147589
0.0043019508
0.0033230823
0.0031191012
0.0036830341
0.0021705696
0.0019640829
0.0013271836
0.0016158458
0.0014877498
0.001140362
0.00089257926
0.00051559423
0.0012561047
0.0011823719
0.001942743
0.0024847873
0.00317381
0.00262536
0.0027096306
0.0029700619
0.0031340914
0.0032532525
0.0028959665
0.0023581406
0.0041307139
0.0067819745
0.0067814117
0.006349285
0.0045237122
0.0030901398
0.001975714
0.0010077264
0.00024804103
0.0016030823
0.0015241266
0.0015626034
0.0020795675
0.0016701755
0.0018981843
0.0020034682
0.002014694
0.002028484
0.0032968798
0.0038962574
0.0055056405
0.0044884221
0.0018915795
0.00076771624
-0.001253921
-0.0029361873
-0.0054731687
-0.0079759262
-0.010666098
-0.014522374
-0.01588898
-0.01565017
-0.019957836
-0.019108352
-0.018407137
-0.015361072
-0.012984847
-0.010596772
-0.0085702181
-0.0074238345
-0.0059430862
-0.0051439006
-0.0054304836
-0.0056896565
-0.005315622
-0.0054891074
-0.0042970619
-0.0018472818
-0.0014329028
-0.0027051394
-0.0025006367
-0.00065018042
-0.00010260323
0.00097001238
0.00158868
0.00026204936
0.0008191257
0.001161802
-0.0011440714
-0.0040031351
-0.0020549249
-0.0012307509
-0.0012377189
-0.00065037502
-0.0018607188
0.0010209734
0.0024902993
0.0027224524
0.0030717881
0.0027931036
-8.4774321e-05
-0.0031348074
-0.0043853954
-0.005344224
-0.0042513642
-0.0036643147
-0.0039311871
-0.0073257097
-0.0073912827
-0.0055667343
-0.0038710176
-0.0039308071
-0.0036121681
-0.0028240899
-0.0014255109
-0.0010068283
-0.0015307102
-0.0018302588
-0.001161772
-0.0016714698
-0.0023011053
-0.0033773314
-0.0034343326
-0.0041494238
-0.0044065527
-0.0043655809
-0.0043766149
-0.0038523388
-0.0033528955
-0.0035220245
-0.0032180171
-0.0037496588
-0.0035286313
-0.004032701
-0.0032992287
-0.0037022121
-0.0022404075
-0.0035923913
-0.0031511607
0.0015026309
0.0036637485
0.0034672366
0.0044478104
0.0051156354
0.0025415112
-4.4119906e-05
0.0017834956
0.0034690947
0.0038649894
0.0051839346
0.0034497477
0.0016666261
0.0012241677
0.0020762931
0.0011857733
0.00070324323
0.00021373058
-1.4805791e-05
-0.00080224715
-0.0010550665
-0.00063698259
-0.00069789724
-0.00010867143
0.00040309719
0.00083311309
0.0015321519
0.0020903589
0.002412112
0.0034939647
0.0038579792
0.0045973078
0.0048438225
0.0051807847
0.0056787872
0.0077441146
0.0077141933
0.0074697907
0.0055872601
0.005081275
0.0061043881
0.0040708698
0.001183082
0.0019031436
0.004202889
0.0045157991
0.0042207374
0.003350046
0.0050428558
0.0051231695
0.0059069563
0.0061686886
0.005642209
0.0060487237
0.0074064701
0.0073663978
0.0083803412
0.008053748
0.0044163881
-0.00015587175
-0.0029759786
-0.0074217991
-0.01162998
-0.015348557
-0.016696383
-0.019511722
-0.022424416
-0.025598172
-0.02595208
-0.023580525
-0.020816491
-0.017424884
-0.014276134
-0.013220384
-0.013024989
-0.012274
-0.010672021
-0.0099618133
-0.0078738889
-0.0067365589
-0.006259173
-0.0051684587
-0.0042097505
-0.0049042595
-0.0057413867
-0.0059933209
-0.0059289903
-0.0039984497
0.0015672961
7.2315355e-05
-0.0027788393
-0.0017930062
-0.0014776528
-0.0010374315
-0.0020531796
-0.0016439162
-0.0017457174
-0.00085211909
-0.00010608914
0.00024635174
0.0022223374
0.0030535796
0.0029921285
0.0035246912
0.00180178
3.161389e-05
-0.00029704982
-0.0030111198
-0.0044379638
-0.0024257718
-0.0026871813
-0.0037236885
-0.0050512211
-0.0049209992
-0.0048782384
-0.0052469271
-0.0041232168
-0.0041806524
-0.0036213302
-0.0030173846
-0.0031634982
-0.0032194822
-0.0030641062
-0.0031700203
-0.0030739162
-0.0040096382
-0.0039666647
-0.0049507054
-0.0053451457
-0.0049750928
-0.0047072853
-0.0043299896
-0.0036313918
-0.0030897883
-0.0026557541
-0.0020379351
-0.0018774484
-0.0021455881
-0.0015008355
-0.00089016912
0.000386281
0.0024441513
0.0025637989
0.0024610155
0.00366949
0.0065582749
0.0054044664
0.0061063985
0.0053571694
0.001660727
0.00083665873
0.0033920067
0.0029454326
0.0031204402
0.0036563874
0.0024798776
-0.0004624522
-0.00026776352
-0.00043002013
-0.00047076879
-0.0014213413
-0.0012827246
-0.00159584
-0.0019389165
-0.0020215978
-0.0014498519
-0.00084310723
0.00012756293
0.0010504609
0.0018886063
0.0020937853
0.0023514434
0.0030705671
0.00401592
0.0043889263
0.0048564991
0.0058861629
0.0066411651
0.0078647486
0.0088865345
0.0045674712
0.0048461998
0.0022819927
0.0053952187
0.0061305789
0.0035395637
0.0027356273
0.0035023173
0.0053452234
0.0050444659
0.0061006319
0.0072398151
0.0076679258
0.0065740699
0.0076309314
0.0063383343
0.0065174007
0.0081942099
0.0074996844
0.011869647
0.013211699
0.012132409
0.0092379017
0.0058399211
0.0049485773
-0.0013374984
-0.0054527988
-0.010438312
-0.013902676
-0.020772523
-0.028651354
-0.029918022
-0.030416158
-0.031080924
-0.029231862
-0.02704475
-0.024984661
-0.022673233
-0.021163929
-0.018994019
-0.018857573
-0.016084353
-0.015529614
-0.012565768
-0.012058043
-0.011789284
-0.01226316
-0.012256901
-0.015387579
-0.014433592
-0.015780682
-0.015733373
-0.0091068723
-0.016856006
-0.019771058
-0.014508326
-0.0098038937
-0.0092611562
-0.007528751
-0.0053252337
-0.0025088181
-0.0056097772
-0.0055100627
-0.0047687626
-0.0033245664
-0.0021188157
-0.0013305676
0.0011511504
0.001008535
-0.001050883
-0.000713051
-0.0026079987
-0.0026237235
-0.0019577187
-0.0028515642
-0.0038655073
-0.0045262279
-0.0046331719
-0.0050628118
-0.0055970291
-0.0047131006
-0.0047683381
-0.0046826792
-0.0046420076
-0.0039924983
-0.0035678312
-0.0035357351
-0.0033262487
-0.0031979257
-0.0027883156
-0.0039182476
-0.0047279456
-0.0049635385
-0.004907219
-0.0041956263
-0.0032704484
-0.0021362669
-0.0016007437
-0.00034722074
0.00052565778
0.0015395855
0.0019002755
0.0028745217
0.0045916409
0.0068765487
0.0068165497
0.0047634896
0.0045126093
0.0055302469
0.0074190286
0.0054290504
0.005393957
0.0033368932
0.0031386981
0.0031698219
0.003602394
0.0031021106
0.0035413897
0.0040796477
0.0015363163
-0.00047738572
-0.0031015178
-0.003839834
-0.0040982253
-0.0040443282
-0.0046695386
-0.0039321431
-0.0028667355
-0.0024967561
-0.0013681905
-0.00031631801
0.0011099983
0.0014698761
0.0018472369
0.0021461302
0.0024670305
0.0032737007
0.0037816042
0.0041617868
0.005422081
0.0065538094
0.0074366575
0.0077313614
0.0060588522
0.0041858733
0.0013317717
9.2708957e-05
0.0030742478
0.0030784425
0.0033201786
0.0028846018
0.0027767312
0.0041670099
0.0051300696
0.0068637191
0.0076195819
0.007541215
0.0076909965
0.0067899429
0.0072006594
0.0086077599
0.012383736
0.016882848
0.01614245
0.018742618
0.019744684
0.022511654
0.019373593
0.015338182
0.010818559
0.001090414
-0.0032978731
-0.0095723414
-0.019796643
-0.02636543
-0.034389433
-0.036470331
-0.043900028
-0.041674757
-0.035978071
-0.036129925
-0.036381735
-0.034303011
-0.033759057
-0.034598323
-0.030978924
-0.030759119
-0.027751336
-0.030806983
-0.029935325
-0.029602212
-0.028961617
-0.034790282
-0.035974464
-0.039105691
-0.033619468
-0.024049684
-0.025119902
-0.032389581
-0.029146328
-0.028731442
-0.025322782
-0.017666763
-0.018043226
-0.01327397
-0.015867787
-0.013844502
-0.013973366
-0.012011277
-0.0080603875
-0.0073683212
-0.0047883565
-0.0042630364
-0.0045330723
-0.0042777082
-0.0037109826
-0.0039766686
-0.0030366437
-0.0034742562
-0.0047499975
-0.0049633484
-0.0053324564
-0.0044315924
-0.0043151888
-0.0047538789
-0.0048257563
-0.0044408185
-0.0039788203
-0.0040669293
-0.0037852116
-0.0030506623
-0.0033531257
-0.0032887729
-0.0031031463
-0.0032677907
-0.0038883256
-0.003600822
-0.0029844756
-0.0016617092
-0.0010128443
-0.00024430437
0.00078925857
0.0017452266
0.0022080582
0.0034072799
0.0039712118
0.0058143293
0.0074201825
0.010758777
0.0090140447
0.0019551748
0.0045018066
0.0062167005
0.0071150385
0.0045183146
0.0068464683
0.0041689737
0.0024477922
0.002915781
0.00078144155
0.0010048454
-0.00099244709
-0.0018388467
-0.0040233705
-0.0045419969
-0.0076065238
-0.0082166952
-0.0093400127
-0.008510529
-0.0055527768
-0.0035900513
-0.0032068995
-0.0020445804
-0.00075037796
-1.8158742e-07
0.00042830566
0.0012250122
0.0019029961
0.0020703353
0.0025061945
0.0031051176
0.0042586298
0.0055319092
0.0059587771
0.0065465207
0.0062792157
0.0073302973
0.0021673222
-0.0012994264
0.00029660779
0.00032517086
0.0020355023
0.0011018445
0.0016432901
-0.0026071108
-0.00087741431
0.0027521883
0.0061972345
0.0073259798
0.0082682047
0.0077310248
0.0091006889
0.0075648501
0.0061730776
0.0089141383
0.016968296
0.019389629
0.019163481
0.022514698
0.026499077
0.029097258
0.026742406
0.018981557
0.011786625
0.0039705016
-0.0061827592
-0.012282858
-0.021669537
-0.027876869
-0.029783948
-0.034834722
-0.044200701
-0.037283395
-0.032821098
-0.03881999
-0.042973035
-0.048579821
-0.047314016
-0.05363287
-0.047716926
-0.046484992
-0.046562982
-0.044023274
-0.050633399
-0.04880857
-0.054635196
-0.06037863
-0.052270569
-0.05319869
-0.049669529
-0.049794986
-0.041118517
-0.041898613
-0.037369062
-0.031201543
-0.027686217
-0.022157939
-0.022203511
-0.020386886
-0.022180525
-0.020229324
-0.015964976
-0.014705522
-0.012206554
-0.0089376867
-0.0078746838
-0.0066099161
-0.0051215203
-0.0050373758
-0.0043214633
-0.0042739453
-0.0056925782
-0.0052777828
-0.0062301202
-0.005316655
-0.0041856242
-0.0035248079
-0.0035924022
-0.0035212567
-0.0043746663
-0.0041088259
-0.0040348884
-0.0035133931
-0.0031660468
-0.0028968046
-0.0027073467
-0.0023236995
-0.0024897207
-0.0027129866
-0.0028621323
-0.0012815506
-0.0010744131
-0.00010675678
-0.00024934117
0.00060416457
0.0013563082
0.0026641457
0.0028397084
0.0047472914
0.0047861855
0.0071357872
0.0069256891
0.011006199
0.006889047
6.1050812e-05
0.0016493024
0.0036624823
0.0065422649
0.0061535751
0.0031640277
0.0018556352
-0.0017118041
-0.0025518607
-0.0033427542
-0.0025152655
-0.0055085525
-0.0065747297
-0.0095067487
-0.0096190325
-0.0090831634
-0.0090830562
-0.0078088873
-0.0059156296
-0.004017032
-0.0022136184
-0.0013971617
-0.0015016953
-0.0002612187
0.00066042012
0.0005149332
0.0012155361
0.0010673128
0.0020193451
0.0024646355
0.004124271
0.00488572
0.0057326275
0.0064869461
0.0053287259
0.0080678477
0.0051817331
0.00089959113
-0.00071866283
-0.0011574775
0.00043559396
0.0020372161
-0.00037659935
0.00045765399
-0.0039058702
-0.0057447343
0.0025574898
0.0086329175
0.0086489127
0.0095006066
0.0098621204
0.012386555
0.011505423
0.0086588396
0.010162638
0.015751974
0.019850113
0.023104299
0.027648363
0.029894435
0.027477198
0.02275469
0.015003768
0.0073544024
-0.002415977
-0.011742
-0.020323243
-0.026421247
-0.033870193
-0.03127961
-0.041383481
-0.041985196
-0.035254664
-0.036600051
-0.039355434
-0.048638694
-0.057638611
-0.060415783
-0.05319862
-0.055917208
-0.053761345
-0.054503181
-0.052309498
-0.064056721
-0.061884072
-0.064726407
-0.067928193
-0.064427452
-0.061198057
-0.058179473
-0.051975316
-0.048061556
-0.04076669
-0.033603508
-0.028134011
-0.021892538
-0.018252928
-0.018205855
-0.019316742
-0.018743312
-0.016165481
-0.014040829
-0.011577768
-0.0097894166
-0.0065064353
-0.0041246528
-0.0042548238
-0.0035727944
-0.0007603542
-0.00051381531
-0.0013060509
-0.0021688588
-0.0021932034
-0.002951953
-0.0035329805
-0.0024950768
-0.001600949
-0.0010922747
-0.0018787363
-0.0015903278
-0.0010471287
-0.00092268341
-0.0017227683
-0.0020918846
-0.0015951942
-0.00077556326
-0.00058426906
-0.00049238941
0.00058440979
0.00059492209
0.00050233594
0.001398635
0.0015191211
0.0019136373
0.0028171836
0.0032765127
0.0037209688
0.004381696
0.0057789622
0.0063751095
0.0068828928
0.007485639
0.0092453384
0.006113106
-0.0027979397
-0.00035107442
0.00053551327
0.0029552161
0.0030520535
0.00052905416
-0.0028309529
-0.00685273
-0.0058653673
-0.0050302537
-0.0038382042
-0.0080503423
-0.0091403646
-0.006546441
-0.0072033795
-0.0066696347
-0.0046007076
-0.0027010087
-0.0018655003
-0.00031947868
-0.0001501691
0.0010270293
0.0008900378
0.0018941795
0.0010441977
0.0020134074
0.0017039885
0.0023265692
0.0024156363
0.0038848191
0.0044973315
0.0053780402
0.0044231377
0.0027262962
-0.00049300141
0.00015963645
-0.00082026471
-0.0044579956
-0.0028645672
-0.0021087923
-0.0015039514
0.00090631815
-0.003652034
-0.0053758325
-0.012806212
-0.0086046378
0.0026325466
0.0057676167
0.0068090813
0.0064349146
0.0067609158
0.0091010783
0.010287003
0.0093621718
0.008364824
0.0099425119
0.01355084
0.013503969
0.013538661
0.010187036
0.004440665
0.0015502857
-0.0046453826
-0.010293803
-0.020572756
-0.027671701
-0.036500381
-0.039921203
-0.041829762
-0.041353017
-0.048653411
-0.05000081
-0.052825105
-0.050064436
-0.051351613
-0.051745245
-0.063362559
-0.068071634
-0.061062965
-0.06082055
-0.059277233
-0.052920264
-0.057674561
-0.067420927
-0.065447291
-0.065403176
-0.062284417
-0.062335665
-0.05595157
-0.052752182
-0.046846322
-0.039496911
-0.030991015
-0.025205164
-0.018880057
-0.018214632
-0.01467028
-0.014856882
-0.013511325
-0.014453272
-0.011317941
-0.01070716
-0.0073938045
-0.0061583324
-0.0046938214
-0.0036091335
-0.0013360865
0.002295119
0.0028642166
0.0043550086
0.0057114676
0.0026726091
0.0011234596
0.0021928493
0.0011620639
7.5701965e-05
0.00052218806
0.00098051585
0.0018006442
0.0020306422
0.0017260093
0.0018707408
0.00013613541
6.9727157e-05
-0.00031938865
0.0005392958
0.0029212703
0.0023840612
0.0037093136
0.0033401416
0.0039347198
0.0032758594
0.0044382876
0.0046468056
0.0054540749
0.006337565
0.0065654015
0.0055407889
0.0070736677
0.0069235275
0.0080444882
0.0098150615
0.010826852
0.0037310683
-0.0014047062
-0.0028859147
-0.0039097875
-0.0023711071
0.00015773863
-0.0031063865
-0.004885201
-0.0092748265
-0.0091464514
-0.0071820133
-0.0088948602
-0.0065609014
-0.0055603762
-0.0043103575
-0.0025776922
-0.00059295051
-0.00067498955
-0.00012868579
-0.00026969142
-0.00023192835
-0.001248356
0.00053726828
0.00013462015
-0.0013628656
-0.0016503692
-0.0010038998
-0.00053955526
0.0014055528
0.00124425
0.0012861017
0.0022332586
-0.0015373791
0.00045873242
-0.0083422054
-0.0092177834
-0.0053212244
-0.0066257666
-0.010150332
-0.0080791523
-0.0068778084
-0.0092476594
-0.0098963268
-0.0095909571
-0.015908221
-0.02168648
-0.013489192
-0.0087493437
-0.0036667989
-0.00044182503
-0.00025804828
0.001287585
0.0035375455
0.0051980873
0.0054465641
0.0025240464
-0.0022379527
-0.0053770717
-0.0088830368
-0.012871052
-0.020239285
-0.026274942
-0.031943517
-0.036112973
-0.038074337
-0.041543241
-0.049542267
-0.060011043
-0.0641584
-0.057415797
-0.052544396
-0.064294783
-0.067665448
-0.06989784
-0.067372232
-0.067779245
-0.068246234
-0.069830619
-0.070689039
-0.070018372
-0.063934825
-0.062168342
-0.060721709
-0.059688474
-0.062446663
-0.061756785
-0.056476476
-0.052323764
-0.047349519
-0.041711991
-0.035696336
-0.032421305
-0.027528029
-0.020271362
-0.017181601
-0.017479451
-0.014800245
-0.011254984
-0.013100892
-0.012936722
-0.012187564
-0.011338939
-0.0094672084
-0.0065493539
-0.0051702095
-0.0024947017
-0.0010623318
0.0036823036
0.0069062085
0.0076039336
0.0092480329
0.010793529
0.010175503
0.0054523857
0.0059254963
0.0074201373
0.006646874
0.006399954
0.0053778378
0.0043606147
0.0050296794
0.0054123033
0.0050384515
0.0058842433
0.0030377173
0.0023935044
0.0031676466
0.0050938763
0.0064194627
0.0059018176
0.0039534771
0.0056322439
0.0051812142
0.0051129294
0.0045491146
0.0065244778
0.0060023978
0.0073246056
0.0071809605
0.0098848579
0.0082076722
0.0084761185
0.0033964004
0.00075930068
-0.007329672
0.0010628742
0.0075067743
-0.0045518278
-0.00025022187
0.00081695549
-0.0024537061
-0.0050260655
-0.0063763836
-0.0084153544
-0.0077262444
-0.010085538
-0.0066180777
-0.0017671226
0.00066731147
0.0004606377
0.0035034708
0.0023398167
0.00059489989
0.00072591705
0.0011806967
-0.0024276695
-0.0016192922
-0.00060411096
-0.0026429712
-0.0022707237
-0.0037938136
-0.0027930535
-0.0034298659
-0.002814924
-0.0031392785
-0.0024346863
-0.006655814
-0.0058360182
-0.0082737989
-0.0074092762
-0.0090550974
-0.011715364
-0.009758837
-0.0071206592
-0.01051343
-0.010541042
-0.013704909
-0.013295893
-0.017977486
-0.018916546
-0.014798075
-0.016708006
-0.011077595
-0.0071605853
-0.0058668714
-0.0052655652
-0.0027825616
-0.0026301355
-0.002908002
-0.0054336995
-0.010661933
-0.017615174
-0.024380362
-0.033240109
-0.045421559
-0.053685842
-0.060585984
-0.054932268
-0.053898866
-0.062615804
-0.067568697
-0.079399174
-0.084527547
-0.085055262
-0.07703215
-0.082188805
-0.090807622
-0.092494697
-0.084507865
-0.08119733
-0.074068816
-0.072339099
-0.069352985
-0.062391628
-0.051755511
-0.051537268
-0.06264654
-0.060292003
-0.053254521
-0.04839243
-0.041556976
-0.034840952
-0.029127114
-0.022659356
-0.018151771
-0.013759516
-0.0083117051
-0.0056218975
-0.0059206215
-0.0071097034
-0.0071773844
-0.0058835286
-0.0063014185
-0.0081308532
-0.0064631296
-0.0053762025
-0.005813924
-0.0056859558
2.4760155e-06
0.0018001519
0.0012213905
0.005024793
0.0074703641
0.0068093085
0.0083310315
0.010665217
0.0088528073
0.0087934746
0.0083838061
0.010932412
0.0095229256
0.0073187758
0.0081224871
0.0054594061
0.0058304588
0.0092221812
0.010436026
0.011424796
0.0096607615
0.0052715714
0.007222022
0.0083024659
0.0083673177
0.0083317953
0.0073627997
0.0086997866
0.010413278
0.010919264
0.0071917703
0.0070171481
0.0077772685
0.011067686
0.013131021
0.016053403
0.021745606
0.021096086
0.011909588
0.0031570193
-0.00062351284
0.0088559324
0.012523318
0.004799801
0.00077738469
0.0020119366
0.00088686015
-0.0021333213
-0.0039331989
-0.005037922
-0.0056846351
-0.0042984909
-0.001186932
0.0017188701
0.006433096
0.0051463319
0.0072132062
0.006905235
0.0048973929
0.0054358922
0.0027627785
0.0027193072
0.00014445519
0.0011657067
0.0005101799
-0.0019867511
-0.00286687
-0.0025785978
-0.0029046485
-0.0018618378
-0.0045324766
-0.0050470635
-0.0066707003
-0.0066965754
-0.0087468455
-0.006519448
-0.0083352996
-0.0095176095
-0.0092126571
-0.010985374
-0.01090293
-0.0090508599
-0.012302241
-0.014474379
-0.014726903
-0.013682615
-0.01739155
-0.019788231
-0.020439774
-0.017199424
-0.017088568
-0.015484052
-0.012622452
-0.011429726
-0.011028371
-0.014320483
-0.016287963
-0.021817924
-0.03122031
-0.044949405
-0.059842239
-0.074140906
-0.072365496
-0.065903453
-0.073206886
-0.083705169
-0.089804077
-0.095084273
-0.096389745
-0.092461951
-0.084765363
-0.075756895
-0.08284882
-0.078176701
-0.07350025
-0.077672478
-0.075976691
-0.069840181
-0.054794001
-0.041852108
-0.035740497
-0.037247297
-0.048857728
-0.040435945
-0.024104066
-0.017973945
-0.01192435
-0.0050975385
0.00030304807
0.002873927
0.0044661193
0.0080397233
0.010447867
0.010232959
0.012201155
0.012009501
0.010659297
0.010018056
0.0053519307
0.0042217493
0.0034445416
0.0011296815
0.0015905065
0.0026786437
0.0038464438
0.0039253406
0.0037458925
0.0043505896
0.0049814582
0.0042855917
0.0073659346
0.0076999602
0.0072368379
0.0063595208
0.0047409518
0.0038621569
0.00042569425
0.0049044874
0.0041085593
0.0047474173
0.0096359406
0.0091890116
0.011922764
0.016983685
0.019672679
0.018888939
0.018617142
0.022609072
0.029029892
0.031134491
0.030829642
0.029138645
0.03249807
0.029806188
0.027557801
0.029608884
0.028305454
0.027334238
0.026222802
0.018724191
0.013641995
0.0097222454
-0.0035098639
-0.0055292004
0.0099610113
0.017567388
0.013703818
0.0058414002
0.0066264716
0.0010750373
-0.001573667
-0.002128202
0.00018518432
0.00080589837
0.00066750157
-0.00014791772
0.0004048347
0.0032292344
0.0047137096
0.0065591777
0.0046878154
0.0067258642
0.006083291
0.0025418289
0.0037528007
0.0056205559
0.0037060814
0.0026425482
0.0004074749
-0.0026634711
-0.0035305901
-0.0022314558
0.00013878377
-0.0018162489
-0.0052829464
-0.0084110286
-0.0054277671
-0.0082815534
-0.0068513836
-0.0072417129
-0.0087367306
-0.0099263071
-0.012450631
-0.012917567
-0.0095355202
-0.0088950518
-0.0088643178
-0.010320851
-0.013908904
-0.01563336
-0.021125147
-0.02491979
-0.023640554
-0.027759627
-0.023288701
-0.020907583
-0.018550492
-0.018061294
-0.018638998
-0.022640763
-0.023956114
-0.029792658
-0.035901359
-0.048086657
-0.066077677
-0.081533578
-0.069670736
-0.074242483
-0.083876845
-0.079999183
-0.080705146
-0.078122165
-0.072548512
-0.065961577
-0.05677528
-0.038828962
-0.038079028
-0.048708601
-0.051671409
-0.059404559
-0.064132375
-0.055725273
-0.044044191
-0.024511027
-0.007871402
-0.016758254
-0.02597524
-0.01230032
0.0013727073
0.010954804
0.014678679
0.017471032
0.021075284
0.025074575
0.022645754
0.024778332
0.02360854
0.021733996
0.020993784
0.019310128
0.017582153
0.015460935
0.013777055
0.012566883
0.012135978
0.0075886288
0.0057949095
0.0054113567
0.0068935799
0.0048761275
0.005557123
0.0068902612
0.0080623294
0.0075979455
0.0083839624
0.0069357889
0.0055627641
0.001714875
-0.00013605228
-0.0003789252
-0.00062925161
-0.0014876867
0.0035166063
0.0020235028
0.0046717679
0.0064762052
0.011447218
0.0155786
0.017987936
0.022738652
0.025419306
0.032677142
0.041337134
0.046920378
0.052081277
0.054313094
0.054054294
0.049540598
0.041285275
0.037249505
0.036630275
0.033743583
0.027091058
0.022550841
0.016341172
-0.0012625091
-0.01027014
0.0078226261
0.015055066
0.017884129
0.011715117
0.0047811932
-0.0013565864
-0.0030496226
-0.0041547648
-0.0027930762
-0.00081355397
0.0013634879
0.0029322042
0.0036341577
0.0013078779
0.00023460576
-0.00020069911
0.0016070876
-0.00082642562
1.7739938e-05
0.0013660456
0.0015655274
0.0012586656
0.0032849349
7.9173472e-05
-0.00062230015
-0.0036071045
-0.004658191
-0.003923387
-0.0028294321
-0.0018890088
-0.0018447486
-0.0057400134
-0.0061153902
-0.0067867446
-0.0054334669
-0.0078060203
-0.0073407128
-0.0068558164
-0.0088522991
-0.010384725
-0.010537503
-0.0097896643
-0.0095699805
-0.011134779
-0.011413122
-0.015677107
-0.020456972
-0.024564037
-0.027003335
-0.023164429
-0.02537797
-0.025366536
-0.026653396
-0.025593139
-0.024658669
-0.024547616
-0.026164417
-0.028684036
-0.032919275
-0.041000731
-0.049143898
-0.064061865
-0.072552398
-0.066079572
-0.073745895
-0.075157494
-0.069005472
-0.059504949
-0.050579851
-0.037925846
-0.031726834
-0.019850223
-0.0088945369
-0.01922647
-0.030019112
-0.030800657
-0.034014025
-0.031134527
-0.022621917
-0.016861867
-0.0051295471
0.0047481858
-0.0024686443
-0.00061796945
0.010445788
0.021793445
0.026421912
0.028298737
0.033672298
0.034156492
0.030132641
0.025063898
0.026051737
0.023427565
0.021524365
0.023132429
0.019315463
0.01597905
0.013805322
0.012998438
0.015668895
0.011955723
0.010813159
0.0079219533
0.0092255615
0.0065949054
0.0065057297
0.0025900414
0.0039499977
0.0057843871
0.0056792019
0.0044778321
0.0062424491
0.0059221174
0.0036222263
0.0050198812
0.0058543574
0.0071329951
0.0072106989
0.0083236427
0.008555725
0.011091145
0.013964757
0.01708623
0.018870842
0.022050554
0.023241623
0.026824325
0.03089021
0.041103028
0.049108378
0.053884226
0.057221702
0.057568645
0.050886786
0.043336653
0.036495156
0.03477949
0.02977946
0.017170898
0.0063028358
0.00048776082
-0.0042488807
-0.00063315318
0.011140925
0.010179368
0.01090197
0.0064311939
0.0037417739
-0.0017111103
-0.0054800008
-0.0062070475
-0.0064982571
-0.0029759024
0.00025432034
7.9251255e-05
0.0010508324
0.00028387807
-0.0014251553
-0.0025210864
-0.0027988398
-0.0023781706
-0.0013777008
-0.00070259809
0.0032975085
0.0030646956
0.0026404598
0.00010811969
-0.00098448204
-0.0023146178
-0.0048075931
-0.0070580566
-0.0055475625
-0.001136398
-0.0034188405
-0.0037842027
-0.0047644877
-0.0090069835
-0.0090332574
-0.0092885954
-0.0081952021
-0.0074602794
-0.0081227085
-0.0066283324
-0.0089973269
-0.008125897
-0.0089777124
-0.0090965233
-0.0094241162
-0.012097005
-0.015875429
-0.019704436
-0.020389788
-0.021098913
-0.020418635
-0.020219703
-0.021295976
-0.024833963
-0.024830805
-0.025018637
-0.026196246
-0.029168301
-0.033227345
-0.037242985
-0.041900253
-0.049405331
-0.050247742
-0.050419565
-0.052671952
-0.051070771
-0.045257311
-0.033059111
-0.021480186
-0.0092844137
9.9519005e-05
0.0034691504
-0.0012413209
-0.013034264
-0.017673283
-0.01159036
-0.013033289
-0.0065725241
-0.00020789836
0.0038613591
0.0096977287
0.013574968
0.0100287
0.012627401
0.018467609
0.022972432
0.029067889
0.02818399
0.029874803
0.029200855
0.025897473
0.019820079
0.01887603
0.016962727
0.014872145
0.013874091
0.0093884001
0.0066779394
0.0046505006
0.0044511214
0.0055913559
0.0076455821
0.007731701
0.0051923637
0.0072675484
0.0062519259
0.0033453475
0.00093080826
-5.8429129e-05
0.0020368037
0.0019386725
0.0023895439
0.0011308446
0.002382185
0.0044874259
0.0050851615
0.0068037835
0.0088278763
0.0093474699
0.010171772
0.010431096
0.013044762
0.015511237
0.01778374
0.018982786
0.02213278
0.024741442
0.028503416
0.033911297
0.037456692
0.040912899
0.043070077
0.044361027
0.043029171
0.037302564
0.028825278
0.015411496
0.0072247224
0.0058926828
0.0046963981
8.8347885e-05
-0.0060483942
0.0014720967
0.0072488895
0.0047438659
0.0064510967
0.0030300345
-0.00033535578
-0.0042553186
-0.0081112161
-0.0099164034
-0.011779697
-0.011990851
-0.011784274
-0.0080353069
-0.0034533676
-0.00095306128
-0.0017634265
-0.0036722269
-0.0038205585
-0.0037017824
-0.0032225547
-0.0032112822
-0.0029972085
-0.0011445662
-0.0013221379
-0.0010211908
-0.0014796493
-0.0023035908
-0.0045276667
-0.0046269067
-0.007827895
-0.0066890157
-0.0045822125
-0.0048235079
-0.0071037918
-0.0077857374
-0.010321612
-0.0077646041
-0.0091188345
-0.0086968991
-0.007240612
-0.0074960339
-0.0076614517
-0.0064607708
-0.0066177999
-0.0073194159
-0.0073098016
-0.0075906336
-0.0064320731
-0.0085605412
-0.011167275
-0.014893489
-0.014404276
-0.014411493
-0.016109699
-0.015828873
-0.019379497
-0.021687753
-0.023824235
-0.025860149
-0.027152988
-0.032502116
-0.035037625
-0.035932954
-0.033410181
-0.029775894
-0.031369534
-0.030635873
-0.018773194
-0.015626145
-0.010030727
0.0039104106
0.0068635446
0.012954501
0.0065408502
0.0001604015
-0.0047886057
-0.0051273978
-0.0070384696
-0.00051715313
0.0053909292
0.0084712538
0.0096905251
0.010833457
0.015908304
0.015346213
0.015513036
0.012816045
0.01301883
0.017790649
0.020227695
0.020344387
0.017700734
0.016196159
0.014701328
0.011535357
0.0063847306
0.0049978053
0.0059157455
0.0023636969
0.0013836224
-0.0014835726
0.00022408476
-0.0011688703
0.0020302389
0.0028590612
0.0034122124
0.0035862097
0.0025900101
0.00091413591
-0.0014522218
-0.0015740631
-0.00091216761
0.0005610926
0.00079569341
-4.3335417e-05
-0.00050108578
-2.2537882e-05
0.0029456676
0.0064509096
0.0074630427
0.0066256027
0.0074524106
0.0082822138
0.0094574935
0.01160139
0.01276762
0.013027432
0.015852517
0.019110364
0.022560244
0.025308381
0.029333294
0.03092228
0.033674701
0.029656457
0.026019313
0.015062425
0.0015098347
0.00050146543
0.0022187915
0.004425351
0.0059877974
0.0023526786
-0.00099084968
0.0039338273
0.0034569299
0.0025887526
0.00094585098
-0.001678172
-0.0045715004
-0.0067993854
-0.0080746219
-0.0080135312
-0.0090449574
-0.0098536281
-0.010702884
-0.0076236126
-0.0057475722
-0.0037751339
-0.0030294377
-0.0026399429
-0.0053182521
-0.0063005018
-0.0054650878
-0.0057115795
-0.0054135189
-0.0051954784
-0.0040475531
-0.0045807528
-0.0039256343
-0.0035834124
-0.0040780205
-0.0035571537
-0.0058151862
-0.0060909028
-0.0049237191
-0.0065186967
-0.0056597765
-0.0095128253
