0.004921237
0.004817377
0.0052743745
0.0055265738
0.0053780802
0.0041797727
0.0034520169
0.002811011
0.0043032411
0.0053078555
0.0065328475
0.0050049464
0.0035116803
0.0017928498
0.00061805526
3.0739631e-05
0.00095449347
0.003000168
0.0027583099
0.00066536024
0.0026066082
0.003372937
0.0027800968
0.002203785
0.0017817583
0.0023183933
0.0030380743
0.0024766514
0.0019222567
0.0017298236
0.0013589112
0.0020446952
0.0025224163
0.0019841671
0.0019382033
0.00083198079
0.0010448365
0.00016961917
-6.5052426e-05
-0.00010401227
-0.00098155123
-0.00043608186
0.00068934241
0.0014906884
0.0022352265
0.0019734015
0.0020469171
-9.0869448e-05
-0.0005761231
-0.0020090142
-0.0022377181
-0.0023161239
-0.0024189945
-0.0010700813
-0.00056742273
-5.0515077e-05
-0.00025892402
0.0013017602
-3.0571583e-05
-0.0024443691
-0.0051721749
-0.0051443501
-0.0035494108
-0.0034212413
-0.0038315941
-0.0048159448
-0.0066696005
-0.0089475494
-0.010614799
-0.012238867
-0.0119221
-0.012817673
-0.012633963
-0.0096224605
-0.0091719011
-0.0085672336
-0.009278458
-0.0088494502
-0.0085151404
-0.0080403231
-0.0094751183
-0.0082973407
-0.0072492683
-0.0054021763
-0.0066102597
-0.0080783401
-0.0079313851
-0.0083047992
-0.0062044644
-0.0060357604
-0.0048120625
-0.0037105628
-0.0045374722
-0.0037598147
-0.0037215092
-0.0034030174
-0.0034208511
-0.004243925
-0.0050863562
-0.00425594
-0.0036756823
-0.004224503
-0.0034516655
-0.0042279086
-0.0042441822
-0.0034181799
-0.0036335852
-0.0042022384
-0.0045094773
-0.00518649
-0.0050820009
-0.005208067
-0.0056027576
-0.0056555969
-0.0060478693
-0.0078572157
-0.0063764254
-0.0043564899
-0.0034356661
0.0011153608
0.0032729515
0.0066536916
0.0068711803
0.0093578137
0.0091630224
0.0079803689
0.0087563543
0.0094641745
0.0095088509
0.0079663366
0.0052680277
0.004225066
0.004981483
0.0046616221
0.0037730588
0.0032501035
0.0028129908
0.0014106877
0.0017640651
0.003029212
0.0027469968
0.0024333939
0.0028796097
0.0040961564
0.0048531942
0.0051884392
0.0052841073
0.0050189317
0.0038727023
0.0032580135
0.0027458453
0.003428604
0.0036965892
0.0033460672
0.0033144512
0.0025235837
0.0012190567
0.0003385725
-0.0013814323
-0.0021909181
-0.0010241261
4.8061577e-05
0.00045668941
0.00034926252
0.0015571196
0.0018227744
0.0022146425
0.0014862367
0.0013390785
0.0016203702
0.001200115
0.0013249607
0.00096288895
0.00084298176
0.00051850226
0.00048915703
-0.00016689534
-0.00094502153
-0.0017974835
-0.0014840134
-0.00260111
-0.0033761706
-0.0051418273
-0.0051772121
-0.0042214122
-0.004277473
-0.0037219437
-0.0022829484
-0.0010661579
-9.0836433e-05
-0.00027325158
-0.0017544842
-0.0014411826
-0.0021410087
-0.0025050813
-0.0023754291
-0.0023011423
-0.001624956
-0.001081021
-0.00091128604
-0.00056611778
0.0006636304
-0.00045884503
-0.0025100214
-0.0030338259
-0.0015120872
-7.3149001e-06
0.00021863396
-0.0011175047
-0.0022598575
-0.0039080833
-0.0054895544
-0.0073838602
-0.0081818086
-0.0076286396
-0.0081576122
-0.005458611
-0.0059705232
-0.0072715232
-0.0074272149
-0.0066548437
-0.006825524
-0.0083455423
-0.0081173647
-0.0067799047
-0.0064708643
-0.0047735484
-0.0059482044
-0.006378192
-0.0072319155
-0.0065779085
-0.0048573026
-0.0053553234
-0.0047154166
-0.0026668182
-0.001851068
-0.0020705173
-0.0019343274
-0.0030640804
-0.002810309
-0.0036781196
-0.0035408083
-0.0033781191
-0.0030851457
-0.0032074898
-0.0031905954
-0.0035369482
-0.0036431681
-0.0034328827
-0.0040474665
-0.0049309617
-0.0051976632
-0.0059629608
-0.0059698837
-0.0060718093
-0.0063104413
-0.0069322816
-0.0066362204
-0.0083746824
-0.0090884955
-0.0081215082
-0.0053099402
0.00091074243
0.0052823536
0.0068230924
0.0076096883
0.0085554215
0.0079806541
0.0066526572
0.0064090142
0.0072601697
0.0057515535
0.0065302384
0.0056499443
0.0038125831
0.00384652
0.0043524799
0.0036117299
0.0037342693
0.0029953285
0.0017122686
0.0012223738
0.0012956062
0.0011082165
0.0014769288
0.0026917916
0.0031742379
0.0044679557
0.0044959442
0.0041825642
0.0042990284
0.0038628177
0.0032109542
0.0028924553
0.002006382
0.0035477905
0.0037038568
0.0032467591
0.0020035467
0.00063139482
0.00024002713
-0.00060493669
-0.00064709446
-0.00070141088
-0.0006765126
-0.00092163522
0.00069324365
0.0015522448
0.0013661408
0.0019190433
0.0019739594
0.0020800916
0.0019434964
0.0031174261
0.0038616944
0.0033566456
0.0032260647
0.0026340535
0.0020307903
0.00090894167
4.5783855e-05
-0.00082812623
-0.0028287239
-0.0046473479
-0.006218077
-0.008048673
-0.0094483409
-0.010299832
-0.0099246665
-0.0086978066
-0.0083670331
-0.007260282
-0.0049505801
-0.0025154397
-0.0020304543
-0.001645931
-0.002428029
-0.0035688536
-0.0036920211
-0.0030241946
-0.0025309242
-0.0014364276
-0.001463312
-0.0024914173
-0.0023045815
-0.0023461982
-0.0025802568
-0.0010746659
0.00082041069
0.0024533843
0.0032216864
0.0044411347
0.002272669
0.0013244732
6.662137e-05
-0.0007680484
0.00036889768
-0.00011992755
-0.0011661775
-0.0016676837
-0.0027464301
-0.0032983963
-0.002604257
-0.0028131519
-0.0034820376
-0.0043475013
-0.0064546992
-0.0080938229
-0.0065190118
-0.0053021519
-0.0039938948
-0.00556915
-0.0076253445
-0.0065255615
-0.0060595155
-0.0046168755
-0.0038272754
-0.003190502
-0.0021523426
-0.00082147951
-0.00053131982
-0.0010049069
-0.0023630228
-0.0024570101
-0.0019489922
-0.0019469267
-0.0020265423
-0.0029449357
-0.0036246598
-0.0031388675
-0.0033810998
-0.0032685905
-0.0039502117
-0.0043697838
-0.0043450226
-0.0046697055
-0.0053242376
-0.0052934554
-0.0060568848
-0.0054063039
-0.006587463
-0.0071065229
-0.008167534
-0.0096050901
-0.0037018745
0.0020007592
0.0046413899
0.005594221
0.0054199984
0.0061559441
0.0056574246
0.0044402079
0.0070179652
0.004847306
0.003250139
0.0031093268
0.0034448803
0.0046464407
0.00363213
0.0027771435
0.0026806809
0.0025897327
0.002041774
0.0015805196
0.00076683716
0.00015651122
0.0013880036
0.0014432329
0.0022018612
0.0026613698
0.0036612814
0.0032306995
0.004388543
0.0047616348
0.0050627281
0.0050254846
0.0044237417
0.0037117757
0.0048280789
0.0061720473
0.0056432495
0.0055904001
0.0039599364
0.002571211
0.0014089263
9.858153e-05
-4.9922815e-05
0.0016402208
0.0022300619
0.0027123177
0.0038019758
0.0033640308
0.0039825
0.0038984241
0.0042128363
0.0039406535
0.0044542291
0.0051609008
0.0078355091
0.0084071812
0.007356231
0.0069961782
0.0051597756
0.003543302
0.0016925451
-0.001085632
-0.0041366291
-0.008145407
-0.011922207
-0.012072167
-0.01676614
-0.017369129
-0.017084879
-0.013918721
-0.011146173
-0.0091862417
-0.0068271972
-0.0051679334
-0.0037880969
-0.003309035
-0.0036675114
-0.0039876165
-0.0038839658
-0.0042573275
-0.003589114
-0.0030257649
-0.0025858815
-0.0036066246
-0.0039860736
-0.0032813847
-0.0010032754
0.0014926983
0.0032685217
0.0048430168
0.0083622118
0.0091731896
0.0073873626
0.0046193857
0.0050264989
0.0059761487
0.0050102433
0.0034008193
0.0014300373
0.0036363423
0.0041959019
0.0034806319
0.003147357
0.0032326172
0.0019718845
-0.0029094021
-0.0048170131
-0.0060797497
-0.0049987167
-0.0046203518
-0.0039164404
-0.0067537962
-0.0069591876
-0.0054905262
-0.003511233
-0.0025925125
-0.0024122935
-0.002040887
-0.00075765716
0.00014679946
-0.00025248797
-0.00058078662
-0.00014176049
-0.00034440856
-0.00083908438
-0.0016801136
-0.0024308984
-0.0031213017
-0.0035508972
-0.0034105302
-0.0035757914
-0.003372055
-0.0027967273
-0.0032114906
-0.002950963
-0.0036314399
-0.0033967553
-0.0037028374
-0.0032855518
-0.0044744179
-0.003789657
-0.0046170814
-0.0038010469
0.00052581558
0.0031855559
0.0040767078
0.0048484669
0.006723556
0.0038263878
0.0033866865
0.0032224912
0.0051404072
0.0050166408
0.0065566157
0.0045618101
0.0022200372
0.002312047
0.0034811112
0.0026744118
0.0017533078
0.0013981177
0.0013722034
0.00071250529
-0.00016376693
0.00015710654
0.00014080634
0.0010095027
0.001706941
0.0020845551
0.0026328037
0.0033184527
0.0038451558
0.0056932181
0.0057944102
0.0063577253
0.0069044456
0.0072306704
0.0074385897
0.0087599512
0.0088960716
0.0091495282
0.008229151
0.0061704914
0.0061689736
0.0041782713
0.0013618275
0.0016267183
0.0055341883
0.0070810904
0.0073703649
0.0065929049
0.007314089
0.007347626
0.0076729115
0.0079876649
0.006501165
0.0064620961
0.0081786924
0.0092204209
0.012115401
0.012651499
0.010658616
0.0085408243
0.0063047633
0.0033442821
-0.001298294
-0.0056100493
-0.0091982319
-0.013413502
-0.01516378
-0.020074278
-0.022471539
-0.019704597
-0.017938823
-0.015798665
-0.012860888
-0.011650803
-0.011200903
-0.0096851564
-0.0092450586
-0.0086289757
-0.0070532353
-0.0061374478
-0.0054232463
-0.0047599484
-0.0043821139
-0.0057163786
-0.0069516065
-0.0078383902
-0.0065345885
-0.0036384978
0.0015939334
0.0034326253
0.0039934612
0.0068063489
0.0063588184
0.007114209
0.0059223842
0.0061463957
0.0057168527
0.0058327256
0.0041799612
0.0042189262
0.0075058804
0.0071193916
0.0067667158
0.0064966706
0.0044555784
0.0023707886
0.00016845485
-0.00076183986
-0.0026884045
-0.0011598215
-0.00064958014
-0.00076985448
-0.0025956863
-0.0041504993
-0.0036799954
-0.0041503961
-0.0025071869
-0.0027375159
-0.0022306613
-0.0018192056
-0.0017453108
-0.001767747
-0.0013858426
-0.0014766307
-0.00079621759
-0.0016980746
-0.0015489526
-0.0028134876
-0.0032351533
-0.0031150922
-0.0031891319
-0.0034847506
-0.0027081359
-0.0024578701
-0.0023378235
-0.001820933
-0.0015301337
-0.0016405599
-0.0014205732
-0.0013296961
-0.00053058627
0.0011748535
0.0019597906
0.0030833018
0.0031308573
0.0058352075
0.0072687618
0.0089187072
0.0084251899
0.0060662978
0.0042788301
0.0057200483
0.0054231407
0.0060420022
0.0054911529
0.0034724588
0.0012025337
0.0014902056
0.0022119832
0.0014988089
0.00040635722
4.4833487e-05
0.00011408859
-0.00024256615
-0.00053286356
-0.00022973097
0.00056600303
0.001491706
0.0027956519
0.0037411892
0.0041822293
0.0045140418
0.0052160412
0.0068069652
0.0070722996
0.0078801446
0.0092833333
0.010312715
0.012159322
0.014059158
0.010917719
0.010120378
0.007218244
0.0075601558
0.0078297254
0.0052252357
0.004229801
0.0054674998
0.0083322007
0.0099551857
0.010519908
0.011201762
0.010946136
0.0088924763
0.0093980025
0.0081425721
0.0063521242
0.0064342777
0.0063468514
0.011769505
0.014426099
0.014412048
0.013840863
0.012271536
0.014113631
0.010670259
0.006260693
0.0020163242
-0.0014716908
-0.0082883567
-0.016097681
-0.019895478
-0.021543076
-0.021403322
-0.021265688
-0.021220247
-0.021014727
-0.01977773
-0.020212648
-0.017278801
-0.017737568
-0.015463818
-0.015238395
-0.013530598
-0.012227011
-0.013106087
-0.013444885
-0.01393256
-0.017456781
-0.015993712
-0.015274842
-0.014223569
-0.0085428261
-0.013293782
-0.014045206
-0.0089011715
-0.0045189367
-0.0038229325
-0.0023005335
0.00042963511
0.0022836031
-0.00083330091
-0.00099332373
-0.00052071959
0.00064875721
0.00059052864
0.0012353536
0.00403433
0.0035821222
0.00011630856
-0.00053684052
-0.00031962793
-0.00066732156
-0.00059374171
-0.00067505141
-0.0022459996
-0.0024336694
-0.0029036876
-0.0033205304
-0.0037151331
-0.0027373475
-0.0026962639
-0.0030964986
-0.0032592852
-0.0026114923
-0.0020199064
-0.0020734654
-0.0015026376
-0.00098893397
-0.00056876537
-0.0015607425
-0.0024591854
-0.0028222191
-0.0032104325
-0.0024953306
-0.0022128113
-0.00083746193
-0.00073177876
0.00042391734
0.00097067597
0.0020184862
0.0023259998
0.0030599834
0.0044985393
0.0072184098
0.0072523874
0.0056979181
0.0052956351
0.0068806041
0.010184263
0.0095082122
0.010457187
0.009045606
0.0087909951
0.0073517814
0.007220069
0.006720121
0.0060344362
0.0055771776
0.0028930221
0.0016128768
2.9709874e-05
-0.00020141944
-0.00066453048
-0.0013898161
-0.0024987986
-0.0025261139
-0.0016780808
-0.0011342245
0.00039830891
0.0016103817
0.0033110306
0.0040784167
0.0049493196
0.0053565869
0.0056463752
0.0061971368
0.0075509887
0.0082877419
0.0091194993
0.010931948
0.012630952
0.015025494
0.015283669
0.013109723
0.0077922812
0.0058367448
0.0062195193
0.0046431868
0.0040679376
0.0048765896
0.0045781811
0.0082035653
0.011601769
0.013092197
0.012854673
0.012265125
0.010275105
0.0084468814
0.0065544137
0.0061453157
0.0090502105
0.014558357
0.01535678
0.017384651
0.020299247
0.024379035
0.024513609
0.023181739
0.021327489
0.014080112
0.0097716491
0.0052700896
-0.0033579715
-0.010742294
-0.018642039
-0.021985696
-0.030142912
-0.031009545
-0.027230902
-0.031212889
-0.031564807
-0.031828307
-0.032462247
-0.033981534
-0.029649855
-0.030984082
-0.02870125
-0.031242515
-0.030685562
-0.031167222
-0.02942574
-0.034054765
-0.035732811
-0.039250377
-0.032024113
-0.023685637
-0.021836351
-0.027380326
-0.026653884
-0.024948128
-0.023395849
-0.015631498
-0.016533229
-0.012531842
-0.013577955
-0.012281587
-0.011994473
-0.011343805
-0.0069284414
-0.0058117946
-0.0029864366
-0.0029156602
-0.0040406517
-0.0041978748
-0.0031129839
-0.0019324782
-0.0014461908
-0.0017616424
-0.0026941577
-0.0032070637
-0.0039779207
-0.0030982931
-0.0029549125
-0.0033316161
-0.0038223972
-0.0034555388
-0.003209246
-0.0030442971
-0.0029882195
-0.0019595838
-0.0021530849
-0.0018299508
-0.0015286854
-0.0015270624
-0.001868848
-0.0013862758
-0.0011305003
-0.00021163975
0.00061857165
0.0013539166
0.0021281592
0.0030752836
0.0032562705
0.0043445322
0.0045384797
0.0063822596
0.008075439
0.011688249
0.010254099
0.0038837533
0.0058882869
0.0074553709
0.010291191
0.0095422521
0.011888294
0.009721412
0.006965808
0.0074781051
0.0048571786
0.0044022153
0.0021908636
0.0015709489
-0.00039500905
-0.0008275909
-0.0034002846
-0.0039575675
-0.0057893915
-0.0072259873
-0.0050568659
-0.002744402
-0.0022578144
-0.00049606302
0.00085903668
0.0022628698
0.0026427635
0.004355909
0.0053867238
0.0061238382
0.0064881747
0.0066483383
0.0084301077
0.0096905896
0.0099568969
0.011021404
0.01214681
0.014722976
0.012458665
0.008149361
0.0074565564
0.0057989548
0.0049905356
0.0026350306
0.0038469896
0.00092355479
0.00030635372
0.0053005813
0.011227498
0.013279816
0.012760944
0.011586255
0.011101551
0.0085568541
0.0058430098
0.0066348989
0.014002889
0.017094265
0.017063107
0.021556645
0.026559449
0.030806899
0.031133161
0.026783459
0.020397243
0.014144439
0.0061332416
0.0012274518
-0.0064903585
-0.012243405
-0.013709536
-0.019715792
-0.030235619
-0.029766444
-0.0261561
-0.034004395
-0.03841412
-0.044775021
-0.043982661
-0.053552749
-0.045758259
-0.047516065
-0.048845167
-0.044713657
-0.050796259
-0.048931604
-0.053519888
-0.060455029
-0.05147314
-0.050372092
-0.049094863
-0.049796196
-0.042356148
-0.042193419
-0.039322703
-0.032601164
-0.029830832
-0.023304112
-0.021676691
-0.018880481
-0.020604768
-0.019786927
-0.016748746
-0.015662428
-0.013393648
-0.010454821
-0.0096046851
-0.0076213596
-0.0056663311
-0.0044869931
-0.0033862862
-0.0022727829
-0.0029537397
-0.0025968627
-0.0039900027
-0.0030894875
-0.0035300043
-0.0032683735
-0.0032769801
-0.0023717353
-0.0032173697
-0.0036537342
-0.0032846241
-0.0026759146
-0.002217157
-0.0017530059
-0.0017297985
-0.0012583133
-0.00092205666
-0.0003888377
-0.00049686972
0.00079910962
0.00054992799
0.001770673
0.0015353034
0.0024403897
0.0031962098
0.0044534444
0.0048515015
0.0068620355
0.0065448969
0.0088040713
0.0086543424
0.013608456
0.010562752
0.0038544825
0.0043264454
0.0066373195
0.010650488
0.011268329
0.0092785867
0.0072513518
0.0031804253
0.0012341529
9.6052936e-05
0.00061304588
-0.0017466925
-0.0024378066
-0.0058791571
-0.0072985755
-0.0064966956
-0.0074531484
-0.0070515179
-0.0046329895
-0.0028311615
-0.00071058586
0.00041559293
0.0004591081
0.0014845233
0.0034334792
0.0034332499
0.0047064222
0.0050242253
0.0060003821
0.0064016882
0.007897205
0.0090317473
0.009798883
0.011962719
0.011790347
0.01371481
0.012180932
0.0084831095
0.0048989739
0.0029164524
0.0033334856
0.0036199838
0.0027824734
0.0015671495
-0.00025194167
-0.0043348978
0.0018955185
0.011593701
0.013369524
0.013358799
0.012034094
0.014264862
0.013346974
0.010000262
0.008987133
0.012743211
0.01574665
0.017011762
0.022499495
0.027212231
0.027559395
0.025515133
0.019911768
0.014681771
0.0076470523
0.00099331008
-0.0079538282
-0.013154869
-0.018916906
-0.017622494
-0.026563485
-0.030284759
-0.026203188
-0.029997858
-0.034218344
-0.041533046
-0.051439535
-0.055071564
-0.050634297
-0.05467551
-0.054727548
-0.056223568
-0.053038232
-0.064589934
-0.063684222
-0.065245307
-0.069489027
-0.064377927
-0.062490886
-0.061035628
-0.05541865
-0.052565515
-0.045936057
-0.04046445
-0.034750277
-0.027957991
-0.022381987
-0.020634508
-0.020887752
-0.021348581
-0.019055993
-0.017968741
-0.015657127
-0.013384352
-0.010157232
-0.0072709881
-0.0066964479
-0.005716873
-0.0020146879
-0.00022613257
0.00011983549
-0.0010596768
-0.0012564278
-0.0022280767
-0.0026926503
-0.0026955603
-0.0018991637
-0.0014376098
-0.0019621523
-0.0014576964
-0.0010882647
-0.00095344508
-0.0012816424
-0.00098978302
-0.00053146359
8.9381341e-05
0.00071302067
0.0013341537
0.0029153102
0.0027740487
0.0025290761
0.0033743561
0.00366682
0.0041321862
0.0051186025
0.0055353198
0.0059915487
0.0070468111
0.0084824965
0.0092154972
0.0094340963
0.010466197
0.012131554
0.0099283605
0.00099289912
0.0027244745
0.004273607
0.0063641012
0.0075856754
0.0058651164
0.0025910993
-0.0030607084
-0.0031391196
-0.0031902119
-0.0016491751
-0.0045244707
-0.0075660235
-0.0042326612
-0.0042459309
-0.0041201308
-0.0025690989
0.00020970453
0.0006533688
0.0019149802
0.001649581
0.0034908232
0.0037000142
0.0047650968
0.003833946
0.00569764
0.0050600368
0.006120477
0.0064072952
0.0084757643
0.0093761621
0.0091268366
0.0094616142
0.0094277362
0.0057581873
0.0050833353
0.00257821
-0.00094224914
-0.0017702259
-0.0023323536
-0.0010718279
0.0015118421
-0.0023174717
-0.0051786735
-0.010986579
-0.0089842718
0.0011105206
0.0063755856
0.0093095382
0.011241498
0.010277091
0.012644669
0.014514185
0.012393647
0.0080324923
0.0065870585
0.0079665693
0.008772944
0.0096038066
0.009829166
0.0067205352
0.0070848891
0.0025939955
-0.0023573468
-0.010298745
-0.016649652
-0.025483341
-0.029345984
-0.031971795
-0.029558845
-0.035523945
-0.039939431
-0.044785344
-0.044405673
-0.046538295
-0.048350622
-0.058234834
-0.063846801
-0.061157839
-0.062673216
-0.062833882
-0.058316277
-0.060612957
-0.070783812
-0.070638405
-0.070194566
-0.06628626
-0.067263789
-0.062332757
-0.059721416
-0.055345969
-0.049043029
-0.040312718
-0.03483994
-0.028493465
-0.025239743
-0.020730887
-0.020458131
-0.018722628
-0.02049977
-0.018224087
-0.019163343
-0.016190065
-0.01371364
-0.011842004
-0.0092888748
-0.0079871211
-0.0030341607
-0.0012181042
0.0014846193
0.0044487731
0.0022916835
-0.00099748696
-0.0002814183
-8.7042127e-05
-0.001365032
-0.0010055389
-0.00073292727
4.7390936e-05
0.00038764719
-0.00024431118
0.00051995183
-0.0013959112
-0.0011061232
-0.00024144183
0.00022641187
0.0033168565
0.0028067864
0.0045755212
0.0052792331
0.0062403038
0.0055263445
0.0072573838
0.0079072936
0.0091053249
0.0094997708
0.009791296
0.0096183421
0.011215046
0.010993905
0.012238578
0.013278031
0.015903188
0.0093441883
0.0029411335
0.00060303009
-0.0005444139
0.00078367024
0.0040583307
0.0017977251
-0.00044475265
-0.005853263
-0.0073800082
-0.0048862419
-0.0065828007
-0.0055718228
-0.0037738796
-0.0013584327
0.00066479423
0.004058605
0.0043003258
0.0039080896
0.0042181502
0.004809147
0.0034501042
0.0050211388
0.0051253283
0.0043670888
0.0040780362
0.0049844399
0.0059155779
0.0074194702
0.0076112336
0.0076834908
0.0075781582
0.00053526907
0.0028042318
-0.0029858045
-0.0074870574
-0.0033690556
-0.0042348368
-0.007901752
-0.0062563761
-0.0052656934
-0.0058896339
-0.006699499
-0.0056260095
-0.010927406
-0.018543794
-0.014126484
-0.0073591871
-0.0024684704
0.0018911427
0.0047520883
0.0071653304
0.0099112273
0.011095527
0.010491955
0.0058927543
-0.0013713816
-0.0052882384
-0.0093642104
-0.011078043
-0.016007672
-0.021135796
-0.026506181
-0.030528135
-0.033246765
-0.033999565
-0.038369746
-0.05094304
-0.05631316
-0.050415974
-0.041977338
-0.052904072
-0.060679512
-0.064186585
-0.063567205
-0.064716097
-0.066131162
-0.067867264
-0.068474778
-0.072302754
-0.068947086
-0.068319154
-0.067345786
-0.066295492
-0.068073115
-0.068948449
-0.064974889
-0.05991557
-0.057493786
-0.051013301
-0.045803968
-0.04468306
-0.040598382
-0.03270432
-0.028881204
-0.029660008
-0.02585191
-0.019864157
-0.021054942
-0.020811573
-0.020390887
-0.02070498
-0.018236955
-0.016182815
-0.015308106
-0.013406388
-0.010128469
-0.0054516555
-0.0012158668
0.00091026696
0.0049690494
0.0065157676
0.0067120774
0.0033142276
0.0025190966
0.0060668013
0.0036887323
0.0033172683
0.0027313564
0.0014726624
0.0037130495
0.0029824685
0.002930146
0.0034354576
0.0020497309
0.0017480728
0.0026727977
0.0043158116
0.0062567345
0.00658935
0.0062183365
0.0084765182
0.0078226709
0.0086906586
0.0087388966
0.010449007
0.010036767
0.011432446
0.010267173
0.014866437
0.011946236
0.013684745
0.0090522515
0.0060013079
-0.0032354713
0.0030070342
0.011983149
5.0766783e-06
0.0035942232
0.0036155154
0.0015497926
-0.0018641056
-0.0037819661
-0.005510965
-0.0046669531
-0.0075349511
-0.0050076573
7.7806799e-05
0.0034012127
0.0049029566
0.0082993457
0.0089368036
0.004708523
0.0066848507
0.0076787894
0.0047504941
0.0052697165
0.0057881127
0.0047946222
0.0056619684
0.0039594344
0.0047655744
0.0027333759
0.0019956623
0.0025421288
0.0021025637
-0.0034454097
-0.0029885642
-0.0043608603
-0.0046682752
-0.0065810644
-0.0084247633
-0.0060621911
-0.0031365387
-0.0054037022
-0.0046832701
-0.0077841465
-0.0064830649
-0.010908308
-0.013299122
-0.0096173124
-0.012709235
-0.0075187192
-0.0033745259
-0.00018601174
0.0016381561
0.0048521262
0.0048640779
0.005780247
0.0027198783
-0.0038935891
-0.012901495
-0.021498366
-0.030044019
-0.042110073
-0.049659776
-0.057410811
-0.053526495
-0.048610229
-0.055624095
-0.058218222
-0.070221912
-0.078760794
-0.081100767
-0.071702837
-0.076715482
-0.087660425
-0.091651069
-0.083939992
-0.080271586
-0.074697967
-0.07197919
-0.070054695
-0.066305663
-0.056647705
-0.055503458
-0.066848995
-0.066287741
-0.060726315
-0.057164129
-0.05094223
-0.044989638
-0.040589176
-0.034074912
-0.028448864
-0.026083396
-0.022171716
-0.018303127
-0.016882756
-0.017761034
-0.016923921
-0.013657948
-0.01413568
-0.015281203
-0.014452849
-0.01383227
-0.01304768
-0.014481886
-0.0093470904
-0.0069689578
-0.0082611602
-0.0031486831
0.0011416819
0.0012646157
0.0024871842
0.0068541421
0.006138392
0.0045302173
0.0022825766
0.0053878185
0.0060010925
0.0037225732
0.0033452964
0.00060747143
0.0010412778
0.004442228
0.0051934462
0.0066799729
0.0065436964
0.0037700733
0.005536678
0.0068018705
0.0077411874
0.0081762278
0.0091482517
0.010863897
0.012604757
0.014303007
0.012117495
0.011404576
0.011442242
0.014008458
0.015515653
0.017124538
0.022420848
0.025307197
0.015150775
0.0055429724
-0.00093882268
0.0092738034
0.012512149
0.0064999336
0.0038795467
0.0030106547
0.0030080315
0.00051129357
-0.0014115548
-0.0033614946
-0.0028551293
-0.0027759124
-8.210441e-05
0.0026079718
0.0070870695
0.0071588917
0.0086537527
0.010932825
0.008898479
0.010974476
0.009190121
0.0095246492
0.0064821887
0.0066566955
0.006576496
0.0049569696
0.0041548772
0.0035548468
0.0022803509
0.0028932875
0.00048365518
-0.00057342189
-0.0029797232
-0.0029005676
-0.0048216141
-0.0027609588
-0.0049675008
-0.0066273396
-0.0045971598
-0.0049992575
-0.0067988883
-0.0037937615
-0.005165127
-0.0060562147
-0.0057018763
-0.0053373406
-0.010712391
-0.01493212
-0.01520151
-0.013035415
-0.012231301
-0.010304878
-0.0078662343
-0.0067922139
-0.0053005408
-0.008148774
-0.011011626
-0.016906523
-0.027201639
-0.041121002
-0.056876523
-0.073436534
-0.074283256
-0.065162494
-0.068419181
-0.077367006
-0.085795227
-0.092626604
-0.096040027
-0.094194675
-0.08569404
-0.07668049
-0.085783137
-0.08228308
-0.074806825
-0.080256266
-0.080966318
-0.075734069
-0.060960722
-0.047541955
-0.041902489
-0.043930715
-0.054764169
-0.050823251
-0.035503141
-0.030005314
-0.024621463
-0.018703139
-0.013187329
-0.0099755642
-0.0064472119
-0.0025668592
-0.0005426345
-0.00083406341
0.0012328025
0.0017280463
0.0018486763
0.0033866858
-0.00089784085
-0.0027384631
-0.0033787058
-0.0059682777
-0.0062861076
-0.0033208191
-0.0028384117
-0.0038940846
-0.0042996505
-0.002976881
-0.0020933662
-0.0025090461
0.00035776686
0.0014445991
0.0024082155
0.0016192425
0.00041933725
-0.00011598305
-0.0040710768
-0.0028696222
-0.0039666971
-0.0036881074
0.0010479303
-0.0005824888
0.0014297301
0.0081491511
0.011029949
0.011684477
0.011979528
0.014649719
0.021143574
0.02522338
0.027540555
0.029214721
0.033466972
0.033535949
0.033122113
0.034996352
0.031901193
0.031698823
0.030211466
0.023268833
0.01671198
0.013488232
0.0010456454
-0.0030817962
0.010236693
0.016692389
0.014084364
0.0054890754
0.0065931588
0.0022165909
-9.2789832e-05
-0.0014506092
-0.0015037389
8.5694384e-05
3.8667442e-05
-0.0013357888
-0.00038134803
0.0026594062
0.0040511396
0.0056713273
0.0058443677
0.0081551606
0.0086837989
0.0067753793
0.0065679551
0.0073873416
0.0069034654
0.0066041468
0.0052340692
0.0025130415
0.0014504065
0.00215661
0.0045131846
0.0030439022
-0.00032556725
-0.0033552795
-0.00090978847
-0.0040421244
-0.0013962201
-0.0016627863
-0.0043612189
-0.0055224153
-0.0067108039
-0.0078069718
-0.0048588403
-0.0041628247
-0.0030363031
-0.0042359468
-0.0060908563
-0.0084140525
-0.015056259
-0.021509866
-0.020643121
-0.024449045
-0.022395065
-0.01977527
-0.017163384
-0.015859367
-0.015423653
-0.020030947
-0.021651907
-0.028248687
-0.035743587
-0.047720464
-0.064899947
-0.08657664
-0.073813388
-0.073029333
-0.083856954
-0.081035152
-0.084749147
-0.083802416
-0.08021481
-0.072255753
-0.062640142
-0.043703794
-0.041272848
-0.052297821
-0.054944856
-0.062156999
-0.070283655
-0.062913457
-0.051114426
-0.032364382
-0.014705269
-0.021649999
-0.032834128
-0.022751496
-0.011337224
-0.0025435886
0.0010344125
0.0049059501
0.0086126342
0.014568187
0.013554199
0.016286294
0.016076845
0.014427657
0.014609864
0.012570668
0.012214497
0.010838124
0.0089666083
0.0082039962
0.0079941203
0.0027673651
0.0011623158
0.0010577751
0.0015324212
-0.00043185098
-0.0011180995
0.00029899344
0.0013211507
0.001470254
0.0022831067
0.0014454981
0.00045187448
-0.0014902979
-0.0022504539
-0.0020801137
-0.0033491877
-0.0050370859
-0.0028193726
-0.0046335987
-0.0027645723
-0.00033924754
0.003093321
0.0062585361
0.0093537425
0.012770255
0.014131135
0.020817179
0.02926625
0.033652564
0.041021402
0.046619571
0.049348019
0.04946343
0.045046937
0.04103565
0.041722337
0.040103426
0.033081088
0.029409331
0.023127198
0.0077314574
-0.002009405
0.010745815
0.014673057
0.015536553
0.010248169
0.0051429035
0.00069339123
-0.0011618843
-0.002825706
-0.0028782224
-0.0030951222
-0.00076906149
0.00050081414
0.001692458
-9.448201e-05
-0.00020352491
0.00014288577
0.0025311856
0.00069491102
0.0016555521
0.0033670461
0.0036889345
0.0040105547
0.004686589
0.0025248276
0.0022093696
-0.00012251359
-0.0012382048
-0.0014182284
-0.00035610838
0.0013434829
0.0024592712
1.9808407e-05
-0.002660511
-0.0019694615
-0.00065664125
-0.0029375378
-0.0028301192
-0.0011199756
-0.0035354845
-0.0047334053
-0.0052121238
-0.0051157728
-0.0057370322
-0.0072082825
-0.0067095259
-0.0094684282
-0.014516192
-0.01867772
-0.022592583
-0.020189013
-0.021332491
-0.024306287
-0.026667653
-0.02649722
-0.025697069
-0.02500467
-0.027642898
-0.030594413
-0.035099716
-0.042610889
-0.05223444
-0.066658574
-0.07812404
-0.069507804
-0.077445199
-0.081713076
-0.076856501
-0.071532637
-0.060308205
-0.047820758
-0.038429439
-0.028324446
-0.013706551
-0.02282267
-0.036835991
-0.03761954
-0.039696629
-0.036262046
-0.028833857
-0.022427518
-0.010896966
0.001152357
-0.0070031061
-0.0077096251
0.0033353586
0.012130596
0.016001826
0.017472906
0.023874539
0.025761429
0.02422294
0.019494893
0.021146597
0.019107557
0.017527877
0.019667402
0.017266095
0.014564431
0.012972539
0.0097398702
0.01101007
0.0079331444
0.0058537144
0.0035325868
0.0047041781
0.0015814807
0.0018632387
-0.0020533681
-0.0017052796
-0.00021022004
0.0003734905
-0.00012515657
0.0011531445
0.0023665108
0.00011650945
0.0018048608
0.0022309239
0.0029771196
0.0025264855
0.0030120783
0.0024453573
0.0041162914
0.0054807728
0.009277
0.012535868
0.015155392
0.015702215
0.018053606
0.021417668
0.030263261
0.037049348
0.041993791
0.047651653
0.051681025
0.050516179
0.046982386
0.042448597
0.040645825
0.037676297
0.02416119
0.014554498
0.0054801452
0.0020994192
0.0053331818
0.013299844
0.011011102
0.0089640472
0.0039529314
0.0017221495
-0.00045232569
-0.0043847322
-0.0036257667
-0.0044193723
-0.0040110243
-0.0009508596
-0.00079828268
-0.0012239627
-0.0018844344
-0.0030355829
-0.003244988
-0.0026850262
-0.0013189908
-0.00081674656
-0.00016254925
0.003019758
0.0041683144
0.0033699142
0.0014913159
0.00028468636
-0.0003631227
-0.0018302854
-0.0045013061
-0.0055693701
-0.00097350921
-0.00087392117
-0.00062361811
-0.0014366584
-0.0050280861
-0.005576502
-0.0070739134
-0.0054377797
-0.0047231412
-0.0049564986
-0.002980501
-0.0055271855
-0.004979193
-0.0058513427
-0.0063053615
-0.0056023604
-0.0082661592
-0.011540976
-0.015384156
-0.016021057
-0.018372644
-0.018585515
-0.018805166
-0.020954284
-0.025564092
-0.027383313
-0.028083682
-0.029580783
-0.032350912
-0.036987949
-0.041524456
-0.046178373
-0.052941953
-0.053462256
-0.051380608
-0.05596248
-0.057672362
-0.055473132
-0.044721854
-0.031645044
-0.016674393
-0.0033470092
0.0012432706
-0.00081473603
-0.013506035
-0.022826469
-0.018261818
-0.018197596
-0.01265359
-0.0054758815
0.00073132384
0.0070029944
0.012213655
0.0089698681
0.010022725
0.01641783
0.019529133
0.023806928
0.021791994
0.022879603
0.022684082
0.021738438
0.017230033
0.016612913
0.016593156
0.014739394
0.014627133
0.010724932
0.009023143
0.0072052199
0.0052001995
0.0054923687
0.0050045612
0.0037051673
-0.00031842541
0.0027500346
0.0029252128
0.0012205388
-0.0011813131
-0.0032530536
-0.0014256421
-0.0016090562
-0.00097891871
-0.001985266
-0.00016624983
0.0012528725
0.0016336067
0.0030534544
0.0051250112
0.0055048274
0.0053482398
0.0045462191
0.0059052356
0.0085160717
0.010612325
0.013155265
0.017132142
0.018974787
0.02241828
0.027638042
0.031033339
0.033865384
0.036178249
0.038953296
0.041260306
0.040322594
0.034325762
0.023979781
0.01441856
0.012288016
0.010130776
0.005927917
-0.0019190487
0.0049275246
0.011946052
0.0081636265
0.0093868226
0.0054554317
0.0015906592
-0.0023774427
-0.0056092977
-0.0071683279
-0.0080473914
-0.0093168296
-0.0093873322
-0.0067175241
-0.0035620127
-0.0016778345
-0.0029675301
-0.0045838415
-0.0046907312
-0.0043359095
-0.0031161072
-0.0024835235
-0.001689738
-0.00065206175
-0.00050687514
-0.00029442156
-0.0013411614
-0.00197394
-0.0033897211
-0.0024510083
-0.0055108707
-0.0057103526
-0.0037797956
-0.0042801683
-0.0042743606
-0.0053838677
-0.0070413334
-0.0059789103
-0.0071244674
-0.007623851
-0.0057872884
-0.00535124
-0.0047238281
-0.003525193
-0.0044471683
-0.0047830408
-0.0046925666
-0.0052634687
-0.0040238705
-0.0060629268
-0.0078984279
-0.01202394
-0.01295885
-0.012394247
-0.015880355
-0.015346798
-0.019260098
-0.02299959
-0.025722122
-0.028167501
-0.029104817
-0.034783451
-0.038411968
-0.040169954
-0.037534046
-0.031702436
-0.032327541
-0.034463603
-0.024281809
-0.02220165
-0.018802357
-0.0038270406
0.0030975913
0.011971463
0.0080957577
0.0032302204
-0.0039396148
-0.0062616287
-0.0080187892
-0.0041687075
0.0012673132
0.0034190029
0.006336251
0.0086288724
0.016409666
0.016782759
0.016816403
0.015652894
0.014659498
0.01820555
0.017813945
0.017840766
0.015210788
0.014248662
0.013632738
0.010610063
0.0065577643
0.0055993808
0.007259177
0.0046171824
0.0043221097
0.0028974487
0.0041739444
0.0016704267
0.0010753124
0.00069534834
0.0013386461
0.0018087563
0.0012315523
0.0011114933
-0.0013181896
-0.0020622538
-0.0013152103
-0.00025383212
-0.00109136
-0.0018723414
-0.001748877
-0.00086149801
0.00025340046
0.0027355017
0.0043064591
0.003983473
0.0039735903
0.0040551306
0.0040527439
0.0064098143
0.007770575
0.0091498687
0.01228602
0.015588747
0.018607415
0.021714485
0.025028755
0.027161744
0.029554688
0.026925244
0.02608809
0.020034216
0.0080084947
0.0070546037
0.0074819045
0.0076864793
0.0097798121
0.0060960638
0.0019703848
0.0066237682
0.0091128634
0.0077979014
0.0064620351
0.0039734955
3.3873251e-05
-0.0030419432
-0.003183899
-0.003681661
-0.0042479343
-0.0052819909
-0.0062830464
-0.0046951169
-0.0043637423
-0.0035539131
-0.0029184081
-0.0038786328
-0.0062279784
-0.0059910583
-0.0046916247
-0.0046749721
-0.0040312552
-0.0040919695
-0.0038233352
-0.0042554871
-0.0039312811
-0.0036816585
-0.0038476799
-0.0030375401
-0.0050496534
-0.0044704956
-0.0032126
-0.0052990021
-0.0032511802
-0.0066452938
