0.0039970955
0.0032492261
0.0031614759
0.0021137837
0.0011658276
-0.0010377427
0.0018997176
0.011558372
0.016511799
0.015070386
0.01338468
0.011971072
0.0093079137
0.0052235811
0.0052810707
0.0022235676
0.0020659099
0.0026227334
0.0028626007
0.003764941
0.0072944548
0.01102322
0.011145292
0.01128355
0.0089135308
0.0065666047
0.0054552847
0.0031016298
0.0007828962
-0.0010160104
-5.4775756e-05
0.00045224276
0.0014023251
-0.00072458829
-0.0032643668
-0.004053774
-0.0051278277
-0.0065937775
-0.0078521642
-0.0094107657
-0.009456594
-0.009374584
-0.0098012826
-0.01032144
-0.010196915
-0.0098908341
-0.0092738373
-0.0080398959
-0.009243751
-0.012113805
-0.013259522
-0.0125368
-0.015596998
-0.016473167
-0.014757889
-0.012490933
-0.010250389
-0.0077373302
-0.0072593474
-0.0073818851
-0.0084647517
-0.010541885
-0.011365824
-0.013260009
-0.012105056
-0.010288909
-0.011174272
-0.011669912
-0.014920643
-0.016409159
-0.015921319
-0.015869421
-0.017210248
-0.014104588
-0.010799541
-0.0094085822
-0.0061930614
-0.0067698515
-0.0073252583
-0.008666279
-0.0083685791
-0.0061697972
-0.00081263612
0.0057634093
0.011628803
0.013068709
0.014493537
0.011933281
0.0067575841
0.0067158817
0.0065326924
0.0089533374
0.012055224
0.013448335
0.011320964
0.0087799338
0.0058188048
0.004188753
0.0026504664
0.0020087842
0.00066450207
0.00070939417
0.00079161009
0.0010636292
0.0015192324
0.0014944704
0.00067665635
0.00042865611
0.00030559745
-1.5379448e-05
-4.5473934e-05
-0.0011215409
-0.0017716131
-0.0021166042
-0.0027750855
-0.0019598461
0.00069694614
0.0046164984
0.0034886903
0.010972932
0.011198896
0.011222844
0.011562795
0.012802979
0.015240888
0.013236505
0.01390344
0.015447772
0.014203115
0.012015523
0.010460528
0.010478878
0.010846661
0.0084872192
0.0076480659
0.0061150604
0.0059708219
0.0055581194
0.0057663031
0.0051301636
0.0062244765
0.00582563
0.0051738112
0.0044614513
0.0037079847
0.0037762022
0.0024800795
0.0020206154
-1.3970682e-05
-0.00067615288
0.004360024
0.013790809
0.016174117
0.012747398
0.010578459
0.0085043153
0.0054789973
0.0054547688
0.0041161627
0.0032375353
0.0028947199
0.00092333815
0.0006233476
0.0045580856
0.010195667
0.011897126
0.011225064
0.011696355
0.011968476
0.0089566729
0.0052833511
0.00091804954
-0.0017527787
-0.0023922441
-0.00054961016
-0.0003005334
-0.0019417975
-0.0068571216
-0.0093794766
-0.011768176
-0.012919174
-0.01404648
-0.015899802
-0.017118618
-0.016628586
-0.017303376
-0.018159837
-0.01936201
-0.019787206
-0.018715061
-0.01657587
-0.016271208
-0.014867818
-0.015042208
-0.017434966
-0.020265539
-0.020468041
-0.01726155
-0.014216146
-0.01352434
-0.011335742
-0.009143258
-0.0073889904
-0.0083174873
-0.0070413687
-0.0076446094
-0.0084157994
-0.0091073546
-0.0080088261
-0.0089109374
-0.0089206188
-0.0078654748
-0.0079016304
-0.0090177763
-0.0095003929
-0.00814919
-0.0074482248
-0.0055330059
-0.0026908243
0.0013037605
0.0011524931
-0.00084037657
-0.0010604015
-0.00096190744
-0.00022832178
0.0025881084
0.0088206903
0.011338682
0.013678441
0.014619295
0.012500741
0.011873049
0.010738727
0.0097330224
0.010494424
0.011713451
0.01179987
0.012276591
0.010076011
0.0073700756
0.0056570665
0.0038477144
0.0021104885
0.0018380047
0.0018662431
0.0015303947
0.00204986
0.0019552737
0.0016063352
0.001203837
0.00037512288
-9.5650352e-05
-0.0008659817
-0.0014707203
-0.0019100742
-0.003420271
-0.0045063253
-0.0046124105
-0.0034799979
-0.002079656
0.00045478528
0.0029885154
0.0085821016
0.014313808
0.015100967
0.016599884
0.016128062
0.016595228
0.018469826
0.018390855
0.015037301
0.015095623
0.013182098
0.011858511
0.010716808
0.010960755
0.0090677253
0.0071143023
0.0054221761
0.0051484128
0.0056438454
0.0056790701
0.0056657285
0.0059434272
0.0054630222
0.0055736095
0.0048082088
0.0045971893
0.0042292726
0.0040670682
0.0031796984
0.0021486422
-8.6485067e-06
-0.0011345539
0.0068743277
0.011916957
0.011832187
0.014062502
0.012387757
0.0061237151
0.0045834728
0.0026446697
0.003892975
0.0011928513
-0.000850246
-0.0014956967
-0.00057443883
0.0036109148
0.0095910133
0.012164162
0.012224949
0.012519336
0.013290701
0.012013166
0.0070703159
0.0038840733
0.0010816292
0.0003226256
0.00060210326
-0.0028958152
-0.0074416032
-0.013505072
-0.018787598
-0.020964144
-0.021158972
-0.023536916
-0.025079771
-0.027111338
-0.027200418
-0.028499259
-0.029740327
-0.032044507
-0.031501075
-0.030853148
-0.02937059
-0.029394118
-0.028841384
-0.024119027
-0.025970076
-0.028447198
-0.025099853
-0.02100194
-0.017912486
-0.014211854
-0.011002223
-0.0055324251
-0.0070033121
-0.0075656614
-0.0052714452
-0.0046934366
-0.0031698119
-0.0061466061
-0.0058969194
-0.0053814054
-0.0044891883
-0.0020990607
0.0014354147
0.0014980436
-0.00010603354
0.002102511
0.004284538
0.0082687405
0.010621563
0.012383561
0.010037773
0.0074747082
0.0071442066
0.0087888152
0.0099899777
0.013810424
0.016829763
0.015147384
0.0137821
0.012881713
0.01411675
0.01444152
0.011708297
0.0085251658
0.0094693298
0.00972233
0.0083742963
0.0083967883
0.0060368656
0.0043437675
0.0028528249
0.0022075106
0.0016856098
0.0012427603
0.0014561275
0.0016152849
0.0016391823
0.0011219388
0.0009609931
0.00034228713
0.00028367501
-0.00047021742
-0.00078495872
-0.0017673836
-0.0026286865
-0.0043245124
-0.0040451205
-0.0062293727
-0.0068043375
-0.0018333015
0.0050800387
0.012866201
0.013808347
0.015088023
0.01419943
0.016832276
0.016553664
0.017726332
0.01682109
0.016965086
0.016289337
0.012755666
0.010940305
0.008432021
0.0072188678
0.0058713034
0.0039956587
0.0044764882
0.0044199477
0.0044279935
0.0045330135
0.0056982832
0.0057019005
0.0055331133
0.0054526014
0.0055793974
0.0049323745
0.0047765939
0.0048662112
0.0045610884
0.0049432638
0.0040995552
0.0033332475
0.0034887725
0.011578645
0.016956078
0.014678105
0.014989011
0.013239125
0.0084794862
0.0074234795
0.003935056
-0.00052419522
-0.0028890235
-0.0021051326
0.00060574047
0.0025184379
0.0053625251
0.0090829697
0.012441315
0.014243389
0.015085245
0.014696227
0.015584589
0.011163581
0.0082903147
0.0048074038
0.0057898351
0.0024464916
-0.0027975596
-0.010424492
-0.018154715
-0.022521212
-0.027487627
-0.02915151
-0.031704633
-0.035473662
-0.03921235
-0.040350721
-0.041448992
-0.041868563
-0.04481929
-0.045780959
-0.048702028
-0.050712992
-0.049139401
-0.046260709
-0.04175188
-0.037734392
-0.032941112
-0.027259303
-0.023800293
-0.022774394
-0.019307831
-0.013153183
-0.0089783808
-0.011878157
-0.0091242807
-0.0054232587
-0.0046949572
-0.0031625259
-0.00079360334
-0.00084985811
-0.002111057
6.2808258e-05
0.0055490998
0.0095648033
0.012503196
0.015337978
0.017887064
0.021345931
0.023466243
0.02656228
0.024689307
0.021653508
0.020579356
0.021015061
0.021446076
0.019564857
0.021542253
0.020287128
0.016016958
0.013951696
0.013134031
0.012771806
0.011501376
0.0094579589
0.0061177435
0.0062840102
0.0057944849
0.0053436972
0.0048498623
0.0040607297
0.002973358
0.002331136
0.0015821237
0.0016593931
0.001074926
0.0010962254
0.0011873852
0.0012974949
0.0018639236
0.0021786961
0.0019059386
0.0023122908
0.0015871307
0.0016778292
0.00077173618
0.00087130167
0.00059641164
0.0018361948
0.00010423297
-0.00017251799
0.0039439772
0.0080066566
0.010410195
0.013658496
0.012013872
0.012934797
0.012795395
0.013238174
0.014498678
0.014123235
0.014123941
0.01275564
0.010582686
0.0063336974
0.0047620132
0.0030003732
0.0027359691
0.0021616669
0.0037939766
0.0038004945
0.0047541243
0.0055124212
0.0065908467
0.0053646118
0.0058832236
0.0060328532
0.0062090568
0.0057642584
0.0050192603
0.0062278594
0.006710591
0.0070977477
0.0081659508
0.008328015
0.010763686
0.01917283
0.018833326
0.015827735
0.012443433
0.013819146
0.011446412
0.0096601094
0.0047343907
-0.0027804039
-0.0032314226
-0.0014510671
0.0021573286
0.0059862545
0.010981443
0.014543954
0.016532966
0.016703017
0.017178105
0.016638238
0.020174606
0.019331674
0.016060802
0.012184076
0.0091996417
0.0036277741
-0.0047010883
-0.01011556
-0.018579302
-0.026418401
-0.029969131
-0.034523287
-0.040243543
-0.046255932
-0.050030926
-0.052822213
-0.051715211
-0.050682569
-0.054875972
-0.05880104
-0.063184061
-0.064196275
-0.05886547
-0.057717273
-0.053651465
-0.048392754
-0.045657228
-0.037620355
-0.032981145
-0.029840998
-0.023843452
-0.020843656
-0.021053006
-0.017997859
-0.015042832
-0.013629286
-0.012486057
-0.0051486877
-0.0033081197
-0.0006924095
0.0025651417
0.0036016779
0.0094223913
0.015902593
0.019815291
0.024512903
0.030979235
0.035079021
0.034673729
0.036166023
0.034325801
0.031600569
0.03175792
0.029515928
0.028390143
0.020939419
0.019228679
0.015955748
0.012808318
0.011501664
0.011427571
0.010647769
0.0071835859
0.0053559165
0.0037882545
0.0034557693
0.0022471713
0.0027444961
0.0015989077
0.00091056033
0.00098337124
0.00097291559
0.00071232694
0.00030402669
0.00030586673
0.0014126
0.002479296
0.0024073058
0.0028782549
0.0035272019
0.0039910991
0.0043053183
0.0042963597
0.0043597886
0.004897476
0.0061364307
0.0060844653
0.0063624632
0.0038787992
0.0060666638
0.0052897733
0.0085447153
0.0092687347
0.0099218923
0.011024152
0.0083702682
0.0095069953
0.010078152
0.014005005
0.01291547
0.012625676
0.013844078
0.011452746
0.0081575984
0.0052606855
0.0027340308
0.0019713191
0.0033051313
0.0052905387
0.0056769493
0.0066737536
0.0069580815
0.0073225833
0.0075257211
0.0080456153
0.0076913252
0.0075814744
0.006435247
0.007120082
0.008335139
0.0086453826
0.0093334258
0.012568969
0.01374994
0.016485401
0.019950062
0.018013394
0.012015677
0.013142073
0.011763184
0.01568185
0.0089164612
0.002100977
-0.0037238958
-0.0022532174
0.0034363623
0.0084720855
0.014079307
0.018574745
0.022661151
0.02321068
0.02352549
0.02183781
0.023447206
0.02187839
0.018847251
0.016382227
0.013829698
0.0072744517
0.0018333166
-0.004847764
-0.010236808
-0.017531078
-0.026587902
-0.035342781
-0.04031689
-0.047597138
-0.055960552
-0.063107704
-0.065581328
-0.065241284
-0.060548983
-0.057204491
-0.056910402
-0.062664269
-0.066148386
-0.061084785
-0.056056066
-0.052483636
-0.047494521
-0.042089513
-0.036307696
-0.03161054
-0.023707695
-0.024200211
-0.02435973
-0.030473008
-0.03303939
-0.027331717
-0.025660635
-0.020708359
-0.0096200829
-0.0068214951
-0.0028883135
0.0032586466
0.0070562309
0.013079204
0.017132405
0.02284781
0.028394932
0.035096745
0.038897585
0.039844157
0.037015273
0.035160427
0.034004483
0.035056625
0.031630501
0.029524961
0.025476123
0.019005195
0.014899958
0.012656281
0.0099623872
0.0076392191
0.0063746819
0.0040099137
0.0030971405
0.0014204836
0.0015052324
0.0012304182
0.001013147
0.0012148134
0.0011746587
0.0011729585
0.0014665903
0.0013168968
0.0016613373
0.002447755
0.0025113156
0.0026656253
0.0030071545
0.0037400076
0.0045534367
0.0048924859
0.0054836793
0.006466829
0.0071418507
0.0084508903
0.0095396231
0.010103608
0.010120538
0.0083695019
0.0056928663
0.0053542503
0.0059350912
0.0068312587
0.0072861613
0.0085688313
0.0099818037
0.009930141
0.012394388
0.01053502
0.013568816
0.01761398
0.016148819
0.015110632
0.012105429
0.0061263535
0.0022927457
0.0024883642
0.0045207061
0.0062002111
0.0073802997
0.0077207494
0.0079251482
0.0091176624
0.0093162407
0.0092137735
0.0083080285
0.0086768586
0.0079987311
0.0087149443
0.010194971
0.010467116
0.013555082
0.014509475
0.01513366
0.016426077
0.01709611
0.013593778
0.012532652
0.011637427
0.011886184
0.015028772
0.010332454
0.0049472451
-0.0023145372
-0.0013592763
0.0037796671
0.010263836
0.015525952
0.01957014
0.024046174
0.024303774
0.022354618
0.021500503
0.02231549
0.02137796
0.015915362
0.013090595
0.0082485696
0.0090009985
0.00050802787
-0.006506654
-0.012886642
-0.021637137
-0.03164194
-0.040744307
-0.049957402
-0.058584349
-0.070220979
-0.071802195
-0.074749912
-0.068559254
-0.063839253
-0.063919095
-0.067343328
-0.065960006
-0.059552698
-0.055066537
-0.047724201
-0.052461117
-0.047304281
-0.04108347
-0.038589057
-0.031607326
-0.026403757
-0.028528704
-0.027852594
-0.032142738
-0.033329917
-0.023908199
-0.021062112
-0.019615561
-0.015654657
-0.008408778
-0.00089402012
0.0059798517
0.012084715
0.016369945
0.020808264
0.024317065
0.029265178
0.033195915
0.035804094
0.034941283
0.033684045
0.029851007
0.030214308
0.029928222
0.028024457
0.025160394
0.021042922
0.018390741
0.014037526
0.011272319
0.0094445234
0.0071132938
0.0056862496
0.0035767886
0.0031055235
0.0016273917
0.0021185379
0.0024104064
0.0016933365
0.0019507858
0.0028009363
0.0027280446
0.0034778921
0.0033662814
0.0035736123
0.0038853451
0.0044336532
0.0050220777
0.0056112034
0.0057604943
0.0064663056
0.006413786
0.0076627407
0.0082234244
0.0098551982
0.011448594
0.012874811
0.014243704
0.01601869
0.0096014045
0.0029249395
0.0071755435
0.0072209364
0.0092965005
0.010233185
0.011173544
0.01597927
0.019655302
0.018706299
0.01730717
0.015306209
0.012701389
0.012696658
0.013516074
0.009171116
0.0025305367
0.0017150391
0.0020226908
0.0041846138
0.0052989635
0.0077926355
0.007954826
0.0092317804
0.0093884826
0.0099405137
0.0098516395
0.0087760921
0.0081134276
0.0092874898
0.0084715381
0.012814877
0.014350054
0.015691596
0.015612167
0.01408926
0.015231702
0.013785324
0.0095253006
0.013627476
0.013894129
0.016292047
0.018078546
0.014874178
0.0080828805
-0.001632004
0.00076766714
0.0066761192
0.009189017
0.01439679
0.018868042
0.023108163
0.024274273
0.024657091
0.0245117
0.02383849
0.024945897
0.021380108
0.017076407
0.014553062
0.012114873
0.0037556898
-0.0050619293
-0.01355662
-0.024890313
-0.035554843
-0.044591588
-0.057342471
-0.068905213
-0.072462497
-0.070849908
-0.068783603
-0.060233365
-0.053179315
-0.052057012
-0.048564108
-0.054680206
-0.05259577
-0.051835496
-0.053481618
-0.050406223
-0.045952573
-0.040855249
-0.04033291
-0.035323471
-0.034389819
-0.039759002
-0.038251671
-0.038705099
-0.03337364
-0.027429004
-0.018677997
-0.013966693
-0.0076435974
0.0017200548
0.0077300419
0.012184713
0.01730604
0.021100808
0.021854562
0.024140372
0.028434576
0.029959004
0.031661991
0.030320042
0.027766459
0.024789139
0.02377005
0.022848722
0.021001995
0.018114265
0.015970356
0.013292812
0.010666064
0.009966722
0.0091671153
0.008653712
0.0067598846
0.0055360615
0.004907274
0.004226004
0.0035386652
0.0038915967
0.0037263026
0.0038061165
0.0039050616
0.0048521131
0.005365862
0.0054472114
0.0053076399
0.0065582481
0.0072276459
0.0076179301
0.0078958881
0.0081210687
0.0084362933
0.0091831116
0.0098879753
0.010458373
0.011680031
0.013116386
0.014059063
0.017124021
0.018236148
0.0070088618
0.0049176009
0.007785469
0.010062302
0.014537472
0.011395492
0.014958115
0.019005791
0.020889181
0.019813132
0.018088773
0.013999925
0.013750735
0.010488918
0.0086929886
0.0052080879
0.0036506442
0.004072699
0.0034362407
0.0054763253
0.0066322901
0.0070725986
0.0090200727
0.0092138432
0.010593297
0.010912616
0.011069818
0.010663593
0.011430994
0.011993874
0.012778549
0.015865694
0.016465062
0.017169988
0.013057605
0.015069228
0.013344643
0.01291429
0.013746896
0.015306503
0.01770971
0.018502519
0.017026181
0.016808427
0.011012268
0.0030812964
0.005929411
0.011224331
0.011463431
0.011592853
0.016626794
0.021802469
0.025892446
0.028138302
0.02983323
0.029499882
0.029372439
0.029322879
0.027870097
0.025962112
0.017858473
0.011395144
0.00081818387
-0.010081849
-0.02251953
-0.036398236
-0.048572069
-0.059319752
-0.068361125
-0.066485214
-0.066008526
-0.062360397
-0.059544327
-0.057812007
-0.053765884
-0.051934439
-0.057634913
-0.060301561
-0.053752167
-0.055042802
-0.054113872
-0.05237977
-0.047448763
-0.051664046
-0.048851845
-0.048778767
-0.04421844
-0.041933135
-0.037793294
-0.031550418
-0.023883948
-0.01767932
-0.008470461
-0.0020391954
0.002335389
0.007272612
0.014458605
0.018767199
0.019800518
0.02247482
0.024182481
0.026150355
0.027817621
0.027402486
0.02628766
0.02402212
0.020808816
0.017512244
0.016701994
0.014949895
0.01200073
0.012164624
0.010445254
0.009836613
0.0094322046
0.0091124502
0.008824668
0.0070894257
0.0055888173
0.0058448257
0.0059919534
0.0049089787
0.0048848937
0.0046843247
0.0049596697
0.0054272603
0.0058594551
0.0060555553
0.0064342688
0.0069071418
0.0073922902
0.0079316967
0.0076675489
0.0082830572
0.0080704892
0.0089929279
0.0092433967
0.010273013
0.01075864
0.011625267
0.013262996
0.013302232
0.017144734
0.019325595
0.010865365
0.0061399966
0.0068861619
0.012033147
0.017992076
0.014316298
0.014757831
0.016273098
0.013421086
0.012177167
0.013076595
0.0096844349
0.0064708875
0.0042460269
0.0024224309
0.0023951822
0.0022392614
0.0041460618
0.0059416736
0.0074263498
0.0064379322
0.0069051633
0.0084083468
0.011438285
0.012225309
0.012860337
0.013157158
0.01382082
0.013613721
0.01562453
0.016339993
0.016474916
0.018172365
0.018241628
0.014881822
0.015653722
0.015218933
0.016507287
0.018071099
0.018878952
0.020303423
0.0239292
0.021301784
0.018261755
0.0093666701
0.0066702243
0.0096996873
0.01240283
0.014134669
0.012800628
0.014748334
0.020404853
0.02396488
0.026983404
0.030985994
0.032366233
0.031769225
0.030322432
0.025249796
0.020825123
0.011725682
0.0031001472
-0.006562804
-0.015961405
-0.02793735
-0.037953393
-0.04985954
-0.059831558
-0.066457425
-0.065603604
-0.063753749
-0.0653189
-0.068030701
-0.06458094
-0.064492751
-0.057874796
-0.061654194
-0.063165725
-0.054340434
-0.058355267
-0.055849099
-0.048235109
-0.048454919
-0.051629972
-0.046753392
-0.044325619
-0.041426031
-0.039827536
-0.034981346
-0.028123867
-0.020160673
-0.01553916
-0.0072839529
-0.0046323265
0.0027868417
0.0040083023
0.0075748339
0.0092858008
0.012785693
0.013953298
0.016506183
0.019287569
0.019831725
0.019768509
0.019014812
0.017761453
0.015557451
0.012734704
0.011046931
0.010194094
0.010203528
0.0096635483
0.0091694019
0.0096219612
0.0086775958
0.00725378
0.0073505605
0.0055336112
0.0053594121
0.0048529413
0.0052607662
0.0036096962
0.003955127
0.0038952421
0.003759723
0.0043287345
0.005511893
0.0051882507
0.0058415706
0.006358156
0.0070743387
0.0068965547
0.0065427283
0.0062591031
0.0071594588
0.0082763528
0.0087502997
0.0082340154
0.0085903671
0.0090531474
0.010518742
0.011686252
0.013168467
0.013177557
0.011830432
0.0091715697
0.0047343948
0.0088919392
0.011300886
0.012732534
0.011392492
0.0078756278
0.0054717954
0.0056016399
0.0049499525
0.0043484346
0.0021552038
0.00069635257
0.00023462985
0.00025730195
-0.0015212534
0.0031341309
0.0058792162
0.006520291
0.0061536335
0.0083260719
0.011078148
0.0095230782
0.011282423
0.014482184
0.013382679
0.014139434
0.016800767
0.017141912
0.017869444
0.016315579
0.018091579
0.014903541
0.015291167
0.015986938
0.015491614
0.015732413
0.017631435
0.015977853
0.016633048
0.017552291
0.017761768
0.01335648
0.0057395535
0.0051052501
0.0021594152
0.0064067079
0.009561703
0.0086982061
0.01011027
0.011729915
0.016223926
0.021082511
0.02519568
0.023633601
0.022443562
0.017423018
0.011764664
0.0059290101
-0.00068064565
-0.0096939168
-0.017266725
-0.024897829
-0.035136353
-0.046110642
-0.057592256
-0.065285614
-0.069186963
-0.068493182
-0.071344365
-0.06932726
-0.074311349
-0.078180459
-0.077446933
-0.073840771
-0.067864416
-0.059396207
-0.057805653
-0.054394858
-0.053966415
-0.050991915
-0.048162822
-0.043048795
-0.038716252
-0.033834514
-0.033041948
-0.028380917
-0.027010804
-0.022040773
-0.017741391
-0.010343229
-0.0063920035
-0.0051920837
-0.0023108533
-0.00093332548
0.0011963638
0.0031974093
0.004730967
0.0058478428
0.0076882211
0.0067582862
0.012015557
0.012144658
0.012244869
0.011541291
0.010075684
0.009392361
0.0062887794
0.0044218469
0.006299776
0.0069440582
0.0071317069
0.0072665413
0.0053877892
0.004917338
0.0044195041
0.0027473711
0.0027500111
0.0015251842
0.0018465633
-0.00011782939
0.0011148424
0.00034689642
0.00035141796
0.00025741601
0.0010120085
0.00062936357
0.00041497792
0.0016148866
0.0031442489
0.0016824878
0.0013752316
0.0025271708
0.0035673611
0.0043182388
0.0059900333
0.0065717152
0.0068810011
0.0072123929
0.0081664751
0.0078501878
0.005032056
0.00010714436
0.0039760771
0.010607157
0.0045031403
0.0035320016
0.0049190945
0.0078261185
0.0069498053
0.0037973857
0.00045958503
-0.0022881017
-0.0012231929
-0.0027840829
-0.0040514313
-0.0043363263
-0.0054001314
-0.0054086194
-0.0043377395
-0.0035226007
-0.0026411653
0.0018969561
0.0052696648
0.0035823597
0.0077604976
0.011088359
0.014822837
0.015144572
0.013617679
0.012642403
0.014340688
0.014296557
0.015013327
0.010066209
0.0093816413
0.007950215
0.010718419
0.012735534
0.0121897
0.010609826
0.01068981
0.0096229592
0.0084497995
0.0089340976
0.0083746154
0.0058045903
0.0033139132
0.0040151551
0.0032989181
0.002903724
0.0049984875
0.0068004923
0.0067942663
0.00695538
0.0092303559
0.011060906
0.011467804
0.013050951
0.012231031
0.0075717277
0.0025397982
-0.0029813173
-0.010127313
-0.020482847
-0.025920201
-0.033973104
-0.04179411
-0.054461329
-0.064829093
-0.069336631
-0.072503323
-0.073308352
-0.074110151
-0.07439986
-0.082811916
-0.082841479
-0.086762799
-0.082308438
-0.069993472
-0.061891984
-0.05622361
-0.048722484
-0.045557686
-0.04842792
-0.047497907
-0.038268802
-0.032310372
-0.02931072
-0.024142428
-0.022532197
-0.018735686
-0.016988639
-0.013055797
-0.0067130185
-0.00011823667
-0.00091931432
0.0010228637
0.0028323175
0.0028294102
0.0042939244
0.0063969318
0.006983621
0.0075255892
0.0084733114
0.0093298102
0.0082633956
0.0059612539
0.005854712
0.0038827917
0.0018634745
-0.0022380508
-0.0047724507
-0.0052206857
-0.0058937876
-0.0053977065
-0.005804688
-0.0053069146
-0.0049168688
-0.0053010446
-0.0077336953
-0.0080505462
-0.0095406431
-0.010864068
-0.010815638
-0.009792233
-0.0088631589
-0.011703825
-0.010601233
-0.0084211557
-0.0059759784
-0.0025732652
-0.00013712876
0.00088891363
0.001180458
0.0017627869
0.0022470138
0.001412712
0.0035828294
0.0051604015
0.0057876033
0.0080582334
0.010582019
0.010037678
0.009426048
0.0031106696
-0.0046630842
0.00039588675
0.0090655548
0.0081481031
0.0040713146
0.0047648791
0.0032320869
0.0024953351
-0.00054747859
-0.0020011527
-0.0036303317
-0.0031968421
-0.0055199967
-0.0067837579
-0.005115401
-0.0063841229
-0.0026525898
-0.0020039958
-0.0017917144
-0.00070606906
0.0016251123
0.003925093
0.0059847715
0.0078103425
0.0096773524
0.01225289
0.012949284
0.010542411
0.010723194
0.0095385374
0.0070517364
0.0084960556
0.0071360238
0.0065869748
0.0046635821
0.0069279796
0.0067351013
0.0087850191
0.009511391
0.0084381294
0.0080619593
0.0061592468
0.0046401823
0.0036921249
0.0027955858
0.0042385639
0.0069018256
0.0079690537
0.0064900499
0.0041762296
0.0039170061
0.001357654
0.0038058414
0.0056891027
0.007322578
0.0072289431
0.0045243667
0.005341566
-0.00038888083
-0.0047177047
-0.010516474
-0.018546904
-0.02377123
-0.026236593
-0.035856767
-0.050565922
-0.059276361
-0.064435224
-0.069191828
-0.070326491
-0.066799556
-0.062744016
-0.066795973
-0.069081498
-0.069906357
-0.073349104
-0.073905383
-0.064131337
-0.05159446
-0.041606632
-0.035720802
-0.033642732
-0.036446877
-0.033642014
-0.024922318
-0.019879948
-0.01141049
-0.010986744
-0.0089796816
-0.007009948
-0.0018994566
0.001350344
0.0063456368
0.007484315
0.0095489278
0.0089921667
0.007825211
0.0094958542
0.00952968
0.01038171
0.010022475
0.010660244
0.011846309
0.0070126611
0.0057488854
0.0040293981
0.00025047356
-0.0019799961
-0.0036149296
-0.0073569835
-0.0068743703
-0.0063123807
-0.010387848
-0.011033205
-0.011049302
-0.011823028
-0.011744087
-0.011095106
-0.010243687
-0.0091107416
-0.010474998
-0.012442928
-0.012967803
-0.012011839
-0.013620626
-0.013675586
-0.011941904
-0.0061686202
-0.0032482666
0.0039269664
0.0075663447
0.0094634352
0.01205145
0.012354178
0.010903247
0.0096898297
0.0088607554
0.0075250875
0.0078229797
0.0086175046
0.0055207666
0.0057952751
-0.00074206453
-0.0089705593
-0.0066495274
0.00038569594
0.0072170672
0.0025351652
0.0047585732
0.0020529534
0.00082107203
-0.0023445504
-0.0045257819
-0.0047528825
-0.0037634848
-0.0018246116
-0.0027112821
-0.0022734824
-0.00057126113
-0.00099325828
-0.0021534994
-0.00061374711
-0.0002500891
-0.0007253975
0.00010378543
0.0058676875
0.0081849009
0.0092640389
0.011023342
0.011200118
0.012055914
0.014891107
0.013418487
0.012124593
0.009168959
0.0069038289
0.0098103598
0.0089355006
0.0055631797
0.0046477031
0.0055039784
0.0071616374
0.0061625824
0.0070594349
0.008759245
0.0087966328
0.0066936613
0.0062064198
0.0039690132
0.0062367543
0.0053733559
0.0075107913
0.01053224
0.0050245812
0.0036780795
0.0025520317
0.002469158
0.0026816239
0.0037255612
0.0030351704
0.0013412182
-0.00058801118
-0.0038370586
-0.0090216922
-0.01478006
-0.018192946
-0.020357162
-0.023374478
-0.032925773
-0.046646652
-0.053364027
-0.055235375
-0.053494446
-0.054665198
-0.050794053
-0.046464016
-0.045810908
-0.047299997
-0.047505314
-0.050328386
-0.051058309
-0.045153195
-0.032915278
-0.026156768
-0.019468577
-0.018279303
-0.020309984
-0.016326487
-0.0083237086
-0.0032724056
0.0013801542
0.0025967517
0.0058879027
0.0093153291
0.013002125
0.013860592
0.014522787
0.015059865
0.014034988
0.012452006
0.011683823
0.0092244094
0.010243049
0.010262097
0.012568593
0.010770558
0.0099993591
0.0037245508
0.0014854108
0.00037008437
-0.0002657344
-0.0019462822
-0.0031279078
-0.0054297193
-0.0080210774
-0.0078506501
-0.0084412322
-0.010813076
-0.012445371
-0.014243736
-0.014818043
-0.013532974
-0.010838878
-0.011140409
-0.010286496
-0.010629951
-0.01237784
-0.012074581
-0.011283634
-0.012292109
-0.0086632705
-0.0024919627
0.0022391196
0.0089686502
0.011395159
0.01855362
0.019999175
0.022027545
0.017945269
0.015629768
0.014311796
0.01344949
0.0099685519
0.0081740354
0.0073737493
0.0017808775
-0.010134199
-0.0063196491
0.00098064061
0.0088479601
0.010460768
0.0071046214
0.0031703951
0.0018157508
-0.0014426534
-0.0024464275
-0.0031774978
-0.0032418788
-0.0019037143
-0.0014044004
-0.0021741936
-0.0021942881
-0.0013807258
-0.0024778884
-0.0021875957
-0.0013143
-0.0012665751
-0.00064391088
-0.00029470617
0.0035156938
0.006893084
0.01077163
0.01291362
0.012330654
0.013590748
0.015434467
0.017559255
0.01686671
0.014857938
0.013310195
0.013098586
0.010886812
0.0087964858
0.0084465999
0.0065135961
0.0073865648
0.0059444441
0.0084211127
0.0072133911
0.0086002154
0.0080729209
0.0070740568
0.0061255892
0.007301498
0.0064831145
0.008016914
0.0096815721
0.0062853101
0.0060377528
0.0029336173
0.0024218178
0.0026651147
0.0026719429
0.0021121985
0.0010521931
-0.00025405936
-0.0032619034
-0.0068445798
-0.010582221
-0.0134111
-0.013983899
-0.01789135
-0.022823107
-0.031979038
-0.035419876
-0.040060709
-0.038411726
-0.038553189
-0.033843423
-0.027139603
-0.024439728
-0.027985929
-0.027394703
-0.02751541
-0.02752395
-0.021458627
-0.017312833
-0.012391068
-0.004665939
-0.0022975276
-0.0047090214
-0.0022795157
0.003171544
0.0070165486
0.010591511
0.012455776
0.015111719
0.016757876
0.017123611
0.017611594
0.016101549
0.013460531
0.01184138
0.009780628
0.0083268274
0.0077725026
0.0077383189
0.0096790273
0.0091961613
0.0087514713
0.0056851138
0.0029951156
0.0010549843
-0.00063574052
-0.0008965941
-0.0027815813
-0.005273367
-0.0068473181
-0.0076154927
-0.0083049127
-0.0091998491
-0.0083150143
-0.010997181
-0.01278648
-0.014572863
-0.014728124
-0.014257604
-0.014266414
-0.011108448
-0.0087611682
-0.0081798893
-0.0095264765
-0.010025176
-0.010044918
-0.0069559148
-0.0025794798
0.0041787078
0.009992486
0.015276328
0.018827825
0.021683051
0.019837391
0.017791042
0.016569987
0.014147754
0.011035414
0.009067693
0.0047443797
0.00059117068
-0.0019358526
-0.0048302635
0.00064262494
0.0055387899
0.011568782
0.011849369
0.0092823566
0.0040541543
0.001968237
0.00022586115
-0.0024684301
-0.0011534891
-0.00092541761
-0.00065069325
0.0013664041
0.00035046488
-0.00092942108
-1.9708536e-05
-0.00055305703
-0.002199483
-0.0013158605
-0.0023702848
-0.0013575691
-0.00013611239
0.0014916506
0.0049333003
0.0097554836
0.011383479
0.011292947
0.014117908
0.016737211
0.020235017
0.019395164
0.017720534
0.016591521
0.014937008
0.012234265
0.010996619
0.0094356593
0.0089019486
0.007350169
0.0067702335
0.0067860831
0.0070524663
0.0074602763
0.0078233033
0.0071767755
0.0061206043
0.0065007435
0.0070051527
0.0064101978
0.0071279166
0.0083464434
0.0069192322
0.0055632717
0.0032246027
0.0022528859
0.0018378833
0.00075613618
5.1237511e-05
-0.00096212059
-0.0028658907
-0.0054160707
-0.0072747433
-0.0079537429
-0.0089735568
-0.012492356
-0.014788184
-0.018355606
-0.022207818
-0.023575031
-0.022309143
-0.023014268
-0.016563352
-0.012850376
-0.013249783
-0.014563566
-0.014131252
-0.01358004
-0.011196097
-0.008602821
-0.0058582131
-0.0015042824
0.0035028663
0.0062684076
0.0043019001
0.0036947662
0.0051996181
0.0097971616
0.013340428
0.015854296
0.017129882
0.01639488
0.015375199
0.014612679
0.012388985
0.0096960441
0.0071599139
0.0057171375
0.0035605179
0.002179223
0.0020191953
0.0023286037
0.0038413453
0.0044081423
0.0031231677
0.0021328421
-0.00022377882
-0.0022142731
-0.0029336965
-0.0053032184
-0.0066269422
-0.0071284372
-0.0095763139
-0.010245487
-0.010741042
-0.0094079463
-0.0098580699
-0.011789169
-0.011833794
-0.011975044
-0.011992825
-0.010883324
-0.0090406724
-0.0083220831
-0.0090941726
-0.010490029
-0.010027059
-0.0067267166
-0.0046733302
-0.0040947637
0.0014188978
0.0082148581
0.01092184
0.013729416
0.01520144
0.014888743
0.013427581
0.011175953
0.0092297782
0.0054971644
0.0026579176
0.0010578302
-0.0026056712
-0.0031468511
-0.0004897114
0.0036493932
0.0082812543
0.009889869
0.010011638
0.0072964883
0.0047613225
0.0033751301
0.0010826604
-0.00024301006
-0.0013846999
-0.0011560692
-0.0006328384
-0.00018346257
-0.00084082661
-0.002509165
-0.0018290196
-0.0011960995
-0.0027703275
-0.0028031952
-0.0033121623
-0.0015582805
-0.0007757646
-0.0004040695
0.001102001
0.0037933692
0.0062889221
0.005908105
0.0082240399
0.012838475
0.014714703
0.016943041
0.017163289
0.016553811
0.010958197
0.012066638
0.010019348
0.00862267
0.0080791237
0.0078736799
0.0068051191
0.0069777364
0.0070777018
0.0070276546
0.0067098028
0.0060853343
0.0075477777
0.008423508
0.0085203526
0.0078341781
0.010682919
0.01136136
0.0097473605
0.0086406107
0.0071233571
0.0060117043
0.004193237
0.0029694393
0.0025879808
0.0014834838
-0.00053752408
-0.0016936237
-0.0027822783
-0.0037899896
-0.0042013559
-0.0058065025
-0.0070502165
-0.0082969252
-0.011153775
-0.012053225
-0.013042343
-0.011206499
-0.006697007
-0.0036783575
-0.0042398489
-0.0031935289
-0.0051144648
-0.0061937224
-0.0037239689
-0.0014337801
-3.2676982e-06
0.0023065573
0.0050090236
0.007861822
0.0058084067
0.0036901991
0.0036417554
0.0068663057
0.011627057
0.010957382
0.013035153
0.012972851
0.012856662
0.011224021
0.0088106672
0.0070116016
0.0045594063
0.0031725712
0.0012207682
-0.0015316964
-0.0012573637
0.00028628546
0.0021518585
0.0024348492
0.0013855775
0.00042378965
0.00032339924
-0.0034812826
-0.0048007303
-0.0065744123
-0.0090291994
-0.010055522
-0.010328598
-0.010034172
-0.010378268
-0.0091031037
-0.0076936721
-0.0073876137
-0.0070846761
-0.0069470521
-0.0068593376
-0.0058998401
-0.0055400931
-0.0056324931
-0.007263948
-0.00805608
-0.0082067864
-0.0059491871
-0.0041697793
-0.004392111
-0.0021149068
0.0036789855
0.00857929
0.010403709
0.010601893
0.0099614911
0.0083507005
0.0078719292
0.008779911
0.0051868575
0.005181124
0.0032185511
0.0016900855
0.0016444021
0.0013337539
0.0041224938
0.0070881539
0.0055167128
0.0060681165
0.0055453765
0.0052569934
0.0050045681
0.0018048336
0.00093276219
-0.00016692945
-0.00022928545
-0.00012884469
-0.00069582359
-0.0016740132
-0.00059193677
-0.0013383097
-0.0029868284
-0.0035989502
-0.004205899
-0.0038655185
-0.0037677238
-0.0014242306
0.00042995503
0.0010245147
0.0034995931
0.0046568594
0.0054696545
0.0058751602
0.0072226535
0.0090755535
0.010577902
0.011298946
0.011672082
