0.0041378394
0.0036842638
0.0035637733
0.0025875797
0.001997665
0.0010068093
0.0063002902
0.016432862
0.019692907
0.01742238
0.015155621
0.012492571
0.0085635902
0.0042128309
0.0034916131
0.0011430971
0.0019493077
0.0028769944
0.0030138219
0.002655277
0.0059237709
0.0069333641
0.0068451918
0.0061570154
0.0039470489
0.0029268527
0.0018517263
-0.00044196225
-0.0028397479
-0.0038191039
-0.0031845249
-0.0030672957
-0.0020863317
-0.0041105265
-0.0049001599
-0.0053877292
-0.0059849562
-0.0071633996
-0.0077103891
-0.0085045378
-0.0082722783
-0.0075721068
-0.0073100069
-0.0067294504
-0.0058403908
-0.005440918
-0.0048832098
-0.0044159262
-0.006480954
-0.0097145885
-0.010703767
-0.010235605
-0.011064409
-0.0096882618
-0.0076276331
-0.0066154172
-0.0051265554
-0.0042257568
-0.0054087154
-0.00580507
-0.0069340399
-0.0085703557
-0.0092831677
-0.010561073
-0.0094082742
-0.008903244
-0.01076722
-0.012434987
-0.015590098
-0.015677067
-0.014062137
-0.013647443
-0.013664234
-0.0090923454
-0.0065097801
-0.0057428609
-0.0037908658
-0.0053749257
-0.0063868549
-0.0067452418
-0.0057631731
-0.0027496477
0.0026407581
0.0083597113
0.012257112
0.012427749
0.012580023
0.0094433686
0.0062872175
0.0076781768
0.0078211665
0.010376103
0.011832514
0.011337283
0.0084195317
0.0061263954
0.0038715524
0.0025284934
0.0021509634
0.0020387441
0.00083607923
0.0010665776
0.0013015514
0.0015908463
0.0017519009
0.0017106622
0.0010800721
0.0010074159
0.0010450787
0.00084683793
0.00090943025
-2.1810773e-05
-0.00038026718
-0.0012143234
-0.0014865029
-0.00072367444
0.002514267
0.0043157832
0.0046071028
0.012122864
0.011164163
0.013296825
0.013138077
0.015048374
0.017232225
0.015154143
0.01461993
0.014300093
0.011489264
0.0094471319
0.0073283313
0.0086905742
0.0097494358
0.0082053684
0.0073441292
0.0060128214
0.0061426738
0.0056800612
0.0059761901
0.0055036638
0.0066325788
0.0058859934
0.0051331853
0.0045027236
0.0029374622
0.0030608152
0.0016995148
0.0013287184
-0.00032855318
-0.00015711001
0.0074559552
0.016671747
0.016765151
0.013042735
0.011471631
0.009323177
0.005623888
0.0054585348
0.0033518344
0.0023048022
0.0021176139
0.0008635574
5.9236476e-05
0.004033541
0.0080142228
0.0073088918
0.0063263552
0.0064586663
0.0063488084
0.0038629576
0.00041809067
-0.0034718604
-0.0055079283
-0.0053723424
-0.0044225787
-0.0045545021
-0.006728905
-0.01052324
-0.011799195
-0.013208709
-0.013719511
-0.01427036
-0.015145122
-0.014919473
-0.013543529
-0.013354882
-0.013316761
-0.012947309
-0.012158086
-0.010472922
-0.0085625193
-0.0082857134
-0.0072560396
-0.0092596348
-0.012015242
-0.013154989
-0.010842192
-0.0066708107
-0.0046234781
-0.005461087
-0.0044034756
-0.0032098344
-0.0026446383
-0.0035423475
-0.0032069154
-0.0046191664
-0.006032816
-0.0067294674
-0.006492077
-0.0082128698
-0.0087663767
-0.0079959458
-0.0076219993
-0.0079473976
-0.0072560188
-0.0057617924
-0.0038233042
-0.0011823679
0.00013157527
0.0021918847
0.00065993885
-0.0010988132
-0.0011634557
-0.00086069845
0.00096778365
0.0044382084
0.010076945
0.011433526
0.012470049
0.012047901
0.010911843
0.010613508
0.0097046815
0.009156746
0.010066139
0.010029092
0.0093100746
0.0090397048
0.0068658439
0.0052604204
0.0040450994
0.0029305663
0.0020242467
0.0019735742
0.0018102509
0.0012302486
0.0018101552
0.0017047354
0.0014528066
0.00090104106
0.0001498263
-0.00028970246
-0.00082615617
-0.0010977661
-0.001626225
-0.0028457989
-0.0036372429
-0.0033383243
-0.0027511195
-0.000790054
0.0014810609
0.0041515808
0.011629261
0.016012216
0.016903535
0.017297933
0.016840273
0.01668157
0.017944109
0.016353908
0.012711332
0.012162147
0.0094570589
0.0086487904
0.0084111457
0.0090638289
0.0073346305
0.0061480167
0.0048293475
0.004653665
0.0050775748
0.0048200573
0.0049170466
0.0054831191
0.0048483273
0.0047944236
0.0042314136
0.0041084116
0.0022455836
0.0020304198
0.00079141539
-0.00023497185
-0.0021417623
-0.0014231536
0.008318389
0.013898506
0.012337579
0.013241198
0.0097373237
0.0045358517
0.0033567027
0.00071769429
0.0012454999
-0.0017319881
-0.0018104229
-0.0010402714
0.00052068895
0.003749572
0.0080157917
0.0080889053
0.0073711039
0.0072672666
0.0075682902
0.0061442133
0.0010997644
-0.001834147
-0.0049696133
-0.0056919094
-0.0065122431
-0.010598199
-0.014281956
-0.01930408
-0.022917148
-0.023375723
-0.023147061
-0.024465909
-0.024682137
-0.025072517
-0.023419325
-0.023196638
-0.022821649
-0.023551903
-0.020967876
-0.019194369
-0.016978719
-0.016103102
-0.014538635
-0.012196529
-0.015265447
-0.016099349
-0.011840865
-0.0064603366
-0.0027366895
-0.0020614028
-0.001758628
0.0024119341
0.00075929036
-0.00018022188
0.0010068428
-0.00032380417
-0.00034191319
-0.0038194716
-0.0032172992
-0.0034810197
-0.002228278
-2.557503e-05
0.0031277627
0.0025058453
0.0012034018
0.0045499593
0.0065661286
0.009082887
0.0094784677
0.0098432778
0.0069100858
0.0046598737
0.0046489397
0.0067650822
0.0083124783
0.012049775
0.012774168
0.010380075
0.0091995547
0.00939451
0.011292394
0.010485568
0.0074692288
0.0050745211
0.0066676364
0.0064688844
0.0051656066
0.0052901729
0.0034298407
0.0026809466
0.0021675427
0.0018391869
0.0012540286
0.00074748154
0.00053749963
0.00073157505
0.00055059781
0.00039713007
4.7470159e-06
-0.00051631997
-0.00064948701
-0.0012712794
-0.0017119905
-0.002342138
-0.0032850421
-0.0041196543
-0.004082519
-0.0057014802
-0.0069452386
-0.0018818266
0.0069484151
0.014332324
0.015207322
0.016236727
0.015296706
0.016225325
0.014726884
0.016242543
0.015447734
0.014105079
0.012509
0.008755832
0.0071475148
0.0052357338
0.0053275943
0.0039602088
0.0023997602
0.0035707168
0.0032680343
0.0030689757
0.0031594258
0.0041964839
0.0040818359
0.0039646583
0.0039676269
0.0039899968
0.0032650692
0.003017727
0.0026180066
0.002468078
0.0023781721
0.001520991
0.00073340411
0.0019586702
0.011750113
0.015672287
0.01235195
0.011606323
0.0084183266
0.0038746808
0.002323648
-0.0021970095
-0.0057869544
-0.0055808056
-0.0025928645
0.00077319517
0.0026268384
0.0044438105
0.0070878327
0.0089821741
0.0092444445
0.008377134
0.0086980578
0.0084057849
0.0032919107
-0.00038244342
-0.004703567
-0.0047653781
-0.010077347
-0.015517316
-0.021973121
-0.027211545
-0.030311732
-0.033266985
-0.032996597
-0.034818133
-0.037337402
-0.037941893
-0.036973837
-0.036189475
-0.034605924
-0.035157187
-0.034234688
-0.035126983
-0.034034399
-0.029378481
-0.024594094
-0.020744844
-0.01719859
-0.013288703
-0.0092661492
-0.0057458424
-0.0047362841
-0.0032664394
-0.00053914772
0.0022136275
-0.00058676673
0.0013865472
0.0027356633
0.0020386454
0.0036007049
0.0050417943
0.0038680766
0.0027815708
0.0051907947
0.010101819
0.012804411
0.014756902
0.017352104
0.019424931
0.021420695
0.020631441
0.021464749
0.018247771
0.014412766
0.013387565
0.013795827
0.013249031
0.011935662
0.013801796
0.010749683
0.0069459519
0.0059992218
0.0063862904
0.0066685774
0.0058200595
0.0036738894
0.0016956057
0.0022601001
0.0022896932
0.0023985844
0.0022443738
0.0021027811
0.0012511214
0.00057531825
-0.00011703579
0.00016900686
-0.00059135905
-0.00061002693
-0.00065090295
-0.00038288471
0.00020915828
0.00037671396
0.00023041196
0.00042506921
-0.00019303011
2.6877961e-05
-0.0007406214
-0.00020810968
-0.00040015484
0.00066605325
-0.0023595276
-0.0025215889
0.0031597641
0.0075758303
0.010616012
0.013029644
0.011067828
0.012087735
0.010456078
0.011676539
0.011961293
0.011458831
0.010859334
0.0087160132
0.0065521922
0.0028488354
0.0023309626
0.0013982748
0.0015053329
0.0011575346
0.0025675387
0.0023285551
0.0032059417
0.0037008988
0.0043384567
0.0030486971
0.0037799778
0.0036527443
0.0040165312
0.0033056309
0.0029053449
0.0034104842
0.0042779434
0.0042179506
0.0053928994
0.0050521031
0.0079468592
0.014424761
0.012657471
0.010248905
0.0071487756
0.008693856
0.0062437278
0.0034095483
-0.0027913061
-0.0067985561
-0.0048743791
-0.0017058524
0.0026707713
0.0054126323
0.0090542615
0.011148062
0.011690807
0.011785425
0.010895149
0.010941538
0.013195665
0.0098082788
0.0049113186
-0.00066329843
-0.0054955665
-0.013273786
-0.021326052
-0.026855007
-0.033607661
-0.037977504
-0.039363704
-0.043183526
-0.047056094
-0.050186497
-0.050881417
-0.050589428
-0.047254092
-0.044583932
-0.046150355
-0.047493128
-0.049175665
-0.046680997
-0.038706071
-0.03607108
-0.02941682
-0.024169536
-0.020877426
-0.014104332
-0.011185243
-0.0099174955
-0.0071634127
-0.0065021738
-0.0072002494
-0.0046705852
-0.0014099926
-0.002555877
-0.0020965161
0.0045804008
0.004830634
0.0073478065
0.0099686349
0.010072438
0.015433026
0.020163879
0.022994436
0.027076347
0.03192792
0.032241803
0.029367308
0.029452486
0.025433188
0.022523517
0.020840318
0.017611676
0.015350336
0.0099756221
0.0091423992
0.0052618278
0.0037403925
0.0039088242
0.0044048898
0.0031981186
0.0011022733
0.00028563022
-0.00015909398
-0.00012931527
-0.00018218277
0.00056926188
-0.00038320674
-0.00088495019
-0.00085449754
-0.0011960482
-0.0012494892
-0.0020662394
-0.0017947395
-0.00049057757
0.00056144159
0.00060466554
0.001232001
0.0019565918
0.002484335
0.0026732745
0.0026357767
0.0025505719
0.0036699246
0.0044840139
0.004386533
0.0041176325
0.0012367883
0.0030971591
0.0033880873
0.0083381212
0.0072316505
0.008739457
0.0094663251
0.0069778942
0.0078914018
0.0095101634
0.012211765
0.0099942812
0.010604688
0.01133409
0.0078366959
0.0045919043
0.0020606373
0.00037862718
0.00024714993
0.0021109112
0.0035290971
0.0038120785
0.0042735985
0.0045684469
0.004761933
0.0050047949
0.0049928564
0.0047802437
0.0043391886
0.0035294189
0.0042197585
0.0050521281
0.0054462065
0.0064283187
0.008721825
0.0088814398
0.010529419
0.012993576
0.0093162827
0.0056269291
0.0065228237
0.0068312849
0.0096616876
0.0011815162
-0.004185295
-0.0066728712
-0.0020149067
0.0038151199
0.0086116364
0.012545421
0.016221205
0.018194131
0.017543981
0.015793093
0.014835895
0.015517604
0.012418771
0.0088476891
0.0058020011
2.1581716e-05
-0.0076264027
-0.014073445
-0.021334257
-0.028076272
-0.035456476
-0.042772101
-0.049782169
-0.053552932
-0.05915943
-0.063586051
-0.066475449
-0.064958098
-0.060191024
-0.052759952
-0.048848785
-0.048450248
-0.051628078
-0.049877188
-0.042367712
-0.036696064
-0.032922132
-0.025468288
-0.021702144
-0.017262353
-0.014231443
-0.010522831
-0.01429925
-0.015769467
-0.020864603
-0.021068992
-0.013977028
-0.014584791
-0.010058392
0.00010838749
0.0029857278
0.0071328449
0.010977495
0.013371787
0.018192769
0.020156222
0.025367663
0.029920783
0.034388887
0.034752457
0.032708106
0.02911934
0.026848879
0.024707193
0.024307341
0.019554794
0.016954308
0.013180318
0.0075030206
0.0048947296
0.003560731
0.0016630337
0.0012426401
0.00020437103
-0.00081896126
-0.0011844512
-0.0020074013
-0.0014551491
-0.0011721529
-0.00092669286
-0.00039223632
-0.00050334835
-0.00060562175
-0.00048609067
-0.00078995028
-0.00040165389
0.00031034843
0.00042621974
0.00089392145
0.0016542004
0.0028073367
0.0035314502
0.0040254872
0.0047574809
0.0056064313
0.0060752309
0.0073827006
0.0081727592
0.008464462
0.0071464556
0.0040538747
0.0027639482
0.0033078301
0.0044554339
0.0051634743
0.0056917741
0.0070131163
0.0079548147
0.0082356881
0.010688593
0.0085035784
0.012778699
0.015254997
0.012115415
0.010396382
0.0063200683
0.00082418571
-0.0013046832
4.7649157e-05
0.0021728895
0.0034751603
0.0046601436
0.0047430604
0.0051821564
0.0059766998
0.0059551635
0.0054179115
0.0047267687
0.0050130331
0.0045696164
0.0052060313
0.0067935847
0.0070466753
0.010205577
0.0098044005
0.010136825
0.0096725367
0.010068199
0.0064863722
0.0068442592
0.0056722537
0.0073589095
0.0089132584
0.0046838021
-0.000765256
-0.0043108431
-0.00014084437
0.0051754485
0.010577141
0.014054487
0.016627978
0.019641887
0.018052607
0.016140256
0.015520652
0.015834891
0.013002289
0.0061136973
0.0030097695
-0.0025012296
-0.0030705582
-0.013685207
-0.021194833
-0.02884882
-0.039562498
-0.047796711
-0.056356721
-0.064165469
-0.069523874
-0.077076062
-0.073403621
-0.074532943
-0.064643738
-0.059001072
-0.058682348
-0.060471876
-0.054119551
-0.046750166
-0.042541181
-0.036983041
-0.038511299
-0.031479405
-0.027906994
-0.026312315
-0.021369411
-0.018963349
-0.022937232
-0.022176564
-0.025619199
-0.023746522
-0.013479249
-0.013352984
-0.011975
-0.0070262022
-0.00093162868
0.0064358313
0.012493259
0.015856751
0.01920836
0.020732649
0.02416729
0.027783279
0.030111564
0.029792701
0.026947679
0.025169844
0.020933095
0.021012387
0.020425851
0.017547109
0.014668327
0.011513655
0.0093279351
0.0061816454
0.0045401651
0.0032892641
0.0022150805
0.0012793635
3.5342766e-05
-9.3157636e-05
-0.00082718836
0.00038829366
0.00060463047
0.00048991067
0.0012123534
0.0018328718
0.0016419153
0.0023249511
0.0018389901
0.0020733429
0.0025104506
0.0033837041
0.0041792161
0.0048836331
0.0053513479
0.0061217993
0.0062729469
0.0076635436
0.008159534
0.0095863238
0.010763043
0.011979286
0.01290105
0.012435396
0.0031211331
0.00067213975
0.0064523975
0.006072505
0.0082640159
0.0094206998
0.0095475679
0.014123717
0.015374339
0.013171615
0.011457565
0.0085900266
0.0068053826
0.0068172276
0.0068675993
0.0011521094
-0.0028699659
-0.0021259554
-0.00043763063
0.0021807312
0.0032311126
0.005124011
0.005124299
0.0063097327
0.0060413016
0.0064053623
0.0057815973
0.0049657258
0.0047023274
0.0056062415
0.005225135
0.0089832558
0.01028187
0.011049023
0.010850374
0.0089847402
0.0097879559
0.0063982513
0.003876115
0.0084790156
0.0080982176
0.011360623
0.011645095
0.0083459518
0.00090905452
-0.0036379981
0.0020924627
0.0070870114
0.0085940283
0.012886836
0.015946697
0.018942206
0.018270385
0.01750532
0.016947649
0.017497657
0.016080418
0.010607125
0.0057092614
0.0027881932
-0.0014781653
-0.012063388
-0.022174569
-0.031143669
-0.042409669
-0.052150582
-0.059920147
-0.070510373
-0.076715909
-0.075517351
-0.070584427
-0.067699035
-0.054904872
-0.048729929
-0.048063374
-0.046737596
-0.053642831
-0.049494035
-0.050354326
-0.048230968
-0.043274144
-0.039291329
-0.034719954
-0.03606359
-0.030859215
-0.032629177
-0.036121896
-0.031718068
-0.031244275
-0.024489366
-0.018323965
-0.010057084
-0.0062030307
0.00085708909
0.0093342644
0.013127682
0.016410389
0.018922124
0.020866508
0.020144173
0.021869272
0.024947273
0.024952918
0.02520357
0.02228243
0.019562147
0.016553306
0.016145739
0.014524988
0.012555697
0.0094725822
0.0079130548
0.0063591457
0.0050924807
0.0050057176
0.0052125386
0.0050824378
0.0035211552
0.0025974058
0.0023934882
0.0021487804
0.0019877976
0.0026702681
0.002807813
0.0031388652
0.0035495477
0.0041238681
0.0042618081
0.0041135915
0.0041480701
0.0056377009
0.0060022264
0.0065558638
0.0068380374
0.007196459
0.0077061509
0.0087757437
0.0090921622
0.010069877
0.010957797
0.01233828
0.01254236
0.015390239
0.012919223
0.0012617385
0.0024694491
0.0059697955
0.0098738906
0.012701462
0.009004806
0.012441945
0.013586063
0.013850569
0.012314892
0.0094578445
0.0052072739
0.004768501
0.0016819348
0.00092221292
-0.0010350422
-0.00078598246
0.00020076102
0.00083307592
0.0032817238
0.004453111
0.005036772
0.0066632246
0.0067320898
0.0076266817
0.0073672104
0.0074589708
0.0069789939
0.0077809363
0.0080810802
0.0089749722
0.011563799
0.012037506
0.012069986
0.0087103285
0.011865056
0.0084024485
0.0075640536
0.0093334339
0.010447811
0.011961968
0.012869729
0.011034329
0.011114351
0.0041452902
-0.0001341389
0.0062662928
0.010424379
0.009325788
0.010126471
0.01523483
0.018998223
0.020836463
0.020877315
0.021803373
0.020797968
0.020402211
0.018616208
0.015694371
0.010388176
-0.00049258257
-0.0090652498
-0.021687639
-0.032969208
-0.045790101
-0.058313291
-0.06733177
-0.074182619
-0.077843831
-0.071247088
-0.070641248
-0.06402274
-0.057513636
-0.054374365
-0.051705513
-0.052671072
-0.059676445
-0.05971232
-0.05276418
-0.053567973
-0.051089703
-0.047881964
-0.043316979
-0.048083687
-0.04369164
-0.043256296
-0.038555249
-0.034754415
-0.028569976
-0.02179708
-0.013967994
-0.0079796105
0.0016543848
0.0072425296
0.011046397
0.015490586
0.021034366
0.022148946
0.022251912
0.023587378
0.023994364
0.024504349
0.024115807
0.022241539
0.02017145
0.017579578
0.014298517
0.011855774
0.011692668
0.0095574115
0.0072409775
0.0075659306
0.0066911301
0.0064644384
0.0061600722
0.0064497378
0.0062668622
0.0050621998
0.003810507
0.0046707099
0.0047875873
0.0040896875
0.0038809076
0.0039951199
0.0048550399
0.0051912636
0.0052928031
0.0055077977
0.0061334785
0.0064033823
0.0065876192
0.0068912503
0.0069903782
0.0075761408
0.007594156
0.0086895998
0.0089438573
0.0098574364
0.0103563
0.011248795
0.012598279
0.012744788
0.01574167
0.014842133
0.0049222509
0.0026385244
0.0045085115
0.011365843
0.015066679
0.0092121701
0.0094591247
0.0088545098
0.0057961614
0.0050482688
0.0049963033
0.00036415073
-0.00094678824
-0.0017097309
-0.002168622
-0.0013701675
-0.00028675504
0.0022970812
0.0049570174
0.0061506001
0.0055264656
0.006448356
0.0075446763
0.0098722252
0.0096669508
0.0099312374
0.0099830383
0.01022478
0.010129107
0.011911463
0.01251246
0.013591344
0.013864047
0.012650855
0.0098379883
0.010878298
0.010705252
0.01084944
0.013476541
0.014414531
0.015504938
0.017183274
0.013369415
0.0093710984
0.00012633016
0.0024778272
0.0081383695
0.010125662
0.010693032
0.0089218362
0.011868382
0.017017469
0.019146745
0.021069223
0.023065479
0.022070513
0.020069251
0.015577382
0.0075375385
-0.00043399845
-0.012396301
-0.022361429
-0.032438344
-0.042888987
-0.054685924
-0.062154629
-0.071919389
-0.076817186
-0.07865089
-0.073785849
-0.071927182
-0.070803822
-0.069956946
-0.064609772
-0.062907897
-0.056844256
-0.064526869
-0.062133704
-0.053377396
-0.057066351
-0.051763246
-0.042809797
-0.04555891
-0.047038451
-0.04155736
-0.038207834
-0.03450814
-0.030914256
-0.024468596
-0.017257657
-0.0096831075
-0.0051881062
0.0029663534
0.0070810196
0.013447019
0.012455956
0.01639374
0.016989198
0.019475491
0.018492412
0.02070769
0.019672664
0.019469925
0.018526032
0.017056058
0.015572958
0.013424498
0.010665382
0.0097663356
0.0094143211
0.0096934503
0.0084371806
0.0086310593
0.0087047511
0.0075616647
0.0066973226
0.0066247993
0.0052171679
0.0054870439
0.0050138452
0.005325109
0.0037019397
0.0042480273
0.0044358587
0.0044063861
0.0054478653
0.0066856121
0.0062114205
0.0070154459
0.0069691965
0.007135966
0.006426888
0.0065695347
0.0064673667
0.0075981412
0.0084724988
0.00891795
0.0083003819
0.0093679728
0.0095813091
0.010818788
0.011595125
0.012806279
0.010838751
0.0088305548
0.0061046042
0.0017605577
0.006034727
0.0088673232
0.0082916253
0.0059184397
0.0017092099
3.0977019e-05
0.00052342552
-0.0013652124
-0.00086130314
-0.0017158604
-0.0018808857
-0.0015604296
-0.00159061
-0.0020983564
0.0032635288
0.0055825002
0.0065480563
0.0067866946
0.0090592845
0.010720829
0.0083063002
0.010106919
0.012347332
0.011173183
0.012110065
0.014168188
0.014120616
0.014473997
0.012934417
0.012970407
0.00761249
0.0092220799
0.010333961
0.010115151
0.008618244
0.010806778
0.008920814
0.0095003174
0.0089648898
0.0084926186
0.001114797
-0.0055021959
-0.0013214258
-0.0022838045
0.0041139933
0.0063208154
0.0050443849
0.0063122537
0.0084196753
0.012274643
0.015574422
0.016096941
0.010793201
0.0067917961
-0.0015269007
-0.0099074112
-0.018638975
-0.027226767
-0.037645066
-0.045505215
-0.051492105
-0.061227476
-0.07202991
-0.079810897
-0.083513852
-0.082277263
-0.078081323
-0.079914456
-0.075960041
-0.079655476
-0.079512968
-0.075271993
-0.070667096
-0.064666608
-0.056835069
-0.054548865
-0.050352862
-0.048637832
-0.044157204
-0.040628551
-0.035511045
-0.031153461
-0.026047182
-0.024560189
-0.019596698
-0.017411337
-0.010575338
-0.006006418
0.00077392728
0.0035898346
0.0048522583
0.0067944658
0.0079575339
0.0099678965
0.010978964
0.010264234
0.011054601
0.011318121
0.010739678
0.015100964
0.014106767
0.014114541
0.012367294
0.012010226
0.010519423
0.0074026199
0.0066863253
0.0088657522
0.0097332006
0.0091530916
0.0093311107
0.0072850864
0.0070722815
0.0056248684
0.0041257462
0.0043740748
0.0033976073
0.0033837187
0.0016715898
0.0032916447
0.0018174213
0.00162132
0.0017608481
0.0031111048
0.0030190905
0.0033032948
0.0038642727
0.0041940816
0.0024394805
0.0023227483
0.0038991683
0.0052395862
0.0057381651
0.0071781593
0.0076448637
0.0079769472
0.0074885865
0.0077587106
0.0057254289
0.0025935783
-0.0019906131
0.0049772851
0.011241953
0.0022860737
0.0023424875
0.0044891467
0.0056595034
0.0023248617
-0.00098579983
-0.0043169934
-0.0056462128
-0.0046495302
-0.0057248186
-0.0049117294
-0.0047080305
-0.0051599811
-0.0042165976
-0.0035227267
-0.0022903245
-0.00063096287
0.0038469595
0.0050915132
0.0043427129
0.0093968093
0.011225285
0.013784997
0.01236334
0.011420967
0.010220164
0.012234759
0.011757673
0.011820796
0.0071509408
0.0060180769
0.0038112273
0.0067017645
0.0077903906
0.0067637482
0.0050673117
0.0049914159
0.0025878366
0.0012953393
0.0010524326
-0.00065724084
-0.0045709862
-0.0056568554
-0.0027809396
-0.0028529517
-0.0011753765
0.0014125489
0.0029952946
0.0023188003
0.0022645803
0.0036348088
0.0038941186
0.0023894251
0.0013147812
-0.0037442955
-0.011814241
-0.020347552
-0.028908654
-0.038455372
-0.048843089
-0.052357764
-0.059465166
-0.067667084
-0.079681858
-0.085916883
-0.087395005
-0.086554227
-0.084524764
-0.083157807
-0.084065263
-0.090132845
-0.084890679
-0.084187169
-0.074288
-0.06296027
-0.054061671
-0.047799395
-0.039290976
-0.03748072
-0.040882728
-0.037983398
-0.026962255
-0.021332169
-0.018280188
-0.013680839
-0.011524188
-0.0072147936
-0.0050436533
0.00024073812
0.006832855
0.010628607
0.0083609579
0.010403161
0.010438609
0.010032376
0.011015705
0.011404863
0.011004057
0.010585359
0.0099852628
0.010457229
0.0093419101
0.0078827115
0.0074968567
0.0064479322
0.0045898436
-4.3495522e-05
-0.0019928103
-0.0018267128
-0.00082486083
0.00061986351
0.00095485393
0.0019004838
0.001744271
0.00079178787
-0.00095746608
-0.0018242984
-0.0032051929
-0.0024441782
-0.0019782054
-0.00098425202
-0.0022665032
-0.0051939933
-0.0031072894
-0.0012230994
0.0010774384
0.0045390132
0.0056297238
0.0063151349
0.0061112242
0.0070194949
0.0059775398
0.0053549943
0.0081009948
0.0096132492
0.0102994
0.012904489
0.014868671
0.012265544
0.0091924432
0.0015738665
-0.0041531191
0.0042591917
0.013140299
0.0083162475
0.0035264418
0.0044893341
0.0021931811
-1.9735626e-06
-0.0034997957
-0.0046229032
-0.0060595181
-0.0047009128
-0.0063416046
-0.0056948348
-0.0026101338
-0.0031684695
0.00042159629
-0.0002113252
0.00013326865
0.0016176973
0.0029874005
0.0044889307
0.0068751345
0.0084543958
0.0097189069
0.01036105
0.0094645278
0.0064895645
0.0073409781
0.0062653459
0.0038834437
0.0060220271
0.0030533859
0.0026139877
0.0011331804
0.0040436722
0.0023757085
0.0046004691
0.0043793604
0.0031575932
0.0026297621
0.00011538834
-0.0024729264
-0.004155708
-0.0046100456
-0.0016222628
-0.00012522486
-0.00016647467
-0.0011000058
-0.0013680428
-0.0020932877
-0.0041324071
-0.0010863848
-0.00058446693
-0.00013540285
-0.0033689289
-0.0067139672
-0.0090775647
-0.018557531
-0.025706128
-0.035206357
-0.045438014
-0.049431013
-0.051144768
-0.062234914
-0.076806854
-0.082715614
-0.085467356
-0.086080641
-0.082708369
-0.074222163
-0.067419376
-0.072543021
-0.070696641
-0.067789493
-0.069554641
-0.065121798
-0.05230765
-0.038043413
-0.027455491
-0.023289799
-0.020572914
-0.0255471
-0.01940754
-0.009074209
-0.0037913956
0.003770458
0.0032515195
0.0052403098
0.0072712277
0.011223193
0.013825379
0.01803977
0.017453685
0.0188234
0.017685646
0.015036739
0.015628705
0.013872312
0.013389046
0.012396133
0.012498385
0.011835053
0.0068900953
0.006564055
0.0045750055
0.0011582977
8.8743221e-05
-0.00065843941
-0.0034507017
-0.0016037922
-0.0023380584
-0.0055704641
-0.0053992562
-0.0049821199
-0.0056705834
-0.0050057535
-0.0028598184
-0.0018482217
-0.0010153309
-0.0011589377
-0.0015714216
-0.00051819499
0.0015092749
0.00038445115
0.00055092747
0.0033615843
0.0094522417
0.012889802
0.019053019
0.019807298
0.0195324
0.021157624
0.019522601
0.016298591
0.014804277
0.014287886
0.012124575
0.012627
0.010710018
0.0064588427
0.0051182525
-0.0051915955
-0.011461172
-0.0024367312
0.007453136
0.011535424
0.0058415731
0.0071942792
0.0022803455
0.0015045725
-0.0025781689
-0.0036732419
-0.0032819321
-0.0010335488
0.00029895016
-0.00065560004
0.0010671522
0.0028479838
0.0021611656
0.00067671102
0.0024314401
0.0020476154
0.00063997869
0.0025512852
0.0090596661
0.0087376847
0.0083159393
0.0093612542
0.0087181988
0.0092114304
0.010247159
0.0085733521
0.0074098273
0.0040789267
0.0017825326
0.003658822
0.0033091654
0.0004579337
0.0005268188
0.0015187816
0.0029972648
0.0017446285
0.0035512272
0.004919609
0.004465846
0.001424415
0.00068653168
-0.0028544324
-0.00040093425
-0.0021691249
-6.4787015e-05
0.0024490716
-0.0032870593
-0.0029850154
-0.0039591755
-0.0038206903
-0.0039790676
-0.0037392621
-0.0068059018
-0.0098986733
-0.013915326
-0.019447494
-0.026958504
-0.035221837
-0.040183527
-0.041307734
-0.045408779
-0.056255514
-0.066942644
-0.069527724
-0.067349864
-0.062520587
-0.060668185
-0.052362838
-0.043075915
-0.042038726
-0.043222039
-0.042970412
-0.044993232
-0.043799925
-0.033106618
-0.018332912
-0.010541693
-0.0021306487
-0.0037950167
-0.0072943871
-0.00025002481
0.0099971767
0.014876027
0.017734243
0.01822543
0.021188878
0.023010694
0.024048876
0.023601697
0.022957196
0.022002909
0.019382665
0.018001139
0.015697582
0.012653861
0.013246821
0.012724991
0.014186094
0.010720655
0.008567318
0.0021084097
0.0016377989
0.00099331817
0.0013667245
-2.442519e-05
-0.00072639294
-0.0024105472
-0.0034376761
-0.0031155365
-0.0037245793
-0.0069271916
-0.0081975004
-0.010124719
-0.0087246771
-0.0068065944
-0.0014799347
-0.0013934555
0.00037167475
-0.00010817965
0.00025168945
0.0021567442
0.0037263336
0.0044229479
0.010043427
0.01669358
0.023050678
0.029387056
0.031250068
0.034995738
0.032721294
0.030758854
0.023655902
0.02141397
0.019221215
0.017463502
0.012230482
0.0091839957
0.0078203585
-0.0025461812
-0.014073942
-0.0019524881
0.0074169737
0.015384337
0.013847855
0.0075191319
0.0023458042
0.00082995228
-0.0023037219
-0.0018064936
-0.0017406666
-0.00083527854
0.00050255128
0.00057771417
-5.6350123e-05
0.00045760495
0.0010862223
0.00032878389
0.00039589227
0.0016824245
0.0022755319
0.0025012423
0.0033288209
0.0076789606
0.0090670974
0.01161809
0.011555727
0.010606146
0.012320425
0.012492141
0.013544319
0.011917898
0.0094222429
0.0069264286
0.0069794824
0.0050959749
0.0029505382
0.0039732606
0.002943756
0.0043391679
0.0029854658
0.0053453407
0.0040555747
0.0052302131
0.0035419445
0.0020841429
0.00015245528
0.00061668059
-0.0015159205
0.0004248647
0.002179353
-0.0010543749
-0.00064128358
-0.003826469
-0.0036279512
-0.0037694259
-0.0043412032
-0.0055875003
-0.0079280296
-0.01041217
-0.015926039
-0.020851151
-0.027378893
-0.03042521
-0.031664889
-0.035564047
-0.040229528
-0.046212965
-0.045529759
-0.047275838
-0.041530091
-0.039102444
-0.028923786
-0.019860156
-0.019320268
-0.02298827
-0.020847231
-0.02183336
-0.018961951
-0.0099111334
-0.0042996494
0.0024784605
0.010398371
0.0092153347
0.0078262211
0.012661002
0.019220906
0.021791578
0.023757971
0.025390245
0.027408332
0.02625032
0.023672708
0.022674401
0.019695813
0.016193916
0.014406105
0.01180923
0.010008303
0.0086903885
0.0099826537
0.012111743
0.010123426
0.0086956251
0.0044267152
0.002330325
0.0006076515
-0.00035833335
-0.0006170337
-0.0018630359
-0.0030279146
-0.0036758701
-0.0033337558
-0.0026081961
-0.0038265839
-0.0040229436
-0.0069997159
-0.0081877187
-0.0088431663
-0.0073946951
-0.0053842819
-0.0038653157
0.00099410602
0.0039594663
0.0037864476
0.0030001887
0.0040529698
0.0053279673
0.010144529
0.015533596
0.024301404
0.030247062
0.034352901
0.035142173
0.034310158
0.027883188
0.023570797
0.020371576
0.017880409
0.014142507
0.010003474
0.0034155786
0.00048435055
-0.0033615118
-0.0034353106
0.0063543815
0.011868835
0.017411699
0.014864529
0.010169197
0.0026668593
0.00094003429
-0.0013574943
-0.0030205299
0.0004695417
0.0012700711
0.0020068332
0.0042815379
0.0023661684
0.0014620706
0.0019869722
0.0012036918
0.00073046143
0.0027200344
0.0021791123
0.0052887487
0.0058312954
0.0076497668
0.010027031
0.013214413
0.012776294
0.011355171
0.013355903
0.016184648
0.018313501
0.014911633
0.013397854
0.010744803
0.010172596
0.0081674295
0.0064586989
0.0052485255
0.0051494857
0.0040583852
0.0043022177
0.003919156
0.0042113843
0.0043261159
0.0039461546
0.0030280613
0.0019616758
0.0013108085
0.00086364584
0.00014584139
0.0014817925
0.0026389602
0.001362955
-0.00051900373
-0.0031580165
-0.0039203035
-0.0047451754
-0.0059284742
-0.007347887
-0.0096520224
-0.012817829
-0.015923352
-0.019241245
-0.020324165
-0.021995239
-0.024537219
-0.026139315
-0.027701001
-0.028552265
-0.026630282
-0.022710805
-0.020141703
-0.010504862
-0.0078707132
-0.0093218732
-0.0094951149
-0.0074752812
-0.0078211617
-0.0025349388
0.0012703404
0.0052236342
0.010997718
0.015355681
0.015568412
0.013042017
0.013625633
0.016225543
0.021278725
0.023469246
0.024670878
0.023807312
0.021380157
0.018113823
0.015447882
0.012219104
0.0090671613
0.006195924
0.0045334
0.0022094143
0.0013825827
0.00184719
0.0025497004
0.0047759297
0.0048694577
0.0028472637
0.0019087793
-0.00072494334
-0.0026631292
-0.0029544215
-0.0046068092
-0.0049320542
-0.0045563845
-0.0051755447
-0.0050781924
-0.0054550598
-0.0042154757
-0.0051734937
-0.0070436547
-0.0066728686
-0.0060697994
-0.0051529146
-0.0028239395
0.00049842476
0.0015006938
0.0015271117
0.00052738308
0.002657725
0.0068834898
0.0092587499
0.011297983
0.017393105
0.022893889
0.025045764
0.026426172
0.024678644
0.020576399
0.015866691
0.011133073
0.0080927862
0.0046957838
0.0023580561
-0.00023423847
-0.0032810214
-0.0004047534
0.0040394661
0.0085624597
0.012744742
0.013013006
0.011268269
0.0069661755
0.0034716495
0.0011745373
-0.001529302
-0.0027332138
-0.0026420781
-0.00035792996
0.0014332637
0.0022223818
0.0013538711
-0.00058694512
0.00085911951
0.0014348872
0.00045278829
0.0016044282
0.0018054739
0.0045810434
0.004936474
0.0054870306
0.0067501209
0.0087958504
0.00888714
0.0078381417
0.010049807
0.013083537
0.013609421
0.014569804
0.013470284
0.012689923
0.0081895006
0.00979589
0.0073820289
0.0063946566
0.0061244534
0.0054256647
0.0047697775
0.0046400139
0.0042307973
0.0043029884
0.0033618067
0.0033470198
0.0050154951
0.0052103333
0.0044953804
0.0036523204
0.0062575957
0.0062894576
0.0044135623
0.0030160264
0.00062251677
-0.00095491527
-0.0029000086
-0.0043135445
-0.0047260265
-0.0069674454
-0.0093085077
-0.010640941
-0.011758216
-0.012825532
-0.01361388
-0.014591124
-0.013473294
-0.013867855
-0.015489951
-0.013683641
-0.013531334
-0.0082154401
-0.0029671299
-0.00044097789
-0.001603993
-0.00080688271
-0.002916921
-0.0012988057
0.0028128961
0.0055429974
0.0077324973
0.010493903
0.012711479
0.014026757
0.010317134
0.008397682
0.0094751585
0.014342456
0.017840875
0.015906449
0.016728906
0.015199688
0.013587737
0.010176987
0.0069549903
0.0043602564
0.0013589053
-0.00076154203
-0.0024938766
-0.0043646185
-0.0028046329
-0.0014401054
0.0011774315
0.0010827737
-0.00037261174
-0.00054698315
-0.00097353927
-0.0052529577
-0.0055144971
-0.0064596845
-0.0074063228
-0.0067130466
-0.0057216208
-0.005128408
-0.005308503
-0.0043075951
-0.0027982695
-0.0023378099
-0.002840694
-0.0029580778
-0.00209904
-0.0009100665
0.00075184803
0.0010869358
-0.00013987712
-0.00069079189
0.0012087975
0.0044949024
0.0061908907
0.0064880327
0.010384869
0.015759008
0.019672556
0.018633242
0.016251553
0.011595871
0.007271376
0.0078092443
0.0082467989
0.005108764
0.0050220823
0.0024362955
0.001407094
0.0032698356
0.0034149931
0.0070335546
0.0085717117
0.0057410134
0.0061276289
0.0046186854
0.004343279
0.0028868651
-0.0008452984
-0.0018216285
-0.0027967062
-0.00093451739
0.00077539595
0.00039973408
-0.00026279923
0.0011534119
-0.00039883666
-0.0019049741
-0.0016936313
-0.0013938967
-0.0003187583
0.00048449608
0.0034567539
0.0048345628
0.0057039692
0.0078902119
0.0075600474
0.0075685204
0.0075145804
0.0084420821
0.0094639162
0.0094020666
0.0092366651
0.008851105
