0.0041772951
0.0033225751
0.0030909626
0.0022018156
0.0011400742
-0.0011388341
0.00088635355
0.010526645
0.016402577
0.015606161
0.014810233
0.013998294
0.011392831
0.0072101319
0.0074298899
0.0040951817
0.0034451424
0.0039233914
0.0034909264
0.0054964067
0.009551652
0.013245564
0.013541717
0.013802374
0.011905478
0.0083155932
0.0062877919
0.0033494504
0.0013623749
0.00029751558
0.0012358395
0.0018449124
0.002313186
-0.00020676878
-0.0031781954
-0.0041525113
-0.0050334953
-0.0064935843
-0.0077589951
-0.010144864
-0.010523327
-0.011019848
-0.011903135
-0.01273663
-0.013045825
-0.013193196
-0.011828675
-0.010463948
-0.011276767
-0.014154038
-0.01575739
-0.01546875
-0.019451129
-0.021660163
-0.019939311
-0.016971797
-0.013970035
-0.011001869
-0.0087828506
-0.0085179537
-0.010501041
-0.013093825
-0.013478611
-0.015427424
-0.013473851
-0.011543007
-0.012052761
-0.011533319
-0.01392236
-0.015213631
-0.01508238
-0.014382216
-0.015256386
-0.01287716
-0.01048487
-0.0096014615
-0.0070316754
-0.0063530603
-0.0061053706
-0.0074772248
-0.008313161
-0.0071433409
-0.0020415969
0.0042598976
0.010688034
0.013052102
0.01491618
0.012581778
0.0075923582
0.0073663992
0.0072437072
0.0096360895
0.012683376
0.015455775
0.013680999
0.010872134
0.0073892902
0.0051665883
0.0026963109
0.0018263372
0.00039887539
0.00084094149
0.00080798086
0.0010364576
0.0017605799
0.0019155959
0.0010642982
0.00084219769
0.00070275071
0.00027088247
0.00024216424
-0.00090032699
-0.0015903306
-0.0016425306
-0.0025167516
-0.0022412295
4.2309569e-05
0.0048306907
0.0041284749
0.010740071
0.012413888
0.012175389
0.012674154
0.014704382
0.017152836
0.014641574
0.015310761
0.017498424
0.016212558
0.013349668
0.011779358
0.012204622
0.012022689
0.0091530295
0.0080405325
0.0069027383
0.0064182142
0.006023002
0.0058923015
0.0052086313
0.00603317
0.005643359
0.0050316397
0.004503584
0.0042555075
0.0043283377
0.0031366298
0.0027362162
0.00099206772
-0.00031613546
0.0048475198
0.013920137
0.017135835
0.015733484
0.013528987
0.010789579
0.0074273995
0.0077945476
0.0054083501
0.0046431395
0.003467506
0.001224439
0.0012792172
0.0061971711
0.012192754
0.013946129
0.012838378
0.01371338
0.013846226
0.010203833
0.0055518728
0.00096131056
-0.00048310578
-0.001157945
0.00014409967
-8.2799293e-05
-0.0016668755
-0.0069695239
-0.0097377635
-0.011635087
-0.012603376
-0.013753273
-0.016010894
-0.018114785
-0.018427478
-0.020077215
-0.021600377
-0.023443999
-0.024319688
-0.023535437
-0.021207154
-0.021591956
-0.020087861
-0.01984662
-0.021642432
-0.025153836
-0.027017046
-0.02486263
-0.021383904
-0.019011979
-0.015534008
-0.01200693
-0.0092178695
-0.010356412
-0.0096297761
-0.010009391
-0.010086705
-0.010040523
-0.0079283778
-0.0080989526
-0.0070013537
-0.0057495734
-0.0060817981
-0.0067638285
-0.0080885668
-0.0064241483
-0.0058589565
-0.0051780537
-0.0032979664
0.00025149027
0.00052925046
-0.00027340991
0.00065069961
0.0010766368
0.0011483689
0.0033882943
0.0091170533
0.011585256
0.015088398
0.016880449
0.013769573
0.0127659
0.012077407
0.010943067
0.011574466
0.01286787
0.013712286
0.014514032
0.011810175
0.0081457376
0.0058497519
0.0034621471
0.0012493144
0.0011007195
0.0012202666
0.0013136926
0.0020251153
0.0019355031
0.0017371877
0.0015613077
0.0007803583
0.00040275875
-0.00053272069
-0.0015470991
-0.0018185727
-0.0029367071
-0.0039765026
-0.0040541631
-0.0028339966
-0.0018678448
0.00018808354
0.0043702171
0.009660804
0.014922839
0.015841508
0.01760879
0.018224139
0.019347564
0.021054657
0.021324227
0.018526891
0.018177344
0.015988237
0.01366397
0.011987249
0.012197009
0.010666013
0.0082268182
0.0066139872
0.0062375339
0.0065666269
0.0063251553
0.006465936
0.006533344
0.0060236088
0.0059814565
0.0052043947
0.0048864565
0.0054593909
0.0049921888
0.0045293253
0.0038755253
0.0017787835
-0.00037910333
0.0069949525
0.011993295
0.012623694
0.01657117
0.015228052
0.0093786876
0.0066324058
0.0047634086
0.0063472015
0.0047473263
0.0014571686
-0.0014084153
-0.00096259879
0.0039157377
0.010615089
0.013270468
0.013071638
0.013682465
0.013786535
0.011108137
0.0060187059
0.0026564366
0.0011938723
0.0013393849
0.0013419272
-0.0016915126
-0.0066739881
-0.01345868
-0.019211414
-0.021062763
-0.020984382
-0.023704443
-0.025970416
-0.028635783
-0.029598535
-0.032405333
-0.034986208
-0.03774278
-0.037429097
-0.037639769
-0.036937943
-0.037741265
-0.038371356
-0.031946169
-0.032783862
-0.035690914
-0.032158506
-0.029851359
-0.027867816
-0.023102518
-0.016250005
-0.0090512552
-0.01062769
-0.010521515
-0.0085498142
-0.0074172817
-0.004757045
-0.0063087225
-0.0048417239
-0.0031719229
-0.0017757057
0.00020056062
0.0037557057
0.0039465416
0.0020341123
0.0035209793
0.0050128545
0.0076978692
0.0096338287
0.010968795
0.0097262284
0.0085759659
0.0093080404
0.010763093
0.012398614
0.016058407
0.019203163
0.018710937
0.017166433
0.015996101
0.016617349
0.016645425
0.014135337
0.010734179
0.011513101
0.011199124
0.010213462
0.0094312695
0.006536554
0.0043639317
0.00205713
0.00080440595
0.00043943103
0.00032137403
0.0012311294
0.0015000735
0.0019277938
0.0013061267
0.0015467355
0.001072575
0.0010826918
-7.8903266e-05
-0.00036584268
-0.0018741114
-0.002387938
-0.0041229743
-0.0036928486
-0.0063876093
-0.0069345396
-0.00041431477
0.006184445
0.013740299
0.0140402
0.016085762
0.014631255
0.018102587
0.018950542
0.020481633
0.018952048
0.020024122
0.019797695
0.01626222
0.013339321
0.010471101
0.0089629905
0.0074237673
0.0057506633
0.0061778999
0.0061410217
0.0056064256
0.0055484021
0.0066364372
0.0068708988
0.0066122093
0.0064107916
0.0063372722
0.005831729
0.005646881
0.0058743905
0.00570189
0.0065891016
0.0057690569
0.0048046807
0.0046800993
0.011208287
0.017018474
0.01488691
0.016269371
0.015052375
0.011244837
0.010539907
0.00742148
0.0036826246
0.00096169833
-0.0007488805
-0.00084804375
0.0007760207
0.0044315627
0.0091129904
0.011821358
0.014106284
0.015745924
0.014792174
0.014366893
0.0099033517
0.0077191193
0.0047234683
0.0065236136
0.0042879308
0.00047804183
-0.0078452162
-0.016800796
-0.022054031
-0.026904044
-0.028846524
-0.031859219
-0.036026401
-0.040959173
-0.043912804
-0.046378737
-0.048199918
-0.052543495
-0.053868957
-0.057459344
-0.060152317
-0.060299521
-0.05826754
-0.053280173
-0.048483324
-0.043153938
-0.03729614
-0.035072983
-0.034715331
-0.030453685
-0.020563074
-0.014654938
-0.017690495
-0.0137097
-0.009067947
-0.0069036386
-0.0045413355
-0.0014874789
-0.00033873453
-0.00045805276
0.0010093692
0.0070994474
0.010886636
0.013985429
0.015976458
0.017611454
0.019836066
0.022102599
0.025020315
0.023256712
0.021685737
0.022683065
0.024126222
0.025119217
0.022984778
0.024776069
0.024777588
0.021430781
0.019457389
0.018281352
0.017594567
0.015031642
0.012958773
0.0085511973
0.0081593865
0.0070661233
0.0062805834
0.0053890822
0.0038827232
0.0021773309
0.0016372496
0.0008386824
0.0010418648
0.00060978669
0.0011272933
0.0015332157
0.0021215451
0.0026958002
0.0031551516
0.0025795417
0.0029945661
0.0021474363
0.0020001187
0.00080751842
0.00071524215
8.2736014e-05
0.0013618909
-0.0004777189
0.0011414123
0.0056771773
0.0091885533
0.011670534
0.013965911
0.012794471
0.013398407
0.014992565
0.015728158
0.016578335
0.016206921
0.016264651
0.01559908
0.01290855
0.00817127
0.0062002786
0.0043578303
0.0038576866
0.0031539411
0.0048348209
0.0049117141
0.0056839266
0.0065725527
0.0075357662
0.0064964266
0.0068939351
0.0071606348
0.0072786804
0.0069875219
0.0060770418
0.0072654416
0.0076746804
0.0084308583
0.0093303793
0.0093142803
0.012048662
0.020003001
0.020896287
0.018192192
0.015434408
0.01601243
0.013807066
0.012476918
0.0091237391
0.00078048476
-0.0018354968
-0.0016584141
-0.00044614336
0.0033707374
0.00866925
0.012847278
0.015389561
0.01528653
0.016996566
0.015709378
0.017763461
0.017940557
0.015116861
0.011555812
0.0085838812
0.0047905897
-0.0019299335
-0.0066758674
-0.016073183
-0.0258241
-0.030441737
-0.034819213
-0.041031313
-0.047691171
-0.052355841
-0.057107314
-0.056755719
-0.05697486
-0.062494146
-0.067846864
-0.072779122
-0.074421199
-0.070505395
-0.069198407
-0.066087676
-0.060986504
-0.058640439
-0.05017463
-0.045845127
-0.041930705
-0.03418412
-0.028543884
-0.026953056
-0.023327847
-0.020461351
-0.018410991
-0.015930745
-0.007645131
-0.0048577227
-0.00029358176
0.0028990848
0.0048496759
0.010481596
0.017339554
0.020921244
0.024361107
0.030747026
0.034072472
0.032870599
0.03507301
0.034924875
0.033637587
0.034395281
0.03374135
0.033536786
0.026131272
0.024098765
0.021732147
0.018771783
0.016330655
0.015597303
0.014468664
0.010465281
0.0080618176
0.0057642563
0.0051729163
0.003505051
0.0030994403
0.001535142
0.00047492055
0.00049185713
0.00039460228
0.00030620616
0.00033658982
0.0011278868
0.0022217034
0.0034499983
0.0032291057
0.0038042998
0.0042012336
0.0045540334
0.0046206346
0.0045254727
0.0044826901
0.0046594834
0.0052342915
0.0052244234
0.0051555899
0.0032795685
0.0071617244
0.0074819392
0.0091102309
0.01053854
0.010980609
0.01217813
0.0097832139
0.01051279
0.01180179
0.015412342
0.014640309
0.013336515
0.014071624
0.012504509
0.0091849334
0.0063294748
0.0033908444
0.0026457307
0.0039000241
0.0059844941
0.0063675436
0.007410763
0.0076371505
0.0080325825
0.0080379803
0.0086637835
0.008496496
0.0086660581
0.0074326307
0.0080044488
0.0093202277
0.010042255
0.01054761
0.014201325
0.015473121
0.018950808
0.022343185
0.021478334
0.015059802
0.016409059
0.014741124
0.018783461
0.013196055
0.006229594
-0.00096853701
-0.0025963636
0.0019333209
0.0065978471
0.012531291
0.016407458
0.021231286
0.021805405
0.023013631
0.020962657
0.021317244
0.019783993
0.017520424
0.014449628
0.012494911
0.0060694765
0.0011685796
-0.0048586475
-0.0091254662
-0.016127459
-0.026118259
-0.035291489
-0.04086153
-0.047986212
-0.057584622
-0.066431215
-0.070193263
-0.070163372
-0.065658845
-0.062201867
-0.062148246
-0.068689282
-0.074399536
-0.070462429
-0.065923298
-0.061318735
-0.058155474
-0.052723121
-0.046071671
-0.04103389
-0.030915507
-0.02918602
-0.027565912
-0.034062687
-0.03643702
-0.030714621
-0.027058784
-0.020921929
-0.0093124406
-0.0063759255
-0.0023317338
0.0047413821
0.0088092144
0.014937318
0.019452995
0.024455096
0.029528549
0.035382027
0.039122571
0.040456976
0.038501515
0.037470009
0.037616548
0.039265133
0.03627504
0.034714589
0.030802121
0.024787678
0.020528439
0.017463739
0.01466412
0.011156671
0.0094147173
0.0065386636
0.0052328812
0.0032927262
0.0031470653
0.0027120178
0.0017644273
0.0012414059
0.00069785259
0.00090715976
0.001164104
0.0013232519
0.0019159034
0.0030154379
0.0032773252
0.0033954241
0.0036495705
0.0040293801
0.0045330257
0.0047349736
0.0054281225
0.0061953277
0.006799015
0.0078856324
0.0085772769
0.008654774
0.0094116061
0.0088956797
0.0065029265
0.0062849621
0.006774275
0.0074951098
0.0083426132
0.0092962954
0.01127109
0.011258713
0.013315759
0.012173559
0.014125522
0.01812514
0.016750755
0.01568967
0.01271344
0.0070751496
0.0030346275
0.0030697195
0.0052674716
0.0072159178
0.0079928523
0.0084475711
0.0084582127
0.0096401975
0.0097056327
0.0098750194
0.0092526418
0.0098918864
0.0092168792
0.0098829531
0.011713448
0.012173633
0.014988438
0.01624589
0.016933682
0.019142591
0.01998036
0.016575216
0.014893088
0.014919666
0.014592313
0.017411957
0.012878097
0.00749619
-0.0014450984
-0.0035703248
0.00074588409
0.0077429163
0.014095261
0.018627682
0.022892525
0.023097281
0.020317324
0.018862519
0.019547978
0.018630792
0.014114699
0.010452711
0.0049440707
0.005484822
-0.0024208763
-0.0086910349
-0.014487545
-0.020767221
-0.030426415
-0.041096321
-0.050505588
-0.060316226
-0.072591893
-0.076454102
-0.079076138
-0.072020191
-0.066554082
-0.066977791
-0.070238215
-0.070661308
-0.065623967
-0.059602479
-0.05164389
-0.05757584
-0.053503145
-0.046684729
-0.042291717
-0.034138497
-0.028017562
-0.028772743
-0.027503706
-0.031971657
-0.032754051
-0.024281426
-0.019105307
-0.016239663
-0.013646537
-0.0052798493
0.0026526502
0.0085518609
0.015119919
0.018604698
0.023154571
0.027002622
0.031791666
0.034887298
0.038017471
0.03855119
0.037482571
0.034222056
0.035010969
0.034517703
0.032811084
0.030040774
0.025587615
0.022948122
0.018536476
0.015175165
0.013256335
0.010057654
0.0081761759
0.0056719186
0.0046573921
0.0034430794
0.0036802513
0.0038966402
0.0027186353
0.0024050501
0.002911208
0.0029889139
0.0035487993
0.0037508048
0.0039856114
0.0044912677
0.004941999
0.0050681537
0.0054469937
0.005551724
0.0061228905
0.0058682528
0.0070151021
0.007626144
0.0093008112
0.010947769
0.01194441
0.013039562
0.015061844
0.010244188
0.0041694962
0.0066560523
0.0074635272
0.0097548624
0.01000463
0.01136129
0.015091373
0.020377032
0.020022231
0.018644304
0.017253242
0.014181641
0.014630418
0.015151883
0.011213578
0.0045014637
0.0026908973
0.0026981523
0.0040901574
0.0056292115
0.0083619999
0.0086630697
0.009529491
0.01005561
0.010214973
0.010569803
0.0096210502
0.0094892842
0.010968692
0.010011908
0.014435097
0.015983691
0.017249398
0.017526062
0.016033967
0.01733934
0.016014851
0.013071907
0.016272905
0.017084094
0.018556338
0.02012211
0.016950082
0.010316662
-0.0012989903
-0.0027656082
0.0034436022
0.0070312026
0.012501264
0.017474825
0.021725326
0.022863878
0.02359032
0.023473932
0.022100672
0.02335884
0.020347264
0.016006852
0.013073394
0.010110328
0.0022601208
-0.005131216
-0.013197226
-0.024525242
-0.034485606
-0.043960121
-0.056342761
-0.068772667
-0.073659383
-0.073119667
-0.069120905
-0.061653559
-0.056313194
-0.054989466
-0.051824889
-0.055779985
-0.053380834
-0.051549387
-0.053468327
-0.051222447
-0.045412712
-0.040926882
-0.038604227
-0.03334626
-0.031861274
-0.037085978
-0.036938197
-0.036852556
-0.030966664
-0.024732199
-0.014777337
-0.0098293385
-0.003682587
0.0047514938
0.010776198
0.014662042
0.019701055
0.023297179
0.023765877
0.026428159
0.030402611
0.032599868
0.035242854
0.03494471
0.032094259
0.029038472
0.02742421
0.026795635
0.025121032
0.022261531
0.020283634
0.01718008
0.01435487
0.013295458
0.01213417
0.010873525
0.00870789
0.0076887227
0.0070818229
0.0059077407
0.0049075028
0.005097164
0.0047312373
0.0047907995
0.0047403012
0.005384827
0.0060775462
0.0062533044
0.0062577508
0.0072628843
0.0079149726
0.0079838685
0.0080185594
0.0082913104
0.0085321383
0.0088534186
0.0096552941
0.010279805
0.011403936
0.012588957
0.01317999
0.01639017
0.018317225
0.0075948799
0.0051891705
0.0080249747
0.01009272
0.014372427
0.010940618
0.01494474
0.019424745
0.022570073
0.021767374
0.020218436
0.016898518
0.016409684
0.014005583
0.012327924
0.0077430253
0.0051049895
0.0048793108
0.0043432385
0.0063024762
0.0069698026
0.0077099617
0.0097326633
0.0098199876
0.01127797
0.011268003
0.011599384
0.011326868
0.012603333
0.013511309
0.014409307
0.016962272
0.018190348
0.018647569
0.015019487
0.015521916
0.014439808
0.014935631
0.01604943
0.01676341
0.01955593
0.020054645
0.019322676
0.017751652
0.011765965
0.0029093042
0.0027015912
0.0083297158
0.0092831137
0.0098709348
0.014230802
0.019432944
0.023848279
0.02711496
0.029230086
0.029238605
0.028677066
0.028245168
0.026157707
0.024399642
0.016988757
0.011678268
0.0025873997
-0.0078091656
-0.019390655
-0.032455604
-0.045120303
-0.056562856
-0.066133087
-0.065864297
-0.064914119
-0.060703598
-0.060984185
-0.060827303
-0.056701549
-0.052679987
-0.056730397
-0.058197165
-0.051995691
-0.05276256
-0.052437555
-0.050893587
-0.045680139
-0.048802447
-0.046037083
-0.045614431
-0.040261323
-0.037693807
-0.034319231
-0.028327467
-0.02044517
-0.013515985
-0.0055608167
-1.3628034e-05
0.0038260506
0.0082137028
0.014649007
0.018684404
0.019427368
0.021264071
0.023528366
0.025195969
0.02811329
0.028604185
0.028156382
0.02617039
0.02354751
0.019938939
0.018389074
0.017058235
0.01424502
0.014552109
0.012315834
0.011740891
0.011477412
0.010671617
0.009956111
0.0078667095
0.0067002702
0.0068361108
0.0067422635
0.0054151305
0.0055664773
0.0052907401
0.0050863035
0.0054744056
0.0062486913
0.006487196
0.0068584909
0.0073809176
0.0079063752
0.0083866522
0.0078660095
0.0081695354
0.0079960501
0.0086190847
0.0088832533
0.0097285253
0.0098539055
0.010463638
0.011641433
0.011090821
0.015225051
0.018244631
0.010168217
0.0056569345
0.0068854301
0.01187302
0.016905029
0.014608202
0.015228839
0.016935658
0.015617608
0.014730844
0.015263886
0.012626728
0.009853819
0.0076809102
0.004929628
0.0038735294
0.0037651296
0.0052927183
0.0066764439
0.007947685
0.0069594296
0.0074587288
0.0092605998
0.011874612
0.013205704
0.013386797
0.01331139
0.014166975
0.014569322
0.016617562
0.017268646
0.016804578
0.018285288
0.019564904
0.015519711
0.016512604
0.015680005
0.017436506
0.01923976
0.019143839
0.020793481
0.024646208
0.02238379
0.019467354
0.01132065
0.0061007522
0.0066106836
0.0096678866
0.011362528
0.010940027
0.013096797
0.017822133
0.021688784
0.024994344
0.029274172
0.031107106
0.029241641
0.027672619
0.023703045
0.020722213
0.013290453
0.0063586081
-0.0023816106
-0.010345013
-0.020412627
-0.03129386
-0.043164404
-0.054755755
-0.06206546
-0.062640301
-0.059746289
-0.061995439
-0.066113663
-0.063780727
-0.063601751
-0.057402293
-0.058858697
-0.058745248
-0.049461373
-0.053470815
-0.051795076
-0.045961326
-0.045542086
-0.048215018
-0.042708122
-0.039868459
-0.036982559
-0.035136212
-0.031441135
-0.025363446
-0.018257311
-0.013959986
-0.0060588197
-0.004028688
0.001822261
0.0035108332
0.0065784696
0.0075964676
0.0094919802
0.010735403
0.012880382
0.017127259
0.019116581
0.019474464
0.020481188
0.019408934
0.016558793
0.013843857
0.011227153
0.010200259
0.01025895
0.010654512
0.0099382201
0.009764968
0.008989587
0.0069943266
0.0071504564
0.005296528
0.0049141475
0.0044725279
0.0051353032
0.0035408231
0.0039893918
0.0036653589
0.0037112095
0.0040792686
0.0050115516
0.0044030722
0.0047522596
0.0056947587
0.0063081577
0.0065760315
0.0061348425
0.0056400345
0.006371679
0.0075648311
0.0079230305
0.0076165883
0.0075446514
0.00683997
0.0078489412
0.0095529266
0.010536707
0.011008211
0.0098297897
0.0067567786
0.0036812384
0.0086725642
0.010754385
0.012619356
0.011612483
0.0085777412
0.0066798079
0.006895024
0.0069176135
0.0065458694
0.0041189763
0.0024705977
0.0014971137
0.0016917927
0.0003958192
0.0041680499
0.0066062536
0.0067901698
0.0062633636
0.0081417539
0.010300709
0.0093127372
0.011844104
0.015360512
0.013779989
0.014986632
0.017768227
0.01791909
0.018544408
0.016811392
0.018143217
0.016680602
0.016383402
0.016788966
0.015819226
0.017022772
0.018930842
0.017406271
0.01843932
0.018896482
0.019704221
0.016275219
0.0096091076
0.0058547357
0.0015118833
0.0037816534
0.0065187395
0.0060579335
0.0076134452
0.0089154929
0.013060565
0.017163302
0.021755581
0.02161892
0.020776514
0.016877395
0.013131729
0.0091997255
0.0035376319
-0.003664505
-0.0099038085
-0.017848355
-0.027658053
-0.037212452
-0.049639219
-0.057454242
-0.062671018
-0.063277543
-0.065343219
-0.064367505
-0.068768
-0.073540153
-0.0742965
-0.070419741
-0.063185073
-0.053215492
-0.051743171
-0.048972885
-0.048485103
-0.046548627
-0.044121248
-0.038690986
-0.034562305
-0.030053316
-0.028532538
-0.024197441
-0.023406601
-0.019543239
-0.016366574
-0.010242982
-0.0073858344
-0.0060210136
-0.0035741605
-0.002146247
-0.00017599943
0.0017086281
0.0034069654
0.0039850531
0.00613091
0.0061962077
0.011132019
0.011917959
0.012421176
0.012575208
0.010669208
0.0095858909
0.0063784678
0.0038861682
0.005821744
0.0062453974
0.0065491793
0.0065567578
0.0045860631
0.0033675613
0.0029154513
0.0011815394
0.001134635
-2.5708345e-05
0.00036431009
-0.001346447
-0.00022916968
-0.00052744822
-2.5846057e-05
-7.0657432e-05
-0.00020931788
-0.00069774054
-0.0012098415
-9.5436943e-06
0.0015874616
0.00087020821
0.0011504693
0.0027253289
0.0025896032
0.0033430157
0.0047515805
0.0049602515
0.0052113951
0.0057683525
0.0066676344
0.0064502657
0.0046502276
-0.00024977851
0.0027514603
0.0073184279
0.0033686265
0.0028784417
0.0032136134
0.0065455366
0.0067425777
0.0038390965
0.0016358401
-0.00078556249
5.898218e-05
-0.0012948852
-0.0025249284
-0.0031998202
-0.0045990567
-0.0048910604
-0.0036583599
-0.0026995989
-0.0016948182
0.0029418118
0.0066443891
0.0052740689
0.0084743509
0.011516992
0.015076221
0.01592744
0.014575774
0.013698194
0.015008318
0.014899365
0.01566474
0.011571046
0.010646256
0.0095280981
0.011883485
0.013684713
0.012753176
0.011581357
0.011434368
0.011304942
0.010592053
0.010820292
0.010579597
0.0090397747
0.0067264726
0.0060428568
0.0041448508
0.0025258592
0.0031882454
0.0041884205
0.0042680208
0.0043311633
0.0062759936
0.0081148084
0.0088606511
0.01077104
0.010824335
0.0078435694
0.0047192432
0.0013399894
-0.0040697374
-0.012895003
-0.017955884
-0.026341011
-0.033220636
-0.043578489
-0.053991488
-0.059454763
-0.063590658
-0.065473437
-0.066792649
-0.06674013
-0.073063147
-0.074430057
-0.07925506
-0.07582829
-0.062214453
-0.054886852
-0.049973174
-0.043344196
-0.041035994
-0.042209572
-0.040305075
-0.03252596
-0.027983514
-0.025056454
-0.020308712
-0.018117738
-0.014912226
-0.013210828
-0.010883702
-0.0064050727
-0.00018926754
-0.0001409576
0.00089527964
0.002378596
0.0032071712
0.0051910112
0.0080371905
0.0083294595
0.0097424018
0.01105487
0.012536173
0.011567692
0.0084974776
0.0080584436
0.0046861973
0.0016018606
-0.0024443261
-0.0046779031
-0.0045371345
-0.0060371854
-0.0062431462
-0.0076364307
-0.0077126443
-0.0073257283
-0.008050455
-0.01085949
-0.011038376
-0.011634719
-0.013196577
-0.013309257
-0.012725862
-0.011447268
-0.013569479
-0.012421757
-0.010538995
-0.007773102
-0.0047687729
-0.0019395318
-0.00043247454
0.00011054833
0.00094218
0.002378708
0.0016468498
0.002846405
0.0039985828
0.0045245115
0.0058267212
0.0073377419
0.0072317337
0.0069003161
0.0018618257
-0.0047316281
-0.00072869031
0.0051825895
0.0054718186
0.0025509723
0.0025370551
0.001606105
0.0018371
-0.0001130468
-0.0015103183
-0.0027218837
-0.0022615615
-0.0043940428
-0.005537867
-0.0049295186
-0.0066890124
-0.0038768108
-0.0029244703
-0.0023433617
-0.0014422871
0.0011873454
0.0040278759
0.0060405644
0.0078723784
0.0098367965
0.012925071
0.014309784
0.012712881
0.012553697
0.01116645
0.0092843887
0.010249526
0.0095225309
0.0085831293
0.0071753649
0.0079371985
0.0079105424
0.010054274
0.010460421
0.0092718051
0.0091066432
0.0081399186
0.0072116611
0.0067280192
0.0062475767
0.0068672111
0.008762119
0.0097903116
0.0074685268
0.0038567829
0.0027931393
0.00039904712
0.0025639648
0.0041917085
0.0055733949
0.006141424
0.0038837034
0.0049954792
0.00071880077
-0.0016525499
-0.005341496
-0.010982318
-0.015637251
-0.018588645
-0.026567596
-0.038550766
-0.046020274
-0.050961709
-0.056032497
-0.058432719
-0.056805394
-0.054403206
-0.057088799
-0.059511895
-0.061548236
-0.064384749
-0.06513807
-0.056060511
-0.04479368
-0.036797292
-0.031538123
-0.031259764
-0.031720459
-0.028177428
-0.020683635
-0.016141033
-0.0095530924
-0.0096401235
-0.0078798785
-0.0059107667
-0.0016351088
0.0018212594
0.0059163429
0.0072186712
0.0097287032
0.0095080047
0.0085257528
0.010138548
0.011068266
0.013033247
0.013203848
0.014429426
0.015228302
0.010730945
0.0083373434
0.007052472
0.00315942
-5.0995406e-05
-0.0031561783
-0.0071421723
-0.0076252975
-0.0073771739
-0.011241235
-0.011800832
-0.011906914
-0.01292574
-0.012518818
-0.013099879
-0.013174199
-0.011299406
-0.012296735
-0.014769065
-0.015744403
-0.014763111
-0.016457693
-0.016537386
-0.015112987
-0.011066936
-0.0086384931
-0.0022096286
0.0022002475
0.0059291665
0.0081954025
0.0082726571
0.0079892201
0.0070964985
0.0052446593
0.0042660429
0.0045762993
0.0054449363
0.0031390316
0.0035407235
-0.00070175316
-0.0065994463
-0.0059608378
-0.0015271646
0.0038393115
-0.00028884982
0.0019296057
0.00047803728
-0.0004903015
-0.003254628
-0.0051609798
-0.0053179358
-0.004169713
-0.0025118278
-0.0030664801
-0.0028521905
-0.001679752
-0.0026919719
-0.0039878961
-0.002752726
-0.0028730081
-0.0024344353
-0.0014825017
0.0027490318
0.0064238307
0.0088096235
0.01142964
0.011870898
0.013041331
0.016518084
0.015625449
0.013692799
0.011484934
0.0094271577
0.012102666
0.011420086
0.007981646
0.0069618956
0.0076229597
0.0091933198
0.0082546676
0.0087964875
0.0097517283
0.010032977
0.0084711601
0.0083664862
0.0071829577
0.0097462338
0.0085116271
0.010794526
0.011992488
0.006793649
0.0046398258
0.0036534865
0.0031749198
0.0034756028
0.004130715
0.0039358336
0.0028430191
0.0015624765
-0.00071012163
-0.00433105
-0.0083833616
-0.010611428
-0.012480107
-0.014998592
-0.022468206
-0.034188893
-0.040777694
-0.042865387
-0.042168412
-0.044170475
-0.041129634
-0.039964963
-0.03997928
-0.04122377
-0.04097438
-0.042997381
-0.042742839
-0.037859701
-0.028278961
-0.022578645
-0.018494725
-0.017694761
-0.017346074
-0.013544762
-0.0079984038
-0.0034683127
0.00043870117
0.0013655127
0.0039926168
0.0072872418
0.011030915
0.012534361
0.013440335
0.014202533
0.015002784
0.013710423
0.012569565
0.010271848
0.011728692
0.012474114
0.015120911
0.01390333
0.013388117
0.0076968605
0.0050260612
0.00297253
0.0017678529
-0.00060289986
-0.0021649852
-0.0047633338
-0.007861024
-0.0085269535
-0.0094088107
-0.011429878
-0.012886061
-0.014420911
-0.015623545
-0.014696913
-0.013339037
-0.013438194
-0.012496876
-0.012923184
-0.014130397
-0.014800253
-0.013543339
-0.015661226
-0.013476549
-0.0085540099
-0.0046502893
0.0010006285
0.0027696029
0.0099861105
0.011877201
0.014132646
0.011760974
0.0098640846
0.0083930911
0.0076017725
0.0047470833
0.0039663919
0.0035209502
0.00034845746
-0.0075246186
-0.0054347226
-0.00087696975
0.0042658336
0.0054301859
0.0033755124
0.0015981058
0.00088661846
-0.0020687334
-0.0029162558
-0.0042243124
-0.0045272251
-0.0033530015
-0.0029419959
-0.0033813885
-0.0038209119
-0.0034698318
-0.0047035371
-0.0047053676
-0.0043455892
-0.00434119
-0.0035399363
-0.0027604127
0.00012919398
0.0035621076
0.0083621145
0.011762836
0.012020025
0.013731481
0.016444345
0.01884945
0.018500629
0.01656182
0.015022755
0.015195916
0.012884349
0.010643018
0.01004386
0.008022139
0.0085280417
0.0073099445
0.0093278212
0.0079020664
0.0091538696
0.0087623867
0.0085482996
0.0080165265
0.010001159
0.0093772535
0.011378817
0.011710035
0.0080323412
0.0073004975
0.0050952796
0.0048705083
0.0047867454
0.0047904671
0.0037046128
0.0029596701
0.0019989944
0.00055028163
-0.001974676
-0.0044289846
-0.0068081853
-0.0066443234
-0.0088131823
-0.012777742
-0.021072571
-0.025754911
-0.030185682
-0.030124592
-0.030211274
-0.02757835
-0.024205317
-0.021622559
-0.024348885
-0.024000535
-0.022742734
-0.021750729
-0.017621011
-0.014539739
-0.010904197
-0.0051095365
-0.0026136952
-0.0046365471
-0.00285789
0.001206973
0.0048817772
0.0090127323
0.010692996
0.012672465
0.01404587
0.01523878
0.016014563
0.015288922
0.013796819
0.013546781
0.012530643
0.011306624
0.010776997
0.010251135
0.011406819
0.011316996
0.011008607
0.0087368591
0.0059915735
0.0037425105
0.0019491072
0.0016591231
-0.00058439911
-0.0031451126
-0.0049966049
-0.0067613717
-0.0087434143
-0.0098305862
-0.0087861132
-0.011323731
-0.0131246
-0.015636987
-0.016506175
-0.016572911
-0.01644157
-0.014126259
-0.012615514
-0.011487138
-0.012126649
-0.013177866
-0.013866249
-0.011402909
-0.0080843804
-0.0031873373
0.0010862701
0.005974211
0.009464071
0.012601891
0.011506324
0.010816647
0.010653005
0.0087290012
0.0056264313
0.0044991096
0.0019792543
-0.0016681123
-0.00242974
-0.0037151663
-0.00056394165
0.002719607
0.0071009119
0.0075776934
0.0060699526
0.0026555296
0.0012156881
4.1940557e-05
-0.0021612181
-0.0020497965
-0.0020416255
-0.0019294165
-0.0011433245
-0.001831715
-0.0028799344
-0.0019334061
-0.0024793916
-0.0046035006
-0.0042577834
-0.0050680123
-0.0051191133
-0.0042374637
-0.0023866565
0.00061637693
0.0053557989
0.0074370686
0.0090120703
0.012684637
0.015303281
0.019137329
0.019486734
0.01852861
0.018010861
0.016404336
0.013648766
0.012049862
0.010825634
0.010132301
0.0085235802
0.0073677197
0.0077240719
0.0080857267
0.0083736794
0.008861787
0.0085922297
0.0077213217
0.008528843
0.0094341308
0.0089089182
0.0098222522
0.010266259
0.0084605924
0.0073064305
0.0054164627
0.0046862002
0.0045944364
0.0033802066
0.0025086813
0.0018324886
0.0011310236
-0.00080125262
-0.0017017325
-0.0022259769
-0.0024057347
-0.0047391988
-0.006465264
-0.0097321171
-0.014373195
-0.017132671
-0.017305833
-0.018465813
-0.014203048
-0.011092661
-0.011333917
-0.012688825
-0.013209767
-0.011578234
-0.0094003399
-0.0079616366
-0.0052409499
-0.0023818983
0.0015655288
0.0043637437
0.0027821492
0.0021412426
0.0035322043
0.0069823724
0.010292749
0.01300764
0.014842353
0.014666748
0.013752918
0.013636806
0.012545003
0.010869649
0.0093095545
0.0087120513
0.0070801898
0.0060580961
0.0054005164
0.0054453735
0.0058724145
0.0058958883
0.0048422198
0.0041941166
0.0020442488
0.00037965031
-0.00060366671
-0.0031930987
-0.0045002086
-0.0052786787
-0.008577053
-0.010029385
-0.010580631
-0.0098235216
-0.010290928
-0.012107721
-0.012338433
-0.013087836
-0.013786736
-0.013123922
-0.01220592
-0.011747822
-0.012592725
-0.013404543
-0.013116661
-0.011220264
-0.010280332
-0.010522401
-0.0062969466
-0.00011855897
0.0024498786
0.0051132614
0.0075072253
0.0080894063
0.0078256266
0.0073148818
0.0062684784
0.002924989
0.00017664242
-0.00036137118
-0.002755
-0.0033167694
-0.001046666
0.0021922359
0.005764775
0.0070382252
0.0078051206
0.0061473422
0.0040648986
0.0030011737
0.0012473658
0.00020205856
-0.00086046806
-0.0010015867
-0.0011986429
-0.0013945087
-0.0020943273
-0.0032209785
-0.0031490301
-0.0030847859
-0.0046665815
-0.0049865637
-0.005235995
-0.0046757305
-0.0040156196
-0.0041015102
-0.003126969
-0.00066491295
0.0027029129
0.0033726722
0.0056930614
0.010181918
0.012718179
0.015907276
0.017251655
0.01719981
0.011936408
0.012740314
0.010767173
0.009347765
0.0086879081
0.0087082458
0.0075838361
0.0078963952
0.0080913515
0.0081704739
0.0082442063
0.0078023032
0.0090844103
0.0099027104
0.010345434
0.0097298163
0.012980165
0.013053085
0.011462368
0.010589886
0.0090144106
0.0086555075
0.0069468299
0.0061803522
0.0055150256
0.0045522476
0.0033442054
0.0028085604
0.001865746
0.00081353823
0.0010574483
0.0001706918
-0.00096060855
-0.0028700174
-0.0053561547
-0.0078944509
-0.0094338157
-0.0090244347
-0.0054400671
-0.0030132579
-0.0033567233
-0.0025301746
-0.0036551535
-0.0056341932
-0.0046346834
-0.0028331304
-0.0011443812
0.0011464058
0.0034268524
0.0063197906
0.0044650543
0.002719743
0.0026366235
0.0050439604
0.0089030332
0.0086698181
0.011039117
0.011770234
0.011289774
0.010613464
0.0089188768
0.0081737341
0.0071222027
0.0067021503
0.0051617289
0.0031455982
0.00279906
0.003707841
0.00434864
0.0041545326
0.0035471299
0.0029123086
0.0028099562
7.3425768e-05
-0.0013466162
-0.0035278946
-0.0062626587
-0.0079445768
-0.009098437
-0.0095952735
-0.010393441
-0.0089016771
-0.0079066944
-0.008259548
-0.0075930632
-0.0071329697
-0.0079345837
-0.0070627276
-0.0073896763
-0.008430122
-0.0099288331
-0.0099625549
-0.010761798
-0.0096828373
-0.0092311537
-0.0094565982
-0.0083254039
-0.0030594516
0.00081014765
0.0026558204
0.0036541996
0.0051467109
0.0059101667
0.0054370981
0.0059872007
0.0026301562
0.0028273838
0.0014562228
0.0007127434
0.00072564261
0.0009285641
0.0026935084
0.005678212
0.0051874127
0.0055494115
0.0053001742
0.0047077603
0.0043829313
0.0016373261
0.0006301631
0.00027214923
0.00014790934
-0.00043234409
-0.0010617849
-0.0017125637
-0.0012190319
-0.0021623187
-0.0036973085
-0.0045583882
-0.0054132842
-0.0049249441
-0.0050243622
-0.0033888928
-0.0020689045
-0.0019256364
-0.0001021524
0.0017036132
0.0026807381
0.003590852
0.0052481812
0.0070109742
0.0087418372
0.010378854
0.011558813
