0.0041156166
0.0033611837
0.0032280379
0.0023858735
0.0014717157
-0.00041866877
0.0025756992
0.012691829
0.017531489
0.015980041
0.01472586
0.013398881
0.010260056
0.0062190447
0.0064604058
0.0030055178
0.0028028393
0.0032559011
0.0032466523
0.0054587766
0.0094772496
0.012964106
0.012897494
0.012705263
0.010105523
0.0064745235
0.0043371575
0.0013249724
-0.00053379075
-0.0014982913
-0.00042064266
0.00014177239
0.00049568438
-0.0021882703
-0.0049137786
-0.0056874932
-0.0065082419
-0.0078617552
-0.0090533859
-0.011240818
-0.01133157
-0.011696235
-0.012359793
-0.012926194
-0.013044875
-0.012978275
-0.011534275
-0.010406955
-0.011451309
-0.014344723
-0.015466732
-0.015193984
-0.018936942
-0.020300395
-0.01798968
-0.014831096
-0.011847409
-0.0090695265
-0.007334964
-0.0075266027
-0.0098615051
-0.012262231
-0.012682598
-0.014407823
-0.012215996
-0.010553171
-0.011037211
-0.010733608
-0.013109093
-0.014076568
-0.013550511
-0.012865861
-0.013529872
-0.010689437
-0.0082270596
-0.0072309919
-0.0045333983
-0.0041255718
-0.0041892563
-0.0056025661
-0.00587369
-0.0037779556
0.0019927613
0.0083710133
0.014328653
0.01582798
0.017003177
0.013629913
0.0088587387
0.0089263268
0.0089714182
0.01143089
0.014295264
0.01620495
0.013745733
0.010629056
0.0071938633
0.0051519929
0.0029437528
0.0022822031
0.00099043356
0.0016666232
0.0017026411
0.0020745067
0.0027423256
0.002726374
0.0018537982
0.0017247935
0.0015817067
0.0012042621
0.0011704804
6.4258472e-05
-0.00039827794
-0.00043031768
-0.00097074125
-0.00018546045
0.0027488583
0.0071558391
0.0065760343
0.013723634
0.014443594
0.014105493
0.014404018
0.016600669
0.018476085
0.015788342
0.016505956
0.01798512
0.015805533
0.012802437
0.011363969
0.012046042
0.011634671
0.0087897908
0.0077484075
0.0066054387
0.0062026538
0.0059250167
0.0058325248
0.0052495469
0.0061318109
0.0056624315
0.0050114708
0.004473436
0.0040041063
0.0041189896
0.0029525768
0.0027433482
0.0010240474
0.00037773075
0.006484596
0.01543965
0.017611281
0.015370187
0.012555623
0.0094052943
0.0062808128
0.0067123146
0.00426872
0.0037221385
0.0025203677
0.00064026901
0.0010868953
0.0065472375
0.012010171
0.013166083
0.011792205
0.012393972
0.011672182
0.0076395418
0.0027204572
-0.0016712144
-0.0031079823
-0.0035519011
-0.0022027984
-0.0024874491
-0.0045074461
-0.0097747408
-0.012058538
-0.013712438
-0.014454416
-0.015456166
-0.017560642
-0.01918957
-0.019190917
-0.02054602
-0.021809797
-0.02318752
-0.023549501
-0.022271974
-0.019892169
-0.020054772
-0.018445507
-0.018371067
-0.020234637
-0.023444739
-0.024453027
-0.021478114
-0.017850942
-0.015520571
-0.012050223
-0.0087961229
-0.0065376811
-0.0081097424
-0.007368842
-0.0079771507
-0.0081269115
-0.008087077
-0.0059791956
-0.0064335708
-0.0052643665
-0.0042571747
-0.0044742511
-0.0052712568
-0.0063014131
-0.0044768513
-0.003819747
-0.0029170686
-0.00066641981
0.0028650245
0.0026998679
0.0018474232
0.0026825428
0.0030870443
0.0035814661
0.0064584164
0.012360926
0.014341551
0.017504669
0.018195524
0.014704026
0.013736139
0.012964534
0.011824754
0.012462318
0.0135896
0.014114011
0.014374581
0.011304589
0.0077598378
0.0056361165
0.0034360083
0.0015583481
0.0016337936
0.0018745823
0.0020208144
0.0027406216
0.002553592
0.0023772395
0.0020982478
0.0013496292
0.00097147441
0.00011328331
-0.00071527003
-0.0008543624
-0.0019695707
-0.0027290585
-0.0024685632
-0.00076333078
0.00055602917
0.0031600841
0.0073302784
0.0127839
0.017679876
0.018126109
0.019548837
0.019790204
0.0208031
0.022123473
0.021710149
0.018395403
0.017531535
0.014948874
0.012800935
0.011468591
0.011784551
0.0099585146
0.007621867
0.0060665341
0.005849896
0.0062202062
0.0060510908
0.0062646567
0.0062905016
0.0057550205
0.0057071968
0.0049140026
0.0045955133
0.0047460628
0.004362161
0.0038283472
0.0031868359
0.0010939132
-5.272728e-05
0.008022979
0.01250849
0.012739983
0.016014726
0.013503347
0.0072491032
0.0046590539
0.0031688541
0.0046051689
0.0025854024
-0.00044660686
-0.0025588599
-0.0012559555
0.0041387
0.010451712
0.012278964
0.011669204
0.011789662
0.011358861
0.0082163133
0.002799649
-0.00054891435
-0.0022628525
-0.0022324601
-0.0025567828
-0.0060301866
-0.011285977
-0.017956515
-0.022965946
-0.024047988
-0.023785195
-0.026261413
-0.028126186
-0.030277234
-0.030771837
-0.033169573
-0.035235019
-0.037305806
-0.036265147
-0.036051208
-0.03465943
-0.035096654
-0.034740934
-0.028215971
-0.029553117
-0.031822353
-0.027631962
-0.024869289
-0.022294713
-0.017277405
-0.010731005
-0.004304029
-0.0066668895
-0.0066469159
-0.0049307369
-0.0038794354
-0.0017150417
-0.0035093096
-0.0018481775
-0.00030086867
0.0010061814
0.0029933589
0.0063157118
0.0059067653
0.0040754389
0.0057228787
0.0073072209
0.010060588
0.011868552
0.013081924
0.011477867
0.010106672
0.010951831
0.012684661
0.014425547
0.018054683
0.020674061
0.019392283
0.017432738
0.016095147
0.016653296
0.016344078
0.013528928
0.010331475
0.011254208
0.010642976
0.0095475932
0.0085704371
0.0057458645
0.0037221841
0.0016583937
0.00074892713
0.00059952959
0.00064349393
0.0015525254
0.0017759522
0.0021474782
0.0015415757
0.0017893353
0.0012491174
0.0012666683
0.00013469766
-2.4128362e-05
-0.0014121052
-0.0017377071
-0.0033741899
-0.0026641355
-0.0051879273
-0.0044377755
0.0025454724
0.0094196556
0.016331394
0.016199648
0.017732631
0.016164848
0.019428877
0.019728452
0.021010644
0.018998891
0.0198998
0.018787019
0.014752446
0.011739035
0.0090879868
0.0079160521
0.0065169703
0.0050104522
0.0055867321
0.0053680682
0.0049197231
0.0050031923
0.006200452
0.0062935945
0.0060492932
0.0057984304
0.0057379181
0.0051551261
0.0050323684
0.0049318594
0.0048258393
0.0056520748
0.0047501734
0.0040357848
0.0045201374
0.011718403
0.016565485
0.013852341
0.014756601
0.012701584
0.0086798153
0.0078048162
0.004266565
0.0004810976
-0.002084853
-0.0030696738
-0.002162702
-2.6844782e-05
0.0037761205
0.0082009039
0.010485591
0.01239386
0.0131476
0.011743941
0.010724015
0.0057688833
0.0031685981
-3.8428428e-06
0.0016070627
-0.0016420853
-0.0061601885
-0.015113385
-0.023455971
-0.028169117
-0.032208842
-0.033608154
-0.036378446
-0.040205481
-0.044415028
-0.04654543
-0.048114783
-0.049372504
-0.052877684
-0.053404767
-0.056296388
-0.057727475
-0.056568103
-0.053269934
-0.047638148
-0.042456554
-0.036825731
-0.03092531
-0.028664562
-0.027774557
-0.022957293
-0.013334481
-0.0086910519
-0.011965678
-0.007879643
-0.0037621752
-0.0019592121
0.00028025907
0.0031284977
0.0039066565
0.0035334932
0.0053925009
0.011462246
0.014729091
0.017475967
0.019013083
0.020553788
0.022704156
0.024548322
0.026974847
0.024704805
0.023000463
0.023714025
0.024859485
0.025394538
0.023092413
0.025001246
0.024051401
0.020220203
0.017992832
0.016842627
0.015812955
0.013333181
0.011079853
0.0069527824
0.0068781619
0.0058298548
0.0051908782
0.0043295685
0.0029207364
0.0014608085
0.0010363545
0.000429116
0.00079963933
0.00044683862
0.0010316192
0.0014576256
0.002054896
0.0026348355
0.0029814554
0.0024832738
0.0029078924
0.0020759473
0.0020251793
0.0009774292
0.0010539875
0.00065838796
0.0020127429
0.00029878107
0.0024956507
0.0072824215
0.01062249
0.012920509
0.014821265
0.013253207
0.014015575
0.015021631
0.015652117
0.016108319
0.015599042
0.015269263
0.014040049
0.010995225
0.0063316858
0.0045689684
0.0031625899
0.0029082779
0.0024914558
0.0042103851
0.0040795748
0.0049387
0.0058820126
0.006758506
0.0056107324
0.0060969484
0.0062433476
0.0063757781
0.0059210802
0.0050690039
0.0060258099
0.0066100033
0.0073194194
0.008285762
0.0083526604
0.011626665
0.019144803
0.018927726
0.015522244
0.012675564
0.013247893
0.010527147
0.0089495283
0.0047039259
-0.0034672898
-0.0050681296
-0.0041815982
-0.0019370636
0.0025057305
0.0076519599
0.011385548
0.013270349
0.012823523
0.013756881
0.012043059
0.01393036
0.012987146
0.0094121733
0.0050489603
0.001775331
-0.0029115922
-0.010203965
-0.015319608
-0.024999724
-0.034047475
-0.037798089
-0.041812675
-0.047655455
-0.053516774
-0.057403152
-0.060776271
-0.059149866
-0.059036505
-0.064099396
-0.06837755
-0.072150889
-0.072135449
-0.066710485
-0.06470069
-0.060251599
-0.054766516
-0.051496259
-0.042502584
-0.038132697
-0.033990039
-0.026314947
-0.021415771
-0.020332805
-0.01683537
-0.014009736
-0.012119645
-0.0090908054
-0.0008926798
0.0013839961
0.0057731261
0.0084628152
0.010301533
0.016053663
0.022422283
0.025451525
0.028922555
0.034711455
0.037033554
0.035155769
0.036885062
0.035751129
0.034049566
0.034374314
0.03313814
0.03199046
0.024224982
0.02253056
0.019701822
0.016552036
0.01415734
0.013533361
0.012200296
0.0083104876
0.0060991061
0.0041509166
0.0037429896
0.0021633125
0.0019530698
0.00046676049
-0.00023129038
-8.0977976e-05
-7.1545751e-06
-4.2617491e-05
0.00013781831
0.00097972689
0.0021972462
0.0032883837
0.0030802953
0.0037130302
0.0041008213
0.0044715245
0.0045021437
0.0044182305
0.0044510604
0.0047765966
0.0054507445
0.0054614675
0.0053033747
0.0036944155
0.0077655165
0.0076966163
0.0096457243
0.010613417
0.01112683
0.011906414
0.009285652
0.010263041
0.011621083
0.014965221
0.013581359
0.01221769
0.012940681
0.010841336
0.0073322939
0.0044701061
0.0019527993
0.0016884482
0.0032056528
0.0052493602
0.005464562
0.0064706617
0.0066886577
0.0070637754
0.0070373162
0.0075893804
0.007344166
0.0073682164
0.0061481091
0.0068063182
0.008035823
0.0087903084
0.0094993193
0.013087235
0.014210886
0.017446462
0.02033048
0.018312356
0.011892587
0.01340208
0.01165325
0.015353872
0.0084975912
0.0016384491
-0.0050800325
-0.0050301998
0.00025143374
0.00553376
0.011133617
0.014954364
0.018996569
0.018972737
0.019174704
0.016765322
0.0165824
0.014493658
0.011419679
0.0078575936
0.0050377223
-0.0020102485
-0.0072388365
-0.013499658
-0.018251278
-0.025767658
-0.035698323
-0.044162573
-0.048964953
-0.055897834
-0.064619149
-0.071939308
-0.073668094
-0.071845418
-0.066254321
-0.0626503
-0.062637888
-0.068721704
-0.072494579
-0.066863029
-0.061406281
-0.056286852
-0.052336026
-0.046050744
-0.039310058
-0.033920476
-0.024603874
-0.024017594
-0.023143143
-0.029780281
-0.030790178
-0.024447378
-0.020669013
-0.013839893
-0.0022672159
7.4994047e-05
0.0043554453
0.01085883
0.014597184
0.020439533
0.024597308
0.029405699
0.034107405
0.039261356
0.042028871
0.042135578
0.039347353
0.037741559
0.037552314
0.038608934
0.034780969
0.032908047
0.028180435
0.021922908
0.017632426
0.014729361
0.011935216
0.0087110534
0.0071502474
0.004462583
0.0033753158
0.0015776389
0.0017644566
0.0013165298
0.0006101953
0.00025764888
-2.1876791e-05
0.00031820416
0.00067177885
0.00088544411
0.00164249
0.0027239834
0.0029189988
0.0030661918
0.0034151414
0.0038625487
0.004393505
0.0046368455
0.0054348166
0.0061666189
0.0068733946
0.0079544834
0.0085766585
0.0086134184
0.0091908885
0.0083071514
0.0060398666
0.0059786443
0.0065273554
0.007251651
0.008068498
0.0091029597
0.010827915
0.010708401
0.012849238
0.011467957
0.013870636
0.017227897
0.015229998
0.013898709
0.010485056
0.0047957898
0.0013860227
0.0019929724
0.0044656959
0.0062919509
0.0069980173
0.0072965417
0.0074105035
0.0085446827
0.0085599809
0.0085420717
0.0079414119
0.0084956077
0.0078578381
0.0084917592
0.010442479
0.01087862
0.013803485
0.014607394
0.015206784
0.016948786
0.017217252
0.013292744
0.012040992
0.011694463
0.011594697
0.013821886
0.0085712641
0.0029311853
-0.0051923181
-0.0057232172
-0.00043925416
0.0068828891
0.012839802
0.016753382
0.0201643
0.019297921
0.016114671
0.014507421
0.014820806
0.012816056
0.0075378078
0.0033261227
-0.0022205513
-0.0021654755
-0.011065065
-0.017361212
-0.023451026
-0.030343233
-0.040437265
-0.05059903
-0.059317042
-0.068203362
-0.078856491
-0.080376713
-0.08114915
-0.072360118
-0.067006767
-0.067139061
-0.069887216
-0.068395178
-0.06226735
-0.055437632
-0.048117981
-0.053560397
-0.047922233
-0.040867913
-0.036316431
-0.028307792
-0.023044964
-0.024330174
-0.023212208
-0.027500436
-0.02710113
-0.017787899
-0.012929796
-0.010422265
-0.0072162436
0.0016405029
0.0090601775
0.014767677
0.020771727
0.023748897
0.027920615
0.031413242
0.035626995
0.038139964
0.040343236
0.039590442
0.037768335
0.034026266
0.034712461
0.033687201
0.031578556
0.02823156
0.023524475
0.020686159
0.016128004
0.013016306
0.011113932
0.0080478222
0.0063024935
0.0040720296
0.0033313878
0.0022513749
0.0027269569
0.0028899174
0.0018376943
0.0017959954
0.0024335497
0.0025973444
0.0032829142
0.0034643973
0.0037852088
0.0043235162
0.0048238981
0.0050462351
0.0054459794
0.0055834361
0.0061595576
0.0059733403
0.0073016868
0.0078691895
0.0096175091
0.011135769
0.012013584
0.013038507
0.014587109
0.0089345391
0.0034586863
0.0065144406
0.0072447466
0.0096591945
0.0098494104
0.011296184
0.015324182
0.019974368
0.018761203
0.017204995
0.015374755
0.012256004
0.01273756
0.012803989
0.0082963271
0.0020370082
0.00096395568
0.0014846343
0.003294036
0.004926993
0.0075145131
0.0075578597
0.0085520519
0.0089456188
0.0090972652
0.0092352371
0.0081968777
0.0082241972
0.0095498464
0.0086472042
0.013041674
0.014556705
0.015685972
0.015614818
0.01379026
0.015095809
0.013259845
0.010461061
0.013935063
0.01434623
0.01585386
0.016665716
0.012789259
0.0055475839
-0.0052436153
-0.0045506113
0.0022126853
0.0058395796
0.011365569
0.015977569
0.01957258
0.019916973
0.020161454
0.019332616
0.017577208
0.017978941
0.013690366
0.0087634533
0.0053541524
0.0016578127
-0.0070451728
-0.014807512
-0.023569206
-0.034887658
-0.044629336
-0.053601221
-0.065319844
-0.075916052
-0.078523055
-0.075907693
-0.070652091
-0.061819505
-0.056311972
-0.0545955
-0.051435176
-0.055268588
-0.052056937
-0.050192917
-0.051485553
-0.048158264
-0.042000174
-0.037330672
-0.035101336
-0.029677794
-0.028749522
-0.033643089
-0.032601839
-0.03154511
-0.024761361
-0.017964888
-0.0079427111
-0.0033486562
0.0031855666
0.011353676
0.016713767
0.02016195
0.02472865
0.027504572
0.027550612
0.030004118
0.033526276
0.034971672
0.036716273
0.035277179
0.031873983
0.028378762
0.02690181
0.025990912
0.023921488
0.020731624
0.018719953
0.01548781
0.01291536
0.0120408
0.010884806
0.00959858
0.0075043496
0.0065783486
0.0061075523
0.0049443868
0.004182492
0.0044692465
0.0042325056
0.0043966781
0.004457649
0.0052232602
0.0059610556
0.0061323113
0.0062109744
0.007287768
0.0078562516
0.007956537
0.0080649342
0.0083322349
0.0086347873
0.0090187626
0.0098661705
0.010436515
0.011591476
0.012673718
0.013265747
0.016423949
0.017215235
0.0060064192
0.00484466
0.0077729244
0.010245842
0.013938103
0.010632247
0.015100937
0.01914423
0.021663525
0.020124009
0.018233627
0.014659801
0.014017184
0.011285107
0.0095385904
0.005201893
0.0032836549
0.0033884222
0.0032534128
0.005443248
0.0061647644
0.0069489685
0.0089090225
0.0089254237
0.010384085
0.010323704
0.010611342
0.010343699
0.011570902
0.012309812
0.013108837
0.015610833
0.016646566
0.016760889
0.013042878
0.013736355
0.012315963
0.013046482
0.013945085
0.014695532
0.017288682
0.017357698
0.016154638
0.014247996
0.0077190617
-0.00045282041
0.0010857071
0.0068071339
0.0074489251
0.0083244625
0.013023166
0.018046373
0.022025097
0.02446212
0.025725061
0.024804948
0.023514388
0.022076044
0.0192467
0.016244837
0.0078491039
0.0016736887
-0.008462578
-0.019319553
-0.031260329
-0.044172945
-0.055992599
-0.066173751
-0.073605783
-0.071149484
-0.068974315
-0.063807549
-0.063355175
-0.061907883
-0.057132889
-0.053298025
-0.057733385
-0.057801081
-0.051211973
-0.051859162
-0.050967406
-0.048398927
-0.043398241
-0.046206153
-0.042721416
-0.041573902
-0.035497564
-0.032783155
-0.028519006
-0.021933516
-0.01366338
-0.0069073001
0.001099379
0.0062343829
0.0097853726
0.014076603
0.02020176
0.023282287
0.023554694
0.025198283
0.026992652
0.028354446
0.030569523
0.030011334
0.028766327
0.026164184
0.022951135
0.019148265
0.0178388
0.016198403
0.013550715
0.013859485
0.011636586
0.011288777
0.010940111
0.010076132
0.009298935
0.0072442977
0.0062185405
0.006506166
0.006349031
0.0050843241
0.0053504172
0.0051153702
0.0050826564
0.0054918094
0.0062504485
0.0064452036
0.0069177875
0.0073805959
0.0079289259
0.0082843852
0.0077916505
0.0082057583
0.0080946863
0.0088030276
0.0090695519
0.0099272529
0.010055862
0.010774868
0.011861516
0.011399198
0.015617746
0.017532434
0.0088815827
0.0050061636
0.0068267614
0.012145574
0.016634505
0.013703095
0.014537618
0.01588104
0.014099014
0.013087081
0.013467442
0.010437741
0.0077332742
0.005596948
0.0032351892
0.0027145178
0.0030116089
0.0047954728
0.0062499507
0.007319258
0.0063418402
0.0070360564
0.0089172903
0.011558309
0.012618208
0.012669609
0.012746228
0.013594626
0.013872606
0.015821715
0.016121755
0.015632844
0.017350516
0.017951249
0.013881341
0.015015296
0.014048759
0.015984964
0.017532098
0.017374779
0.019026414
0.022180622
0.019006396
0.015527476
0.0071193469
0.0031665773
0.0046141016
0.0077845311
0.009205443
0.0087640801
0.01120877
0.016057805
0.019497439
0.02231955
0.025906332
0.02650563
0.023779721
0.021197707
0.016224673
0.012190569
0.0034688822
-0.0040895563
-0.013475526
-0.021875031
-0.032309076
-0.042722703
-0.054158496
-0.064198218
-0.069684992
-0.068374137
-0.064720351
-0.066475454
-0.069347115
-0.065565609
-0.064581711
-0.057678079
-0.059728079
-0.057892255
-0.048815164
-0.052860457
-0.049816508
-0.043560059
-0.043621319
-0.045481402
-0.039259221
-0.036142816
-0.032911484
-0.030613481
-0.026222086
-0.019569227
-0.012487345
-0.0081405554
-0.00055393571
0.0012292087
0.0070197895
0.0080831986
0.011064392
0.011632816
0.01353245
0.014387615
0.016716454
0.020424666
0.021705234
0.021449571
0.021674925
0.019833819
0.016587744
0.013607639
0.011140688
0.010291752
0.010440612
0.010684931
0.0098618594
0.0097818126
0.0087768393
0.0068693673
0.0070274434
0.0050961608
0.0048623251
0.0044261712
0.0051122976
0.0034807873
0.0041120604
0.0036818198
0.0038571988
0.0042501909
0.0052283432
0.0045014418
0.0050890469
0.0058961232
0.0064976191
0.0065744648
0.0061601609
0.0057046623
0.0066693563
0.0077513395
0.0081404476
0.0076734175
0.0076422759
0.00695885
0.0082902363
0.0097813002
0.01061884
0.01067884
0.0093804875
0.0061233297
0.0035103774
0.0085507707
0.010446036
0.01193026
0.010431588
0.0073172267
0.0055652804
0.0057787286
0.0057359287
0.005321517
0.002862641
0.0014326397
0.00073828295
0.0010613395
9.9544249e-05
0.0043546512
0.0065387898
0.006581283
0.0061880286
0.0083098328
0.010301173
0.0091868018
0.012087348
0.015217444
0.013569041
0.014879219
0.017360161
0.017221116
0.017591597
0.015984712
0.017124678
0.015235172
0.015233963
0.01539577
0.014222157
0.015323549
0.016993398
0.0152669
0.016076298
0.016209018
0.016350859
0.011902809
0.0053410869
0.0022384819
-0.0014330496
0.0017628321
0.0042634922
0.0036850247
0.0053249105
0.0067208733
0.010928462
0.01469248
0.0183228
0.016912769
0.015252826
0.010236961
0.0057608895
0.00071145616
-0.0056579745
-0.013573896
-0.020227209
-0.028711649
-0.038283672
-0.048032113
-0.059358836
-0.065888854
-0.069440867
-0.068863635
-0.070155004
-0.068276943
-0.072247778
-0.075584729
-0.07447578
-0.069281751
-0.060982892
-0.05105467
-0.049697809
-0.046542745
-0.045716335
-0.043236222
-0.040378011
-0.034623996
-0.030311261
-0.02573976
-0.02423714
-0.019752641
-0.018975346
-0.014639794
-0.011426408
-0.005114139
-0.0027093093
-0.0014133555
0.00073879446
0.0021232444
0.0038641319
0.0056263592
0.0067942616
0.0075340758
0.0093139409
0.0093494267
0.014092354
0.014197913
0.014196047
0.013685528
0.011437157
0.01011629
0.0067670861
0.0047313311
0.0067757506
0.0071210243
0.0073939229
0.0070830309
0.004810542
0.0037193996
0.0029941464
0.0013000899
0.0013067919
0.0003044546
0.00064273214
-0.00093042679
0.00036931333
-0.00015358748
0.00026985101
5.5173035e-05
7.4719364e-05
-0.00043386488
-0.00069247838
0.00058015053
0.0021725081
0.001292217
0.001684777
0.0031315583
0.0030080427
0.0039354584
0.0052932194
0.0054783636
0.0055886511
0.0061339024
0.0067409711
0.0063092987
0.0039968512
-0.00074557814
0.0032344974
0.0075098482
0.002992196
0.0026647071
0.0032021298
0.0065551564
0.0059285851
0.0029176562
0.00051219833
-0.0017269152
-0.00067460162
-0.0021251684
-0.0031475909
-0.0037313694
-0.0050229578
-0.0049519959
-0.0034447792
-0.0023496994
-0.0009151572
0.004088587
0.0072568163
0.0059058534
0.0094364741
0.012277617
0.015606058
0.01579751
0.014202695
0.013288474
0.014627871
0.014260119
0.014963472
0.010768301
0.009654168
0.0086529797
0.011227368
0.012767284
0.011385126
0.01001983
0.0098434892
0.0093765216
0.0084930284
0.0086171988
0.0080145356
0.0059891806
0.0035722597
0.003160544
0.0013782639
0.00012674396
0.0010731754
0.0020256959
0.001878147
0.0019204516
0.0038750815
0.0053085512
0.0055609583
0.0068225162
0.0058388156
0.0019543927
-0.0020055303
-0.0061534175
-0.01255253
-0.021753307
-0.026924572
-0.035567035
-0.042380741
-0.053047513
-0.062344375
-0.066525008
-0.069369556
-0.07011444
-0.070355344
-0.069981853
-0.07566169
-0.075645035
-0.078924868
-0.072873365
-0.058479365
-0.051046263
-0.045731611
-0.038914816
-0.036889693
-0.03813845
-0.035679511
-0.027459253
-0.023052842
-0.01999063
-0.015347261
-0.013324803
-0.010237782
-0.0085928744
-0.0061633408
-0.0012070174
0.0045608085
0.0039107025
0.0048952953
0.0061571565
0.0068021876
0.0085547806
0.010904978
0.010776415
0.011916637
0.012741129
0.013659503
0.01181799
0.0084400059
0.0078022263
0.0042464526
0.0011734257
-0.0028515843
-0.0046425342
-0.0044957943
-0.0057395636
-0.0057997194
-0.0071580981
-0.0070439068
-0.0066765767
-0.0073901155
-0.010091302
-0.010128681
-0.010901195
-0.012110656
-0.011982967
-0.011217221
-0.010186115
-0.012202275
-0.010563166
-0.0085279952
-0.0055189795
-0.0023688904
0.00019960786
0.0014329902
0.0017981956
0.0026505301
0.0038429029
0.0030428094
0.0044444078
0.0054577974
0.0059598942
0.0071852008
0.0085310993
0.007894164
0.0071428356
0.0013995682
-0.0045893641
0.00042066749
0.0064168268
0.0058796388
0.002659761
0.0027098156
0.001500314
0.0016532822
-0.00055753173
-0.0018440867
-0.0029690505
-0.0023810296
-0.0047400027
-0.0054313167
-0.004765474
-0.0061719857
-0.0029627517
-0.0020547997
-0.0013975302
-0.00025397511
0.0024561773
0.0052382591
0.0072895517
0.0089584328
0.010808531
0.013578528
0.01425284
0.012128185
0.011968021
0.010287046
0.0085011872
0.009676335
0.0087861076
0.0077204639
0.0064333736
0.0074412524
0.0074291569
0.0095210893
0.0095328835
0.0082644147
0.0079239857
0.0066770363
0.0054970833
0.0050107737
0.0044714066
0.0051578464
0.0069242418
0.0074620211
0.004918795
0.0014931774
0.00052103089
-0.0017925509
0.00068221302
0.0019747128
0.0031957747
0.0029227992
0.00030895882
0.000662902
-0.0044573359
-0.0072234381
-0.011697849
-0.017897912
-0.022506659
-0.025525251
-0.034495626
-0.046349857
-0.052923328
-0.056998261
-0.061055785
-0.062029417
-0.059031805
-0.056088855
-0.058769145
-0.060269646
-0.061428909
-0.063290465
-0.062266535
-0.051322663
-0.039615785
-0.031505181
-0.026587692
-0.026317259
-0.026770179
-0.02266391
-0.015192992
-0.01065331
-0.0042494036
-0.004665955
-0.0028591736
-0.00096706541
0.0033806798
0.0064946345
0.01031293
0.011205032
0.01333746
0.012480006
0.011302034
0.012618234
0.013285672
0.014668741
0.014328502
0.015194632
0.015216441
0.0099619663
0.0077165914
0.0060261781
0.0020396789
-0.0010555115
-0.0039238275
-0.0075830431
-0.0074492361
-0.0073800651
-0.011176673
-0.011389204
-0.011433534
-0.012272713
-0.011585969
-0.012053239
-0.011738676
-0.009975809
-0.011220317
-0.013506531
-0.014080734
-0.01306651
-0.014639003
-0.014165514
-0.012152777
-0.0075911601
-0.0047673113
0.0019232521
0.0058508877
0.0089805063
0.010513945
0.01023759
0.009580817
0.0084668942
0.0065257862
0.0055238976
0.0057702333
0.0063577261
0.0037189277
0.0039722071
-0.0011915595
-0.0065995977
-0.0050390746
0.00023426482
0.0050652426
0.00060168921
0.0028391507
0.00079631947
-0.00022251408
-0.0032272646
-0.0046658377
-0.0046497576
-0.0031228594
-0.0015326975
-0.0021539407
-0.0018597152
-0.00062601274
-0.0018779335
-0.0027865103
-0.001353599
-0.001422959
-0.00093827613
0.00034556158
0.0051661184
0.0084598035
0.010444737
0.012692846
0.012748395
0.013877507
0.01673408
0.015063489
0.012956277
0.010445329
0.0085242699
0.011443392
0.010678968
0.0072381519
0.0066465512
0.007445973
0.0089280929
0.0078346333
0.0084922277
0.0093602097
0.0093402257
0.0076015662
0.0074009055
0.0060817902
0.0086030523
0.0070615357
0.0093841204
0.010023192
0.0046122704
0.0026553601
0.0017650369
0.0013297132
0.0015988837
0.0019789866
0.0014126721
-0.00013513642
-0.0018690301
-0.0047233414
-0.0088018845
-0.013140277
-0.015318513
-0.017289877
-0.020164163
-0.028444592
-0.039851255
-0.045255145
-0.046037125
-0.044604913
-0.045596615
-0.041537694
-0.039699578
-0.039369152
-0.040100858
-0.03955094
-0.041103706
-0.039913605
-0.033626126
-0.023227515
-0.017573207
-0.013440933
-0.012903162
-0.012450295
-0.0082336089
-0.0025265292
0.0018803189
0.0055485722
0.0062831716
0.0087748608
0.01181495
0.015099069
0.016010748
0.016406255
0.016894716
0.016947801
0.015249307
0.013696813
0.01131993
0.012775298
0.013335645
0.015505306
0.013586316
0.012467928
0.0062451166
0.0038548904
0.0018490514
0.00092525376
-0.0015170743
-0.0028753712
-0.0055484847
-0.0082399637
-0.0086352119
-0.0093859289
-0.011443404
-0.012656394
-0.014054107
-0.014671754
-0.01336201
-0.011723653
-0.011846921
-0.010780869
-0.011290041
-0.012418815
-0.012812207
-0.011345555
-0.013170716
-0.0096862711
-0.0045102953
-0.0001242323
0.0051872635
0.0070279509
0.013875523
0.015107597
0.016734649
0.013522655
0.011419278
0.0097867647
0.0087078238
0.0056475513
0.0049331665
0.0043013631
0.00027273274
-0.0075677963
-0.0040254808
0.0011238849
0.0065192424
0.0069561107
0.0043208561
0.002178533
0.0011999758
-0.0018630424
-0.0024171762
-0.0036096503
-0.0034950454
-0.002233373
-0.0018100198
-0.0024189989
-0.0026490731
-0.0021976748
-0.0033083269
-0.0029485408
-0.002362571
-0.0020957056
-0.0011444408
-0.00016742025
0.0031480087
0.006697648
0.011351769
0.014085855
0.013959615
0.015522293
0.017713485
0.019602483
0.018393789
0.01615205
0.014360319
0.014722695
0.012243123
0.010346902
0.0098113189
0.0079442099
0.0085201674
0.0073331796
0.0093797802
0.007862668
0.0091705431
0.008478479
0.0081872859
0.0075705344
0.0094846361
0.0085642861
0.010586259
0.010325593
0.0066410989
0.0059566794
0.0037303629
0.0035458287
0.003489041
0.0032374066
0.0020632681
0.0010464052
-0.00011576617
-0.0021201473
-0.0048138884
-0.0076213351
-0.0097440112
-0.0096121756
-0.012208061
-0.016735554
-0.024828803
-0.028709301
-0.032266167
-0.031032239
-0.030291359
-0.026578582
-0.022511492
-0.020001916
-0.022817129
-0.021721646
-0.020434012
-0.01896061
-0.014214381
-0.010795756
-0.0066440409
-0.00059125308
0.0011767419
-0.00090270575
0.0015223046
0.0058834338
0.0094388083
0.013116975
0.014390507
0.016037434
0.016867626
0.017627257
0.017808799
0.016570869
0.014735338
0.014132584
0.012746791
0.011357587
0.010722642
0.010284783
0.011404647
0.010983236
0.010373841
0.0076582254
0.0047723823
0.0024865834
0.00079520815
0.00053386419
-0.0018567497
-0.0043506199
-0.0059556709
-0.0073918635
-0.0091344817
-0.0099075734
-0.0088942717
-0.011490436
-0.013146915
-0.01539978
-0.015651019
-0.015353607
-0.0147916
-0.012079515
-0.010375331
-0.0095318928
-0.010276392
-0.011111109
-0.011117393
-0.0079551281
-0.0041432919
0.0012587593
0.0056230512
0.010209859
0.013247302
0.015705185
0.013904649
0.012923247
0.012245908
0.0099249904
0.0066415486
0.005550408
0.0025909243
-0.00074656724
-0.0015101254
-0.0023782513
0.001519085
0.005095699
0.0093521763
0.0092060542
0.0070388251
0.0030719276
0.0016417441
0.000316118
-0.0017381463
-0.0011493183
-0.0010429443
-0.00081507186
3.7555036e-05
-0.00073295172
-0.0015587884
-0.00045358255
-0.0011707057
-0.0030430294
-0.0023263011
-0.0028259954
-0.0023794907
-0.0012256621
0.00086732076
0.0041733166
0.0089266154
0.010627247
0.012007489
0.015352121
0.017657614
0.020955208
0.020337149
0.019005513
0.017915427
0.016600716
0.013560711
0.011932099
0.010682461
0.010020235
0.0083720139
0.0074649225
0.0079041519
0.0081942391
0.0084799815
0.0088471603
0.0083801052
0.0074669084
0.0082936072
0.0089372727
0.0083072188
0.0091600641
0.0093378658
0.0074218091
0.006182421
0.004227774
0.0036342304
0.0033833613
0.0020954872
0.0011591765
0.00039494777
-0.0006316072
-0.0026716476
-0.003563057
-0.0039908787
-0.004326755
-0.0068611927
-0.0086502651
-0.012007063
-0.016366467
-0.018189543
-0.017605282
-0.017945932
-0.01273245
-0.009814162
-0.010174907
-0.011368477
-0.011323851
-0.0094444209
-0.0070229162
-0.0053241501
-0.0023625871
0.00073953421
0.0048327202
0.0070234412
0.0051315746
0.0047402404
0.0065677117
0.010259264
0.013390231
0.015582991
0.016728936
0.015843908
0.014564893
0.014026847
0.012478924
0.010486697
0.0087897277
0.0080350897
0.0062832485
0.0052884485
0.0046826348
0.0048143054
0.0053524294
0.0052299386
0.0040579796
0.0031448465
0.0007781122
-0.00084578516
-0.0019018623
-0.0045127114
-0.0056127659
-0.0063291586
-0.0094223593
-0.010465565
-0.0108478
-0.0098290585
-0.0104181
-0.012093893
-0.012104169
-0.012662514
-0.012950893
-0.011981976
-0.010730349
-0.010223316
-0.01105649
-0.011755276
-0.011113412
-0.0087248641
-0.0075651246
-0.0072776071
-0.0023068166
0.0038939288
0.0060963767
0.0085201305
0.010287709
0.010398895
0.0096015936
0.0086415379
0.0073121064
0.0037960461
0.0011900822
0.00068659301
-0.001706524
-0.001781211
0.00090391925
0.0044612881
0.0079555631
0.0088592972
0.0091688119
0.0068564627
0.0045249221
0.0032644522
0.001369469
0.00040615656
-0.00052341069
-0.00052637198
-0.00061896343
-0.00071542495
-0.0013839833
-0.0023770011
-0.0020022409
-0.0019940417
-0.003475189
-0.0033970392
-0.0033857057
-0.0023564539
-0.0015403126
-0.0013772735
-6.9572903e-05
0.0026579241
0.0058215625
0.0063040356
0.0088102364
0.012978529
0.015146401
0.01795613
0.018533967
0.018003242
0.012913058
0.013329372
0.011039594
0.0096353863
0.0089754957
0.0089066479
0.0078107856
0.008275741
0.0084036851
0.0084837497
0.0083986388
0.0080368328
0.0093694159
0.010117899
0.010280752
0.0097831269
0.012894087
0.012376799
0.010666543
0.009561618
0.0080094861
0.0074816553
0.0057027212
0.0049581941
0.0042032725
0.0031698896
0.0018560097
0.0013322063
0.00035425691
-0.00054409546
-0.00033131858
-0.0014123091
-0.0025759167
-0.0044499241
-0.0068379096
-0.0088471298
-0.0098058172
-0.0085326991
-0.0045253515
-0.0021997559
-0.0025904593
-0.0017973394
-0.003119081
-0.0046588082
-0.0031169885
-0.0010667573
0.00074743168
0.0029509571
0.0052555264
0.0076798819
0.0053932287
0.0039660709
0.0041558057
0.0070712662
0.010694951
0.010086531
0.012285367
0.012303103
0.011535364
0.010387952
0.0084661599
0.0075505682
0.0062655414
0.0056987661
0.004009578
0.0020297439
0.0019207891
0.0030152022
0.0037441634
0.0034528458
0.0026781111
0.0019527609
0.0015573659
-0.0015055385
-0.0028544411
-0.005154072
-0.0077394719
-0.0090329936
-0.0096979359
-0.0099172952
-0.010362327
-0.0086652218
-0.0076259935
-0.0079141346
-0.0071932391
-0.0068835838
-0.0074691995
-0.0064997367
-0.0067555228
-0.0077098244
-0.009033662
-0.0089456486
-0.0094368232
-0.0079768812
-0.007272626
-0.0072000571
-0.0053787833
0.00032765338
0.0039723328
0.0055529563
0.0060966392
0.0072553948
0.0073432574
0.0068571208
0.0070652208
0.003639383
0.0038976977
0.0023996036
0.0019222855
0.0019361075
0.0022182955
0.0043228317
0.0072169407
0.0062878564
0.0065970453
0.0059588852
0.0052371542
0.0045333664
0.0015455883
0.00074302572
0.00046038601
0.00034878283
-0.00018435731
-0.00081582418
-0.0013209201
-0.00061711927
-0.0016273541
-0.0030912034
-0.0037851175
-0.0043177971
-0.0035387051
-0.003285804
-0.0012991627
9.1977606e-05
0.00044171193
0.002495079
0.004138927
0.005050601
0.0059146042
0.0074642038
0.0091461733
0.010695558
0.012019705
0.012829067
