0.004054749
0.0032913239
0.0032020122
0.0021603733
0.0012153269
-0.0010510244
0.0018241934
0.011541158
0.016563116
0.015198683
0.013486901
0.012071088
0.0094283911
0.0053323736
0.0053847548
0.002281798
0.0020558778
0.0026385413
0.0028411418
0.0038343394
0.0073648867
0.011237856
0.011407385
0.011571487
0.00924198
0.0067617948
0.0055827489
0.0032505984
0.00099382814
-0.00080387412
0.00015804084
0.00073070176
0.001678881
-0.00040330811
-0.00300962
-0.0038107198
-0.0048837691
-0.0063933327
-0.0076993672
-0.0093570903
-0.0094296014
-0.0093823357
-0.0098304851
-0.010419258
-0.010389966
-0.010091178
-0.0094833013
-0.0082192522
-0.0093593215
-0.012256912
-0.013500359
-0.012780703
-0.01591975
-0.016936826
-0.015263976
-0.012961087
-0.010712657
-0.0081487983
-0.0075098503
-0.0076864845
-0.0088079807
-0.010908748
-0.011714121
-0.013596852
-0.012437245
-0.010528196
-0.011311691
-0.011647789
-0.014849896
-0.016390448
-0.015962429
-0.015909332
-0.017296878
-0.014333849
-0.011054942
-0.0097226705
-0.0064613472
-0.0069909017
-0.0075381559
-0.0089281242
-0.0087255065
-0.006583721
-0.0012900241
0.0052958253
0.011296975
0.012852361
0.01437503
0.011957228
0.006811303
0.006654916
0.0064319072
0.0088012274
0.011935449
0.013497283
0.011466078
0.0089321748
0.0059499621
0.004294526
0.0027131625
0.0020139984
0.00065758342
0.00071312854
0.00076503525
0.0010193422
0.0014828555
0.0014757138
0.00066620878
0.00041325497
0.00028279126
-5.3936327e-05
-8.2620101e-05
-0.001168205
-0.0018536663
-0.0021856737
-0.002870742
-0.002085887
0.00052231149
0.0045823381
0.0034848433
0.010915945
0.011283149
0.01123798
0.011666813
0.012936144
0.015337293
0.013230096
0.013825044
0.015387283
0.014253868
0.012136924
0.010737809
0.010779403
0.011076025
0.008646821
0.0077811866
0.0062520514
0.0060649136
0.005653244
0.0058348632
0.0051807985
0.006255908
0.0058741248
0.0052169289
0.0045105147
0.0038340346
0.0039016593
0.0026188723
0.0021640423
0.00011150604
-0.00057647721
0.0044840721
0.013875682
0.016429568
0.012991165
0.010711487
0.0086060378
0.0056126914
0.005555031
0.0041980866
0.0032827335
0.0029282097
0.00090488168
0.00060623512
0.0045807218
0.01022259
0.012098213
0.0114773
0.011971561
0.012270381
0.0092375035
0.005514841
0.0011747721
-0.001461555
-0.0021755474
-0.00029050239
1.129992e-05
-0.0015744424
-0.0064684021
-0.0090155562
-0.011429672
-0.012614756
-0.013767927
-0.015696699
-0.017034644
-0.016625536
-0.01737526
-0.018300355
-0.019583324
-0.020139664
-0.019144965
-0.017025984
-0.016754309
-0.015348926
-0.015439949
-0.017820331
-0.020790441
-0.021167541
-0.018042347
-0.014958299
-0.014126066
-0.011899441
-0.0096405811
-0.0078694679
-0.0088554222
-0.0075748626
-0.0081320108
-0.0088128356
-0.0094201608
-0.0082673939
-0.0090910213
-0.0089879077
-0.0078677047
-0.0078697649
-0.0090075404
-0.0095916417
-0.0082087612
-0.0076125812
-0.0058161669
-0.0030057912
0.0010258727
0.00098779738
-0.0009363097
-0.0011972461
-0.0011132947
-0.00044372118
0.0022940178
0.008486861
0.011053885
0.013533545
0.01458527
0.012483343
0.011896702
0.010819872
0.0097441277
0.010438422
0.011713578
0.011890985
0.012465625
0.010290636
0.0075281068
0.0057892957
0.0039658491
0.0021616953
0.0018622954
0.001883706
0.0015605958
0.0020666721
0.0019771073
0.0016255693
0.0012443288
0.00042086041
-4.1133315e-05
-0.00082525365
-0.0014664912
-0.0018922849
-0.0034038431
-0.0045246333
-0.0046511432
-0.0035258029
-0.0021669075
0.00036863582
0.0029893811
0.0084905331
0.014261036
0.015089554
0.016660306
0.016293829
0.016740108
0.018588058
0.018583618
0.015175996
0.015228465
0.013436469
0.012147657
0.011032191
0.011243658
0.0093298585
0.0073091622
0.0055813924
0.005269599
0.0057657437
0.0058056599
0.0057992376
0.0060338848
0.0055512107
0.0056584567
0.0048977637
0.0046830028
0.0044260678
0.004246649
0.003423462
0.0023969835
0.00026655846
-0.001003585
0.0070034664
0.012026463
0.011954508
0.014271796
0.012688348
0.0063883511
0.0047968982
0.0028580455
0.0041338262
0.0015203922
-0.00068097995
-0.0014389613
-0.00056475385
0.0036048216
0.009561982
0.012272608
0.012452602
0.01278833
0.01356901
0.012276801
0.0073474195
0.0041411007
0.0014335897
0.00073399728
0.0010848324
-0.0022950679
-0.0068736148
-0.012952933
-0.018267351
-0.020506842
-0.020718158
-0.023123306
-0.024763867
-0.026889127
-0.02711361
-0.02854479
-0.029919378
-0.032302835
-0.031909949
-0.031403647
-0.029997246
-0.030128572
-0.029715921
-0.024855986
-0.026680122
-0.029284225
-0.026001737
-0.02206059
-0.019062756
-0.015222124
-0.011773715
-0.0062165903
-0.0077276204
-0.0082929709
-0.0059609315
-0.0052715914
-0.0035724924
-0.006388183
-0.0061130878
-0.0055245115
-0.0046530444
-0.0022660366
0.0012867774
0.0013946101
-0.00023704325
0.0019081211
0.0040261801
0.0080084626
0.010460257
0.012326381
0.010068586
0.00750693
0.0071952356
0.0087756441
0.0099452293
0.013757195
0.016881886
0.015290248
0.013921324
0.013030959
0.014242108
0.014657108
0.011994702
0.0087460317
0.0096042866
0.0098781509
0.0085804714
0.0086166927
0.0062509096
0.0044999092
0.0029402857
0.002253372
0.001742457
0.0012904901
0.0015376123
0.0016823385
0.0017424417
0.0011925906
0.0010517894
0.00043130631
0.00038066409
-0.00039882109
-0.00069630106
-0.0017194525
-0.0025498206
-0.0043090419
-0.0040307246
-0.0062506935
-0.0068474997
-0.0018395936
0.0049901344
0.01281846
0.013770258
0.015107562
0.014170605
0.016884092
0.016756004
0.017942774
0.017023311
0.017249795
0.016600475
0.013074992
0.011269179
0.0088352832
0.0075628897
0.0061502547
0.0042262844
0.0046377082
0.0045589258
0.0045545885
0.004677768
0.0058506216
0.0058777097
0.0056897972
0.0055991916
0.0057229338
0.0051016315
0.0049467509
0.0050420348
0.0047362575
0.0051525291
0.0043048117
0.0035481333
0.0036245554
0.011557264
0.017030335
0.014801601
0.015189099
0.013583867
0.0088838653
0.00779824
0.0043432517
-0.00010390635
-0.0026067381
-0.0020038542
0.00061335793
0.0024936509
0.0053323457
0.009102521
0.012526491
0.014428938
0.015392199
0.014980593
0.01587129
0.011536525
0.0086716435
0.0052872162
0.0063695161
0.00318285
-0.0019355126
-0.0096147448
-0.017426937
-0.021805422
-0.026777042
-0.028573532
-0.031144987
-0.034952389
-0.038888228
-0.040178212
-0.041386148
-0.041959378
-0.045038607
-0.046141645
-0.049200985
-0.051408225
-0.050093745
-0.047438758
-0.04300053
-0.038996059
-0.034260086
-0.028543657
-0.02513216
-0.024165712
-0.020646397
-0.014232079
-0.0099445292
-0.012856551
-0.010084508
-0.0062093609
-0.0052841874
-0.0036953016
-0.0012458054
-0.0012109092
-0.0024940824
-0.00037267408
0.0051169259
0.0091260603
0.012133999
0.01494816
0.01751433
0.020962264
0.023186049
0.026482003
0.024751873
0.021845912
0.020849376
0.021289396
0.021746822
0.019910779
0.021889454
0.020754378
0.016507875
0.014403225
0.013558014
0.013176939
0.011901005
0.009888579
0.0064498089
0.0065485132
0.0060471208
0.0055578362
0.005042295
0.0041935907
0.0030702027
0.00242617
0.0016815707
0.0017456891
0.0011567514
0.0011942325
0.0013077847
0.0014249628
0.0019655434
0.002293206
0.0020023569
0.0024254957
0.0016929624
0.001772776
0.00083897059
0.00091160717
0.00060599059
0.0018576473
0.00017657732
1.6332516e-05
0.0040231923
0.0080585751
0.010424675
0.013683176
0.012133543
0.012977535
0.012998595
0.013413186
0.014740676
0.014412566
0.014403044
0.013105318
0.010922248
0.0066326246
0.0050983251
0.0033062729
0.0029474798
0.002286752
0.0038814066
0.0038873599
0.0048754749
0.0056482961
0.006739598
0.0055330356
0.0060314325
0.0062080303
0.0063870741
0.0059554394
0.0051992884
0.006414823
0.0068544946
0.0072774905
0.008308644
0.0085311302
0.010881966
0.019356196
0.019219884
0.016252266
0.01289712
0.014204455
0.011839681
0.010060246
0.0052326738
-0.002474657
-0.0031099389
-0.0014281654
0.0021204829
0.0059143355
0.010950927
0.014617182
0.016733254
0.016893428
0.017466794
0.016887027
0.020414029
0.019748757
0.016518588
0.012744351
0.009908015
0.0045300874
-0.0037298234
-0.0091242532
-0.017652783
-0.025627167
-0.029198643
-0.033737261
-0.039478696
-0.045634966
-0.049565376
-0.052506604
-0.051528807
-0.050613611
-0.054943094
-0.059052202
-0.063626578
-0.064834363
-0.059732831
-0.058716047
-0.054904218
-0.049743685
-0.047120873
-0.039135327
-0.034560908
-0.031391814
-0.025184537
-0.021990789
-0.022154875
-0.019029633
-0.016092262
-0.014535064
-0.013268825
-0.0058942392
-0.0039373529
-0.0012630239
0.0019674107
0.003060704
0.0088544199
0.015380149
0.019345735
0.023966837
0.030494625
0.034691606
0.03442878
0.036150866
0.034574323
0.031923868
0.032208842
0.030105683
0.029117622
0.021672469
0.019870303
0.016628133
0.013399074
0.011998934
0.011885665
0.01115942
0.0076416151
0.0057425243
0.0040900066
0.0037135406
0.0024112193
0.0028490334
0.0017002128
0.0009673026
0.00103619
0.0010349853
0.00078434373
0.00041192752
0.00043664694
0.0015098395
0.0025832051
0.0024982146
0.0029478061
0.003578097
0.0040374966
0.0043537644
0.0043533077
0.0044294493
0.0049260272
0.0061609953
0.0061262297
0.0064279231
0.0039980876
0.0062978821
0.0055179708
0.0085985882
0.0094142044
0.010022674
0.011130821
0.0084548296
0.0096279805
0.010200481
0.014146358
0.01314009
0.012778254
0.014061091
0.01169055
0.0084276842
0.0055622259
0.0029809112
0.0021281428
0.003380894
0.0053537229
0.0057384793
0.0067766037
0.0070855501
0.0074516539
0.0076437683
0.0082033026
0.0078630609
0.0077804967
0.0066221172
0.0072956591
0.0085561789
0.0088675046
0.0095079248
0.012795239
0.013989038
0.016798267
0.020331581
0.018571103
0.012505039
0.013630229
0.012176968
0.016151735
0.0094751944
0.0025732939
-0.0034590478
-0.0022720734
0.0034276205
0.0083914323
0.014076996
0.018580843
0.022808634
0.023406465
0.023921719
0.022198676
0.023790332
0.02234019
0.019301331
0.016816995
0.014422939
0.0079856086
0.0026446738
-0.0040120357
-0.0093455888
-0.016566808
-0.025655502
-0.034418662
-0.039449411
-0.04671476
-0.055224833
-0.062553363
-0.065154163
-0.065043164
-0.060572958
-0.057326303
-0.057025152
-0.06285908
-0.066729031
-0.061920781
-0.057026718
-0.053481136
-0.048718979
-0.043344539
-0.037560656
-0.032945755
-0.024810193
-0.025039688
-0.025007433
-0.031121264
-0.033822037
-0.028209678
-0.02643757
-0.021460222
-0.010316853
-0.0075287549
-0.0036687794
0.0025434627
0.0064318636
0.012554989
0.016643927
0.022332135
0.027851116
0.034622929
0.038582754
0.03976091
0.037132451
0.035391135
0.034400122
0.035558422
0.032261873
0.030235939
0.026254034
0.019824042
0.015618702
0.013313355
0.010595697
0.0081174148
0.0068029801
0.0043488538
0.0033584303
0.001634043
0.0016734391
0.0013535967
0.0010683186
0.0012274045
0.0011865286
0.0012004862
0.0014960399
0.001389025
0.0017377211
0.0025392171
0.0026036822
0.0027516606
0.0030625338
0.0037535202
0.0045524717
0.0049072377
0.0054837592
0.0064748538
0.0071648683
0.0084590472
0.0095586079
0.010145292
0.010253323
0.0086310587
0.0059404264
0.0055076158
0.0060392255
0.006940921
0.0073795711
0.0085955741
0.010086612
0.010041333
0.012547281
0.010727268
0.013641917
0.017735268
0.016380111
0.015407437
0.012478738
0.0065340226
0.00259052
0.0026604718
0.0046422521
0.0063075693
0.0074884784
0.007860651
0.0080643554
0.0092768662
0.0094837133
0.009425624
0.0085307857
0.0089174311
0.0082146807
0.0089375765
0.010405946
0.010711707
0.013746384
0.014777368
0.015385127
0.016787584
0.017506231
0.01408696
0.012956359
0.012078143
0.012236429
0.015432884
0.010778602
0.005409039
-0.0020809252
-0.0014237127
0.003671693
0.010167799
0.015502452
0.019558193
0.024130531
0.024545653
0.022674341
0.021793067
0.022592009
0.021723
0.016334094
0.013497132
0.0086577947
0.0095108267
0.001130502
-0.0057809649
-0.012099726
-0.020701931
-0.030735917
-0.039889326
-0.049060071
-0.057796286
-0.069618915
-0.071520936
-0.074592269
-0.068562426
-0.063912401
-0.064047377
-0.067473401
-0.06647243
-0.060201171
-0.055759811
-0.048335988
-0.05317493
-0.048287744
-0.041967932
-0.039471045
-0.032468974
-0.027049183
-0.029020978
-0.028267531
-0.032591839
-0.033951689
-0.024617337
-0.021639271
-0.020234669
-0.016355467
-0.0090626497
-0.0015926796
0.0052362371
0.011435677
0.015755918
0.020326623
0.023918531
0.028853591
0.032837152
0.035615708
0.034973947
0.03384941
0.030112017
0.030566637
0.03033944
0.028514733
0.025701306
0.021579189
0.018957648
0.014579897
0.011717466
0.009849904
0.0073992998
0.0059559063
0.0037750604
0.0032466229
0.0017398678
0.002153557
0.0024390197
0.0016765731
0.0018848014
0.0027328786
0.0026807429
0.003417623
0.0033588053
0.0035637445
0.0038879388
0.0044105028
0.0049660218
0.0055436361
0.0056836097
0.0063784099
0.0063256273
0.0075586564
0.0081216148
0.0097717062
0.011388936
0.012815586
0.014221402
0.016077803
0.009899263
0.003044352
0.0071111743
0.0072659536
0.0092892534
0.010136153
0.011098947
0.015907134
0.019763176
0.018962838
0.017633085
0.015674064
0.01303577
0.013059309
0.013880942
0.0097346042
0.0029801261
0.002002439
0.0022058313
0.0042689537
0.0053719099
0.0078828878
0.0080783925
0.0093883005
0.0095775789
0.010110338
0.010071534
0.0090209052
0.0083459138
0.0095267424
0.0086924942
0.01303855
0.014581364
0.015958886
0.015868574
0.01435991
0.015502002
0.014167198
0.0099352136
0.013910858
0.014249272
0.016560699
0.018418427
0.015267362
0.0085772984
-0.0014283406
0.00064602651
0.0066162644
0.0091448383
0.014385226
0.018921476
0.023228596
0.024482428
0.024959899
0.024858665
0.024112949
0.025228627
0.021792003
0.017524243
0.015063503
0.012685692
0.0045141609
-0.0042222645
-0.012634256
-0.023920175
-0.034607326
-0.043665528
-0.056393988
-0.068262033
-0.072098573
-0.0707164
-0.068660769
-0.06037872
-0.053390753
-0.052261371
-0.048739623
-0.054738745
-0.052778907
-0.051914377
-0.053718935
-0.050798587
-0.046328241
-0.041257822
-0.040625281
-0.035603175
-0.034563667
-0.039993123
-0.038664123
-0.039162701
-0.033950475
-0.028062766
-0.019270896
-0.014554122
-0.0083335367
0.00095944894
0.0070425052
0.011489061
0.016676933
0.020595227
0.021451878
0.023791495
0.028107475
0.029768648
0.031601252
0.030433854
0.02789105
0.025007656
0.023996123
0.023126563
0.021310584
0.018484575
0.016387987
0.013688245
0.011002248
0.010231609
0.0093631233
0.0088026802
0.0068919096
0.0056695781
0.0049962223
0.0042532828
0.0035412943
0.0038652389
0.003678762
0.0037434687
0.0038032698
0.0047480546
0.0053033034
0.0053943201
0.0052475017
0.0064703372
0.0071598012
0.0075482675
0.0078224937
0.0080573964
0.0083562677
0.009070726
0.0097961321
0.01034429
0.011570684
0.012993626
0.013972786
0.017069005
0.018337702
0.007201074
0.0049360615
0.0077443437
0.0099304231
0.014456668
0.01135364
0.014869957
0.019055905
0.021135997
0.02013491
0.018534128
0.01441787
0.014186951
0.011039085
0.0092576724
0.0057086998
0.0039852016
0.0043685857
0.0036618016
0.0056214561
0.0067347065
0.0071633496
0.0091246028
0.0093247559
0.010732129
0.011061499
0.011248719
0.010834725
0.01161472
0.012209638
0.013010703
0.016062586
0.016715541
0.017473232
0.013293503
0.015140037
0.013524147
0.013183154
0.013943098
0.015455983
0.017959689
0.018770274
0.017324441
0.01706003
0.011373783
0.0032962363
0.0058676868
0.011158836
0.011485192
0.011598147
0.016583477
0.02183745
0.02599587
0.02836915
0.030151231
0.029873045
0.029685707
0.029712269
0.028327349
0.026582977
0.01865319
0.012353797
0.001966598
-0.0088858258
-0.021218439
-0.035099607
-0.047364284
-0.058222814
-0.067514253
-0.065983784
-0.065538185
-0.062030859
-0.059466152
-0.057960928
-0.053884347
-0.051913346
-0.057460127
-0.060239712
-0.053748445
-0.055053828
-0.054180236
-0.052580185
-0.047605324
-0.051789351
-0.049074217
-0.049047761
-0.044561631
-0.042324286
-0.038370178
-0.032210345
-0.024586373
-0.018393242
-0.0092562853
-0.0028419443
0.0015105806
0.006436102
0.013565272
0.01802864
0.019147695
0.021881463
0.023702523
0.025714118
0.027515276
0.027184014
0.026214265
0.024039395
0.020898177
0.017620707
0.016777475
0.015099334
0.012146233
0.012326791
0.010581286
0.0099660868
0.0095420873
0.0091778226
0.0088770758
0.007127713
0.0056194986
0.0058286261
0.0059578886
0.0048497712
0.0048260688
0.0046116105
0.0048120766
0.0052838068
0.0057356166
0.0059485474
0.0063145016
0.0067900023
0.0072843731
0.0078444994
0.0075664582
0.0081884619
0.0079779378
0.0088788956
0.0091141354
0.010128656
0.010608427
0.011456715
0.013085066
0.01310098
0.016986096
0.019354442
0.010960427
0.0062076342
0.0069039446
0.011907484
0.017906917
0.014426262
0.014870487
0.016529321
0.013781453
0.012532753
0.013479904
0.010183218
0.0069838728
0.0047204939
0.002767209
0.0026870543
0.0024709783
0.0042834442
0.0059856749
0.0074619277
0.0064744491
0.0069048334
0.0084032775
0.01146769
0.012313053
0.012961462
0.013282309
0.013963763
0.013747933
0.015772291
0.016506216
0.016581766
0.018307264
0.018476927
0.015049911
0.015814084
0.015314502
0.016702862
0.018267121
0.019020764
0.020440854
0.024142721
0.021610636
0.018672277
0.0098708124
0.0069029085
0.0097183192
0.012409893
0.014187726
0.012905688
0.014821977
0.020459553
0.024096058
0.027144044
0.031245038
0.032736094
0.032131731
0.030822576
0.025966846
0.021726833
0.012848865
0.0044015746
-0.0052309063
-0.014448554
-0.026313477
-0.036428427
-0.048400475
-0.058582286
-0.065467926
-0.064886856
-0.063017516
-0.064723428
-0.067666144
-0.064406753
-0.064464587
-0.057961716
-0.061406019
-0.062973763
-0.054209808
-0.058221818
-0.055924749
-0.04850516
-0.048590207
-0.051811361
-0.046949809
-0.044597562
-0.041749529
-0.040246309
-0.035622205
-0.028870311
-0.020963126
-0.016360814
-0.008037539
-0.0054527259
0.0018949634
0.0032384774
0.0067584526
0.0084238087
0.011872008
0.0132415
0.015838352
0.018843505
0.019533199
0.019513933
0.018879596
0.017643163
0.01544085
0.012655795
0.010915838
0.010085007
0.010097946
0.0096449553
0.0091057988
0.0095851705
0.0086552897
0.007191075
0.0072876919
0.005448806
0.0052358308
0.0047459072
0.0051840409
0.0035123346
0.0038348345
0.0037509956
0.0036146407
0.0041475496
0.0053022723
0.0049748505
0.0056137159
0.0061472522
0.0068891081
0.0067758334
0.0064059666
0.0061272944
0.0070126974
0.0081613057
0.0086278986
0.0081018364
0.008387887
0.0087986022
0.010298578
0.011501049
0.01298977
0.013100804
0.011762051
0.0091653896
0.0047147474
0.0089016741
0.011306636
0.012814971
0.011612737
0.00813923
0.0057158682
0.0057973869
0.0052715917
0.0046523773
0.002406351
0.0008770744
0.00033031998
0.00041310725
-0.0014273771
0.003124815
0.0058422869
0.0064876699
0.0060938709
0.0082064052
0.010992663
0.0095376844
0.011363972
0.01457518
0.013493521
0.014210068
0.016902466
0.017242597
0.018026595
0.016456953
0.018310815
0.01525446
0.015522225
0.016180681
0.015632327
0.016014683
0.017969078
0.016309353
0.016934803
0.017892351
0.018148625
0.013950486
0.0063913639
0.0054905258
0.0024013919
0.0064647904
0.0096279588
0.0087943665
0.010229176
0.011801509
0.016315846
0.021169711
0.025458664
0.024133571
0.023084575
0.018249354
0.012760812
0.00709368
0.00063031521
-0.0082256369
-0.015738751
-0.023318831
-0.033549584
-0.044468944
-0.056061616
-0.063936056
-0.068093727
-0.067602714
-0.070498562
-0.068590001
-0.073602519
-0.077687937
-0.077254364
-0.073799802
-0.067825813
-0.059250771
-0.057738367
-0.054390987
-0.054053699
-0.05126144
-0.048497775
-0.043373817
-0.039082169
-0.034189484
-0.033392072
-0.028812344
-0.027474441
-0.022680766
-0.018494997
-0.011131009
-0.0070791831
-0.0058948956
-0.0029812419
-0.001588507
0.00054979922
0.0024973329
0.0041414391
0.0052695111
0.0072281315
0.0063472789
0.011616807
0.011887883
0.011981855
0.011400373
0.0098734953
0.009238679
0.0061411076
0.00419573
0.0060928362
0.0067566257
0.006957227
0.0070582351
0.0051673872
0.0046293585
0.0041742647
0.0025311296
0.0025570927
0.001298334
0.0016624827
-0.00029404858
0.00088217378
0.00011381346
0.00013549572
4.5154315e-05
0.00078048031
0.00041188683
0.00013706148
0.0013140289
0.0029524422
0.00153122
0.0012264146
0.0023654209
0.0033639687
0.0041429824
0.0057987299
0.0063820972
0.006682833
0.0070487042
0.0080044035
0.0078213297
0.0050528661
0.00011072798
0.0038305469
0.010447856
0.004517366
0.0035060258
0.0048177656
0.0078031447
0.0070863043
0.0040017152
0.00068509305
-0.0021082804
-0.0010743449
-0.0026235328
-0.003972643
-0.0043485016
-0.0054602023
-0.0054885086
-0.0044074167
-0.0035915266
-0.0027325357
0.0017479805
0.0052285674
0.0035468005
0.0076329146
0.011003587
0.014795499
0.015247614
0.013742424
0.012737391
0.014400938
0.014335662
0.015123578
0.010254502
0.0095929723
0.0081869133
0.010912388
0.012934841
0.012389296
0.010851084
0.010929402
0.0099690618
0.008807159
0.0092838203
0.0087887862
0.0063153983
0.0038052002
0.004423335
0.0036476944
0.0031327326
0.0051152448
0.0069063929
0.0069304524
0.0070990767
0.0093861513
0.01126626
0.011738111
0.013442836
0.012864575
0.0084204443
0.0036098465
-0.0016984575
-0.0086645032
-0.018908999
-0.02438298
-0.032442937
-0.040157996
-0.052735303
-0.063281813
-0.067964039
-0.071309485
-0.072255252
-0.073236987
-0.073455364
-0.081850365
-0.082157123
-0.086311789
-0.082286354
-0.069987805
-0.061984111
-0.056392162
-0.048978555
-0.045799048
-0.048619914
-0.047810799
-0.038759723
-0.032773227
-0.02978972
-0.024556713
-0.022943729
-0.019181292
-0.017483927
-0.013680261
-0.0074142593
-0.00072224602
-0.0013937976
0.0004514106
0.002356166
0.0024074822
0.0038955272
0.0060559591
0.0066826685
0.007297068
0.0083072914
0.0092447019
0.0081629847
0.0058404594
0.0057634449
0.0037225922
0.0016974963
-0.0023318612
-0.0048879394
-0.0052992353
-0.0060945807
-0.005676548
-0.0061460851
-0.0056833579
-0.0052773069
-0.0056546251
-0.0081443745
-0.0084673369
-0.0098620789
-0.01127631
-0.011329765
-0.010407754
-0.0093449358
-0.012126309
-0.011100629
-0.0089147532
-0.0064047708
-0.0030393412
-0.00053598343
0.00056492478
0.0009414159
0.0015396076
0.0020874377
0.0012197286
0.0032823779
0.0048542541
0.005465062
0.0076672319
0.010174144
0.0097547211
0.0093049929
0.0031319106
-0.0046951861
0.00014541198
0.0087357911
0.0080036985
0.0039737185
0.0046262028
0.0031942443
0.0025718235
-0.00040658743
-0.0018990192
-0.0035113369
-0.0031201117
-0.0054270955
-0.0067817641
-0.0052370895
-0.0066106875
-0.0029141158
-0.0021913892
-0.0019893513
-0.00092236089
0.0014159057
0.0038471539
0.0058922974
0.0077404073
0.0096381101
0.012308214
0.013110879
0.01080205
0.010968559
0.0097881183
0.0073238725
0.0086801349
0.0074748357
0.0069146692
0.004953969
0.0071054202
0.0069698135
0.0089633652
0.0097399095
0.0086831034
0.0083247287
0.00645363
0.0049870388
0.0041211197
0.0031900821
0.0045331687
0.0071764024
0.0083576366
0.006916078
0.0044670235
0.0041762756
0.0016208663
0.0039957541
0.0059090143
0.0075529339
0.0076134836
0.0049628289
0.0058924799
0.00042537204
-0.0037280345
-0.009314536
-0.017137802
-0.022301533
-0.024810979
-0.034229546
-0.048833709
-0.057628139
-0.062893438
-0.067807082
-0.069155966
-0.065887119
-0.062014355
-0.065965318
-0.068367269
-0.069430339
-0.072928898
-0.073766105
-0.064294407
-0.051964781
-0.042080287
-0.03615603
-0.03415607
-0.03680974
-0.034166994
-0.025534857
-0.020518997
-0.012032761
-0.011577323
-0.009588477
-0.0076804495
-0.0025549583
0.00074692448
0.0057832494
0.0070269552
0.0091484893
0.0086092122
0.0073961775
0.0091621591
0.00928862
0.010233035
0.0099484533
0.010614488
0.01183474
0.0070616516
0.0057470578
0.0041391888
0.00031563713
-0.0019905001
-0.0036861616
-0.0074654206
-0.007145273
-0.0065283624
-0.010626583
-0.011279155
-0.011290059
-0.012056786
-0.012011924
-0.011505366
-0.010676875
-0.0094660497
-0.010798894
-0.012878234
-0.013526667
-0.012621356
-0.014271194
-0.014347938
-0.012747445
-0.0070517733
-0.0041504339
0.003025409
0.0068282485
0.0088594476
0.011514184
0.011945116
0.010621557
0.009397081
0.0085175916
0.007235419
0.0074781756
0.0083513441
0.0053314186
0.0056458892
-0.00060180063
-0.0087834649
-0.0067692072
2.8005151e-06
0.0068745521
0.0022436696
0.0044828659
0.001959912
0.00069764504
-0.0023817371
-0.0046031497
-0.0048489429
-0.0039005353
-0.0020017696
-0.0028690679
-0.0025007899
-0.00084338078
-0.0013016695
-0.0024324605
-0.0009570027
-0.00058371163
-0.00098881362
-0.00017771917
0.0055294582
0.0079798983
0.0091983532
0.011025321
0.011255932
0.012145756
0.01510161
0.013739832
0.012425436
0.0095444957
0.0073007588
0.010227484
0.0093151736
0.0059317026
0.00490149
0.0057248897
0.0073658629
0.0063755615
0.0072308788
0.008905694
0.00899612
0.0069617152
0.0064974939
0.0043273109
0.0066094492
0.0057211942
0.0078598815
0.010945193
0.0054893327
0.0040559959
0.0029183955
0.0027738868
0.0029778374
0.0040122242
0.0034448701
0.0018200983
-8.8573381e-06
-0.0031079941
-0.0081398793
-0.013747912
-0.017015665
-0.0191397
-0.022075965
-0.031405731
-0.045159678
-0.052052757
-0.054133678
-0.052545954
-0.053843798
-0.050146353
-0.046131064
-0.045526709
-0.047066279
-0.047313316
-0.050153346
-0.050948095
-0.045316768
-0.033362714
-0.026704732
-0.020197662
-0.018931537
-0.020805578
-0.017015138
-0.0091302052
-0.0040679315
0.00063942666
0.0018714297
0.005112232
0.0085660843
0.012363438
0.013366502
0.014080444
0.014718092
0.013831815
0.012225998
0.011474693
0.0090793456
0.0101291
0.010195479
0.01251695
0.010806148
0.010110871
0.0039152797
0.0015767713
0.00044138357
-0.00025019812
-0.0019653891
-0.0031794131
-0.0054914804
-0.0081896768
-0.0080869559
-0.0086805441
-0.011007854
-0.012655158
-0.014426918
-0.015098527
-0.013865912
-0.011282381
-0.01157871
-0.010765427
-0.011098034
-0.012900562
-0.012706037
-0.011955399
-0.013099393
-0.0096554533
-0.003567372
0.0011080045
0.0078208631
0.010258992
0.017547097
0.019169734
0.021364802
0.017482194
0.01517971
0.013893437
0.013101512
0.009709787
0.00799569
0.0072228228
0.001854293
-0.0098941696
-0.0064461601
0.00062825307
0.00838572
0.010036552
0.0068503044
0.0030560485
0.0017318309
-0.001467021
-0.0025166486
-0.0033016949
-0.0034160956
-0.0021105695
-0.0016026175
-0.0023500046
-0.0024121086
-0.0016216286
-0.0027310387
-0.0024779527
-0.0016248919
-0.0016206836
-0.0010222653
-0.00068776764
0.0030437492
0.0064720765
0.010456769
0.012747806
0.012262656
0.013518103
0.015492145
0.017700746
0.017087692
0.015173027
0.0136842
0.013387991
0.01119074
0.0091150207
0.0086950288
0.0066919671
0.007514589
0.0060378594
0.008485073
0.0072870819
0.0086361149
0.0082102361
0.0072476933
0.0063501212
0.0075828063
0.0068418682
0.0083855065
0.010059502
0.0066879806
0.0064527551
0.0033796222
0.0028149867
0.0029960605
0.0030097962
0.002432433
0.0014441214
0.00017861455
-0.0026551565
-0.0061662624
-0.0097681871
-0.012517508
-0.012957779
-0.016761172
-0.021613165
-0.030829851
-0.034476522
-0.03921238
-0.037764433
-0.037992706
-0.033637535
-0.027180802
-0.024422259
-0.027903693
-0.027427531
-0.027449128
-0.027538008
-0.021703039
-0.01765515
-0.012905424
-0.0053284755
-0.0028177829
-0.0051641525
-0.0028718226
0.0024690907
0.0063259084
0.009992152
0.011888009
0.01448871
0.016193854
0.016708359
0.017314233
0.015961787
0.01341454
0.011870243
0.0098350878
0.0083683664
0.0078444316
0.0077469003
0.0096427826
0.0092186583
0.008841492
0.0058346419
0.0031247878
0.0011760581
-0.0005297374
-0.00079930253
-0.0027143819
-0.0052255276
-0.0068580341
-0.007761657
-0.0085755128
-0.0095098548
-0.0085592087
-0.011223418
-0.013045819
-0.014858861
-0.015076092
-0.014666876
-0.014732593
-0.011687141
-0.0094291052
-0.0087814404
-0.010096336
-0.010679796
-0.01077104
-0.0078331793
-0.0035380493
0.0031116395
0.0088523927
0.01416945
0.017809361
0.020810386
0.019185814
0.017297479
0.016199593
0.013827228
0.010743173
0.0088828948
0.0047162403
0.00051932746
-0.0019200752
-0.0048416535
0.00035616835
0.0051333026
0.011116971
0.011493682
0.0090076928
0.0039264825
0.0018767846
0.00018440883
-0.0025162922
-0.0013204811
-0.0011025302
-0.00086677183
0.0011157816
0.00019344626
-0.0011143681
-0.00020929235
-0.00073686989
-0.0024420141
-0.0015940935
-0.0026781291
-0.0018514999
-0.00070271648
0.00087071376
0.0042531492
0.0091357085
0.010856999
0.010889219
0.013786311
0.016500174
0.020092636
0.019475667
0.017878673
0.016843665
0.015103287
0.012359962
0.011118096
0.0095901687
0.0090225802
0.0074620543
0.0068207901
0.0068472019
0.0071017704
0.0075143622
0.0078996666
0.0073060889
0.0062312263
0.0066695942
0.0072266523
0.0066880064
0.0074092574
0.0086492799
0.0072517722
0.0059328786
0.0036310007
0.002619747
0.0022026644
0.001086284
0.00037830325
-0.00057994289
-0.0023659553
-0.0048615703
-0.0066462518
-0.0072878804
-0.0081778101
-0.011651018
-0.013948133
-0.017563613
-0.021561814
-0.023081645
-0.021940239
-0.022785847
-0.016611707
-0.012900779
-0.013242346
-0.014567483
-0.014246398
-0.013626458
-0.011344095
-0.0088421777
-0.0061365225
-0.0019202978
0.0030117952
0.0058644445
0.0039865581
0.0033659998
0.0048021802
0.0092634704
0.012829878
0.015371582
0.016760667
0.016081404
0.015150217
0.014518784
0.012437259
0.0098339457
0.0073708168
0.0059748538
0.0038308667
0.0024242538
0.0021908812
0.0024604543
0.0038863801
0.0044728925
0.0032419782
0.0022515569
-8.2028953e-05
-0.0020733106
-0.0028146224
-0.0052058723
-0.0065440277
-0.0070950599
-0.0096867916
-0.010481713
-0.011011107
-0.0097198417
-0.010142291
-0.012062845
-0.012132603
-0.012284711
-0.012355965
-0.011285109
-0.0095236894
-0.0088360916
-0.0096450716
-0.01105526
-0.010669812
-0.0075014043
-0.0054783736
-0.0049832878
0.00045555392
0.0073261698
0.010070108
0.012889142
0.01449718
0.014348294
0.013078935
0.011012743
0.0091824909
0.0054358749
0.0025666137
0.0010571227
-0.0025925553
-0.0032525708
-0.00069708462
0.0033529294
0.0079408397
0.0095725011
0.0097724676
0.0071293456
0.0046215616
0.0032996703
0.0010491746
-0.00023889035
-0.0014229912
-0.0012473115
-0.00076450167
-0.0003270212
-0.00095857033
-0.0026184604
-0.0020296399
-0.0014100347
-0.0029744022
-0.0030625185
-0.0036224712
-0.0019985086
-0.0012457083
-0.00096755991
0.00048322081
0.0031185597
0.0057263484
0.0054163023
0.007682529
0.012394655
0.014464135
0.016836195
0.017193758
0.016643198
0.010993336
0.01207841
0.010056765
0.0086324898
0.0080759074
0.0078929265
0.0068150123
0.0069815535
0.0071210908
0.0070757496
0.0067988835
0.0061665225
0.0075970537
0.008481515
0.008639821
0.00795913
0.010824251
0.011549697
0.0099953349
0.0089185346
0.0074483103
0.006390978
0.0045702854
0.0033485868
0.0029367817
0.0018777098
-8.0997855e-05
-0.0011776519
-0.0022662126
-0.0032915366
-0.0036558328
-0.0052001518
-0.0064670365
-0.0077722904
-0.010634361
-0.011716499
-0.012773381
-0.011143524
-0.0067270179
-0.0036916746
-0.0042749249
-0.0031895343
-0.0050383265
-0.0062496093
-0.003894785
-0.0015867313
-0.00017770694
0.0020773657
0.0047704007
0.0076580871
0.0057279806
0.0036183369
0.0035112581
0.0065777899
0.011315996
0.010705102
0.01282277
0.012826342
0.012745796
0.011260937
0.0089232859
0.0072350864
0.0048694207
0.0035599216
0.0016468202
-0.0011434904
-0.00099412303
0.00051324364
0.0023073082
0.002596734
0.0016232855
0.00063423727
0.00054650923
-0.0031957319
-0.0045755486
-0.0063845915
-0.0088930583
-0.010000046
-0.010420167
-0.010221332
-0.01065877
-0.0093831859
-0.0080158438
-0.0077382774
-0.0073794443
-0.0071887944
-0.0071439504
-0.0061767233
-0.0058787431
-0.0060153614
-0.0076205528
-0.0084241337
-0.008701846
-0.0065896373
-0.0048429634
-0.0050608151
-0.0028766195
0.0028880686
0.0077904615
0.0096909439
0.010023497
0.0096185357
0.0082192585
0.0077346478
0.0086518483
0.0050705829
0.0050775131
0.0032304672
0.0016731638
0.0015730783
0.0012345428
0.0039346677
0.0069542413
0.0054167656
0.0059364675
0.0054363584
0.0051187774
0.0049162584
0.0017730375
0.00093442254
-0.0001289848
-0.00021907042
-0.00017038817
-0.00072458651
-0.0016855737
-0.00069250973
-0.0014454571
-0.0031096668
-0.0037646995
-0.004405775
-0.0040874118
-0.0040739575
-0.0018192825
1.6447916e-05
0.00057151632
0.0029905826
0.0041875577
0.0050449522
0.0054734463
0.0068551174
0.0087671334
0.01037214
0.011211406
0.011679384
