0.004222559
0.0035385136
0.0029988
0.002288156
0.0013596363
-5.3711509e-05
0.0028014241
0.011762056
0.016755424
0.016123834
0.015521213
0.014315911
0.011526482
0.0063161096
0.0056028851
0.0023077669
0.0021048826
0.0029145654
0.0028070541
0.0051592807
0.0096813785
0.012367862
0.011449271
0.01150468
0.0099394157
0.0063537106
0.0040325816
0.0011527027
-0.00065645889
-0.001014693
-2.3531661e-05
3.505275e-05
0.00012151142
-0.002094395
-0.0046605641
-0.0057858935
-0.0063248581
-0.0083132054
-0.010659214
-0.013284142
-0.013939244
-0.014686953
-0.015907444
-0.01744424
-0.018445824
-0.018391322
-0.016070828
-0.014528548
-0.015008446
-0.017267413
-0.018782792
-0.019226179
-0.024313599
-0.027704889
-0.02669523
-0.024275116
-0.020934566
-0.017101435
-0.013222921
-0.012834418
-0.014985797
-0.017612792
-0.017493775
-0.018991486
-0.015980075
-0.01370279
-0.013888748
-0.013403389
-0.014623517
-0.015411804
-0.014894207
-0.013170613
-0.013316484
-0.010315535
-0.0076737426
-0.0061632641
-0.003501574
-0.0017145519
-1.8298605e-05
-0.00069354875
-0.0012475908
-0.00049687117
0.0035519535
0.0087604958
0.014171016
0.016326669
0.017112022
0.014950867
0.010090914
0.0095681557
0.010087486
0.012466344
0.015097221
0.018142415
0.016134214
0.013219391
0.0091797369
0.0058285319
0.0027417206
0.0021627564
0.00086176149
0.0012309555
0.0010786404
0.0014061673
0.0019598536
0.0025592977
0.0019356066
0.0018893772
0.0015509591
0.0010622585
0.0011875517
0.00011221166
-0.00034077301
0.00047893214
2.5479616e-05
-6.615997e-05
0.0013072513
0.0061134048
0.0068670625
0.011440496
0.013110805
0.012968198
0.01368635
0.015658714
0.016831717
0.013971089
0.014669005
0.017226466
0.016685121
0.014519857
0.012929031
0.012821291
0.011896167
0.0087568308
0.0073166639
0.0065572015
0.0058731272
0.0056129822
0.0050868148
0.0047138809
0.0052151861
0.0047548241
0.0044542763
0.0043382245
0.0044699744
0.0046052675
0.0035155354
0.0029652621
0.0013434017
0.001507958
0.0071738052
0.014118251
0.017149215
0.016021378
0.013517491
0.010645746
0.0077045601
0.0074723182
0.0025144896
0.0010238545
0.00023617138
-0.0018287509
-0.00029245476
0.0048693012
0.01009821
0.011236437
0.0087071704
0.0096400321
0.010967251
0.007199576
0.0021020084
-0.0023270174
-0.0019114472
-0.001610728
-0.0014280355
-0.0030524379
-0.0046415757
-0.0088182364
-0.011786659
-0.012898925
-0.013672452
-0.015470181
-0.018908863
-0.021861436
-0.02356264
-0.026044669
-0.027949061
-0.030173455
-0.031802742
-0.031416165
-0.028788661
-0.029634628
-0.027800714
-0.026940234
-0.027964509
-0.030961927
-0.034336339
-0.033655702
-0.030715999
-0.02769413
-0.023359124
-0.018217289
-0.014817688
-0.015377801
-0.014747851
-0.014148703
-0.013616497
-0.012706651
-0.0093358254
-0.0089618869
-0.0069131856
-0.0052494316
-0.0056705797
-0.0058400959
-0.0059669086
-0.0031123297
-0.0023401046
-0.0017390119
0.00088702575
0.0042072423
0.0052365322
0.0067488481
0.0088923039
0.0099968836
0.0091019751
0.01098158
0.014669453
0.016130465
0.019023197
0.019923896
0.016521367
0.014948619
0.01371787
0.013112065
0.014723196
0.015870846
0.016462575
0.016568373
0.013710306
0.0090533055
0.0061827607
0.0030125965
0.00045533423
0.00054008365
0.00066136963
0.0010453383
0.0022436305
0.0024697712
0.0025613984
0.0026926922
0.0021110428
0.001698173
0.00048827506
-0.000484747
-0.00069313195
-0.0015169036
-0.0019720713
-0.0015556162
-3.8713173e-05
-1.7453115e-05
0.0015377214
0.0070400373
0.012657107
0.016497856
0.016558957
0.01932589
0.020609178
0.020589401
0.021181649
0.020930327
0.018751369
0.019217187
0.017871122
0.0149906
0.011976772
0.010951825
0.0097917834
0.0069977342
0.0059737673
0.0059516967
0.006251171
0.0058681509
0.0059232302
0.0059069832
0.0055691106
0.0055035148
0.0046958466
0.0047030293
0.0054958251
0.0048788674
0.0045553326
0.0040270764
0.002072505
0.00042989365
0.0073548382
0.01195239
0.012602586
0.016086503
0.014532141
0.0090103786
0.0060975198
0.00448832
0.0051283234
0.0035192552
-0.00061115377
-0.0051745546
-0.0050989896
0.0005890745
0.0083141874
0.0090080776
0.00780306
0.0094335877
0.0091789917
0.0051155194
0.00027371369
-0.0023518329
-0.0010745318
0.00034498222
-0.00081465463
-0.004331087
-0.0097196828
-0.0158229
-0.021370059
-0.023044759
-0.023190002
-0.027076448
-0.030280091
-0.034256234
-0.036911665
-0.041356443
-0.044303131
-0.047152874
-0.047335142
-0.047876137
-0.047904592
-0.04990621
-0.050471277
-0.042982043
-0.0419669
-0.043275456
-0.039862874
-0.039519686
-0.039044006
-0.034302876
-0.024460721
-0.016636864
-0.018778955
-0.017530002
-0.014836091
-0.012247862
-0.0083287801
-0.0081816815
-0.0053369434
-0.0032092352
-0.00043918021
0.0021705476
0.0054640754
0.0068387442
0.0059625972
0.0077498292
0.0096515595
0.012062745
0.014740344
0.0156651
0.015050296
0.016681159
0.01887391
0.020125285
0.02036949
0.022685209
0.023926114
0.022876387
0.020529137
0.019126661
0.018798398
0.018139818
0.015327143
0.012487183
0.013012619
0.012195017
0.011070324
0.0096285299
0.0066776313
0.0038442399
0.0012083243
-0.000103077
-0.00043745954
-0.00062470268
0.00065322249
0.0016450552
0.0028446312
0.002546662
0.0030764598
0.0028026468
0.0028941279
0.0016652663
0.0013229417
-0.00062796093
-0.0011327128
-0.0026136864
-0.0013516996
-0.004428076
-0.0043262234
0.0024884791
0.0086203755
0.01513287
0.01533655
0.016208994
0.014589034
0.01963343
0.02066306
0.021331398
0.018662362
0.020232961
0.019441274
0.016537309
0.013959969
0.010874713
0.008139633
0.0063871276
0.0047942174
0.0052795849
0.0056313118
0.0054927254
0.0053278984
0.0062585244
0.0064941644
0.0061910608
0.0060273033
0.005914999
0.0054931033
0.005503609
0.0052422642
0.0051525112
0.0062640317
0.005646543
0.0044965623
0.0045098347
0.010684672
0.015849515
0.012974289
0.014768154
0.013504392
0.010121332
0.0093497415
0.0054473027
0.0018777175
-0.00046652473
-0.0029378812
-0.0059217025
-0.0044389079
0.00025784236
0.0052467508
0.00612027
0.0074547737
0.010035626
0.0091508725
0.0066780527
0.0028250871
0.0026678395
0.0011013546
0.0033558234
0.0016772009
-0.0021979173
-0.010436967
-0.019580907
-0.024042579
-0.028616034
-0.031906731
-0.035962554
-0.040488495
-0.0464342
-0.052255995
-0.055765812
-0.058394582
-0.063579133
-0.065283852
-0.069123755
-0.072376696
-0.073993657
-0.072432884
-0.066000382
-0.060319896
-0.053475257
-0.047133906
-0.045474401
-0.046784509
-0.042980711
-0.03031625
-0.024409437
-0.027462853
-0.021577431
-0.016315748
-0.012584211
-0.0080248618
-0.0039865397
-0.002271968
-0.00042044288
0.0028719662
0.009454548
0.013974843
0.01818246
0.020373898
0.02207968
0.023728676
0.027071354
0.030149153
0.027883291
0.02782589
0.030444663
0.032987593
0.033577705
0.030462083
0.030078694
0.028489757
0.024841886
0.022450926
0.020901524
0.019562978
0.016126611
0.013495633
0.0091137664
0.0080512679
0.0063935085
0.0051444556
0.0042124546
0.0025287572
0.00077856917
0.00025443627
-0.00016262859
-4.9065754e-05
-0.00023877776
0.00082631309
0.0017119832
0.0029132186
0.0040014037
0.0048664755
0.0043259609
0.0044647768
0.0036317959
0.0033220877
0.0018673895
0.0016646948
0.00066623849
0.0023247999
0.0003132372
0.0042984744
0.0076306662
0.010106926
0.011655028
0.012517145
0.012538932
0.012519817
0.016680084
0.016133869
0.016159459
0.015196615
0.014755187
0.01485361
0.011789168
0.0072893144
0.004874261
0.0022156779
0.001515386
0.0011521414
0.0030190081
0.0041266214
0.0053415219
0.0062775513
0.0066364854
0.0055796118
0.0061282631
0.0065697628
0.0064685307
0.0063381469
0.0055761103
0.0063499901
0.0070001521
0.0081445424
0.0090748965
0.0088396254
0.012254362
0.019265254
0.02008512
0.017241381
0.01467092
0.013591225
0.011323194
0.01012485
0.0067059089
-0.0022093378
-0.0048150442
-0.0045218426
-0.0050679926
-0.0019240602
0.0029179916
0.0067161121
0.0082751108
0.0070357606
0.0095310863
0.0078495686
0.0088431615
0.0090842064
0.0072648271
0.004620256
0.0022745609
-0.0006017713
-0.0057830929
-0.010431112
-0.020150617
-0.030243737
-0.035048889
-0.039488289
-0.045595443
-0.052351269
-0.057351361
-0.064126372
-0.065086516
-0.066734105
-0.073065011
-0.079139446
-0.083988025
-0.084642784
-0.081795939
-0.080060168
-0.078691871
-0.073350454
-0.071527163
-0.062933966
-0.058875428
-0.053884269
-0.044834381
-0.037135033
-0.034019888
-0.029806057
-0.026044772
-0.023583589
-0.020782997
-0.012017316
-0.0073902467
-0.00093102553
0.0031653389
0.0077535831
0.014266429
0.022306977
0.026749813
0.029134787
0.035134307
0.038158662
0.036690558
0.039569373
0.039378504
0.040153404
0.040441288
0.040342289
0.039380954
0.031674704
0.028030982
0.023918113
0.021114194
0.017494133
0.017686173
0.01609194
0.011649442
0.0089476468
0.0061127474
0.0048013058
0.0026401792
0.0017220952
0.00024603168
-0.0010177571
-0.0009468176
-0.0011245912
-0.00092095378
-0.00050224219
0.00092976772
0.0019972839
0.0034830413
0.0038288354
0.0046596716
0.005076795
0.0053302968
0.0053436371
0.0056083572
0.0053600336
0.0053236235
0.0049130968
0.0046018627
0.0045057865
0.0033844906
0.0073833458
0.0079960032
0.0085981504
0.010121528
0.010514148
0.010837959
0.010143226
0.010793386
0.011508674
0.013756235
0.01261339
0.01207475
0.012117128
0.010661533
0.0068735174
0.0032951683
0.00033753116
-0.00051567982
0.0012565455
0.0034520833
0.0049600846
0.0064079599
0.0062691628
0.0063009333
0.0062320396
0.0071941211
0.0070822972
0.0076027123
0.006322215
0.0069825265
0.0085153062
0.0095473109
0.010407147
0.014392579
0.015249342
0.01993182
0.02195283
0.020766389
0.014333446
0.015003959
0.012967925
0.016060815
0.010329387
0.0026996634
-0.005646028
-0.0074260158
-0.0032569194
0.0013583734
0.007169207
0.010425272
0.014787163
0.013091919
0.014074349
0.010840274
0.0098331461
0.0087587242
0.0061329024
0.0034234098
0.0021800526
-0.0036073769
-0.0074676388
-0.012414858
-0.014704909
-0.020946856
-0.03018108
-0.038223674
-0.044553386
-0.051150417
-0.060909256
-0.069871216
-0.074358963
-0.075692675
-0.071158754
-0.066005899
-0.066759103
-0.074210901
-0.081308794
-0.077520723
-0.07336638
-0.067969564
-0.066198049
-0.061315673
-0.054464811
-0.049121722
-0.037050308
-0.03238305
-0.028936315
-0.035845759
-0.038354379
-0.032976992
-0.027461518
-0.021219422
-0.0090275944
-0.005195979
-0.001082374
0.0074647415
0.013530976
0.021107886
0.026449814
0.031569731
0.035574042
0.040682744
0.043954267
0.045300364
0.043729688
0.042921521
0.043794518
0.043241188
0.039952858
0.037970057
0.032499795
0.026673868
0.022052151
0.018290337
0.015666657
0.012076834
0.010038502
0.0069721894
0.0055122942
0.0037673218
0.0033150571
0.002728807
0.0015989566
0.00050271339
-0.00051460309
-0.00031662836
-0.00040270833
0.00015478185
0.0011025875
0.0022080273
0.0028623321
0.0032548804
0.0035610105
0.003993852
0.004724127
0.0053841548
0.0058674803
0.0066307277
0.0071719993
0.0079006834
0.0081874319
0.007686949
0.0092367369
0.0092743771
0.0060906981
0.0057705909
0.0059289406
0.0070038514
0.0085324141
0.0097262853
0.012787809
0.012757847
0.013853366
0.01178293
0.013254131
0.016188727
0.01578665
0.014095997
0.010876621
0.0044376571
0.00060057491
0.00076772021
0.0033758541
0.0055154606
0.006209178
0.006789517
0.0068526658
0.0078069589
0.00772058
0.0082928573
0.008095466
0.0090032159
0.0086027497
0.0091358467
0.011909729
0.012774629
0.014744353
0.016104624
0.016662072
0.019462553
0.020170606
0.01628643
0.01403349
0.013602824
0.012475227
0.014207079
0.0087817699
0.0025714538
-0.008826703
-0.011793064
-0.0058966032
0.0017260678
0.0083426502
0.012454826
0.015772064
0.014581757
0.0109768
0.0089672838
0.0086304284
0.0071893281
0.0036110855
-0.00018613945
-0.0052358088
-0.005745573
-0.011443842
-0.016098656
-0.021698026
-0.025691605
-0.033483238
-0.044028736
-0.052250728
-0.061817076
-0.073498605
-0.078211464
-0.080142129
-0.072969475
-0.067067316
-0.067152254
-0.069478039
-0.070437944
-0.067389246
-0.060392594
-0.051957211
-0.059128137
-0.056842139
-0.049504333
-0.043938078
-0.03364879
-0.026513597
-0.026687644
-0.024708755
-0.031008204
-0.03082802
-0.022819913
-0.017330889
-0.012192485
-0.01066709
-0.0019843501
0.007279603
0.014097789
0.020657167
0.024697173
0.030125336
0.034441666
0.038803959
0.040768885
0.043563458
0.045835128
0.044440964
0.040960239
0.040846378
0.0384263
0.035912143
0.032324165
0.027577886
0.024567454
0.019897097
0.016301234
0.014044665
0.010691406
0.0089672154
0.0060568252
0.0048886559
0.0039220759
0.0041147828
0.0042401373
0.0029081025
0.0020929519
0.0024319509
0.0023614939
0.002671948
0.0028869295
0.0034109288
0.004001451
0.0045333657
0.004482016
0.0050286161
0.0052407134
0.0058082794
0.0061451405
0.0069938557
0.0073190924
0.0089763468
0.010765003
0.012078474
0.012706715
0.014540908
0.0097447602
0.0036641868
0.0045875759
0.0070000702
0.0092652199
0.0096443718
0.011991262
0.015340295
0.020893189
0.02079688
0.018627999
0.016442463
0.013520659
0.014421469
0.01478289
0.010795056
0.0038732281
0.0014087751
0.0019878184
0.0025497183
0.0045737332
0.0073662469
0.0079694883
0.0081790797
0.0085935206
0.0084002444
0.0093570166
0.0088061727
0.0094347711
0.01096526
0.01023105
0.014643431
0.016742428
0.016964757
0.016130786
0.015117853
0.017382159
0.015472644
0.013967024
0.016574663
0.017063074
0.016579722
0.017852541
0.013427368
0.0055780616
-0.0078558587
-0.010300318
-0.0034679444
0.0017574873
0.0071521016
0.011445299
0.01507737
0.015752036
0.015489446
0.014795081
0.012923678
0.014131316
0.012673957
0.0093318112
0.0064055988
0.0034993056
-0.0037847496
-0.010344201
-0.016985422
-0.027076682
-0.034970382
-0.043639247
-0.055210445
-0.066124292
-0.071080623
-0.070584161
-0.063922732
-0.05871955
-0.055508258
-0.054076627
-0.051282805
-0.054295709
-0.050928532
-0.048259757
-0.049521443
-0.047419471
-0.041255358
-0.037388564
-0.033550298
-0.027718783
-0.026776259
-0.032739716
-0.033347029
-0.032887941
-0.026541061
-0.02089207
-0.010655365
-0.0056136388
0.00032960396
0.007666001
0.014913658
0.019189442
0.024071761
0.028099514
0.028689758
0.031947557
0.035402543
0.037137839
0.040297358
0.040375609
0.03689981
0.034288927
0.031799383
0.029911555
0.027607994
0.024966165
0.022528816
0.019079097
0.01654159
0.014301731
0.012750208
0.011430781
0.0093079978
0.008754568
0.0079758007
0.0065796686
0.0059137684
0.0055153162
0.0053590873
0.0051520059
0.0052941197
0.0059737138
0.0064633794
0.0063948864
0.0064521984
0.00702211
0.0077907565
0.0075772325
0.007474077
0.0078430868
0.0080046281
0.0082944269
0.009360061
0.01025292
0.010892432
0.011910859
0.012109391
0.015540147
0.016917581
0.0061267891
0.0042383619
0.0070942539
0.0092669516
0.013738016
0.011500045
0.015360101
0.019935909
0.02332022
0.022495292
0.020624852
0.017816108
0.017553274
0.016527355
0.014678516
0.0078784798
0.0042794918
0.0035303672
0.0038493714
0.0057770779
0.0059321736
0.0072412689
0.0092326476
0.0092353092
0.010473644
0.0097138086
0.010644384
0.010823269
0.012610288
0.013438648
0.014353176
0.016259895
0.017724398
0.017580779
0.013787042
0.01425735
0.014487431
0.014888827
0.016067347
0.016932987
0.018982117
0.019210931
0.018426868
0.013660742
0.0064072247
-0.0028788913
-0.0047173174
0.0019030701
0.0037531308
0.005125302
0.0082136436
0.012920386
0.016744098
0.019572865
0.021500311
0.021327624
0.02109626
0.020806934
0.018660889
0.017979616
0.011309292
0.0067035677
-0.0010745669
-0.0093645415
-0.019095806
-0.029763318
-0.041105413
-0.051516721
-0.059615217
-0.060227627
-0.059432646
-0.055540905
-0.058280794
-0.058175943
-0.054798894
-0.051118708
-0.053733847
-0.053376598
-0.048182997
-0.048004981
-0.046695776
-0.046450531
-0.040624452
-0.042285442
-0.039465899
-0.039299172
-0.034475008
-0.031935605
-0.028781873
-0.022877243
-0.016378829
-0.0092759229
-0.0025819409
0.0016182845
0.0066769627
0.01122752
0.017395137
0.021171174
0.022245259
0.022695193
0.025148481
0.02631899
0.029032895
0.029848752
0.030322331
0.0280051
0.026534596
0.023205197
0.020875152
0.019461111
0.016347336
0.016116813
0.014035049
0.0135232
0.012159657
0.011172065
0.010181079
0.0080984998
0.0073582425
0.0075437803
0.0069654458
0.0059625257
0.0063762365
0.006049293
0.0052385123
0.0059016311
0.0071067702
0.0073319136
0.0075717616
0.0080826963
0.0085779056
0.008789159
0.0083081102
0.0080670163
0.0078947975
0.0083285445
0.0086920286
0.009606091
0.0094976095
0.0093656561
0.0095011722
0.0089786838
0.013204285
0.01563293
0.0079923294
0.0040806777
0.0057745166
0.01100679
0.01546112
0.014762555
0.015031373
0.01613355
0.016245669
0.016215862
0.016502111
0.014590608
0.012411309
0.0096881625
0.0058500251
0.0033920487
0.0032959777
0.0047312168
0.0062906455
0.0083385997
0.0076426535
0.0080810853
0.0099831284
0.011736639
0.012861136
0.012821318
0.012716159
0.013840665
0.014734775
0.016251928
0.016653731
0.01629305
0.017933701
0.018859798
0.014683266
0.016036154
0.016250318
0.017431119
0.019039717
0.018061201
0.019793985
0.023296937
0.020684813
0.015855625
0.0067598765
-0.00046279799
-0.0010836685
0.0025621856
0.0049322274
0.0055103886
0.0075654784
0.010996308
0.015063161
0.018419165
0.021496747
0.023145644
0.020843517
0.020126096
0.017439753
0.015296337
0.010479569
0.0057988077
-0.0014669657
-0.0064742056
-0.0141569
-0.025373766
-0.03609621
-0.047401445
-0.054218202
-0.055633655
-0.053519971
-0.057203015
-0.060633038
-0.058504104
-0.058837316
-0.053930626
-0.053714474
-0.05245673
-0.043894696
-0.046171783
-0.046207233
-0.042479922
-0.040807035
-0.042425898
-0.036749769
-0.034600351
-0.032004639
-0.030199322
-0.027741071
-0.022401409
-0.016383205
-0.011826932
-0.0049322195
-0.0032010219
0.0019680137
0.005028807
0.0072433987
0.0079122369
0.009610278
0.011015655
0.012065905
0.016333828
0.018675679
0.018972171
0.021804834
0.020735674
0.017752736
0.015561632
0.013386628
0.011665684
0.011401783
0.011640933
0.010819763
0.0099944682
0.0088477634
0.006793231
0.0067864035
0.0052248945
0.0050771504
0.0049894845
0.0053079033
0.0041983223
0.004367851
0.0041156849
0.0039262145
0.0042466088
0.0051648031
0.0041510846
0.0045131632
0.0058488158
0.0060932221
0.00654462
0.0058734
0.0050665704
0.0055433382
0.0066739566
0.0068990941
0.0069538007
0.0066772651
0.0054364838
0.0057921277
0.0067674389
0.0078369776
0.009264922
0.0075614518
0.0033886481
0.0016008796
0.0072201663
0.0097442391
0.012199334
0.011571488
0.0083299609
0.0071188493
0.0080378669
0.0084771752
0.0077663138
0.0053229164
0.0031614094
0.0017219727
0.0017286029
0.00090921271
0.0048292068
0.0073419942
0.0075535611
0.0073657499
0.0099491462
0.010934376
0.010746853
0.012600013
0.015575991
0.013139444
0.014958491
0.017832479
0.017746182
0.018073124
0.017857819
0.018685114
0.018289414
0.016911924
0.016709696
0.016259738
0.017667882
0.018555265
0.016803988
0.01856562
0.017966577
0.01866932
0.01547625
0.0083105774
0.00090896474
-0.0043171153
-0.0031242047
-0.00069030623
-0.00016935193
0.0017820721
0.0033700888
0.0064834397
0.0099732955
0.01432038
0.015472923
0.015135721
0.012754075
0.010130223
0.0076246625
0.0038250859
-0.0011206544
-0.0053140209
-0.012620035
-0.020038336
-0.027900307
-0.039855055
-0.047678392
-0.052997886
-0.055017144
-0.056797184
-0.057108812
-0.060396186
-0.065025506
-0.06665066
-0.062592416
-0.056179251
-0.046480051
-0.045278742
-0.042806278
-0.042723409
-0.041920515
-0.039333563
-0.034101042
-0.03067461
-0.027176982
-0.025199002
-0.021011203
-0.02091568
-0.017909064
-0.014495214
-0.010025731
-0.0090845778
-0.007245747
-0.0046781494
-0.0024606375
-0.00099800202
0.00050616532
0.0033154616
0.0036893998
0.0051420942
0.0063630865
0.010329479
0.011107416
0.012600769
0.013868363
0.011575685
0.010483656
0.0072512722
0.0041443807
0.0052986732
0.0049377373
0.0045309447
0.0034701673
0.001825378
0.00041304847
0.00040465898
-0.00086523575
-0.00055843594
-0.0013111979
-0.0011921903
-0.0027384374
-0.0021682835
-0.0018300227
-0.0013618802
-0.00049184254
-0.00041047766
-0.00075289025
-0.0016482184
0.00025714732
0.0012283559
0.00049543592
0.0012263711
0.002728771
0.0023592938
0.0024456205
0.0037822868
0.0034840986
0.0042586069
0.0039199393
0.0048697301
0.0049161343
0.0032185472
-0.00035973537
0.0014107141
0.003816596
0.0015857153
0.0011766647
0.0017476782
0.0048185245
0.0060363811
0.0033801478
0.001798161
0.00073619183
0.0013019778
0.00056267791
-0.00054260196
-0.0015478268
-0.0023738369
-0.0016991226
-0.00037957122
0.0014505091
0.0024766273
0.0059417442
0.0085919991
0.0075354668
0.010051788
0.012587131
0.015627392
0.016667843
0.015613831
0.015160494
0.016404417
0.016318681
0.016922164
0.013676531
0.012441893
0.011496116
0.01338962
0.013309467
0.012321537
0.012102194
0.010621889
0.010987664
0.010593447
0.010354813
0.010045011
0.009045947
0.0075255427
0.0052148494
0.0012790024
-0.0012152533
-0.0020066863
-0.0021064034
-0.0010853179
-0.00048517911
0.0010754604
0.0027888068
0.0038929492
0.0059902005
0.0069314187
0.0052271354
0.0037967366
0.0017346034
-0.0023238309
-0.0090596795
-0.012831096
-0.019944707
-0.024534691
-0.031964226
-0.040751889
-0.046869009
-0.051647055
-0.054564947
-0.057039955
-0.05661229
-0.060743397
-0.062195385
-0.065992772
-0.063130267
-0.050943531
-0.045797147
-0.042007937
-0.037119573
-0.035993577
-0.035830584
-0.032888928
-0.025604139
-0.023469109
-0.021421325
-0.017478556
-0.014829792
-0.01182528
-0.0099097082
-0.0071022659
-0.0040202941
0.0002633279
0.00054631859
0.0014435481
0.0031586267
0.0037398945
0.005962586
0.0092029287
0.0093820768
0.01111079
0.012581823
0.01415551
0.013133086
0.010693668
0.010258273
0.0058335147
0.0024349993
-0.0013120846
-0.0033837407
-0.0033128603
-0.0053955621
-0.0070279121
-0.0095162179
-0.0092601876
-0.0089932751
-0.01087173
-0.014169211
-0.013669177
-0.013167793
-0.014026154
-0.013837713
-0.01315755
-0.011381551
-0.012617669
-0.011100206
-0.0089381447
-0.0057709045
-0.0040284649
-0.00021732251
0.00097028638
0.001442761
0.0022136448
0.0037301906
0.0024981922
0.0027517696
0.0037059588
0.0036441201
0.0044686786
0.0053645957
0.0046762956
0.0041077533
-0.0002758948
-0.00475207
-0.0026137592
0.0010343916
0.002669922
0.0013798667
0.0014228733
0.001728341
0.002584079
0.00058108611
-0.00046610248
-0.0012271481
-0.0010093574
-0.0028711618
-0.0029858445
-0.0027623577
-0.0034597683
-0.00095921059
0.00053049382
0.0015625771
0.0026850131
0.0052466852
0.0082860948
0.0098630002
0.011175004
0.012515954
0.015428864
0.016098722
0.015617648
0.015114204
0.013920218
0.012856324
0.012710687
0.012578962
0.010949433
0.010030413
0.0095265648
0.0094802087
0.011409491
0.011367156
0.0092211578
0.0085974201
0.007589748
0.0075653989
0.00683692
0.0063942391
0.0069079119
0.0084845425
0.0094223188
0.0053380166
0.00072986452
-0.0016043389
-0.002979686
-0.00055890676
0.0004898597
0.0018193401
0.0026510943
0.001396418
0.0026642493
0.00022454322
-0.00052098135
-0.002759164
-0.0066082062
-0.010259385
-0.014052395
-0.01899625
-0.026237897
-0.032218628
-0.036637156
-0.04172997
-0.044558788
-0.044972287
-0.044125049
-0.045432849
-0.047788283
-0.050115231
-0.052700101
-0.05196058
-0.043789821
-0.035418246
-0.030693272
-0.026749438
-0.027479384
-0.027266688
-0.022916797
-0.016065865
-0.011942008
-0.0081368706
-0.0089190136
-0.007473036
-0.0053425444
-0.0019635965
0.0026199799
0.006380177
0.0074105559
0.0097648779
0.0094541953
0.0096208112
0.011246117
0.012662913
0.01536471
0.015541352
0.016418071
0.016720574
0.013760081
0.011158745
0.010143767
0.0065349642
0.0023305737
-0.0016405863
-0.0057718769
-0.0070420951
-0.0075772512
-0.01086626
-0.012345844
-0.012643207
-0.013279012
-0.013389604
-0.015186257
-0.015747271
-0.014196437
-0.013978103
-0.01526893
-0.014623387
-0.013179084
-0.013937358
-0.013642926
-0.01254762
-0.0097618509
-0.008142145
-0.0029077715
0.00098498451
0.0056101321
0.0084216032
0.0082042572
0.0073195973
0.0051999137
0.0022862053
0.0019893318
0.0020043789
0.0029045546
0.0010649484
0.0014131654
-0.00096361179
-0.0047231416
-0.0043039216
-0.0015694198
0.0018539464
-0.0017563397
1.8509566e-05
-0.00052619675
-0.0005917326
-0.0024025515
-0.0044949877
-0.0044786486
-0.0034186478
-0.0022346546
-0.0025348956
-0.0026593233
-0.0020326969
-0.0026256738
-0.0032970765
-0.0023284572
-0.0019807187
0.00098295508
0.002579162
0.0050604961
0.0091979289
0.01271909
0.015376837
0.015566105
0.015584537
0.01849617
0.018476774
0.016747798
0.014885658
0.013531283
0.015843808
0.01462911
0.011201732
0.0095922026
0.0098373913
0.010857281
0.0095724316
0.0095636054
0.0096649585
0.0097090081
0.0077146435
0.007794727
0.0075069139
0.010183908
0.0091266336
0.012137116
0.011353291
0.005945931
0.0034299154
0.0026157402
0.001760451
0.0021141387
0.0027418148
0.0032931143
0.0028415753
0.0023015735
0.00097962745
-0.0009676711
-0.0032641877
-0.0047837261
-0.0064724016
-0.0091061764
-0.014547173
-0.021879361
-0.027461702
-0.029323172
-0.029479262
-0.031658066
-0.030010761
-0.031016824
-0.031621587
-0.033863634
-0.033045177
-0.034582318
-0.032609833
-0.028304736
-0.021830635
-0.018753171
-0.016861806
-0.016228546
-0.014551608
-0.011633249
-0.00756179
-0.0030006252
-0.00075674731
-0.0016565856
0.00015071184
0.0038921117
0.0072458775
0.0093384135
0.011285365
0.012213321
0.013690133
0.013137077
0.012338894
0.011941562
0.013891697
0.014837974
0.016634699
0.015584567
0.015270942
0.010625641
0.0083243292
0.0062465557
0.0044373968
0.0012953312
-0.00053703818
-0.0036059626
-0.00727705
-0.0085105528
-0.0098090321
-0.011675105
-0.0127047
-0.014171932
-0.016017329
-0.016478789
-0.016174821
-0.015483093
-0.013796857
-0.013372949
-0.013353382
-0.012967162
-0.011156987
-0.012082755
-0.010923412
-0.0075326912
-0.0047756999
-0.00033134889
0.00175095
0.0080656449
0.0098617684
0.011182495
0.0094090929
0.0062485549
0.0042113181
0.002882519
0.0015792522
0.0011006823
0.00041934017
-0.0010446916
-0.0041194621
-0.0028077824
-0.0013341016
0.00083615704
0.0014257644
0.00050498265
1.575974e-05
-0.00010977218
-0.0017445594
-0.002672179
-0.0045133394
-0.0047197485
-0.0039099644
-0.0033302129
-0.0035102853
-0.0043507946
-0.0047036481
-0.0055192848
-0.0059305127
-0.0054409627
-0.0050051883
-0.0034059648
-0.00087472764
0.0019019253
0.0055676474
0.010785449
0.01461546
0.01539339
0.016386793
0.018826324
0.020854668
0.021459513
0.01995823
0.01798846
0.018013388
0.015882165
0.013244512
0.011857726
0.0094016984
0.0088617163
0.0078028579
0.0092317134
0.0076211141
0.0087055556
0.0083225873
0.008534829
0.0084136484
0.010615342
0.009753401
0.012371883
0.011620633
0.0085471508
0.0075008834
0.0059620944
0.0059891962
0.0052856803
0.0054187962
0.0041536502
0.0038943137
0.0035445833
0.0036732128
0.0020885858
0.00075523048
-0.0014732522
-0.0018054871
-0.0034277482
-0.0061782326
-0.011781384
-0.015843165
-0.019053535
-0.019915958
-0.020173561
-0.019586937
-0.018902996
-0.017718359
-0.019950357
-0.019892011
-0.017785077
-0.015745634
-0.013004051
-0.011087592
-0.0090720535
-0.0057937131
-0.0042061957
-0.0048899197
-0.0034546829
-0.00091256764
0.0020521581
0.0052796811
0.0056239692
0.0073387128
0.0094329461
0.011311798
0.012762625
0.013034057
0.012201076
0.012821896
0.012751384
0.012322568
0.01249445
0.0122473
0.012712427
0.012474648
0.011589708
0.0093622511
0.0069233672
0.00497102
0.003650282
0.0028198005
0.00018553816
-0.0018053371
-0.0037409017
-0.0067141509
-0.0093837251
-0.010311484
-0.0098041733
-0.012399967
-0.013889819
-0.016852228
-0.018218394
-0.018444212
-0.017664441
-0.015671082
-0.014616501
-0.012405508
-0.011006089
-0.011020452
-0.011335232
-0.0091289346
-0.0068240202
-0.0038592631
-0.00080427283
0.0039085869
0.0072277158
0.0097035598
0.0084894235
0.0079940723
0.0074130929
0.0049892169
0.0022142981
0.0014129338
-4.5146076e-05
-0.0028461377
-0.002445884
-0.0023084874
-0.00065999078
8.5366975e-05
0.0028384613
0.0030744074
0.001964078
0.00073721789
0.00021118118
0.00033111784
-0.00109866
-0.0019998755
-0.0021518511
-0.0022446676
-0.0021168514
-0.0027275057
-0.0035999043
-0.0036631672
-0.0045086555
-0.0064158253
-0.0064947661
-0.0073824576
-0.0079178455
-0.0061498709
-0.0037606317
0.00032829899
0.005058088
0.0082169694
0.011155954
0.015095151
0.016880687
0.020460592
0.021134556
0.020555161
0.020344173
0.01815445
0.015968596
0.014664
0.013680865
0.012174899
0.010007792
0.0085614567
0.0087206221
0.009072556
0.0089576132
0.0092403168
0.0092268592
0.0086385425
0.0095600486
0.010256977
0.0098881194
0.011064973
0.011069212
0.00939249
0.0086337933
0.0073069131
0.0071362958
0.0070363501
0.0058615634
0.0048152751
0.0047432577
0.0050743241
0.0042257596
0.003722737
0.0026838238
0.0023711706
0.00080630861
-0.0003880481
-0.0033598348
-0.0068743013
-0.0095992412
-0.010457545
-0.011834776
-0.010273836
-0.0088640136
-0.0092514507
-0.010323724
-0.01125084
-0.0088534651
-0.0072325646
-0.006860324
-0.0045160107
-0.0032160174
-0.00041943704
0.0020703075
0.0010362963
0.00045162914
0.0017431815
0.0038530356
0.0057448614
0.00795157
0.010140151
0.010605161
0.010409119
0.011319782
0.011512356
0.010418867
0.0092421351
0.0088237072
0.00812846
0.0074747566
0.0074687188
0.0076700074
0.0072351885
0.0064683994
0.0049123158
0.0043338313
0.0025657094
0.00094903911
-0.00043662038
-0.0029016671
-0.0037702245
-0.0048728634
-0.0087008937
-0.010486916
-0.011011897
-0.010704456
-0.01143919
-0.01279858
-0.013468431
-0.014672216
-0.01573811
-0.014813798
-0.014256565
-0.013669339
-0.013338882
-0.012881737
-0.011437802
-0.010340104
-0.009903254
-0.010222033
-0.0074808711
-0.0028096201
-1.626594e-05
0.0025789863
0.0053764326
0.0057584628
0.0058138515
0.0059835026
0.0045218985
0.0010578832
-0.0012929855
-0.0012979768
-0.0031630198
-0.0030859091
-0.0013354946
0.0007896988
0.0026317797
0.0029332591
0.0039473057
0.0028258373
0.0018711097
0.0018178756
0.001252227
0.00087212028
0.00025646108
-0.00031135295
-0.00091109925
-0.001290222
-0.0020692514
-0.0032525483
-0.0043392296
-0.0046279792
-0.0058425383
-0.0065237929
-0.0068672067
-0.0072588951
-0.0073595549
-0.0074138522
-0.0059204318
-0.0025033024
0.0019004107
0.0038885798
0.0065956204
0.011607457
0.014260376
0.017195952
0.018576801
0.018706663
0.013463487
0.014103739
0.012554862
0.01164624
0.011051006
0.011366834
0.0099121222
0.0099391327
0.0095729356
0.0095256023
0.0096951177
0.0094673875
0.010769869
0.011223738
0.011816339
0.011185311
0.013805569
0.014000592
0.013001197
0.012268137
0.011306093
0.011207667
0.0099864952
0.0093425009
0.0085833063
0.007765253
0.0071057114
0.0067357676
0.0062977663
0.0055189299
0.0053089449
0.0047732866
0.0040576241
0.0022507463
0.00045680907
-0.002565019
-0.0039629353
-0.0047659887
-0.0033109686
-0.002083112
-0.002887121
-0.0023693939
-0.0025239742
-0.0044385353
-0.0042921897
-0.0035184352
-0.0022951444
-4.2633303e-05
0.0018102449
0.0047919093
0.0031279977
0.0014458344
0.0011149645
0.0026364619
0.0048649793
0.0050299084
0.0072650258
0.0083548063
0.0084097844
0.0083545897
0.0078939398
0.0078166008
0.0077103104
0.0072490749
0.0059166466
0.0047306299
0.0048299003
0.0054453389
0.0053728532
0.0044497868
0.0041384319
0.0033048996
0.0031003728
0.0013182561
-0.00039836279
-0.0025776389
-0.004581769
-0.0065405003
-0.008558634
-0.0099882057
-0.010996286
-0.0094874141
-0.0087425745
-0.0096270232
-0.0088807175
-0.0083344671
-0.0091660398
-0.0080510402
-0.009028236
-0.010201314
-0.010417182
-0.0092481641
-0.0098956611
-0.0089644184
-0.0094558216
-0.00934612
-0.0085107491
-0.004453295
-0.0017364101
0.00031260305
0.0016044519
0.0038026439
0.005446563
0.0042537877
0.0045439233
0.00155584
0.0012689784
0.0004255709
-0.00046450828
-0.0001006439
0.00043831271
0.0013278288
0.0034662501
0.0027213679
0.0027218614
0.002298961
0.0018230931
0.0021796999
0.0011098938
0.001060526
0.0011892739
0.00060088897
-0.00023389717
-0.00079374422
-0.0011022743
-0.0012978824
-0.0031111432
-0.0044844019
-0.005011857
-0.0058464499
-0.0054077156
-0.00576528
-0.0053504864
-0.005108742
-0.0053083259
-0.0033169533
-0.00042588681
0.0013752813
0.0030404536
0.0056018798
0.0073039422
0.0091285569
0.01136909
0.012992339
