0.0044070919
0.0037167248
0.0032603944
0.0025848813
0.0015610001
-0.00015684155
0.0026683074
0.012368803
0.017338839
0.016639726
0.015544526
0.014013553
0.01041445
0.0050368189
0.0046264309
0.0014161472
0.0016133572
0.0023707233
0.0026573257
0.0054638302
0.010086303
0.013184599
0.012429287
0.012409667
0.010420793
0.0061992016
0.0034820722
0.0007313865
-0.0010370928
-0.001207674
5.4598591e-05
0.00038039782
0.00060646302
-0.0019979547
-0.0047661686
-0.0059445716
-0.0067219864
-0.0086379239
-0.010572976
-0.013316368
-0.013662202
-0.014381415
-0.015413936
-0.016468434
-0.016742322
-0.016175544
-0.014065648
-0.012711234
-0.013694592
-0.016832833
-0.018568598
-0.018967179
-0.023876043
-0.026525278
-0.025338574
-0.022598083
-0.018872206
-0.015205273
-0.011955859
-0.012279064
-0.014410105
-0.016601758
-0.016315728
-0.017679532
-0.014587784
-0.012383943
-0.012822318
-0.012315804
-0.013778856
-0.014579908
-0.014221744
-0.012919119
-0.013016309
-0.0099385195
-0.0076260549
-0.0064450809
-0.0038064467
-0.002533798
-0.0018301133
-0.0029856761
-0.0033083345
-0.0020391349
0.0027619032
0.0083628356
0.013948944
0.016198883
0.017400243
0.015381514
0.010645882
0.010031955
0.010374635
0.012602926
0.015568547
0.018616659
0.016317686
0.01313621
0.0090092125
0.0058491684
0.0029398644
0.0023044101
0.0011019996
0.0015507877
0.0013530867
0.0016055957
0.0022728736
0.0027926325
0.0019657464
0.0017156688
0.0012927233
0.00083069935
0.0009604675
-3.0210017e-06
-0.00036588416
0.00026985593
-0.0003767212
-0.00048650361
0.0013460125
0.0065427207
0.0070929683
0.011871627
0.01318868
0.013563175
0.014896004
0.017160934
0.018287414
0.015496006
0.016003077
0.017792937
0.016790713
0.014191244
0.012820551
0.013082575
0.012111072
0.008986224
0.007621982
0.0065880767
0.0060256732
0.0057906952
0.0054133735
0.0050389892
0.0056765849
0.0052340064
0.0047666139
0.0045831664
0.0045580833
0.0046281896
0.0035332775
0.0029793987
0.0013159812
0.00092865614
0.0069915642
0.014867959
0.017821324
0.016095463
0.013066843
0.0097278646
0.0068046883
0.0060943522
0.001450443
0.00073576181
-5.5874617e-05
-0.0019789744
-4.7560392e-05
0.0054909114
0.010603323
0.011965651
0.0098037322
0.010841195
0.011077893
0.0067149253
0.0012686002
-0.0027354516
-0.0026576473
-0.002603674
-0.001820741
-0.0031453983
-0.004789434
-0.0092997048
-0.012155317
-0.013364797
-0.014357479
-0.016118978
-0.019313255
-0.02191896
-0.023068489
-0.025172858
-0.02697244
-0.028558065
-0.02952222
-0.028380127
-0.025654845
-0.02647037
-0.024937654
-0.024763198
-0.026259131
-0.02959887
-0.032410854
-0.031000397
-0.027745147
-0.02441314
-0.020149853
-0.015473786
-0.012736428
-0.013791739
-0.012861375
-0.012190926
-0.011804833
-0.010588069
-0.0074586337
-0.0073709943
-0.0055472473
-0.0044930331
-0.004952009
-0.0053633117
-0.0058792089
-0.003436536
-0.0030585072
-0.002288362
0.00030265918
0.0036643354
0.0043013046
0.004868795
0.006454918
0.0074020752
0.0067993605
0.0092471336
0.013378755
0.015211653
0.018517177
0.019582552
0.016609373
0.015249895
0.014144597
0.013223978
0.014539082
0.015701759
0.016631523
0.016853972
0.013526056
0.009014825
0.0063002942
0.0032696811
0.00084719082
0.0010382509
0.0012034388
0.0014429688
0.0025123262
0.0024865778
0.0026925867
0.0025877568
0.001912821
0.0013765105
0.00027808626
-0.00066546025
-0.00076543194
-0.0016384064
-0.0021020386
-0.0016463615
-3.9273923e-05
-1.2440467e-06
0.0018645039
0.0075549851
0.013095467
0.016752517
0.01713886
0.020123957
0.021697194
0.021812292
0.022463957
0.022245069
0.019470628
0.019513514
0.017682094
0.014716107
0.012148102
0.011453807
0.010045269
0.0073719462
0.0060185934
0.0058366541
0.0061850837
0.0059031146
0.0061240454
0.0060723349
0.0056682799
0.0056280847
0.0048901729
0.0048103869
0.005411134
0.0048239277
0.0044706362
0.0038353824
0.0018889322
5.7850971e-05
0.0075128138
0.012318717
0.012847727
0.016367462
0.013970901
0.0079337375
0.00498331
0.0029864158
0.0038190634
0.0024354489
-0.0012739453
-0.0049854386
-0.0044887013
0.0016375771
0.0085705755
0.0096207802
0.0087572584
0.0099230896
0.0089774703
0.0048345866
-0.00021874917
-0.0030568471
-0.0022322298
-0.0012434886
-0.002138744
-0.0057207759
-0.011404934
-0.017568237
-0.022984835
-0.024176646
-0.024167453
-0.028040431
-0.030852198
-0.034229017
-0.035992121
-0.039755671
-0.042349764
-0.044799803
-0.044219683
-0.044364697
-0.043983329
-0.045477237
-0.045891484
-0.038581451
-0.038492875
-0.040373669
-0.036712867
-0.03583053
-0.034357895
-0.029060967
-0.020152148
-0.013016782
-0.015324416
-0.014340633
-0.011650558
-0.0091088136
-0.0049959037
-0.0052571565
-0.002937501
-0.0010631359
0.00072823284
0.0023702519
0.0054717052
0.0064577237
0.0048030343
0.0063846434
0.008189581
0.010795184
0.013455602
0.014113151
0.013080412
0.014145263
0.015999018
0.017186488
0.017877489
0.020668175
0.022172722
0.021322934
0.019535853
0.018752033
0.018997008
0.018335636
0.01542863
0.012414332
0.012884123
0.012138884
0.011019515
0.0096459276
0.0066574545
0.0040911199
0.0016233241
0.00034518979
-0.00014366889
-0.00021069557
0.0010676792
0.0018668783
0.002837044
0.0023413569
0.0028306047
0.0023538465
0.0023100028
0.0011770263
0.00089412189
-0.00088308929
-0.0013139955
-0.002836883
-0.0016263122
-0.0045343712
-0.0041636108
0.0028420401
0.0092346983
0.015661856
0.015435353
0.016608266
0.015273359
0.020144848
0.021460078
0.022176194
0.019643219
0.02101038
0.020127308
0.016748941
0.013626658
0.010655918
0.0085193072
0.0065125548
0.0049320743
0.0053814509
0.0054551202
0.0052273414
0.0052239532
0.0062553981
0.0065234216
0.0062412326
0.0060262284
0.0058988186
0.0054909978
0.0054450425
0.004975821
0.0049698474
0.005982119
0.0051714696
0.0041301679
0.0043043684
0.010814913
0.015663493
0.013046329
0.014633681
0.012955421
0.0092950821
0.0082270163
0.0041479085
0.00071684668
-0.0018409971
-0.003411768
-0.0052935018
-0.0036102389
0.0009529373
0.0055479206
0.0070047006
0.0088898846
0.01075407
0.0090761526
0.0067446657
0.0027091047
0.001791152
-0.00021451305
0.001753436
-0.00063214793
-0.004677619
-0.013640677
-0.022142689
-0.026628349
-0.030978052
-0.033843549
-0.037544204
-0.042029921
-0.047664546
-0.052108005
-0.054452001
-0.056603135
-0.061292785
-0.062351873
-0.065871534
-0.068566047
-0.069006382
-0.066643168
-0.060474687
-0.054974711
-0.04840682
-0.042450663
-0.040652986
-0.041355908
-0.036872051
-0.025250716
-0.019789531
-0.02279843
-0.017209609
-0.011424982
-0.0075643366
-0.0035168273
-0.00024756969
0.00096007937
0.0019407428
0.0039145941
0.010110535
0.014105799
0.017790515
0.019355047
0.02106307
0.022589524
0.025778777
0.028541135
0.026013548
0.025741482
0.027802209
0.029792182
0.030074455
0.027159852
0.027354999
0.026192321
0.023271028
0.02163494
0.020383455
0.019239954
0.015816357
0.013079204
0.0085106338
0.0078643546
0.0062916435
0.0054438123
0.0044572144
0.0028204917
0.0010340995
0.00057323548
0.00013062825
0.00023415849
-4.1546195e-05
0.0010276753
0.0018435035
0.0028902327
0.0037363088
0.0044060785
0.0037943391
0.0040307045
0.0031425082
0.0029264584
0.0015543736
0.0014007798
0.00055411435
0.0020952929
0.00051495329
0.0043203419
0.0076174109
0.010694761
0.012399436
0.013438339
0.012936224
0.013171202
0.01660447
0.016275126
0.016433305
0.015721291
0.015320454
0.015087578
0.011987231
0.0071241501
0.0048597342
0.0026642858
0.0020081594
0.0014824835
0.0032541881
0.0039740551
0.0052563383
0.0061022227
0.0065332741
0.0055166025
0.0060928605
0.0064057705
0.0063657214
0.0061086785
0.0053261633
0.0060885232
0.0068281007
0.0078822203
0.0087520378
0.0085822791
0.011912307
0.01912925
0.019611005
0.016168619
0.013587281
0.012959547
0.010336943
0.0087240945
0.0051004734
-0.0036489375
-0.0057078674
-0.0052581655
-0.0049852396
-0.0011927245
0.0035275114
0.0074724813
0.0092178098
0.00843799
0.01028438
0.008582488
0.0095783401
0.0095505828
0.0072039272
0.0039780392
0.0012588786
-0.0026083445
-0.0087251975
-0.014037652
-0.023434656
-0.033109565
-0.03725093
-0.04186464
-0.047770948
-0.054439637
-0.059171985
-0.064746267
-0.064678361
-0.066007115
-0.071687717
-0.077039061
-0.081116083
-0.081165246
-0.077453501
-0.075605497
-0.073167119
-0.067809234
-0.065182279
-0.056267183
-0.05224223
-0.04747602
-0.038705399
-0.031803268
-0.02937344
-0.025041911
-0.021545205
-0.018715483
-0.015028391
-0.0063419175
-0.0023463261
0.0032502253
0.0060965527
0.0096357026
0.015774514
0.023434606
0.02719973
0.029813802
0.035529858
0.037667292
0.036081036
0.038618399
0.038141572
0.038414465
0.038352234
0.03787828
0.036666992
0.02864539
0.02529362
0.022004683
0.019636201
0.01667495
0.016948088
0.015387195
0.0109657
0.008141299
0.0053951674
0.0042533729
0.002134273
0.0015285046
2.0826836e-05
-0.00097265155
-0.0008863592
-0.00099184285
-0.00070597469
-0.00022088409
0.0010673434
0.0022706203
0.0036784838
0.0038591754
0.0045275271
0.0048013643
0.0050696719
0.0050200463
0.0051562482
0.0050303501
0.0050210619
0.0048940524
0.0046747354
0.0044985838
0.0038350565
0.0081557602
0.0081462819
0.009480413
0.010799285
0.010769883
0.011257913
0.010020695
0.010793023
0.01189781
0.014097717
0.013142197
0.012270591
0.012539778
0.011002735
0.0069802172
0.0035511945
0.0007935872
0.00021056108
0.0020019407
0.0041021901
0.0052168512
0.0065387402
0.0063805684
0.0063581675
0.0063486856
0.007190366
0.0070672212
0.0073710301
0.0060442081
0.006764969
0.0083869634
0.0094667501
0.010291588
0.014157426
0.014909347
0.019121573
0.021478389
0.019579592
0.012949478
0.013780471
0.011680408
0.014928876
0.0086762371
0.0011955743
-0.0063271899
-0.0074286796
-0.0029175807
0.0020075261
0.0076298012
0.011119912
0.015448857
0.014372874
0.015471708
0.011979164
0.010916724
0.00964799
0.0068191783
0.0039319168
0.0019911417
-0.0039789514
-0.0081211983
-0.013839383
-0.017391402
-0.024095357
-0.033424357
-0.041750204
-0.047976467
-0.054489086
-0.063815069
-0.072183736
-0.075509307
-0.075608185
-0.070377749
-0.065805941
-0.066324281
-0.073203761
-0.078899355
-0.074251666
-0.069908386
-0.064122394
-0.061775763
-0.056214432
-0.049351317
-0.044043521
-0.032679074
-0.029498316
-0.026859903
-0.033806984
-0.035642216
-0.029163602
-0.023662846
-0.016873346
-0.0044699927
-0.00157429
0.0025584352
0.010467844
0.015680851
0.022611506
0.027474484
0.032201361
0.035905761
0.040815798
0.043236009
0.044336756
0.042427781
0.041652458
0.04234162
0.041787125
0.038434474
0.036419234
0.03093694
0.025027612
0.020536226
0.01736017
0.014849879
0.011190245
0.0092874423
0.0061384743
0.004645166
0.0029193992
0.0025332521
0.0019938111
0.0009956987
2.4505301e-05
-0.00072465945
-0.00033585184
-0.0002294614
0.00038014192
0.0012636012
0.0023725826
0.002978428
0.0033487309
0.0036695089
0.0040390717
0.004648031
0.0052379892
0.0057843454
0.0065181678
0.0071634701
0.0078873714
0.0081863915
0.0076892059
0.0091668913
0.009348136
0.0063869913
0.005981518
0.0063673137
0.0071826382
0.0085196912
0.0097728884
0.012615757
0.012430355
0.013981447
0.012011476
0.01382651
0.016851058
0.015887183
0.014250909
0.010733437
0.0043641389
0.00073460571
0.00098298284
0.0037114483
0.0057038051
0.0062829303
0.0070071682
0.0069767276
0.0079297983
0.0078302351
0.0082156734
0.0079397843
0.0087452427
0.0082789012
0.0088205887
0.011502868
0.012295349
0.014561927
0.015611741
0.016014286
0.018344441
0.01883409
0.014799693
0.012823952
0.012085274
0.011286548
0.013147519
0.0075268397
0.0017967108
-0.0085875115
-0.010620957
-0.0048682523
0.0027480279
0.0092675731
0.01328607
0.0167054
0.015649162
0.011962637
0.0097412207
0.009245254
0.0076475203
0.0038940155
-0.00034561857
-0.0058805717
-0.0057317484
-0.012652435
-0.018118306
-0.023785392
-0.028886175
-0.037525014
-0.047759192
-0.056137288
-0.065900648
-0.076980821
-0.080180448
-0.081432996
-0.073515521
-0.067830185
-0.067956531
-0.070252924
-0.070035623
-0.065940059
-0.058866567
-0.050689493
-0.05709371
-0.053675967
-0.046104709
-0.040823429
-0.030946387
-0.024800189
-0.025613968
-0.023748189
-0.029311906
-0.028640235
-0.01999776
-0.014324859
-0.0098908042
-0.0078030451
0.0012749155
0.009386879
0.01586136
0.022007288
0.025684864
0.031063957
0.034561208
0.038441705
0.040422649
0.04278422
0.044004062
0.042466467
0.039047127
0.039595184
0.037383862
0.034880105
0.03122295
0.026202596
0.023308294
0.01869154
0.015313868
0.013441521
0.009898545
0.008171246
0.0052780671
0.0040113258
0.0029826773
0.0033484939
0.0036786973
0.0022457397
0.0017494379
0.0022130705
0.0022404259
0.0028015967
0.0029371743
0.0033880009
0.0039444096
0.0045133084
0.0044461043
0.0049885529
0.005109122
0.0059175636
0.0060348478
0.0071358372
0.0076712752
0.0093423005
0.010922294
0.011835848
0.012449783
0.014346645
0.009548972
0.0034725971
0.0052031708
0.007335252
0.0094142811
0.0098666453
0.012408702
0.016029932
0.021362658
0.020592583
0.018467557
0.016380077
0.013351724
0.0143268
0.014336019
0.010315403
0.0033186714
0.00092103942
0.0013086887
0.0024195524
0.0044942099
0.0073484442
0.0078174269
0.0082232413
0.0085393885
0.0083821352
0.0090948619
0.0084809086
0.0090038158
0.010421172
0.0096089978
0.014297347
0.016153703
0.016434278
0.015888213
0.014486201
0.016295165
0.01461541
0.012806601
0.014943074
0.015609161
0.015716438
0.016721965
0.012346753
0.0043520689
-0.0083667283
-0.0093303505
-0.0023059225
0.0023569138
0.0080412833
0.012424531
0.015995326
0.016414529
0.016361207
0.015254301
0.013382221
0.014085379
0.0117798
0.007826988
0.0048261794
0.0015501236
-0.0064784743
-0.013455585
-0.020842721
-0.031419268
-0.040052593
-0.048815989
-0.060626987
-0.071401443
-0.074930807
-0.072962485
-0.066551427
-0.060326909
-0.056626421
-0.054975919
-0.05166051
-0.054659513
-0.051091444
-0.048718085
-0.049895969
-0.047190163
-0.040787062
-0.036398451
-0.033059669
-0.02726934
-0.026637644
-0.03235363
-0.031859133
-0.031066728
-0.02435995
-0.018167415
-0.0078584823
-0.0029755411
0.0028274304
0.010041195
0.016792937
0.02063744
0.02526601
0.028961273
0.02902541
0.03182126
0.035322108
0.036774418
0.039454942
0.039278549
0.03575498
0.032684203
0.030605221
0.028944971
0.026631649
0.023641589
0.021395373
0.017955369
0.015590565
0.013642839
0.01213172
0.010914054
0.0087310285
0.0081829101
0.0073503784
0.0059500516
0.0051716966
0.0050699002
0.0050028049
0.0049350767
0.0049729306
0.0055458431
0.0061538063
0.0062258276
0.0062894244
0.0069913374
0.0077919019
0.0076507963
0.0076423675
0.0079381454
0.008214472
0.0085882055
0.0095780407
0.010158128
0.011068414
0.012106931
0.012383859
0.015682233
0.016968915
0.0059710327
0.0044865349
0.0071768796
0.0097466835
0.014110552
0.011418163
0.015805994
0.020233137
0.023547537
0.022294236
0.02066219
0.017291698
0.017001336
0.015365005
0.013366185
0.0073561294
0.003826935
0.0030484598
0.0034353739
0.0052699929
0.0055848708
0.006954894
0.0090161308
0.009045388
0.010406862
0.0098024252
0.01060747
0.010485403
0.012020695
0.012991923
0.014026612
0.016126304
0.017739479
0.017605071
0.013520704
0.014005244
0.013475413
0.014051492
0.015003857
0.015571201
0.018055556
0.018047906
0.016946552
0.012380866
0.0055756117
-0.0033116615
-0.0040679507
0.0024091906
0.0040213349
0.0052837797
0.008990026
0.013893023
0.017725265
0.020411582
0.021960892
0.021382484
0.020627818
0.020112458
0.017741871
0.016319364
0.008901877
0.003716954
-0.0048796977
-0.014211143
-0.024656142
-0.035978982
-0.047490335
-0.057843989
-0.065356669
-0.064890108
-0.063503587
-0.059042144
-0.060849331
-0.060130066
-0.056191628
-0.052186984
-0.054738863
-0.054232078
-0.048839792
-0.048876122
-0.04774797
-0.046400164
-0.040316815
-0.042326933
-0.03927769
-0.038660459
-0.033461588
-0.030702617
-0.02709539
-0.020765768
-0.013807341
-0.0065126246
0.00032928695
0.0045414628
0.0088484734
0.013252469
0.019119401
0.022553026
0.023180294
0.023956277
0.026275447
0.027202166
0.029699588
0.029988504
0.030205303
0.027563014
0.025465733
0.021924473
0.019916473
0.018419224
0.015528297
0.015539668
0.013210434
0.012764291
0.011711232
0.010717576
0.0099426876
0.0078968364
0.0071081308
0.0072845038
0.0068329598
0.0057249844
0.0060375558
0.0057171509
0.0051079027
0.0057885397
0.0068303352
0.0070627422
0.0074556174
0.0079732929
0.008470066
0.0087022421
0.0082531846
0.0082189099
0.0080586423
0.0084091384
0.0086960717
0.0094862926
0.0092709993
0.0094278189
0.0099665352
0.0094505683
0.013802913
0.016245548
0.0082481957
0.0041878619
0.0062308276
0.011914137
0.016274932
0.014816686
0.015152084
0.016755041
0.016382635
0.016154053
0.016572903
0.014101314
0.011685863
0.0086975128
0.0051489122
0.0034083934
0.0031561436
0.0045921102
0.0060496829
0.0077004373
0.0068934526
0.0075325474
0.0095923457
0.011847796
0.013093824
0.013020784
0.012945333
0.013790817
0.014389004
0.016075949
0.016506064
0.016386163
0.018338594
0.019183631
0.014906605
0.016140515
0.015360425
0.017058364
0.017877283
0.017191944
0.018984964
0.02205237
0.019061414
0.01435006
0.0055585364
-0.00056756219
-0.00055449489
0.0029955942
0.0050562204
0.0056645228
0.0082086859
0.012067899
0.015969205
0.019003153
0.022243746
0.023297186
0.020729481
0.019490562
0.016321169
0.013600593
0.0074119802
0.0016948507
-0.006308947
-0.012367003
-0.021064965
-0.032268371
-0.043022073
-0.054234913
-0.060163108
-0.060740002
-0.058370811
-0.061394462
-0.064337383
-0.061237645
-0.061017452
-0.055134459
-0.05527759
-0.05382058
-0.045191107
-0.048007426
-0.047162399
-0.042397178
-0.040803949
-0.042357989
-0.036268586
-0.0338916
-0.031218875
-0.029130477
-0.026111866
-0.020037032
-0.013732379
-0.009210135
-0.0019488316
-0.0002503307
0.0049835498
0.0069250726
0.0092682851
0.010101807
0.011556764
0.012467144
0.013949995
0.018123713
0.020049494
0.019956888
0.022086717
0.020410979
0.017246833
0.014945272
0.012444372
0.011035918
0.010996081
0.011274584
0.010394515
0.0097425276
0.0086483786
0.0064896299
0.0065896764
0.0051065488
0.0048343236
0.0045366409
0.0052907106
0.0039943497
0.0042815556
0.0039447979
0.0039677676
0.0043335315
0.0050463235
0.004140904
0.0047728223
0.0059264569
0.0063121704
0.0066986037
0.0060966733
0.005387814
0.0061094452
0.0071972964
0.0071274269
0.006694421
0.0063602018
0.0049680882
0.0059403238
0.0071178387
0.0084708803
0.0096382619
0.0077182234
0.0036475704
0.0018326024
0.0079388507
0.010236606
0.01224141
0.011221244
0.0081375099
0.0069576462
0.0077182957
0.0080565234
0.0073884339
0.004851251
0.0027157135
0.0013182077
0.0013437361
0.000551883
0.0046515219
0.0070630499
0.0072498704
0.0072161524
0.0096977074
0.010926851
0.010711911
0.012924677
0.016267238
0.014099429
0.015748596
0.018357024
0.018239828
0.01835738
0.017957116
0.018902887
0.018025091
0.016672488
0.016232724
0.01574779
0.017137373
0.017902672
0.015881166
0.017021135
0.016540443
0.016994813
0.013579426
0.0063754081
-0.00019933449
-0.0049144356
-0.0033551661
-0.00064812285
-0.00020229375
0.0019885092
0.0037065318
0.0072071208
0.010790944
0.014984662
0.015396668
0.014572759
0.011135364
0.008202121
0.005095851
0.00031669405
-0.0058211559
-0.010918641
-0.018537882
-0.026932309
-0.035384991
-0.047213015
-0.054756476
-0.059266066
-0.060771212
-0.061754927
-0.061584763
-0.064720876
-0.068539403
-0.068915723
-0.064750722
-0.057315748
-0.047349581
-0.04622135
-0.043311508
-0.043013678
-0.041801264
-0.038906492
-0.033354127
-0.029455076
-0.025412149
-0.023971984
-0.019891446
-0.019630296
-0.016030487
-0.012806447
-0.007426072
-0.0059630357
-0.0046843491
-0.0024002041
-0.00072312865
0.00091295175
0.0029006999
0.0052151393
0.0053929475
0.0069588213
0.0076935115
0.011947127
0.012440807
0.013379355
0.013927725
0.011241271
0.010042088
0.0066458788
0.0039153756
0.0054185091
0.0052426475
0.0047512392
0.0038616952
0.0022399634
0.00080687087
0.00056646039
-0.00053944041
-0.00029376196
-0.00098853354
-0.00065939302
-0.0020948249
-0.0014023074
-0.0012829567
-0.00080047568
-8.8466426e-05
-0.00027714969
-0.00077353098
-0.0014401756
0.00034411204
0.0014638055
0.00071442774
0.0015064977
0.0030395865
0.0024203761
0.0029490422
0.0040418414
0.003691146
0.0039316589
0.0037091244
0.0048333878
0.0046958557
0.0029056149
-0.0008138017
0.0017371182
0.0047325712
0.0016417895
0.0014338171
0.0019985131
0.0055039889
0.0060401841
0.0034408731
0.0018134483
0.00021406041
0.00092340049
-0.00019397984
-0.0015563939
-0.0025057947
-0.0032892674
-0.0028210222
-0.0013985843
0.00059328318
0.0017850769
0.0057934223
0.0085726224
0.0075035848
0.010440299
0.013357922
0.016655989
0.017452231
0.016195949
0.015287586
0.016547223
0.016540923
0.017176126
0.013170389
0.011730428
0.010736069
0.012798241
0.013160846
0.01186801
0.011420236
0.010358888
0.010302857
0.0094345025
0.0092592327
0.0087512932
0.0074097178
0.0057283112
0.0039058643
0.00025611752
-0.0019802145
-0.0025735917
-0.0021701736
-0.0012551867
-0.00060238471
0.0013017293
0.0029103305
0.0036478158
0.0056113594
0.0059903713
0.003703011
0.0015279051
-0.00099533835
-0.0057417433
-0.013252681
-0.017796962
-0.02556782
-0.03071855
-0.039097274
-0.048274154
-0.053917471
-0.057867068
-0.060043928
-0.061752312
-0.060979021
-0.065299185
-0.065910897
-0.069290418
-0.065462712
-0.052437274
-0.04678213
-0.042272763
-0.036673666
-0.035411526
-0.035608964
-0.032548819
-0.025288965
-0.022367384
-0.020057643
-0.015939721
-0.013745589
-0.010680254
-0.0087778998
-0.0064051515
-0.0023945671
0.0024134467
0.0020245371
0.0026285695
0.0040548501
0.0046691825
0.0072674698
0.010028705
0.0099323091
0.011383272
0.012544848
0.01372944
0.012343998
0.0099118733
0.0093813655
0.0050238986
0.0013615395
-0.0026455783
-0.0044987227
-0.0043640126
-0.0061650957
-0.0077035145
-0.0099471919
-0.0093707387
-0.0089814718
-0.010640262
-0.013926122
-0.013185683
-0.012780405
-0.013667298
-0.013655279
-0.013111435
-0.011658013
-0.012832907
-0.011063761
-0.0089222396
-0.0054298458
-0.0031954076
4.8029016e-05
0.0011339586
0.0016079773
0.0027630787
0.0040158666
0.0027687766
0.0035274003
0.0044118084
0.0040339501
0.0047248636
0.0055746977
0.0049661508
0.0041490994
-0.00047892662
-0.0050635081
-0.0018552275
0.0029441801
0.003825501
0.0017890289
0.0020427375
0.0020955029
0.0026899298
0.00055867974
-0.00048360805
-0.0013566149
-0.001047776
-0.0031593341
-0.0035569181
-0.0033006632
-0.0042972541
-0.0015721186
-0.00025816384
0.0005514218
0.0018313293
0.0047225768
0.0079831407
0.0094535095
0.010874982
0.012350113
0.015131377
0.016070094
0.015224956
0.014647809
0.013227019
0.011841074
0.012081758
0.011728728
0.010197134
0.0090075605
0.0087875213
0.008712774
0.010839699
0.010748574
0.0087444025
0.0081152811
0.0071025852
0.0067616038
0.0059955101
0.0056205631
0.0064354899
0.0079299402
0.008628452
0.0044726218
0.0001256648
-0.0015609718
-0.0030760089
-0.00069689737
0.000609875
0.0019770034
0.0023055641
0.00058016527
0.0017534479
-0.0013172205
-0.0025088551
-0.0056316196
-0.010029743
-0.014113929
-0.018087841
-0.02383847
-0.032321327
-0.0387201
-0.043012711
-0.047566455
-0.049930708
-0.048879918
-0.047611531
-0.049046797
-0.05092083
-0.052924282
-0.054660932
-0.053725387
-0.044878242
-0.035932149
-0.030033364
-0.025739966
-0.026450675
-0.026074806
-0.021630801
-0.01444567
-0.010395173
-0.005967812
-0.0068986411
-0.0054989803
-0.0035178428
0.00043006456
0.0046451448
0.0083643008
0.0091115683
0.010977919
0.010443613
0.0099945434
0.011671283
0.012934836
0.01511073
0.015195853
0.01599895
0.01588873
0.01207238
0.0096971694
0.0088517188
0.0048660608
0.00098077334
-0.003093563
-0.0070663415
-0.0081990468
-0.0086168896
-0.011863939
-0.012664201
-0.012634898
-0.013351967
-0.01329293
-0.014959815
-0.014997274
-0.013130439
-0.013084414
-0.01487449
-0.014707097
-0.013472957
-0.014522002
-0.014283321
-0.012707862
-0.0091984773
-0.0071298645
-0.0014421601
0.002426177
0.006691585
0.0089309202
0.0085868617
0.0077840427
0.0059038785
0.003144871
0.0028692168
0.0029696306
0.0037746237
0.0013530434
0.0018082076
-0.0013641217
-0.0054778425
-0.0046106426
-0.0013223346
0.0025084235
-0.001254941
0.00068902414
-7.3419061e-05
-0.00051274
-0.002691891
-0.0045970335
-0.0044237337
-0.00323826
-0.001952234
-0.0025403048
-0.0027244504
-0.0017827536
-0.0025403259
-0.0031475764
-0.0020768357
-0.0013872927
0.00089044255
0.0024253749
0.0057783455
0.0098380743
0.012833688
0.015453893
0.0153102
0.015497499
0.018337399
0.017762794
0.015823088
0.01425178
0.012490038
0.014726808
0.013556463
0.0098947195
0.0085702524
0.0090578269
0.010134092
0.009136093
0.0092596943
0.0095596468
0.0095195125
0.0078562517
0.0078785708
0.0072860146
0.0098806876
0.0085968411
0.011566734
0.010859945
0.0054687958
0.0030231175
0.0022509713
0.001337689
0.0017465817
0.0023673572
0.0027256979
0.0018056515
0.00097733592
-0.00071831988
-0.0031787714
-0.006237908
-0.0080116315
-0.0098389273
-0.012484337
-0.018380709
-0.026922925
-0.032570609
-0.034113439
-0.033777695
-0.035600378
-0.032923622
-0.033286615
-0.033848125
-0.035311583
-0.034570721
-0.035624987
-0.033640974
-0.028797062
-0.02139637
-0.017692966
-0.015437755
-0.014750546
-0.013130137
-0.0098570862
-0.005247866
-0.0011051251
0.0014821358
0.00068314202
0.0029602573
0.0065071252
0.010016073
0.01179923
0.013250322
0.01410377
0.014837101
0.013949686
0.012885557
0.012070744
0.013763907
0.014707805
0.016473256
0.014751272
0.014107389
0.0089940126
0.0068094852
0.0048257984
0.0031403424
-1.5780649e-05
-0.001776463
-0.0047315158
-0.008296937
-0.0090801554
-0.0099990538
-0.011727705
-0.012540178
-0.014198699
-0.015645054
-0.015568912
-0.014740243
-0.01413893
-0.012617292
-0.012569913
-0.012920554
-0.012971942
-0.011233426
-0.012636731
-0.010911733
-0.0072684181
-0.0038741921
0.00073645065
0.0026663748
0.0093270942
0.010899515
0.012394817
0.0099902972
0.0073088514
0.0053031981
0.0041806786
0.0023854332
0.0017637013
0.0010936627
-0.00068776596
-0.0049533772
-0.0032206878
-0.00068872383
0.0023092363
0.002634438
0.0013945974
0.00060172879
0.0001475917
-0.0019292539
-0.0027790122
-0.0044848095
-0.0043314306
-0.0034321509
-0.0030634433
-0.0033902355
-0.0040713123
-0.004045723
-0.0049657455
-0.0050060362
-0.0041699372
-0.0035367745
-0.0018377808
0.00037806691
0.0031341164
0.006831198
0.012016701
0.015484864
0.015795836
0.016822286
0.018927681
0.020702061
0.020600016
0.018968441
0.017061328
0.016734669
0.014672083
0.012273099
0.011026989
0.0085948671
0.0084748642
0.0075908249
0.0092161686
0.0077101518
0.0089091377
0.0085195327
0.0087668313
0.0085870287
0.010826204
0.0098878315
0.012415527
0.01166325
0.0084047004
0.0073570038
0.0057591389
0.0055722053
0.004869003
0.0047512965
0.0034947333
0.0031041224
0.0025048768
0.0021348301
0.00025259242
-0.0016073628
-0.0039020979
-0.0038865857
-0.005637987
-0.0085469609
-0.014983924
-0.019334481
-0.022681471
-0.022978418
-0.022773515
-0.021553039
-0.01997997
-0.018500164
-0.020842603
-0.020024718
-0.017770633
-0.015901669
-0.012648099
-0.010297742
-0.0079736534
-0.0042000076
-0.0025418452
-0.0034016122
-0.0016657336
0.0013550552
0.0043848249
0.0077580583
0.0082959136
0.0099405526
0.011774609
0.013380822
0.014320615
0.014184533
0.01319519
0.013597826
0.013224887
0.012476383
0.012299644
0.011653352
0.012377468
0.012116818
0.011008228
0.0083881807
0.0057909385
0.0038067531
0.0025093578
0.0018649816
-0.00067419731
-0.0026095529
-0.0044087856
-0.0071486143
-0.0095460456
-0.010363204
-0.009616412
-0.012198945
-0.013622825
-0.016222305
-0.017132395
-0.017214322
-0.016267677
-0.014140507
-0.013058718
-0.011240869
-0.010622599
-0.011133386
-0.011386754
-0.0089735642
-0.0063762334
-0.0030983009
-0.00015276101
0.0047838138
0.0078923679
0.010640569
0.0097108048
0.0093137456
0.0087096094
0.0062837443
0.0033386695
0.0025889815
0.00072654569
-0.0024641489
-0.0020744112
-0.0021577075
-0.00019682277
0.0016447982
0.0049132327
0.0047422377
0.0034374789
0.0015890952
0.00079906707
0.00066845956
-0.00099174049
-0.0015013702
-0.001854186
-0.0021101663
-0.0017364797
-0.0022172197
-0.0030477248
-0.0025340183
-0.0033616138
-0.0053418566
-0.004853331
-0.0056259809
-0.0058887518
-0.0042268516
-0.0016216909
0.0025335974
0.0071885523
0.01003308
0.012438711
0.016048106
0.017700707
0.020731583
0.020635034
0.019811808
0.019290382
0.017573495
0.01509909
0.013659014
0.012627108
0.011393956
0.0095099054
0.008211426
0.0085430145
0.0088249931
0.0088884062
0.0092893966
0.0091073966
0.0083748054
0.0093867047
0.010143079
0.009929222
0.011008199
0.010994786
0.0091394085
0.0082212783
0.0067665843
0.0062855704
0.0061156339
0.0048534786
0.0037518502
0.0035350319
0.0036014159
0.002451563
0.0016590657
0.00072044533
0.00046060081
-0.0013821718
-0.0025880041
-0.0057177487
-0.0097346827
-0.012217615
-0.012538247
-0.013722029
-0.011321006
-0.0092935133
-0.0096891507
-0.010836229
-0.011310832
-0.0088196792
-0.006901298
-0.0061631805
-0.0034930173
-0.0019553988
0.00095689403
0.0032720821
0.0020120536
0.0017782565
0.0034160394
0.0057805115
0.008023664
0.010200566
0.011985966
0.012017922
0.011513823
0.011998698
0.01190903
0.010671983
0.0093857401
0.0090395788
0.0081322979
0.007235408
0.0067968907
0.0067649067
0.0063893867
0.0056353494
0.0041233923
0.0034543528
0.0016725376
3.0960935e-05
-0.0012447225
-0.003610749
-0.0043275934
-0.0055556183
-0.0092338666
-0.01064656
-0.011181925
-0.010712123
-0.011261747
-0.012587836
-0.012843799
-0.01364931
-0.014406864
-0.013335799
-0.012489937
-0.012051678
-0.012513728
-0.01254611
-0.011480314
-0.010201702
-0.0096937041
-0.0099146557
-0.0066852869
-0.0017829429
0.00052326923
0.0029360847
0.0059715365
0.0066586374
0.0067148148
0.0069231132
0.0052905694
0.0018150412
-0.00067311086
-0.00074263451
-0.0029113318
-0.0027860697
-0.00055926799
0.0019510613
0.0042610942
0.0050016971
0.005857781
0.004239882
0.0029948127
0.0026986978
0.0018112989
0.0012040358
0.00043568073
-0.00016802809
-0.00089350846
-0.0013080381
-0.002037421
-0.0029146857
-0.0034834473
-0.0035632461
-0.0047651319
-0.0050973816
-0.0054078704
-0.0055773938
-0.0053342939
-0.0052230523
-0.0035285143
-8.2711917e-05
0.0040788614
0.0055934203
0.0080845626
0.012565078
0.014993079
0.017549882
0.01846909
0.018239152
0.013494462
0.013890272
0.012209113
0.010987888
0.01036715
0.010624805
0.0093209175
0.0095294901
0.0093611906
0.0094666083
0.0095440809
0.0092424463
0.010372919
0.010907539
0.011484933
0.010783163
0.013636159
0.013802439
0.012625084
0.011739619
0.010528898
0.010179204
0.0088802186
0.0081920689
0.0073497586
0.0064957112
0.0057087637
0.0053461284
0.0045247004
0.0035160668
0.0034072181
0.0025926421
0.001968583
0.00010573885
-0.001957601
-0.0047701878
-0.0059220277
-0.0063600144
-0.0040445378
-0.0022872887
-0.0028667408
-0.0021385192
-0.0026659931
-0.0048312538
-0.0042522089
-0.0029801646
-0.0014558348
0.00076884507
0.0026997163
0.005465712
0.003500569
0.0021264928
0.0020129471
0.0039922191
0.0064551056
0.0064419602
0.0085843734
0.0093419679
0.0093066997
0.0090441105
0.0083725467
0.008182437
0.0077838146
0.0073164538
0.0059768433
0.0045199912
0.0044965942
0.0050456198
0.0048352588
0.0037857317
0.0032343485
0.0025164667
0.0023702634
0.00022504436
-0.0014008986
-0.003601944
-0.0057145976
-0.0075862015
-0.0092605844
-0.010258664
-0.011039755
-0.0093109471
-0.0085941884
-0.0093012769
-0.008122494
-0.0073575782
-0.0082565307
-0.0069722192
-0.0076658511
-0.0087066615
-0.0094405354
-0.0088881672
-0.0099423389
-0.0091642851
-0.009328953
-0.0092603648
-0.0082778282
-0.0039027727
-0.0011658893
0.00044723524
0.0017410452
0.0042740718
0.0057319216
0.0048092958
0.0049055598
0.0020841595
0.0019823201
0.00079716062
4.7547714e-05
0.00047009524
0.0012080297
0.0027119134
0.0048934837
0.0039991527
0.0041216289
0.0037489528
0.0033563448
0.0033150048
0.0015678331
0.0012764061
0.0012632968
0.00082717044
-0.00016200316
-0.00077007193
-0.0011281971
-0.0011605028
-0.0025880565
-0.0038085714
-0.0042123843
-0.0048853673
-0.0042791256
-0.0048712805
-0.0041350893
-0.0033172085
-0.0032388337
-0.0010424141
0.0016945923
0.0033431293
0.0046924052
0.0067448101
0.0082032166
0.0098624905
0.011845561
0.013196935
