0.0035193063
0.0030687354
0.0031177607
0.0023945785
0.0019226921
0.0010750084
0.0065895209
0.016913989
0.018503317
0.015176508
0.012589741
0.010148018
0.0061187202
0.0028434018
0.0031688429
-0.00011317187
0.00085422583
0.0015836
0.0025426006
0.0046739713
0.0085285768
0.011077944
0.0098843203
0.0084196138
0.0045162421
0.0011824059
-0.0010573157
-0.0037153018
-0.0050726937
-0.0054941268
-0.0039930286
-0.0034471321
-0.0033497992
-0.0062212099
-0.0082193282
-0.008569576
-0.0092210527
-0.01041739
-0.011455822
-0.012973178
-0.012304946
-0.012291348
-0.012362118
-0.012555002
-0.012369042
-0.011887539
-0.010510972
-0.0098775998
-0.011335183
-0.013969066
-0.014020875
-0.013809617
-0.0168072
-0.016347374
-0.013075764
-0.0099394412
-0.0074655394
-0.0055079927
-0.0049868086
-0.0061661183
-0.0088292165
-0.010654844
-0.011083093
-0.012006325
-0.009326079
-0.0080249399
-0.0083821351
-0.0083052619
-0.010474091
-0.010502578
-0.0090839093
-0.0082958872
-0.0081684065
-0.004140235
-0.0017009
-0.00049016554
0.0021004753
0.0014107256
0.00083327471
-0.00014518595
0.0012667791
0.0051637687
0.011625971
0.017441478
0.021579581
0.020788581
0.020289404
0.015042204
0.011305127
0.01185673
0.012159518
0.014556352
0.016611885
0.016395982
0.012829722
0.0093650198
0.0064176433
0.0048528065
0.0034460917
0.0031489863
0.0022312851
0.0032958865
0.0034751388
0.0040669899
0.004514553
0.0041843868
0.0034635478
0.0035618261
0.0034755948
0.0032630133
0.0033092622
0.0023417728
0.0024252476
0.0025034301
0.0029468264
0.0047699784
0.0087688497
0.012077969
0.012159502
0.019412413
0.017536396
0.017291651
0.017062699
0.019290071
0.019501545
0.016277634
0.016413988
0.016187035
0.012864179
0.010555074
0.0098230696
0.011047795
0.0099180605
0.0072517946
0.0063204124
0.0053006582
0.0051829693
0.0052177924
0.0051825669
0.0048562707
0.0057666874
0.0050560252
0.0043610017
0.0038471343
0.0030045276
0.0031844436
0.0021568879
0.0022833731
0.00071796263
0.0020801033
0.0099365256
0.01764614
0.01692644
0.012332706
0.0085660131
0.0053046225
0.0029567167
0.003320863
0.0011021602
0.000978632
-4.5935755e-05
-0.0010006704
0.00036628778
0.0063624701
0.010128235
0.0099639632
0.007963867
0.0077544622
0.0053763773
0.00071833231
-0.0043524131
-0.0079146058
-0.0090021233
-0.0085395154
-0.0069715764
-0.0073890042
-0.010255691
-0.014803298
-0.01596854
-0.017146033
-0.017353072
-0.018003696
-0.019515318
-0.01993602
-0.019263673
-0.019880723
-0.020429214
-0.020799571
-0.020318377
-0.018224995
-0.016003619
-0.015716714
-0.014022801
-0.014319617
-0.016388308
-0.018581925
-0.017621
-0.013194166
-0.0098928576
-0.0078711528
-0.0050002868
-0.0026065472
-0.0018730747
-0.0039335313
-0.0030920088
-0.004178015
-0.0043321266
-0.0040386622
-0.002160899
-0.0030924807
-0.0015324646
-0.00061784622
-0.00037656233
-0.0013600887
-0.0012263333
0.0010582109
0.0019912975
0.0035903303
0.0064563043
0.0092854678
0.0080020415
0.0069890625
0.0074206473
0.0080137954
0.0094389646
0.013450913
0.018828181
0.019306865
0.021289523
0.019598686
0.016007047
0.015245468
0.014238784
0.013095476
0.013720933
0.014272723
0.013945933
0.013198054
0.0097507252
0.0067123066
0.0050798886
0.0033921882
0.0022333158
0.0027120457
0.0030850257
0.0033034883
0.0040122764
0.0037118834
0.0035380609
0.0030950876
0.0025145374
0.0022384841
0.0016601872
0.0012782228
0.0013266152
0.00035547342
0.00038797368
0.0015500387
0.0041358538
0.0060857001
0.0096994598
0.013516305
0.019124327
0.022467344
0.021858551
0.022268659
0.021564596
0.021657411
0.021817061
0.019590802
0.015225812
0.013902968
0.011403038
0.010181826
0.0096494482
0.0097668184
0.0072351225
0.0052160342
0.0039303822
0.0042787264
0.0048475136
0.004906505
0.0051798927
0.0050403887
0.0045168725
0.0044366613
0.0036675242
0.0034357915
0.0025847225
0.0024030681
0.0016997531
0.0011820409
-0.00061956134
0.00065483213
0.0097464162
0.012441868
0.011308881
0.012646582
0.0077564212
0.0013745227
-0.0001878985
-0.0010049538
-1.0103855e-05
-0.0026003284
-0.0045314009
-0.0046836357
-0.0015965523
0.0040567108
0.0086772384
0.0085111328
0.007144995
0.0063074426
0.0049163413
0.00072653678
-0.0051758037
-0.0082802764
-0.010185649
-0.0099976615
-0.010947509
-0.015069942
-0.020349854
-0.025862417
-0.028885317
-0.028407405
-0.027800804
-0.02939406
-0.030191293
-0.031134566
-0.030609384
-0.03189336
-0.032637937
-0.033231552
-0.030932885
-0.029934644
-0.027267255
-0.027198613
-0.024742711
-0.018714645
-0.021138374
-0.021730015
-0.016220994
-0.01279817
-0.0093899354
-0.0047567049
0.0004914873
0.0046128531
0.00043290233
0.00064799676
0.0020491366
0.0029538278
0.0040429577
0.0020413191
0.0040509697
0.0051226841
0.006552112
0.0089034337
0.011679136
0.01016906
0.0090405865
0.011411402
0.013373175
0.016200359
0.017468327
0.017913331
0.015021626
0.013252503
0.014302878
0.016309382
0.017729504
0.021147415
0.021981262
0.018872857
0.016421755
0.015155414
0.015719131
0.014743282
0.011376614
0.0087445333
0.0097773334
0.0086333434
0.0074785746
0.0064910309
0.0039640723
0.0023707201
0.00095829427
0.00079831427
0.00094076541
0.0012298198
0.0020414687
0.0022322097
0.0024732297
0.0019777142
0.0021218324
0.0015664025
0.0016739263
0.00074999229
0.00086635573
-0.00023338489
-0.00025091642
-0.0014267332
-3.5261348e-05
-0.0018268177
0.0015650901
0.0087972929
0.015914167
0.020923231
0.019667094
0.019731043
0.018065169
0.020383251
0.01938794
0.019706014
0.01674634
0.017019194
0.013898357
0.0095795297
0.0072835077
0.0055490068
0.0048849296
0.0035246655
0.00234726
0.003183859
0.0028010749
0.0028604103
0.0033756093
0.0046868299
0.0043862055
0.0041557039
0.0038196904
0.003790131
0.0030716712
0.0031046687
0.002175671
0.0022477869
0.0028293148
0.001974715
0.0018716566
0.0036962739
0.011676345
0.013656585
0.0095096136
0.0091564189
0.0054292812
0.0012935351
0.00013826123
-0.004238423
-0.0075319316
-0.0088476295
-0.0075005932
-0.0046772463
-0.0018435418
0.0015703226
0.0050308539
0.0062827441
0.0070053971
0.0058191509
0.0037646028
0.0013459025
-0.0044182158
-0.0078121246
-0.010884127
-0.0098873477
-0.015272226
-0.020786389
-0.029878745
-0.035803014
-0.038752876
-0.040764108
-0.041044641
-0.042776996
-0.045381985
-0.047615086
-0.047634662
-0.047193207
-0.047278955
-0.048894208
-0.047941868
-0.049317497
-0.047930109
-0.044054938
-0.038683258
-0.032277028
-0.026571916
-0.020762039
-0.015071607
-0.013066359
-0.011610209
-0.0063842975
0.0016270507
0.0031639118
-0.00041860443
0.0039546368
0.0069321174
0.008134531
0.010130386
0.012348451
0.012070083
0.011469141
0.014669762
0.020369993
0.02242141
0.024452022
0.025246083
0.02687539
0.028503887
0.029178115
0.030350126
0.026721133
0.024518066
0.024290972
0.024714517
0.023905283
0.021511501
0.023143102
0.019779658
0.015173733
0.012763559
0.011915714
0.010559996
0.0086541021
0.0061073449
0.0030042411
0.0035035671
0.0027500632
0.0024444134
0.0017890858
0.00074391382
-0.0001279086
-0.00035082695
-0.00047290234
9.5643107e-05
-9.0027662e-05
0.00060865489
0.0010931897
0.0017003724
0.0022995342
0.0024246221
0.0021952464
0.002539899
0.0018457518
0.0019833869
0.0012461519
0.0017010239
0.0018404029
0.0032876391
0.0019051044
0.0051391894
0.0098566673
0.012588295
0.014164375
0.015031821
0.012733929
0.013466266
0.013130237
0.013462454
0.013213408
0.012381671
0.010898096
0.0088102802
0.0053301035
0.0013196153
0.00056997619
6.2945315e-05
9.2642502e-05
0.00016070284
0.001783297
0.0014981386
0.0028067911
0.0037711919
0.0042895034
0.0029725951
0.0036644984
0.003529926
0.0036806102
0.0028339651
0.0022700494
0.0025031821
0.0034734534
0.0040508913
0.0051735664
0.0054806803
0.0094898604
0.015358169
0.012353442
0.0077063157
0.0049520736
0.005329457
0.0014670901
-0.00065894844
-0.0067235497
-0.013138575
-0.011707709
-0.0087863059
-0.0044061865
0.00041200823
0.0045639871
0.0068126497
0.0070534386
0.0056961601
0.004778585
0.002668019
0.0039462092
0.00039003657
-0.0048429405
-0.010550648
-0.014162965
-0.020795815
-0.028502756
-0.03376387
-0.042986326
-0.049273338
-0.050663486
-0.053629181
-0.057785189
-0.061408469
-0.062839965
-0.062754586
-0.058672672
-0.058062608
-0.061824329
-0.063689704
-0.064902927
-0.060808923
-0.052806822
-0.049687646
-0.042949051
-0.037210599
-0.032342569
-0.023098604
-0.01956382
-0.015517622
-0.0084926558
-0.0058723603
-0.005743708
-0.0022312413
0.00047948642
0.0020549759
0.0060285891
0.013419983
0.014373093
0.01820853
0.019890758
0.021810656
0.027819543
0.03266722
0.03453218
0.037534784
0.041518989
0.041390477
0.038024671
0.038563034
0.035078436
0.032647779
0.031599515
0.029035452
0.025817269
0.01788483
0.016857832
0.012793622
0.0097489673
0.0078532921
0.0078449995
0.0061135801
0.0027632091
0.0010987455
7.0211203e-05
-9.9608922e-05
-0.0011850411
-0.00086516669
-0.0019606557
-0.0019524336
-0.0015083826
-0.0011248444
-0.0010276091
-0.00058866666
0.00037281522
0.001785545
0.0026064001
0.0025178689
0.0032119004
0.0035861159
0.003953806
0.0039130033
0.0039793137
0.0041453758
0.0048260274
0.0055112414
0.005449371
0.0050473889
0.0039509418
0.0078208516
0.0070400648
0.0095860408
0.0091883965
0.0099535378
0.009353297
0.0068154145
0.0083169819
0.0095641794
0.01225812
0.0095151787
0.0085080816
0.00895218
0.0055089007
0.0021044464
-0.00027134998
-0.0016581509
-0.0011709589
0.00080904994
0.0025045901
0.0025705102
0.0036051928
0.003785895
0.0040669151
0.0040047731
0.0043698952
0.0039022205
0.0036313064
0.0025908576
0.0033801448
0.0043189059
0.0050121706
0.0061999957
0.0093865909
0.0099101586
0.012405071
0.013740102
0.0091323349
0.0035056665
0.0051026853
0.0033371298
0.0058169536
-0.0035837396
-0.0093038693
-0.013948161
-0.0095870167
-0.0029181801
0.0029042086
0.00725327
0.010505736
0.012072321
0.010359992
0.0085287039
0.0055221393
0.0042802747
0.00093967984
-0.0041927115
-0.0085403043
-0.013193643
-0.020851161
-0.026371316
-0.03283678
-0.038195785
-0.045802103
-0.054442044
-0.060390875
-0.063268292
-0.068821277
-0.074563268
-0.077442432
-0.074378682
-0.069222645
-0.06203248
-0.058482119
-0.058408525
-0.062871935
-0.06209315
-0.053226886
-0.046626627
-0.040821568
-0.035457522
-0.028285759
-0.022296805
-0.017087505
-0.010331115
-0.012098052
-0.012428605
-0.018718562
-0.016536513
-0.0092614608
-0.0055120531
0.0028098832
0.013474517
0.014028152
0.018698184
0.023551057
0.026897379
0.032034075
0.035052127
0.038928743
0.042219434
0.045484152
0.045626439
0.04298597
0.038509695
0.03572938
0.034845882
0.034119049
0.02876132
0.026072042
0.01980396
0.01354811
0.0095087332
0.00732296
0.0047114669
0.0024777985
0.0012509514
-0.00082072064
-0.0014460504
-0.0026223041
-0.0017123954
-0.0020387506
-0.0020751424
-0.0019631815
-0.0016579797
-0.0011287617
-0.00058432168
-0.00020990207
0.00082731717
0.0017760159
0.0018860896
0.00220939
0.0027450244
0.0033444641
0.0039474357
0.0043157547
0.0051743962
0.005889489
0.0066702268
0.0075673575
0.0079693164
0.0078507005
0.0077372203
0.0059419917
0.004011643
0.0042322999
0.0048962333
0.0057518982
0.0064756744
0.0075274147
0.0086295113
0.0085227197
0.010546604
0.0085816178
0.011903494
0.013355648
0.010372564
0.0085167845
0.0043456809
-0.0010466277
-0.002714006
-0.0010670542
0.001744294
0.0030449507
0.0037852302
0.0037713646
0.0042628658
0.0051723939
0.0050339198
0.0045877908
0.0041163014
0.0044388333
0.0039223317
0.0045126775
0.0065773758
0.0069775554
0.0097807675
0.0094804506
0.0097363583
0.010345362
0.009248556
0.0046257564
0.0043937151
0.0030034159
0.0037072561
0.0041889928
-0.0021395073
-0.0077673016
-0.013309453
-0.0099839286
-0.0028840995
0.004204626
0.0085166099
0.010511951
0.011899423
0.0086826468
0.005137593
0.0030018973
0.0021901886
-0.0024504774
-0.0091426325
-0.014269128
-0.019351766
-0.020484684
-0.031015284
-0.036706284
-0.043297349
-0.051146611
-0.060656893
-0.068489851
-0.074565805
-0.080499329
-0.086371729
-0.082475241
-0.079463097
-0.067541346
-0.06298218
-0.062288953
-0.063377603
-0.057648755
-0.050059894
-0.04223362
-0.036707751
-0.040538411
-0.032180801
-0.025585725
-0.021418085
-0.014138525
-0.011010762
-0.013217546
-0.012102609
-0.015984238
-0.012643422
-0.002182423
0.00088358561
0.0029971762
0.0077165475
0.016838757
0.022800456
0.02795806
0.032056969
0.03414443
0.037035573
0.039446025
0.041824858
0.042731854
0.042361734
0.039114638
0.035729494
0.031224306
0.031667287
0.029342832
0.026264621
0.021689833
0.016872604
0.013841828
0.0092930381
0.0069104176
0.0050946823
0.0026307834
0.0014385398
-7.6829882e-05
-0.00022169801
-0.00093442943
9.4363007e-05
0.00019233043
-0.00036333997
0.00026157565
0.00116438
0.0015395947
0.0023924904
0.0025848471
0.0031232153
0.0036887022
0.0042721267
0.0046574527
0.0050672919
0.0052867545
0.0058497138
0.0059356772
0.0074144178
0.0077820607
0.0096315032
0.010643265
0.011281662
0.011946308
0.011960564
0.0044949885
0.00095118583
0.0051984604
0.0058646445
0.0085550058
0.0084144303
0.010184995
0.014540376
0.016961518
0.014013695
0.012192
0.0092364499
0.006503097
0.0070845862
0.0062578978
0.0010187425
-0.0037056606
-0.0030006532
-0.0014345597
0.00085715992
0.0024334825
0.0045515762
0.0042251804
0.0055194878
0.00543345
0.0055457704
0.0051670168
0.0041184524
0.0043560015
0.0053279712
0.0046662783
0.0084897199
0.0099523341
0.010423096
0.0093041272
0.0070893548
0.0084490415
0.0052667976
0.0033521004
0.0072100779
0.0066717248
0.0080791333
0.0071025186
0.0017953095
-0.0061344268
-0.013741954
-0.008081478
-0.0010086742
0.0023175577
0.0074513647
0.010689029
0.012445176
0.010837759
0.0097759117
0.0072470741
0.0045447158
0.0026050681
-0.0040306134
-0.0098365693
-0.013785332
-0.018963938
-0.028974532
-0.037196777
-0.046461484
-0.056774892
-0.06495535
-0.071822195
-0.080799884
-0.086147963
-0.083123802
-0.076184216
-0.068340637
-0.056948046
-0.051914998
-0.049532846
-0.046959186
-0.05043952
-0.045411207
-0.043746149
-0.043139897
-0.037724386
-0.0312334
-0.026566088
-0.024799091
-0.019019584
-0.019804712
-0.023357012
-0.020264406
-0.017364783
-0.0091073264
-0.0016248621
0.0078583233
0.011445435
0.018370818
0.025318107
0.028914129
0.031102624
0.034263801
0.035146702
0.034252737
0.036029916
0.037913048
0.037369466
0.03695159
0.033186521
0.028680355
0.024846041
0.023755276
0.021945174
0.019107624
0.015551395
0.013674411
0.010423163
0.0086009748
0.0079480386
0.0069159349
0.0057241003
0.0039104136
0.0033188777
0.0030843618
0.0020778837
0.0020008729
0.0024748619
0.002600234
0.002960518
0.0033462744
0.004389564
0.0051715632
0.0052551653
0.0055211235
0.0066973826
0.0070917297
0.007288328
0.0074486003
0.0077183336
0.0080888219
0.0085972799
0.0093790883
0.0097896819
0.010957763
0.011706237
0.012242853
0.014896637
0.012616873
0.0012198355
0.0031140434
0.0060195984
0.0094271597
0.011723466
0.0090939277
0.013843497
0.016655458
0.017226797
0.014353429
0.011783205
0.0077123019
0.0070230455
0.003969092
0.0026224288
-0.00083532785
-0.0010195265
-0.00024582427
0.0003378986
0.0027820484
0.0034356499
0.0042922041
0.0060156508
0.0058898452
0.0073140887
0.006961908
0.0071246662
0.0067368873
0.0078074962
0.0081561889
0.0087492742
0.010800801
0.011478649
0.010670222
0.0068141062
0.007942301
0.0059163903
0.0071486308
0.0074307817
0.0086121157
0.010337097
0.0094059107
0.0069972264
0.0045029971
-0.0028639939
-0.0082814339
-0.0029234299
0.0022878093
0.0021340416
0.0036908623
0.0087468315
0.012883893
0.015088827
0.015247833
0.014543595
0.011378673
0.0084823505
0.0050239699
0.00076596077
-0.0049055514
-0.015143124
-0.022905311
-0.034605231
-0.045415789
-0.057053756
-0.068211698
-0.076626311
-0.082607285
-0.084300469
-0.077141625
-0.072597104
-0.065316312
-0.063096282
-0.059332194
-0.054058919
-0.05128022
-0.055956998
-0.052560579
-0.045734478
-0.045957478
-0.043428695
-0.039093407
-0.034730814
-0.036712949
-0.031715671
-0.029210304
-0.022220713
-0.019081332
-0.012945347
-0.0055967532
0.0027184646
0.0087361035
0.016574165
0.020220004
0.022984879
0.026745502
0.031619386
0.032282122
0.031661181
0.032543624
0.032927245
0.033147789
0.033205524
0.030233344
0.027591274
0.023777084
0.019698325
0.016161614
0.015408076
0.013063334
0.010965641
0.011246959
0.0093030346
0.0093434321
0.0086810809
0.00785528
0.0070197648
0.0051371262
0.0044871444
0.0050249575
0.0046971602
0.0036827835
0.0042007547
0.0040806847
0.004374133
0.0048834233
0.0055842469
0.0057798884
0.0064382478
0.00673442
0.0073268189
0.0073909707
0.0071207652
0.0076691407
0.0076602617
0.0084930653
0.0086895776
0.0095526838
0.0096624352
0.010543168
0.01131467
0.011079712
0.014981834
0.014026248
0.0044896531
0.0027128672
0.0057452674
0.011519388
0.014386233
0.010161621
0.01149119
0.011677711
0.0088659067
0.0078347467
0.0078844359
0.0039648265
0.0018606948
8.6115068e-05
-0.0010279621
-0.00044858121
0.00075413852
0.0028837041
0.0043727443
0.0049476508
0.0041283712
0.0051475544
0.0072316415
0.009750078
0.0100837
0.0099873033
0.010290704
0.010743818
0.01065784
0.012211119
0.011755015
0.011592983
0.01360798
0.012227506
0.0085860303
0.0097327681
0.0088140021
0.010908731
0.011859835
0.011456856
0.012841531
0.014033901
0.0089951577
0.0044734474
-0.0037909938
-0.0041407873
-0.00083645035
0.0021645187
0.0029204034
0.002433572
0.0055287201
0.010237187
0.01220783
0.013522427
0.015042822
0.012678742
0.0081720896
0.0032160983
-0.0037149502
-0.010228051
-0.020982361
-0.029271627
-0.039341176
-0.047657965
-0.057677168
-0.065877258
-0.075088985
-0.080377146
-0.081278765
-0.075810728
-0.070763592
-0.071076111
-0.070554741
-0.064280331
-0.062111843
-0.054355854
-0.057311851
-0.051340232
-0.043650971
-0.046957892
-0.041278318
-0.034718325
-0.035903915
-0.035355635
-0.028102049
-0.024694208
-0.020975154
-0.017667616
-0.012108994
-0.0045269372
0.0018502599
0.006197905
0.012689571
0.013953916
0.019007073
0.018597053
0.021102406
0.020519902
0.022251233
0.022186624
0.024487538
0.026177469
0.025730933
0.023881511
0.022379476
0.019173867
0.015496223
0.012335913
0.010499624
0.010053305
0.010271721
0.010027202
0.0091473285
0.0092799426
0.0076912106
0.0062128795
0.006183434
0.0042593213
0.0043336237
0.0040095524
0.0046183096
0.0028874622
0.0038406082
0.0032863717
0.0037586628
0.004264038
0.0052033574
0.0043359129
0.0054023618
0.0057759326
0.0063913058
0.0060098113
0.005704922
0.0054587002
0.0068362044
0.0075919066
0.0078886733
0.0070416373
0.0072289229
0.0068274508
0.0087565095
0.0094306414
0.010011617
0.0089047678
0.007326517
0.0037057445
0.0022463385
0.0072891697
0.008723524
0.0090843614
0.0067918675
0.0034155744
0.0020793649
0.002226123
0.0021724514
0.001443517
-0.00083026076
-0.0016540391
-0.0015825403
-0.0008916997
-0.00088557788
0.0043319726
0.0056311652
0.0056637966
0.0055229217
0.0081079926
0.0095058427
0.0083392929
0.011831838
0.013752063
0.01185986
0.013179081
0.01483675
0.013940566
0.013859255
0.01310724
0.013574275
0.010556952
0.011000577
0.010284126
0.0089644967
0.0097613295
0.010869988
0.0083087647
0.0087814936
0.00798172
0.0065676504
0.00020530332
-0.0053965756
-0.0066337777
-0.0084155463
-0.0033434449
-0.001823214
-0.0024637505
-0.00070347992
0.00077741834
0.0047261719
0.0071713981
0.0080116217
0.0036330026
7.6786707e-05
-0.0074177076
-0.013474094
-0.020556161
-0.027791471
-0.03662624
-0.043291582
-0.051700522
-0.059994148
-0.069108453
-0.076620361
-0.079736557
-0.078861869
-0.075935067
-0.074999503
-0.07107232
-0.073792231
-0.073466184
-0.068667745
-0.061213041
-0.05118525
-0.041954743
-0.040823462
-0.037033082
-0.035882883
-0.032381515
-0.028567068
-0.022230873
-0.017753734
-0.013494515
-0.012115001
-0.0075889981
-0.0067328908
-0.0015079265
0.0015407999
0.0079290462
0.0088346333
0.0098015626
0.011186032
0.012420617
0.013411108
0.014438783
0.014487916
0.015440598
0.015981768
0.015934125
0.019769911
0.018203793
0.017066761
0.015332424
0.012571998
0.010995111
0.0075186521
0.0065984787
0.0086859837
0.0087768953
0.0086021201
0.0074177318
0.004741494
0.0040790853
0.0028517838
0.0015691252
0.001831238
0.0010833432
0.0011943712
-0.00010348089
0.001271164
0.00019896419
0.00056582163
0.00034701567
0.00082038603
0.00035189977
0.00060351768
0.0019853203
0.0034044753
0.002051018
0.0026871015
0.0037746984
0.0040634296
0.0051763932
0.0063558438
0.0062420295
0.0061371417
0.0063900969
0.0063803353
0.0053833606
0.0020139833
-0.0017341507
0.0044828479
0.0073403678
0.0013912536
0.0017265441
0.0027270727
0.0055804373
0.003071807
6.291441e-05
-0.0028828638
-0.0041777601
-0.002851687
-0.0043567116
-0.0048822087
-0.0051530256
-0.0059294688
-0.0046758484
-0.0026700953
-0.0010480029
0.0012012533
0.0064778614
0.0081400537
0.0070487797
0.011047506
0.013383352
0.015797182
0.014469455
0.012303147
0.011475864
0.012687085
0.011623614
0.012290491
0.0082756261
0.0067465389
0.006057736
0.0087726659
0.0091153333
0.0068808595
0.0051919272
0.0047933297
0.0034949692
0.0023810917
0.0021882332
0.00072306432
-0.0021202235
-0.004137503
-0.0037279652
-0.0052288499
-0.0055211132
-0.0041931358
-0.0035137114
-0.0041853991
-0.0041402162
-0.0025283493
-0.0023942455
-0.003438631
-0.0037762221
-0.0072107531
-0.0131152
-0.018754347
-0.024354716
-0.032510008
-0.041544554
-0.046272986
-0.054617373
-0.060527776
-0.070898398
-0.076175063
-0.076992685
-0.076252682
-0.074489647
-0.072376666
-0.071407545
-0.074979934
-0.071373386
-0.070935821
-0.059637993
-0.044731373
-0.037473523
-0.031840256
-0.025259867
-0.024561575
-0.026000262
-0.022150421
-0.012932512
-0.0092122309
-0.0060790406
-0.0020000024
-0.00050288813
0.0023834372
0.0036831
0.006745494
0.012276171
0.016056663
0.013637489
0.014581779
0.015125813
0.014991833
0.015896612
0.016935502
0.015838124
0.016047263
0.015612722
0.015293393
0.011760614
0.008383277
0.0074350439
0.0037048565
0.00087922242
-0.0027525605
-0.0035719736
-0.0033573054
-0.0039115819
-0.0037991446
-0.0047911777
-0.0042339309
-0.0039271095
-0.0047924629
-0.0073053146
-0.0070569711
-0.0079433014
-0.0083157772
-0.0078863932
-0.0067640076
-0.0061335152
-0.0076365406
-0.0049819464
-0.0024993421
0.0010068304
0.0039686939
0.0058131629
0.0063974827
0.0065255076
0.0072784904
0.0076021557
0.006724371
0.0084203852
0.0089598099
0.0091931854
0.01029679
0.01085479
0.008905464
0.0072254369
0.00017188766
-0.0037592476
0.0034871383
0.0091479151
0.00598806
0.0025436418
0.0026098437
0.0010403502
0.00090616318
-0.0017871005
-0.0026968595
-0.0035475648
-0.0027749774
-0.0053314773
-0.0047006699
-0.0038916114
-0.0041769054
-0.00017044198
0.00039814834
0.0012535139
0.0028135729
0.00544934
0.0080980339
0.0098066173
0.010922877
0.012291957
0.014068892
0.012874144
0.0099387974
0.0099278921
0.0076211709
0.0063320393
0.0077490379
0.0064802707
0.0051912888
0.0042277112
0.0056678727
0.0054419155
0.0071683553
0.006261044
0.0048542537
0.00389309
0.0018746835
0.00045743943
0.00014451441
-0.00054888564
0.00054654497
0.0018447987
0.0015188163
-0.0014101952
-0.0043098798
-0.00519954
-0.0071592098
-0.0042171877
-0.0039919011
-0.0034285732
-0.0058306988
-0.0090229685
-0.01052021
-0.017193705
-0.020851152
-0.026838837
-0.033552876
-0.037107729
-0.040422677
-0.0507798
-0.061060234
-0.064711462
-0.066112943
-0.067142774
-0.064272705
-0.05830059
-0.05465591
-0.057224781
-0.056146192
-0.055410928
-0.054732606
-0.049480196
-0.035155536
-0.023478341
-0.01573788
-0.012210882
-0.012230408
-0.013229163
-0.0076772925
-0.0004630999
0.0041652357
0.0096980074
0.0082575445
0.0099228231
0.011483197
0.015603014
0.01774575
0.020808275
0.020322936
0.021313556
0.018766788
0.017169971
0.017869956
0.017618608
0.017587421
0.016143501
0.016137506
0.014287046
0.0081015634
0.0066310082
0.0041012397
0.00021407594
-0.0023329034
-0.0043544267
-0.0071619128
-0.0057899696
-0.0063639298
-0.0097330777
-0.009088839
-0.008767881
-0.0090121083
-0.0078753044
-0.0080085369
-0.0067792293
-0.0056632822
-0.0070864666
-0.0088369326
-0.008411871
-0.0072935397
-0.0081169766
-0.0063979423
-0.0031486771
0.0023699642
0.0056417324
0.012356202
0.014460347
0.015932415
0.016175143
0.015020034
0.013202563
0.011347226
0.0093080349
0.0082161017
0.0081572288
0.0078527082
0.0044503122
0.0042222247
-0.0027367068
-0.0060404273
-0.0020711185
0.0048191782
0.0075964449
0.0023928986
0.0045043767
0.0012473307
0.00033153292
-0.0027936923
-0.0031690328
-0.0027083303
-0.00034373809
0.00077288357
0.00011277991
0.00073824012
0.0020812772
0.00049722159
0.00067667324
0.0021392536
0.0022993289
0.0027808974
0.0051178096
0.010596342
0.012276587
0.013239604
0.014417984
0.013546487
0.014436495
0.015661578
0.012742033
0.010435198
0.0074167555
0.006070707
0.0088748313
0.0078461641
0.0046695991
0.004927433
0.0059470196
0.0070680572
0.0056573829
0.006720553
0.007244633
0.0064253319
0.0043649505
0.0039317671
0.0024049711
0.0049113631
0.0026788494
0.0053498123
0.0046527954
-0.0010606556
-0.0024130018
-0.0031952609
-0.0036639832
-0.0036295881
-0.0039382595
-0.0054106216
-0.0080291848
-0.010667603
-0.014658414
-0.019401709
-0.023816616
-0.025293662
-0.027290304
-0.030817744
-0.040298471
-0.049702612
-0.051628232
-0.04905067
-0.045583517
-0.043935825
-0.037678665
-0.034655818
-0.033998226
-0.033855042
-0.032679744
-0.032784296
-0.029110383
-0.019531732
-0.0081521426
-0.0033792233
0.00045500602
-0.00010655565
0.00035897172
0.0053535229
0.011318123
0.015071051
0.017696189
0.017617431
0.019699341
0.02183582
0.023779448
0.023163256
0.022506225
0.021995468
0.020237531
0.017806458
0.015486391
0.013351419
0.014665759
0.014611699
0.015343186
0.012008249
0.0097986765
0.0029733534
0.0016828836
6.6517737e-05
-0.0003078859
-0.0027823349
-0.0035939752
-0.0062656285
-0.0078058685
-0.0075823087
-0.0081289709
-0.0101154
-0.010621173
-0.011482147
-0.010605191
-0.0085754198
-0.0063110883
-0.0066085853
-0.0051931779
-0.0060300126
-0.0067131818
-0.0061259346
-0.0040934668
-0.0046939759
0.0014375864
0.0065351416
0.011638715
0.015715803
0.017729629
0.023181123
0.022612246
0.022182709
0.016901256
0.014294185
0.012374805
0.010594218
0.0072714543
0.0064262274
0.0051325489
-0.00099394961
-0.0074061094
-0.00011684805
0.0060141431
0.011235805
0.0092986167
0.0053352825
0.0025226339
0.001327543
-0.001446386
-0.0011170206
-0.0018226678
-0.00071190075
0.00058773298
0.001051586
0.00024511221
0.00083343149
0.0012957268
0.00060610614
0.0016952786
0.0026653562
0.0032917015
0.004349077
0.0058144356
0.0098852115
0.013092953
0.016883661
0.01759292
0.016673483
0.017576282
0.01868474
0.019289616
0.016520722
0.014153876
0.011767688
0.012014791
0.0096288701
0.0085598537
0.0079401292
0.0064623279
0.0070968547
0.00608872
0.0081818088
0.0064707081
0.0078294612
0.0064737289
0.0060296128
0.0052851081
0.0069614061
0.0054858966
0.0076673574
0.0062367478
0.0028255841
0.002194353
-0.00013097668
-0.00025512107
-0.00048668086
-0.0013087501
-0.0026952664
-0.0043004633
-0.0059561554
-0.0090145177
-0.011782002
-0.014972415
-0.015851345
-0.016021592
-0.019365202
-0.024473192
-0.031031271
-0.032448049
-0.03345276
-0.029350056
-0.026793779
-0.020821284
-0.015779441
-0.014166974
-0.017013259
-0.014373145
-0.013096108
-0.010025994
-0.0038987907
0.00011186931
0.0051351569
0.010809654
0.010572884
0.0088118756
0.012294113
0.016596972
0.019139148
0.021367841
0.021538786
0.022348748
0.021873986
0.021519217
0.020434497
0.018219083
0.0155046
0.014240142
0.012039174
0.0106479
0.0099767212
0.0099683089
0.010751236
0.0094493361
0.0081340718
0.0044914799
0.0016974489
-0.00033966332
-0.0015274463
-0.0017833208
-0.0043548436
-0.0062932553
-0.0072148235
-0.0079196438
-0.0090207142
-0.0090255174
-0.0080770633
-0.01068376
-0.01174191
-0.012934012
-0.011652868
-0.010621909
-0.0090212374
-0.0055832646
-0.0038765986
-0.003613293
-0.0042171472
-0.0040726097
-0.0023408747
0.0020696995
0.0068196292
0.012889877
0.016872304
0.020399349
0.022058662
0.022610728
0.018968985
0.017030805
0.014978067
0.011773113
0.0083531105
0.0071554642
0.0032777415
0.00089327358
3.1051415e-05
0.00061982414
0.0061889305
0.0098768265
0.013391171
0.011326083
0.0074798623
0.0027115463
0.0018300685
0.00043163994
-0.00069860046
0.0010808021
0.001360302
0.0021068905
0.0032097281
0.0022626345
0.0019576676
0.0032262883
0.002123184
0.0011318307
0.002633352
0.0026055414
0.003944278
0.0053871465
0.0078420001
0.01151524
0.015753372
0.016115868
0.016801023
0.019280582
0.020854192
0.022616423
0.019979808
0.018062482
0.015748586
0.015006981
0.011762866
0.010248266
0.009096296
0.0083944436
0.0068122346
0.0065027414
0.0069340999
0.0071245593
0.0073825896
0.0074037153
0.0065386112
0.0056329467
0.0064753687
0.0065403989
0.0058627453
0.0066643725
0.0064145756
0.0043515256
0.0029495124
0.00089033242
0.0004762097
-0.00025637073
-0.0016278796
-0.0027157379
-0.003670501
-0.0052680374
-0.0071519962
-0.0078564269
-0.0078173509
-0.0085378913
-0.011191765
-0.012826875
-0.015903352
-0.018792955
-0.017932182
-0.015779512
-0.014271104
-0.0075683483
-0.0056567734
-0.0062095756
-0.0068695294
-0.0056177682
-0.0034425895
-0.00037424779
0.0019760539
0.0054120346
0.0089222033
0.012791156
0.013365744
0.010996798
0.011076675
0.013415331
0.016840402
0.01876226
0.019336321
0.018902174
0.016484512
0.014618713
0.013174627
0.010773777
0.0082938236
0.0065056229
0.0055249021
0.0037301684
0.002961516
0.0027387972
0.0031782533
0.0038586986
0.0033031445
0.001826653
0.00033062665
-0.0022860913
-0.0037778425
-0.0048039252
-0.0072084688
-0.0075814757
-0.0081833501
-0.01053488
-0.010698788
-0.010449371
-0.0088163436
-0.0096459086
-0.010718034
-0.010177557
-0.010046667
-0.009400602
-0.0076479061
-0.0058791356
-0.005528228
-0.0062044132
-0.0065077131
-0.0046624996
-0.0012500267
0.00033555597
0.0017640108
0.0080690222
0.013574477
0.014674259
0.016180277
0.016197793
0.014980216
0.012860707
0.010884104
0.0088713412
0.0049376196
0.0029009553
0.0024091371
0.00017093679
0.0015122274
0.0049454142
0.0089211846
0.011667136
0.011344298
0.010282567
0.0065737212
0.0040834984
0.0026917047
0.00090219709
0.00045144871
-1.5765268e-05
0.00062376307
0.0010205972
0.0012915207
0.00071084466
1.4894552e-06
0.00094111515
0.00083685871
-0.00017130939
0.00064176472
0.0011261152
0.0030667549
0.003839664
0.0044628609
0.0063238831
0.0092394197
0.011473598
0.011480433
0.014263146
0.017671815
0.018902104
0.020488257
0.019283372
0.017736724
0.013397423
0.013086568
0.010225562
0.008994928
0.0084098096
0.0082393872
0.0072651209
0.0079493838
0.0078120864
0.0078861633
0.0074292167
0.0074033441
0.0087759835
0.0091821227
0.0087798348
0.0086036114
0.011085984
0.0095359537
0.0077310392
0.0062621048
0.0048428108
0.0038841447
0.0020356041
0.0012819027
0.0004838359
-0.00072884255
-0.0021217945
-0.0023994984
-0.0032153979
-0.0037048605
-0.0036688842
-0.0049214888
-0.0056634774
-0.0071881303
-0.0088751276
-0.0094777697
-0.0090400899
-0.0059892842
-0.0014626682
0.0003199095
-0.00055822419
0.00019219501
-0.0014239523
-0.0016478081
0.0011001944
0.0036005136
0.0053809815
0.0074426793
0.0096691898
0.010871267
0.0079048797
0.0071069184
0.0076812951
0.011250562
0.013504868
0.011971195
0.013379336
0.011761432
0.010467767
0.0082628711
0.0060431689
0.004766507
0.0030639458
0.0023636732
0.00060071415
-0.0010103482
-0.00032219675
0.0012360739
0.0020218081
0.0013706546
0.00021162811
-0.00073910738
-0.0018299381
-0.0053923463
-0.0063034961
-0.0085889328
-0.010332997
-0.010451559
-0.010108467
-0.0097521518
-0.0094681155
-0.0073002705
-0.006188765
-0.0063045593
-0.0055219001
-0.0053595099
-0.0052066463
-0.0040784742
-0.004229479
-0.0049216986
-0.005791746
-0.0054146117
-0.0049995213
-0.0026449665
-0.0014734044
-0.00077195929
0.0026020596
0.0086023494
0.01136592
0.011882655
0.011153675
0.011148354
0.0097560225
0.009398192
0.0087782398
0.0053041323
0.0057501567
0.0041830185
0.0040051637
0.0040253333
0.0045415555
0.0072317245
0.0092858981
0.0070547681
0.0072254104
0.0056482195
0.0049379702
0.0034985487
0.00058449302
0.00055176379
0.00040961401
0.00057674776
0.00045416601
-1.5764899e-06
-1.2765875e-05
0.00093892315
-0.00036357744
-0.0016205429
-0.0018056659
-0.0015561862
-0.00014219459
0.00071804163
0.0033516703
0.004606409
0.0053778066
0.0076272615
0.0086636234
0.0093185024
0.0099307746
0.011315776
0.012757687
0.013742367
0.014245469
0.014118302
