0.0041504863
0.0033581636
0.0031919459
0.002333364
0.0013652595
-0.00066579178
0.0019780474
0.011949072
0.017180723
0.015896746
0.014814453
0.013669586
0.010712071
0.0066077686
0.0068379434
0.003409389
0.0030428195
0.0034932651
0.0033270659
0.0054806524
0.0095104305
0.013085383
0.013161413
0.0131405
0.010786087
0.0071625791
0.0050639437
0.0020633847
0.00015187523
-0.00086183691
0.00016057486
0.000735573
0.00112906
-0.0015008856
-0.0043174089
-0.0051602479
-0.006003669
-0.0073925458
-0.0086066552
-0.010867491
-0.011062975
-0.011475243
-0.012220672
-0.012875424
-0.013055749
-0.013061217
-0.011637042
-0.010425731
-0.011391339
-0.014290251
-0.015582923
-0.015302312
-0.019134574
-0.020789583
-0.018676538
-0.015577178
-0.012577117
-0.0097192325
-0.0078102926
-0.007840107
-0.010064551
-0.012538384
-0.012948819
-0.014761614
-0.01265316
-0.010903097
-0.011398241
-0.011029179
-0.013420062
-0.014507458
-0.014119171
-0.013435401
-0.014187576
-0.011517173
-0.0090753908
-0.0081204867
-0.0054589592
-0.0049419988
-0.004902108
-0.0063198205
-0.0068074627
-0.0050315082
0.0005283208
0.0069040881
0.013050093
0.014865494
0.01629144
0.013273013
0.0084102575
0.0083789558
0.0083679993
0.010810192
0.013749723
0.015970592
0.013741677
0.010725433
0.0072630855
0.0051580182
0.002853787
0.0021203579
0.00077886189
0.0013760729
0.0013895166
0.0017137172
0.0024044011
0.0024470966
0.0015768255
0.0014139916
0.001269987
0.00087112738
0.00083492628
-0.00028761255
-0.0008321566
-0.000875623
-0.0015409591
-0.00093324637
0.0017859279
0.0063321955
0.0056927222
0.012685854
0.013756616
0.013443919
0.013813874
0.015965486
0.018058147
0.015436619
0.01616382
0.017903365
0.016018016
0.013032945
0.011531323
0.012120503
0.011796359
0.0089411252
0.0078773349
0.0067314983
0.0062959065
0.0059746801
0.0058696776
0.0052498925
0.0061148403
0.0056767107
0.0050376662
0.0045010725
0.0041048533
0.0042062645
0.0030279897
0.002754738
0.0010258219
0.00013006241
0.0059127355
0.014944415
0.017497903
0.015565721
0.012961767
0.0099291661
0.0067080222
0.0071269439
0.0046943543
0.0040674859
0.0028696531
0.00085603634
0.0011553154
0.0064438676
0.012109876
0.013478006
0.012204816
0.012911602
0.01248524
0.0085853194
0.0037519392
-0.00072220418
-0.0021742139
-0.0027151798
-0.0013848214
-0.0016489004
-0.0035204105
-0.0088200244
-0.011277159
-0.013016114
-0.013836629
-0.014888425
-0.017051228
-0.018851113
-0.018958625
-0.020417937
-0.021778248
-0.023322325
-0.023854749
-0.022741731
-0.020369008
-0.020604463
-0.019025895
-0.018896676
-0.020736473
-0.02406156
-0.025369156
-0.02267147
-0.019077917
-0.016732428
-0.013244821
-0.0098889066
-0.0074310666
-0.0088632659
-0.0081328696
-0.0086622654
-0.0087926257
-0.0087627264
-0.0066490154
-0.0070063039
-0.0058691104
-0.0047889909
-0.0050561795
-0.0058143431
-0.0069625238
-0.0052023415
-0.0045838566
-0.0037687453
-0.0016469188
0.0019109628
0.0019042304
0.0010645088
0.0019337447
0.0023366254
0.0026826642
0.0053438281
0.01121725
0.013383882
0.016682096
0.017761529
0.014386264
0.013402726
0.012661198
0.011522922
0.012155885
0.013346888
0.01398879
0.014438275
0.011485296
0.0078941959
0.0057081963
0.0034414689
0.001447243
0.001445041
0.0016480177
0.0017761326
0.0024937886
0.0023367537
0.0021526506
0.001909045
0.0011458603
0.00076509852
-0.00012490054
-0.0010197456
-0.0012025161
-0.0023233232
-0.0031891118
-0.0030544738
-0.0015165963
-0.00031182431
0.0021043
0.006284285
0.011685235
0.016735956
0.017346737
0.018894135
0.019269273
0.020344552
0.021816805
0.021655923
0.018527215
0.017828251
0.015354795
0.013127926
0.011671811
0.011962413
0.01024068
0.0078688922
0.0062906088
0.0060106259
0.0063624299
0.0061650046
0.0063541467
0.0063979429
0.0058690006
0.005823786
0.0050352792
0.0047137389
0.0050130781
0.0046007589
0.0040921157
0.0034432166
0.0013395367
-0.00016560879
0.0076819309
0.01236951
0.012754428
0.016280731
0.014177637
0.0080419759
0.0053744747
0.0037535997
0.0052458942
0.0033583042
0.00022112149
-0.0021580726
-0.0011580087
0.0040756291
0.01055078
0.01267905
0.012215758
0.012505607
0.012257717
0.0092815246
0.0039748653
0.00061413621
-0.0010263061
-0.00097166365
-0.0011824375
-0.0045097359
-0.0096853858
-0.016427886
-0.021712902
-0.023062884
-0.022858363
-0.025427013
-0.027439117
-0.029771296
-0.030426693
-0.032969503
-0.035223164
-0.037536877
-0.036742163
-0.036670211
-0.035510888
-0.03606219
-0.036046637
-0.029541493
-0.030706722
-0.033207883
-0.029247065
-0.026630645
-0.024249471
-0.019293337
-0.012628435
-0.005916037
-0.0079920689
-0.0079542552
-0.0061584009
-0.0050851168
-0.0027496237
-0.004471448
-0.0028803307
-0.0012824029
5.149778e-05
0.0020236016
0.0054241087
0.0052165813
0.0033434752
0.0049199308
0.0064610225
0.0091868995
0.01104381
0.012313179
0.010848418
0.0095441623
0.010346993
0.011993242
0.013718356
0.017368283
0.020192964
0.019192968
0.017370974
0.016079439
0.016658751
0.016466891
0.013754263
0.010481339
0.011362329
0.010854848
0.009793955
0.0088745484
0.0060201393
0.0039433309
0.0017916771
0.0007628723
0.00054273092
0.00053237646
0.0014429724
0.0016787961
0.0020685778
0.0014543081
0.0017018472
0.0011822795
0.001193303
4.7262445e-05
-0.00015747999
-0.0015868398
-0.001974518
-0.0036523551
-0.003045829
-0.0056402133
-0.0053455601
0.0014980289
0.0082903671
0.015444903
0.015469496
0.017192583
0.015657315
0.019006054
0.01950067
0.020888426
0.019049399
0.020016631
0.019223921
0.015343607
0.012334936
0.0095884669
0.0083032949
0.0068646658
0.005301683
0.0058313187
0.0056701517
0.0051818227
0.0052102919
0.0063712363
0.0065151728
0.0062667999
0.0060330625
0.0059683025
0.0054110086
0.0052656411
0.0052845617
0.0051536227
0.0060035754
0.0051229562
0.0043172706
0.0045873744
0.011576266
0.016785443
0.014283615
0.015363231
0.01359926
0.0096414314
0.0088227015
0.0054299706
0.0016448668
-0.0010034205
-0.0022669086
-0.0016941222
0.00027236677
0.0040414805
0.0085691738
0.011009845
0.013061201
0.014128393
0.012873832
0.012069105
0.0072765498
0.0048144201
0.001686058
0.0033678946
0.00047187719
-0.0038120687
-0.012582936
-0.021177037
-0.026097537
-0.030430946
-0.032012556
-0.034879383
-0.038841717
-0.043315553
-0.045742827
-0.04762871
-0.04907933
-0.052878752
-0.053678511
-0.056813096
-0.058684632
-0.057975968
-0.055100975
-0.049675671
-0.044623358
-0.039088489
-0.033195288
-0.030937411
-0.030211189
-0.025565807
-0.015824873
-0.010729036
-0.013921395
-0.0098792148
-0.0055833149
-0.0036645269
-0.0013864023
0.0015397384
0.0024538681
0.0021605133
0.0038668126
0.0099455192
0.013394031
0.016262443
0.017953076
0.019514104
0.02169952
0.023694071
0.026297473
0.024211041
0.022553508
0.023372593
0.024621199
0.025326773
0.023080726
0.024967054
0.024361856
0.020691018
0.018544293
0.017383465
0.016466152
0.013948495
0.011756943
0.0075200713
0.0073403665
0.0062731953
0.0055826218
0.0047084008
0.0032615555
0.0017143045
0.0012494449
0.0005721122
0.00088901484
0.00050805712
0.0010678904
0.0014854774
0.0020780611
0.0026548712
0.0030395596
0.0025111529
0.0029355928
0.0020957633
0.0020114184
0.00091468443
0.00093290572
0.00045432764
0.0017821955
2.008047e-05
0.0020131709
0.0067341108
0.010144714
0.012518713
0.014569133
0.013132784
0.013853477
0.01506306
0.015737622
0.016330285
0.015868731
0.015688541
0.014645434
0.011715458
0.0070148166
0.005160743
0.0035993807
0.0032671034
0.0027543677
0.0044682272
0.0044010156
0.0052200898
0.0061445488
0.0070570407
0.0059448046
0.006399104
0.0065878856
0.0067154996
0.0063191305
0.0054417016
0.0064863421
0.0070095396
0.0077339215
0.0086776108
0.0087112868
0.011807525
0.019502693
0.019688132
0.016523555
0.013696533
0.014281697
0.011743925
0.0102523
0.006316233
-0.0019513799
-0.0039330666
-0.0033089338
-0.0014223208
0.0028311534
0.0080521619
0.01195715
0.014081274
0.013761346
0.014971533
0.013394551
0.01534993
0.014800341
0.011486441
0.0073921931
0.0042142955
-0.00016094365
-0.0072811322
-0.012291733
-0.021902759
-0.031230519
-0.035299171
-0.039445019
-0.045442917
-0.051598782
-0.055781568
-0.059652088
-0.058462482
-0.058455744
-0.063687211
-0.068344132
-0.072521051
-0.073100877
-0.068182144
-0.066407758
-0.06240577
-0.057038962
-0.054080247
-0.045247178
-0.040863859
-0.036780204
-0.029069314
-0.023894659
-0.022639242
-0.01910986
-0.016271804
-0.014332208
-0.011492555
-0.0032449443
-0.00078471235
0.0036702749
0.0065321793
0.0083924496
0.014096009
0.020643386
0.023864114
0.027343389
0.033359947
0.036042173
0.034403388
0.036300412
0.035514601
0.033945123
0.034434782
0.033403733
0.032588707
0.02493444
0.023123215
0.020465313
0.017367438
0.014949972
0.014275976
0.013016446
0.0090813723
0.0068016545
0.0047280269
0.0042650287
0.0026472444
0.002366087
0.0008447956
2.2001804e-05
0.00012610695
0.00014099815
8.5546396e-05
0.00021412322
0.0010361632
0.0022125096
0.0033507155
0.0031335242
0.0037475728
0.0041383874
0.0045040915
0.0045489271
0.0044559713
0.0044630862
0.0047359366
0.0053825875
0.0053904036
0.0052640267
0.0035584345
0.0075829563
0.0076483586
0.0094889955
0.010631107
0.011117385
0.012059772
0.0095017389
0.010391123
0.011737477
0.015179008
0.014009772
0.012654265
0.013388332
0.011484743
0.0080296797
0.0051528345
0.0024758195
0.0020515903
0.0034799792
0.0055473063
0.0058153254
0.0068302133
0.0070520857
0.0074361169
0.0074190629
0.0079966462
0.0077795185
0.0078542349
0.006623902
0.0072528206
0.0085151955
0.0092614416
0.0098982392
0.013514807
0.014699115
0.018023302
0.021102982
0.019494216
0.013052402
0.014511321
0.012788242
0.016623243
0.010206432
0.0032852969
-0.0036310291
-0.004185015
0.0008376733
0.0059269863
0.01166058
0.015513869
0.019853547
0.020059631
0.020611205
0.018326015
0.018329688
0.016431587
0.013649846
0.010252735
0.0077339082
0.00088230159
-0.0042471168
-0.010435878
-0.015034453
-0.022403541
-0.032388894
-0.041133428
-0.046207909
-0.05323677
-0.062295799
-0.070184036
-0.072639265
-0.071431274
-0.06619914
-0.0626341
-0.062609488
-0.068871253
-0.073329909
-0.068280013
-0.063120636
-0.058170506
-0.054483717
-0.04847011
-0.041733179
-0.03643825
-0.026817405
-0.025836933
-0.024718923
-0.03132706
-0.032824194
-0.026689064
-0.022950987
-0.016367736
-0.0047638375
-0.002193174
0.0020084322
0.0087196706
0.01256272
0.018501693
0.022788031
0.027681208
0.03253584
0.037948847
0.041073298
0.041612316
0.039109592
0.037699502
0.03762282
0.038905668
0.035361667
0.033604135
0.029162211
0.022971715
0.018685745
0.015715403
0.012917389
0.0095848315
0.0079648699
0.0052078973
0.0040463334
0.0021908962
0.0022619654
0.0018144658
0.0010201442
0.0006067726
0.00023413339
0.00053062581
0.00085130169
0.0010427147
0.0017436207
0.0028337658
0.0030499529
0.0031824375
0.0034981363
0.0039223054
0.0044431636
0.0046691281
0.0054360968
0.0061782345
0.0068527386
0.0079432244
0.0085937055
0.0086466919
0.0092909318
0.008538679
0.0062297626
0.0061161514
0.0066462774
0.0073664242
0.0081900189
0.0092004733
0.01101641
0.010926354
0.013047612
0.011755624
0.014004102
0.017605895
0.015814431
0.014578328
0.011313338
0.0056298763
0.001984218
0.0023948934
0.0047771846
0.0066564786
0.0073840518
0.0077352512
0.0078099473
0.0089630713
0.0089983216
0.0090449397
0.0084331508
0.0090170956
0.0083654515
0.009009995
0.010921892
0.011365044
0.014264215
0.01523136
0.015866498
0.017772272
0.01824492
0.014491603
0.01308677
0.012878484
0.012689739
0.015141932
0.010129593
0.0045615411
-0.0038670866
-0.0049628794
-1.3836647e-05
0.0072182322
0.013335481
0.017485896
0.021205229
0.020720028
0.017667165
0.016117999
0.016572057
0.014954307
0.0099338968
0.0059124894
0.00036405672
0.00059393733
-0.007974478
-0.014285287
-0.020279088
-0.026970693
-0.036958604
-0.047334999
-0.056329175
-0.065566431
-0.07682899
-0.079181076
-0.0805971
-0.072398551
-0.066992169
-0.067232119
-0.070180464
-0.06936319
-0.063585907
-0.05702073
-0.049464405
-0.05509191
-0.049983404
-0.0429841
-0.038467495
-0.030398422
-0.024825166
-0.025934258
-0.024778583
-0.029129469
-0.029156721
-0.020122627
-0.015119819
-0.012499403
-0.0095141489
-0.00080919129
0.0068021184
0.012575721
0.018799289
0.021946782
0.026259854
0.029888218
0.034319923
0.037051574
0.039598826
0.039282203
0.037720771
0.034138044
0.03486024
0.034031203
0.032066107
0.028926995
0.024299499
0.021524194
0.017007681
0.013804284
0.011897098
0.0087797054
0.0069789723
0.0046507721
0.0038151795
0.0026853086
0.0030763832
0.0032579185
0.0021560986
0.0020168871
0.0026100014
0.0027409161
0.0033864849
0.0035734061
0.0038610538
0.0043877465
0.0048708928
0.0050622772
0.0054560776
0.0055812519
0.0061562012
0.0059414212
0.0072122251
0.0078009588
0.0095235899
0.011094833
0.012014775
0.013069559
0.014797288
0.0094397793
0.0037376571
0.0065985506
0.0073508993
0.009718496
0.0099341055
0.011342113
0.01527678
0.020172825
0.019261963
0.017765343
0.016096014
0.012982424
0.013449951
0.013676493
0.0093521172
0.0029186733
0.0015800385
0.0019187584
0.0035961992
0.0052050978
0.0078486878
0.0079773373
0.0089261802
0.0093722514
0.0095287332
0.0097427726
0.0087281225
0.0087019744
0.010082763
0.0091568542
0.013580089
0.015104497
0.016292592
0.016355189
0.014638422
0.015935468
0.014288495
0.011421232
0.014805879
0.015357106
0.016863433
0.017943904
0.014314412
0.0072736796
-0.0038466603
-0.0039158788
0.002677089
0.0062973129
0.011817646
0.016575302
0.020414616
0.021044636
0.02146647
0.020895416
0.019278611
0.019997473
0.016141313
0.011410128
0.0081547938
0.0047145108
-0.0037071328
-0.011353345
-0.019902219
-0.031253758
-0.04110879
-0.05028866
-0.062280041
-0.073562675
-0.076991593
-0.075099254
-0.070286238
-0.061918485
-0.056440069
-0.054857985
-0.051678933
-0.055561725
-0.052639516
-0.050780993
-0.052307683
-0.049353139
-0.043309085
-0.038691461
-0.036424338
-0.031062132
-0.029922356
-0.034948018
-0.034224498
-0.033501882
-0.027018913
-0.020403222
-0.010385367
-0.0056607107
0.00075061278
0.0090340663
0.014634093
0.018246926
0.022990488
0.026057033
0.026253291
0.02877984
0.03248219
0.034203346
0.036268081
0.035220347
0.032012316
0.02865386
0.027125739
0.026325089
0.024394224
0.021310082
0.019304107
0.016111517
0.013442811
0.012513597
0.011354323
0.01007438
0.0079527112
0.0069883583
0.006472199
0.0053038438
0.0044537968
0.0047076402
0.0044228996
0.0045526979
0.004571897
0.0052945525
0.0060169079
0.0061924118
0.0062437905
0.0072973964
0.0078941504
0.007982439
0.0080693027
0.0083380439
0.0086204222
0.0089839763
0.0098198297
0.010411373
0.01155642
0.012678719
0.013272639
0.016458041
0.017665638
0.006606915
0.0049973007
0.007900679
0.010227848
0.014130429
0.010761517
0.015087857
0.01929064
0.022046823
0.020763201
0.018990216
0.015505374
0.014908374
0.012281254
0.010541611
0.0061127813
0.0039398765
0.0039272424
0.0036542652
0.005771169
0.0064809681
0.0072492628
0.009233758
0.0092762779
0.010733943
0.010699141
0.011002118
0.010737647
0.011982338
0.012780664
0.013614351
0.016145521
0.017244249
0.017485005
0.013798711
0.014427605
0.01311919
0.013763529
0.014745816
0.015470387
0.018144616
0.018368889
0.017336168
0.01555198
0.0092073439
0.00076214235
0.0016912094
0.0073977171
0.0081486274
0.0089196065
0.013512025
0.018612343
0.022767478
0.025512133
0.027076894
0.026489058
0.025456399
0.024367643
0.02179435
0.019225387
0.011166213
0.0052842642
-0.0045088332
-0.015237746
-0.027087514
-0.040098216
-0.052260283
-0.062930147
-0.071151553
-0.069460581
-0.067707734
-0.062877019
-0.062683951
-0.06167792
-0.057101616
-0.053183202
-0.057505112
-0.058082329
-0.051610628
-0.052303964
-0.05162649
-0.049403198
-0.044323088
-0.04725042
-0.044014899
-0.04311839
-0.037273457
-0.034612051
-0.03065883
-0.024266325
-0.016105289
-0.0092784683
-0.0012773455
0.0040213349
0.0076776429
0.01201325
0.018265492
0.021691907
0.022126237
0.023847527
0.025816613
0.027302481
0.029781605
0.029595305
0.028618687
0.026229811
0.023210906
0.019454913
0.018058378
0.016526511
0.013814959
0.014125436
0.011891483
0.011466882
0.011155239
0.010307998
0.0095503418
0.0074821534
0.0064029054
0.0066400701
0.0065084314
0.0052191952
0.0054449118
0.0051953301
0.0051066442
0.005506491
0.0062699228
0.0064766581
0.0069136963
0.0073983535
0.0079381414
0.0083385896
0.0078307754
0.0082096576
0.0080789717
0.0087601314
0.0090281666
0.0098824859
0.010011962
0.010695625
0.011819499
0.011323715
0.015524849
0.017839744
0.0093838024
0.0052655332
0.0068729811
0.012083844
0.016776749
0.014061157
0.014817187
0.016299366
0.014678482
0.013704006
0.014139045
0.011249332
0.0085110837
0.0063563956
0.0038461535
0.0031447279
0.0032997206
0.0049990855
0.0064340086
0.0075743288
0.0065884426
0.0072162538
0.009067434
0.011704706
0.012863971
0.012956621
0.012982713
0.013846666
0.014170791
0.016161423
0.016586543
0.016089942
0.017726905
0.018583129
0.014510673
0.015605819
0.014676364
0.016555005
0.018194959
0.018061066
0.019722106
0.023133934
0.020278109
0.01699312
0.0086580916
0.0042444033
0.0053740853
0.0085140402
0.010031524
0.00959142
0.01193452
0.016753473
0.020356666
0.023360486
0.0272088
0.02825003
0.025824896
0.023602748
0.018972302
0.01531222
0.007018859
-0.00034499709
-0.0095250452
-0.017807851
-0.028154911
-0.038766089
-0.050394125
-0.061018242
-0.06716603
-0.066514204
-0.063122248
-0.065059252
-0.068395314
-0.065106098
-0.064382847
-0.057702279
-0.059558077
-0.058346645
-0.049167712
-0.053230651
-0.050654488
-0.044522456
-0.044411612
-0.04657885
-0.040595999
-0.037566093
-0.034446857
-0.032307235
-0.028147007
-0.021683896
-0.014569838
-0.010234773
-0.0025235753
-0.00065483003
0.005177129
0.0064620184
0.0094814009
0.010213815
0.012120898
0.013114552
0.015389391
0.019311427
0.020846674
0.020814013
0.021310604
0.019732048
0.016611864
0.013710387
0.011181349
0.010269544
0.010389569
0.010690353
0.0099009249
0.0097900337
0.0088695397
0.006925019
0.0070868871
0.005177825
0.0048921859
0.0044500765
0.0051298762
0.0035133478
0.004085126
0.0036907776
0.0038194011
0.0042023442
0.0051686223
0.0044811046
0.0049848127
0.0058434212
0.0064481353
0.0065917677
0.0061680291
0.0056957841
0.0065817155
0.0077063474
0.008090083
0.0076815626
0.0076340804
0.0069381555
0.0081563239
0.0097329903
0.010617304
0.010828104
0.0095738996
0.006384572
0.003598119
0.008621111
0.010582007
0.012208066
0.010871555
0.007785355
0.0059792589
0.0061945313
0.0061697259
0.0057788306
0.003329729
0.0018207533
0.001027248
0.0013022823
0.00021482033
0.0043021537
0.0065874197
0.0066704464
0.0062281409
0.0082683499
0.010327647
0.0092481954
0.012022157
0.0152966
0.013677913
0.01495916
0.017549418
0.017519627
0.017979086
0.016304974
0.01751719
0.01578001
0.015684928
0.01594948
0.014838868
0.015976748
0.017730254
0.016089094
0.016972475
0.017227158
0.017606129
0.013503951
0.0068888605
0.0035573304
-0.00035897845
0.0025187112
0.0051158271
0.0045693327
0.0061775348
0.0075429565
0.011740658
0.015640813
0.019627379
0.01866524
0.017297299
0.012671358
0.0084498865
0.0037783984
-0.0023633327
-0.010051735
-0.016587264
-0.024921196
-0.034605028
-0.044320831
-0.056075834
-0.063075954
-0.067234035
-0.06706318
-0.068644499
-0.067086765
-0.071224254
-0.075082543
-0.074613553
-0.069862914
-0.061921773
-0.051961609
-0.050566537
-0.047543018
-0.046820165
-0.044517457
-0.041809746
-0.036165157
-0.031911983
-0.02734535
-0.025834868
-0.021393875
-0.020611026
-0.016437115
-0.01322821
-0.006969605
-0.0043842535
-0.0030581327
-0.00079830798
0.00060149702
0.002426252
0.0042449583
0.0055978778
0.0062852735
0.008207987
0.0082518353
0.01308
0.01343218
0.013608507
0.013323373
0.011188224
0.0099419533
0.0066359252
0.0044387681
0.0064501866
0.0068253329
0.0071211954
0.0069309601
0.0047566161
0.0036194683
0.0029847699
0.001267429
0.0012472065
0.00018911442
0.00054934506
-0.0010705788
0.00017778989
-0.00026403469
0.00018378821
1.5156342e-05
-2.2025856e-05
-0.00052669525
-0.00087365117
0.00037403804
0.0019731885
0.0011525708
0.0015026786
0.0029996867
0.0028622167
0.0037334702
0.0051115628
0.0053143937
0.0054707271
0.0060261971
0.0067347836
0.0063810357
0.0042445173
-0.00057545868
0.0030596181
0.0074637992
0.0031482021
0.0027541695
0.0032191987
0.0065797473
0.0062449438
0.0032623601
0.00093149115
-0.0013899442
-0.00040448645
-0.0018243042
-0.0029194099
-0.003536676
-0.0048731148
-0.0049425751
-0.0035309403
-0.0024929451
-0.0012087047
0.0036824266
0.0070497871
0.0056824322
0.0091100248
0.012023371
0.015444474
0.015868894
0.014361025
0.013455285
0.014787662
0.014517545
0.01524155
0.011067143
0.010018651
0.0089735204
0.011479147
0.013137719
0.01191289
0.010609527
0.010451721
0.010105136
0.0092769772
0.0094409879
0.0089699207
0.007107135
0.0047070487
0.0041979041
0.0023799954
0.00099789334
0.0018555077
0.0028306271
0.0027607992
0.0028061438
0.0047673903
0.0063569746
0.0067873458
0.0082799676
0.0076615275
0.0040922668
0.00041772413
-0.0034705589
-0.0095361756
-0.01863548
-0.023790674
-0.032366749
-0.039230015
-0.049821763
-0.059560266
-0.06420734
-0.067527369
-0.068673415
-0.0692925
-0.069032127
-0.07496217
-0.0754491
-0.079280952
-0.074135706
-0.0599807
-0.052570373
-0.047378793
-0.040605239
-0.038453484
-0.039675407
-0.037415021
-0.029347476
-0.024878293
-0.021853798
-0.017164063
-0.015076337
-0.01195327
-0.01028081
-0.0078972146
-0.0030958076
0.0028632307
0.0024667721
0.0034683753
0.0048122237
0.0055305376
0.0073738196
0.0099053075
0.0099248513
0.011168675
0.012173509
0.013292039
0.011750752
0.0084593203
0.0078868971
0.004394951
0.0013150696
-0.0027282977
-0.0046765837
-0.004532244
-0.0058695451
-0.0059699592
-0.0073488755
-0.0073049384
-0.0069318816
-0.0076423145
-0.010378729
-0.010465649
-0.01118808
-0.012524779
-0.012472522
-0.011766709
-0.010655133
-0.012723218
-0.011254621
-0.0092761265
-0.0063573737
-0.0032391051
-0.00057548394
0.00075534015
0.0011755531
0.0020203442
0.0033070258
0.0025291437
0.0038666768
0.0049352628
0.0054549222
0.0067071949
0.0081241697
0.0076807397
0.0070764756
0.0015689115
-0.0046605344
-2.9042931e-07
0.0059842046
0.0057612312
0.002632194
0.0026659213
0.0015466174
0.0017264058
-0.00039551074
-0.0017260335
-0.0028843398
-0.0023357851
-0.0046210643
-0.0054843084
-0.0048355274
-0.0063785693
-0.0033063648
-0.0023777594
-0.0017506033
-0.00069139737
0.0019979676
0.0047975054
0.0068496285
0.0085833968
0.010481389
0.013369823
0.014303009
0.012353459
0.01218959
0.010611978
0.0087816028
0.0098903173
0.0090557672
0.008036075
0.0067018667
0.0076313546
0.0076219368
0.0097404766
0.0098957153
0.008656701
0.008382591
0.0072385253
0.0061381475
0.0056454024
0.0051279804
0.0057857916
0.0076048658
0.0083101823
0.0058440481
0.0023532868
0.0013546285
-0.00099373234
0.0013768255
0.0027972967
0.0040840283
0.0041150088
0.0016181201
0.0022417487
-0.0025968687
-0.0052279087
-0.0094338191
-0.015461748
-0.020116565
-0.023107873
-0.031757372
-0.04370441
-0.050620922
-0.055025385
-0.059459285
-0.060956288
-0.058435703
-0.055666543
-0.058355836
-0.060196234
-0.061660722
-0.063875762
-0.06348846
-0.053178309
-0.041590494
-0.033497949
-0.028439282
-0.02815375
-0.028595574
-0.024688607
-0.017200147
-0.012660204
-0.0061758511
-0.0064653697
-0.0046685722
-0.0027483599
0.0015860939
0.0048285757
0.0087488548
0.0097995493
0.012072892
0.01144639
0.010336744
0.011754296
0.012520551
0.014110442
0.01394788
0.014942912
0.01524622
0.010235524
0.0079235435
0.0063724596
0.00241057
-0.00072785378
-0.0036850593
-0.007462942
-0.0075393508
-0.0073981611
-0.011226152
-0.011560945
-0.011632559
-0.012542155
-0.011949566
-0.012454368
-0.01228043
-0.010467128
-0.011636214
-0.013992152
-0.014710098
-0.013707271
-0.015340937
-0.01506839
-0.013260523
-0.0088721628
-0.0061735961
0.00044547251
0.0045617823
0.0079107045
0.0096903038
0.0095368754
0.0090170677
0.0079898655
0.0060826173
0.0050873565
0.0053603617
0.0060544677
0.0035338275
0.0038438048
-0.0010058065
-0.0066228925
-0.0053943316
-0.00040501666
0.0046432279
0.00029990996
0.0025376027
0.00069727161
-0.00030981908
-0.0032454539
-0.004850726
-0.0048963554
-0.003503959
-0.0018785838
-0.0024771458
-0.0022169279
-0.0010042065
-0.00217832
-0.0032345477
-0.0018588535
-0.001949681
-0.0014826581
-0.00032563186
0.0043072348
0.0077576504
0.0098847392
0.01227136
0.01246686
0.013617327
0.016700949
0.015287855
0.013233583
0.010822973
0.0088439417
0.011694174
0.010964054
0.0075174447
0.0067797648
0.0075358518
0.0090542512
0.0080171858
0.0086331177
0.0095362415
0.0096259587
0.0079474717
0.007780328
0.0065036279
0.0090365865
0.0076034096
0.0099049283
0.010748472
0.0054076746
0.0033777521
0.002455031
0.0020096401
0.002294178
0.0027741461
0.0023387552
0.0009527134
-0.00062627311
-0.003282181
-0.0072132936
-0.011469539
-0.01368594
-0.015629081
-0.018383586
-0.026401768
-0.037963526
-0.043809809
-0.045062675
-0.043898838
-0.045259584
-0.041557029
-0.039939064
-0.039718167
-0.04061855
-0.040172195
-0.041901927
-0.041055424
-0.035265367
-0.025127552
-0.019430577
-0.015299034
-0.014655636
-0.014236059
-0.010156913
-0.0044958221
-3.4935359e-05
0.0037359252
0.0045554279
0.0070977737
0.010234635
0.013687922
0.014814529
0.015382297
0.01597858
0.016296821
0.014733999
0.013324536
0.010959346
0.012415982
0.013045128
0.015397261
0.013720775
0.012806455
0.0067501985
0.0042471732
0.0022162459
0.0011991638
-0.0012172707
-0.0026487394
-0.0052972723
-0.008137871
-0.0086286873
-0.0094207218
-0.011469711
-0.012772742
-0.014224137
-0.015052896
-0.013870656
-0.012329245
-0.012443132
-0.011423987
-0.011899936
-0.013062915
-0.01356441
-0.012177228
-0.014124598
-0.011090605
-0.0059814235
-0.0017510107
0.0036994263
0.0055131347
0.012503545
0.013970937
0.015837978
0.012922738
0.01089587
0.0093200047
0.0083443642
0.0053457339
0.0046130688
0.0040555735
0.00032983861
-0.0075692783
-0.0045512211
0.00040740376
0.0057428486
0.0064611772
0.0040293224
0.0020098143
0.0011141552
-0.0019275802
-0.0025925579
-0.0038315182
-0.0038679105
-0.0026303158
-0.0022120501
-0.0027657272
-0.0030841432
-0.0026637975
-0.0038236749
-0.0035918331
-0.0030823072
-0.0029016162
-0.0019974948
-0.001092036
0.0020789493
0.0056037963
0.010323094
0.013308415
0.013317525
0.014946237
0.017319884
0.019393292
0.018476648
0.016320967
0.014614933
0.014929749
0.012493124
0.010473185
0.0099263175
0.0080058773
0.0085630232
0.007361575
0.0093998904
0.0079150334
0.0092058736
0.0086191189
0.0083523085
0.0077618392
0.0097020799
0.0088842762
0.010895248
0.010842125
0.007149853
0.0064507976
0.0042306864
0.0040323631
0.0039743705
0.0038133132
0.0026721652
0.0017503951
0.00065961164
-0.001157349
-0.0038022784
-0.0064978888
-0.0087329718
-0.0085861558
-0.011037171
-0.015388489
-0.023587637
-0.027769375
-0.031654942
-0.030839537
-0.030391402
-0.027049257
-0.023202763
-0.02064341
-0.023433696
-0.022596646
-0.021314302
-0.020027054
-0.015495885
-0.012189733
-0.0082132547
-0.0022209809
-0.00018304555
-0.00226165
-5.5085857e-05
0.0042280793
0.0078527473
0.011706416
0.013133935
0.014901959
0.015924126
0.016838118
0.017228679
0.016160114
0.014446896
0.013960305
0.012702186
0.011360611
0.010755533
0.010279612
0.011418539
0.011119999
0.010619117
0.0080572174
0.0052085299
0.0029259966
0.0011885413
0.00091867564
-0.0014212808
-0.0039509482
-0.0056457317
-0.0071921761
-0.0090177198
-0.009902515
-0.008878535
-0.011457502
-0.01317131
-0.015527547
-0.016001212
-0.015829352
-0.015423014
-0.01284524
-0.011192821
-0.01025022
-0.01097287
-0.011898805
-0.01215586
-0.0092293501
-0.0055834377
-0.0003396472
0.0040129639
0.0087160534
0.011919609
0.014623233
0.013073191
0.012201699
0.01171141
0.0095318453
0.0063030248
0.0052022121
0.0023940392
-0.0010622069
-0.0018274471
-0.002858999
0.00078017481
0.0042754153
0.0085969168
0.0086858405
0.0067569426
0.0029703546
0.0015197694
0.00023806256
-0.0018860296
-0.0014673845
-0.0013906454
-0.0012116559
-0.00038623976
-0.0011311828
-0.0020385939
-0.00098382353
-0.0016398936
-0.0036124231
-0.0030279199
-0.0036313973
-0.0033518348
-0.0022845736
-0.00027452053
0.0029323096
0.0076974409
0.0095467978
0.011004062
0.01447076
0.01689163
0.02038821
0.020104332
0.018893099
0.018000628
0.016586093
0.013632911
0.012008533
0.010761231
0.010092189
0.00845663
0.0074613557
0.0078786096
0.0081930235
0.008480679
0.0088926081
0.0084935851
0.0075905678
0.0084104369
0.0091456155
0.0085473116
0.0094197279
0.0096881007
0.0078077235
0.0065951979
0.0046594653
0.0040205072
0.0038302236
0.0025674653
0.0016546984
0.00092097817
3.3463975e-06
-0.0020118073
-0.0029127542
-0.003381603
-0.00366345
-0.0061381581
-0.007915634
-0.011252088
-0.015735896
-0.017908152
-0.01758666
-0.018214783
-0.013312389
-0.010304392
-0.010624914
-0.011881737
-0.012031955
-0.010233056
-0.0078949488
-0.0062863079
-0.0034079796
-0.00038515709
0.0036724277
0.0060828307
0.0042858271
0.0038032131
0.0054887711
0.0091246827
0.012348531
0.014745135
0.016135499
0.015496858
0.014338583
0.013944514
0.012549943
0.010661995
0.0090043442
0.0082993943
0.0065815346
0.0055727334
0.0049411457
0.0050373799
0.0055421031
0.0054766506
0.0043475042
0.003526072
0.0012257565
-0.00041377938
-0.0014484136
-0.0040582134
-0.005239391
-0.0059734871
-0.0091445211
-0.010327503
-0.010774701
-0.0098510002
-0.010397854
-0.012133712
-0.012222596
-0.012855053
-0.013287885
-0.01242995
-0.011288403
-0.010786145
-0.01162715
-0.012372035
-0.011868884
-0.0096502268
-0.0085640663
-0.0084601644
-0.003737917
0.0024792322
0.0048191651
0.007333414
0.0093240669
0.0096067218
0.0089982468
0.0081915782
0.0069628593
0.0035087962
0.00084743425
0.00032965813
-0.0020677659
-0.002325837
0.00021877054
0.003674597
0.0072182259
0.0082663705
0.0087500618
0.0066678684
0.0044119158
0.0032118531
0.0013529319
0.0003497258
-0.00062976876
-0.00068822956
-0.00082560748
-0.00096311164
-0.0016466962
-0.0026896673
-0.0024153122
-0.0023867121
-0.0039140707
-0.003974118
-0.0040511264
-0.0031816433
-0.002408108
-0.0023289586
-0.0011331642
0.0015116096
0.0047610757
0.0053112911
0.0077597853
0.012043817
0.014342219
0.017296043
0.018143768
0.017776796
0.012613867
0.01316385
0.01097991
0.0095664196
0.0089048208
0.0088629072
0.0077550236
0.0081687249
0.0083261973
0.0084070956
0.0083787852
0.0079845683
0.0093004719
0.010079669
0.01033994
0.0097973222
0.012967785
0.012653056
0.010978999
0.0099500286
0.0083854634
0.0079165346
0.0061578203
0.0054092008
0.0046821691
0.0036737528
0.0023923322
0.001858502
0.00088495171
-7.1001073e-05
0.00015613038
-0.00086388282
-0.0020320477
-0.0039255025
-0.0063647039
-0.0085656873
-0.0097312903
-0.0087539254
-0.0048795782
-0.0025095532
-0.0028719951
-0.0020635605
-0.0033210263
-0.0050208767
-0.0036654709
-0.0016975937
8.2682148e-05
0.002316673
0.0046138876
0.0072061001
0.0050556585
0.0035121943
0.0036119577
0.0063632848
0.010101997
0.009628394
0.011900247
0.012168657
0.011498416
0.010515145
0.0086649695
0.0078077736
0.0066003442
0.006079512
0.0044352155
0.0024321438
0.0022319383
0.0032602422
0.0039658714
0.0037147093
0.0029974973
0.0023036607
0.0020126786
-0.00094373389
-0.0023244818
-0.004589197
-0.0072416451
-0.008681087
-0.0095135106
-0.0098268088
-0.010393592
-0.0087689394
-0.0077446961
-0.0080554929
-0.0073543228
-0.0069959652
-0.0076653669
-0.0067309632
-0.0070077781
-0.00799055
-0.0093789822
-0.0093348314
-0.0099394553
-0.0086147972
-0.0079953657
-0.0080259185
-0.0064464582
-0.00087249023
0.0028656453
0.0045496772
0.0052544712
0.0065369109
0.0068585652
0.0063744233
0.0067044903
0.0032988885
0.0035368267
0.0020715439
0.001506272
0.0015223771
0.0017717821
0.0037640997
0.0067105502
0.0059462383
0.0062787315
0.005782639
0.0051015224
0.0045296416
0.001607458
0.00072055913
0.00041191485
0.00029235318
-0.00026547936
-0.00090498483
-0.0014716553
-0.00083661391
-0.0018188216
-0.0033099395
-0.004067195
-0.0047148959
-0.0040392585
-0.00390413
-0.0020354305
-0.00065954722
-0.00037833576
0.0016033649
0.0033100492
0.0042479646
0.0051340475
0.0067181404
0.0084315451
0.01004854
0.011484047
0.012422989
