0.0040643763
0.0033516164
0.0032510194
0.0024260683
0.0015704982
-0.00016989038
0.0031942607
0.013432021
0.017839084
0.016010727
0.014570923
0.013058337
0.0097427016
0.0057825797
0.0060377889
0.0025712716
0.0025425254
0.0030094025
0.0031651205
0.0054209527
0.0094263164
0.012805044
0.012578885
0.012199847
0.009354187
0.0057264841
0.00355202
0.00054406113
-0.0012523862
-0.0021532692
-0.0010140792
-0.00046148444
-0.0001485683
-0.002883366
-0.0055095113
-0.0062130767
-0.0070088475
-0.0083278863
-0.0094978413
-0.011603637
-0.011583051
-0.01189682
-0.012472279
-0.012954445
-0.013014634
-0.012877096
-0.011420454
-0.010378858
-0.011500031
-0.014375977
-0.015321621
-0.015058649
-0.018703346
-0.01977097
-0.017267405
-0.014059869
-0.011106951
-0.0084256753
-0.006874358
-0.0072313763
-0.0096657042
-0.011986012
-0.012414191
-0.014039848
-0.011763374
-0.010183135
-0.010653281
-0.010407097
-0.01275804
-0.01359537
-0.012928047
-0.012236584
-0.0127969
-0.0097760588
-0.0072986036
-0.0062605067
-0.0035383752
-0.0032574919
-0.0034210563
-0.0048112767
-0.0048448628
-0.0024293772
0.0035310602
0.0098856393
0.015623645
0.016785129
0.017695599
0.013970125
0.0093112158
0.0094761744
0.0095756492
0.012046055
0.014819949
0.01640228
0.013719366
0.010509656
0.0071150191
0.0051395055
0.0030358054
0.0024458596
0.0012076589
0.0019612319
0.0020195368
0.0024373436
0.0030785045
0.0030040633
0.0021354683
0.0020424072
0.0019026786
0.0015491018
0.001521382
0.00043472129
5.8272298e-05
4.1080996e-05
-0.00036308237
0.00060167943
0.0037429222
0.0079987874
0.0074948291
0.014764254
0.015107794
0.014753149
0.014975357
0.017205972
0.018844521
0.016085055
0.016768236
0.017972395
0.015514952
0.012526461
0.011168054
0.01194665
0.011438637
0.008607834
0.0075877829
0.006453072
0.0060877148
0.0058569347
0.0057762027
0.0052324021
0.0061288731
0.0056247903
0.0049635019
0.0044258965
0.0038859516
0.0040134864
0.0028625179
0.0027160275
0.0010094409
0.00063623409
0.0070644505
0.015905404
0.017668189
0.015096562
0.012076277
0.0088331227
0.0058185332
0.0062553091
0.0038115464
0.0033476548
0.002147618
0.00041020497
0.0010129545
0.0066283447
0.011865193
0.01280043
0.011318876
0.011804962
0.010786238
0.0066240934
0.0016294152
-0.0026641039
-0.0040723727
-0.0044017009
-0.0030308878
-0.0033367159
-0.0055050139
-0.01071789
-0.012820916
-0.014388479
-0.015049256
-0.015999643
-0.018036721
-0.019485027
-0.019379291
-0.020625394
-0.021784806
-0.022991157
-0.023187965
-0.02175109
-0.019374359
-0.019465178
-0.017829718
-0.017809133
-0.019697539
-0.022778305
-0.023478583
-0.020231537
-0.016590778
-0.014280011
-0.010844932
-0.0077031437
-0.0056615655
-0.0073621603
-0.0066073802
-0.0072958393
-0.0074595989
-0.0073993813
-0.0053035701
-0.0058534346
-0.0046437941
-0.0036974035
-0.003855264
-0.0046902044
-0.0055832827
-0.0036868067
-0.0029854475
-0.0019857398
0.0003915635
0.0038733159
0.0035417063
0.0026778557
0.0034732483
0.0038877946
0.0045338383
0.0076222443
0.013522319
0.015296409
0.01830533
0.018597243
0.015007386
0.014059795
0.01325647
0.012116165
0.012759158
0.013814429
0.014212946
0.014283484
0.011106945
0.0076165878
0.0055601573
0.0034308965
0.001672539
0.0018255634
0.0021006153
0.0022646862
0.00298575
0.0027717829
0.0026024342
0.0022888715
0.0015586879
0.001186692
0.0003654244
-0.00039411899
-0.00049147667
-0.0015957428
-0.0022391199
-0.0018434929
2.8219651e-05
0.0014577261
0.0042479455
0.0083988689
0.013899518
0.018609807
0.018887244
0.02017434
0.020275185
0.021201903
0.022353307
0.02166979
0.018165142
0.017151664
0.014487711
0.012438569
0.01123561
0.01156455
0.0096304567
0.0073313353
0.0058041478
0.0056599569
0.0060528352
0.0059153447
0.0061516134
0.0061559835
0.0056163098
0.005564947
0.0047686265
0.0044563533
0.0044532068
0.004098272
0.0035385204
0.0029082782
0.00083591376
6.178796e-05
0.0083508649
0.01260662
0.012666937
0.015668822
0.012744418
0.0063954464
0.0039075211
0.0025479192
0.0039225183
0.0017814771
-0.0011266226
-0.0029589238
-0.0013462089
0.0041872781
0.010305679
0.011815156
0.011056123
0.011006425
0.010394232
0.0070785584
0.001556681
-0.0017716939
-0.003547289
-0.0035263703
-0.0039650579
-0.0075776043
-0.012896389
-0.019460975
-0.024174106
-0.024984808
-0.024666262
-0.027037022
-0.028743948
-0.030707223
-0.031038752
-0.033282906
-0.035148388
-0.036969329
-0.035686989
-0.035333794
-0.033712991
-0.034045201
-0.033344415
-0.026819268
-0.0283303
-0.030352609
-0.025930045
-0.023031195
-0.020274088
-0.01522445
-0.0088152585
-0.0026998458
-0.0053630561
-0.0053477994
-0.0037050299
-0.0026733283
-0.00068373836
-0.0025395808
-0.00080668832
0.00068130277
0.0019688668
0.0039830094
0.0072251348
0.0066168729
0.0048442881
0.0065774681
0.0082139923
0.010994032
0.012743941
0.013883919
0.01212273
0.010689924
0.011578543
0.013388464
0.015125372
0.018725269
0.021112886
0.019538691
0.017449487
0.016078247
0.016617319
0.01618974
0.013274419
0.010159147
0.011116881
0.010401393
0.0092761785
0.0082520169
0.0054632675
0.0034968174
0.0015267079
0.00073909483
0.00065702012
0.00075382173
0.001659022
0.0018725793
0.0022258041
0.0016313931
0.0018761139
0.001318592
0.0013460002
0.00023269964
0.00012131583
-0.0012242037
-0.0014896914
-0.0030755871
-0.0022558241
-0.0046952996
-0.0034817031
0.0036190318
0.010562045
0.01720666
0.016908787
0.018236065
0.016640643
0.019802059
0.019898947
0.021056956
0.018869082
0.019694838
0.018249138
0.01408212
0.011093178
0.0085572384
0.0074953028
0.0061279133
0.0046780584
0.0052982963
0.0050281123
0.0046307984
0.0047754255
0.0060064438
0.0060453747
0.005804396
0.005536427
0.0054800876
0.0048726349
0.0047737997
0.0045473513
0.0044682584
0.0052672869
0.0043512986
0.0037331936
0.0044367186
0.011822755
0.016273243
0.013337918
0.014055805
0.011707531
0.007633557
0.0067050796
0.0030211348
-0.00074583791
-0.0031971318
-0.0038736905
-0.0026394433
-0.00034237036
0.0034740477
0.0077796596
0.0098982555
0.011647943
0.012079061
0.010533011
0.0092873957
0.0041758255
0.0014405718
-0.0017597135
-0.00022745087
-0.0038349103
-0.0085743161
-0.017671791
-0.025719836
-0.030201907
-0.03393105
-0.035148044
-0.037803781
-0.041474976
-0.045400742
-0.047217631
-0.048461596
-0.049525184
-0.052727488
-0.052983091
-0.055626564
-0.056605917
-0.054990973
-0.051281772
-0.04545945
-0.040153835
-0.034438838
-0.028541274
-0.026290132
-0.025253698
-0.020285774
-0.010813974
-0.0066449294
-0.0099986131
-0.0058632626
-0.0019271902
-0.00023488626
0.0019668384
0.0047292643
0.0053615721
0.0049176286
0.0069487267
0.013001763
0.016079579
0.018702182
0.020088144
0.021618203
0.023721024
0.025404679
0.027643178
0.025177865
0.023422308
0.024019655
0.025059194
0.025408471
0.023054895
0.024968582
0.023655238
0.019670085
0.017370532
0.016236234
0.01510319
0.012673399
0.010360111
0.0063586737
0.0063865639
0.0053626313
0.0047769139
0.0039325015
0.00256731
0.0011986478
0.00081487403
0.00028198163
0.00070222984
0.00037861768
0.00098902257
0.0014244595
0.0020272293
0.0026108394
0.0029194668
0.0024554563
0.0028768039
0.0020561386
0.002039108
0.0010406602
0.0011767255
0.00086661872
0.0022465405
0.00058512937
0.0029871509
0.0078192924
0.011076834
0.013285605
0.015023529
0.013326546
0.014118224
0.014916065
0.015497331
0.015817331
0.015258942
0.014764341
0.013357354
0.010205766
0.0055953114
0.0039451718
0.0026980673
0.0025154192
0.0021922602
0.0039089632
0.0037226583
0.0046315775
0.0055924108
0.0064260758
0.0052445849
0.0057638024
0.0058663437
0.0060032855
0.0054878883
0.0046670297
0.0055267497
0.0061732582
0.0068675098
0.0078565748
0.0079603181
0.011402338
0.018712994
0.01807113
0.014427688
0.011572506
0.012123078
0.0092147648
0.0075503527
0.002993027
-0.0050360465
-0.0062214689
-0.0050523116
-0.0024469601
0.0021573219
0.0072045488
0.01074537
0.012377034
0.011794597
0.012439563
0.010601071
0.012409132
0.011059921
0.0072193984
0.0025941583
-0.00076662536
-0.0057700015
-0.013207694
-0.018406249
-0.028123273
-0.036845906
-0.040256107
-0.044128811
-0.049783868
-0.05532607
-0.058883395
-0.061732449
-0.059669678
-0.05945626
-0.064336534
-0.068224454
-0.071584646
-0.070944475
-0.065025529
-0.062787055
-0.057902043
-0.052314781
-0.048739539
-0.039609951
-0.035284371
-0.031102322
-0.023478663
-0.018880958
-0.017968122
-0.014492861
-0.011680286
-0.0098374574
-0.0066214453
0.001504705
0.0035871252
0.0079043494
0.010421309
0.012251717
0.018054735
0.024226466
0.027059378
0.030501804
0.036038641
0.037982408
0.035857926
0.037411042
0.035916544
0.03408978
0.034231622
0.0327845
0.031295125
0.023435743
0.021859708
0.018848773
0.015662264
0.013300762
0.012739621
0.011331193
0.0074964194
0.0053583741
0.0035431087
0.0031846648
0.0016535347
0.0015187149
7.5873157e-05
-0.00049695561
-0.00029943999
-0.00016692289
-0.00018110763
5.1043129e-05
0.00091462489
0.0021716887
0.0032154455
0.0030204445
0.0036704134
0.0040551204
0.0044292587
0.0044445259
0.0043744328
0.0044325384
0.0048127037
0.0055074312
0.0055169773
0.0053250234
0.0038153562
0.0079135831
0.0077115907
0.0097669488
0.010543598
0.011087356
0.011683853
0.0090175996
0.010084581
0.011444493
0.014685818
0.013081514
0.011723926
0.012427031
0.010121077
0.0065733632
0.0037442242
0.0014002485
0.0012902455
0.0028944113
0.004904516
0.0050719874
0.006072913
0.0062862138
0.0066506805
0.006615865
0.0071412531
0.0068659997
0.00683892
0.0056349319
0.0063213682
0.0075133953
0.008272546
0.0090564327
0.012607208
0.013659801
0.016798039
0.019464913
0.017025024
0.010654097
0.012208378
0.01043726
0.013984451
0.0066866764
-7.9425493e-05
-0.0065622103
-0.0058765716
-0.00033862858
0.0051145852
0.010559151
0.01433128
0.018042902
0.017767583
0.01761619
0.015084832
0.014713479
0.012430846
0.0090498366
0.0053275177
0.002201877
-0.0050225682
-0.010336268
-0.016658734
-0.021549431
-0.02918206
-0.039019022
-0.047162658
-0.051679769
-0.058482471
-0.066823258
-0.073525353
-0.074497247
-0.072061334
-0.066128097
-0.062497437
-0.06249379
-0.068374935
-0.071436039
-0.065223524
-0.059489983
-0.054210875
-0.050001885
-0.043469492
-0.036755455
-0.031299709
-0.022321763
-0.022133004
-0.021491687
-0.028136073
-0.028638373
-0.022096313
-0.018282979
-0.011201518
0.00031278615
0.0024020154
0.0067590511
0.013037086
0.016677819
0.022420178
0.026437444
0.031139737
0.035662522
0.040536373
0.04292105
0.042581989
0.039507419
0.037705424
0.037404397
0.038212049
0.034103645
0.032107411
0.027092897
0.020786011
0.01650074
0.013678097
0.010892167
0.007790431
0.0062872009
0.0036765378
0.0026642926
0.0009353901
0.0012405994
0.00079696907
0.00018486679
-0.00010335157
-0.00028727658
9.4590812e-05
0.0004810542
0.00071964151
0.0015320853
0.0026017961
0.0027772805
0.0029436178
0.003326174
0.0037969275
0.0043384109
0.0046010112
0.0054250313
0.006147922
0.0068829194
0.0079475136
0.0085374535
0.0085553074
0.0090569295
0.0080356692
0.0058120594
0.005802738
0.0063691824
0.0071010977
0.0079124659
0.0089657637
0.010594065
0.010453059
0.012602848
0.011127679
0.013684322
0.016772603
0.014575741
0.013148284
0.0095893096
0.0039089777
0.00075531072
0.0015574986
0.0041147247
0.0058768329
0.0065654591
0.0068112464
0.006969597
0.0080810163
0.008073893
0.0079901206
0.0074041688
0.0079270585
0.0073047441
0.0079284231
0.0099141802
0.010343944
0.013282222
0.013914964
0.014473349
0.01604542
0.016100162
0.01201399
0.010921598
0.010427064
0.010427799
0.012407738
0.0069291901
0.0012354008
-0.0065511711
-0.0064953692
-0.00087747772
0.0065073692
0.01227496
0.015925843
0.019012548
0.017752875
0.014451065
0.012779374
0.012938575
0.010530365
0.0049977153
0.00059781127
-0.004929339
-0.0050580944
-0.014276882
-0.020533315
-0.026714095
-0.033795981
-0.043947504
-0.053849298
-0.062247192
-0.070743061
-0.080728429
-0.081386512
-0.081505632
-0.072132198
-0.066849822
-0.066866054
-0.069389263
-0.067204535
-0.06075044
-0.053672721
-0.046610652
-0.051846266
-0.045687578
-0.038609203
-0.034044182
-0.026110899
-0.021176076
-0.022631646
-0.021539679
-0.025762897
-0.024913998
-0.015337032
-0.010662567
-0.0082571031
-0.004820101
0.0041666657
0.011377014
0.017013058
0.022768605
0.025577616
0.02959056
0.032932683
0.036904343
0.039178934
0.041010992
0.039823985
0.037737738
0.033842815
0.034491343
0.033258435
0.031000284
0.027438535
0.022663388
0.019768618
0.015179331
0.01216713
0.010270602
0.0072654988
0.0055853472
0.003458684
0.0028149183
0.001788971
0.0023519451
0.0024967617
0.0015022548
0.0015624718
0.0022441829
0.0024434272
0.0031658483
0.0033439025
0.0037005985
0.00424992
0.0047671248
0.0050186914
0.0054229153
0.0055734224
0.0061496605
0.0059969618
0.007376417
0.0079174745
0.0096907469
0.011146476
0.011980941
0.012968733
0.01431825
0.0083641846
0.003141334
0.0063921692
0.007103992
0.0095683821
0.009726363
0.011217836
0.015328673
0.01970077
0.018179814
0.016567086
0.014566539
0.011457105
0.011954701
0.011858726
0.0071809738
0.0011193802
0.00032518249
0.0010311722
0.0029603313
0.0046089364
0.0071333984
0.0070951306
0.0081360218
0.0084696481
0.0086148822
0.0086742238
0.0076186489
0.0076974025
0.0089656935
0.0080911829
0.012437411
0.013944291
0.015001578
0.014783135
0.012859054
0.014178035
0.012139609
0.0094309819
0.012989295
0.013255366
0.014755622
0.015287325
0.0111602
0.0037317852
-0.0066764991
-0.0051981644
0.001710939
0.0053340424
0.010848903
0.015291616
0.018621529
0.0186661
0.018720485
0.017621439
0.015719939
0.015780721
0.01106468
0.0059496662
0.0023978755
-0.001557309
-0.010527799
-0.018393543
-0.027338957
-0.038589576
-0.048175672
-0.05690015
-0.068294681
-0.078142866
-0.079885972
-0.076536635
-0.070829501
-0.061536622
-0.056029813
-0.05418112
-0.051059249
-0.054835294
-0.05132486
-0.049462951
-0.050499695
-0.046798822
-0.040535943
-0.035827992
-0.033643808
-0.028157449
-0.027462268
-0.032200586
-0.030830873
-0.029439767
-0.022364127
-0.015400627
-0.0053969076
-0.00094429124
0.0057004376
0.013726348
0.018829804
0.02209745
0.026470149
0.028943505
0.028834606
0.031208714
0.034523006
0.035673904
0.037084196
0.035251458
0.031649765
0.028034101
0.02661238
0.025578772
0.023369586
0.020083163
0.018072375
0.014807485
0.01234109
0.011515018
0.01036531
0.0090763702
0.0070141046
0.0061328127
0.0057065002
0.004551726
0.003885234
0.0042047746
0.0040196472
0.0042176019
0.0043242202
0.005134066
0.0058863985
0.0060507814
0.006158669
0.0072569976
0.0077968785
0.0079100897
0.0080362526
0.0083025325
0.0086236715
0.0090272629
0.0098812976
0.010428168
0.011591635
0.012628619
0.01321639
0.016334734
0.016680331
0.0053456371
0.0046548281
0.0076006538
0.010224662
0.013696436
0.010471655
0.015062614
0.018933683
0.021190656
0.019395423
0.017387481
0.0137255
0.013044597
0.010217455
0.0084825236
0.0042492897
0.0025972102
0.0028216184
0.0028236146
0.0050798272
0.0058061287
0.0066064623
0.0085378879
0.0085272325
0.009986355
0.0098926713
0.010163885
0.0098886457
0.011096998
0.011774464
0.012537972
0.014998588
0.015972881
0.015951305
0.012203435
0.012961563
0.011432842
0.012253174
0.013059775
0.013848797
0.016344989
0.01625146
0.014869089
0.012837281
0.0061294072
-0.001722791
0.00043759996
0.0061523012
0.0066803179
0.0076656713
0.012459412
0.017386959
0.021158867
0.02326435
0.024214892
0.022947599
0.021391325
0.019599133
0.016513032
0.013070208
0.0043414746
-0.002122616
-0.012583712
-0.023535143
-0.035530667
-0.048293474
-0.059710395
-0.069341174
-0.075925342
-0.072687768
-0.070088794
-0.064577483
-0.063856462
-0.06197227
-0.057024736
-0.053295067
-0.057824504
-0.057352761
-0.050664594
-0.051259549
-0.050134509
-0.047228099
-0.04231552
-0.044992999
-0.041256223
-0.03985647
-0.033566306
-0.030795296
-0.026215248
-0.019450302
-0.011096566
-0.0044250604
0.0035740582
0.0085206558
0.011957329
0.016191156
0.022165802
0.024879443
0.024989297
0.026541956
0.028145037
0.029363125
0.031288486
0.030345523
0.028836779
0.026020577
0.022622627
0.018794896
0.017576572
0.015824812
0.013249211
0.013554455
0.011350389
0.011078037
0.010686253
0.009809816
0.0090146755
0.0069765998
0.0060093609
0.0063456846
0.0061601744
0.0049239467
0.0052316317
0.0050120077
0.0050338332
0.0054543626
0.0062080554
0.006393873
0.0069022788
0.0073416187
0.0078988057
0.0082069845
0.0077350038
0.0081812545
0.0080886172
0.0088222493
0.0090847983
0.0099449185
0.010071037
0.010823363
0.011866992
0.011440732
0.015661349
0.017151411
0.0083122901
0.0047093437
0.0067492644
0.012168534
0.016433089
0.013286297
0.014203262
0.015391526
0.013445639
0.012402899
0.012726441
0.0095523011
0.0068957878
0.0047872688
0.0025907318
0.0022502187
0.0026939705
0.0045575597
0.0060271003
0.0070222299
0.0060582262
0.0068177179
0.0087311622
0.011369031
0.012322899
0.012336126
0.012460764
0.01328025
0.013508727
0.015408434
0.015579696
0.015113123
0.016907464
0.017229635
0.013176871
0.014340461
0.013347123
0.015335288
0.016785647
0.016600632
0.018232952
0.021108998
0.017612004
0.013940044
0.0054804304
0.0020221168
0.0037858413
0.0069756425
0.0082956049
0.0078557759
0.010404836
0.015270056
0.018525413
0.02114718
0.024446665
0.024584115
0.02155186
0.018595866
0.013281411
0.0088601445
-0.00027268724
-0.0080050078
-0.017576884
-0.02605805
-0.036537146
-0.046709312
-0.057904199
-0.067300455
-0.07208795
-0.070102273
-0.06618677
-0.067744684
-0.070115667
-0.065851
-0.064620137
-0.057512648
-0.059746654
-0.057254043
-0.048313213
-0.052311171
-0.048800878
-0.042441686
-0.042682824
-0.044205316
-0.037754003
-0.034559515
-0.031223245
-0.028762708
-0.024147847
-0.017313913
-0.010289737
-0.0059367798
0.0015061048
0.0032020008
0.0089278952
0.0097613552
0.012693827
0.013087881
0.014971243
0.015681842
0.018052716
0.021514386
0.022528405
0.022036626
0.02198537
0.019884918
0.016524004
0.013477838
0.011084362
0.010300281
0.010475184
0.010657527
0.0098047239
0.0097551498
0.0086607011
0.0067986779
0.0069473251
0.0049990332
0.004817936
0.0043914611
0.0050805636
0.0034326631
0.0041213969
0.0036570281
0.0038814889
0.0042862778
0.0052719371
0.0045078139
0.0051804813
0.0059304301
0.0065297145
0.0065374109
0.0061337502
0.0056990392
0.0067410093
0.0077759387
0.0081652864
0.0076370716
0.0076260442
0.0069619371
0.0084066916
0.0097987496
0.010590797
0.010488242
0.0091439517
0.0058170885
0.0033915654
0.0084464862
0.010272693
0.011602321
0.0099475601
0.0068032109
0.0051103365
0.0053200746
0.0052633377
0.0048166985
0.0023535987
0.0010087804
0.00041966715
0.0007949601
-2.9202394e-05
0.0043939248
0.006462192
0.0064726565
0.006129587
0.0083312148
0.010244104
0.0091028345
0.012127914
0.015098752
0.013415292
0.01474798
0.017111587
0.016854471
0.017136125
0.015619433
0.016677829
0.014628561
0.014715094
0.014757276
0.013528807
0.014591604
0.016174465
0.014347176
0.015085786
0.015085276
0.014980915
0.010190092
0.0037057611
0.00084555071
-0.0025624216
0.00095240876
0.0033388785
0.0027357974
0.0044077077
0.0058311741
0.010035459
0.013640204
0.016883699
0.015010795
0.013047427
0.0076334644
0.0028992022
-0.0025219057
-0.0091013874
-0.017225727
-0.023969005
-0.032565423
-0.041993498
-0.051737208
-0.062577892
-0.068604751
-0.071510866
-0.070525669
-0.071500966
-0.069291838
-0.073078165
-0.075862941
-0.074112226
-0.068483522
-0.059837175
-0.049962088
-0.048642695
-0.045359642
-0.044442262
-0.0417902
-0.038778833
-0.032917879
-0.028551547
-0.023992424
-0.022499457
-0.017980881
-0.017208207
-0.012712516
-0.0095043348
-0.0031512543
-0.00095210151
0.00030718384
0.0023438844
0.0037117261
0.0053602237
0.0070493288
0.0080281445
0.0088168749
0.010435258
0.010463249
0.015100228
0.014946281
0.01476109
0.01402792
0.011671636
0.010283081
0.0068965328
0.0050294282
0.0071016553
0.007413487
0.0076504905
0.0072085991
0.0048438764
0.0038032491
0.0029893176
0.0013293258
0.0013700255
0.00042331062
0.00073485118
-0.00079118533
0.00054947912
-5.8200349e-05
0.00034414572
9.4896594e-05
0.00017445173
-0.00033506557
-0.00050413105
0.00079263695
0.0023723826
0.0014285632
0.0018660629
0.0032573272
0.0031591022
0.0041381511
0.005472451
0.0056305372
0.0056971042
0.0062244398
0.0067277439
0.0062131095
0.0037245623
-0.00091587606
0.0034189001
0.0075337812
0.0028064284
0.0025573462
0.0031692408
0.0064970366
0.0055692456
0.0025381578
5.4022703e-05
-0.0020817128
-0.00096744006
-0.0024450657
-0.0033916815
-0.003938257
-0.0051755326
-0.0049476061
-0.0033448281
-0.0021832622
-0.00059697752
0.0045042574
0.0074565082
0.0061308177
0.0097549182
0.012519744
0.015739308
0.015689856
0.014004555
0.01308751
0.014428305
0.013954891
0.014639285
0.010438722
0.0092580068
0.0083046323
0.010938504
0.012332392
0.010792251
0.0093682967
0.0091666552
0.0085743537
0.0076392429
0.0077191006
0.0069781673
0.0047950734
0.0023814772
0.0020742573
0.00032686233
-0.00078730237
0.00024050343
0.0011635126
0.00093658022
0.00097853865
0.0029144917
0.0041738876
0.0042380531
0.0052575036
0.0038955058
-0.00031078677
-0.0045555472
-0.008959088
-0.015684414
-0.024954854
-0.030118457
-0.038801344
-0.045536551
-0.056243679
-0.065033656
-0.068717858
-0.071050547
-0.071383034
-0.071236049
-0.070749023
-0.076146211
-0.075595638
-0.078298392
-0.071333909
-0.056734348
-0.049293684
-0.043872764
-0.037035871
-0.035167053
-0.036443007
-0.033775345
-0.025400989
-0.021074863
-0.017982484
-0.013398624
-0.011448562
-0.0083957162
-0.0067875138
-0.0043003052
0.00079843957
0.0063350607
0.0054173601
0.0063860409
0.0075568874
0.0081160815
0.0097647681
0.011922002
0.011640323
0.012664533
0.013295992
0.014007952
0.01186626
0.0084216648
0.0077205852
0.0041037901
0.0010432573
-0.0029505154
-0.0045785519
-0.0044277186
-0.0055714432
-0.0055977534
-0.0069258204
-0.0067383166
-0.006376753
-0.0070997408
-0.0097663098
-0.0097536607
-0.010566838
-0.011642967
-0.011445895
-0.010621203
-0.0096670871
-0.011617737
-0.0098063636
-0.0077099195
-0.0046078345
-0.0014440769
0.001022077
0.0021540904
0.0024692916
0.0033266277
0.0044126628
0.0035920461
0.0050527777
0.0060030631
0.0064792219
0.0076770385
0.0089353249
0.0080941569
0.0071926355
0.001219009
-0.0044957526
0.00086988895
0.0068572989
0.0059724931
0.0026750487
0.0027359284
0.0014427095
0.0015669305
-0.00073108165
-0.0019674369
-0.0030549814
-0.0024310037
-0.0048565729
-0.0053591728
-0.0046775487
-0.0059314238
-0.002585392
-0.0017052064
-0.0010147995
0.00021217842
0.0029352284
0.0056999384
0.007735424
0.0093303627
0.01112354
0.01376327
0.014161914
0.011869138
0.0117174
0.0099306376
0.0082015848
0.0094370982
0.0084900276
0.0073777923
0.0061429956
0.0072245461
0.0072016399
0.0092576397
0.0091187089
0.0078208504
0.0074065703
0.0060497207
0.004798354
0.0043255801
0.0037625957
0.0044849853
0.0061898169
0.0065615219
0.0039415748
0.00058470881
-0.0003647753
-0.0026360753
-6.0752842e-05
0.0010893211
0.0022330111
0.0016393493
-0.001086323
-0.0010142474
-0.0064100035
-0.0093123586
-0.014052987
-0.02040342
-0.024932689
-0.027983087
-0.037254412
-0.048964846
-0.055153581
-0.058863941
-0.06251043
-0.062923901
-0.059441049
-0.056336653
-0.059002039
-0.0601363
-0.060984698
-0.062470201
-0.060780964
-0.049211316
-0.037418904
-0.029313657
-0.024564228
-0.024320871
-0.024800917
-0.020486295
-0.013043649
-0.0085027503
-0.0021991839
-0.002756532
-0.00094672781
0.0009129231
0.0052595514
0.0082327618
0.011940317
0.01265453
0.014632912
0.013530186
0.012283067
0.013496645
0.014053736
0.015221009
0.014699644
0.01543082
0.015156528
0.0096762783
0.0075137216
0.0056827662
0.0016809954
-0.0013630635
-0.0041314632
-0.0076639109
-0.0073193029
-0.0073331416
-0.011088288
-0.011173264
-0.011182867
-0.011942649
-0.011163832
-0.011592223
-0.01113085
-0.009432682
-0.010742829
-0.012952801
-0.013376289
-0.012349599
-0.013841021
-0.013157841
-0.010937617
-0.0062069434
-0.003269465
0.0034735855
0.0071849102
0.010079346
0.01137077
0.010966783
0.010161494
0.0089500908
0.0069746288
0.0059663288
0.0061806267
0.0066498209
0.0038896699
0.0040795262
-0.0013960929
-0.0065520786
-0.0046418941
0.00091168333
0.0054882941
0.00090139958
0.0031324029
0.00088650402
-0.00013722664
-0.0031975962
-0.004462777
-0.0043819158
-0.002716208
-0.0011737855
-0.0018153427
-0.0014803863
-0.00022652847
-0.0015517767
-0.0022992382
-0.00082126433
-0.00086542699
-0.00036405426
0.0010601788
0.0060512307
0.0091594013
0.01099523
0.013092701
0.013001642
0.014103157
0.016717376
0.014798528
0.012644056
0.010036406
0.0081849546
0.011154279
0.010350792
0.0069244741
0.0064795888
0.0073195282
0.008758749
0.0076068389
0.0083105766
0.0091375185
0.0090006492
0.0072031607
0.0069682832
0.0056104336
0.0081219154
0.006468657
0.0088200774
0.009242524
0.003765969
0.001889052
0.0010299057
0.00060032807
0.00084877775
0.0011230015
0.00042062536
-0.0012948892
-0.003183609
-0.0062354966
-0.010451621
-0.014854242
-0.016972142
-0.018964917
-0.021956685
-0.030483478
-0.041683634
-0.046604457
-0.046888357
-0.045169001
-0.045767702
-0.041345878
-0.039295962
-0.038866583
-0.039434759
-0.038779883
-0.040137569
-0.03857968
-0.031776949
-0.021139886
-0.01555698
-0.011440678
-0.011027805
-0.010545528
-0.0061948356
-0.00044980761
0.0038888057
0.0074326883
0.0080655372
0.010501263
0.013431886
0.016531651
0.017215208
0.017438462
0.017803245
0.017581186
0.015749617
0.014053631
0.011679897
0.013131212
0.013615364
0.015584027
0.013421064
0.012101199
0.005728188
0.0034688908
0.0014973073
0.00066518889
-0.0018014868
-0.0030820823
-0.0057760966
-0.0083059693
-0.0086030102
-0.0093151482
-0.011376172
-0.012491247
-0.01382628
-0.014220863
-0.012785844
-0.011049393
-0.011185005
-0.010068436
-0.010616394
-0.011701479
-0.011972308
-0.010419265
-0.012099556
-0.0081605406
-0.0029394584
0.0015920496
0.0067416746
0.0086108997
0.015294388
0.01627661
0.017635968
0.014116232
0.011931963
0.010243012
0.0090558901
0.0059415808
0.005238926
0.0045224067
0.0001798017
-0.0075513517
-0.0034563361
0.0018729466
0.0073010251
0.0074231604
0.0045794507
0.0023174784
0.0012661481
-0.0018010284
-0.0022329094
-0.0033706332
-0.0030978588
-0.0018173749
-0.0013882605
-0.0020483301
-0.0021740223
-0.0016971217
-0.0027516677
-0.0022616465
-0.0016017557
-0.0012532692
-0.00026045133
0.00079186797
0.0042490599
0.0078048811
0.012374951
0.014832811
0.014568427
0.016051469
0.01805734
0.019752667
0.018254818
0.015944325
0.014065631
0.014458914
0.011951081
0.010184003
0.0096509714
0.0078398289
0.0084305244
0.0072626476
0.0093160612
0.0077661765
0.0090887884
0.0082887912
0.0079747493
0.0073340015
0.0092189503
0.008195929
0.010232639
0.0097608855
0.0060947786
0.0054233138
0.0031911952
0.0030205559
0.0029571665
0.0026118534
0.0014024741
0.00028853727
-0.00094775741
-0.0031371288
-0.0058696761
-0.0087780786
-0.010762109
-0.010651694
-0.013389559
-0.018074992
-0.026021628
-0.029570709
-0.032767859
-0.031097144
-0.030054795
-0.025968908
-0.021698157
-0.019264317
-0.022098596
-0.020742305
-0.019452867
-0.017769893
-0.012804468
-0.0092762905
-0.0049525774
0.0011292248
0.0026057707
0.00054241615
0.0031801985
0.0075943222
0.011051696
0.014533608
0.015640239
0.017158552
0.017788769
0.018385815
0.018353277
0.016949618
0.014986232
0.014270778
0.012755463
0.01132935
0.010670615
0.010279405
0.011371241
0.010818273
0.010095911
0.007225646
0.004314809
0.0020359886
0.00040175045
0.00014718315
-0.0022924554
-0.0047363609
-0.0062451026
-0.0075701758
-0.0092263029
-0.009882197
-0.0088798152
-0.011489399
-0.01307869
-0.015210608
-0.015228138
-0.01480446
-0.014079187
-0.011235099
-0.0094936719
-0.0087505326
-0.0095035181
-0.01022851
-0.0099682142
-0.006574539
-0.0025996747
0.0029462611
0.0073013883
0.011755809
0.014612424
0.016807021
0.014743223
0.013640309
0.012764316
0.010297812
0.006967954
0.0058822868
0.0027713399
-0.0004337531
-0.0011953899
-0.001877983
0.0022810663
0.0059199552
0.010089922
0.0096858589
0.0072676486
0.0031310904
0.0017397619
0.00037829656
-0.0015845957
-0.00081795431
-0.00068401578
-0.00039685278
0.00048639758
-0.000308501
-0.0010479812
0.00010318921
-0.00067688719
-0.0024347691
-0.0015828314
-0.0019817594
-0.001371725
-0.00013910815
0.0020346483
0.0054324007
0.010154504
0.011685702
0.012978549
0.016191942
0.018375586
0.021457648
0.020501749
0.019056035
0.017765631
0.016551327
0.013436453
0.01180948
0.010563576
0.0099042712
0.008246661
0.0074313863
0.0078866181
0.0081533617
0.0084362808
0.0087551297
0.0082199036
0.0073006627
0.0081338256
0.0086835508
0.0080261492
0.0088610807
0.0089496384
0.0070003907
0.0057357113
0.0037645301
0.0032144204
0.0028969363
0.0015854478
0.000624621
-0.00017071191
-0.0013035662
-0.0033554001
-0.0042302892
-0.0046077782
-0.004999291
-0.0075833588
-0.0093738796
-0.012736982
-0.016940546
-0.018384861
-0.017535263
-0.017580207
-0.012070364
-0.009265784
-0.0096652218
-0.01078795
-0.010546348
-0.0085918987
-0.0060844811
-0.0042926031
-0.0012473219
0.0019307669
0.0060428884
0.0080002516
0.0060217735
0.0057237789
0.0076825258
0.011401887
0.014408213
0.016373581
0.017266766
0.016131118
0.014735758
0.014052139
0.012352844
0.010261619
0.0085332261
0.0077327108
0.0059543031
0.0049795051
0.0044085726
0.0045809144
0.0051482929
0.0049625134
0.0037457935
0.0027396581
0.00031370141
-0.0012925439
-0.002365629
-0.0049699606
-0.0059781604
-0.0066786612
-0.0096835079
-0.010585404
-0.01089298
-0.0097747117
-0.010406484
-0.012010135
-0.011938074
-0.012412518
-0.012552355
-0.011466666
-0.010110198
-0.0096089614
-0.010429461
-0.011074769
-0.010276448
-0.0077169949
-0.0064853866
-0.0060114744
-0.00079850028
0.0053593421
0.0074110549
0.0097320731
0.011262289
0.011189589
0.010195708
0.0090805209
0.0076467646
0.0040664912
0.0015250926
0.0010366779
-0.0013464197
-0.0012211037
0.0016020531
0.0052525527
0.0086743131
0.0094152405
0.0095332478
0.0069867468
0.0045906374
0.0032778019
0.0013602156
0.00044912009
-0.00042440854
-0.000360734
-0.00039883318
-0.00044788154
-0.001098619
-0.0020386985
-0.0015655831
-0.0015785862
-0.0030023532
-0.0027859208
-0.0026869432
-0.0014987587
-0.00065169662
-0.00040594163
0.0010102002
0.003809697
0.0068693728
0.0072805129
0.0098397375
0.013885942
0.01591685
0.018566759
0.018866079
0.018170152
0.013167913
0.013450006
0.011056686
0.0096664789
0.0090105896
0.0089178346
0.0078365994
0.0083509821
0.0084434493
0.0085221637
0.0083781022
0.0080548236
0.0094026379
0.010113051
0.010177277
0.0097288551
0.012767135
0.01204837
0.010307156
0.0091301784
0.0075944026
0.0070057715
0.0052096053
0.004466974
0.0036880099
0.0026286338
0.0012867782
0.00078039892
-0.00019360855
-0.0010296955
-0.00083490696
-0.0019702355
-0.0031130397
-0.0049589241
-0.0072772044
-0.0090829275
-0.0098258924
-0.0082555084
-0.0041270013
-0.0018575957
-0.0022894702
-0.0015139048
-0.0028963528
-0.0042629724
-0.0025324534
-0.00040234095
0.0014364655
0.0036100766
0.0059195946
0.0081667731
0.0057533861
0.0044462758
0.0047214921
0.0077892104
0.011263466
0.010513854
0.012624086
0.012383592
0.011518757
0.010203444
0.008215794
0.0072417104
0.0058817826
0.0052745653
0.0035477688
0.0016028991
0.0015959635
0.0027592571
0.0035055127
0.0031678189
0.0023344171
0.0015767604
0.0010723731
-0.0020911572
-0.0033989746
-0.0057263729
-0.0082268503
-0.0093604022
-0.0098566243
-0.009981677
-0.01030366
-0.0085317306
-0.0074781244
-0.0077426987
-0.0070026277
-0.0067377875
-0.0072292745
-0.0062251372
-0.0064627002
-0.0073876258
-0.0086420802
-0.0085075657
-0.008875405
-0.0072754945
-0.0064885222
-0.0063114956
-0.0042424734
0.0015764336
0.0051107496
0.0065721648
0.0069447871
0.0079662061
0.007816438
0.0073323861
0.0074127413
0.0039702559
0.0042504095
0.0027284462
0.0023336726
0.0023435639
0.0026632708
0.0048756092
0.0076947268
0.0065861995
0.0068685788
0.0060807602
0.0053246981
0.0044880386
0.0014537552
0.00074909234
0.00049270164
0.00039567429
-0.00010239455
-0.0007178504
-0.0011513892
-0.00038352577
-0.0014268853
-0.0028606164
-0.0034849831
-0.0038974851
-0.0030115744
-0.0026433906
-0.00054102878
0.00085506633
0.0012722886
0.0033886424
0.0049604946
0.0058412711
0.0066775254
0.008194369
0.0098410528
0.011316147
0.012523198
0.013197819
