0.0041703039
0.0033444149
0.0031451799
0.0022709244
0.0012536368
-0.00090732863
0.0014114269
0.01122106
0.016799342
0.015768593
0.014840375
0.013869016
0.011091498
0.0069406777
0.0071633955
0.0037752728
0.0032583766
0.0037173658
0.0034081905
0.0054915561
0.0095328691
0.013176343
0.013374325
0.01350538
0.011387837
0.0077793641
0.0057182553
0.0027431897
0.00078892878
-0.00025842842
0.00071699829
0.0013075477
0.0017391733
-0.00083545667
-0.0037340368
-0.0046440266
-0.0055075586
-0.0069321122
-0.0081704966
-0.010497132
-0.010789021
-0.011245283
-0.01206447
-0.012809163
-0.013053411
-0.013130757
-0.011733314
-0.010442066
-0.011329495
-0.014222492
-0.015676655
-0.015390553
-0.019302618
-0.021240833
-0.019325847
-0.016291722
-0.013286897
-0.010365912
-0.0082946499
-0.0081707075
-0.010276701
-0.012814933
-0.013213503
-0.015101031
-0.01307276
-0.011232666
-0.011736262
-0.011294737
-0.013690482
-0.014886211
-0.014630181
-0.013941215
-0.014763922
-0.012248676
-0.0098309842
-0.0089143042
-0.006296763
-0.0056894716
-0.0055448642
-0.0069484267
-0.0076259616
-0.0061615211
-0.0008272348
0.0055218759
0.011824447
0.013929303
0.015586479
0.012917097
0.0079822892
0.0078525501
0.0077851801
0.010204655
0.01320468
0.015714769
0.01371634
0.010804122
0.0073266595
0.0051614554
0.0027699733
0.0019664074
0.0005795467
0.0010980621
0.0010885384
0.0013645269
0.0020739978
0.0021741037
0.0013113873
0.0011174068
0.00097475524
0.00055758271
0.00052299154
-0.00061184495
-0.0012327096
-0.001283214
-0.0020602806
-0.0016238934
0.00087658188
0.0055498717
0.0048690276
0.011681097
0.013071287
0.012792051
0.013228536
0.01532433
0.017609587
0.015047385
0.015758389
0.017736325
0.016152197
0.013215268
0.011669345
0.012172118
0.011924744
0.0090616991
0.0079742768
0.0068304472
0.0063674256
0.0060067576
0.0058888892
0.0052353328
0.0060807059
0.0056693772
0.0050435495
0.0045102785
0.0041883126
0.0042756153
0.0030889992
0.0027516052
0.0010148722
-0.00010265014
0.0053622277
0.014432686
0.017335821
0.015685044
0.013287615
0.010393871
0.0070926173
0.0074904868
0.005077994
0.0043769746
0.003188036
0.0010527092
0.0012193454
0.0063249196
0.012168921
0.013737192
0.012553875
0.013352415
0.013213211
0.00944492
0.0047024154
0.00016198927
-0.0012923364
-0.0019107136
-0.00059602006
-0.00084054883
-0.0025659022
-0.0078766968
-0.010496304
-0.012317098
-0.013213149
-0.014314123
-0.016527373
-0.018486178
-0.018697813
-0.020255545
-0.021702756
-0.023403622
-0.024108488
-0.023161342
-0.020805978
-0.021115427
-0.019571969
-0.019387003
-0.021204193
-0.024629596
-0.026223454
-0.023801527
-0.020258731
-0.017900306
-0.014411251
-0.010964481
-0.008328717
-0.0096145741
-0.0088894872
-0.0093423806
-0.0094483739
-0.0094167387
-0.0073021832
-0.0075638589
-0.0064504123
-0.0052877125
-0.00559381
-0.0063133404
-0.0075597673
-0.0058537245
-0.0052663228
-0.0045261089
-0.002529742
0.0010331766
0.0011747119
0.00035093931
0.0012494423
0.0016594372
0.0018635624
0.0043102781
0.010124817
0.012454455
0.015866401
0.01731557
0.014069096
0.013073984
0.012360373
0.011224112
0.011854604
0.013100928
0.013849964
0.014481692
0.011652312
0.0080218419
0.0057785718
0.0034494707
0.0013430721
0.0012654056
0.0014276892
0.0015379943
0.002252756
0.0021283871
0.0019366207
0.0017278478
0.00095395458
0.00057363311
-0.00034228163
-0.0012994665
-0.0015267727
-0.0026483136
-0.0036082146
-0.0035871964
-0.0022126905
-0.0011260257
0.0011055785
0.0052883703
0.010633892
0.015806806
0.016575739
0.018237443
0.018737683
0.019850079
0.02145255
0.021520922
0.018567069
0.018041887
0.01570144
0.013416033
0.01184446
0.012099033
0.010476142
0.0080705232
0.0064734825
0.006140089
0.0064780135
0.0062563061
0.006420712
0.0064784554
0.0059581977
0.0059147936
0.0051318927
0.0048105462
0.0052514463
0.0048113311
0.0043265164
0.0036737318
0.0015689433
-0.00027509096
0.0073359497
0.012195078
0.012713583
0.016465445
0.014755439
0.0087570075
0.0060375686
0.0042893558
0.0058310153
0.0040843027
0.00086113137
-0.0017697531
-0.0010577954
0.0040006159
0.010604419
0.013010614
0.012685902
0.013140487
0.013072569
0.010252302
0.0050562268
0.0016911006
0.0001348255
0.00022815429
0.00012732164
-0.003051563
-0.0081342603
-0.014914368
-0.02044869
-0.022057217
-0.021914091
-0.024563306
-0.026709745
-0.029214041
-0.030026076
-0.032705158
-0.035131627
-0.037675734
-0.03712542
-0.037195875
-0.036268077
-0.036941783
-0.037256459
-0.03078633
-0.031784223
-0.034498983
-0.030759392
-0.028296024
-0.026113806
-0.021243583
-0.014477457
-0.0075076103
-0.0093188866
-0.009251655
-0.0073703861
-0.0062707482
-0.0037696146
-0.0054098543
-0.0038843157
-0.0022454189
-0.00088064637
0.0010881824
0.0045659085
0.0045591411
0.0026597011
0.0041821118
0.0056916437
0.0083933527
0.010292082
0.011601417
0.010257189
0.0090262098
0.0097903718
0.011343031
0.013032653
0.016693198
0.019693779
0.018958819
0.017276985
0.016041969
0.016642875
0.016564507
0.013954458
0.01061351
0.011446353
0.011039003
0.010015388
0.0091620001
0.006284182
0.0041579524
0.0019251295
0.00078134951
0.00048876771
0.00042394175
0.0013344921
0.0015854342
0.0019937833
0.0013743113
0.0016191308
0.0011221158
0.001130527
-2.5249439e-05
-0.00027309068
-0.0017425908
-0.0021933762
-0.0039037844
-0.0033915469
-0.0060426972
-0.0061841477
0.00050283259
0.0072023663
0.014572327
0.014741428
0.016636168
0.015138604
0.018555501
0.019233941
0.020705475
0.01902937
0.020053691
0.019559261
0.015848035
0.012870872
0.010051478
0.0086531678
0.0071675957
0.0055488628
0.006028823
0.0059290302
0.0054120035
0.0053929869
0.0065169031
0.0067079832
0.0064547917
0.0062376929
0.0061686013
0.0056372133
0.0054710107
0.0056001727
0.005446895
0.0063171234
0.005464183
0.004574483
0.0046399577
0.011403207
0.016934774
0.014628385
0.015868537
0.014386348
0.010501198
0.0097398672
0.006488537
0.0027200139
2.0835341e-05
-0.0014861579
-0.0012502319
0.00054387229
0.0042623331
0.0088756597
0.011458655
0.013635941
0.015000574
0.013897614
0.013292727
0.0086653545
0.006342614
0.0032736546
0.0050185007
0.002462821
-0.0015821138
-0.010139788
-0.018938824
-0.024040082
-0.028645122
-0.030408119
-0.033354928
-0.03743066
-0.042146237
-0.044849135
-0.047036061
-0.048675457
-0.052755778
-0.053823632
-0.057192322
-0.059486586
-0.059215998
-0.056766543
-0.05155822
-0.046635784
-0.04120342
-0.035325327
-0.033080852
-0.032533168
-0.028075229
-0.018246478
-0.012727109
-0.015838343
-0.01183208
-0.0073613555
-0.0053220089
-0.0030033689
-8.3915607e-06
0.0010298693
0.00082224296
0.0023975538
0.0084816133
0.012103638
0.015089569
0.016932663
0.018524851
0.020734405
0.022869459
0.02563701
0.023720146
0.022106472
0.02302002
0.024368127
0.025226853
0.023037895
0.024884708
0.024598667
0.021090637
0.019029671
0.017861027
0.017059905
0.014515219
0.012384781
0.0080544911
0.007768522
0.0066868633
0.0059471883
0.0050632388
0.0035840065
0.0019546294
0.001450852
0.00070925076
0.00096990164
0.00056235787
0.001099284
0.0015099768
0.0020993519
0.0026740825
0.0030964712
0.0025421873
0.0029632847
0.0021185769
0.0020017465
0.00085663502
0.00081835429
0.00026048707
0.001562679
-0.00024172002
0.0015562491
0.0061926146
0.0096605014
0.012096062
0.014279118
0.012975564
0.013642976
0.01504915
0.015759697
0.016485117
0.016069636
0.016019771
0.015166311
0.012355801
0.0076316357
0.0057082465
0.0040002928
0.0035854264
0.0029763643
0.0046774892
0.0046801734
0.0054700265
0.0063758073
0.0073172212
0.0062414652
0.006665868
0.0068949398
0.0070176829
0.0066761643
0.0057793221
0.0069014481
0.0073659667
0.0081057437
0.0090270614
0.009032669
0.01194692
0.019787403
0.020345293
0.017417143
0.014620205
0.015207718
0.012843431
0.011435063
0.0077989493
-0.00052384756
-0.0028456053
-0.0024592378
-0.00091941568
0.0031229737
0.0083944705
0.012447852
0.014792634
0.014588188
0.01605873
0.014625781
0.016637085
0.016462851
0.013400962
0.0095763005
0.0065000445
0.0024250012
-0.004502072
-0.0093881195
-0.018902851
-0.028464691
-0.032823843
-0.037090478
-0.043211006
-0.049633676
-0.054076608
-0.058409098
-0.057647553
-0.057752262
-0.063136299
-0.068153599
-0.072718808
-0.073854284
-0.069442609
-0.067904547
-0.064351855
-0.059114809
-0.056466829
-0.047812338
-0.043443817
-0.039437223
-0.031703645
-0.0262817
-0.02485563
-0.021283814
-0.018432652
-0.016440037
-0.013785455
-0.005509543
-0.0028785844
0.0016350474
0.0046657423
0.0065627811
0.012224714
0.018934287
0.022339644
0.025807846
0.032024215
0.035042682
0.033630649
0.0356857
0.035230203
0.033799112
0.034433596
0.033597869
0.033099464
0.02556758
0.023643144
0.021140534
0.018106867
0.015674771
0.014964184
0.013773691
0.0098014991
0.0074580262
0.0052676619
0.004743594
0.0030970016
0.0027504674
0.0012031708
0.00025876059
0.00031823016
0.00027556902
0.000202179
0.00028021904
0.0010850825
0.002219759
0.0034039258
0.0031822988
0.0037769068
0.0041707543
0.0045303066
0.0045873845
0.004490601
0.0044722673
0.0046952782
0.0053084436
0.005309326
0.0052126409
0.0034167571
0.0073772366
0.0075738318
0.009306548
0.010603111
0.011065625
0.012147892
0.0096664338
0.010472253
0.011795828
0.01532705
0.014362919
0.013028123
0.013765692
0.012041307
0.0086512225
0.0057772971
0.0029586151
0.0023727352
0.0037126281
0.0057934207
0.0061178617
0.0071451735
0.0073699424
0.0077608706
0.0077544116
0.008356502
0.0081653654
0.0082890068
0.0070543569
0.0076540646
0.0089449607
0.0096800838
0.010248586
0.013886553
0.015120411
0.018524924
0.021775029
0.020553832
0.014113853
0.015518651
0.01382312
0.017772236
0.011782099
0.004826779
-0.0022490656
-0.0033652242
0.0014039977
0.0062847633
0.012129558
0.016000669
0.020601489
0.021008963
0.02189858
0.019734784
0.019919129
0.018206792
0.015696954
0.012465146
0.010236687
0.0035949805
-0.0014239912
-0.0075335265
-0.011968931
-0.019164548
-0.029168469
-0.038149803
-0.04348081
-0.050572767
-0.059924359
-0.068323243
-0.071460513
-0.070854742
-0.065988532
-0.062473325
-0.062434446
-0.068848535
-0.073956278
-0.069475636
-0.064625387
-0.059848946
-0.056426579
-0.050700576
-0.043994835
-0.038818979
-0.028930726
-0.027566805
-0.026198765
-0.032758799
-0.034713633
-0.028787846
-0.025091936
-0.018741611
-0.007127883
-0.0043579686
-0.0002357205
0.0066652974
0.010618618
0.01665234
0.021057224
0.0260144
0.030993458
0.036640665
0.040090966
0.041041465
0.03881817
0.037600446
0.037636078
0.039117685
0.035855113
0.034202458
0.030035535
0.023927201
0.019652704
0.016628558
0.013829291
0.0104025
0.0087220379
0.0059026816
0.0046681043
0.0027654589
0.0027251873
0.0022822476
0.0014072451
0.00093698617
0.00047572197
0.00072813104
0.0010164208
0.001189309
0.0018348779
0.0029308659
0.0031694632
0.0032921502
0.0035759277
0.0039773985
0.0044890132
0.0047007444
0.0054324584
0.0061863912
0.0068259865
0.0079183501
0.0085922802
0.0086588686
0.0093622348
0.0087331807
0.0063830733
0.006217061
0.0067274517
0.0074465986
0.0082798762
0.0092626983
0.011162255
0.011108491
0.013201108
0.011990085
0.014087236
0.017904435
0.016322427
0.01517746
0.012059993
0.0063946971
0.0025376701
0.002756009
0.0050453252
0.006965482
0.0077171944
0.0081205773
0.008160962
0.0093298123
0.009381944
0.0094911808
0.0088720961
0.0094843331
0.0088203073
0.0094756507
0.01134671
0.011797775
0.014659825
0.015779133
0.016444016
0.018505886
0.019169436
0.015591323
0.014042278
0.013959387
0.01369447
0.016345282
0.011574527
0.006093831
-0.0026071612
-0.0042372006
0.00038580947
0.0075068794
0.01375548
0.01811306
0.022118853
0.021993648
0.019077397
0.017579377
0.018158207
0.016904923
0.012140363
0.0083045167
0.0027698066
0.0031624716
-0.0050714534
-0.011372854
-0.017267919
-0.023753412
-0.033593444
-0.044138689
-0.053363332
-0.062909079
-0.074714472
-0.077852232
-0.079889098
-0.072273144
-0.066830007
-0.067167588
-0.070287621
-0.070113281
-0.064702608
-0.058410028
-0.050640382
-0.056430825
-0.051848465
-0.044930084
-0.040467427
-0.03235115
-0.026490323
-0.027421282
-0.026215363
-0.030626186
-0.031049653
-0.022299571
-0.017191344
-0.014450433
-0.0116709
-0.0031321751
0.0046505634
0.010487195
0.016899068
0.020216613
0.024655002
0.028402328
0.033026138
0.03595297
0.038810938
0.038925507
0.037616739
0.034195951
0.034952366
0.034302521
0.03247234
0.029527577
0.024986511
0.022278414
0.01781173
0.014525014
0.012612769
0.0094519761
0.0076059077
0.0051864585
0.0042591834
0.0030843571
0.0033954095
0.0035950326
0.0024515233
0.0022210999
0.0027701767
0.0028720357
0.0034753338
0.0036692978
0.0039278755
0.0044433379
0.0049096289
0.0050687728
0.0054554551
0.005569572
0.0061426698
0.0059049382
0.0071142701
0.0077178135
0.0094154344
0.011029588
0.011989459
0.013067416
0.014953146
0.0098765057
0.0039751018
0.0066449911
0.007423003
0.0097489576
0.0099840019
0.011361229
0.015195302
0.020303291
0.019681147
0.018244908
0.016723212
0.013626472
0.014082803
0.014462571
0.010329872
0.0037459655
0.0021601173
0.0023258011
0.003862647
0.0054397906
0.008131867
0.0083472185
0.0092531661
0.0097435685
0.0099027965
0.010189396
0.009204767
0.0091249109
0.010557346
0.0096133517
0.014045805
0.015581307
0.016814878
0.01699437
0.015389869
0.016686056
0.015210684
0.012295879
0.015588713
0.016273625
0.017768566
0.019101751
0.015709188
0.0088745536
-0.0025200764
-0.003313907
0.0030915161
0.0066974495
0.012197966
0.017076277
0.021135153
0.022031515
0.022614925
0.022283266
0.020794744
0.021800849
0.018373329
0.013839663
0.010744768
0.0075511884
-0.00058313475
-0.0081041459
-0.016418301
-0.027771414
-0.0376984
-0.047045644
-0.059257801
-0.07115447
-0.075348071
-0.0741527
-0.069762338
-0.061853335
-0.056431721
-0.054982041
-0.051802394
-0.055725846
-0.053076826
-0.051229835
-0.052966065
-0.050374868
-0.044448872
-0.039893705
-0.037595754
-0.032289961
-0.030963684
-0.036099106
-0.035675648
-0.035279342
-0.029098496
-0.022672124
-0.012678219
-0.0078352139
-0.0015547137
0.0068170547
0.012638778
0.016398019
0.02129946
0.024640563
0.024978919
0.027574308
0.031427524
0.033400761
0.035766426
0.035101216
0.032079305
0.028869173
0.027295019
0.026589338
0.024791538
0.021818849
0.019824449
0.016675696
0.013922265
0.012931609
0.011770987
0.010499922
0.0083547381
0.0073591723
0.0067974295
0.0056258699
0.0046960699
0.004917393
0.0045892567
0.0046841596
0.0046660684
0.0053480482
0.0060550412
0.0062320546
0.0062585818
0.0072880506
0.0079126796
0.0079903675
0.0080524202
0.0083229895
0.0085844664
0.0089270112
0.009747303
0.010357091
0.011491591
0.012648239
0.013241794
0.016443691
0.018031695
0.007138484
0.0051118721
0.0079839979
0.010174739
0.0142741
0.01086268
0.015031978
0.019380508
0.022345717
0.021310308
0.019652043
0.016253238
0.015707951
0.013191603
0.011475771
0.0069648797
0.0045514864
0.0044275232
0.0040194351
0.0060587466
0.0067502407
0.007503573
0.0095087135
0.0095752509
0.011032371
0.011014577
0.011332011
0.011065968
0.012326977
0.013181874
0.014048724
0.016596835
0.0177598
0.018115471
0.014460137
0.015025118
0.013830285
0.014395337
0.015450159
0.016162502
0.018902689
0.019271339
0.01839671
0.016726446
0.010565095
0.0018924275
0.0022357704
0.0079095408
0.0087644111
0.0094386402
0.013916839
0.019076348
0.023376891
0.026399658
0.028250243
0.027973838
0.027185869
0.026435002
0.024111082
0.021959248
0.014231462
0.0086404448
-0.00080061737
-0.011373626
-0.023101354
-0.036161213
-0.048604447
-0.05969576
-0.068633925
-0.067677095
-0.066335754
-0.061826007
-0.061878496
-0.061306569
-0.056949113
-0.052968795
-0.057161123
-0.058207754
-0.051867105
-0.052600405
-0.052113291
-0.050234396
-0.045083624
-0.048116528
-0.045122538
-0.044469636
-0.038868047
-0.036255735
-0.032601399
-0.026409181
-0.018379056
-0.011494924
-0.0035115058
0.0019247811
0.0056771624
0.010044542
0.016400015
0.020146166
0.020738461
0.022524115
0.02465003
0.026238302
0.028952386
0.029117997
0.028408949
0.02622731
0.023406854
0.019716942
0.018239677
0.016811614
0.014044863
0.014354858
0.012116825
0.011615876
0.01133323
0.010505844
0.0097689063
0.0076894292
0.006562966
0.0067490829
0.0066388871
0.0053289171
0.0055161592
0.0052529921
0.0051070055
0.0054997934
0.0062682893
0.0064897541
0.0068926672
0.0073972747
0.0079293102
0.0083716103
0.0078545276
0.0081961617
0.0080446474
0.0086972078
0.0089643856
0.0098145065
0.0099429827
0.010589978
0.011744459
0.011218951
0.015390613
0.018075462
0.0098136062
0.0054833885
0.0068911092
0.011990071
0.016864492
0.014361647
0.015045628
0.016649011
0.015183663
0.014251489
0.014737837
0.011980098
0.0092199379
0.0070540834
0.0044137583
0.0035330949
0.0035524268
0.0051653451
0.0065764885
0.0077842163
0.0067947946
0.0073569571
0.0091813204
0.011809091
0.013059273
0.013195491
0.013170274
0.014036419
0.014402312
0.016426038
0.016969253
0.016480826
0.018037283
0.019121102
0.015058001
0.01610578
0.015221806
0.017039665
0.018765941
0.018652145
0.020312439
0.02395803
0.021408687
0.018313129
0.010067389
0.0052303387
0.0060457188
0.0091468679
0.010755767
0.010321388
0.012567764
0.017344715
0.021090191
0.024255492
0.028335779
0.029790809
0.027654595
0.025771993
0.021478382
0.018171752
0.010312461
0.0031593494
-0.0058025489
-0.013937995
-0.024160745
-0.034926727
-0.046698819
-0.057841562
-0.064600483
-0.064580764
-0.061444193
-0.063546202
-0.067300595
-0.064499116
-0.064045895
-0.057602227
-0.059258421
-0.05862529
-0.049378193
-0.053428845
-0.051312125
-0.045322608
-0.045050771
-0.047490097
-0.041748641
-0.038811727
-0.035808808
-0.03382068
-0.029894356
-0.023624838
-0.016503357
-0.012185121
-0.0043691614
-0.0024176603
0.0034336685
0.004928047
0.0079758668
0.0088589888
0.010764617
0.011888427
0.014100753
0.018202351
0.019975381
0.020148528
0.020906835
0.01958703
0.016600227
0.013787998
0.011208996
0.010237512
0.010327073
0.010678364
0.0099250306
0.0097830297
0.0089397841
0.0069662726
0.0071271471
0.0052443162
0.0049088526
0.0044648406
0.005136319
0.0035323946
0.004043069
0.0036847036
0.0037698824
0.0041445292
0.005095245
0.004447742
0.004871165
0.0057750373
0.0063838174
0.0065912839
0.0061587722
0.0056735806
0.006481152
0.0076430992
0.0080164795
0.007662044
0.0076012718
0.0068987503
0.0080080472
0.0096558822
0.010588755
0.010937066
0.0097234686
0.0065967069
0.0036548759
0.0086603545
0.01068339
0.012436774
0.011265405
0.0082056865
0.006350779
0.006566421
0.0065634826
0.0061868219
0.0037495701
0.002167929
0.0012814398
0.0015134898
0.00031414566
0.0042388121
0.0066090019
0.0067397734
0.0062520821
0.0082104825
0.010325987
0.0092889596
0.011938487
0.015341712
0.013746059
0.014992481
0.017683163
0.017750829
0.018296342
0.016579856
0.017855746
0.016261448
0.016067322
0.01641408
0.015372314
0.016544374
0.018377563
0.016804218
0.01776285
0.018126236
0.018728637
0.014968505
0.0083202373
0.0047721007
0.0006317064
0.0031984979
0.0058742126
0.0053670127
0.0069462851
0.0082797672
0.012455989
0.016468857
0.020777089
0.020241363
0.019147856
0.014896533
0.010920375
0.0066243758
0.00072101284
-0.0067270276
-0.013122394
-0.021273617
-0.031036381
-0.040685774
-0.052807778
-0.060238097
-0.064953613
-0.065179852
-0.067020529
-0.065765594
-0.070047584
-0.074387078
-0.074544039
-0.070235856
-0.062652993
-0.05268009
-0.051246345
-0.048352874
-0.047743947
-0.045622979
-0.043060013
-0.03752444
-0.03333373
-0.02878847
-0.027271902
-0.022881634
-0.022093791
-0.018078735
-0.01488271
-0.0086881003
-0.0059510437
-0.0046018233
-0.0022434432
-0.00082922561
0.0010716725
0.0029307375
0.0044614115
0.0050944085
0.0071394993
0.0071931086
0.012085344
0.012665949
0.013011763
0.012949873
0.010930096
0.0097636943
0.0065054692
0.0041557263
0.006130389
0.0065317136
0.0068377237
0.0067545936
0.0046817435
0.0035024379
0.0029591509
0.0012287822
0.0011903203
7.8729509e-05
0.00045610071
-0.0012098429
-2.2646769e-05
-0.00038903239
8.5294397e-05
-2.6413369e-05
-0.00011648863
-0.00061434193
-0.0010464378
0.00017666905
0.001777193
0.0010113051
0.0013233418
0.0028635062
0.002722478
0.0035350259
0.0049301129
0.0051408462
0.0053445509
0.0059035575
0.0067099393
0.0064279569
0.0044635516
-0.00040888892
0.0028976729
0.007398776
0.0032737007
0.002825403
0.0032222899
0.0065747816
0.0065164049
0.0035698977
0.0013071551
-0.0010749696
-0.0001594746
-0.0015465017
-0.0027108696
-0.0033583296
-0.0047304931
-0.0049215153
-0.0036024264
-0.0026104077
-0.0014707704
0.0032964682
0.0068428593
0.0054688712
0.0087855199
0.011766264
0.015264014
0.015909591
0.014483314
0.013590379
0.014912208
0.014729061
0.015474186
0.011334457
0.010349558
0.009265225
0.01169647
0.013442876
0.012369924
0.011131255
0.010983724
0.01075038
0.0099796951
0.010178516
0.0098290903
0.0081295889
0.0057648118
0.0051652133
0.0033093709
0.0018045293
0.0025670601
0.0035579566
0.0035638886
0.0036158917
0.0055732063
0.0072985073
0.0078941215
0.0096038524
0.0093326359
0.0060663426
0.0026721847
-0.0009580054
-0.0066909673
-0.015662741
-0.020780111
-0.029268546
-0.036153177
-0.046639902
-0.056750848
-0.061827393
-0.065579689
-0.06710756
-0.068088234
-0.067936375
-0.074081416
-0.075032371
-0.079382091
-0.075117908
-0.061226453
-0.053852146
-0.048796008
-0.042086275
-0.039839823
-0.04103641
-0.038961783
-0.031042375
-0.026528046
-0.023548697
-0.018824682
-0.01668037
-0.013518137
-0.011827121
-0.009477614
-0.004837615
0.0012708735
0.0011088834
0.0021279791
0.003545366
0.004324622
0.0062448764
0.0089426961
0.0091032367
0.010437896
0.011606451
0.012914119
0.011666227
0.0084785792
0.0079727128
0.0045433827
0.0014604619
-0.0025893815
-0.0046862154
-0.0045435277
-0.0059665391
-0.0061150769
-0.0075052158
-0.0075256985
-0.0071463067
-0.0078603488
-0.010632659
-0.01076731
-0.011430749
-0.012885815
-0.012914099
-0.012269117
-0.011074605
-0.013178664
-0.011875194
-0.0099477789
-0.0071116925
-0.0040425733
-0.0012918738
0.00013072606
0.00061051151
0.0014475872
0.002815796
0.0020609695
0.0033306705
0.0044457099
0.004973594
0.0062517111
0.007723449
0.0074583329
0.0069951076
0.001724152
-0.0047078931
-0.00038552208
0.0055695034
0.0056230001
0.0025948677
0.0026070047
0.0015815717
0.0017871337
-0.00024691319
-0.0016144879
-0.0028017352
-0.0022959407
-0.004504308
-0.0055193045
-0.0048895224
-0.0065507365
-0.0036121487
-0.0026691042
-0.0020677179
-0.0010905072
0.0015714324
0.0043899526
0.0064287272
0.0082170823
0.010153326
0.013147885
0.014319027
0.012546976
0.012383712
0.010904735
0.009042418
0.010080447
0.0093003163
0.0083235502
0.0069487623
0.0077958899
0.0077813665
0.0099170557
0.010204866
0.0089932859
0.0087777175
0.0077275871
0.0067121161
0.0062203282
0.005722609
0.006358413
0.0082204895
0.0090907178
0.0066994758
0.0031468183
0.0021176952
-0.00025756583
0.0020085153
0.003541042
0.0048813305
0.0051942471
0.0028169732
0.0036943286
-0.00086137814
-0.0033603095
-0.0073020919
-0.013141523
-0.017810675
-0.020779436
-0.029095777
-0.041085087
-0.048300561
-0.052994966
-0.057767332
-0.059742243
-0.057681434
-0.055094039
-0.057785471
-0.059934696
-0.061693387
-0.064234762
-0.064443544
-0.054760515
-0.043321157
-0.035267724
-0.030095347
-0.029807138
-0.030252383
-0.026533903
-0.019038204
-0.014497049
-0.0079516424
-0.0081305214
-0.006349581
-0.0044041881
-9.4913946e-05
0.0032620184
0.0072747507
0.0084627255
0.010862355
0.010449096
0.0094052303
0.010921944
0.011775501
0.013560229
0.013568906
0.014684455
0.015248634
0.01049285
0.0081313799
0.0067161919
0.002786267
-0.00038972184
-0.0034254206
-0.0073125392
-0.0075955451
-0.0073944559
-0.011244582
-0.011695358
-0.011787299
-0.012757049
-0.012258463
-0.012800713
-0.012757511
-0.01090738
-0.011993352
-0.014411559
-0.015264001
-0.014271992
-0.015946207
-0.015859872
-0.014249737
-0.010034709
-0.0074693858
-0.0009385884
0.0033383678
0.0068877605
0.0089132465
0.0088778239
0.0084826839
0.0075296939
0.0056530951
0.0046653563
0.0049596472
0.0057476556
0.0033389933
0.0036984569
-0.00084165934
-0.0066223061
-0.0057027592
-0.00099537346
0.0042314242
1.1849995e-06
0.0022325817
0.0005905619
-0.00039919598
-0.0032538867
-0.0050160216
-0.0051195922
-0.0038543672
-0.0022065388
-0.0027821378
-0.002548597
-0.0013566656
-0.0024502286
-0.0036366909
-0.0023279435
-0.0024359639
-0.0019852265
-0.00093941187
0.0034948299
0.0070721879
0.0093332063
0.011844232
0.012169484
0.013334042
0.016625519
0.015473732
0.013477847
0.01116901
0.0091443853
0.01191164
0.011209298
0.007764103
0.0068830065
0.007592926
0.0091407609
0.0081559088
0.0087336706
0.0096659488
0.0098565452
0.0082376841
0.0081027764
0.0068715273
0.0094183823
0.0080881294
0.010376384
0.011407734
0.0061387334
0.00404317
0.0030880486
0.002628227
0.0029230822
0.0034951945
0.0031840646
0.001950679
0.00052377266
-0.0019368929
-0.0057141906
-0.0098737226
-0.012106338
-0.014014961
-0.016649936
-0.024395743
-0.036061515
-0.042304134
-0.043994183
-0.043076397
-0.044775748
-0.041415187
-0.040022733
-0.039918117
-0.040990279
-0.040644643
-0.042531579
-0.041998685
-0.03667946
-0.026816983
-0.021105228
-0.016990225
-0.016259899
-0.015875787
-0.011935883
-0.0063286252
-0.0018270825
0.0020235044
0.0029080158
0.0054955309
0.0087169552
0.012323461
0.013648296
0.014386791
0.015074332
0.015643127
0.01421639
0.012945456
0.010606814
0.012063443
0.012754106
0.01526637
0.013825566
0.013113749
0.0072363152
0.0046395923
0.0025928454
0.001481777
-0.00090986216
-0.0024094066
-0.0050321229
-0.0080082454
-0.0085899657
-0.009425849
-0.011462353
-0.012846698
-0.01434342
-0.015368082
-0.014314062
-0.012866688
-0.012972993
-0.011995882
-0.012444292
-0.013633028
-0.014226912
-0.012910242
-0.014955436
-0.012357924
-0.0073344415
-0.0032662801
0.0022977819
0.0040872544
0.0112002
0.012887499
0.014964498
0.01233079
0.01037352
0.0088522948
0.0079731399
0.0050433361
0.0042878036
0.0037927445
0.00035386933
-0.0075549599
-0.0050237998
-0.00026360187
0.0049866981
0.0059486795
0.0037115002
0.0018147207
0.0010091851
-0.0019958812
-0.0027589181
-0.0040362143
-0.0042129023
-0.0030045501
-0.0025904552
-0.0030868045
-0.0034753865
-0.0030893203
-0.0042904894
-0.0041804466
-0.0037473294
-0.0036550302
-0.0028017194
-0.0019626363
0.0010651124
0.0045497155
0.0093168181
0.012525062
0.012663105
0.014342015
0.016891025
0.019137218
0.018509305
0.016455431
0.014833754
0.015085015
0.012704943
0.010569172
0.010001301
0.0080295882
0.0085634508
0.0073518142
0.0093804943
0.0079264346
0.0091983931
0.0087124443
0.0084714158
0.0079093622
0.009872953
0.0091548722
0.011158901
0.011304795
0.0076150749
0.0069001012
0.0046869319
0.0044751377
0.0044081139
0.0043327226
0.0032213005
0.0023907538
0.0013674781
-0.00026312198
-0.0028510502
-0.0054275975
-0.0077480566
-0.0075911537
-0.0098985128
-0.01406034
-0.022325813
-0.026775479
-0.030953665
-0.0305314
-0.03036109
-0.027380936
-0.023767473
-0.021184061
-0.023944388
-0.023358257
-0.022085728
-0.020959308
-0.016634931
-0.013441918
-0.0096389599
-0.0037344879
-0.0014526759
-0.0035125255
-0.0015236565
0.0026593776
0.0063237176
0.010329069
0.011893471
0.013772982
0.014976883
0.016035634
0.01662568
0.015728538
0.014130297
0.013761843
0.012627528
0.01134194
0.010772255
0.010267087
0.011417415
0.011230233
0.010830655
0.0084179832
0.005616877
0.0033469771
0.0015753526
0.0012957366
-0.00099439853
-0.0035460995
-0.0053232349
-0.0069791379
-0.0088843575
-0.0098741616
-0.0088397621
-0.011398804
-0.013160544
-0.015602908
-0.016283714
-0.016234093
-0.015972426
-0.013528034
-0.011940727
-0.010902421
-0.011589913
-0.01258798
-0.013074132
-0.010382474
-0.0069021381
-0.001827871
0.0024937694
0.0072970074
0.010651493
0.013582034
0.012267625
0.011493509
0.011175458
0.0091293774
0.0059616101
0.0048482221
0.0021877584
-0.0013720883
-0.0021372573
-0.0033083731
8.0580595e-05
0.0034771993
0.0078405657
0.0081381578
0.0064304127
0.0028297443
0.0013764248
0.00014571006
-0.0020274692
-0.0017687175
-0.0017244629
-0.0015838255
-0.00078094089
-0.0014986267
-0.0024807699
-0.0014794199
-0.0020778959
-0.0041346899
-0.0036752568
-0.0043830805
-0.0042705717
-0.00329508
-0.0013669019
0.0017373801
0.0064969243
0.0084731451
0.009995593
0.013572375
0.016098761
0.019775004
0.019815687
0.018729591
0.018028928
0.016516605
0.013659364
0.012044986
0.010806213
0.010126656
0.0085049657
0.0074264047
0.0078158691
0.0081545151
0.0084429885
0.0088954259
0.0085627755
0.007673973
0.0084872264
0.0093100572
0.0087469898
0.0096398315
0.0099977763
0.0081546215
0.0069705671
0.0050563674
0.0043713462
0.0042343929
0.0029967264
0.002105814
0.0014015296
0.0005930344
-0.0013855601
-0.0022893238
-0.002790087
-0.0030197933
-0.0054267297
-0.0071829606
-0.010488246
-0.015065374
-0.017551327
-0.017484237
-0.01838696
-0.013803831
-0.010731634
-0.011011761
-0.012322798
-0.012662641
-0.010947358
-0.0086904384
-0.0071685367
-0.0043710917
-0.0014296052
0.0025784111
0.0051921684
0.0034987099
0.0029313895
0.0044694981
0.0080238548
0.01130749
0.013879426
0.01550098
0.015100226
0.014064595
0.013811582
0.012569816
0.01078854
0.0091770362
0.0085247772
0.0068473113
0.0058297548
0.0051811622
0.0052482232
0.0057157634
0.0056994884
0.0046101769
0.0038776239
0.0016500115
-3.101969e-06
-0.0010130721
-0.0036153314
-0.0048658355
-0.0056203635
-0.0088594032
-0.010179256
-0.010682402
-0.0098466429
-0.0103527
-0.012135705
-0.012298405
-0.012994601
-0.013565121
-0.012810006
-0.011780782
-0.011294733
-0.012139339
-0.012922109
-0.01253756
-0.010484145
-0.0094717783
-0.009545491
-0.0050733686
0.001135445
0.0035978486
0.0061915566
0.0083908629
0.0088309261
0.0084010566
0.0077446226
0.0066109708
0.0032149838
0.00050653135
-2.3229618e-05
-0.0024204124
-0.002841864
-0.00043684681
0.0029117615
0.0064812545
0.0076531506
0.0082901986
0.006428186
0.0042562269
0.0031225004
0.0013113814
0.00028089353
-0.00074276787
-0.00084670831
-0.0010187945
-0.0011897136
-0.0018840999
-0.0029721905
-0.0027991663
-0.002751638
-0.0043127599
-0.00450686
-0.0046713372
-0.003959242
-0.0032384214
-0.0032428204
-0.0021592627
0.00039560507
0.0037127784
0.0043257645
0.0067121071
0.011103564
0.013525084
0.01660576
0.01771043
0.017503774
0.01228328
0.012963428
0.010885719
0.0094673107
0.0088058841
0.0087937806
0.0076764517
0.0080387669
0.0082187848
0.0082995191
0.0083245575
0.0079038132
0.009202586
0.010005004
0.010359273
0.0097770513
0.01299373
0.012877435
0.011243716
0.010292923
0.008720463
0.0083080369
0.0065726807
0.0058169524
0.0051203141
0.004135524
0.0028898047
0.0023524235
0.0013909687
0.0003833779
0.00062094493
-0.00033356401
-0.0014906205
-0.0033955373
-0.0058672706
-0.0082454312
-0.0096056876
-0.0089178037
-0.0051855074
-0.0027820767
-0.0031290071
-0.0023090414
-0.003500329
-0.005346704
-0.0041729232
-0.0022884453
-0.00055043793
0.0017131465
0.0040019873
0.0067509781
0.0047452278
0.0030941201
0.0031019803
0.0056820925
0.0094994553
0.009151707
0.011480397
0.011987878
0.011413897
0.010588466
0.008814427
0.0080143994
0.0068854235
0.0064142051
0.0048202221
0.0028053283
0.0025256846
0.0034918037
0.0041680241
0.0039496783
0.0032883953
0.0026248733
0.0024320507
-0.000414637
-0.0018187507
-0.0040433082
-0.0067452679
-0.008314625
-0.0093108406
-0.0097168638
-0.010402058
-0.0088462588
-0.007836962
-0.0081693549
-0.0074869162
-0.0070777886
-0.0078194103
-0.0069183086
-0.0072189366
-0.0082301519
-0.0096772029
-0.0096737861
-0.010381175
-0.0091843531
-0.0086498074
-0.0087803401
-0.0074323291
-0.0020067857
0.001806617
0.0035787889
0.0044349654
0.0058281734
0.0063761426
0.0058968382
0.0063414402
0.0029589848
0.0031769699
0.0017540329
0.0010987786
0.0011146521
0.0013372629
0.0032154232
0.0061917802
0.0055744298
0.0059249876
0.0055596511
0.0049225956
0.0044781807
0.0016379078
0.00068229199
0.00034832156
0.0002253225
-0.00034767355
-0.00098653814
-0.001602374
-0.001038289
-0.0019980265
-0.003513024
-0.0043263275
-0.0050820116
-0.0045040387
-0.0044870504
-0.002736201
-0.001384638
-0.0011724955
0.00073152696
0.0024919594
0.003451533
0.0043531863
0.0059732828
0.0077137438
0.0093912977
0.010931402
0.011994098
