0.0042136964
0.003329142
0.0029239119
0.0020130376
0.00078392538
-0.0017903563
-0.00023453696
0.0089248664
0.015165059
0.015031917
0.014178387
0.013465286
0.010985527
0.0064985647
0.006742886
0.0039347183
0.0033017005
0.004146409
0.0039062056
0.0057591718
0.010186918
0.013838478
0.01385705
0.014215487
0.012744189
0.0088793896
0.0066432907
0.0040053452
0.0020434412
0.0013915241
0.0024510718
0.0031837719
0.0037696347
0.0013816374
-0.001824628
-0.0031089671
-0.0040467145
-0.0057782552
-0.0074071247
-0.010152524
-0.010717436
-0.011418953
-0.012415233
-0.013579768
-0.014129099
-0.014390648
-0.013171229
-0.01169407
-0.012464441
-0.015326671
-0.01740201
-0.017330653
-0.021722298
-0.025039826
-0.024196917
-0.021321229
-0.018031744
-0.014834824
-0.011991813
-0.011610959
-0.013033258
-0.015609307
-0.015735631
-0.01761725
-0.015580681
-0.013206066
-0.013752137
-0.012779908
-0.014716391
-0.016139274
-0.016432637
-0.015452906
-0.016033881
-0.01366611
-0.011345645
-0.010391781
-0.0078803376
-0.0070805783
-0.0064088521
-0.007290682
-0.0080214724
-0.0076134426
-0.0034804474
0.0022753425
0.0087972725
0.011896806
0.01412894
0.013005104
0.0078957075
0.0071713264
0.0069295641
0.009114788
0.012316817
0.015850771
0.014631138
0.012022685
0.0083736486
0.0056634043
0.0027843033
0.001751302
0.00023875676
0.00041241066
0.00020439586
0.00025410514
0.00099908382
0.0014173432
0.00059700811
0.00025894269
8.6357475e-05
-0.0003307463
-0.00019455304
-0.0012260165
-0.0020249585
-0.0018094983
-0.0028589134
-0.0031162423
-0.0017038813
0.0037023117
0.0035810531
0.0088252155
0.011199731
0.011480334
0.012504474
0.014110244
0.016355182
0.013771782
0.013661964
0.016025334
0.015828936
0.013591564
0.012337516
0.012563909
0.012305856
0.0092740815
0.0079193703
0.0068357918
0.0063737114
0.0059489976
0.0057297087
0.0050327689
0.0057563602
0.0053253252
0.0047950777
0.0043967064
0.0044917779
0.0044920762
0.0033165578
0.0026286655
0.00076472012
-0.00066644086
0.0040305257
0.012393801
0.016250253
0.015137651
0.012983787
0.010849615
0.0076912742
0.0073655622
0.0046453013
0.0040276872
0.0030984077
0.00068953651
0.0012905883
0.0056003556
0.011740242
0.014054399
0.012713282
0.013645551
0.014562067
0.011056876
0.0064198817
0.0019743305
0.0010312007
0.00061742885
0.0018286062
0.0013646407
0.00032908978
-0.0045939555
-0.0078155038
-0.0098077208
-0.011129691
-0.01271674
-0.015402482
-0.018063345
-0.018955357
-0.021076664
-0.022806751
-0.024840125
-0.026421169
-0.026112072
-0.023997997
-0.024978826
-0.023803127
-0.02334461
-0.025017779
-0.028796112
-0.031811495
-0.030685098
-0.027551171
-0.024676415
-0.021098519
-0.017036354
-0.014013923
-0.014635327
-0.013605547
-0.013474591
-0.013273214
-0.012567992
-0.010246195
-0.01012691
-0.008872709
-0.0072574139
-0.0074338188
-0.0079195805
-0.0091721743
-0.0072626731
-0.006645085
-0.0057702966
-0.003875456
-0.00058393947
0.00016383023
-0.00010486949
0.0011116144
0.0019088218
0.0014770876
0.0031841038
0.007834517
0.010502754
0.014064036
0.016741156
0.01422429
0.01305766
0.012336339
0.01118488
0.012070585
0.013463084
0.01459368
0.01568612
0.013253733
0.0092270624
0.006578203
0.0037583024
0.0010515505
0.00080161308
0.00069213557
0.0007792754
0.0015507761
0.0016634503
0.0016038756
0.0014966953
0.00073733667
0.00032706588
-0.00060575481
-0.0017585068
-0.0021605988
-0.0031912725
-0.0041940513
-0.0042795462
-0.0033786186
-0.0032381463
-0.001644019
0.0030676124
0.0083205458
0.013165416
0.014626615
0.017241716
0.018437216
0.018853429
0.020255327
0.020729619
0.01798638
0.018287267
0.016957706
0.014560728
0.012388651
0.01210489
0.010894566
0.0081679554
0.0064727812
0.0061028358
0.0065240156
0.0062781795
0.006399604
0.0064050672
0.005984887
0.0059666172
0.0051928392
0.0049940727
0.0059719799
0.0053480413
0.004957886
0.0042976317
0.0024030428
-0.00067135298
0.006016744
0.01106742
0.011715619
0.015904103
0.015175522
0.0098303976
0.0072905187
0.0049727788
0.006545992
0.0057887957
0.0024150209
-0.0014902358
-0.0016945862
0.0029391974
0.0095934105
0.012551787
0.012440474
0.013605316
0.013948608
0.011319603
0.0064571063
0.0033072657
0.0029254189
0.0036941252
0.0038209082
0.001086659
-0.0037250504
-0.009955001
-0.016085158
-0.018466174
-0.018830501
-0.022156531
-0.024828228
-0.028192018
-0.029906527
-0.033485604
-0.03644233
-0.03967106
-0.040069347
-0.040852687
-0.041085021
-0.042812073
-0.044646977
-0.038155521
-0.03826905
-0.041525807
-0.038497264
-0.037131352
-0.035928523
-0.03157931
-0.023965943
-0.015992118
-0.017364423
-0.01680375
-0.014118843
-0.012267962
-0.008570798
-0.0094553157
-0.0079074712
-0.0062494914
-0.0048328818
-0.0028290886
0.0012044821
0.0024771003
0.00062463427
0.0024125396
0.0042585776
0.0072698055
0.0096416448
0.010760379
0.009781284
0.0096963599
0.010767005
0.011726487
0.012671233
0.015961595
0.018890308
0.01900616
0.017860445
0.017165419
0.017721599
0.017861933
0.01560421
0.012043656
0.01238255
0.012202289
0.011279966
0.010684792
0.0077710534
0.0052631065
0.002636946
0.0009422547
0.00022654629
-6.4212579e-05
0.00096875529
0.0014967154
0.0021778957
0.0015882228
0.0018938997
0.0014431344
0.0015633813
0.00042723652
5.7337071e-05
-0.0016889092
-0.002472497
-0.0042196489
-0.0036980707
-0.0065036018
-0.0079335581
-0.0019379023
0.0041659078
0.0119352
0.012486087
0.014735284
0.013689697
0.017735071
0.019200977
0.020311051
0.01868046
0.019866653
0.019931313
0.016959596
0.014404258
0.011747198
0.0097353282
0.0076946926
0.0058160946
0.0059144101
0.0061507425
0.0057804212
0.005719539
0.0067273782
0.0071360648
0.0068304399
0.0066690286
0.0065580197
0.0061868866
0.0059803448
0.0062165279
0.0060657941
0.0070118452
0.0063833058
0.0052706781
0.0047563783
0.010281894
0.016446338
0.01452661
0.016194758
0.015585167
0.012027958
0.01136817
0.0083557259
0.0049286819
0.0025105254
0.0007924022
-0.0012305221
-0.00017837113
0.0033316552
0.008058672
0.010768402
0.013188691
0.015579328
0.014918671
0.014489582
0.010727634
0.0093474457
0.0071076623
0.0091298179
0.0078254647
0.0046592816
-0.0027810859
-0.011545141
-0.01687239
-0.022270373
-0.025290439
-0.02869321
-0.03310247
-0.038853323
-0.042769581
-0.045932963
-0.048553528
-0.053867984
-0.056035937
-0.060444369
-0.064528587
-0.066219823
-0.065689354
-0.061391417
-0.056788199
-0.051418143
-0.045566054
-0.043495688
-0.044399273
-0.040884603
-0.030490279
-0.023380615
-0.026313537
-0.021771515
-0.015940212
-0.012675879
-0.0096503042
-0.0065097299
-0.0051410495
-0.0047716819
-0.0033945431
0.0030372864
0.007683143
0.011463632
0.013931927
0.016146931
0.018264373
0.021382589
0.024746085
0.023230054
0.022208831
0.023709407
0.025625276
0.026810661
0.024627058
0.025586602
0.026089966
0.023508372
0.021975394
0.020631941
0.020105529
0.017260813
0.015112785
0.010468013
0.0095549958
0.0082562177
0.0073056996
0.0063102844
0.0046741259
0.0026471971
0.0020260085
0.0011858546
0.0011093865
0.00063311514
0.0013086538
0.0018461602
0.0025910977
0.0032701734
0.0039476193
0.0033299374
0.0036628588
0.002797286
0.0025547478
0.0010838732
0.00076971707
-0.00018765828
0.0011906464
-0.00058955909
0.0011550899
0.0048112368
0.0082897175
0.010562225
0.012739977
0.012297284
0.012414808
0.015161379
0.015484665
0.016487678
0.016231744
0.016163853
0.016241657
0.013838397
0.0089415177
0.0070162739
0.0047902268
0.0038377973
0.002792865
0.0042783252
0.0048671677
0.0059055122
0.0067685149
0.0076320641
0.0067341881
0.0071364241
0.0075355622
0.0076147735
0.0074667678
0.0065922487
0.0078172972
0.0081158245
0.0090567083
0.0098604508
0.0098682546
0.012153503
0.020141732
0.021720648
0.019382479
0.016947745
0.016944381
0.014921273
0.013689877
0.011101324
0.0028062205
-0.00017381219
-0.00034647069
-0.00026654236
0.0024729405
0.0074458563
0.011840891
0.01464899
0.014537777
0.016966616
0.016149188
0.017896899
0.019217839
0.017182147
0.014637
0.012083716
0.0090138184
0.0032568076
-0.00078651039
-0.0094829202
-0.01953641
-0.02466666
-0.0296008
-0.035796428
-0.043217562
-0.048314565
-0.054309918
-0.055367448
-0.056378159
-0.062294497
-0.068689598
-0.074716371
-0.077426313
-0.0754015
-0.074841718
-0.073584503
-0.068964202
-0.067545916
-0.059730876
-0.055864648
-0.052338345
-0.044224733
-0.037681084
-0.035333107
-0.03098208
-0.027738008
-0.02500561
-0.022639795
-0.014364252
-0.010836525
-0.006065018
-0.0024386602
0.00050238834
0.0065914806
0.01442218
0.018828975
0.02180874
0.028358995
0.032304923
0.031647181
0.034470537
0.03526026
0.03506954
0.035844516
0.035763982
0.036204997
0.028963187
0.026251683
0.023970424
0.021541745
0.018945374
0.018553837
0.017358904
0.013019911
0.010165966
0.0073956726
0.0061891144
0.0043400245
0.0037337027
0.0022261769
0.00079802114
0.00065418741
0.00039222304
0.00041965378
0.00041978919
0.0013570674
0.0023512686
0.003794073
0.0037558214
0.0042777892
0.0046693526
0.0050056107
0.0050143658
0.0050779767
0.0049495064
0.0049370821
0.0051544826
0.0049930332
0.0050549609
0.0033916238
0.0068675141
0.007402654
0.0086731071
0.010207082
0.010487917
0.011702112
0.0099434714
0.010585689
0.011416061
0.014840009
0.014686095
0.013636984
0.014274742
0.012820525
0.009450478
0.0067287656
0.0037512127
0.0024538815
0.0035774134
0.0055447118
0.0063647051
0.0075975608
0.0076992161
0.0079673391
0.0080705625
0.0088654298
0.008801835
0.0091131725
0.0079332368
0.0084831748
0.010016571
0.010745681
0.01112167
0.01490127
0.016019375
0.020012215
0.023344608
0.023074076
0.016784451
0.017804947
0.016115733
0.020135284
0.015499623
0.0084885124
0.0011836273
-0.0017248759
0.0022805772
0.0061607711
0.01216179
0.01589816
0.021103445
0.021316894
0.02345749
0.021157933
0.021748127
0.020994719
0.019175852
0.016661874
0.015544086
0.010092178
0.0058337201
1.0054231e-06
-0.0034654484
-0.0093108405
-0.018833381
-0.028117279
-0.034747666
-0.041516099
-0.051616525
-0.061413672
-0.066751435
-0.068652744
-0.06519668
-0.061861073
-0.061903359
-0.068792253
-0.076415954
-0.074109536
-0.070777871
-0.06642108
-0.064419133
-0.060046603
-0.053802213
-0.049474153
-0.038453213
-0.03518293
-0.032196659
-0.038454631
-0.041802875
-0.036374272
-0.032298459
-0.026404588
-0.014387377
-0.011370546
-0.0075936231
0.00034405237
0.0053173239
0.012187614
0.017363365
0.02233265
0.02706315
0.033224405
0.03739915
0.039997374
0.038959275
0.038770601
0.039515998
0.040827943
0.038737372
0.037244731
0.033463097
0.027984411
0.023634676
0.020560317
0.017697549
0.013865264
0.011734408
0.0084700772
0.0067870088
0.0048007297
0.0042056754
0.0038165333
0.00263928
0.0018171949
0.001007514
0.0011293594
0.0012501845
0.0015901736
0.0020726033
0.0032005854
0.0036626981
0.0039145372
0.0041065697
0.0044182051
0.0049419294
0.0053282036
0.0057771274
0.0066614962
0.0071582854
0.0080059475
0.0085547329
0.0085224159
0.0097673225
0.0097385245
0.0067957009
0.0062785952
0.0066154904
0.0073789358
0.0085796573
0.0095740823
0.011959005
0.012106421
0.013913523
0.012533317
0.01397889
0.017989596
0.017491245
0.016442093
0.013646052
0.0078956937
0.0035823578
0.0031197225
0.0052265244
0.007104468
0.0079387522
0.008710168
0.00859507
0.0097977897
0.0098132048
0.010276327
0.0097850173
0.010595469
0.0099116607
0.010602949
0.012540085
0.013143594
0.015490769
0.017031309
0.017575199
0.02037619
0.021617487
0.018595341
0.016426057
0.016406484
0.016010739
0.018847414
0.014828763
0.009928151
-0.00011221004
-0.0037325076
0.00012418846
0.0068323473
0.013422313
0.018122917
0.022905938
0.023640713
0.02099317
0.019320904
0.019896717
0.019849068
0.016407713
0.012919739
0.0075566176
0.0084715302
0.0017422956
-0.0040142903
-0.0094926342
-0.014807575
-0.023216713
-0.033864021
-0.043339047
-0.053837372
-0.066872925
-0.072612901
-0.076847118
-0.071405854
-0.065838938
-0.066362981
-0.069492484
-0.071445568
-0.068188935
-0.062837143
-0.054166544
-0.060680197
-0.058445784
-0.051896646
-0.047799473
-0.039039371
-0.032260589
-0.032378301
-0.03038637
-0.03532055
-0.036672292
-0.028840624
-0.023684398
-0.019942587
-0.017858078
-0.0098433951
-0.0014811116
0.0050772191
0.011837749
0.016128197
0.021324056
0.025209659
0.030178559
0.033407486
0.036872513
0.039242326
0.038940632
0.036274206
0.037219373
0.036492589
0.0349353
0.032215041
0.027821159
0.02536233
0.021091139
0.017488056
0.015417742
0.01184057
0.0099463978
0.0069566694
0.0055387659
0.0042702495
0.0043659462
0.0046355164
0.0032739906
0.0027360486
0.003059134
0.0031584795
0.0035433459
0.0037540458
0.0040525704
0.004611309
0.0050913728
0.0050152754
0.0054022541
0.0055190566
0.0061941089
0.006021068
0.00700194
0.0074693624
0.0091435606
0.010778183
0.011836334
0.01287102
0.015260639
0.010969719
0.0042696336
0.0060466329
0.007343707
0.0096456481
0.010029792
0.01186563
0.015184796
0.02083915
0.021039795
0.01960143
0.018251972
0.015261982
0.015869245
0.016580152
0.01337836
0.006089867
0.0035142804
0.0033448481
0.0041303403
0.0055598462
0.0084218111
0.0090788136
0.0097548873
0.010259252
0.010283572
0.010955901
0.010350155
0.010201394
0.01178434
0.010879632
0.015065479
0.016754118
0.017740192
0.017885535
0.016741974
0.01852104
0.0173974
0.014718757
0.017320684
0.018679429
0.019500537
0.02159892
0.018744616
0.012245697
4.1268001e-05
-0.003209728
0.0024221954
0.0062866232
0.01169142
0.016633472
0.021140345
0.022738618
0.023603009
0.023684945
0.022440636
0.024020359
0.022690775
0.019031515
0.016681653
0.014170394
0.0071266601
0.00025290664
-0.0066148554
-0.017565547
-0.027034483
-0.036465347
-0.048972839
-0.062157184
-0.06839327
-0.069520419
-0.066048863
-0.060222532
-0.055854323
-0.054723429
-0.051731636
-0.05555997
-0.053422225
-0.051528245
-0.053656591
-0.052386259
-0.046670835
-0.042427192
-0.039838477
-0.034313609
-0.032811887
-0.038358042
-0.038797344
-0.03955728
-0.034436903
-0.028924339
-0.019023329
-0.013812032
-0.008220316
1.2056376e-05
0.007006714
0.011146952
0.01644288
0.020948866
0.021559506
0.02471215
0.02876076
0.031291708
0.034832673
0.035932679
0.033289814
0.030855123
0.029076104
0.028185088
0.026630254
0.024136906
0.022250993
0.019160582
0.016328199
0.014521297
0.013233545
0.011996052
0.0096937739
0.0087755316
0.0078977294
0.0066052866
0.0054685896
0.005484191
0.0051387238
0.0049725142
0.0048557884
0.0053993993
0.0060996252
0.0062051615
0.0061551733
0.0070268221
0.0078595338
0.0079030943
0.0077768243
0.0080742957
0.0082855549
0.0085168585
0.0092565337
0.0098513833
0.010957184
0.012158488
0.01264145
0.015929838
0.018563051
0.008147437
0.004901151
0.0075072949
0.009565467
0.014418183
0.011460791
0.014909342
0.019854073
0.023484537
0.023150746
0.021911639
0.018532785
0.018427736
0.016523292
0.01506928
0.0097990854
0.006036501
0.0055326224
0.0048741001
0.0064500337
0.0068872713
0.007766142
0.009913522
0.0099792297
0.011523373
0.011240753
0.01175414
0.011339076
0.012769655
0.013917937
0.01496732
0.017206258
0.018879322
0.019392611
0.015531784
0.015745892
0.015166741
0.01569937
0.016714215
0.017668538
0.020588617
0.02122102
0.020676999
0.018472304
0.012818373
0.0035582162
0.0014843663
0.0071097194
0.0086309701
0.0092162586
0.013010898
0.01820548
0.022610446
0.026240652
0.029022104
0.029649967
0.02967974
0.030264101
0.028785486
0.028352766
0.021775408
0.017336814
0.0095071546
0.0001290116
-0.010472174
-0.02282712
-0.035613794
-0.047447681
-0.057935264
-0.059700403
-0.059880189
-0.05641895
-0.05771388
-0.058699744
-0.055660095
-0.051659822
-0.054612839
-0.056644531
-0.05114775
-0.051811715
-0.051453193
-0.051053378
-0.045332899
-0.048390958
-0.046229296
-0.046475011
-0.042148886
-0.039649999
-0.036984557
-0.031576538
-0.024628545
-0.017474045
-0.009933758
-0.0045236603
-0.0002038765
0.004183396
0.01055848
0.015321494
0.016541333
0.018218142
0.020905131
0.022352079
0.025577609
0.026979989
0.027690626
0.026077532
0.024337108
0.021202947
0.019383092
0.018325237
0.015397433
0.015590086
0.013362177
0.012555301
0.011963157
0.011198161
0.010582544
0.0083905057
0.0072358659
0.0071945054
0.0069755338
0.0056343764
0.0057046084
0.0053714928
0.004764519
0.005236759
0.0061365085
0.0064992542
0.0068092864
0.007383612
0.0079022153
0.0084466155
0.008021233
0.0081068973
0.0077919349
0.0082024985
0.0084305727
0.0092300015
0.0092166939
0.0095862874
0.010628886
0.010060272
0.014175623
0.018049996
0.010314151
0.0053944741
0.0066090151
0.01148008
0.016748096
0.015362116
0.015886699
0.017879918
0.017228827
0.016694458
0.017274057
0.014877358
0.0120841
0.0095354837
0.0064028486
0.0044654144
0.0038184261
0.0050729936
0.006302379
0.0079109401
0.0070212142
0.0073925232
0.0092985152
0.011823003
0.01332155
0.013658551
0.013431231
0.014014833
0.014488963
0.01648408
0.01730522
0.017331613
0.018858389
0.02032168
0.016255772
0.016877506
0.016242052
0.017831332
0.019471806
0.019437528
0.020875138
0.025072104
0.023415389
0.020647527
0.012734186
0.0061651059
0.0053663611
0.0083785612
0.010508325
0.010582996
0.012634054
0.016886217
0.021053348
0.024636742
0.029107269
0.031757985
0.030532629
0.029940332
0.027229196
0.025130119
0.0193687
0.013665497
0.0057659333
-0.00088757234
-0.0097736912
-0.020890654
-0.032522192
-0.045109018
-0.053499051
-0.056090039
-0.054004819
-0.05680346
-0.06122293
-0.060074217
-0.061176394
-0.056040576
-0.056457974
-0.057174126
-0.048164102
-0.051305905
-0.051242429
-0.046308035
-0.045201299
-0.048093269
-0.043065556
-0.04079965
-0.038350165
-0.036863548
-0.034169635
-0.028703964
-0.022079982
-0.017814138
-0.0098247057
-0.0075694859
-0.0020457664
0.00024992682
0.0032486476
0.004548412
0.0061341214
0.0076456218
0.0094222538
0.013883714
0.016400063
0.017057843
0.01918902
0.018696613
0.016354036
0.014237062
0.011608133
0.010348309
0.010287104
0.010780572
0.010184394
0.0097668857
0.0089950067
0.0069066902
0.0070214861
0.0053595261
0.0048107404
0.0045093637
0.0052726207
0.003659935
0.0037603014
0.003483647
0.0034283452
0.0037844654
0.0045658878
0.0040276104
0.0042808243
0.0053390777
0.0059352418
0.0064777298
0.0059316335
0.005373528
0.0058596802
0.0070404083
0.0071140375
0.0068271637
0.0066240377
0.0057531724
0.0066473819
0.0082764076
0.0097420466
0.010657646
0.0092907487
0.0059444188
0.0029508448
0.008446105
0.010839052
0.012994679
0.012626537
0.0096907157
0.0078188156
0.0081495194
0.0084296276
0.0078693812
0.0052249942
0.0031643978
0.001740964
0.0018409893
0.00049023384
0.0040162887
0.0065041262
0.0069607186
0.0065857402
0.008296062
0.010250886
0.0097371425
0.011923967
0.015801775
0.013940624
0.014964586
0.018015347
0.018181426
0.018817315
0.017769621
0.019219099
0.018235967
0.017131307
0.017133329
0.016547245
0.017841058
0.01981017
0.017997579
0.019302507
0.019752625
0.021041587
0.018865169
0.011937837
0.0066021363
0.0014797061
0.0026464917
0.0054873208
0.0055986802
0.0073960024
0.0087395757
0.01254012
0.016679428
0.021914797
0.023258341
0.023010804
0.020243292
0.017299045
0.014764311
0.010129281
0.00405884
-0.0012353546
-0.0080782791
-0.01750882
-0.026169139
-0.039114953
-0.047888989
-0.054294481
-0.056432069
-0.058621829
-0.058585167
-0.062670116
-0.068290367
-0.071074723
-0.068768846
-0.062460213
-0.052514039
-0.050928566
-0.048349886
-0.048475771
-0.047622247
-0.045427793
-0.040223882
-0.036217473
-0.032141319
-0.030681817
-0.026571541
-0.025950029
-0.022558256
-0.019463775
-0.013700294
-0.011187575
-0.0099516314
-0.0072565303
-0.0057327795
-0.0034751929
-0.0015884258
0.0008098064
0.0010501374
0.0032103804
0.0035016244
0.0082995998
0.0094568138
0.01047941
0.01140873
0.0097014863
0.0089991013
0.0059597659
0.0028684401
0.0045412533
0.0048880889
0.0048127812
0.0047174894
0.0032508853
0.0017475227
0.0017995242
0.00030213983
0.00047994851
-0.00063717586
-0.00021400525
-0.0020934232
-0.0015551394
-0.0016390851
-0.0010428596
-0.00042956929
-0.00076872788
-0.001191519
-0.0019635669
-0.00063503345
0.00081109685
0.00015204357
0.00059970867
0.0021364349
0.0019974677
0.0025111969
0.0038472911
0.0037267354
0.0041333151
0.0045251067
0.0058861733
0.0058308891
0.0045471242
0.00012672322
0.0022402214
0.0063962413
0.003021096
0.0026202143
0.0029010547
0.0061647849
0.0070732842
0.004533759
0.002438925
0.00029033849
0.00083851101
-0.00039836675
-0.001957254
-0.0027913077
-0.0040728386
-0.0043232638
-0.0032068734
-0.0018755044
-0.0012012026
0.0027992556
0.0066573084
0.0055952341
0.0082165454
0.011452988
0.015087601
0.016556148
0.015381622
0.01448013
0.015852874
0.015837016
0.01658496
0.012716184
0.011830639
0.010656325
0.012780946
0.013933825
0.013205461
0.012530949
0.01192686
0.012049159
0.011501131
0.011719438
0.011624454
0.010699309
0.0089619807
0.0076735689
0.0049861199
0.0028191682
0.0026596389
0.0035574729
0.004164977
0.0045448723
0.0063817883
0.0082830134
0.0094196043
0.01203705
0.013244858
0.011320519
0.0093242697
0.0070165944
0.0027884778
-0.0051448078
-0.0097079077
-0.017477767
-0.023695738
-0.033009596
-0.043624852
-0.05016674
-0.055184687
-0.058169051
-0.060629201
-0.06047649
-0.066659613
-0.068755637
-0.074736529
-0.074011771
-0.061563501
-0.054758943
-0.050441439
-0.044495724
-0.042696986
-0.04364502
-0.041952233
-0.034667168
-0.030461615
-0.028041253
-0.023342867
-0.02114153
-0.017550208
-0.015836415
-0.013384222
-0.0094600365
-0.0036926591
-0.0033583923
-0.0023816919
-0.00063822308
0.00029543777
0.0025745359
0.0056918561
0.0063187432
0.0079722976
0.0095277873
0.011385294
0.011228276
0.0089434962
0.0088017605
0.0051538417
0.0018095945
-0.002167858
-0.0047070311
-0.004633645
-0.0064496226
-0.0075041675
-0.0089982804
-0.0089071176
-0.0084244578
-0.0095634864
-0.012708586
-0.012742155
-0.01267965
-0.014355283
-0.014939739
-0.014721147
-0.01299554
-0.014597006
-0.013754694
-0.011898285
-0.0088327604
-0.0064947301
-0.0033499829
-0.0016561316
-0.00075356486
0.00030033236
0.0017857892
0.0010396857
0.0018409694
0.0029234969
0.0030043535
0.0042767702
0.0056689769
0.0058124315
0.0057369696
0.0016385636
-0.0045665364
-0.0016111839
0.0039029806
0.0046270578
0.0023431232
0.0022312206
0.0018085104
0.0022231836
0.00044218441
-0.00091560899
-0.0021221405
-0.0019330989
-0.0039329857
-0.0050960826
-0.004728629
-0.0064783546
-0.0039873482
-0.0029770784
-0.0023003807
-0.001403528
0.00115528
0.004355767
0.0059619367
0.0077477028
0.0095569996
0.012904888
0.014787474
0.013972746
0.013724043
0.012582842
0.010825664
0.011358688
0.010948343
0.0098309845
0.0084535457
0.0085889151
0.0084208017
0.01049252
0.010998451
0.0095178602
0.0093397198
0.0085596034
0.0080972585
0.0077058152
0.0073398378
0.0079941444
0.0097763134
0.011221857
0.0085793277
0.0045401829
0.0030991721
0.00090126243
0.0028290382
0.0045922717
0.0059547986
0.0070999316
0.0054183203
0.0073253969
0.0044021717
0.0027671461
-8.4681238e-05
-0.004600075
-0.0088137667
-0.012020718
-0.018118871
-0.028765692
-0.036637349
-0.041836983
-0.047609628
-0.050999643
-0.050808056
-0.049476593
-0.051635373
-0.054624295
-0.057535259
-0.060959625
-0.062877224
-0.05589411
-0.046076255
-0.038835137
-0.033690157
-0.033909199
-0.034336859
-0.031139301
-0.023727929
-0.019300281
-0.013122118
-0.013375811
-0.011849885
-0.0096785961
-0.005502324
-0.0016506448
0.0026118346
0.003855395
0.0064760072
0.0067011381
0.0059683498
0.0080527972
0.0092647769
0.011865276
0.012597248
0.014061584
0.015197629
0.011847181
0.0096207195
0.0089069051
0.0050896939
0.0014539873
-0.0021930294
-0.0065103847
-0.0079761349
-0.0078379747
-0.011581638
-0.012554937
-0.012641587
-0.013661001
-0.013677245
-0.014774918
-0.015054447
-0.013122904
-0.013439988
-0.015963972
-0.017078096
-0.016138492
-0.01753657
-0.017831266
-0.016832211
-0.013443106
-0.011624171
-0.0059108621
-0.001360484
0.003001493
0.0062036955
0.0066788393
0.0066265861
0.0055492797
0.0034166869
0.0026858131
0.0029458616
0.0039710943
0.0018184933
0.0023768224
-0.00071440448
-0.006026755
-0.0060336978
-0.002779163
0.0024227829
-0.0015165586
0.00047332663
-0.00017130557
-0.00096993984
-0.00313769
-0.005474403
-0.0057176036
-0.0048620077
-0.0033910519
-0.0040449654
-0.0038679116
-0.0027210351
-0.0033324446
-0.0045535957
-0.0036646013
-0.0035441601
-0.002625646
-0.0016351475
0.0016545832
0.0054237444
0.008391088
0.011291675
0.011768353
0.012591169
0.016404402
0.016596619
0.015048356
0.013383882
0.011338166
0.013585309
0.012690927
0.0092206539
0.0076111081
0.0079441773
0.0094296149
0.0085534005
0.0087775762
0.0095891601
0.010052299
0.0086327399
0.0086031282
0.0077819433
0.01053628
0.0095844561
0.012164443
0.013247291
0.0081022047
0.0056802295
0.0046267556
0.0038728402
0.004196257
0.0050745344
0.0053861312
0.0046761899
0.0040235169
0.0025219298
-0.00022385782
-0.0035926917
-0.0054102657
-0.0070217516
-0.0091321621
-0.015120828
-0.02588929
-0.033095567
-0.036193574
-0.03611782
-0.03879836
-0.036642938
-0.03693508
-0.037532745
-0.039593584
-0.039585945
-0.041659258
-0.041655335
-0.038062204
-0.030098338
-0.025192106
-0.021810539
-0.020838383
-0.02030588
-0.017147219
-0.012134551
-0.0076587958
-0.0041076793
-0.0038693687
-0.0011436467
0.0024249978
0.006646798
0.0086631016
0.010427425
0.011287372
0.012712503
0.012102412
0.01131575
0.0097180638
0.011284967
0.012302087
0.014867077
0.014201099
0.01440995
0.0096546715
0.0070628073
0.0051166085
0.0033582769
0.00069973639
-0.0011069081
-0.0038419333
-0.0074623084
-0.0083327971
-0.0094904561
-0.011369357
-0.012885383
-0.014623157
-0.016377673
-0.016187363
-0.015230508
-0.015097191
-0.014037428
-0.014353544
-0.01545015
-0.016126408
-0.014792175
-0.016730272
-0.015935718
-0.01183909
-0.0086414411
-0.003228279
-0.0014007302
0.0060327988
0.0086399942
0.011086306
0.0094894786
0.0075084176
0.0059820802
0.0053675132
0.0031167819
0.0023154625
0.0018476838
-0.00023280622
-0.0066721792
-0.0057218397
-0.0024333712
0.0015030416
0.0026592608
0.0013419656
0.00015014271
-0.00011037352
-0.0025524727
-0.0035968651
-0.0050508612
-0.0055037126
-0.0046540519
-0.0042420459
-0.0044919506
-0.004870327
-0.0046203779
-0.0057683745
-0.0059582973
-0.0056288532
-0.0058313191
-0.0050186918
-0.0041029091
-0.00171155
0.0015129189
0.0064676283
0.010286964
0.010839947
0.01216796
0.01520499
0.017994816
0.018699664
0.017527876
0.01628165
0.015755633
0.014000553
0.011478233
0.010372267
0.0079560718
0.0081291664
0.0069779773
0.008881602
0.0074736371
0.0086275477
0.0085418544
0.0085623123
0.0082736073
0.010430896
0.010014711
0.012244071
0.0128219
0.0093515881
0.0084352503
0.0063834257
0.0060856114
0.0056425381
0.0058546173
0.0047571247
0.0043451106
0.0036342595
0.003119338
0.001014234
-0.00085531433
-0.0030858668
-0.0028439079
-0.004457139
-0.0073154781
-0.015009593
-0.020213318
-0.024918987
-0.025924421
-0.026655366
-0.025546121
-0.023658815
-0.021681728
-0.024129628
-0.024360443
-0.023067211
-0.022111543
-0.018749707
-0.016292242
-0.013522665
-0.0087647373
-0.0059492734
-0.0072173812
-0.0060809594
-0.002898682
0.00024408888
0.00437399
0.0058747635
0.0080330229
0.010085764
0.011849982
0.013194061
0.013383552
0.012313859
0.012739747
0.012298434
0.011430263
0.01118782
0.010628028
0.011737849
0.011743273
0.011396039
0.0094326328
0.0070464724
0.005048334
0.0034733707
0.0030956271
0.00087697336
-0.0014078725
-0.0034972223
-0.0060687966
-0.0085206397
-0.0099207001
-0.0088711757
-0.011351013
-0.013138599
-0.015842857
-0.017233851
-0.017703025
-0.017669842
-0.015831661
-0.014913389
-0.013387146
-0.013347061
-0.014279118
-0.015231374
-0.013584772
-0.011000826
-0.0073201847
-0.0037183018
0.0014814205
0.0053224278
0.0091911676
0.0088998417
0.008467576
0.0085456657
0.0067845501
0.0039789633
0.0029087908
0.00092027923
-0.0028263634
-0.003155391
-0.0043044204
-0.0021283186
0.00026030456
0.0040917162
0.0046513554
0.0036905198
0.0012765765
0.00024150683
-0.00037666659
-0.0024237044
-0.0028847961
-0.0032796043
-0.0032733525
-0.0024603008
-0.0028933546
-0.0040183859
-0.0033627124
-0.0038818587
-0.0059994461
-0.005758639
-0.0069726972
-0.0076953246
-0.0070386423
-0.0051614316
-0.0022037378
0.0023252456
0.0047455988
0.0064737572
0.010292245
0.01277918
0.016763969
0.018066295
0.017798603
0.017949481
0.015994764
0.013729059
0.012331384
0.011310877
0.01043434
0.0087248264
0.0072796344
0.0073909064
0.0077866503
0.0079966587
0.0085445172
0.0084640715
0.0077539799
0.0086412877
0.0098248758
0.0095961075
0.010611416
0.011229751
0.0094960439
0.008531196
0.0068702851
0.0060109136
0.0059709462
0.0047309071
0.0038185601
0.0033577405
0.0032346123
0.0017384437
0.00092479376
0.00031619393
0.00034392696
-0.001522364
-0.0028552155
-0.0059491362
-0.010441567
-0.013677795
-0.014623555
-0.016655286
-0.014070061
-0.011381166
-0.011595495
-0.012882185
-0.014011398
-0.01249398
-0.010724659
-0.0097904915
-0.0073150799
-0.0051548444
-0.0017739506
0.0014517413
0.00063053312
0.00015041331
0.0011353862
0.0036240638
0.0063312213
0.0089583067
0.01134449
0.011969395
0.011616037
0.012216198
0.011984139
0.010757085
0.009506732
0.0092459343
0.0080070319
0.0069704563
0.0063718229
0.0064246996
0.0064428303
0.0062640322
0.0051506318
0.0047791403
0.0031401631
0.001446557
0.00055839437
-0.0018798239
-0.0030907973
-0.0042062547
-0.0078228839
-0.009832874
-0.010581433
-0.010020614
-0.010347935
-0.011981064
-0.012393647
-0.013249098
-0.014361287
-0.013790868
-0.013280715
-0.013240317
-0.014071563
-0.01471146
-0.014313346
-0.013031231
-0.012451064
-0.013267292
-0.01020755
-0.0046519771
-0.0019372334
0.00096135431
0.0043907299
0.005440506
0.0057832403
0.0060372837
0.0050525998
0.0017484492
-0.0011279723
-0.0014812652
-0.0038323285
-0.0043893334
-0.0025275393
0.00015328306
0.0031904719
0.0044681722
0.0053776502
0.0041886198
0.0026946447
0.002095656
0.00083097897
-1.1287104e-05
-0.0011812048
-0.0015851794
-0.0018869583
-0.0020616497
-0.0026267285
-0.0036857907
-0.0042106082
-0.0041681962
-0.0055522051
-0.0061961444
-0.0067949337
-0.0069225335
-0.006662724
-0.0070023965
-0.0062087674
-0.0038745162
-0.00031299075
0.0006354337
0.0025861172
0.0073356246
0.010268883
0.013513574
0.015532793
0.016096352
0.010921589
0.012077659
0.01056714
0.0092119284
0.0085712702
0.008852717
0.0076834543
0.0078413365
0.0079170193
0.0079446448
0.0081401505
0.0076643153
0.0088753121
0.0096156472
0.010353537
0.0096652833
0.012937195
0.013642277
0.012275014
0.011678435
0.010208709
0.010036197
0.0086292131
0.007707483
0.0070888729
0.0062162907
0.0052683193
0.0048007001
0.0039814297
0.0028592122
0.0030031855
0.0024355117
0.0017781822
-9.9196607e-05
-0.0023046277
-0.0053266678
-0.0073132738
-0.0081367188
-0.0054618216
-0.0031407484
-0.0036786848
-0.0029524411
-0.0037285118
-0.0062302178
-0.0059675515
-0.0046065258
-0.0032463583
-0.00093433218
0.0012717987
0.0045844068
0.0034575235
0.001780689
0.0013741231
0.0030779262
0.0062393952
0.0063386531
0.0085920582
0.010086293
0.010088655
0.010004848
0.0089376101
0.0084803679
0.0078409844
0.0075991975
0.0063052485
0.004492091
0.0040987694
0.0047432459
0.0048907152
0.0044012982
0.0040321499
0.0034921045
0.0036735231
0.0014840194
3.0755346e-05
-0.0019794121
-0.0045219084
-0.0064855812
-0.0083369353
-0.0093648
-0.010549882
-0.0091831143
-0.0082702378
-0.0087561175
-0.0078624279
-0.0071595716
-0.0080846388
-0.0070751399
-0.0076319845
-0.0089094448
-0.010434589
-0.01050274
-0.011696994
-0.010994397
-0.01094114
-0.011426414
-0.011006926
-0.0066898222
-0.0031133587
-0.0011839071
0.00057466296
0.0027396805
0.0044501134
0.0038664972
0.0046404679
0.0015300045
0.0014462917
0.00051536261
-0.00044425791
-0.00035904619
5.8824992e-05
0.0013781789
0.0038912922
0.0035091689
0.0037227467
0.0036470989
0.0031933295
0.0032148844
0.0011656128
0.00038521817
1.8865303e-05
-0.00025217542
-0.00095005894
-0.0013713765
-0.0018187828
-0.0016384626
-0.0027194169
-0.0042091592
-0.0050399699
-0.0061621872
-0.0058855659
-0.0066065045
-0.0055492801
-0.0044613519
-0.0046277292
-0.0030356828
-0.00090903245
0.0002420107
0.0010718001
0.0029937937
0.0047261518
0.0066068619
0.0086411935
0.010328024
