0.0041656681
0.0032687037
0.0029765713
0.002060965
0.00092416869
-0.001549656
8.0177856e-06
0.0093241016
0.015637543
0.015234514
0.014622754
0.014063753
0.011747783
0.0075304997
0.0077584525
0.0045619652
0.0037127986
0.0042581575
0.0036592098
0.0055066201
0.0096053761
0.013354606
0.013766126
0.014210576
0.012676435
0.0091155117
0.0071292329
0.0042850638
0.0022602095
0.001209077
0.0021075999
0.0027611026
0.0032967858
0.00087560483
-0.0022139181
-0.0033052526
-0.004213423
-0.0057430461
-0.0070739661
-0.0095638415
-0.010080557
-0.010646719
-0.01162489
-0.012620874
-0.013055469
-0.013328244
-0.012042056
-0.010559413
-0.011248058
-0.014076005
-0.015929789
-0.015648254
-0.019745941
-0.022442067
-0.021080502
-0.018231003
-0.015239615
-0.012214944
-0.0097501292
-0.0092615154
-0.011002306
-0.013671052
-0.014021434
-0.016050369
-0.014217443
-0.012112351
-0.012629865
-0.01194725
-0.014286031
-0.015725084
-0.015812525
-0.015072787
-0.015989532
-0.013809039
-0.011463005
-0.010623917
-0.0081430965
-0.0073756691
-0.0069386022
-0.0082026429
-0.0092456554
-0.0085787702
-0.0039272949
0.0022337687
0.0088273749
0.011609095
0.013797704
0.012058124
0.0070005693
0.0065952658
0.006372489
0.008702557
0.011813108
0.015013257
0.013633938
0.011010456
0.0075326032
0.0051995855
0.0025942094
0.0016104731
0.00011758039
0.00042192175
0.00034077439
0.00048177968
0.0012236935
0.0014768297
0.00065317287
0.00038434556
0.00025388633
-0.00019525825
-0.00019934475
-0.0013416437
-0.0021425178
-0.0021783921
-0.0031993067
-0.0031983398
-0.0013186281
0.0036683139
0.0029881054
0.0091729123
0.011294156
0.011156378
0.011772259
0.013651034
0.016319691
0.013878511
0.014394022
0.016892377
0.016152573
0.013490748
0.011930757
0.012234691
0.012145583
0.0092604777
0.0080926697
0.006974469
0.0064658264
0.0060188209
0.0058637981
0.0051334851
0.0059169211
0.0055518923
0.0049689526
0.0044572573
0.0043489035
0.0043932531
0.0031992479
0.0026816307
0.00091868022
-0.00066609379
0.0039902393
0.01297004
0.016680505
0.01565564
0.013757219
0.011340757
0.007920492
0.0081923678
0.0058590083
0.0050100282
0.0038731072
0.0014635198
0.0013821118
0.0059423242
0.012158448
0.014226282
0.013214114
0.014191254
0.014794499
0.011365985
0.0068700429
0.0022259536
0.00083499506
0.00011200859
0.0013963855
0.0011921628
-0.00013535212
-0.0053745815
-0.0083886611
-0.010413596
-0.011514701
-0.012764426
-0.015102047
-0.017449676
-0.017951444
-0.019764864
-0.021404256
-0.02347395
-0.024669444
-0.024181308
-0.021930051
-0.022470454
-0.021056213
-0.020705698
-0.022462573
-0.026106621
-0.028444034
-0.026771804
-0.023441761
-0.021028215
-0.017591771
-0.013929765
-0.010916283
-0.011781576
-0.0110262
-0.011270164
-0.011280604
-0.011162606
-0.0090555934
-0.0090690012
-0.0079809237
-0.0065476666
-0.0068910464
-0.0075042534
-0.0089266829
-0.0073008945
-0.0067515436
-0.0061332124
-0.0044343511
-0.0009516579
-0.00044449948
-0.0011819555
-0.00021086535
0.00027278654
0.00011893725
0.0019965179
0.007489373
0.010159245
0.013777588
0.016144117
0.01330019
0.012282107
0.011632064
0.010498815
0.011146944
0.012510981
0.013507578
0.014590374
0.012120243
0.0083955844
0.0060043884
0.0035082001
0.0011040986
0.00083727201
0.00086970997
0.00093501256
0.0016406113
0.0016232594
0.0014201685
0.0012989406
0.00051329467
0.00014383074
-0.00081167748
-0.0019203182
-0.0022731668
-0.0033756218
-0.0045257292
-0.0047461122
-0.0037865416
-0.0030629526
-0.0013091766
0.0028805217
0.0080769139
0.013419314
0.014603506
0.016566263
0.01737961
0.018446861
0.020273902
0.020844588
0.018279091
0.018256454
0.016396445
0.014044211
0.012192031
0.012293314
0.010919918
0.0084109859
0.006770646
0.0063392759
0.0066667179
0.0064001417
0.0065023994
0.0065760405
0.0060911464
0.0060511595
0.0052838356
0.0049818219
0.0057806176
0.0052619447
0.0048355155
0.0041848609
0.0021277625
-0.00056054328
0.0063763177
0.011553757
0.012336465
0.016573022
0.015838053
0.010287902
0.0075546887
0.0054753342
0.007119847
0.0058175046
0.0024465691
-0.00083147796
-0.00082556652
0.003721771
0.01052047
0.013566852
0.013563701
0.014446596
0.014846391
0.012393472
0.0074867448
0.0041491287
0.0028994788
0.0031834121
0.0033596016
0.00058402568
-0.0042037658
-0.010911897
-0.01699493
-0.019257216
-0.019316354
-0.022161293
-0.024617987
-0.027565337
-0.02880467
-0.031844003
-0.03466942
-0.037776205
-0.037884761
-0.038356696
-0.038069743
-0.039146672
-0.040342279
-0.034012048
-0.034561036
-0.037776811
-0.034593715
-0.032593093
-0.030980301
-0.026451101
-0.019455029
-0.011882783
-0.0131065
-0.012902873
-0.010739525
-0.0095125718
-0.0065551209
-0.0079188516
-0.0065374924
-0.0048352194
-0.0033871892
-0.0013733424
0.0023395594
0.0029061238
0.00099741995
0.0024716262
0.0039754236
0.0066638896
0.0086723174
0.010021788
0.0089286254
0.0079671864
0.0086680082
0.009929857
0.011410991
0.015033401
0.018363536
0.018269878
0.016969676
0.015942634
0.016594079
0.016799087
0.014468085
0.010970351
0.01162834
0.011467973
0.010550954
0.0099108587
0.007000206
0.0047404288
0.0023077773
0.00086152141
0.0003590557
0.00014442564
0.0010548905
0.0013690452
0.001840424
0.0012218783
0.00145463
0.0010203979
0.001047255
-0.00011641381
-0.00046549428
-0.0020467458
-0.0026807441
-0.004445542
-0.0041316869
-0.0068801747
-0.0081018012
-0.0019105917
0.0044793771
0.012312209
0.012824481
0.015100937
0.013747734
0.017304715
0.018438798
0.020010315
0.018697837
0.019838231
0.02002559
0.016824482
0.014054739
0.011160825
0.0094547998
0.0077921095
0.0060184119
0.0063335787
0.0064171479
0.0058786389
0.005770052
0.0067968107
0.007106355
0.006835147
0.0066604541
0.0065777458
0.006121599
0.0059075667
0.0062846734
0.006085201
0.0069975381
0.0062522
0.0051731171
0.0047333298
0.010798222
0.017021979
0.015160477
0.016761704
0.015994309
0.012338365
0.011732365
0.0088340785
0.0051800216
0.0024879549
0.0005045333
-0.00023993301
0.0010738502
0.0045895712
0.009356813
0.012252206
0.014694602
0.016792858
0.016106667
0.015958725
0.011800728
0.0098816481
0.0070661181
0.0089560176
0.0072688765
0.0038790715
-0.0039622496
-0.013086886
-0.018551711
-0.023795097
-0.02608501
-0.029200175
-0.033490159
-0.038779893
-0.042150326
-0.045082071
-0.047233884
-0.052034819
-0.053818669
-0.057800531
-0.061191978
-0.062081866
-0.060814371
-0.056247971
-0.051668381
-0.046518157
-0.040704035
-0.038535131
-0.038574943
-0.034699779
-0.024737543
-0.018176896
-0.021092984
-0.017120404
-0.012147516
-0.0097211504
-0.007255532
-0.0041161048
-0.002794155
-0.0027424537
-0.0014201917
0.0046996794
0.0087918514
0.012101892
0.014360066
0.016116096
0.018350485
0.020858223
0.024028865
0.022512621
0.021031946
0.022169764
0.023786374
0.024986397
0.022939361
0.024576954
0.025035808
0.021990427
0.020185166
0.018987659
0.0184995
0.015914132
0.013932365
0.0094140537
0.0088198673
0.0077046605
0.0068398116
0.005935067
0.0043872675
0.0025505067
0.0019497888
0.0010647391
0.0011559035
0.00068288312
0.0011783091
0.0015839513
0.0021796218
0.002760008
0.0032898005
0.0026850372
0.0030819648
0.0022345392
0.0020355957
0.00075205587
0.00056242856
-0.00020218469
0.0010463084
-0.00083880877
0.00050387699
0.0048055614
0.0083636925
0.010891513
0.013339426
0.012422109
0.012877736
0.014818213
0.01556089
0.016617707
0.016325585
0.016519447
0.016201034
0.013731866
0.0089843504
0.0069765508
0.0049139079
0.0042443761
0.0033660641
0.0049877031
0.0052176274
0.0059908116
0.0068538187
0.0078394005
0.0068680381
0.0072248595
0.0075565861
0.0076663186
0.0074587245
0.0065367048
0.0078210884
0.0081353125
0.0089290572
0.009788332
0.0097504414
0.012160708
0.020255107
0.021682855
0.019356047
0.016695561
0.017214627
0.015262431
0.014062551
0.011193858
0.0028807758
-0.00017030245
-0.00031322543
0.0003328071
0.0036912834
0.0089805032
0.013337066
0.016187838
0.016234459
0.018344995
0.017330448
0.019425678
0.020209245
0.017799978
0.014719986
0.011949023
0.0086345033
0.0023307267
-0.0021117933
-0.011240393
-0.021244927
-0.02626802
-0.030840158
-0.037152659
-0.044194992
-0.049185123
-0.054620666
-0.054995169
-0.055444501
-0.061179532
-0.067102784
-0.072677401
-0.075147881
-0.072138185
-0.071250266
-0.068959122
-0.064122907
-0.062318152
-0.054222854
-0.050022593
-0.046317725
-0.038556152
-0.032563576
-0.030675988
-0.026910793
-0.023999938
-0.021815791
-0.01962292
-0.01135766
-0.0083028646
-0.0036635271
-0.0001843462
0.0019273666
0.0075511064
0.014678328
0.018582714
0.021926165
0.02855466
0.032383833
0.031534932
0.033996273
0.034372903
0.033383968
0.034318128
0.033973138
0.034260524
0.02708669
0.024857036
0.022691525
0.019891538
0.017438442
0.016702061
0.015664684
0.011605769
0.0090890659
0.0066076842
0.0058641927
0.0041671081
0.0036642407
0.0020906902
0.00082745818
0.00076798254
0.00057646009
0.00047102743
0.00042186299
0.0012008926
0.002221583
0.0035300417
0.0033271493
0.0038670455
0.0042701099
0.0046101852
0.0046853217
0.0046095715
0.0045238542
0.0046215444
0.0051098616
0.0050685903
0.0050504355
0.0030607744
0.0067623221
0.0072889898
0.0087313604
0.010346741
0.0107562
0.012107285
0.0098990673
0.010509268
0.01169514
0.0154202
0.014979297
0.013756937
0.014476257
0.013139082
0.0099504154
0.0071644583
0.0040616864
0.0030245975
0.0041292096
0.0061958266
0.0066976984
0.007781824
0.0080054826
0.0084006439
0.0084332064
0.009104959
0.0089789655
0.0092265585
0.0080087834
0.0085341319
0.0098934312
0.010588216
0.010988054
0.014663841
0.015975107
0.019584602
0.023168618
0.022883885
0.016544433
0.017785804
0.016165662
0.020331028
0.015430156
0.0084857179
0.0011437749
-0.0013222122
0.0028044545
0.0070508464
0.013097703
0.016955355
0.022108398
0.022890425
0.024645542
0.022767474
0.023409943
0.022205187
0.020336273
0.017555026
0.016073253
0.010067355
0.0054071576
-0.00046591743
-0.0044022509
-0.010986933
-0.020880149
-0.030304007
-0.036293151
-0.043406398
-0.05336499
-0.062902758
-0.067694211
-0.068680306
-0.064834475
-0.061503746
-0.061426543
-0.068150985
-0.074887912
-0.071904351
-0.067949979
-0.063653123
-0.060968249
-0.056095291
-0.049597981
-0.04486449
-0.03439065
-0.032010976
-0.029901251
-0.036248297
-0.039312931
-0.033944132
-0.030342824
-0.024547606
-0.012954347
-0.0097909148
-0.0058905033
0.0014785417
0.0057834881
0.012103897
0.016826046
0.021871405
0.027041073
0.033212726
0.037409306
0.039402926
0.037923782
0.037234268
0.037592576
0.039462824
0.036962172
0.035540787
0.032034446
0.026225141
0.021994193
0.018884743
0.016081045
0.012447943
0.010582504
0.0076038945
0.0061636736
0.0041732943
0.0038403302
0.0034270051
0.0023607449
0.0017442262
0.0010616942
0.0011945596
0.0013942483
0.001544594
0.0020456829
0.0031481954
0.0034582699
0.0035832097
0.0037886398
0.004130517
0.0046236158
0.0048243704
0.0054355022
0.0062334219
0.0067696942
0.0078230605
0.0085296125
0.008619306
0.0094758384
0.0091512548
0.0066607374
0.0063424471
0.0067858514
0.0075157465
0.008410837
0.0093125269
0.011412363
0.011488276
0.013463706
0.012407808
0.014101848
0.018355069
0.017368479
0.016439839
0.013703425
0.0081263981
0.0038120381
0.0035295674
0.0055670834
0.007536157
0.0083602879
0.0089137285
0.0088764426
0.010078948
0.01015866
0.010438409
0.0098219418
0.010512101
0.0098192933
0.010505279
0.012267463
0.012750776
0.015448039
0.016928436
0.017637889
0.020107645
0.021230912
0.018136109
0.016228745
0.016413988
0.016004674
0.019061591
0.01495036
0.009780292
0.00044558236
-0.0025192321
0.0012849043
0.0080323526
0.014520379
0.019299669
0.02398061
0.024719861
0.022180941
0.020781855
0.021616795
0.0212624
0.017199303
0.01382113
0.0083857118
0.0091687217
0.0018584128
-0.0042981071
-0.0099125595
-0.015805749
-0.025047249
-0.035848624
-0.04549501
-0.055706574
-0.068688911
-0.073757829
-0.07738884
-0.071320869
-0.065836965
-0.066392589
-0.069832424
-0.071258788
-0.066944937
-0.061416925
-0.053152154
-0.059309821
-0.056152691
-0.049555612
-0.045328929
-0.037114326
-0.030571753
-0.031003145
-0.029571371
-0.034146572
-0.035506026
-0.027519992
-0.02230331
-0.01918806
-0.016895723
-0.0088503578
-0.00068485249
0.0053487319
0.012134134
0.015933338
0.020675374
0.024665966
0.029701677
0.033046924
0.036587654
0.037892614
0.037247207
0.034283081
0.035132232
0.034861284
0.033355492
0.030850249
0.026553357
0.024042017
0.01974116
0.016257655
0.014316704
0.011047773
0.0091230209
0.0064666978
0.0052950886
0.0040202004
0.0041353275
0.0043787007
0.0031484065
0.0026989471
0.0031258699
0.0031732136
0.0036487421
0.0038666739
0.0040736082
0.0045679519
0.0049955381
0.0050560752
0.0054196431
0.0055122027
0.0060828041
0.0058132157
0.0068452333
0.0074479116
0.0090878984
0.010771947
0.011828745
0.012942872
0.015175375
0.01078
0.0044291657
0.0065883555
0.0074680279
0.0097164516
0.0099877764
0.01134379
0.014873663
0.02041543
0.020501326
0.019219654
0.018024376
0.015012484
0.015460255
0.016211707
0.012642988
0.0057301334
0.0035494895
0.0033063483
0.0044174297
0.0058707447
0.0086627843
0.0091224118
0.009922201
0.01049329
0.010643062
0.01111852
0.010255762
0.010035286
0.011590412
0.010623524
0.014982991
0.01656372
0.017853475
0.018255902
0.016969712
0.018330608
0.017234579
0.014285299
0.017310665
0.018348333
0.019737301
0.021689779
0.018882857
0.012593007
0.00067769032
-0.0019215075
0.0039092932
0.0074658375
0.01286085
0.0179508
0.022490438
0.024021167
0.024967182
0.025186139
0.023993483
0.025631988
0.023376498
0.019384745
0.016753091
0.014173788
0.0068390377
-0.00030185165
-0.0078709825
-0.01909418
-0.029024383
-0.03864208
-0.051230453
-0.064459204
-0.070461479
-0.071044275
-0.067688463
-0.061007423
-0.055885947
-0.054775236
-0.051673957
-0.055665088
-0.053665726
-0.051867317
-0.054062122
-0.052416517
-0.046807939
-0.042463192
-0.040103355
-0.034900378
-0.0331907
-0.038543529
-0.038847648
-0.039302511
-0.033944943
-0.028074349
-0.018218462
-0.013103935
-0.0072116415
0.0012771873
0.0076531996
0.011729656
0.016979005
0.021013991
0.021692005
0.024489551
0.028621346
0.031166462
0.034277428
0.034638362
0.032064444
0.02930966
0.02763408
0.027096621
0.025620836
0.022974138
0.021038772
0.018016351
0.01509089
0.013871025
0.012704947
0.011465329
0.0092639525
0.0082211947
0.0075277671
0.0063454582
0.0052353259
0.0053659556
0.004945462
0.0049338686
0.0048340691
0.0054168265
0.0060881846
0.0062536178
0.0062230136
0.0071818788
0.0078874812
0.0079451798
0.0079215021
0.0081995629
0.008404239
0.0086842513
0.0094463394
0.010088122
0.011195136
0.012418811
0.012998402
0.016212009
0.01867453
0.0082653205
0.0052420634
0.0079969039
0.0098763384
0.014457392
0.011052288
0.014733569
0.019432663
0.022852426
0.022437836
0.021079369
0.017877909
0.017509823
0.015317009
0.013743282
0.0090231445
0.0059865301
0.0055978654
0.0048470027
0.00664892
0.0072549629
0.0079785533
0.010031023
0.010146227
0.011613318
0.011590005
0.011950045
0.0116504
0.012957056
0.013958747
0.014911642
0.017439247
0.018798069
0.019410528
0.015813267
0.016198295
0.015327232
0.015726326
0.016910346
0.017665771
0.020530239
0.021232525
0.020726495
0.019282518
0.01359776
0.004487749
0.003325217
0.0088479497
0.0099816511
0.010438261
0.01456661
0.019812289
0.024370144
0.028006861
0.03056554
0.03104146
0.030858587
0.030979123
0.02929895
0.028226883
0.021366178
0.016551589
0.0081071788
-0.0019105485
-0.013160693
-0.026130424
-0.039073741
-0.051006486
-0.061545201
-0.06245379
-0.062184553
-0.058479
-0.059152387
-0.059718589
-0.05605901
-0.052008088
-0.05575436
-0.057879066
-0.051955583
-0.052768075
-0.052667842
-0.051727073
-0.046404967
-0.049650119
-0.047279613
-0.047253824
-0.042379604
-0.039886031
-0.03698467
-0.031361488
-0.023800332
-0.016809634
-0.0089344826
-0.0032465905
0.00074549532
0.0051463782
0.011675738
0.016182706
0.017190934
0.019089123
0.021574733
0.023328637
0.026549375
0.02758552
0.027618485
0.025964483
0.023712244
0.020291258
0.018624819
0.017460811
0.014579729
0.014873327
0.012651935
0.011944603
0.011683586
0.01091982
0.010246911
0.00813794
0.0069160609
0.0069599369
0.0068799726
0.0055283361
0.0056186866
0.0053211433
0.0049979917
0.0053844274
0.0061744504
0.0064515508
0.0067711721
0.0073221445
0.0078389083
0.0083806803
0.0078684928
0.0080979511
0.0078782006
0.008441371
0.0086945784
0.0095288781
0.009640755
0.010177124
0.011377457
0.010792511
0.014847335
0.018412862
0.010649341
0.0058648328
0.0068235479
0.011612775
0.016883495
0.01496269
0.015490009
0.017352836
0.01629551
0.015502955
0.016110183
0.013667359
0.010885206
0.0086949368
0.0057775229
0.0043925869
0.0040577311
0.0054310759
0.0067532955
0.0081391015
0.0071653455
0.007556242
0.009330723
0.011911405
0.013369076
0.013637941
0.013473449
0.014275251
0.014731686
0.016804272
0.017627738
0.017257196
0.018619454
0.020183406
0.016183874
0.017051381
0.016326396
0.017970144
0.019885843
0.019822822
0.021425236
0.02560202
0.023822652
0.02120707
0.013258003
0.0074027586
0.0073516478
0.010320388
0.012168202
0.011794807
0.013804313
0.018407638
0.022456158
0.025976141
0.030549048
0.032999505
0.031593956
0.03055297
0.027163752
0.02472438
0.018075614
0.011590224
0.0032661812
-0.0043092591
-0.014008332
-0.025022263
-0.036971106
-0.049241945
-0.057432796
-0.059041151
-0.056568979
-0.059057425
-0.063711612
-0.062195101
-0.062550369
-0.056828599
-0.057906535
-0.058610424
-0.049331528
-0.053182096
-0.05229037
-0.046783053
-0.046115111
-0.049129879
-0.044032602
-0.041389587
-0.038723042
-0.037118382
-0.033853839
-0.028128006
-0.021108026
-0.016857701
-0.0088407933
-0.0066720177
-0.00086878384
0.0011492896
0.004235806
0.0054671148
0.0073183424
0.0087599628
0.010770207
0.015210763
0.017551652
0.018200603
0.019650438
0.01900765
0.016420282
0.013910769
0.01125299
0.010131523
0.010132332
0.010596994
0.0099512762
0.0097156057
0.0090395911
0.0070173068
0.0071573438
0.0053636816
0.0048994801
0.0044758317
0.005127287
0.0035404073
0.0038656635
0.0035984199
0.0035805468
0.0039401336
0.0048306127
0.004290354
0.0045190132
0.0055188975
0.0061413104
0.0065178412
0.0060575146
0.0055505391
0.0061465339
0.007381341
0.0076951195
0.0074602477
0.0073680782
0.0066638283
0.0075138662
0.0092844765
0.010379015
0.011051542
0.0099186652
0.0069119953
0.0036465391
0.0086365543
0.010826512
0.012864653
0.012166731
0.0091775827
0.007213887
0.0074296706
0.0075130388
0.0071253588
0.0047015283
0.0029342994
0.0018039591
0.0019419225
0.00050374036
0.0040233886
0.0065475129
0.0068440997
0.0062680459
0.008002641
0.010206903
0.0093320654
0.011661571
0.015359179
0.013780489
0.014899274
0.0178319
0.018098862
0.018850798
0.017162322
0.018584795
0.017345673
0.01683541
0.017281265
0.016453541
0.017709593
0.019746878
0.018259254
0.019429309
0.020022998
0.02116988
0.018339992
0.011661336
0.0075150652
0.0028329912
0.0045771183
0.0073908654
0.0070427655
0.0085757587
0.0098253007
0.013887673
0.018106449
0.023144323
0.023701151
0.023269192
0.019977823
0.016627795
0.013351681
0.0081466864
0.0014193547
-0.0044895782
-0.011990571
-0.021808325
-0.031113981
-0.043969603
-0.052399302
-0.05842298
-0.059709497
-0.062108119
-0.061599774
-0.066145573
-0.071606226
-0.073427049
-0.0703356
-0.063719023
-0.053786609
-0.052241426
-0.049675203
-0.049434063
-0.047864698
-0.045665282
-0.040419125
-0.036399116
-0.031997118
-0.030474371
-0.026249739
-0.02546413
-0.021864975
-0.018736479
-0.012759883
-0.0097656922
-0.0083931494
-0.0058023821
-0.0043486481
-0.0022571058
-0.00035705177
0.0016362736
0.0021082495
0.0043887218
0.004485338
0.0094538628
0.010563439
0.011332687
0.011874133
0.010172407
0.0092542425
0.006148402
0.0034054072
0.0052611061
0.0057161988
0.0059810824
0.0061109466
0.0043352521
0.0030431971
0.0027674695
0.0010514256
0.0010186221
-0.00021490083
0.00018961501
-0.0016043696
-0.00064661322
-0.00083582787
-0.00028312412
-0.00016955858
-0.00039100764
-0.00085501904
-0.0015042802
-0.00033705851
0.0012405976
0.00059755161
0.00084082764
0.0024563586
0.0023486032
0.0029912928
0.0044153033
0.0045901444
0.0049299154
0.0054700107
0.0065368033
0.0064235298
0.0049117702
2.7191039e-05
0.0025140754
0.0071261239
0.0034676951
0.0029304712
0.00316989
0.0064395367
0.0070624892
0.0042607879
0.0021438266
-0.00029592231
0.00041366793
-0.00087927897
-0.0022290679
-0.0029526676
-0.0043815438
-0.0048089359
-0.0037177247
-0.0027808875
-0.0020013994
0.0023751518
0.0063120881
0.0049801442
0.0079459377
0.011092812
0.014734559
0.015935546
0.014706093
0.01385832
0.015151164
0.015146792
0.01594439
0.01196149
0.011138372
0.0099701997
0.012186967
0.013995945
0.013295174
0.012260499
0.012079788
0.012121317
0.01151624
0.011786078
0.011713637
0.010464304
0.0082906483
0.0074541508
0.0054494898
0.0036299237
0.0040817278
0.0050829511
0.005303731
0.0054057011
0.0073095758
0.0093042195
0.010296293
0.012549412
0.013164582
0.010681932
0.0080431483
0.005120991
0.00029310828
-0.0082151829
-0.013124459
-0.021281607
-0.028082921
-0.038140845
-0.048952275
-0.055041891
-0.05978179
-0.062265257
-0.064167442
-0.064266103
-0.070828456
-0.072850956
-0.078465055
-0.076505218
-0.063439404
-0.056225847
-0.051592756
-0.045157593
-0.04282357
-0.043958669
-0.042332934
-0.034797573
-0.030245977
-0.027442197
-0.022671706
-0.020420179
-0.017114234
-0.015410602
-0.013094925
-0.0089115333
-0.0026038728
-0.0022268877
-0.0011621286
0.00043334085
0.0013302824
0.0034065437
0.0064845774
0.0070022657
0.008536736
0.010068065
0.011833364
0.011351565
0.0085385604
0.0082289251
0.004935517
0.0018428461
-0.002175595
-0.0046353856
-0.0045028164
-0.006129699
-0.0064834114
-0.0078677055
-0.0080178684
-0.0076108381
-0.0083800881
-0.011266032
-0.011513555
-0.011955891
-0.013685733
-0.013971368
-0.013511607
-0.012068449
-0.014168666
-0.013285876
-0.011470146
-0.0087884669
-0.0059499283
-0.0029899788
-0.0013425393
-0.00066827963
0.00016846918
0.0017011882
0.0010104116
0.0020699696
0.0032669623
0.0037554578
0.0050972701
0.0066453755
0.0067860113
0.006675813
0.0020661091
-0.0047170622
-0.0012688671
0.0045290145
0.0051613255
0.0024581603
0.0023848812
0.0016324689
0.0019148132
0.00010799737
-0.0013257513
-0.0025713505
-0.0022057147
-0.0042070871
-0.0055312704
-0.0049740542
-0.0068667995
-0.0042698724
-0.0033093814
-0.0027487283
-0.0019676319
0.00059249478
0.0034915162
0.005421902
0.0073058775
0.0092951879
0.012533971
0.014260863
0.012987872
0.012841467
0.011608531
0.0097195012
0.010540994
0.0099158637
0.0090238958
0.0075757206
0.0081633846
0.0080964485
0.010232892
0.010820308
0.0096529773
0.0095615425
0.008725206
0.0079660482
0.0075164349
0.0070644455
0.0076664503
0.009595511
0.010899903
0.008683016
0.0049595003
0.0038145991
0.0014076146
0.0033955096
0.005161401
0.0065906561
0.0075704564
0.0055394667
0.0070496684
0.0032963905
0.001161348
-0.002084204
-0.0073254319
-0.011885533
-0.014821645
-0.022146792
-0.033986373
-0.041829766
-0.047127391
-0.052668671
-0.055739087
-0.054862878
-0.052823023
-0.05546726
-0.058320105
-0.060838257
-0.064154501
-0.06579915
-0.057803535
-0.046928151
-0.039085545
-0.03372793
-0.033506419
-0.03401913
-0.030774374
-0.023304078
-0.01876154
-0.012141425
-0.012110079
-0.010402053
-0.0083848218
-0.0041848335
-0.00057399454
0.0036529916
0.005109575
0.00778766
0.0078788597
0.0070018891
0.0087934459
0.0098445583
0.012117057
0.012571735
0.013977909
0.015146721
0.011142896
0.0087346471
0.0076849412
0.0038683429
0.00058776545
-0.0026382789
-0.0067884131
-0.0076408751
-0.0073389476
-0.011210482
-0.011961964
-0.012081626
-0.013164173
-0.012925121
-0.013594123
-0.013852533
-0.011956061
-0.012768061
-0.015322053
-0.016497331
-0.015538174
-0.017219403
-0.017552117
-0.016441851
-0.012701846
-0.010538126
-0.0043374035
0.00025805831
0.0042785425
0.00698809
0.0072701718
0.0071676021
0.006348482
0.004518059
0.0035657289
0.0038923593
0.0048816208
0.0027411599
0.0032072167
-0.00050500399
-0.0064984101
-0.0063166936
-0.0023804388
0.0031525923
-0.00081764624
0.0013560183
0.00024668288
-0.00067299886
-0.0032414723
-0.0053882911
-0.0056341154
-0.0046787113
-0.0030337866
-0.0035618624
-0.0033660239
-0.0022243387
-0.0030803234
-0.0045223442
-0.0034390351
-0.0035653751
-0.0031257421
-0.0023032103
0.0015397642
0.0053279672
0.0079331212
0.010722364
0.011340052
0.012493954
0.016261546
0.015853505
0.014056631
0.012039444
0.0099496079
0.012438356
0.01176673
0.0083489336
0.0070759002
0.0076333836
0.0092280568
0.0083581883
0.0088293548
0.0098098652
0.010236454
0.008772565
0.0087188461
0.0076341224
0.010238845
0.0091665
0.01146376
0.012911249
0.0078323936
0.0055826427
0.0045420346
0.0040135717
0.0043159486
0.005104982
0.0051135688
0.0042543046
0.0032377321
0.0013033948
-0.0020136227
-0.005838612
-0.0080042169
-0.0097823693
-0.012089652
-0.01902338
-0.030719444
-0.037837332
-0.040578664
-0.040237925
-0.042719611
-0.040219386
-0.039504035
-0.039747301
-0.041323998
-0.041245024
-0.043470432
-0.043645498
-0.039498495
-0.030467806
-0.024860274
-0.020877176
-0.01998161
-0.019691547
-0.016152946
-0.01074405
-0.0061868815
-0.0022363677
-0.0013032119
0.0013860286
0.0047970205
0.0087677992
0.01056029
0.011782642
0.012646451
0.013834183
0.012796527
0.011875423
0.0096988349
0.011162127
0.01200016
0.014828525
0.013995307
0.013836618
0.0085157689
0.0057561061
0.0037131723
0.0023276391
-2.4803764e-05
-0.0016937573
-0.0042589539
-0.0075591368
-0.0083651835
-0.009342314
-0.011327848
-0.012895644
-0.01449129
-0.015987125
-0.015305814
-0.014107525
-0.01418752
-0.013292952
-0.01368869
-0.014914774
-0.01568639
-0.014510168
-0.016699363
-0.015231333
-0.01053877
-0.0069490729
-0.0012066928
0.00053585971
0.0079079012
0.010153444
0.012667679
0.010742865
0.0089305711
0.0075364229
0.0068875608
0.0041959845
0.003368198
0.0029823058
0.0002661915
-0.0074166158
-0.0060417391
-0.0018841217
0.0029912151
0.0044267998
0.002688165
0.001127421
0.0006011316
-0.0022271804
-0.0032019789
-0.0045532158
-0.0050533625
-0.0039597725
-0.0035514829
-0.0038879961
-0.004373113
-0.0040843071
-0.0053545249
-0.0055358841
-0.0052992822
-0.0054560012
-0.0047499584
-0.0040605108
-0.0014166044
0.0018979143
0.0067325593
0.010423052
0.010877009
0.012595929
0.015583143
0.018254467
0.018408339
0.01672424
0.015340311
0.015323829
0.01317519
0.010762402
0.010070118
0.0079488486
0.0083851701
0.0071631999
0.0091568468
0.0077756864
0.0089863336
0.0087573159
0.0085994296
0.0081321235
0.010154856
0.0096913625
0.011703928
0.012341909
0.0087105545
0.007942626
0.0057573615
0.005508709
0.0053693227
0.0055054059
0.0044551601
0.0038582414
0.0030044785
0.0018929606
-0.0004983642
-0.0027161888
-0.0051396791
-0.0049642623
-0.0068860438
-0.010457377
-0.018715459
-0.023753591
-0.028557239
-0.029097863
-0.029612869
-0.027605253
-0.024712949
-0.022198675
-0.024849454
-0.024911357
-0.023694326
-0.022889397
-0.019098375
-0.016228815
-0.012896032
-0.0073632226
-0.0045414211
-0.0064377137
-0.0050292099
-0.0012330428
0.0023831894
0.0066815941
0.0085160656
0.010653487
0.012321531
0.013747782
0.014837963
0.014444507
0.013133337
0.01311297
0.012310368
0.011214064
0.010773428
0.010228316
0.01138333
0.011437854
0.011268629
0.0092369988
0.0066171109
0.0044283625
0.0026287538
0.0023184634
0.00014961701
-0.0023939672
-0.0043681018
-0.0063494392
-0.0084776577
-0.0097328021
-0.008670205
-0.011166084
-0.013020605
-0.015632015
-0.016809804
-0.017081296
-0.017153706
-0.015069623
-0.013735287
-0.012450966
-0.012959838
-0.014063445
-0.015058101
-0.013007035
-0.0099863106
-0.0054510117
-0.0013136513
0.003702903
0.0074141957
0.010904406
0.010187466
0.0096281786
0.0097079424
0.0079798247
0.0050085919
0.0038564969
0.0015828862
-0.0021896705
-0.0029254803
-0.0043588185
-0.0016268684
0.0014026156
0.0057491324
0.0064843305
0.0052998421
0.0022380252
0.00086545772
-0.00018084489
-0.0023959152
-0.0025341472
-0.0026111271
-0.0025316362
-0.0017595434
-0.0023831049
-0.0035313285
-0.0026918767
-0.0031553319
-0.0053623824
-0.0051936771
-0.0061922448
-0.0065444893
-0.0058407562
-0.0041159075
-0.0012895544
0.0033809758
0.005612285
0.0072553747
0.011069988
0.01381946
0.017893369
0.018784911
0.018081098
0.017889107
0.016112435
0.013561231
0.012007415
0.010827977
0.010099641
0.0085062874
0.0072176463
0.0074959218
0.007895528
0.0081772895
0.0087200556
0.0085598938
0.0077331382
0.008534963
0.0095841459
0.0091392333
0.01009092
0.010685034
0.0089481813
0.0078559544
0.0060217726
0.0052100235
0.0051822598
0.0040033496
0.0031596562
0.00253566
0.0020334965
0.00021371295
-0.0006659148
-0.0012166419
-0.0013050483
-0.003484887
-0.0051278304
-0.0083107815
-0.013003378
-0.016175614
-0.016763928
-0.018368282
-0.014718842
-0.01160747
-0.011783737
-0.013191258
-0.014033523
-0.012554785
-0.010526481
-0.0092433661
-0.0066566845
-0.0039640218
-0.00015883675
0.0029405459
0.0016006609
0.00086291613
0.0019865941
0.0051796069
0.0084508498
0.011344732
0.013532756
0.013751699
0.013066581
0.013206214
0.012397558
0.010918477
0.0094685264
0.0089821509
0.0074517483
0.0064283876
0.0057722356
0.0057944165
0.0061324153
0.0062007034
0.0051997756
0.0047000434
0.0027137357
0.0010323835
0.00010308424
-0.0024499604
-0.0038286665
-0.0046677284
-0.0080646906
-0.0097610415
-0.01039041
-0.0097563101
-0.010155719
-0.011999663
-0.012344594
-0.013169917
-0.014087949
-0.013568688
-0.012855032
-0.012485904
-0.013326034
-0.014167222
-0.014001619
-0.012380821
-0.011575313
-0.012112565
-0.0083482924
-0.0022834798
0.00044313488
0.0032205424
0.0059643935
0.0067810756
0.0068028685
0.0065636542
0.0056581676
0.002396353
-0.00041474116
-0.00095288813
-0.003334181
-0.004095863
-0.0020649254
0.00096150312
0.0044783283
0.0058851342
0.0068343322
0.0055138625
0.0036149154
0.0026930751
0.0010717576
3.1722272e-05
-0.0010941031
-0.0012935938
-0.0015163769
-0.0017358847
-0.0024277743
-0.0036056016
-0.0037296032
-0.0036417693
-0.005226234
-0.0057580332
-0.0061625686
-0.0058769656
-0.0053513239
-0.0055854848
-0.0048026094
-0.0025140445
0.00091307662
0.0016764751
0.0038590334
0.0085066273
0.011242414
0.014588802
0.016342469
0.016573643
0.011264886
0.012284979
0.0105066
0.0090948373
0.0084403213
0.0085317356
0.0073985716
0.0076236327
0.0078251398
0.0078955203
0.0080484265
0.007577593
0.0088306907
0.0096603664
0.01025529
0.0095927831
0.012879117
0.013282989
0.011778868
0.011052898
0.0094858307
0.0092218429
0.0075769238
0.0067771411
0.0061697109
0.0052451033
0.0041135823
0.0035919215
0.0026989604
0.0015815676
0.0018256468
0.0010713474
2.9426817e-05
-0.0018734627
-0.0043395112
-0.0071387557
-0.0089764039
-0.0090717595
-0.0057861546
-0.0033386238
-0.0037061308
-0.002883625
-0.0038828537
-0.0060852999
-0.0054009676
-0.0037572591
-0.0021800689
0.0001523126
0.0024178232
0.0055523558
0.0040028465
0.0021265099
0.0018767722
0.0039588342
0.0077945501
0.0077482108
0.01015229
0.011269161
0.01096186
0.010548
0.0090177245
0.0083718749
0.0074651317
0.0071425686
0.0057090889
0.0037170928
0.0032763239
0.0040873471
0.0046395693
0.0044623077
0.0039540243
0.0033698427
0.0034201376
0.00089339132
-0.00054135107
-0.002636097
-0.0053911377
-0.0072434342
-0.00868359
-0.0093535735
-0.010352078
-0.0089682876
-0.00799828
-0.0083886703
-0.0077373951
-0.0071820367
-0.0080671353
-0.0072322471
-0.0076172593
-0.0087207502
-0.010298395
-0.010393011
-0.01134441
-0.010462304
-0.010162264
-0.010553444
-0.0097950945
-0.0048593161
-0.00093695257
0.0010137547
0.0022710641
0.0039364904
0.0050857609
0.0046226704
0.0053492131
0.002047636
0.0021958855
0.00095176811
5.3379303e-05
5.5005356e-05
0.00024421797
0.0017990353
0.0047417568
0.0044347128
0.0047964284
0.0047241227
0.0042119127
0.0040893565
0.00155424
0.0004992084
0.00010053295
-2.8939472e-05
-0.00060987191
-0.0011968406
-0.0018710178
-0.0015071437
-0.0024376154
-0.0039989931
-0.0049270512
-0.0059473675
-0.0056059711
-0.0059246267
-0.0045028364
-0.003258412
-0.0032473738
-0.0015784956
0.00029841212
0.0013022804
0.0022074818
0.0039413105
0.0057337104
0.0075491239
0.0093534256
0.010744619
