0.0035951245
0.0030635389
0.0029943067
0.0020009559
0.0012434546
-6.8380899e-05
0.0044496723
0.014259098
0.017432111
0.014838304
0.012718064
0.01074703
0.0073365071
0.003498532
0.0036292969
0.00078638899
0.001414138
0.0020050159
0.0025675583
0.0031932133
0.0069492152
0.0093605669
0.0088812985
0.0082379454
0.0053070245
0.0035176767
0.0023217283
-0.00025930734
-0.0026545004
-0.0039189951
-0.0027659046
-0.0025065362
-0.0016881081
-0.0042319173
-0.0060473757
-0.006661676
-0.0075158828
-0.0087351895
-0.0095719967
-0.010528583
-0.010120935
-0.0097766099
-0.0098953812
-0.0099063335
-0.0092714397
-0.0089255633
-0.0081522741
-0.0073845661
-0.0090877222
-0.011748977
-0.012015526
-0.011454777
-0.013936365
-0.013554186
-0.011318299
-0.0092591923
-0.0071181005
-0.0053641645
-0.0057901456
-0.0058798793
-0.0072075415
-0.0091071881
-0.0099923815
-0.011554603
-0.0099841824
-0.0088620014
-0.010260966
-0.011383983
-0.014410542
-0.01490046
-0.013599899
-0.013270496
-0.013608693
-0.0091515333
-0.0060164955
-0.0044425226
-0.0018048782
-0.0029319492
-0.0035225055
-0.0042628845
-0.0028887946
0.00023533547
0.00624751
0.01234451
0.016661533
0.016576854
0.01678404
0.012637586
0.0080779502
0.0089030356
0.0089749709
0.011655857
0.013957044
0.013723379
0.010667354
0.0078763039
0.0051102293
0.003704252
0.0026020276
0.002352692
0.0011488587
0.0014614069
0.001781963
0.0022048944
0.0025641718
0.0023531837
0.0015686529
0.0014666352
0.0014253256
0.0012313836
0.0012360575
0.00023879287
-1.6719926e-06
-0.00033840005
-0.00038800909
0.00091807672
0.0042681599
0.0070939913
0.0065809933
0.014159243
0.012737768
0.013360092
0.012919968
0.014546223
0.01644571
0.014400888
0.014871693
0.015458415
0.012969634
0.010595663
0.00860103
0.0092902148
0.0095929501
0.007509154
0.0066341674
0.0052554548
0.0053745023
0.0051243351
0.0054030801
0.0049718407
0.0060984841
0.0054318817
0.0047551676
0.0040449923
0.0027600458
0.0028906013
0.0015750752
0.0012755913
-0.00053042977
-0.00017789473
0.0061236745
0.015321565
0.015495499
0.011521132
0.0094291411
0.0070957351
0.003967676
0.0041636387
0.0025841733
0.0020411251
0.0015846921
0.00019573962
0.00025508482
0.0047268313
0.0095554736
0.0096500406
0.0083937866
0.0085222018
0.0079091644
0.0044644149
0.00059029201
-0.0037258051
-0.0059898777
-0.0057773853
-0.0042253762
-0.0044123824
-0.0067717878
-0.011494788
-0.013331827
-0.015158698
-0.01575365
-0.016488245
-0.017625882
-0.017775132
-0.016675593
-0.016829718
-0.017167142
-0.017558166
-0.017069355
-0.015331006
-0.013188366
-0.012773166
-0.011450712
-0.012347403
-0.014728399
-0.016391946
-0.015168096
-0.011218269
-0.0087076137
-0.0086202612
-0.0065783231
-0.0047689933
-0.0035019566
-0.0044525923
-0.0034276022
-0.0046209645
-0.0057941775
-0.0065180201
-0.0055506551
-0.0069768707
-0.0069927515
-0.005991799
-0.0059114685
-0.0066724137
-0.0061905768
-0.0045843778
-0.0030118486
-0.0004507016
0.0024042056
0.0055509471
0.0042186215
0.0021691014
0.0023541514
0.0027942172
0.0042432241
0.0079421408
0.01393629
0.015226123
0.016519021
0.016080846
0.013709333
0.012840089
0.01146128
0.010860807
0.011815217
0.012271849
0.011630907
0.011288404
0.0086976068
0.0062836315
0.0047470327
0.0031394817
0.0019517818
0.002006626
0.0021130432
0.0018273297
0.0025106473
0.0023049448
0.0019936958
0.0014252691
0.00066080805
0.00022528745
-0.00034182014
-0.0006784435
-0.0011093447
-0.0024157626
-0.0029272758
-0.0024428377
-0.00084157797
0.0010671007
0.0039115834
0.0065333146
0.012943589
0.017463618
0.017587821
0.018180537
0.017085239
0.017350918
0.01875354
0.01730532
0.013825625
0.013474755
0.010915366
0.0097066084
0.0087957568
0.0091404067
0.0070720033
0.0054820049
0.0040826526
0.0042469072
0.0048072229
0.0048263095
0.0048956402
0.0052733163
0.0047343847
0.0047651528
0.0039803144
0.0037499596
0.0024583673
0.0023733756
0.0011347751
0.00028140371
-0.0017941979
-0.0010857252
0.0076819847
0.012133457
0.011170209
0.012441225
0.0090643367
0.0030533359
0.0018909853
8.3914305e-05
0.00098436573
-0.0020572858
-0.0028470229
-0.0025590347
-0.00070095765
0.0038468551
0.0092209136
0.0099008843
0.0090117296
0.0087889651
0.0089592916
0.0067289316
0.001209803
-0.001961844
-0.0051411075
-0.0057921702
-0.0063387126
-0.010571263
-0.014974625
-0.020616096
-0.024873502
-0.025742343
-0.025502883
-0.027230297
-0.027785412
-0.028748279
-0.027658069
-0.028047257
-0.028300668
-0.029632883
-0.027609475
-0.026137717
-0.02391008
-0.023395699
-0.021623757
-0.017653655
-0.019903067
-0.021037779
-0.016483295
-0.011659831
-0.0082839099
-0.0057139797
-0.0035021597
0.0011123341
-0.0011754205
-0.0015348452
0.00023026834
9.2029633e-05
0.00047068033
-0.0030307135
-0.0022987926
-0.0020154512
-0.00051998324
0.0020200733
0.0053600771
0.0046622889
0.0036025554
0.0064859879
0.0090243639
0.012538081
0.01384298
0.014433162
0.011184135
0.0088318869
0.0088951624
0.01106174
0.012333475
0.016131617
0.01751521
0.01479298
0.013283398
0.012498102
0.013814031
0.01310859
0.0097988671
0.0072005024
0.0086419638
0.0082587063
0.0067334301
0.0065617348
0.00422852
0.0029658926
0.0019418742
0.0016112227
0.0011339474
0.00087576268
0.0010568283
0.0013096452
0.0012014443
0.00089233647
0.00061105326
5.6559631e-05
2.875552e-05
-0.00060397862
-0.00088417047
-0.0016709922
-0.0024960215
-0.0035704378
-0.0029869503
-0.0047524668
-0.0041587137
0.0015388979
0.0093427234
0.016087919
0.016139676
0.016589718
0.015662535
0.01739106
0.015996894
0.016911853
0.015380701
0.014897211
0.013227525
0.0094777106
0.0076964895
0.005207793
0.0046234992
0.0034548844
0.002055271
0.0030587821
0.0030150916
0.0031562892
0.0033365161
0.0045091183
0.0042694402
0.0041953157
0.0040855727
0.0041327932
0.0033032944
0.0031811512
0.0028427695
0.0026614232
0.0028678252
0.0021165943
0.0015329497
0.0029827812
0.012139349
0.015523508
0.012066965
0.01147929
0.0081727176
0.0033372684
0.0024052236
-0.0017983407
-0.0056439621
-0.0063983997
-0.0039974088
-0.00066571018
0.001551435
0.0042759194
0.0074454606
0.0097603927
0.010477161
0.010011892
0.0094227812
0.009057594
0.0035415515
0.00022151212
-0.0038343314
-0.0034776828
-0.0086186985
-0.014411032
-0.021896974
-0.028291685
-0.031975264
-0.035716678
-0.036007949
-0.038039481
-0.040891042
-0.042730648
-0.042405171
-0.042174201
-0.041455167
-0.043184947
-0.042719876
-0.044387596
-0.044017507
-0.040080742
-0.035366016
-0.030257911
-0.025727849
-0.020549018
-0.01514674
-0.011954669
-0.010860478
-0.0077001036
-0.0028576928
-0.000121039
-0.0032802877
-0.00018702353
0.0021664108
0.0020762825
0.0036162366
0.0054635666
0.004717368
0.0039251665
0.0069740615
0.012560862
0.015928929
0.018286959
0.020735384
0.022957929
0.025709108
0.026380724
0.027692296
0.024197959
0.020558333
0.019309927
0.019764431
0.019437449
0.017305818
0.019082058
0.016216146
0.011858641
0.010140477
0.0097035773
0.0093395197
0.0080000604
0.0056431015
0.0030911479
0.0037050096
0.0033281112
0.0031614083
0.0028119269
0.0023156345
0.0014218373
0.00083531083
0.0002728634
0.00054240442
3.3836505e-05
0.00014039237
0.00023746446
0.00051757915
0.0012386073
0.0014172488
0.0012806262
0.0015485439
0.00091898157
0.0010974119
0.0003986288
0.00078237074
0.00076315866
0.0019462577
-0.00017635594
0.0001266968
0.0053031436
0.0091976723
0.011613969
0.013889182
0.011493397
0.012573636
0.011287935
0.012020158
0.012379893
0.011715257
0.01108898
0.0091095417
0.0066497809
0.0027022985
0.0014316242
0.00033852244
0.00065939535
0.00067929552
0.0024676851
0.0023824468
0.0033605338
0.0040952065
0.0048702369
0.0035009335
0.0042234803
0.0040987507
0.0042849432
0.0035867905
0.0030190964
0.0037765493
0.0046708348
0.0048774292
0.006219972
0.006081136
0.0095505811
0.016628758
0.014135906
0.010428498
0.0071455197
0.0087148507
0.0056375028
0.0034786706
-0.0024901768
-0.0079834749
-0.0064387801
-0.0034564933
0.00086514334
0.0048526348
0.0090954744
0.011462155
0.012162124
0.011902419
0.011188184
0.010661029
0.013298831
0.010214778
0.0057014634
0.00039057302
-0.0037504435
-0.011048311
-0.019435865
-0.024731279
-0.032717833
-0.038934929
-0.041445318
-0.045475098
-0.050133247
-0.054263014
-0.056035862
-0.056706701
-0.053727081
-0.051973176
-0.055142471
-0.057267382
-0.059563168
-0.057377041
-0.049832737
-0.047428747
-0.041067187
-0.035364727
-0.031482374
-0.023058688
-0.018936899
-0.016255795
-0.011436713
-0.0099111339
-0.010342459
-0.0073307272
-0.004339215
-0.0039554791
-0.0024912056
0.0047550554
0.0055387884
0.0083735699
0.01132143
0.012324368
0.018625766
0.02416354
0.027277446
0.031754509
0.036908757
0.038691208
0.036237629
0.035960902
0.031960725
0.02897028
0.027789702
0.024657852
0.022130293
0.01480408
0.013831752
0.010012582
0.0076854383
0.0069699706
0.0072607849
0.0058915192
0.0029194909
0.0016150961
0.00076353247
0.00069000898
0.00017221046
0.00092089552
-0.00018003772
-0.00048828694
-0.00032252015
-0.00030901842
-0.00050481348
-0.00091419696
-0.00063975754
0.00079991995
0.0018030643
0.0018336454
0.0024910976
0.0031566644
0.0035989132
0.0037875607
0.0037672408
0.0038097795
0.0047074894
0.0056861848
0.0054897865
0.0053061716
0.0027899209
0.0048894844
0.0044490261
0.008612663
0.0082220698
0.0093223428
0.0095918287
0.0071677661
0.0081924256
0.0090724047
0.012475048
0.010354746
0.010414621
0.01089079
0.0078255189
0.0043003504
0.0015783727
-0.00020571031
-8.6257088e-05
0.00192688
0.0037969785
0.0041056699
0.004892535
0.0050431417
0.0053697473
0.0055342675
0.0057488669
0.0052732427
0.004935706
0.003957957
0.0047240191
0.0056054368
0.006036614
0.0071648619
0.010049402
0.010803724
0.013006181
0.015337357
0.011417439
0.0062142192
0.0074361181
0.0065044194
0.0094897256
0.0011622658
-0.0045681553
-0.008317717
-0.0039541376
0.0020842825
0.007542434
0.01214851
0.016099778
0.018254051
0.017584751
0.016075079
0.014370003
0.015023052
0.012026083
0.0080317407
0.0048126156
0.00021125834
-0.007380294
-0.013482937
-0.020362087
-0.026226109
-0.033785017
-0.042318342
-0.049929084
-0.053773854
-0.060194701
-0.066364607
-0.070646344
-0.070099284
-0.06661929
-0.059783871
-0.055920386
-0.055690469
-0.060169373
-0.059722089
-0.051959933
-0.04597846
-0.041588403
-0.035044843
-0.029507874
-0.023916862
-0.019241394
-0.01353388
-0.016237391
-0.017310803
-0.023329729
-0.023379548
-0.016601076
-0.015145334
-0.0089787209
0.0018821126
0.0039749776
0.0085359
0.013672989
0.016947017
0.02227519
0.025709515
0.03104111
0.035817135
0.04084748
0.042101904
0.040347882
0.035818074
0.032990544
0.030968267
0.030782701
0.026000221
0.023288797
0.018223809
0.011778498
0.0084682456
0.0067259185
0.0044152699
0.0031873489
0.0021270116
0.00044376051
-1.2506634e-06
-0.0011712626
-0.00056264463
-0.00053612063
-0.00029629207
0.00010742213
0.00010017923
0.00013783214
0.00045842031
0.0002591024
0.00082281359
0.0015897465
0.0017126145
0.0020509017
0.0026685762
0.0036319245
0.0044215548
0.004703572
0.005418251
0.0062745251
0.0068887159
0.0081489946
0.0089119424
0.0090650968
0.0082269343
0.0056715454
0.0035319259
0.0039421212
0.0048251014
0.0057428181
0.0063995673
0.0078581335
0.0086890886
0.0087131386
0.010799917
0.0086807362
0.012706404
0.015344824
0.012689022
0.011014128
0.0070864459
0.0011524265
-0.001166953
0.00020374639
0.0027190751
0.0042851697
0.0053887491
0.0054490481
0.0058123934
0.0067731428
0.0067625021
0.0062655486
0.0054554885
0.005733126
0.0052366395
0.0059045714
0.0076627795
0.0078912841
0.011148539
0.01116387
0.011642799
0.011965422
0.011809377
0.0075640161
0.0073692622
0.0060067534
0.0071899993
0.0089987638
0.0035894685
-0.0018835595
-0.0067984664
-0.003125245
0.0028370128
0.0091500895
0.013506011
0.016591288
0.019445956
0.017531582
0.014917685
0.013698533
0.013849727
0.010927488
0.0043462374
0.00074675706
-0.0043520499
-0.0048947461
-0.015080133
-0.022346957
-0.029393024
-0.039004219
-0.048220945
-0.056554287
-0.06456255
-0.071278866
-0.079500654
-0.077020901
-0.077442292
-0.068124675
-0.063107465
-0.062673852
-0.064927646
-0.059434133
-0.052174942
-0.046558061
-0.040311235
-0.043802743
-0.036309078
-0.03097184
-0.028214079
-0.021471906
-0.018330919
-0.02140884
-0.020734826
-0.024665257
-0.023081079
-0.012819535
-0.011082937
-0.0089235371
-0.0040850777
0.0034754441
0.010917096
0.017446643
0.022132388
0.025625305
0.028618431
0.031434242
0.035419454
0.037874805
0.038124751
0.035161295
0.032484812
0.027862082
0.027938546
0.026698131
0.023881324
0.020284116
0.01607896
0.013247588
0.0091239873
0.0071190659
0.0055829544
0.0039757963
0.0027291009
0.0012700213
0.0011665028
0.00014413314
0.0012578323
0.0015254895
0.001146202
0.0018313672
0.002637929
0.0025907154
0.0033958978
0.0030823023
0.0034621093
0.0038172024
0.0045877936
0.0053087518
0.0059070485
0.0061363869
0.0068440077
0.0068700315
0.0082323688
0.0086833464
0.010272228
0.01152311
0.012689035
0.013535363
0.013874298
0.0055303829
0.0013704601
0.0067269325
0.0063184096
0.0090821741
0.0099818042
0.010984327
0.015648224
0.017474424
0.015113287
0.013196533
0.010606795
0.0082863171
0.0083787976
0.0085847627
0.0028748756
-0.0021161524
-0.0014367476
-5.9127472e-05
0.0025777068
0.0038035347
0.0060359118
0.0058985489
0.0070455603
0.0068979252
0.0073866001
0.006845783
0.0057053798
0.0053772943
0.0064454026
0.0058539026
0.0099548752
0.011435846
0.012218502
0.011758191
0.0098970364
0.011080468
0.008163382
0.0048969659
0.0096877229
0.0092525684
0.011964532
0.012287632
0.0080022336
0.0003697922
-0.006373879
-0.00090656573
0.0047571428
0.0072290244
0.012182053
0.015730052
0.018722209
0.018266557
0.017591542
0.016416345
0.015478436
0.014997502
0.0094683452
0.0042611831
0.000952748
-0.0030422731
-0.013367939
-0.022714538
-0.031906052
-0.043189783
-0.052809366
-0.060878246
-0.072134261
-0.079417255
-0.078791004
-0.073935506
-0.069807188
-0.058217483
-0.051849187
-0.05040091
-0.047740071
-0.05383393
-0.049866428
-0.049503296
-0.048917269
-0.044294778
-0.039311525
-0.034232399
-0.034142382
-0.02862466
-0.029134773
-0.033211219
-0.029926575
-0.029119896
-0.021975122
-0.015293203
-0.006484006
-0.0020695248
0.0051702392
0.014104888
0.018791991
0.022470964
0.026312946
0.028451393
0.027960766
0.02978826
0.032976161
0.032849172
0.03293682
0.029782277
0.026505944
0.022837105
0.021927371
0.02026908
0.017959807
0.014520875
0.012401839
0.0098499701
0.0079547738
0.0076708096
0.0072609589
0.0068057193
0.0049866379
0.0039856515
0.0037705347
0.0033255814
0.0030143353
0.0035611803
0.0036173197
0.003859711
0.004277996
0.0051965456
0.0055486737
0.0055574621
0.0056354535
0.0070406784
0.0075026407
0.0078920834
0.0081328992
0.0083303281
0.0087879526
0.0096449464
0.010193819
0.010842957
0.011989777
0.013233999
0.013763983
0.016452053
0.015097741
0.0033326198
0.0038580304
0.0071304504
0.010420931
0.01376226
0.010472629
0.01448504
0.01707283
0.017331461
0.015333461
0.012654044
0.0086443296
0.0082262752
0.0045330832
0.0031476173
0.00033196885
0.00027203881
0.0010328593
0.0012376508
0.003836828
0.0050112454
0.0055758411
0.0073749197
0.0073813494
0.008630277
0.0085911347
0.0085905373
0.0081743134
0.0089361849
0.0092576238
0.0099573509
0.012791752
0.013208046
0.013141155
0.0094590261
0.012144028
0.0093314657
0.0090590745
0.010265081
0.011911994
0.013503086
0.013705929
0.01158337
0.010933307
0.0039023698
-0.001772317
0.0036947698
0.0086490051
0.0080285275
0.0088250219
0.014130595
0.018417622
0.021175413
0.021832357
0.022251883
0.020579752
0.019746965
0.017898394
0.014958742
0.010387109
0.00016326153
-0.0080000409
-0.020209112
-0.031371947
-0.044175139
-0.056911079
-0.066846002
-0.074865232
-0.079438014
-0.073572059
-0.071700266
-0.065465979
-0.0610065
-0.057649215
-0.053925365
-0.05298046
-0.059198719
-0.058889812
-0.051833656
-0.05259566
-0.050497564
-0.047084472
-0.042564271
-0.04627301
-0.041948032
-0.040806014
-0.035002781
-0.031843761
-0.025717582
-0.018621216
-0.010512507
-0.004223717
0.0052692034
0.010765118
0.014713143
0.019324117
0.025849431
0.027732769
0.027785589
0.029344236
0.029854827
0.030724928
0.030782996
0.028849498
0.026398649
0.023139433
0.019285941
0.016060081
0.015472599
0.013032865
0.010447964
0.010659069
0.0091343675
0.0087587089
0.0084212322
0.0082757869
0.0078982575
0.0061847439
0.004997849
0.0056541424
0.0057300066
0.0048028742
0.0048974915
0.0048748828
0.0055633367
0.0059684404
0.0063229063
0.0064664496
0.0070195618
0.0073942472
0.0078454841
0.0081392216
0.008035512
0.0085765615
0.0084486285
0.0094926809
0.0097687277
0.010819935
0.011203136
0.012163185
0.013553811
0.013567601
0.016976591
0.016794038
0.0073825234
0.0040665582
0.0060112129
0.012374769
0.016691487
0.011428643
0.012184508
0.012296476
0.0088575104
0.0078590764
0.0082419951
0.0040070825
0.0014302946
-0.00019182336
-0.00081807767
-0.00026440042
0.00051146163
0.0030786858
0.0053171174
0.0064259291
0.0054857915
0.0062718175
0.0079822485
0.010643177
0.010890979
0.011264568
0.01142596
0.011830386
0.011642546
0.013442235
0.013707412
0.014298749
0.01571979
0.014650207
0.01162318
0.012523109
0.012295889
0.013140999
0.014759925
0.015390962
0.016729924
0.018877363
0.014780843
0.010500968
0.0014509461
0.0018715505
0.0062524641
0.0088300549
0.0098582063
0.0083351608
0.011032844
0.016473811
0.018872691
0.020985161
0.023376503
0.022710122
0.02064638
0.016701465
0.0093922892
0.0027451195
-0.0084486926
-0.018046843
-0.028101698
-0.038275086
-0.049874735
-0.058304452
-0.068600314
-0.075225071
-0.078090989
-0.073949504
-0.071155888
-0.071061509
-0.071086253
-0.065683488
-0.064292272
-0.057026202
-0.062738
-0.06080021
-0.052001889
-0.055537616
-0.050423367
-0.042012512
-0.043625324
-0.044985882
-0.039147898
-0.035780482
-0.032266983
-0.029190727
-0.022793002
-0.014922155
-0.0071678175
-0.0024905262
0.0049805915
0.007799411
0.014597497
0.014375774
0.017893138
0.018969516
0.021875869
0.021233317
0.023352285
0.023997391
0.023482855
0.022404138
0.020646064
0.018784636
0.016091795
0.013030463
0.01164968
0.010816913
0.010816036
0.0098035674
0.0095891736
0.0097828582
0.0085957456
0.0074265289
0.0074191679
0.0057047389
0.0058272159
0.0052250092
0.0055648354
0.0039590443
0.0046643738
0.0045960106
0.0046473305
0.0054930122
0.0066819788
0.0061769193
0.0070357531
0.0073088228
0.0078161923
0.0071817317
0.0069930047
0.0067504977
0.0079242338
0.0087560554
0.0091987826
0.0085897742
0.0093896221
0.0098065736
0.011183938
0.011864224
0.013027788
0.011881118
0.010273874
0.0068530477
0.0032991832
0.0077915704
0.0099716821
0.01029238
0.0079549845
0.0040652917
0.002267347
0.0025693676
0.0014062562
0.0010616564
-0.00072668869
-0.001452164
-0.0012426759
-0.0012934578
-0.0019364333
0.0037199156
0.0060698972
0.0065810367
0.0064345644
0.00905318
0.011046493
0.0089673857
0.010995892
0.013712279
0.012265052
0.013388846
0.015553931
0.015452752
0.015668608
0.014393992
0.01512924
0.011067582
0.012266045
0.012618072
0.012113164
0.01148161
0.013080632
0.01091884
0.011725613
0.011680993
0.010957729
0.0044110548
-0.0024160541
-0.0011277294
-0.002759776
0.0029590124
0.0052343742
0.004132869
0.0054968917
0.0073112108
0.011446915
0.015312578
0.016763965
0.012533587
0.0094939179
0.0020737774
-0.0050452987
-0.012454685
-0.020179544
-0.030196926
-0.037621236
-0.045414314
-0.055082385
-0.06563707
-0.074539051
-0.079358013
-0.079625355
-0.076962917
-0.07811028
-0.074548676
-0.078612737
-0.079413121
-0.075576671
-0.07007995
-0.062850635
-0.054468233
-0.052363755
-0.04828656
-0.047027202
-0.042687215
-0.039114327
-0.03350295
-0.028824228
-0.024109481
-0.023059095
-0.017930171
-0.016305962
-0.0099330647
-0.0054636272
0.0017645424
0.0040465422
0.0051982064
0.0072897942
0.0084695098
0.010149908
0.011867616
0.012109083
0.013085102
0.013539146
0.012687504
0.017321395
0.016058623
0.015723985
0.013978556
0.012567673
0.011271632
0.0080366111
0.0069101593
0.008783968
0.0091589219
0.009047517
0.0089164812
0.0068302265
0.0066650939
0.0055099075
0.0038553175
0.0038815003
0.0029098135
0.0028635632
0.0011102547
0.0026663098
0.0016238197
0.0016496426
0.0016574999
0.0025247559
0.0020583037
0.0023244631
0.0035403012
0.0043106133
0.0026074114
0.0026013877
0.0039393145
0.0050878796
0.005754875
0.0073555587
0.0076396798
0.0078067089
0.0077458352
0.0083124598
0.0068311619
0.0034914765
-0.0007946511
0.005211586
0.010460862
0.0028918727
0.0028167943
0.0044734914
0.0066371869
0.0041080077
0.00071881485
-0.0026966193
-0.0045026351
-0.0031446528
-0.004654892
-0.0050890201
-0.0048499677
-0.0055308717
-0.004899762
-0.003582653
-0.0023415934
-0.0008780403
0.0041888652
0.0061908185
0.0048347117
0.0096206952
0.012364315
0.015249285
0.01421162
0.012428081
0.011673873
0.013450543
0.013020758
0.013308071
0.0082999027
0.0070880144
0.0057166792
0.008753032
0.01005178
0.0088965043
0.0069255595
0.0067453831
0.0047896597
0.0036501353
0.0038719649
0.0025172182
-0.00074708936
-0.0025751548
-0.0011806783
-0.0017127957
-0.0012402352
0.0011464082
0.0024660292
0.0018797812
0.0018415422
0.0036952971
0.0043997232
0.0036390564
0.0035537079
3.1433499e-05
-0.0067116548
-0.013551907
-0.020513546
-0.029161316
-0.039550497
-0.044210889
-0.052244174
-0.060023739
-0.072287347
-0.079294059
-0.081234585
-0.081566848
-0.080549757
-0.079248336
-0.079709877
-0.086169983
-0.082697956
-0.083437783
-0.074121317
-0.060991945
-0.052280473
-0.046191137
-0.038344365
-0.036370318
-0.03917411
-0.036247651
-0.02562216
-0.020644753
-0.017525552
-0.01306712
-0.011392627
-0.0074981837
-0.0054559205
-0.00079605689
0.005661811
0.010357566
0.0081242974
0.010293338
0.010856546
0.010376969
0.011401725
0.012717271
0.012410774
0.012229507
0.012269669
0.012410001
0.010709601
0.0083223609
0.0078449684
0.0057635405
0.0033686501
-0.0010457339
-0.0029197111
-0.0032136803
-0.0028815179
-0.0020937061
-0.002225765
-0.0015652321
-0.001337341
-0.0020814034
-0.0043301564
-0.0046476711
-0.006380197
-0.0067357167
-0.0060535674
-0.0046731237
-0.0048252382
-0.0074736469
-0.0053403897
-0.0031065125
-0.00053924319
0.0029050162
0.0046189377
0.0050320632
0.0048627802
0.0054706918
0.0053613133
0.0048395503
0.0075306318
0.0087343048
0.0092244521
0.011611761
0.013276801
0.011228928
0.0091600063
0.0016444819
-0.0042962297
0.0032730486
0.011416007
0.0080017753
0.0038836956
0.0045628489
0.0023373235
0.0010226432
-0.0022424664
-0.0032437658
-0.0046935535
-0.0037414665
-0.0061511147
-0.0059697433
-0.0037613055
-0.0041429696
-0.00017748224
-0.00017940515
0.0003016089
0.0016163381
0.0038207139
0.0055684383
0.0076323651
0.0090206383
0.010504037
0.012114275
0.011504684
0.0084369773
0.0088905908
0.0072403711
0.0051212042
0.0071093255
0.0047409084
0.0040319739
0.0026485501
0.0053455525
0.0046055112
0.0068946382
0.0066895604
0.0053981655
0.0044885948
0.0021791795
0.00033318064
-0.00078278808
-0.0013068651
0.00088105433
0.0030654106
0.0030829906
0.0010813545
-0.00056022026
-0.0010742781
-0.0035037635
-0.00056304105
0.00036446006
0.0013299254
-0.00082869051
-0.004110897
-0.0051493303
-0.013106868
-0.018485177
-0.025888272
-0.034674124
-0.039149205
-0.041753534
-0.052885433
-0.066554901
-0.072642594
-0.075488573
-0.07751992
-0.075405636
-0.068963747
-0.064037055
-0.06841541
-0.068194005
-0.067026623
-0.068561821
-0.065011682
-0.051740396
-0.038122308
-0.028317593
-0.023520566
-0.02183469
-0.02537414
-0.020135775
-0.011215895
-0.0060238141
0.0013955298
0.00080039955
0.0027487825
0.0048533688
0.0094372692
0.012059881
0.016197396
0.015964496
0.017265979
0.015779632
0.014368178
0.0151315
0.014299315
0.014275755
0.013112787
0.013443011
0.013259324
0.0077629216
0.0068498316
0.0042583363
0.00080994374
-0.00091909616
-0.0022459637
-0.0054694971
-0.0038235161
-0.0041830836
-0.0078496708
-0.0080174243
-0.0077544696
-0.008350555
-0.0076250947
-0.0063605604
-0.0052794882
-0.0046851911
-0.0059554913
-0.007145836
-0.0066278682
-0.0053507782
-0.0065275021
-0.0058783002
-0.0028027619
0.0033891797
0.0064022708
0.013290515
0.015013794
0.015852379
0.017361354
0.016238587
0.013714395
0.012313488
0.011345609
0.0096487967
0.010101553
0.0097237042
0.0059340088
0.00557599
-0.0031446755
-0.0094047945
-0.0038428528
0.0048213548
0.0096851736
0.0042374994
0.0061656571
0.002069109
0.001249286
-0.0025035847
-0.0037201564
-0.0035616326
-0.0016825169
6.7614263e-05
-0.00080974778
0.00017880901
0.0020870915
0.0013501023
0.00045004229
0.0022210921
0.0023591888
0.0016314957
0.0032960264
0.0092590426
0.01012255
0.010292233
0.011525736
0.011011638
0.011688096
0.013222693
0.010867966
0.009394136
0.0059414378
0.0040144946
0.0064792847
0.0058370295
0.0026566819
0.0027864422
0.0038814953
0.0054815577
0.0042471617
0.0056121854
0.0069185191
0.0062104976
0.003592396
0.0029366463
0.00036741848
0.0029234578
0.0016290934
0.0041807383
0.0056859994
-0.00025649745
-0.0010061483
-0.0020681296
-0.0020331421
-0.0020046582
-0.001523093
-0.0035015987
-0.0060917755
-0.0091104986
-0.013676994
-0.019774579
-0.026021999
-0.029422043
-0.031497223
-0.035259022
-0.04604041
-0.057731789
-0.061306012
-0.059976735
-0.056284364
-0.055443321
-0.049075754
-0.043072983
-0.042475719
-0.043204227
-0.042731732
-0.044386072
-0.042881455
-0.033300415
-0.019509906
-0.012911794
-0.006127314
-0.0066555739
-0.0088551868
-0.003020566
0.0052754817
0.0096518711
0.013092788
0.013646076
0.016788253
0.019348765
0.021578904
0.021024796
0.020894574
0.020255039
0.018037569
0.016336749
0.01477632
0.012125466
0.013012996
0.012714168
0.014280319
0.011295559
0.0096139091
0.002759595
0.0017186755
0.00067375817
0.00053487499
-0.001221066
-0.0020671575
-0.0043483292
-0.0059179992
-0.0053715061
-0.0060507168
-0.008631934
-0.009771913
-0.011333308
-0.010589104
-0.0086592763
-0.0051503647
-0.0056171009
-0.0042095687
-0.0049227765
-0.0057476941
-0.0046030387
-0.0030791461
-0.0029724607
0.0026049407
0.0087659175
0.013991806
0.01979457
0.02184601
0.027331183
0.026634741
0.026405281
0.020434596
0.017946022
0.016123471
0.014452278
0.010289085
0.0081420426
0.0069156172
-0.00080452896
-0.011344284
-0.0031008746
0.0052781185
0.012907169
0.012424515
0.0074306974
0.0029416632
0.0015955304
-0.0017374491
-0.0017707171
-0.0020493412
-0.0013380318
0.00013713625
0.00053759623
-0.00031549531
0.00027083802
0.0010063225
0.00012005868
0.00084247275
0.0019159002
0.0023050609
0.0030540084
0.003911579
0.0082452808
0.010892087
0.013935632
0.014505621
0.013357683
0.014504607
0.015319372
0.016548701
0.014750313
0.012208415
0.0099585015
0.010196827
0.0079909184
0.0062832203
0.0063368688
0.0049245376
0.00602524
0.0048756792
0.0074269014
0.0059339406
0.007415861
0.0058555381
0.004768103
0.0034873864
0.0045213454
0.003051203
0.0050155264
0.0057613994
0.0022126226
0.0018485912
-0.0012702715
-0.0012985982
-0.001060675
-0.0014575389
-0.0023601681
-0.0041784839
-0.0060730358
-0.010325536
-0.014069411
-0.018529387
-0.02086658
-0.022091386
-0.02615978
-0.031369454
-0.038787468
-0.039985383
-0.042560124
-0.03841827
-0.036864357
-0.029069309
-0.021570634
-0.020049765
-0.023751716
-0.02172015
-0.021975987
-0.019866428
-0.012035135
-0.0072388039
-0.0011811056
0.0063986408
0.0066581438
0.0043408369
0.0079922155
0.013609166
0.016544648
0.018961537
0.020111793
0.02240539
0.022632789
0.021615638
0.02082792
0.018080048
0.014749239
0.012821579
0.010511558
0.0092136286
0.0085268522
0.0091039006
0.010826316
0.0095213321
0.0083313557
0.0045919657
0.002133131
0.00032305313
-0.00098501576
-0.001160198
-0.003027658
-0.0050539927
-0.0059123027
-0.0058113274
-0.0059282212
-0.006548906
-0.00607557
-0.0088792373
-0.010141481
-0.011338434
-0.010414279
-0.0093147239
-0.0082915215
-0.004202534
-0.0017222292
-0.0017660398
-0.0028740044
-0.0024830928
-0.0013706418
0.0031166083
0.0081572431
0.015489623
0.02086018
0.025127405
0.027123301
0.027886699
0.023629051
0.020470175
0.018095698
0.015133258
0.011634941
0.0090129042
0.0038014659
0.00061433362
-0.0020734233
-0.0030198221
0.0045780727
0.0097432216
0.015141457
0.013554301
0.0096544589
0.0034969193
0.0018574564
-1.5294579e-06
-0.0017958229
0.00064294831
0.00090999795
0.0017116456
0.0036490183
0.0020336148
0.0012938832
0.0023088443
0.0016000715
0.00064198585
0.0020249689
0.0014562366
0.0037489515
0.0051362651
0.0072785204
0.010867449
0.014897861
0.015197047
0.014439698
0.016772876
0.018644156
0.020879952
0.018076714
0.016031834
0.013894961
0.013179476
0.010708924
0.009319952
0.0078127309
0.0073960237
0.0059687803
0.0058229228
0.0058151256
0.006143326
0.0064226453
0.0064142725
0.0053810038
0.0044243579
0.0045333139
0.0046016699
0.0037557955
0.0046728388
0.005396275
0.0036159044
0.0019571373
-0.00048854667
-0.0011227842
-0.0017051928
-0.0027520581
-0.0037192384
-0.005219933
-0.0077415969
-0.010316925
-0.012244423
-0.012758631
-0.014372395
-0.017585968
-0.019450349
-0.02219484
-0.02454668
-0.023856168
-0.021378172
-0.020246602
-0.011973666
-0.0091685072
-0.010032925
-0.010901925
-0.0095103304
-0.008892482
-0.0051787563
-0.0020642894
0.00135797
0.0063448936
0.011134461
0.012352885
0.009680266
0.0094182636
0.011631117
0.016402635
0.018917835
0.020367155
0.020231443
0.018449376
0.016412241
0.014508805
0.011358227
0.0082283445
0.0055076591
0.0040806513
0.0020512301
0.0012108582
0.0016286659
0.0022879222
0.0040580576
0.0039991557
0.0022812528
0.0010765307
-0.0015312095
-0.0033367388
-0.0038679489
-0.0060460833
-0.0068025396
-0.0068769152
-0.0083476352
-0.008254252
-0.0083562773
-0.0067103762
-0.0075714158
-0.009240356
-0.008864406
-0.0086384445
-0.0080265529
-0.0062556576
-0.0038457476
-0.0031475555
-0.0036930983
-0.0047220805
-0.0030822796
0.0010435747
0.0031058167
0.0044743311
0.010653815
0.016391071
0.018267221
0.020195434
0.019909503
0.017919836
0.01482813
0.011456988
0.0088972444
0.0051968772
0.0027940519
0.00098944382
-0.0021332951
-0.0010061038
0.0026365302
0.007315712
0.01147393
0.012076931
0.011060051
0.0073699288
0.0046474942
0.0029378199
0.00064229302
-0.00044077967
-0.00090687513
1.2374598e-05
0.00087908022
0.0013869365
0.00056344756
-0.00086172525
0.00054933638
0.00099487069
-0.00032387067
0.00027785801
0.00041958843
0.0030167423
0.0037601342
0.0046668013
0.0064644939
0.009263998
0.010594625
0.0098958023
0.01260592
0.016169216
0.016669464
0.017834007
0.016806379
0.015626714
0.010995253
0.011905185
0.009363365
0.0082046568
0.0076924203
0.0073551271
0.0063587739
0.0065856612
0.0063525593
0.0063347837
0.0056905032
0.0054232521
0.0070457166
0.0075869691
0.0071426267
0.0065972709
0.0092277361
0.0090033074
0.0069976787
0.0055915113
0.0037490375
0.0023565745
0.00054481117
-0.00055596274
-0.0008936785
-0.0024510742
-0.0046087345
-0.0057093199
-0.0065661843
-0.0073434325
-0.0078937033
-0.0095486574
-0.010009703
-0.010880951
-0.013039401
-0.012534033
-0.012567973
-0.0088484247
-0.0038997248
-0.0014467754
-0.0022943751
-0.0015181469
-0.0037043031
-0.0033717512
-3.9672421e-05
0.0022833688
0.0039649097
0.0065204326
0.0089890362
0.010932378
0.0077078785
0.0060497085
0.0065930564
0.010871439
0.014529508
0.01302129
0.014428416
0.013346126
0.012470101
0.0095910348
0.0067324184
0.0043866352
0.0016245622
0.00013667567
-0.0017540199
-0.0036971804
-0.0023339854
-0.00047338007
0.0015061094
0.0012552592
-0.00029753675
-0.0010376633
-0.0016175889
-0.0057333438
-0.0063371239
-0.0079284526
-0.0095968956
-0.0096084922
-0.008834657
-0.0080276884
-0.007784755
-0.0062705483
-0.0046990465
-0.0044846666
-0.0044309846
-0.0044165468
-0.0038966132
-0.0028678812
-0.0021849319
-0.002227732
-0.0038095377
-0.0041065758
-0.0031345478
-8.4038261e-06
0.0016193825
0.0016648165
0.00497347
0.010843683
0.014880713
0.015281366
0.01396289
0.011706583
0.0089731681
0.0088750815
0.0092222638
0.0055266252
0.0056355374
0.0031594108
0.0023035843
0.0026810505
0.0028390837
0.0062147998
0.0083084083
0.0060915871
0.0067364765
0.0056625955
0.0055058089
0.0044183902
0.0010659491
0.00036561984
-0.00057188328
-9.2485033e-05
0.00043017087
-0.00023120861
-0.00086197519
0.0006958362
-0.00036553634
-0.0017976417
-0.0019157774
-0.0019768496
-0.0010438211
-0.00023474779
0.0027313911
0.0043737043
0.0052701649
0.0078441221
0.0084244577
0.0088128473
0.0090160592
0.010141735
0.011464034
0.012080563
0.012059946
0.011791721
