0.0042129927
0.0035256864
0.0029836006
0.0022637714
0.0013442276
-6.0451955e-05
0.0027980676
0.011698615
0.016678796
0.0160448
0.015443644
0.014223054
0.011467563
0.0063022165
0.0055922409
0.0023567248
0.0021355914
0.0029680661
0.0029232528
0.0052340891
0.0097383771
0.012393188
0.011419726
0.011462095
0.0098861279
0.0063376239
0.0040711561
0.0011904736
-0.00061979739
-0.00097569167
-4.9477339e-05
-2.2049211e-05
3.6962156e-05
-0.0021167398
-0.0046607935
-0.0057768835
-0.0062797054
-0.0082719894
-0.010660303
-0.013266091
-0.013938882
-0.014700984
-0.015920519
-0.017484981
-0.018555238
-0.018597822
-0.016314741
-0.014794719
-0.015284054
-0.017467479
-0.018927962
-0.019391834
-0.024457029
-0.027928698
-0.026985666
-0.024552485
-0.0212201
-0.017364677
-0.01343695
-0.012968894
-0.015065826
-0.017723647
-0.017654895
-0.019175244
-0.016198538
-0.013935524
-0.014135737
-0.013650859
-0.014830127
-0.015610419
-0.015102785
-0.013339282
-0.013480659
-0.01051037
-0.0078375691
-0.0062812363
-0.0035848439
-0.0017609732
1.7931917e-05
-0.00054374455
-0.001034323
-0.00028074411
0.0037030456
0.0088366249
0.014237071
0.016410556
0.017166791
0.01498468
0.010061648
0.0095358083
0.010082875
0.012472038
0.015092711
0.018114674
0.016110068
0.013215547
0.0091910225
0.0058424939
0.0027312121
0.0021627524
0.00083968069
0.001181669
0.0010334296
0.0013610176
0.00190981
0.0025067218
0.0018978931
0.0018627102
0.0015351079
0.0010590226
0.00119935
0.00012566266
-0.00034403086
0.0004875774
4.745544e-05
-2.2065537e-05
0.0013200092
0.0060791605
0.0068649777
0.011431071
0.013239801
0.013119715
0.01379245
0.015701853
0.016850615
0.01399417
0.014644096
0.017243252
0.01672884
0.014595388
0.013015721
0.012835724
0.011904929
0.0087531097
0.0072810235
0.0065441254
0.0058668733
0.0056065039
0.0050781536
0.0046958664
0.0051890134
0.0047186243
0.0044319199
0.00431536
0.00445643
0.004597804
0.0035037035
0.0029570601
0.001322092
0.0015366146
0.0072234724
0.014067228
0.017048537
0.015928542
0.013415722
0.010586621
0.0076703262
0.0074345
0.0024984102
0.00099754706
0.0002590216
-0.0018078851
-0.00025416401
0.0048336458
0.010066508
0.011203579
0.0086256661
0.0094885213
0.010877705
0.0071782343
0.0021608694
-0.0022808047
-0.0018573066
-0.001511426
-0.0013923206
-0.0030816998
-0.0046398517
-0.0087659097
-0.0117314
-0.012823885
-0.013578671
-0.015391779
-0.018858384
-0.021835169
-0.023578269
-0.026126031
-0.028042599
-0.03029266
-0.032004251
-0.031707859
-0.029124354
-0.030017043
-0.028219784
-0.027290573
-0.028249591
-0.031222953
-0.034682496
-0.034089237
-0.031171716
-0.028162074
-0.023811543
-0.018637641
-0.015157633
-0.015630437
-0.014984635
-0.014411978
-0.013902848
-0.013020463
-0.0096703908
-0.0092915249
-0.0072881053
-0.0055924694
-0.0059786172
-0.0060923665
-0.0061756207
-0.0032978317
-0.0024698081
-0.0018235332
0.00085325482
0.0041790858
0.0052364695
0.0068551543
0.0091107948
0.010283981
0.0093946087
0.01125417
0.014876725
0.016330247
0.01915598
0.020047501
0.016596975
0.014948319
0.013698407
0.013131727
0.014790362
0.01595551
0.016497232
0.016551187
0.013743479
0.0091067275
0.0062144323
0.0030363748
0.00044555325
0.00051226389
0.00059549088
0.00099254733
0.0021965956
0.0024549902
0.0025455789
0.0026952215
0.0021283983
0.0017218739
0.00051903238
-0.00044375253
-0.00065836924
-0.0014935845
-0.001944827
-0.0015298668
-7.8247062e-06
-1.7660011e-05
0.0015370104
0.0070314924
0.012656327
0.016531725
0.016632228
0.019463602
0.020715614
0.020648361
0.021213617
0.020941119
0.018774447
0.019230374
0.01789074
0.015027324
0.011967088
0.010876068
0.0097546125
0.0069362548
0.0059219054
0.0059212959
0.0062310526
0.005857808
0.0058932371
0.0058764333
0.0055468561
0.0054901636
0.0046692025
0.0046876841
0.0054868659
0.0048671029
0.0045463505
0.0040179564
0.0020684679
0.00044304238
0.0073471063
0.011914623
0.012524404
0.015955027
0.014450046
0.0089579049
0.0060543387
0.0045013169
0.0051428375
0.0035549309
-0.00056977209
-0.0052252068
-0.005174558
0.00050094654
0.0082443929
0.0089041224
0.0076389328
0.0092554557
0.0090420272
0.0050423012
0.00023179423
-0.0023579395
-0.0010390614
0.00042506702
-0.00073538501
-0.0042576513
-0.009601306
-0.015651706
-0.021165224
-0.022857549
-0.023050654
-0.026946102
-0.030171901
-0.034194591
-0.036940584
-0.041500301
-0.044502565
-0.047374711
-0.047628126
-0.04823015
-0.04830612
-0.050366534
-0.051014037
-0.04355277
-0.042461141
-0.043727772
-0.040353598
-0.040058353
-0.039675375
-0.035037907
-0.025145971
-0.017203217
-0.019292589
-0.017996611
-0.015282332
-0.01268885
-0.0088198978
-0.0087177019
-0.005852692
-0.0037509582
-0.00094212453
0.0017202542
0.0050695016
0.006545727
0.0057434644
0.0076227322
0.0095943577
0.012058505
0.014790966
0.015744465
0.015228534
0.016953367
0.019232311
0.020515294
0.020732065
0.023006749
0.024243195
0.023200627
0.020805166
0.019307085
0.018867551
0.018161329
0.015383953
0.012568481
0.013086199
0.012245383
0.011109217
0.0096564767
0.0067391535
0.0038784752
0.0012128479
-0.00013408645
-0.00046095534
-0.0006674271
0.00060820433
0.0016194597
0.0028397267
0.0025578276
0.0030987622
0.002832691
0.0029639112
0.0017495578
0.0014061993
-0.00055226676
-0.001078463
-0.0025630948
-0.0012926644
-0.0043806058
-0.0043038451
0.0024879986
0.0085383171
0.015038561
0.015338749
0.016213618
0.014612861
0.019754991
0.020747221
0.02139558
0.018670736
0.020260035
0.019428711
0.01648959
0.013928012
0.010865913
0.0080603675
0.0063218358
0.0047384347
0.0052020171
0.005583388
0.005478397
0.0053034287
0.0062260469
0.0064656074
0.0061561918
0.0059997982
0.0058912289
0.0054727211
0.0054880338
0.0052480638
0.005150239
0.0062602979
0.0056715157
0.0045087403
0.0045488369
0.010665685
0.01587573
0.01298556
0.014751941
0.013529457
0.010142226
0.0093840008
0.0054999266
0.0019215917
-0.00039224758
-0.0028559158
-0.0060036095
-0.0045418765
0.00015463418
0.0051716798
0.0059770954
0.0071997433
0.0097774201
0.0089622129
0.0065117561
0.0026976299
0.0025884357
0.0010689384
0.0033502581
0.0017978773
-0.0020512692
-0.010168763
-0.01930311
-0.02373683
-0.028301551
-0.031649833
-0.0357384
-0.040271226
-0.046245688
-0.052186092
-0.055802425
-0.058511919
-0.063732096
-0.065512015
-0.069398864
-0.072693793
-0.074455055
-0.073054021
-0.06666679
-0.061026012
-0.054173426
-0.047811865
-0.046137835
-0.047542654
-0.043864141
-0.031126064
-0.025108744
-0.028138376
-0.02219766
-0.016979519
-0.013301257
-0.0087553374
-0.0046837043
-0.0029420915
-0.0010755428
0.0023076029
0.008928664
0.013545206
0.017853387
0.020137375
0.021930992
0.023658747
0.027089072
0.030206963
0.02802384
0.02801941
0.030708642
0.033322086
0.033980246
0.030918973
0.030495547
0.028919415
0.025214758
0.022711242
0.02110268
0.019694939
0.016227844
0.013614414
0.0092879044
0.0081775114
0.0065057416
0.0052041056
0.0042510888
0.0025607696
0.00079126982
0.00025541813
-0.00017342546
-6.5475609e-05
-0.00024269532
0.00082043575
0.0017061621
0.0029193201
0.0040343873
0.004936646
0.0044179327
0.0045563713
0.0037362413
0.0034264926
0.0019540574
0.0017409819
0.00072074942
0.0024116112
0.00040140119
0.0043363628
0.0076633109
0.010069755
0.011558012
0.01240603
0.012523962
0.01250908
0.016752354
0.016196021
0.016190716
0.015214647
0.014745085
0.014852227
0.0117552
0.0072400311
0.0047961199
0.0021153652
0.0013977021
0.0010551467
0.0029223513
0.0040780482
0.0052933048
0.006234741
0.006600895
0.0055430182
0.006088152
0.0065474922
0.0064457207
0.006334366
0.005584194
0.0063741445
0.0070039295
0.008145855
0.0090695178
0.008836507
0.012261352
0.019259285
0.020088332
0.01730973
0.0147833
0.013633599
0.011372985
0.010222939
0.0068258456
-0.0020975035
-0.0047372957
-0.0044578679
-0.0050335961
-0.0019745576
0.0028509296
0.0066437539
0.0081577198
0.0068016049
0.0092991171
0.0076502642
0.0085972805
0.0089117748
0.0071031925
0.0045171734
0.0021931546
-0.00057346305
-0.0056651528
-0.010137599
-0.019792043
-0.029886422
-0.034743525
-0.039185871
-0.045292437
-0.052092503
-0.057107959
-0.063965209
-0.065026679
-0.06668813
-0.073047266
-0.079186387
-0.08410082
-0.084836064
-0.082134319
-0.080456569
-0.07924928
-0.073949348
-0.072214737
-0.063727765
-0.059694724
-0.054739577
-0.045670605
-0.037897351
-0.034719542
-0.030502711
-0.026675702
-0.024210035
-0.021552287
-0.01284911
-0.0081812683
-0.0017428618
0.0024464778
0.007146396
0.013726418
0.021846902
0.026438259
0.028823362
0.03483217
0.038018456
0.036638115
0.039540901
0.039427921
0.040269927
0.040620184
0.040557437
0.039674062
0.032028521
0.028409124
0.024266954
0.02141533
0.017721293
0.01791242
0.016282748
0.011818142
0.0090909557
0.006264003
0.0049153359
0.0027469203
0.0017957186
0.00032690549
-0.00096319603
-0.00090621183
-0.0010977642
-0.00090110565
-0.0005009025
0.00094380245
0.001990033
0.0034722152
0.0038340951
0.0046747164
0.0051216024
0.0053872492
0.0054189248
0.0057060061
0.0054543473
0.0054126375
0.0049843556
0.0046568049
0.0046109265
0.0034816281
0.0073568399
0.0080344862
0.0085552436
0.010031089
0.010475815
0.010838079
0.010193381
0.010856264
0.01150556
0.013724222
0.012611409
0.012071046
0.012137095
0.010631918
0.0067925435
0.003175951
0.00024467007
-0.00064192471
0.0011246846
0.0033229986
0.0048798913
0.0063404556
0.0061971024
0.0062380726
0.0061776881
0.0071522141
0.0070540253
0.0075898005
0.0063307075
0.0069874292
0.0085478074
0.0095539328
0.01039365
0.01438549
0.015236755
0.019987907
0.021950195
0.020809931
0.014418323
0.015050607
0.013047129
0.016129378
0.010458694
0.0028108138
-0.0055818985
-0.0074720103
-0.0032984606
0.0012986641
0.0071481755
0.010387727
0.014774148
0.012984079
0.01388544
0.010608412
0.0096131017
0.0085947491
0.0059894624
0.0032901308
0.0021153874
-0.0036254694
-0.0074587818
-0.012350174
-0.014527979
-0.020628621
-0.029806288
-0.037778522
-0.044116897
-0.050696556
-0.060490975
-0.069505804
-0.074076302
-0.075565586
-0.071114868
-0.065908628
-0.06668683
-0.074178816
-0.08144
-0.077820124
-0.073699635
-0.068347208
-0.066684624
-0.061877799
-0.055071748
-0.049774989
-0.037665613
-0.032839273
-0.029286075
-0.036176346
-0.038731711
-0.033466679
-0.027992989
-0.021848658
-0.0096883242
-0.0057828113
-0.0017277823
0.0068735343
0.013061553
0.020718727
0.026129639
0.031302082
0.035347505
0.040483968
0.043872813
0.045337844
0.043804521
0.043024506
0.043923067
0.043400511
0.040148286
0.038204546
0.032730324
0.026967908
0.022369293
0.018566918
0.015903802
0.012292257
0.010225635
0.007128932
0.0056640183
0.0039100913
0.0034426157
0.0028569447
0.0017048985
0.00059107554
-0.0004444388
-0.00027418617
-0.00039047214
0.00017651969
0.0011238838
0.0022304358
0.0028900558
0.0032820175
0.0035822887
0.0040200079
0.0047727131
0.0054520873
0.0059271239
0.006710305
0.0072597924
0.0079904082
0.0082641834
0.0077591001
0.0093755065
0.0094009259
0.0061334578
0.0058034765
0.0059093612
0.0069925936
0.008573098
0.009793401
0.012881908
0.012854692
0.013912833
0.011821782
0.01323999
0.016126676
0.015794096
0.014079617
0.010867271
0.0043962536
0.00052564291
0.0006849652
0.0033042094
0.005447828
0.0061660546
0.0067412446
0.006796837
0.0077604028
0.007678459
0.0082793068
0.0081
0.0090328822
0.0086435463
0.00917552
0.011979498
0.012843651
0.014745392
0.01612658
0.016678786
0.019536612
0.020289955
0.016415853
0.014124969
0.013688371
0.012583939
0.014280885
0.008872408
0.0026526072
-0.0088290984
-0.011915161
-0.0060152357
0.0016231079
0.0082621727
0.01237911
0.015688245
0.014472676
0.010850309
0.008828133
0.0085012427
0.0071071515
0.0035599703
-0.00020225578
-0.0051751666
-0.0057374653
-0.011358881
-0.015888165
-0.021484469
-0.025368167
-0.032984829
-0.0435259
-0.051744714
-0.061263672
-0.072966688
-0.077842844
-0.079887944
-0.072873125
-0.066959908
-0.067022081
-0.069316489
-0.07040517
-0.067508844
-0.060574681
-0.052061487
-0.059349355
-0.057218061
-0.049889294
-0.044350802
-0.034039596
-0.02684056
-0.026924502
-0.024913138
-0.031281768
-0.031154894
-0.02320053
-0.017763039
-0.012592923
-0.011136418
-0.0025437022
0.0068352582
0.013755981
0.020368993
0.024517505
0.029923215
0.034307306
0.038737592
0.040723965
0.04353109
0.04595052
0.044639027
0.041186549
0.041044835
0.038580243
0.036093941
0.03250441
0.02781128
0.024822442
0.020146329
0.016560964
0.014231902
0.01084901
0.0091177672
0.0061715752
0.0050096282
0.0040530581
0.0042461283
0.0043358165
0.0029912448
0.0021588358
0.0024609067
0.0023965517
0.0026745809
0.0028938104
0.0034336828
0.0040333739
0.0045774254
0.0045315171
0.0050769691
0.0053094722
0.0058667971
0.0062110727
0.0070570746
0.0073258609
0.0089833001
0.01080815
0.012170123
0.012824397
0.014708539
0.009886869
0.003732036
0.004577435
0.0069645191
0.00927598
0.0096979257
0.012032546
0.015349198
0.020898423
0.020866425
0.018706442
0.016486747
0.013568656
0.01443656
0.014806267
0.010838444
0.00386846
0.0013691531
0.0020296769
0.0025723658
0.0045791818
0.0073541234
0.007964389
0.0081534327
0.0085797488
0.0083877549
0.0093718566
0.0088501507
0.0094966432
0.011035152
0.010328498
0.01469918
0.016791446
0.016992133
0.016101983
0.015076628
0.017451813
0.015542674
0.013985316
0.01665864
0.01719253
0.016650004
0.01790888
0.013486679
0.0056280115
-0.0078206169
-0.010389451
-0.0036433972
0.0016874307
0.0070607271
0.011334788
0.014970939
0.015675434
0.015373007
0.014706296
0.01283669
0.014064984
0.012731921
0.0094781377
0.0065811192
0.0037057784
-0.0034982311
-0.010038523
-0.016577955
-0.026606949
-0.034389882
-0.043037641
-0.054579453
-0.06546061
-0.070538376
-0.070228536
-0.063627898
-0.058526886
-0.05537782
-0.053922934
-0.051187924
-0.054276554
-0.050936605
-0.048246929
-0.049501087
-0.047476365
-0.041370133
-0.037561363
-0.033701553
-0.02784193
-0.026868225
-0.032814284
-0.033530562
-0.033139548
-0.026853727
-0.021311184
-0.011107992
-0.0060850856
-0.00017001163
0.0072039219
0.014568334
0.018904636
0.023822616
0.027909061
0.028519337
0.03186274
0.035332697
0.037084265
0.040322142
0.040469245
0.036991519
0.034451001
0.031950197
0.030023122
0.027721518
0.025126725
0.022711536
0.019276083
0.016738622
0.01442936
0.012876613
0.011538857
0.0094105517
0.0088406976
0.0080508292
0.0066577826
0.0060044124
0.0055723695
0.0054038364
0.0051664634
0.0052989854
0.005995281
0.0064930551
0.0064218261
0.0064574314
0.0070265216
0.0077922272
0.0075840779
0.0074669855
0.0078389239
0.0080067039
0.0082832491
0.0093412511
0.01026384
0.010887487
0.01190945
0.012098924
0.015565072
0.016976156
0.0061850876
0.0042254249
0.0070540143
0.0092227852
0.01368304
0.011563775
0.015368784
0.01996705
0.023369612
0.022586057
0.02069507
0.017876903
0.01761285
0.016632705
0.014807474
0.0079101548
0.004243826
0.0035382985
0.0038844276
0.0058200347
0.0059949445
0.0072760618
0.0092745792
0.0092546337
0.010490688
0.0097181866
0.01066665
0.010856174
0.012677697
0.013512547
0.014422278
0.016246352
0.01768909
0.017509191
0.013726903
0.01417962
0.014456945
0.014880962
0.016050667
0.016989309
0.019025741
0.019275654
0.018478217
0.013704186
0.0064449105
-0.002894458
-0.0048508684
0.0017701707
0.0036742905
0.0050673006
0.0081055556
0.012793815
0.016623781
0.019428021
0.021406821
0.021287173
0.021123673
0.020899597
0.01877336
0.018177893
0.011583056
0.007039799
-0.00064801854
-0.008827127
-0.018428593
-0.028996808
-0.040334259
-0.050762109
-0.058924171
-0.05967391
-0.058942582
-0.055122518
-0.057937901
-0.057893887
-0.054601675
-0.050987613
-0.05360355
-0.053325963
-0.048148307
-0.047968384
-0.046589825
-0.046468579
-0.040676231
-0.042328701
-0.039519731
-0.039404235
-0.034631285
-0.032124737
-0.029033405
-0.023210847
-0.016788923
-0.0097432748
-0.003112622
0.0010791481
0.0062475461
0.010854129
0.017028899
0.020870797
0.022017201
0.022452214
0.02492549
0.026133173
0.028838021
0.029726631
0.030242581
0.027947504
0.02657067
0.023299404
0.020942468
0.019559434
0.01644158
0.016180215
0.014141185
0.01364698
0.012225089
0.011246064
0.010246561
0.0081431923
0.0073912795
0.0075815655
0.0069813459
0.0059784098
0.006401462
0.006076719
0.0052344785
0.0058792344
0.0070905294
0.0073335019
0.0075524428
0.0080628563
0.0085527018
0.0087599982
0.0082854949
0.0080376296
0.007849907
0.0082864976
0.0086692186
0.0095976223
0.0095096154
0.0093526644
0.0094442581
0.0089246305
0.013151523
0.01560796
0.0079931589
0.0040620381
0.0057447155
0.010903349
0.015368717
0.014773334
0.015077328
0.016146631
0.016303272
0.016316125
0.016549249
0.014666071
0.012482228
0.0097444819
0.0059125952
0.0033602798
0.0032412233
0.0047011467
0.0062677551
0.0083877926
0.0077151639
0.0081414918
0.010035012
0.011743207
0.012823794
0.012794244
0.012694667
0.013848625
0.014753859
0.01626948
0.016657013
0.016234621
0.017863039
0.018762537
0.014585173
0.015895737
0.01619873
0.017327684
0.019006451
0.018085733
0.019765672
0.023314906
0.020715746
0.015913532
0.0068440386
-0.00049439497
-0.0011999344
0.0024383531
0.004865934
0.0054773869
0.0074771309
0.010853148
0.014923464
0.018320576
0.021388968
0.02311481
0.020857812
0.020216211
0.017579628
0.015489037
0.01080258
0.0062631796
-0.00092305261
-0.0058221947
-0.013380113
-0.024555512
-0.035277894
-0.046607515
-0.053513227
-0.055107559
-0.052988749
-0.056707948
-0.060145753
-0.058078729
-0.058529294
-0.053780016
-0.053597925
-0.052365252
-0.043797368
-0.046018744
-0.046118467
-0.042486411
-0.040811755
-0.042477187
-0.036831881
-0.034737666
-0.03213905
-0.030362191
-0.02796768
-0.022731351
-0.01677687
-0.012236765
-0.0054053007
-0.0036823371
0.0014584351
0.0046379706
0.0068989968
0.0075470311
0.0092413615
0.010730855
0.011743836
0.016028195
0.018402617
0.018736778
0.021644135
0.020642324
0.01770385
0.01555088
0.013433084
0.011694011
0.011404432
0.011643082
0.010832246
0.010020334
0.0088571748
0.0068187654
0.0068260596
0.0052378775
0.0050772619
0.0050329943
0.0053243292
0.0042288881
0.0043768512
0.0041160639
0.0038947194
0.0041825889
0.0051232437
0.0041150908
0.0044391001
0.0057899114
0.0060162234
0.006476387
0.0058021643
0.0049889257
0.0054410065
0.0065548533
0.0068035217
0.0069233734
0.0066593069
0.0054422926
0.0057658499
0.0067257127
0.0078062004
0.0092217025
0.0075340031
0.0033714114
0.0016041078
0.0071678953
0.0097044038
0.012243251
0.011668032
0.0084344104
0.0072074799
0.008127101
0.0085665984
0.0078476149
0.0053825729
0.0031777746
0.0017388306
0.0017573793
0.00095213684
0.0048761653
0.0074145651
0.0076271691
0.0074479385
0.010026817
0.010991878
0.010796448
0.012607429
0.015566192
0.01308348
0.014863961
0.017765304
0.017673521
0.017984861
0.017807649
0.018616753
0.018246465
0.016839828
0.016683214
0.016236096
0.017566789
0.018466723
0.016775682
0.01857869
0.01800098
0.018703906
0.015599934
0.0084324164
0.00097408894
-0.0043267362
-0.0031592706
-0.00074338708
-0.00019816265
0.0017445952
0.0033201119
0.0063814757
0.0098561644
0.01419772
0.015468279
0.015186201
0.012943004
0.010344303
0.0078597739
0.0041589082
-0.00065247229
-0.0047391029
-0.011991467
-0.019286161
-0.027033742
-0.039009676
-0.046851718
-0.052277644
-0.054376802
-0.056218346
-0.056576257
-0.059801243
-0.064482389
-0.066298995
-0.06235296
-0.056058543
-0.046403907
-0.045169152
-0.042761721
-0.042686336
-0.041969398
-0.039428843
-0.034248754
-0.030836954
-0.027452488
-0.025439542
-0.02120468
-0.02111184
-0.018171582
-0.014737679
-0.010349424
-0.0095161362
-0.0076705585
-0.0050444988
-0.002771819
-0.001277315
0.00016275278
0.0030084994
0.0034089221
0.0048607243
0.0061238098
0.01006229
0.010854254
0.012413626
0.01371972
0.011487896
0.010437886
0.0072765869
0.0041378083
0.005233469
0.0048390067
0.0044463466
0.0033695114
0.0017403592
0.00029669316
0.00035454469
-0.00092007992
-0.00060883086
-0.0013558099
-0.0012420618
-0.0027996155
-0.0022838987
-0.0019504874
-0.0015129783
-0.00061997368
-0.00051883506
-0.00085283139
-0.001773649
0.00014409303
0.0011268135
0.00037986304
0.0011245522
0.0025875408
0.0022519223
0.0022920774
0.0036532212
0.0033681266
0.0041825725
0.0038889535
0.004869085
0.0049540651
0.0032660029
-0.00030587902
0.0013896796
0.0037632754
0.0016221114
0.0012251997
0.0018092254
0.0048607196
0.0061165424
0.0034763307
0.0018322964
0.00080309352
0.0013465445
0.00063181827
-0.00045116432
-0.0014371668
-0.0022598131
-0.0015716146
-0.00024433308
0.001577562
0.0025693534
0.0059648102
0.0086037671
0.007598084
0.010091573
0.012565674
0.015545438
0.016601122
0.015538377
0.015120852
0.016393894
0.01629823
0.016859727
0.013699768
0.012473282
0.011521923
0.013404707
0.01327799
0.012291156
0.012127315
0.010553778
0.010938799
0.010591593
0.010361575
0.010067635
0.0091310652
0.0076641179
0.0053011621
0.0013264224
-0.0011937137
-0.0020066573
-0.0021351485
-0.001091494
-0.00047530826
0.0010457994
0.0027326841
0.0038552719
0.0059616311
0.0069851505
0.0053567392
0.0040175158
0.0020170535
-0.0019606945
-0.0086473472
-0.012334461
-0.019314596
-0.023817015
-0.031158975
-0.039919119
-0.046043166
-0.050918191
-0.053907655
-0.056485456
-0.056037274
-0.060135675
-0.061655935
-0.065526606
-0.062857237
-0.05081914
-0.04571
-0.041968541
-0.03718143
-0.036101703
-0.035943328
-0.033051315
-0.025794274
-0.02370528
-0.021717414
-0.01779529
-0.015122834
-0.012074047
-0.010170139
-0.0072707018
-0.0042426156
-7.651945e-05
0.00025281443
0.0011719311
0.0029311128
0.0035560805
0.0057309861
0.0089854045
0.0091959904
0.010981551
0.012505837
0.014095223
0.013157665
0.010706076
0.010300482
0.005858141
0.0024824187
-0.0012005462
-0.003284483
-0.0032280353
-0.0053476225
-0.0070250236
-0.0095143062
-0.009282705
-0.0090152419
-0.010912912
-0.014202715
-0.013731222
-0.013226238
-0.014078226
-0.013893891
-0.013236846
-0.011423204
-0.012632288
-0.011141483
-0.0089966344
-0.005862183
-0.004206256
-0.0003721825
0.00082974231
0.0013290638
0.0020614852
0.0035925013
0.0023897131
0.0025885072
0.0035181216
0.0034826139
0.0043461745
0.0052860866
0.0046159256
0.0041093917
-0.00020838067
-0.0046930008
-0.0026535019
0.00094005234
0.002638772
0.0014435821
0.0014917579
0.0017838498
0.0026348579
0.00064013729
-0.00041079751
-0.0011947136
-0.0010014157
-0.0028684677
-0.0029527108
-0.0027293097
-0.0033972665
-0.0008994202
0.00059837661
0.0016510244
0.0028041918
0.0053181144
0.0083295467
0.0098863163
0.011207114
0.012503614
0.01545415
0.016104717
0.015657617
0.015138853
0.013982863
0.012941526
0.012769542
0.012626474
0.01095992
0.010088477
0.0095535006
0.0095218281
0.011434871
0.011389819
0.0092115424
0.0085765428
0.0075751827
0.0075802258
0.006869073
0.0064641771
0.0069320734
0.0085014719
0.0094607696
0.0053937497
0.00079732247
-0.0016175981
-0.0030046673
-0.0005727302
0.00046441809
0.0017528792
0.0026277902
0.0014200451
0.0027117603
0.00035566284
-0.0003447012
-0.0024865825
-0.006274277
-0.0099069186
-0.013636689
-0.018457964
-0.025554767
-0.031501844
-0.035890117
-0.0410389
-0.043901262
-0.044449009
-0.043697966
-0.04494014
-0.047379748
-0.049719797
-0.052410124
-0.051746723
-0.043701545
-0.035415334
-0.030820143
-0.026919767
-0.027649804
-0.027472743
-0.023169093
-0.016381916
-0.012275734
-0.0085201179
-0.0092808341
-0.0078483783
-0.005695088
-0.0023438799
0.0022775997
0.0060359566
0.0070605713
0.0094696732
0.0092088586
0.0094316701
0.01107014
0.012483942
0.015238834
0.015429487
0.016324596
0.016704698
0.01387877
0.011307207
0.010258134
0.0066966664
0.002452628
-0.001516601
-0.0056375543
-0.0069446742
-0.007456888
-0.010756636
-0.012308745
-0.012659129
-0.01329068
-0.013440532
-0.01523241
-0.015840987
-0.014330978
-0.014087438
-0.015334084
-0.014652997
-0.013202417
-0.013934038
-0.013631428
-0.012558464
-0.0098622598
-0.0083130545
-0.0031641917
0.00070955777
0.0053470443
0.0082110999
0.0080397937
0.0071806466
0.00505333
0.0021460646
0.0018513777
0.0018451406
0.0027622772
0.00098041539
0.0013473434
-0.00097317325
-0.0046746376
-0.0042905846
-0.0016048637
0.001823668
-0.0017616013
-9.2644462e-06
-0.00052970091
-0.00057804451
-0.0023404074
-0.0044468096
-0.0044700912
-0.0034498837
-0.0022743018
-0.0025813313
-0.0026789998
-0.0020576457
-0.0026134547
-0.0032703793
-0.0022769813
-0.0019613803
0.0010369498
0.0026581432
0.005049216
0.0091316681
0.012678459
0.015340871
0.015542739
0.015533704
0.018440244
0.018484855
0.016825668
0.014938751
0.013572285
0.015900795
0.014665728
0.011281577
0.009683549
0.0098945418
0.010918578
0.0096119724
0.0095680648
0.009636688
0.0097078284
0.0076987101
0.0077426388
0.0074869374
0.010172728
0.009175358
0.012194151
0.011426277
0.0059914354
0.00345857
0.002626944
0.0017698706
0.0021163064
0.0027487474
0.0033171897
0.0029010071
0.0023973179
0.0011200428
-0.00077572383
-0.0029963669
-0.0044725878
-0.0061409559
-0.008750252
-0.014103872
-0.021327956
-0.026896165
-0.028801648
-0.028993363
-0.031204515
-0.029603303
-0.030714288
-0.031298891
-0.033646214
-0.032850691
-0.03443485
-0.032498236
-0.02825623
-0.021923922
-0.018934324
-0.017112741
-0.016430476
-0.0147712
-0.011895333
-0.0079162134
-0.0033055437
-0.0010749354
-0.0020031839
-0.00022488802
0.0035069192
0.0068602022
0.0089608565
0.010981567
0.011913331
0.013454258
0.012978658
0.012217487
0.011845328
0.013798534
0.014759789
0.01652275
0.01554799
0.015316974
0.01077459
0.0084775151
0.0063951341
0.0045629617
0.0014208451
-0.000398934
-0.0034751468
-0.0071669376
-0.0084048619
-0.0097732904
-0.011660737
-0.012734299
-0.014188561
-0.016070496
-0.016593602
-0.016348847
-0.015669692
-0.013963132
-0.013492486
-0.013456459
-0.01305533
-0.011246502
-0.012098731
-0.011009463
-0.0076366468
-0.0049405393
-0.00055978621
0.0015607848
0.007828481
0.0096767206
0.010983434
0.0092954363
0.0061050066
0.0040642208
0.002739295
0.0014726924
0.001015267
0.00036065975
-0.0010714134
-0.0040783806
-0.002789011
-0.0013888501
0.00068453606
0.0012861223
0.00040535207
-8.2161023e-05
-0.00016259688
-0.001729105
-0.0026638129
-0.0045040708
-0.0047406199
-0.0039850408
-0.0033827808
-0.0035627281
-0.0044010988
-0.0047667836
-0.005556612
-0.0059641309
-0.0054641334
-0.0050479021
-0.0034765678
-0.00095846627
0.0017961588
0.0054335218
0.010620058
0.014461872
0.015283165
0.01624196
0.018665694
0.020724445
0.021425711
0.019972075
0.018010886
0.018059994
0.015944733
0.013319103
0.011933298
0.0094849364
0.0089161214
0.0078284354
0.0092503105
0.0076334546
0.008694029
0.0083273189
0.0085233121
0.008409485
0.010594641
0.0097422803
0.01237923
0.011639187
0.0085746103
0.0075263052
0.0059621344
0.0059936888
0.0052756102
0.0054451935
0.0041923093
0.0039457117
0.0036125797
0.0038041235
0.0022521048
0.00096472833
-0.0012392295
-0.0015906772
-0.0032012333
-0.0059201157
-0.011460114
-0.015476046
-0.018671071
-0.019573834
-0.019889024
-0.01935239
-0.018743573
-0.017602656
-0.019806279
-0.019824242
-0.017783731
-0.015771071
-0.013074385
-0.011238638
-0.0092903231
-0.0060476167
-0.0044256104
-0.005070432
-0.0036701635
-0.0011703364
0.0017686001
0.0049794764
0.0052930882
0.0070040772
0.0091210924
0.011016487
0.012519675
0.012858883
0.012048134
0.012688057
0.012658337
0.012245284
0.012441619
0.01223712
0.012706939
0.012454191
0.011580519
0.0094082748
0.0070150691
0.0050783423
0.0037566422
0.0029179795
0.00029132152
-0.0016947268
-0.0036437679
-0.0066508026
-0.0093463278
-0.010319455
-0.0098480036
-0.012441437
-0.013910485
-0.016914694
-0.018344784
-0.018596464
-0.017843369
-0.015888139
-0.01484291
-0.012628706
-0.011149677
-0.01110329
-0.011399711
-0.0092244005
-0.0069516572
-0.0040401176
-0.00095476426
0.003758872
0.007103053
0.0096212976
0.0083946661
0.0078728025
0.0072830341
0.0048509677
0.0021074752
0.0013001989
-0.00013545382
-0.0029043009
-0.0024844711
-0.0023542248
-0.00070090216
-3.7392356e-05
0.0026322608
0.0028871647
0.0017981294
0.00061786913
0.00012827019
0.00029079488
-0.001131917
-0.0020823623
-0.0022277297
-0.0023011199
-0.0021732945
-0.0027731357
-0.0036400123
-0.0037618858
-0.0046318261
-0.0065262767
-0.006626809
-0.0075118103
-0.0080639097
-0.0062917977
-0.003919801
0.00012340075
0.0048347041
0.0080144336
0.010947527
0.014895206
0.016638963
0.020241084
0.021003895
0.020492181
0.020342082
0.018139482
0.015975241
0.014713708
0.013742976
0.01224325
0.010053322
0.0086030421
0.0087305328
0.0090938246
0.0089697602
0.0092364953
0.0092315977
0.0086705181
0.0095898441
0.010278205
0.0099002997
0.011082781
0.011097104
0.0094264485
0.0086803642
0.0073460867
0.0071989668
0.0071160631
0.0059415992
0.0048901242
0.0048345536
0.00519819
0.0043725726
0.0038946193
0.0028593586
0.0025354702
0.0010152894
-0.00018035095
-0.003139163
-0.006572729
-0.0092797692
-0.01019296
-0.011618437
-0.010136994
-0.0087744741
-0.009177384
-0.010215183
-0.011175326
-0.0087996639
-0.0072547553
-0.0069405856
-0.0046638592
-0.0034186996
-0.00063140233
0.0018804734
0.00089592428
0.00032493561
0.0015770837
0.0036605939
0.005513448
0.0076917424
0.0098980246
0.010419294
0.010266154
0.011226997
0.011478657
0.010396152
0.0092293855
0.0087972551
0.0081010372
0.0074443346
0.0074663831
0.0077019045
0.0072804498
0.0065247775
0.0049709697
0.0044002893
0.0026352499
0.0010079894
-0.00036696699
-0.0028208761
-0.0037125033
-0.0048026056
-0.0086205437
-0.01047167
-0.0110368
-0.010734362
-0.01147577
-0.012818302
-0.013510513
-0.014764574
-0.015873494
-0.01497276
-0.014454319
-0.013904446
-0.01352344
-0.01300517
-0.011517922
-0.010420894
-0.0099740711
-0.010302971
-0.007628482
-0.0029802136
-0.00012909298
0.0025252424
0.0053564328
0.0057248819
0.0057733647
0.0059176376
0.0044708839
0.0010112305
-0.0013488674
-0.0013579911
-0.003197692
-0.0030885623
-0.0013856992
0.00069916861
0.0025155995
0.0027739181
0.0037774169
0.0026876244
0.001757247
0.0017201945
0.0011625056
0.00080763947
0.00019520788
-0.00040377103
-0.00097671792
-0.0013305223
-0.0020654007
-0.0032445237
-0.0043863171
-0.0047195373
-0.0059439797
-0.0066680909
-0.0070242621
-0.0074254111
-0.007534677
-0.0075903572
-0.006115747
-0.0027254141
0.0016801502
0.0036869941
0.0063630892
0.011400996
0.014060439
0.01701266
0.018432661
0.018637729
0.013358089
0.014048973
0.012530799
0.011649678
0.011075994
0.011399393
0.0099439523
0.0099447314
0.0095809308
0.0095053547
0.0096871549
0.0094645045
0.0108048
0.011271977
0.011849985
0.011208484
0.013841299
0.014065906
0.013054209
0.012328866
0.011369951
0.011287317
0.010094944
0.0094501111
0.0086911042
0.0078677555
0.0072175295
0.0068407352
0.0064279282
0.0056832054
0.0054574316
0.0049802848
0.0042768881
0.0024701653
0.00072123899
-0.0022811095
-0.003697374
-0.0045508051
-0.0031762964
-0.0019971934
-0.0028186931
-0.0023382771
-0.0024740034
-0.0043458769
-0.0042463539
-0.0035525141
-0.0023867898
-0.00015915215
0.0016820823
0.0046730839
0.0030650322
0.0013865141
0.0010345398
0.0025109846
0.0047072219
0.0048853546
0.0071121124
0.0082570398
0.0083549027
0.0083240282
0.007896173
0.0078124469
0.0077230453
0.0072588204
0.0059051108
0.0047203386
0.0048182006
0.0054287475
0.0053716962
0.0044524508
0.0041879121
0.0033449113
0.0031318073
0.0013793958
-0.00032892089
-0.0025018798
-0.0044942405
-0.0064542824
-0.0084717645
-0.0099652666
-0.011005569
-0.0095413654
-0.0087875854
-0.0096640689
-0.0089369513
-0.0084344637
-0.0092615251
-0.0081535434
-0.0091663314
-0.010376769
-0.01058228
-0.0093592365
-0.0099742887
-0.0090048942
-0.0095073626
-0.0093900612
-0.0085664865
-0.0045501205
-0.0018303828
0.00026695349
0.0016223954
0.003820392
0.0054718422
0.0042381903
0.0045572452
0.0015645819
0.001201655
0.00040218742
-0.00047409749
-0.00010305686
0.00042201151
0.0012430877
0.0033505487
0.0026360033
0.0026263231
0.0021867935
0.001670824
0.0020364195
0.0010261738
0.0010136297
0.0011559583
0.0005371773
-0.00030296476
-0.00084581584
-0.0011347966
-0.0013002462
-0.0031344608
-0.0045281981
-0.0050775515
-0.0059511995
-0.0055559168
-0.0058986106
-0.0054889334
-0.0052782981
-0.0054984297
-0.0035204501
-0.00062977085
0.001187356
0.0028333961
0.0054189867
0.0071411079
0.0089917377
0.011241071
0.0128862
