0.0016194222
0.0014589657
0.0017126861
0.002337434
0.0025629998
0.0046766633
0.0084710845
0.010549691
0.0066070711
0.0031111041
0.0010493018
-0.0012139573
-0.0052427878
-0.0070979271
-0.0064981247
-0.006227361
-0.0027652491
-0.0019392376
0.0016170955
0.0029648659
0.0025024976
-0.0010308125
-0.00436689
-0.0056733897
-0.010019987
-0.011810821
-0.013632245
-0.014497155
-0.013323589
-0.012280949
-0.012737171
-0.013806669
-0.015050687
-0.016511195
-0.016918978
-0.015839851
-0.016034644
-0.01788368
-0.018217978
-0.016969033
-0.015732731
-0.016110349
-0.016581713
-0.016541937
-0.016116785
-0.013753082
-0.010573007
-0.0096812949
-0.0094505498
-0.0089730888
-0.0076691177
-0.0091898803
-0.0093601076
-0.0049931754
9.9822326e-05
0.0051202341
0.009569866
0.012609679
0.012269699
0.0092547384
0.0066158462
0.0067904843
0.0073514706
0.0082746864
0.011056981
0.010213888
0.010000438
0.0095356955
0.0098675134
0.011878807
0.015606474
0.018452397
0.021011993
0.024581372
0.02607822
0.027481262
0.02862552
0.0288199
0.027760274
0.025758286
0.025827719
0.026241057
0.02715158
0.027284482
0.026525822
0.021560059
0.017893751
0.013214437
0.012387056
0.014484684
0.015882931
0.01639835
0.0166575
0.013818349
0.0089499947
0.0054850167
0.0037489004
0.0027510741
0.0024049268
0.0037091981
0.0042976603
0.0056952599
0.0061648922
0.0072653392
0.0079861634
0.0082176022
0.0081652065
0.0085948818
0.0079961588
0.0087341586
0.0091588433
0.0090139815
0.010666753
0.01201005
0.012710998
0.014257716
0.016092621
0.016691303
0.018021858
0.019839353
0.017886171
0.016605848
0.015577149
0.015160328
0.011349043
0.010107363
0.012546711
0.012290812
0.0088910312
0.0064524634
0.0043188185
0.0025660164
-0.00017513782
-0.0018334324
-0.0014147843
-0.00089778254
-0.00064494999
-4.3590927e-05
9.6431202e-05
0.00087722292
0.0009253869
0.0011692148
0.0015929691
0.0018379858
0.00033674615
0.00022102165
5.8019688e-05
0.00027290911
0.00073609479
0.0044253767
0.0065334453
0.004720655
0.001269336
-0.003166045
-0.0067058155
-0.0082820014
-0.0085007969
-0.010936144
-0.013248989
-0.0092612108
-0.0084266525
-0.0058280803
-0.0011511777
0.00094854109
-0.0010870121
-0.0053916385
-0.0086547594
-0.007356511
-0.01126133
-0.01651953
-0.019639803
-0.018868655
-0.01673647
-0.017161009
-0.019540488
-0.021899071
-0.022936926
-0.024226733
-0.023118727
-0.021738209
-0.021857605
-0.023999009
-0.025826807
-0.025459747
-0.024957779
-0.024823502
-0.023491438
-0.022272152
-0.020253384
-0.015559637
-0.012196365
-0.0094226445
-0.0042717379
-0.0024006381
-0.0024436292
-0.0030362007
-0.00093046227
0.0052386979
0.010528699
0.015711782
0.020799112
0.023065161
0.022168812
0.021070318
0.022214561
0.021848306
0.021692896
0.022674614
0.023420959
0.022233924
0.023307387
0.021366743
0.021921479
0.023664004
0.027165326
0.029518485
0.029988214
0.031686748
0.033778786
0.033961179
0.034154315
0.033512322
0.032217023
0.029186987
0.026408685
0.026118501
0.024490405
0.022358124
0.020383499
0.015731252
0.012190201
0.011898396
0.011730878
0.012820311
0.013970609
0.012372587
0.009441679
0.0065354388
0.0031297253
0.0013027595
0.0011267555
0.00051392081
0.001974213
0.0037538992
0.0046509763
0.0062442391
0.0073274789
0.0074422253
0.0077372539
0.0078456771
0.0075914256
0.0073027779
0.0070328173
0.0079056406
0.0088049207
0.0093284387
0.011172708
0.013441576
0.015674983
0.015841183
0.018673435
0.021715747
0.023840209
0.020910691
0.019225714
0.020013995
0.015764726
0.013939265
0.011261376
0.0093036919
0.0077110621
0.0064739437
0.0029128855
-0.00016316587
-0.0026065902
-0.0025583269
-0.0032715854
-0.0039287141
-0.0026620925
-0.0017082279
-0.0010088619
-0.00099441121
-0.00069983055
-0.00077293132
-0.00040227285
-0.00069016374
-0.00055241675
6.0282481e-05
-0.0027705069
-0.002437561
-0.00276848
-0.0030140876
-0.0042720393
-0.0012244396
0.00075824842
-0.002249705
-0.0039595046
-0.0048142842
-0.010388752
-0.014022889
-0.014398144
-0.013047377
-0.014357597
-0.01576371
-0.018176184
-0.016461144
-0.0099663227
-0.003785835
-0.0047549363
-0.011176105
-0.013239663
-0.01392518
-0.017767332
-0.023084867
-0.024901446
-0.023971168
-0.021978813
-0.023947769
-0.028502174
-0.032891136
-0.036797471
-0.036972565
-0.035812724
-0.033743934
-0.034891425
-0.036419927
-0.037360443
-0.037924295
-0.037809322
-0.037133625
-0.033705118
-0.02997783
-0.025671908
-0.022169124
-0.017724461
-0.013398006
-0.0037656166
0.003881666
0.004512167
0.0080546008
0.011281543
0.012353093
0.018220095
0.026591959
0.034889663
0.032512988
0.029524505
0.033470636
0.034687043
0.036780061
0.035080954
0.034512496
0.03596195
0.036297037
0.038051472
0.036993046
0.0372004
0.036398698
0.036900823
0.038956179
0.039900166
0.040044633
0.038733208
0.034829479
0.034364088
0.033560699
0.032166103
0.027404105
0.024693473
0.022188706
0.0189254
0.013913324
0.01033585
0.0089170147
0.0074945921
0.0061445514
0.0044610939
0.0049747521
0.0044757294
0.002221101
0.00095634574
-0.00089808296
-0.0019996339
-0.0024915072
-0.0015666238
0.00046560192
0.0020153237
0.0036266144
0.0054313962
0.0066391547
0.0068770038
0.0062923713
0.0068467072
0.0065300758
0.0061240595
0.0055604496
0.0055220619
0.0050475615
0.0061946395
0.0070688864
0.0095300609
0.0086772232
0.015997527
0.019024577
0.020417362
0.017265795
0.015815231
0.012274883
0.014403853
0.016837979
0.012561955
0.0090300421
0.00542091
0.0062743676
0.00057333419
-0.0018698326
-0.0046905678
-0.0061747184
-0.0070526823
-0.005691384
-0.0055911985
-0.0033378307
-0.0031654083
-0.0024930271
-0.0024115259
-0.0015398326
-0.0025138249
-0.0022397898
-0.0026972326
-0.0021893812
-0.0026039213
-0.0018611226
-0.0049532299
-0.0045075659
-0.0042225462
-0.0057602001
-0.0060811818
-0.0041099242
-0.0016584362
-0.0066402201
-0.010950658
-0.010519461
-0.015194168
-0.017215433
-0.019654518
-0.023017684
-0.024187735
-0.022958574
-0.023922882
-0.0231432
-0.016922143
-0.013150303
-0.013035272
-0.017214752
-0.017404868
-0.019402992
-0.024022462
-0.028494793
-0.029235091
-0.030764081
-0.031619579
-0.03217741
-0.037889678
-0.043199323
-0.049728208
-0.049932139
-0.049538677
-0.050778711
-0.050648474
-0.050496541
-0.052170478
-0.055138965
-0.054313177
-0.049802968
-0.047949541
-0.043773143
-0.03937129
-0.035442438
-0.028576312
-0.021520459
-0.0094519711
0.0014190009
0.0083961912
0.015207552
0.018659942
0.018564306
0.020926306
0.0309737
0.040580562
0.036197042
0.03855101
0.045189933
0.044748095
0.04662013
0.047922977
0.048122515
0.047922131
0.049935841
0.052582867
0.052708842
0.052611141
0.051476654
0.0487286
0.048199627
0.047155346
0.046504682
0.04075769
0.03611357
0.035648875
0.033559108
0.029234418
0.023301225
0.017360699
0.013590709
0.0087852012
0.0040624064
0.0012393819
-0.00017759577
-0.0023490966
-0.0034765293
-0.0042744728
-0.0050040014
-0.0046372927
-0.0053052316
-0.0051001724
-0.0048210718
-0.0049730918
-0.0036599934
-0.0022459107
-0.00074521293
0.00046261653
0.00217939
0.0033092824
0.00402937
0.004765026
0.0055778617
0.0048870803
0.0043342156
0.0037909197
0.00347422
0.0027232261
0.0026742811
0.0028892191
0.0047973539
0.0061851353
0.0072323422
0.010552204
0.0085184721
0.0079827037
0.0050316888
0.005004346
0.0050002976
0.0076289261
0.0076618764
0.0028813792
0.00088430228
-0.0022857343
-0.0032650978
-0.0056027213
-0.010394169
-0.012022614
-0.012741454
-0.011059108
-0.0087707897
-0.0064268966
-0.0040083381
-0.0033048252
-0.0032098868
-0.0031254315
-0.0040126078
-0.0043899632
-0.0034196778
-0.0039935214
-0.0042081712
-0.004666202
-0.0050475367
-0.0061894486
-0.00512664
-0.0053412465
-0.0057128995
-0.005802728
-0.0031917465
-0.0037738403
-0.011791299
-0.016667945
-0.019176444
-0.021565519
-0.023385486
-0.025430067
-0.031199807
-0.032874912
-0.028099858
-0.026765405
-0.024637661
-0.020169224
-0.018970478
-0.019945947
-0.02367743
-0.025944014
-0.027807998
-0.032871637
-0.033274468
-0.036582423
-0.039911425
-0.043466366
-0.044703458
-0.048888325
-0.053256148
-0.057387366
-0.063232395
-0.064123865
-0.062474463
-0.062418834
-0.063536556
-0.064461581
-0.064614171
-0.062225732
-0.055102838
-0.054385789
-0.052352111
-0.049043141
-0.041383578
-0.032286429
-0.023490531
-0.01756622
-0.008394306
-0.0011845499
0.0064171731
0.015911235
0.020408051
0.029107735
0.036133152
0.039561387
0.040502856
0.043462334
0.046782884
0.046562166
0.050488529
0.055039484
0.056714774
0.05970006
0.060421615
0.062880894
0.062637237
0.06353164
0.05965623
0.056816169
0.054886725
0.049176399
0.045152336
0.041683785
0.03555172
0.03297714
0.026239306
0.021135758
0.012963105
0.0061325024
0.0023938862
-0.00022689645
-0.0033941818
-0.0049497858
-0.0032844337
-0.0070365741
-0.008233336
-0.0094106977
-0.0089245617
-0.0084410798
-0.0085043524
-0.007179216
-0.0068080518
-0.0051019218
-0.0033598026
-0.0020803156
-0.00075721575
0.0010112524
0.001941288
0.002029787
0.0022643597
0.0026722443
0.0030335525
0.0029551692
0.0026328512
0.0028214737
0.0024335614
0.0017900474
0.0014351823
0.0011746681
0.0017982894
0.001882119
0.0029751486
0.0034515406
0.0016469498
0.0010217114
0.00078625876
0.00028359726
0.0011167582
0.0012424856
-0.00026867323
-0.0006428346
-0.0025763814
-0.0058707268
-0.0068513026
-0.0089135754
-0.012438482
-0.01557466
-0.016442002
-0.013790491
-0.010201303
-0.0068916843
-0.0056875572
-0.0042842474
-0.0049367803
-0.0053820732
-0.005430476
-0.004815149
-0.0045265415
-0.0047758027
-0.0054511423
-0.0060595855
-0.0056080924
-0.0067466973
-0.0067107368
-0.0050527049
-0.0051438524
-0.005569192
-0.0056829329
-0.010427516
-0.0174032
-0.021487556
-0.022041248
-0.023945433
-0.025018845
-0.034580995
-0.0370027
-0.036541661
-0.027647948
-0.023523115
-0.017749666
-0.017780007
-0.018561708
-0.023517107
-0.028694169
-0.032522566
-0.037428745
-0.03843101
-0.040838805
-0.044802485
-0.045647578
-0.048818573
-0.052566677
-0.053478112
-0.055553816
-0.056960952
-0.06258061
-0.065123125
-0.065559251
-0.066041895
-0.068229025
-0.068611989
-0.064041807
-0.05626085
-0.047700132
-0.037679564
-0.033785617
-0.036030175
-0.038180158
-0.03146751
-0.018017613
-0.0096241089
-0.0017624244
0.0014872887
0.012493859
0.017932393
0.026439209
0.031681382
0.032236669
0.028093364
0.023466556
0.031341471
0.039390575
0.044195779
0.050785527
0.056257822
0.053927604
0.058587087
0.06223223
0.06411711
0.063873038
0.061251175
0.058290316
0.054954488
0.051903225
0.046643913
0.039959086
0.032927168
0.028474302
0.024276458
0.017263614
0.011187599
0.0057157116
-0.0011315574
-0.0040573971
-0.0069068107
-0.0081353399
-0.0094624699
-0.010593543
-0.010782409
-0.011047219
-0.0098551099
-0.0093748243
-0.0078214106
-0.0083614845
-0.0081414384
-0.0082232775
-0.0066654439
-0.005374784
-0.0033694178
-0.0011072199
0.00011186061
0.00021481639
0.00042863388
0.00018107773
0.00077708669
0.00095675484
0.0020745317
0.0020907997
0.0024454681
0.0029983714
0.0030690495
0.0027684069
0.0017449999
0.0015544731
0.0027187157
-0.0023500724
-0.0045817709
-0.0025061514
-0.002092918
-6.1398461e-05
0.0013330246
0.0031886357
0.0031528877
0.0005878703
-0.0019407651
-0.0039134454
-0.0046243593
-0.0066639749
-0.0085115121
-0.013217227
-0.016656286
-0.020175722
-0.015839918
-0.010961982
-0.0075192545
-0.0073739114
-0.0069431324
-0.0074121691
-0.0065757609
-0.0067555985
-0.0059818796
-0.0059318014
-0.0054636323
-0.0058736177
-0.0061109967
-0.0071836954
-0.0055487922
-0.0070617104
-0.0078514326
-0.0091318254
-0.0090358361
-0.0092447994
-0.014287874
-0.020054847
-0.021065826
-0.023493627
-0.024573151
-0.028817223
-0.036409501
-0.040201265
-0.040596307
-0.029449919
-0.019758732
-0.014796739
-0.01489424
-0.017358728
-0.021968804
-0.028730251
-0.032881917
-0.034542198
-0.036371348
-0.040392752
-0.044138846
-0.047353768
-0.048648399
-0.050511411
-0.053076966
-0.054655624
-0.057052829
-0.057726043
-0.063090927
-0.065231811
-0.065636846
-0.065687294
-0.062893183
-0.052725717
-0.042310263
-0.029777001
-0.026438213
-0.023916291
-0.023215451
-0.017591632
-0.0098816302
-0.00052641418
0.0004640383
-0.0018515819
0.010159558
0.018232109
0.024823507
0.031639026
0.02958299
0.027363058
0.024612113
0.022386021
0.033893549
0.04058774
0.043642184
0.044457207
0.047414586
0.056484943
0.060537848
0.061106317
0.060457981
0.059739261
0.056562452
0.053360715
0.04865783
0.043380847
0.039581482
0.034460838
0.025308352
0.020352957
0.015714316
0.0099676697
0.0062711924
0.00073547346
-0.0016806035
-0.0044540007
-0.0079126978
-0.0080141621
-0.009902565
-0.0096394261
-0.0094854287
-0.010002225
-0.0081476274
-0.0074397413
-0.0061885276
-0.0071290339
-0.0071791563
-0.0059367772
-0.0047639276
-0.0036127525
-0.0019767354
-0.00056352153
0.00068806734
0.0011076577
0.0011536688
0.0010264591
0.0014258078
0.0014982158
0.0017288009
0.002336921
0.0028071843
0.0026475693
0.0046621966
0.0054383045
0.0048298415
0.0034652132
0.0010657556
-0.0067121547
-0.0063903667
-0.0025628065
0.00015523026
0.0012985352
0.0031701378
0.004458843
0.0063794551
0.0057132798
-0.00074184515
-0.0054679317
-0.009445118
-0.010789263
-0.010072847
-0.013971092
-0.017779859
-0.020500589
-0.014858728
-0.011224337
-0.0093684726
-0.0068090286
-0.0062323591
-0.0068223659
-0.0067393171
-0.007199002
-0.0067820736
-0.0062167522
-0.0064097269
-0.0048271341
-0.0057778709
-0.0062336508
-0.0050357252
-0.0061394744
-0.0096608547
-0.011342751
-0.01054122
-0.0094186757
-0.01384906
-0.013501423
-0.013340569
-0.016149689
-0.018639733
-0.023440583
-0.030650299
-0.038317376
-0.038508093
-0.025811329
-0.017139882
-0.01158808
-0.010996294
-0.011239393
-0.013921993
-0.017302361
-0.02053491
-0.023975666
-0.02708983
-0.028074627
-0.032944269
-0.036871338
-0.042173757
-0.045697407
-0.051206408
-0.053438123
-0.058345173
-0.06058719
-0.061049019
-0.062908677
-0.063031944
-0.05767646
-0.050058589
-0.037753117
-0.029205964
-0.02412305
-0.020502202
-0.017595014
-0.016197754
-0.0145023
-0.0062377348
-0.005692343
-0.0026922068
0.0051776811
0.0072496987
0.01034374
0.014752947
0.016514435
0.011716269
0.012074474
0.017940252
0.025727839
0.032757103
0.038459934
0.043943354
0.043664361
0.048559985
0.050780444
0.053331269
0.050849743
0.051367418
0.046798119
0.044006939
0.042224513
0.037926639
0.034052838
0.030698992
0.023099559
0.017839939
0.014037699
0.0096231737
0.0071710919
0.0042660098
0.0023896842
-9.7833073e-05
-0.0019523838
-0.0036786537
-0.0048388135
-0.0048298145
-0.0053401984
-0.0050146197
-0.0046079864
-0.0051587944
-0.0043982489
-0.0038630054
-0.0037329122
-0.0026899052
-0.0025415904
-0.0010529302
-0.00022484799
4.5672754e-05
-0.00018158194
-0.00036940024
0.00029873878
0.00097557435
0.00056186132
0.0010303569
0.0012875995
0.0018962112
0.0023732662
0.0033387164
0.0029394374
0.0029468525
0.003309797
0.0039938842
0.0049822569
-0.0023624612
-0.0085792145
-0.0016573196
0.00070383449
0.0039362599
0.0043271072
0.0053351234
0.0085622169
0.0092122438
0.0063591868
0.00074443617
-0.0037720863
-0.0062019187
-0.0083355096
-0.0098653646
-0.015356697
-0.018897365
-0.014819395
-0.010410941
-0.007683071
-0.0059545236
-0.0057944118
-0.0037885986
-0.0041361411
-0.0043624099
-0.0047435282
-0.0047874458
-0.0038171527
-0.0036647456
-0.0030187958
-0.004149668
-0.0050263295
-0.0057731852
-0.0068735355
-0.01108676
-0.011762672
-0.0084964254
-0.0082848276
-0.00862213
-0.0095651373
-0.0093336622
-0.011152748
-0.015124476
-0.021235173
-0.027723139
-0.032134769
-0.03280447
-0.022774606
-0.015680514
-0.013498377
-0.011577246
-0.010024811
-0.0082442853
-0.008663316
-0.010731447
-0.013546959
-0.01810191
-0.021079498
-0.025885251
-0.030524227
-0.035614027
-0.04233495
-0.046062664
-0.051641399
-0.056264718
-0.060176438
-0.062566984
-0.064436609
-0.063222226
-0.057545934
-0.048811182
-0.041772124
-0.037189464
-0.036630451
-0.028493781
-0.025224562
-0.021178122
-0.021918996
-0.012383661
-0.0097442543
-0.0078908106
-0.0055840229
-0.0027071007
0.0016488398
0.0026883325
0.007545607
0.011001469
0.017713153
0.020570687
0.025240092
0.02940523
0.033219894
0.036688185
0.037402653
0.038577675
0.040863312
0.04159271
0.041563971
0.038736667
0.035424697
0.033219784
0.031759162
0.029361984
0.027047964
0.022891704
0.020099724
0.015796869
0.013748586
0.0084972781
0.0077002777
0.0053129406
0.004615266
0.0035145146
0.0027588124
0.0018157488
-0.00012056551
4.0846776e-06
-0.0010460621
-0.0012227911
-0.00029038162
0.00018539856
-0.00015648016
0.00053233974
0.0012994813
0.00053351844
0.00068171188
0.00194684
0.0025774068
0.0022260543
0.0021786683
0.002252984
0.0020018978
0.0011823455
0.0012055688
0.001237053
0.0013265096
0.001106429
0.0017941959
0.0021764524
0.001578898
0.00077303807
0.00066849857
0.0025727003
0.0052180481
-6.2505097e-05
-0.0048938694
-0.0018549534
0.0031579762
0.0062758153
0.006516264
0.0060347622
0.0056936174
0.004108636
0.0039014603
0.0013671526
-0.002047454
-0.004309249
-0.0065927116
-0.0092217449
-0.009780943
-0.0083189859
-0.0048570744
-0.0024784388
-0.0009604263
-0.00053552589
-0.0019041115
-0.00058977929
0.00017416649
-0.0004141173
-0.0013933933
-0.002127787
-0.001279458
-0.0010062491
-0.0020683669
-0.0030408315
-0.0053699004
-0.0053275928
-0.0046681945
-0.0077319555
-0.0096852922
-0.0060763908
-0.0072478951
-0.0072842946
-0.0077500906
-0.010111972
-0.009625394
-0.013486692
-0.020310044
-0.026951633
-0.032082964
-0.031272097
-0.023087907
-0.016977833
-0.015484341
-0.013540823
-0.01114027
-0.009452484
-0.0087065555
-0.010267135
-0.012537482
-0.01727311
-0.02237669
-0.025211202
-0.029903925
-0.03289648
-0.037094824
-0.041279375
-0.046857023
-0.048414756
-0.055470531
-0.05958296
-0.062646803
-0.062066192
-0.057483912
-0.049873203
-0.044455244
-0.044040655
-0.036514304
-0.03143718
-0.028623664
-0.021858442
-0.021109324
-0.011156015
-0.0089451671
-0.012101095
-0.010334055
-0.0064849683
-0.0045560431
7.4702157e-05
0.0053446436
0.0069046594
0.010633449
0.011769772
0.015540318
0.01928196
0.022958722
0.025063031
0.025732239
0.025134855
0.028674346
0.027973096
0.027240396
0.024997704
0.026966842
0.026113103
0.025492175
0.02673272
0.023373303
0.022184406
0.019590737
0.014669383
0.011200463
0.0095676804
0.0082393669
0.0071016866
0.0070389394
0.0060592917
0.0040050684
0.0034710102
0.0019595633
0.001788479
0.0020253509
0.001071309
0.0021624683
0.0024063901
0.0019294169
0.0018857058
0.0019698353
0.0012846942
0.0019051484
0.0024346923
0.0027170791
0.0012262356
0.0026175405
0.0027454336
0.0027547594
0.0018315396
0.0010175958
0.0011576745
0.0020815841
0.0021993691
0.0026774585
0.0019589034
0.0012991313
0.0010315658
0.0017820895
0.0029549481
0.0037891994
0.0018176925
-0.0002590516
-0.0014596979
0.0040201804
0.0070820622
0.0084105047
0.0089735731
0.0042916296
0.0019815557
0.0027554115
0.0025859196
0.00096713913
-0.00041078308
-0.0019561981
-0.0029734061
-0.00044832685
0.0010172853
0.0037215921
0.0064664975
0.0056922886
0.0038420425
0.0050793229
0.0062108109
0.0052371632
0.0048972411
0.0048476091
0.0032761212
0.00085810373
0.0035854306
0.0016353525
-0.00068160326
-0.0037438056
-0.00060156515
-0.0025717926
-0.0060711869
-0.0082014434
-0.0072703486
-0.007841512
-0.0087251057
-0.010958688
-0.011689663
-0.013218541
-0.016961304
-0.019794995
-0.026105072
-0.031559194
-0.033420798
-0.028972951
-0.023549345
-0.020800687
-0.018705971
-0.016072293
-0.014161043
-0.01300423
-0.012888427
-0.013635104
-0.017183802
-0.021067239
-0.025328025
-0.029695063
-0.033263894
-0.036393818
-0.039277512
-0.042904891
-0.047840003
-0.04892946
-0.05390828
-0.056540121
-0.054968943
-0.051721333
-0.047491119
-0.044207961
-0.038991643
-0.035165907
-0.033465309
-0.02613883
-0.018173913
-0.011085944
-0.0055105349
-0.0066712383
-0.0064834617
-0.005740851
-0.0026906691
0.0015443675
0.0051255337
0.0068256941
0.0084701853
0.010631009
0.01192901
0.010981217
0.014019036
0.01547588
0.015218245
0.014113798
0.017388368
0.019323312
0.020681274
0.018671604
0.019694946
0.020258025
0.019314881
0.019735724
0.019420508
0.018354065
0.015999873
0.014729805
0.010223382
0.0066229398
0.0049984649
0.0019874148
0.0022947507
0.0025881032
0.0020209446
0.00055065719
-0.00043413606
-0.0015350698
-0.00061954092
0.00012431056
0.0004455136
0.0014361063
0.001071
0.0012735717
0.00096225337
0.0017549918
0.0019302688
0.0027634358
0.0036205671
0.0033779873
0.0016696018
0.002184906
0.0040412257
0.0034570898
0.0034701901
0.0044490583
0.0037581355
0.0026864497
0.0033106831
0.0041025234
0.0043418416
0.0048642647
0.004904394
0.0059954694
0.0049189546
0.0024372059
0.00093277801
0.0037967455
0.0048882146
0.0045229269
0.0060677312
0.0073042382
0.0095205948
0.0067857623
0.0030642711
0.0025398013
0.0034423322
0.0034387991
0.0028103516
0.0027074146
0.0029521406
0.0047690124
0.0065569107
0.0083531121
0.0083596345
0.0092164109
0.010390436
0.0094524261
0.0093776336
0.010519754
0.010063126
0.0095080669
0.0066717138
0.0037389097
0.0034316936
0.003276655
0.0015156244
0.00070673357
-0.0012841133
-0.0044314911
-0.0049173457
-0.0049952974
-0.0078766882
-0.0087890776
-0.010002171
-0.012071753
-0.011337842
-0.013253863
-0.014753151
-0.015987951
-0.017194954
-0.019588518
-0.022382796
-0.023457253
-0.022726195
-0.022078023
-0.020350543
-0.018184221
-0.016435149
-0.015522053
-0.015437767
-0.01598659
-0.016819188
-0.019247208
-0.022212704
-0.025231507
-0.028864283
-0.03304811
-0.036442067
-0.036634229
-0.038444551
-0.038945932
-0.043292375
-0.044954258
-0.043677449
-0.041030868
-0.03812848
-0.033024842
-0.027069433
-0.024908347
-0.021763666
-0.017778855
-0.0067988033
-0.00033744061
-0.00019000086
0.0032130563
0.0031146961
0.0044525381
0.0062915883
0.011006648
0.012395698
0.011504541
0.01457597
0.0163087
0.017348779
0.018035725
0.018598629
0.019146361
0.019545983
0.018581908
0.01766572
0.017966512
0.018672898
0.017867455
0.017969612
0.017300409
0.015395279
0.015167502
0.012786928
0.01014018
0.0046439877
0.00064975997
-0.0028252017
-0.0070564879
-0.0070179141
-0.007450557
-0.0055851074
-0.0061669162
-0.0074793704
-0.0072338693
-0.0065914461
-0.0040545763
-0.0037288009
-0.0043112311
-0.0032485439
0.00033285904
0.00074343918
0.0028177398
0.0037838458
0.0059401327
0.0063042886
0.0064346459
0.0080991391
0.0099306312
0.01038202
0.01106608
0.012444839
0.010641237
0.0096794637
0.0087120012
0.0093184984
0.0072687969
0.0075191925
0.0075800504
0.0078012175
0.0082387433
0.0078948492
0.0061742587
0.004720525
0.0021297036
0.0021170158
0.0038098687
0.0091444754
0.0097659418
0.0088656273
0.0090656516
0.0086876804
0.0070213835
0.0055684642
0.0052526776
0.005096257
0.0041913635
0.0038600205
0.0056290873
0.005812769
0.0077451191
0.0096605547
0.010199409
0.011026581
0.012142407
0.013369234
0.0135327
0.013026232
0.01210936
0.01143701
0.01002208
0.0068452487
0.0045982529
0.002095733
0.0017225862
-0.00019995416
-0.00042280535
0.00027190539
-0.0011376781
-0.00081744576
-0.0018378902
-0.0020696814
-0.0028453636
-0.0058778874
-0.0078104835
-0.0080871664
-0.0083414597
-0.0079183062
-0.0087709614
-0.0087891774
-0.0091271956
-0.0089071367
-0.01206138
-0.016683522
-0.018537493
-0.018364381
-0.01595196
-0.013280712
-0.013669279
-0.012527651
-0.013479512
-0.014478071
-0.015740585
-0.017942096
-0.01929409
-0.021787931
-0.024708538
-0.026426813
-0.026626474
-0.027345452
-0.028798052
-0.029243004
-0.029212227
-0.028915151
-0.026037593
-0.022175714
-0.017150313
-0.015313255
-0.01443419
-0.012738878
-0.0084313159
-0.0001124007
0.0075237066
0.0079908496
0.0082195407
0.008453835
0.0094677128
0.012506931
0.016905421
0.018327272
0.018003773
0.017660269
0.017491084
0.020513748
0.021515204
0.023188056
0.02461875
0.022372771
0.0208538
0.021232867
0.018797454
0.019760587
0.018440031
0.017880019
0.015386347
0.01163883
0.0094702744
0.0057100919
0.0016170341
-0.0012846123
-0.0038084182
-0.0081588296
-0.010840282
-0.011646571
-0.011505516
-0.0089310401
-0.0083388222
-0.0088279264
-0.0070427416
-0.0051082444
-0.0037555385
-0.003077389
-0.0024284332
0.0002428213
0.0027575007
0.0037191503
0.0049256814
0.0073435223
0.0081993319
0.0086677362
0.0085832229
0.0094547883
0.010824942
0.012709971
0.015811305
0.017198339
0.017839126
0.014423936
0.011645626
0.0097862845
0.0068020679
0.0060817304
0.0072966005
0.0067968116
0.0067859988
0.0058925554
0.0065021745
0.0038150555
0.0055277197
0.0073229157
0.0090174337
0.0079478214
0.0077598501
0.0092977313
0.0078859995
0.0081519281
0.006558371
0.0066715554
0.0068263194
0.0082258635
0.0078422276
0.0076171055
0.0082757922
0.0093009111
0.0093081592
0.011295854
0.013086506
0.015220992
0.017961587
0.018005108
0.019276275
0.020601814
0.019644357
0.017297562
0.014129908
0.012738356
0.011605924
0.0067196298
0.0048764294
0.0029071669
0.0019838198
0.0057970915
0.003352846
0.0018564597
0.0018242575
0.0031666909
0.0014100098
0.00053170272
-0.00012094852
-0.00070178813
-0.0016898933
-0.0026164153
-0.0016130276
-0.0006195229
3.4187945e-05
-0.0010637024
2.7471652e-05
-0.0066422598
-0.010551292
-0.0098395506
-0.0091881278
-0.0088545775
-0.0078922257
-0.0077364703
-0.0077235048
-0.0088265843
-0.0095671502
-0.01147715
-0.012297298
-0.013623099
-0.014053868
-0.016021985
-0.017884934
-0.019080107
-0.018492433
-0.018645169
-0.015430263
-0.014972418
-0.01251332
-0.010399271
-0.0083988833
-0.0069274493
-0.0059368797
-0.0027168169
-0.00053689386
0.0055163257
0.0087615596
0.010454626
0.0098267348
0.010177858
0.013095842
0.016060245
0.01745013
0.01935085
0.020129507
0.017916555
0.017981509
0.020827339
0.022543703
0.022261253
0.021807565
0.020599121
0.019784918
0.01891364
0.016360902
0.015482643
0.014386309
0.012988379
0.010800548
0.0080410624
0.0043686643
0.0011368208
-0.0025239764
-0.0043036388
-0.0068499673
-0.0086611271
-0.0096369975
-0.0097719572
-0.011575362
-0.010486835
-0.0095736682
-0.009386407
-0.009025899
-0.0062456252
-0.0049322508
-0.0038020092
-0.0015236679
0.0012818707
0.0042793375
0.0070746312
0.0079584843
0.0088919196
0.0096273875
0.011065316
0.010986117
0.012760957
0.014416223
0.016024592
0.017157467
0.018532199
0.019551785
0.016428279
0.01439429
0.010003197
0.0068121292
0.0063925417
0.0063440965
0.0064900917
0.006074323
0.0062766423
0.0052049139
0.0058309138
0.007892586
0.0084026071
0.008630053
0.008089351
0.0078000824
0.0079835648
0.0078254596
0.0071684128
0.0067207542
0.0065487319
0.007672895
0.008598273
0.0089574138
0.0078217643
0.007701382
0.0089333156
0.009921903
0.012118003
0.014201442
0.016511637
0.019428763
0.021984364
0.024284624
0.026078494
0.026700887
0.02539626
0.022588511
0.021662335
0.019797765
0.016890024
0.013476948
0.0099291311
0.0080041893
0.010055999
0.0068857762
0.0056352643
0.0042358983
0.0036317403
0.0032678234
0.004176667
0.0049779755
0.004048229
0.005183035
0.0040034613
0.0044070736
0.0050701138
0.0055760971
0.0042430552
0.0053166741
0.00071859604
-0.00066138381
-0.0023849551
-0.0021009018
-0.0025508148
-0.0026070949
-0.00327215
-0.004009872
-0.0036548132
-0.0036550626
-0.0041563669
-0.0050838449
-0.0060705659
-0.0067985711
-0.0072829762
-0.0098279415
-0.010885896
-0.011273902
-0.0099890992
-0.0086720995
-0.0073017251
-0.0059821059
-0.0042111841
-0.0026946824
-0.00072796885
-0.00068334059
0.0020082879
0.0050485479
0.0068874836
0.0083984058
0.00906139
0.010147506
0.011721419
0.012941717
0.013591798
0.014896626
0.016293764
0.017667778
0.016445897
0.015924529
0.017504164
0.017443829
0.017368099
0.016221205
0.014420804
0.012823074
0.012597148
0.010981388
0.0094022772
0.0077832245
0.0057439291
0.0035731844
0.0014393085
-0.0010763274
-0.0033148603
-0.0050497879
-0.0068553692
-0.0084838847
-0.00992052
-0.011156167
-0.011634164
-0.013193919
-0.013187852
-0.012244445
-0.010417222
-0.009836657
-0.0087328872
-0.0067612447
-0.0062786884
-0.0031554748
1.5919142e-05
0.0035821419
0.0059376376
0.0082673551
0.010292847
0.011088001
0.011032817
0.011823821
0.013491162
0.01448449
0.015807436
0.017976612
0.01881686
0.017718462
0.016028095
0.012965212
0.011369865
0.0083970087
0.0060237511
0.0049528448
0.0056005219
0.0045742232
0.005519141
0.0069047513
0.0079914445
0.0084541154
0.0085297267
0.0092325402
0.0076269048
0.0074900723
0.0068048042
0.0075861327
0.0078658663
0.0065213175
0.0065074112
0.0071923898
0.0075939301
0.0075079303
0.0075412123
0.0073475655
0.0072125498
0.0071451553
0.0073817588
0.0092135207
0.011141659
0.014639573
0.018324263
0.022231317
0.025787213
0.027992463
0.028698499
0.029232868
0.028362384
0.025747426
0.02432424
0.019249279
0.016608751
0.013266243
0.015393239
0.012509414
0.011341449
0.0090406288
0.0066357631
0.0059878388
0.0067200541
0.0072520502
0.0076528712
0.0073130779
0.0073779713
0.0071731451
0.0074732667
0.0080197817
0.0066817229
0.006639757
0.0070924628
0.0047739397
0.0030686484
0.0021280301
0.00085055864
0.0012910612
0.0002346988
-0.00048732364
-0.00094821914
-0.00012698798
-0.00055725632
-0.0009565085
-0.001511566
-0.0015195689
-0.0026468842
-0.0042523212
-0.0061980363
-0.0071939835
-0.0069511427
-0.0060596596
-0.0048422419
-0.0045384365
-0.0026212131
-0.001770919
-0.00058596795
-0.0001136947
0.0018474391
0.0050047493
0.0041409979
0.0049956308
0.0062385684
0.0068736614
0.0091802235
0.0094926358
0.0081974437
0.0095392105
0.010349047
0.010764331
0.011069994
0.011721755
0.011804019
0.010932498
0.01054161
0.0096228297
0.0077294993
0.005703041
0.0045425843
0.0035006524
0.0023075264
0.00142531
0.00050729106
-0.0014460193
-0.0030044427
-0.0046561633
-0.0058742224
-0.0070355355
-0.0089142
-0.010686976
-0.011788912
-0.012471935
-0.011919481
-0.013295897
-0.014087362
-0.012428037
-0.01077138
-0.0090746415
-0.008430014
-0.0067314941
-0.0050940153
-0.0040030392
-0.0013730641
0.0015160363
0.0031360845
0.0046719991
0.0062482037
0.0082678206
0.0090692722
0.0092874106
0.0094344526
0.010136245
0.012852768
0.015221006
0.015973712
0.016240321
0.015105951
0.013347592
0.011661224
0.009318767
0.0072890616
0.004877083
0.0056092036
0.0054890311
0.0060519592
0.0077908207
0.00854161
0.0092361539
0.0087273001
0.0081617379
0.0083609557
0.0067210714
0.0064028763
0.006095699
0.0056008154
0.0059656416
0.0051646248
0.0046697816
0.0051172953
0.0050570658
0.0052949868
0.0047762235
0.004674101
0.0050346901
0.0050167081
0.0058733861
0.0073742086
0.0091013199
0.011562353
0.014568282
0.018570435
0.022876189
0.025762849
0.02678572
0.029136087
0.029478214
0.0274653
0.025140482
0.021623739
0.019125788
0.017995062
0.015544108
0.013913527
0.012963492
0.012123227
0.010914032
0.0097278741
0.010214393
0.0094333659
0.010336359
0.0098452413
0.010847952
0.011496836
0.011231284
0.0099059781
0.010023727
0.011219842
0.0082409896
0.0064330366
0.00482716
0.004031193
0.0025088552
0.00085152097
0.00073882051
-5.8349137e-05
-0.0004295559
-0.00050034473
-0.00055482319
-0.00042876691
-0.00038970178
-0.00090104866
-0.001416756
-0.0036892131
-0.004604623
-0.0060103504
-0.0064030198
-0.005400519
-0.0049216971
-0.003502812
-0.0031662966
-0.0023516092
-0.0015728353
-0.0016820076
-0.001659682
-0.0001722294
-6.269771e-05
0.0017596835
0.0027224963
0.0044949968
0.004622397
0.0028046279
0.0031893935
0.0040681652
0.0052902961
0.0052449534
0.0055504686
0.0069555935
0.006477503
0.0056703219
0.004678024
0.0035804934
0.0028426121
0.0018293618
9.2551875e-05
-0.001491441
-0.0017963092
-0.0020515416
-0.0028691581
-0.0045335879
-0.0054492385
-0.0059059796
-0.0072911598
-0.0081307634
-0.009883474
-0.010762274
-0.01187295
-0.012202447
-0.013060316
-0.012584556
-0.011918683
-0.0098050718
-0.0070392469
-0.0059950759
-0.0048522667
-0.0028625533
-0.0027634265
-0.0008976694
0.00028128788
8.3268315e-06
0.0012788938
0.003802549
0.0046471465
0.0050516792
0.0061841797
0.0059787697
0.0073732662
0.0086385335
0.01099907
0.011751474
0.012809127
0.012300751
0.013537197
0.010007368
0.00796329
0.0076064501
0.0049004552
0.0050463247
0.004914262
0.0056541615
0.0061064795
0.005134997
0.0058967698
0.0063161949
0.0056207482
0.0051861532
0.0042340604
0.0044737591
0.0045944582
0.0042007251
0.0044724554
0.0040439528
0.0030183304
0.0027836582
0.0032204945
0.0036299036
0.0033345258
0.0022902476
0.0028626174
0.0034993767
0.0042113707
0.0054444874
0.0065451571
0.0080619546
0.0093359844
0.011823614
0.015496057
0.018514622
0.020563672
0.022809042
0.023713726
0.023351508
0.023282394
0.022605155
0.020203954
