0.0036437703
0.0032189022
0.0034148024
0.0037008266
0.0044567868
0.0056917758
0.0087643711
0.0093289662
0.0067677531
0.0043738811
0.0035866781
0.0018982702
-0.0016792561
-0.0045367555
-0.004246816
-0.0031461259
-0.0010734705
0.00012793963
0.0025198722
0.0024517272
0.00074246586
-0.0034947556
-0.0046297646
-0.0033934485
-0.0052107201
-0.006258365
-0.0091329546
-0.010367876
-0.0083565915
-0.0078515313
-0.010006471
-0.010845868
-0.011509838
-0.011160652
-0.011991029
-0.011471494
-0.011297974
-0.014141574
-0.01520435
-0.014361411
-0.014970627
-0.016627077
-0.01739955
-0.017568361
-0.019882829
-0.019390799
-0.018494066
-0.017310568
-0.016480824
-0.014464225
-0.013143692
-0.013745449
-0.011896636
-0.0085994097
-0.0064327244
-0.0042898139
-0.00022940858
0.0027085746
0.0033092353
0.0010401176
-3.8352027e-05
0.00078762433
-6.965483e-05
-0.0017508448
-0.0030622756
-0.0033339174
-0.0031899907
-0.001931561
0.00090843272
0.0033606447
0.0060638116
0.0075161607
0.011568287
0.014711548
0.015570934
0.016479196
0.018430501
0.021019139
0.022528076
0.020620771
0.019413665
0.016733991
0.013579256
0.011412212
0.012555587
0.0091184872
0.0070371552
0.0071141804
0.0088728528
0.011656861
0.011813169
0.010699899
0.0094081901
0.0082741701
0.0063902577
0.005773654
0.0052576468
0.0047761193
0.0035211522
0.0045800613
0.004539644
0.0049385964
0.0041477482
0.0047970506
0.0053129945
0.0063124786
0.0061826019
0.0061136395
0.0052740209
0.0059310557
0.006072865
0.0060047124
0.006909675
0.0085839622
0.0081925804
0.0084707755
0.0088025347
0.0084046769
0.013554682
0.015046369
0.01429184
0.013953033
0.014109404
0.01508793
0.011949076
0.011162276
0.012941704
0.012900619
0.011507693
0.0097083224
0.0069428958
0.0038564654
0.0021106623
0.00049790191
-4.6329699e-05
0.00042358719
0.00016791752
0.0012523393
0.0017174069
0.0020995356
0.0028243494
0.0031274027
0.003616859
0.0038111238
0.0024481555
0.0023224883
0.0021587306
0.0018076839
0.0016759173
0.0036358907
0.004891153
0.0023915518
0.001456694
0.00021134044
-0.0015820557
-0.0027415647
-0.0039290162
-0.0067304439
-0.0098601306
-0.0063801627
-0.0048351063
-0.0030905716
-0.00072144618
-0.0010349947
-0.0035950374
-0.0061350032
-0.0078269354
-0.0049614253
-0.0046305209
-0.0091102911
-0.011866634
-0.011943174
-0.010175816
-0.010996965
-0.014216621
-0.016798431
-0.016726477
-0.01761591
-0.017672559
-0.01641868
-0.017483075
-0.020030372
-0.022140516
-0.021898328
-0.021905249
-0.021670175
-0.021224741
-0.020667066
-0.021280058
-0.018555999
-0.016939182
-0.015102669
-0.01114756
-0.0071702189
-0.0059751096
-0.0051351896
-0.0044590977
-0.00094636929
0.0011715879
0.0038042087
0.0091905826
0.011611727
0.012876713
0.011708537
0.012477081
0.012034971
0.011020428
0.010148717
0.0096975479
0.0084697348
0.010308044
0.010516538
0.012946278
0.015435294
0.018760577
0.021145325
0.022627531
0.022013885
0.021611179
0.021630752
0.02424643
0.025170521
0.024219162
0.021059011
0.017842617
0.014018606
0.010777398
0.0086670742
0.0058552683
0.0049380865
0.0060726984
0.0064807327
0.0087843031
0.010518415
0.011021287
0.0081801106
0.0057696317
0.0042865761
0.0041082276
0.0043898664
0.0042192484
0.0040147207
0.0045444929
0.0049928463
0.0041662212
0.0046929231
0.0052313394
0.0054952325
0.0058307783
0.00655892
0.0058976959
0.00588211
0.0052479246
0.0058658302
0.0062301525
0.0068290159
0.0078409641
0.0091449632
0.0094325098
0.0089052508
0.0094032841
0.01340692
0.016928902
0.016650488
0.01496039
0.017245679
0.013793
0.01358568
0.01191296
0.011405468
0.011060071
0.0094327228
0.00671673
0.004229226
0.0010824965
-0.0001754399
0.00072382293
-0.00052759794
0.00036559066
-0.00011416998
0.00050189674
0.00075893522
0.0016432802
0.0018017922
0.0019211786
0.0017073454
0.0019046805
0.0021293886
0.0010408003
0.0011938502
0.0010967037
0.00018537544
-0.00099290316
-0.0006877163
-0.00065574068
-0.0021897272
-0.0040082733
-0.0037180031
-0.0056592726
-0.0082242032
-0.0086797158
-0.0078519101
-0.0098948971
-0.010679885
-0.011776324
-0.011114123
-0.0079904111
-0.0049480404
-0.0074206339
-0.012717525
-0.012958423
-0.010720849
-0.011485625
-0.017666439
-0.020535795
-0.020060821
-0.017357642
-0.017528308
-0.022175538
-0.02500074
-0.027939753
-0.028260361
-0.028132427
-0.029033345
-0.030566101
-0.030888699
-0.030708988
-0.030201151
-0.028939267
-0.028156484
-0.026128098
-0.024448057
-0.022097856
-0.019560814
-0.016475738
-0.013287606
-0.0083190728
-0.0030111838
0.001228964
0.004384766
0.0056441923
0.0056371045
0.0075968807
0.01144001
0.017134186
0.019585878
0.019639687
0.022384141
0.023298392
0.024898385
0.023471469
0.023255928
0.025544862
0.024505526
0.028525908
0.027092495
0.028931866
0.029321006
0.029624085
0.031200933
0.032393697
0.030152751
0.028036509
0.024434179
0.024465332
0.024419885
0.022562573
0.016803514
0.012891419
0.0093112315
0.0062089288
0.0039963498
0.002075668
0.0036864938
0.0040884605
0.0049939513
0.0069082009
0.0082201789
0.0070423099
0.0049198415
0.0024643745
0.0019084392
0.0016084576
0.0019973448
0.0029966767
0.0041809914
0.0054188508
0.005384414
0.0059574394
0.0064259302
0.0072479085
0.0063555497
0.006419551
0.0068663203
0.0065006706
0.006189212
0.0057744379
0.0056177576
0.0059576554
0.0068101952
0.0078160571
0.0063876195
0.007634424
0.010600857
0.013692881
0.012113175
0.014182097
0.0093097224
0.011569484
0.015544085
0.012749565
0.0119108
0.008793912
0.0091333882
0.0047084875
0.0022064902
-0.00032446744
-0.0006957071
-0.0036959183
-0.0034713541
-0.0032484328
-0.0010894706
-0.00045973949
-0.00015272885
0.00023908541
0.0012249641
0.00086428609
0.0013737875
0.00071070668
0.0011952373
0.00063572223
0.0013719674
-0.00046029889
3.0045498e-05
-9.1281204e-05
-0.0012807611
-0.0037383876
-0.0024595159
-0.0007284897
-0.0057258457
-0.0096293225
-0.0082454599
-0.0088293701
-0.011675993
-0.014330527
-0.015584815
-0.017184131
-0.014821193
-0.015582524
-0.018147807
-0.014801828
-0.014984433
-0.015766027
-0.019668829
-0.01920558
-0.018393625
-0.02175974
-0.026076083
-0.027892457
-0.029554745
-0.027959908
-0.028800416
-0.032593169
-0.03613656
-0.040401755
-0.041926226
-0.042580362
-0.044941134
-0.043891973
-0.041783962
-0.040003258
-0.042390956
-0.040906738
-0.035468314
-0.035376986
-0.032170606
-0.029040523
-0.025125236
-0.0212193
-0.017685241
-0.010199747
-0.0026402979
0.0020795967
0.005656338
0.0067389925
0.0083711435
0.0081277586
0.012820074
0.020279692
0.022545726
0.028138872
0.033190901
0.032975634
0.035692997
0.038189996
0.03866955
0.039160281
0.041061213
0.045187571
0.043906626
0.045196789
0.042759176
0.039616768
0.039523269
0.036482638
0.033884976
0.030238728
0.026848469
0.02714317
0.023905304
0.019242031
0.01536901
0.010450003
0.0049679691
0.0031040934
0.00074020127
0.00016468798
0.00057667259
0.0004417608
0.0014742063
0.0014518054
0.0017789546
0.00081909175
0.00056615401
0.00013127732
0.00041077172
0.00022191358
0.0020062758
0.0026166267
0.0036791122
0.0045307348
0.0047351124
0.0045859482
0.0049792151
0.0058090401
0.0068866702
0.0062123702
0.0057873315
0.005749292
0.0053476319
0.0044555751
0.0042332152
0.0038965022
0.0056313762
0.0065430462
0.0063458944
0.00739655
0.0052082228
0.0058285912
0.0026077743
0.0014809367
0.0050464806
0.009681408
0.012582211
0.0084883631
0.0049267057
0.0022946211
0.0013271933
-0.00069958817
-0.0056818247
-0.0088234767
-0.010104078
-0.0099422321
-0.0066716286
-0.0033019325
-0.00087667877
0.00041918068
1.8672031e-05
1.5673979e-05
3.7638163e-05
-2.3136986e-05
0.0013154904
0.00046650891
0.00058598766
-4.1593965e-05
3.2782816e-05
-0.00036521998
-3.7207704e-05
-0.0010769553
-0.0018371177
-0.0039058601
-0.0024245799
-0.00056573663
-0.0070581647
-0.0099223392
-0.013536463
-0.017128253
-0.017678648
-0.019591992
-0.022176843
-0.021427672
-0.017237808
-0.015793878
-0.017964629
-0.018335554
-0.020267244
-0.021985187
-0.024223597
-0.025648677
-0.027534316
-0.03247393
-0.035097695
-0.039494642
-0.043595096
-0.044639629
-0.04391215
-0.046232558
-0.051538926
-0.054116229
-0.056873424
-0.057648549
-0.058530802
-0.056616012
-0.054493313
-0.053241747
-0.053517991
-0.049488097
-0.042871012
-0.040057379
-0.038944739
-0.037000176
-0.032353727
-0.026981168
-0.02143682
-0.016693637
-0.0094466191
-0.0057532722
-0.0031471492
0.00012502508
0.0027693901
0.0096894787
0.014553176
0.020788241
0.025560306
0.030637121
0.036954206
0.036068455
0.039520829
0.044525824
0.047437468
0.052434614
0.052592444
0.055614617
0.05442175
0.055868464
0.053538369
0.05046161
0.046973558
0.039808736
0.037136691
0.03119099
0.027010024
0.023533274
0.018125537
0.015364528
0.011131069
0.0072302113
0.0015195196
0.0014988589
-0.00056077524
-0.0017406076
0.00063702572
-0.0011404798
0.00037732088
-0.0021120236
-0.002108621
-0.00039494963
-0.0017871688
-0.0015690481
-0.0014563827
-0.00097483657
0.0009077995
0.0020429892
0.0029392626
0.0041285857
0.0046419384
0.0030699119
0.0034179778
0.0041566583
0.0049213831
0.0044225219
0.0047262457
0.0053454275
0.0048657027
0.0041686448
0.0037518286
0.0040970356
0.0055682115
0.0058241873
0.0060552855
0.0023842197
0.00095353655
0.00016796069
0.0015899057
0.0011699933
0.0051558948
0.0072415213
0.0057725185
0.0044302063
0.0018587671
-0.0015363714
-0.0019596241
-0.0044329367
-0.0091558891
-0.013643066
-0.015051304
-0.012375188
-0.0078292367
-0.0042451011
-0.0026302515
-0.0005434193
-0.0011062099
-0.001609683
-0.0013661394
-0.00039469115
0.00095739223
0.0011507872
0.00020168131
-0.00011614125
-0.00016852392
-0.0012938662
-0.00080314553
-0.00034096447
-0.0018073011
-0.0042449498
-0.0018242034
-0.0026081612
-0.0076295649
-0.011674416
-0.01649858
-0.020866213
-0.022189359
-0.030597631
-0.031345847
-0.026990141
-0.017111407
-0.014025415
-0.014869408
-0.016014538
-0.018781013
-0.023557398
-0.028604994
-0.032991501
-0.037386085
-0.040168041
-0.043387245
-0.047980627
-0.049869469
-0.053162545
-0.054602824
-0.055739141
-0.057986853
-0.060074217
-0.063317208
-0.063171514
-0.066345897
-0.067530868
-0.06725031
-0.065856738
-0.05956202
-0.051673868
-0.045249593
-0.037990507
-0.033602998
-0.035904337
-0.038180687
-0.034904571
-0.02485422
-0.019839074
-0.012795806
-0.010356596
-0.0068815988
-0.0015647735
0.0026677403
0.0076765659
0.012176041
0.013363197
0.011056639
0.019434477
0.028903414
0.031382401
0.03857729
0.04648746
0.046778504
0.049834485
0.051835765
0.054713296
0.056373137
0.055623441
0.05376863
0.05028709
0.046435688
0.039335001
0.032436891
0.026718641
0.02269284
0.017400596
0.012654056
0.0090890455
0.0056477152
0.002350704
0.0013637832
-0.00031598065
-0.002299741
-0.0022627978
-0.0037299897
-0.003282162
-0.0029637935
-0.0016645578
-0.0010967575
-0.00060474794
-0.0014733776
-0.0027153465
-0.0034665462
-0.0028680593
-0.0019335056
0.00070081346
0.0027001606
0.0036981501
0.0035619496
0.0034893837
0.0031201724
0.0034737837
0.0033063503
0.0048167786
0.0048385201
0.0048742572
0.0057622148
0.0062307282
0.0066484542
0.0067523337
0.0068197679
0.008530324
0.0013584769
-0.0019644752
-8.8580193e-05
0.00040382764
0.0015866887
0.0026273972
0.0071488048
0.0064696939
0.0058210805
0.0035945117
0.0012459878
-0.0018526286
-0.0048889143
-0.0044906584
-0.0099742413
-0.011581345
-0.015613237
-0.012189994
-0.00687223
-0.004424427
-0.0040184072
-0.0039942228
-0.003220705
-0.0034845111
-0.0032515021
-0.0014974945
0.00045034603
0.0011636646
0.00067610422
-0.0011124141
-0.0016904332
-0.0010473614
-0.0016279968
-0.0039877697
-0.0062018514
-0.0055490365
-0.0038696387
-0.0033224485
-0.0087084949
-0.012401177
-0.017019202
-0.022820417
-0.027497188
-0.033838436
-0.03527289
-0.032398152
-0.020124944
-0.011148954
-0.013221311
-0.015923528
-0.019143826
-0.022121611
-0.028105961
-0.032830496
-0.034944541
-0.038259949
-0.043003062
-0.04961277
-0.05369718
-0.056397056
-0.058812687
-0.060845155
-0.063702657
-0.066850116
-0.065457748
-0.066878953
-0.06967026
-0.071236848
-0.070564454
-0.068453427
-0.058470026
-0.049834576
-0.039921026
-0.039446519
-0.038163392
-0.036581598
-0.034001953
-0.029227511
-0.023874957
-0.019855525
-0.020908641
-0.015511704
-0.0097219178
-0.0016312771
0.0072446224
0.0096646542
0.0070306986
0.0065528814
0.0074234323
0.021077055
0.028532048
0.03178289
0.033550254
0.033209883
0.044307091
0.050414428
0.051574395
0.050981718
0.054120334
0.051661702
0.048661542
0.042132845
0.037351268
0.032015604
0.029843401
0.021117468
0.016797607
0.012237975
0.008510452
0.0071088115
0.0052578142
0.0038723318
0.0023447944
-0.00053128745
-0.0015637554
-0.0029531513
-0.0027639345
-0.0018508674
-0.0022633895
-0.00058972812
-7.207483e-06
0.00068971443
-0.0015918033
-0.0024665014
-0.0017631266
-0.0016846065
-0.0007611208
0.001492743
0.0034115608
0.0049400478
0.0058396504
0.0056513987
0.0048850538
0.0047980295
0.0047988535
0.0044597355
0.0047482361
0.0059014211
0.0054030603
0.0082703793
0.010335422
0.010855024
0.010138121
0.0078541082
-0.0020821806
-0.0018136059
-0.001250905
0.0018015425
0.0026680366
0.0059364175
0.0066287849
0.0089952146
0.0089963993
0.0053999358
-0.00027278398
-0.0054318451
-0.0066979774
-0.0052558491
-0.010346501
-0.010867006
-0.013369165
-0.010521046
-0.0081876721
-0.0072168601
-0.003620473
-0.0030280503
-0.0025449046
-0.003539438
-0.0034691364
-0.002803279
-0.00082639887
-0.00083948922
0.0013027473
-0.00042418151
-0.0015686436
-0.00031423025
-0.002096791
-0.0061217604
-0.0077218762
-0.0067863122
-0.0031503788
-0.0059290247
-0.0069879419
-0.0096499637
-0.011308055
-0.01601918
-0.021600452
-0.025380635
-0.033953381
-0.034320959
-0.020499746
-0.012474152
-0.011770451
-0.013427209
-0.013278638
-0.015906587
-0.018691142
-0.022444603
-0.025835935
-0.031864135
-0.037262642
-0.041727769
-0.046555848
-0.053204486
-0.05682708
-0.063187233
-0.065621684
-0.069214745
-0.071571325
-0.069808388
-0.069355724
-0.068386125
-0.065262975
-0.05903991
-0.046349591
-0.040240361
-0.036837147
-0.034821993
-0.034417408
-0.036149015
-0.037504143
-0.030023179
-0.030054599
-0.022545335
-0.020342398
-0.020413994
-0.01656052
-0.0091228313
-0.0045126636
-0.0059290729
-0.0031633047
0.0062879455
0.013019675
0.020514282
0.027491528
0.032822442
0.033166184
0.039636587
0.042774791
0.046673572
0.045329199
0.046810572
0.04391608
0.04188254
0.038515742
0.03340424
0.03023798
0.025536084
0.019720976
0.016436116
0.014908148
0.0097630092
0.0087268705
0.006941871
0.0066692988
0.0056780047
0.0046613849
0.0012817963
-0.00036906197
-0.0013935095
-0.000568773
-5.4506056e-05
0.00044752072
-0.00030316171
0.00087537146
0.00124963
0.00092723004
0.001761709
0.0016931951
0.0024201923
0.0029608729
0.0030718611
0.0021269548
0.0010029606
0.0012667254
0.002326578
0.0029598303
0.0035047864
0.0049317374
0.0055804288
0.0052336334
0.0066591524
0.0071108807
0.005349176
0.0064418725
0.0083986238
0.009826878
0.0024144492
-0.0043097318
-0.0005199594
0.0032994275
0.0040788103
0.0055412103
0.0081749164
0.0099199598
0.0089067102
0.010646561
0.0064449909
0.001364273
-0.0015565817
-0.0045495687
-0.0037163418
-0.0099838926
-0.01220874
-0.0092740024
-0.003482681
-0.0005899499
0.00025219878
-6.4877399e-05
0.00083648098
0.00044965411
0.0006748108
-0.00044384779
-0.00076380757
0.0012034912
0.0010423636
0.001228318
-0.00073395095
-0.0017124478
-0.0043990938
-0.0061474921
-0.008161588
-0.010469186
-0.0059030657
-0.004459251
-0.0053583616
-0.0073121273
-0.0070838253
-0.0078832328
-0.010881035
-0.018009744
-0.024275188
-0.02808227
-0.031876143
-0.022294661
-0.015801607
-0.015132205
-0.016260764
-0.015735296
-0.015531095
-0.017536093
-0.020232442
-0.02489468
-0.031064518
-0.037507179
-0.042303653
-0.048460281
-0.054523517
-0.060878255
-0.064934995
-0.068377668
-0.069837292
-0.071150321
-0.071165182
-0.071866943
-0.068917873
-0.062308454
-0.053517932
-0.046129339
-0.043361915
-0.043553524
-0.037509362
-0.038867655
-0.037182144
-0.041197558
-0.033048541
-0.029555877
-0.030187287
-0.028465189
-0.027916453
-0.021337811
-0.019704461
-0.013856173
-0.0087080054
-0.00042565017
0.0060962807
0.010285727
0.016515772
0.022404537
0.025493435
0.028058311
0.030428912
0.035016745
0.036588142
0.036647335
0.03567311
0.033698476
0.031485029
0.029969853
0.026502672
0.022559569
0.019609121
0.018542937
0.015548019
0.015317485
0.011812632
0.011985557
0.010912673
0.010040506
0.0080185239
0.0066045443
0.0037608941
0.0021892446
0.0015626035
0.0012701837
0.0015608006
0.0022226383
0.0035535863
0.0038084944
0.0048471808
0.0057191284
0.0053920755
0.0047625666
0.0053987525
0.0066739426
0.0059297102
0.0045829626
0.0042355301
0.003177638
0.0029707784
0.0040152762
0.0040182678
0.0037983367
0.0034900227
0.0035511793
0.0044730062
0.0045450119
0.0021148345
0.0023737382
0.0043417149
0.0072214772
0.0023739577
-0.002958992
-0.0015886425
0.0020649922
0.0058383636
0.0060230851
0.0083966428
0.0080565141
0.0051760284
0.008327622
0.0045610517
0.00040308538
4.9596249e-05
0.00014636044
-0.00042571831
-1.3022142e-05
0.001534774
0.0042420724
0.0065993012
0.0064859987
0.0059327009
0.004528738
0.0046808269
0.0035426426
0.0016595248
2.9947995e-06
0.00037740834
0.0013386533
0.0017045554
9.7266681e-05
-0.0019885403
-0.0038687277
-0.006090547
-0.0082917161
-0.0090892211
-0.013147238
-0.0080482853
-0.0066785379
-0.0078199342
-0.0064922705
-0.0086079123
-0.008171954
-0.012277561
-0.017180172
-0.024722169
-0.030132959
-0.031634626
-0.023466577
-0.018175771
-0.017324854
-0.018288666
-0.015942146
-0.016287787
-0.018955992
-0.023179821
-0.028641873
-0.035035464
-0.042378883
-0.045874899
-0.0524505
-0.057091151
-0.060166228
-0.064140938
-0.067688886
-0.068529414
-0.072999865
-0.072131469
-0.071925454
-0.068711413
-0.060484971
-0.048846803
-0.045136471
-0.048439582
-0.041571302
-0.04035125
-0.039969221
-0.038534381
-0.04106785
-0.032377844
-0.031876851
-0.035420181
-0.036199682
-0.034568234
-0.029744822
-0.022987704
-0.01650085
-0.013269222
-0.007726294
-0.0043321292
-0.00092951934
0.0036139017
0.011453243
0.013915015
0.017137866
0.019196385
0.023119529
0.026259932
0.025323312
0.022241733
0.024606444
0.023699744
0.020728506
0.021157421
0.020017036
0.021003107
0.019177939
0.016906672
0.014533315
0.014897901
0.014574248
0.014334209
0.012544054
0.0090833807
0.0060848654
0.0047014257
0.0042173563
0.0039386172
0.0039073121
0.003212883
0.0040250249
0.0034317293
0.0040028442
0.0051431575
0.0049762171
0.0053421787
0.0065856348
0.0073452394
0.0067880905
0.0059756733
0.0064732145
0.0067544789
0.006365233
0.0050457793
0.0040358993
0.0046274377
0.0049905015
0.0056001222
0.0077039801
0.0062766515
0.0048409186
0.0035343018
0.0028109051
0.0037379983
0.0053786861
0.0044100918
0.0014579745
0.00043977547
0.0025458756
0.0054898849
0.010363569
0.012231991
0.0082609851
0.0080189598
0.0073409355
0.0061117967
0.0029044202
0.0050798864
0.0076299407
0.0065594145
0.0076373777
0.0092495438
0.011392637
0.014223346
0.014825101
0.012394692
0.01474879
0.01510055
0.014771541
0.012667899
0.0088459854
0.008192607
0.0067553478
0.0070325267
0.0051421011
0.00071621901
-0.0037489382
-0.0013811428
-0.0052947754
-0.0074046765
-0.011687625
-0.0084044408
-0.0066606427
-0.0076675356
-0.0084285616
-0.0096548683
-0.0092638631
-0.016150321
-0.017834955
-0.025657546
-0.031801386
-0.031833429
-0.02586764
-0.021097632
-0.021253489
-0.022136216
-0.019682385
-0.018327546
-0.022133099
-0.025945821
-0.029133192
-0.034336274
-0.041872478
-0.046962203
-0.051144086
-0.056102963
-0.057980015
-0.063185413
-0.063768372
-0.064664285
-0.066322566
-0.070471711
-0.069038545
-0.065571688
-0.054377361
-0.047706291
-0.045082963
-0.040435889
-0.035808986
-0.037790859
-0.036501437
-0.033402373
-0.031228151
-0.025803057
-0.027527491
-0.029944977
-0.027578397
-0.025359249
-0.022810405
-0.018916596
-0.0151704
-0.011418376
-0.007659451
-0.0063857601
-0.0055914158
-0.0028372925
0.00094441575
0.0027237146
0.0041700612
0.0090224308
0.014400301
0.016833841
0.014880518
0.014891016
0.015516471
0.014198026
0.015376745
0.01332647
0.01165608
0.014285625
0.013208516
0.0097841373
0.0098563366
0.010075107
0.0077446424
0.0080278639
0.0067791771
0.0045248809
0.0018194251
0.0019353995
-9.1793858e-05
2.1806726e-05
0.001886666
0.0030790858
0.0046920874
0.0050260588
0.0038854861
0.0057157368
0.0056426806
0.0070669285
0.0057531561
0.0078882785
0.0098066365
0.0069830019
0.0070855831
0.0088249643
0.0065793103
0.0074879165
0.0072750471
0.0049220848
0.0039497375
0.0049129692
0.0075230819
0.0082110219
0.0080226704
0.0084880611
0.0089423206
0.0076629649
0.0073747409
0.0047242053
0.0074390596
0.011694065
0.0080466136
0.011009377
0.0113329
0.013682433
0.012445693
0.0098423617
0.0085318144
0.008470023
0.0076864898
0.0082989853
0.0085888915
0.0094901019
0.011361566
0.011965646
0.013694018
0.01313878
0.014517145
0.0163731
0.016461976
0.017716262
0.017042481
0.016605459
0.015187399
0.013047905
0.0098521756
0.0064281753
0.0073918238
0.0051161488
0.0008099737
0.0024270761
-0.0017261918
-0.0048065178
-0.0051799235
-0.0041121448
-0.0041763442
-0.0072321695
-0.010769496
-0.0099685398
-0.010607993
-0.014699341
-0.016210351
-0.018374528
-0.020344341
-0.022626996
-0.019447438
-0.019441427
-0.021396086
-0.022770174
-0.022578992
-0.022079389
-0.022163903
-0.022359179
-0.025423199
-0.030943498
-0.036409731
-0.040496439
-0.044436749
-0.048843864
-0.051430118
-0.055390435
-0.053512782
-0.052531454
-0.059019979
-0.060006265
-0.058960662
-0.054669933
-0.044431347
-0.038431459
-0.033298005
-0.02673856
-0.022985937
-0.018955913
-0.017786138
-0.015115669
-0.01335284
-0.012321247
-0.01160942
-0.012816115
-0.011674625
-0.010175236
-0.0096952352
-0.0078276437
-0.006651918
-0.0037808755
3.5207344e-05
0.0026130971
0.0040757389
0.0062599961
0.0084608832
0.0094391283
0.010102774
0.012004925
0.011471584
0.013527195
0.012614104
0.01167887
0.011959924
0.0094780353
0.0082541977
0.0069069274
0.0056589449
0.0054699138
0.0029364853
0.0013259237
-0.00010961197
0.00065842071
-0.0006252755
-0.00012728568
0.00086465382
0.00021694133
-0.0006794198
-0.0017204903
0.0025207484
0.0017674213
0.00099395586
0.00080674399
0.0048465792
0.006806538
0.010059914
0.010407329
0.0091319929
0.0082201695
0.0087587527
0.0087571549
0.0093793021
0.0088400311
0.0098751906
0.012574987
0.01099695
0.010064773
0.010367867
0.011979142
0.008807608
0.00803066
0.0097037384
0.010254204
0.0098758456
0.011630461
0.0095029152
0.0073442054
0.0064073607
0.0034719607
0.0039910747
0.011807466
0.015315891
0.013696164
0.015224242
0.014761845
0.012626133
0.011428446
0.012201179
0.011256744
0.0090091119
0.0088581311
0.00984684
0.011249725
0.012060154
0.012689531
0.013242007
0.013506656
0.015275724
0.016533675
0.016903772
0.01733667
0.016582881
0.015660369
0.01281573
0.00953403
0.007247061
0.0056869601
0.0060746379
0.0055007782
0.0037210299
0.0052805647
0.0044793966
0.0046704897
0.0029137651
0.002095411
-0.00035724256
-0.0017420894
-0.0069590079
-0.010476063
-0.011279935
-0.010466753
-0.010588378
-0.012398464
-0.012749691
-0.013248703
-0.009031459
-0.010514512
-0.016392634
-0.019118542
-0.021711106
-0.020034416
-0.021944947
-0.020393781
-0.023144646
-0.025947623
-0.031338517
-0.033957356
-0.03847183
-0.041940571
-0.044144078
-0.043010616
-0.042068685
-0.042751521
-0.045581431
-0.045968843
-0.042318177
-0.036614764
-0.028887719
-0.01957679
-0.010462261
-0.0092290243
-0.0064864954
-0.004563531
-0.0035549054
-0.00090902546
0.0042278163
0.004715702
0.0055055254
0.003473037
0.0054005965
0.0028598384
0.0034072383
0.0063650399
0.0057875312
0.0078403489
0.0076516681
0.011079652
0.012015136
0.013593124
0.016988695
0.016808936
0.015507787
0.018323609
0.015255888
0.013875913
0.012668946
0.011038112
0.0093477332
0.0052898412
0.0041407991
0.0033338242
0.0013861427
-0.0014034089
-0.00083413025
-0.0016377924
-0.0018710159
-0.0021745443
-0.0021518336
-0.00081015178
-0.00033620299
-0.00032341794
0.0014449962
0.002359619
0.0031847766
0.0042994643
0.0045931208
0.0063871627
0.008842887
0.011692977
0.014939136
0.015835347
0.015342936
0.014400848
0.012844999
0.010726267
0.011333102
0.011635279
0.014423477
0.018143497
0.019353385
0.018608425
0.017853496
0.017399452
0.012756168
0.010088262
0.0097390163
0.0087097396
0.0068467837
0.0070496665
0.0080940827
0.003501887
0.0051630039
0.0089563975
0.0096880287
0.011178065
0.012548886
0.012934925
0.012609312
0.013157528
0.011317261
0.011841464
0.011625189
0.011962473
0.011083874
0.010624796
0.010455789
0.011540327
0.011801607
0.012363335
0.013522221
0.015383343
0.017516415
0.018766242
0.020162709
0.020634389
0.020516487
0.018762097
0.016310155
0.012080604
0.011683826
0.0086130091
0.0090111839
0.0071703231
0.0076117013
0.010510113
0.0088795601
0.0066473685
0.0056135455
0.0057766758
0.0030079959
0.0023416041
0.00015642742
-0.0032363617
-0.0062812465
-0.0090383388
-0.007595461
-0.0069052401
-0.00660676
-0.0092109413
-0.0028308859
-0.0025017361
-0.010664527
-0.011741641
-0.012776181
-0.013943946
-0.015030729
-0.016062844
-0.017927371
-0.019281232
-0.022825334
-0.026493358
-0.028058548
-0.030899652
-0.03155692
-0.027168845
-0.028110656
-0.030981225
-0.032058464
-0.030910523
-0.025581599
-0.020629838
-0.014125032
-0.0046966355
0.0049611224
0.0030357419
0.0022283861
0.0044606226
0.0039814506
0.0088477355
0.01237254
0.014034232
0.014955309
0.015305946
0.014706921
0.013982242
0.013491938
0.01461022
0.014025776
0.012585792
0.012384059
0.01466215
0.01431031
0.013919934
0.014715638
0.01509455
0.013570391
0.015286732
0.012911607
0.012467046
0.010189619
0.0071178562
0.0033771844
0.0011659115
-0.0019963319
-0.0033380801
-0.0045827365
-0.005735031
-0.0073305236
-0.0072249672
-0.0049976607
-0.0043473993
-0.0048058945
-0.0033853698
-0.0038253999
-0.0046587919
-0.0033949895
-0.00043275081
0.0017685491
0.0031755035
0.0049381872
0.0087661892
0.011280305
0.013609074
0.016147285
0.017416071
0.017747051
0.017443032
0.01658495
0.014901289
0.016003737
0.016526379
0.019923443
0.021928925
0.021764214
0.020324876
0.020672783
0.0183177
0.014274272
0.012566567
0.011641216
0.011000903
0.0088079704
0.0094993357
0.0065353363
0.0034677815
0.0058029633
0.0067007235
0.0081868495
0.0087170593
0.0090326321
0.0091803809
0.01000636
0.0082063217
0.0080360386
0.0084318397
0.0086653028
0.0092211413
0.011071849
0.010630676
0.0099393082
0.01012419
0.011198829
0.012805553
0.01430584
0.015499875
0.017347628
0.019208966
0.02196545
0.023849864
0.024569883
0.023980953
0.023167794
0.020685605
0.018784881
0.016133026
0.015856958
0.013301037
0.011744172
0.01401658
0.01129775
0.0082953585
0.0075529407
0.00552346
0.0047488998
0.0050451611
0.005272012
0.0026613753
0.00098428149
-0.00090243455
-0.0010697518
-0.00019479019
0.00059775151
-0.00049107945
0.0024377668
0.0026372277
0.0012117374
-0.0028692151
-0.0063290295
-0.006858187
-0.0091018046
-0.010218893
-0.012163653
-0.011718009
-0.014206253
-0.01668738
-0.018799818
-0.019237941
-0.018435179
-0.016595562
-0.020712689
-0.020109462
-0.019230152
-0.017312973
-0.014492248
-0.0095258594
-0.0062655272
0.00074666298
0.0071876279
0.0077224188
0.0060384736
0.0081940586
0.010956916
0.011298545
0.013755902
0.015295418
0.017379085
0.01838476
0.01717059
0.018190029
0.018208008
0.016071141
0.015017957
0.013512336
0.013163416
0.01377678
0.012214654
0.011694757
0.012053514
0.011355487
0.010459787
0.0098367874
0.0085093649
0.007313254
0.0045982702
0.00093378544
-0.0029610201
-0.0055235605
-0.0080787044
-0.01023949
-0.01108945
-0.012211827
-0.011926306
-0.011386743
-0.010208432
-0.0095349983
-0.0090356885
-0.0083300694
-0.0081439966
-0.0088481407
-0.0096567759
-0.0080354579
-0.0056904632
-0.0031268014
0.0022629036
0.006025271
0.0089927256
0.012018667
0.014417493
0.016732075
0.019294789
0.018738696
0.016010331
0.015484892
0.016216386
0.016967226
0.017969462
0.019452808
0.018214989
0.01868877
0.017426971
0.016336138
0.012536766
0.011173642
0.0084662531
0.0071291722
0.0071609092
0.0071181381
0.0084352674
0.0074861871
0.0078539431
0.0077608474
0.0073854253
0.0059914203
0.0068244463
0.006052709
0.0069901495
0.008251948
0.0075094911
0.0071781135
0.0090285277
0.009014307
0.0091296351
0.0091653107
0.0094229165
0.0086304483
0.009336552
0.0097514003
0.010708247
0.011959353
0.015205935
0.01759956
0.019960045
0.02233583
0.024776288
0.026552628
0.027553207
0.027826024
0.025683787
0.023265724
0.021894457
0.019332566
0.016678321
0.019476688
0.015627142
0.014116513
0.011573552
0.0087142268
0.0089069489
0.0093579767
0.0081870355
0.008280399
0.0070757647
0.0061265155
0.0061903157
0.005704022
0.0066497301
0.0051004146
0.0062131786
0.0088227707
0.0093816549
0.0066976252
0.0028892224
-0.00062263784
-0.0018262387
-0.0033637937
-0.0040249612
-0.0049115708
-0.0059429689
-0.0070331965
-0.0079654625
-0.0082216216
-0.0054288944
-0.0059211388
-0.010479953
-0.014259502
-0.013103237
-0.010270696
-0.0089205609
-0.0040451499
-0.0023316814
0.0020761281
0.0054042478
0.0056972948
0.0054545869
0.0080275834
0.0097430263
0.0073421709
0.0076890704
0.010543476
0.012709099
0.014450975
0.015316406
0.01325294
0.015451013
0.0151407
0.012933204
0.012360547
0.011250463
0.011626427
0.010948613
0.0089924352
0.0079131223
0.0065254263
0.0054095811
0.0047105075
0.0042567865
0.0035486548
0.0019585698
-0.00055845174
-0.0050419302
-0.0077336909
-0.0099793994
-0.012014379
-0.012048895
-0.013599864
-0.01414218
-0.013363161
-0.012745137
-0.011786336
-0.011023414
-0.011520915
-0.010589229
-0.010277665
-0.00983114
-0.010422314
-0.0095273217
-0.0066647991
-0.0042084072
-0.00087452959
0.0035830369
0.0076687706
0.0098300554
0.012646417
0.014982885
0.015066442
0.013210964
0.012496637
0.011417026
0.012013582
0.014059026
0.016463404
0.015864785
0.015023681
0.013543777
0.012566779
0.010467281
0.0097442268
0.0079203011
0.006902034
0.0062633432
0.0069803929
0.0096515617
0.0097607888
0.0098986285
0.0097305899
0.0082423036
0.0076673748
0.0049555874
0.0035157984
0.0050757956
0.0047804769
0.0065343695
0.0065916248
0.0066160531
0.0073679437
0.0074392853
0.0072404481
0.0061629213
0.0061684114
0.0067379873
0.0074573417
0.0078824243
0.0086153013
0.010807277
0.01289098
0.01511397
0.017509871
0.020353368
0.022749268
0.025229822
0.027475457
0.028490934
0.026717194
0.024600963
0.024437333
0.022568515
0.023049825
0.021817551
0.020061799
0.017517951
0.01570812
0.014123931
0.014216069
0.013050612
0.010820575
0.0117011
0.01070324
0.011617287
0.012243622
0.011543651
0.011680953
0.011574502
0.016100758
0.016175306
0.012804325
0.010830384
0.0074361947
0.004177588
0.00079280877
0.00048522085
-0.00075614235
-0.0012097996
-0.0014826095
-0.0019382642
-0.00077316342
0.0015532422
-5.9784582e-05
-0.003924263
-0.0067081929
-0.0076776991
-0.0099356332
-0.0087480618
-0.0069201847
-0.0026329463
0.00059789438
0.0011951036
0.00043637729
0.0014380168
0.0021120334
0.0016458409
0.00090603268
-0.00095943542
0.0011016271
0.0041694739
0.007607405
0.0089270887
0.0081432125
0.008888951
0.0097558957
0.009640745
0.0084836935
0.0084075764
0.0084778462
0.0080951435
0.0065842013
0.0047925614
0.003448831
0.0035406957
0.0032267409
0.0020803623
0.0010402729
0.00017232753
-0.0016143101
-0.0042373943
-0.0063207399
-0.0080992849
-0.0089086659
-0.010475421
-0.010815505
-0.011510684
-0.01165086
-0.011581272
-0.0098195349
-0.010385898
-0.0099636169
-0.0097955106
-0.010141383
-0.0085569927
-0.0077892589
-0.006923197
-0.0062129399
-0.00541657
-0.0023488201
0.00021059732
0.0027733162
0.0058490532
0.0089678538
0.010523786
0.011536713
0.011698644
0.010393376
0.0092651411
0.0083346703
0.0095350685
0.010908094
0.010963376
0.011047315
0.011707284
0.01054402
0.009457111
0.010639505
0.0072845942
0.0046510307
0.0048684033
0.0070172746
0.0085849662
0.0074317652
0.007353792
0.0082937939
0.0079518506
0.0067168439
0.0056380156
0.0054718975
0.0041741039
0.0040711097
0.004651222
0.0053027395
0.0051247149
0.0059070323
0.0055657358
0.0052961269
0.0045277823
0.0040675473
0.0048199992
0.0057216892
0.0064240138
0.0065052454
0.0065077922
0.0083273691
0.0099260976
0.011985112
0.014365804
0.015877625
0.018616588
0.023071511
0.025389753
0.024441244
0.024548551
0.025747376
0.025744842
