0.0034347204
0.0029867996
0.0032848435
0.0039888387
0.0044499107
0.006732548
0.010400534
0.010927616
0.007882589
0.0042637304
0.0024347155
0.00038235543
-0.0033945285
-0.0054807859
-0.004836195
-0.0038524563
-0.0012147387
-0.00036001972
0.0030277271
0.0035094558
0.00053477842
-0.0038974141
-0.0058241597
-0.0052736385
-0.0084113876
-0.010356877
-0.012558348
-0.013313113
-0.010769111
-0.0097240151
-0.011626662
-0.012616801
-0.013933901
-0.01479964
-0.015868929
-0.015191138
-0.015420331
-0.017545255
-0.018381782
-0.017739642
-0.017355413
-0.018554412
-0.018806501
-0.018496391
-0.019357466
-0.017964829
-0.015831257
-0.01468037
-0.014253771
-0.012518188
-0.010746268
-0.010754908
-0.0087042161
-0.0045558524
-0.00026717405
0.0035763397
0.0076945843
0.01054095
0.010296435
0.0067959372
0.0042611172
0.0044071629
0.0041315457
0.003823837
0.0046285688
0.0040151053
0.0052118079
0.0064846025
0.0086331869
0.011004867
0.013897084
0.0163355
0.019597889
0.022172918
0.022708632
0.024032771
0.025341597
0.026806074
0.026353331
0.023756592
0.021799155
0.019430987
0.018217016
0.017816343
0.019166967
0.015530195
0.013452065
0.012041171
0.01244245
0.015071355
0.015560833
0.014777528
0.014239162
0.012173956
0.0085431658
0.0063579718
0.0051237143
0.0042445111
0.0032654066
0.0044844241
0.0051995826
0.0061372281
0.005781417
0.0070010904
0.0078239417
0.0084985079
0.0081382277
0.00837064
0.0075642937
0.0082040799
0.0085771606
0.0085277937
0.0097227353
0.011016388
0.010688634
0.01154561
0.012505458
0.012889585
0.016151724
0.017826774
0.016587442
0.015112865
0.015098326
0.014988571
0.011078679
0.0099958678
0.012603322
0.012967445
0.010713554
0.008598761
0.006629801
0.0039186083
0.0011806946
-0.00035206622
2.1302943e-05
0.00069197431
0.00072821873
0.0012598098
0.0015777475
0.0021624344
0.002519123
0.0029342529
0.0034563374
0.0037082034
0.0019979993
0.0017508736
0.001718415
0.0017079949
0.0019660909
0.0053119684
0.0070202349
0.0033454954
0.0016171502
-0.0014158077
-0.0041858925
-0.0054847572
-0.0065066075
-0.0093397621
-0.01184551
-0.0080669992
-0.0072425092
-0.0047789143
-8.8504126e-05
-0.00030736316
-0.0037512438
-0.007083562
-0.0092624459
-0.0063255208
-0.008414194
-0.013393832
-0.016391187
-0.015255158
-0.013145001
-0.014008168
-0.017365901
-0.019970981
-0.020307984
-0.021943355
-0.021749619
-0.02063376
-0.021241532
-0.023541126
-0.025931386
-0.026001073
-0.025949885
-0.02562661
-0.024043604
-0.022767648
-0.021759002
-0.017657886
-0.015367752
-0.01262905
-0.0077515649
-0.0040772145
-0.0032255966
-0.002850121
-0.0003955117
0.0051883692
0.0098281724
0.013798664
0.018919934
0.020772793
0.020230014
0.018466186
0.018691562
0.01771452
0.017575022
0.017864071
0.017815432
0.01724699
0.01964873
0.018936955
0.021224576
0.023066313
0.026264346
0.028637462
0.029386208
0.029355807
0.029231733
0.02935439
0.031014743
0.030896045
0.028894046
0.024941467
0.020963724
0.018367898
0.016208818
0.01515886
0.013210097
0.011063087
0.0095072834
0.010121453
0.011924165
0.01303662
0.013424193
0.011209648
0.0085321297
0.0057123012
0.0038897956
0.0033338693
0.0032301567
0.0028460793
0.0040856354
0.0052128353
0.0052639637
0.0065501735
0.0073598021
0.0075975654
0.0080619083
0.0084867345
0.007850565
0.0077173702
0.0070474077
0.0076737528
0.0086001095
0.0092389678
0.010600388
0.012202197
0.013030826
0.012631718
0.014416919
0.018587382
0.020440142
0.017874883
0.016322513
0.018278605
0.014184566
0.013338428
0.011474154
0.010725123
0.010368384
0.0086418198
0.0050078629
0.002229239
-0.00045273653
-0.00079169536
-0.00071162305
-0.0017435501
-0.00067386728
-0.00045851985
0.00026311301
0.00045793267
0.0010834149
0.0010222067
0.0012245967
0.00096660144
0.001325206
0.0016983061
-0.00054500069
-0.00026280785
-0.00022340506
-0.00072738958
-0.0020299785
-0.00072909614
0.00030440323
-0.0030828696
-0.0045057984
-0.0046783489
-0.0082943451
-0.011305005
-0.01216009
-0.010892985
-0.012302332
-0.013525688
-0.016773822
-0.015842634
-0.010488411
-0.0062525923
-0.0087348756
-0.013793394
-0.014154181
-0.013135757
-0.016214022
-0.022055595
-0.023703266
-0.022312892
-0.019413445
-0.020498376
-0.025475762
-0.029299789
-0.032850411
-0.033578206
-0.032885602
-0.032273246
-0.034151288
-0.035188282
-0.035971291
-0.036090649
-0.035873592
-0.034274007
-0.030671664
-0.027228586
-0.023683202
-0.020810107
-0.016777212
-0.013066318
-0.0053296599
0.0020705179
0.0044817222
0.0084681194
0.011030406
0.011792241
0.016478235
0.023246124
0.030890663
0.030265558
0.028453469
0.031150695
0.031333621
0.033010298
0.031480115
0.031101041
0.03360917
0.033420087
0.036275798
0.034652041
0.036327218
0.036378448
0.036403463
0.038304077
0.038760085
0.037414447
0.034796386
0.030015028
0.030790508
0.03012744
0.027312186
0.021111107
0.018549972
0.015081562
0.012767773
0.0098162719
0.0070912486
0.0073991389
0.0061527967
0.0064644597
0.0067588165
0.0074979005
0.0061946644
0.0042459622
0.0021399487
0.00049992254
-0.00012520233
-0.00015868844
0.0010081419
0.0028888688
0.0046966053
0.0057100178
0.0069945288
0.0077598094
0.0083160578
0.0074660606
0.0081082399
0.0079737552
0.0073449885
0.0066843772
0.0063419246
0.0058937825
0.0067991696
0.0076274392
0.0095932325
0.0080444859
0.012611263
0.01579902
0.017420825
0.014444517
0.014676689
0.010208323
0.011774048
0.015479903
0.012868975
0.011218471
0.007843175
0.0089932349
0.0039398264
0.0010785955
-0.0021039257
-0.0025359096
-0.004839584
-0.0040212981
-0.0042274959
-0.0019077544
-0.0014805763
-0.0010579635
-0.00049183743
0.00038545441
-0.0004108878
-7.8315118e-05
-0.00077209794
-7.1005225e-05
-0.00050001607
0.00010303106
-0.002705222
-0.0020052401
-0.0017002052
-0.0032349133
-0.0049198728
-0.003750019
-0.0017831882
-0.0069410173
-0.010873632
-0.0092356693
-0.011561089
-0.01457141
-0.017493253
-0.019072672
-0.021214109
-0.020425464
-0.023073619
-0.024454056
-0.018504194
-0.016588527
-0.016520056
-0.020292276
-0.019155612
-0.019942947
-0.024632157
-0.029329915
-0.029752254
-0.031456026
-0.02998151
-0.030406525
-0.034767082
-0.039471142
-0.045615568
-0.046095552
-0.046731766
-0.04877338
-0.048457115
-0.04735063
-0.047887633
-0.050840817
-0.049334338
-0.043683363
-0.042235106
-0.03770269
-0.033537037
-0.029612517
-0.024558216
-0.019294797
-0.0090910219
0.00038448229
0.006925352
0.012150982
0.014607212
0.015747474
0.017505195
0.026008962
0.035660299
0.034714729
0.0385752
0.044281341
0.043703034
0.044761705
0.046146077
0.046816156
0.046911527
0.048366745
0.051907538
0.050893445
0.051057285
0.049152774
0.046081097
0.045668265
0.043451151
0.04145871
0.035484708
0.031215174
0.031955192
0.029905918
0.024199762
0.019347588
0.013805112
0.0097938836
0.0076312912
0.0046324103
0.0021458762
0.0013414903
-0.00038877778
-0.00056469443
-0.00088999772
-0.0012936815
-0.0018523541
-0.0024228886
-0.002609664
-0.0023415956
-0.0025120039
-0.00046091087
0.0009789811
0.0025492398
0.0038346819
0.0047795087
0.0051095561
0.0056599646
0.0065064401
0.0073374388
0.0063236843
0.0057304685
0.0055515441
0.0048877637
0.0038006338
0.0036114655
0.0036664781
0.0059711732
0.0070511407
0.0078861896
0.010075388
0.0073541568
0.0067479517
0.002864039
0.002077541
0.0048340434
0.0085446286
0.010456641
0.0059145357
0.0032198623
0.0003600913
-0.00012177422
-0.0017278145
-0.007397715
-0.0099228043
-0.010769132
-0.010126531
-0.0077185751
-0.0046779616
-0.0023686993
-0.00096967192
-0.0013446746
-0.0013473029
-0.0017452525
-0.0018971305
-0.00090159495
-0.0014778487
-0.0016649309
-0.0022178297
-0.00254287
-0.0032596127
-0.0023730529
-0.0031306718
-0.0041231878
-0.0049206087
-0.0030993872
-0.0016824248
-0.0092053813
-0.01364782
-0.017412068
-0.020799355
-0.021508319
-0.02320314
-0.026890854
-0.028366223
-0.025414181
-0.024597912
-0.025006974
-0.022064354
-0.021693495
-0.022451001
-0.024837898
-0.026716688
-0.028300722
-0.034737194
-0.036343555
-0.039676384
-0.043205865
-0.044684112
-0.044979726
-0.04762518
-0.05289815
-0.056438446
-0.060628361
-0.061165691
-0.060554452
-0.059932243
-0.06049912
-0.060417469
-0.060501123
-0.057054786
-0.049228363
-0.046985311
-0.044498967
-0.042130769
-0.035950231
-0.029225761
-0.021778224
-0.015818765
-0.0072111222
-0.0016043719
0.0038155321
0.010191845
0.014514919
0.023340919
0.030130877
0.035951842
0.039230633
0.043364898
0.047977779
0.046537975
0.049711312
0.053992296
0.056743012
0.06031755
0.059844308
0.063102308
0.060964766
0.062091116
0.057763055
0.054015279
0.050449184
0.043649009
0.040905544
0.036373063
0.031815194
0.028663887
0.022564646
0.018282365
0.012051193
0.0069522144
0.0022636053
0.0022796422
-0.00077060564
-0.0026968157
-0.0012859882
-0.0042718847
-0.0040385474
-0.0061919555
-0.0056802764
-0.0041338542
-0.0055653711
-0.0048743745
-0.004387682
-0.0030632439
-0.000899197
0.00063991633
0.0020852553
0.0039410712
0.004436224
0.0032741514
0.0036840066
0.0041325787
0.004474176
0.0040370972
0.0039926526
0.0042000635
0.0038897476
0.0030974917
0.0026760479
0.0030113067
0.0043681021
0.004669458
0.0059627285
0.0042896922
0.0021700135
0.00010280321
0.00043425536
-0.00033753697
0.0030422628
0.0035473195
0.0028857774
0.0018895024
-0.00045820911
-0.0039093309
-0.0046624558
-0.0065785507
-0.011112288
-0.014612484
-0.015498597
-0.01273865
-0.0085547066
-0.00517715
-0.003921649
-0.0024007122
-0.0031764776
-0.0036014328
-0.0035511708
-0.0026446048
-0.0017232874
-0.001595074
-0.0027187079
-0.0031406458
-0.0030647483
-0.0043401711
-0.0037307916
-0.0031203993
-0.0041799863
-0.0058647441
-0.004162425
-0.0064936547
-0.012819252
-0.017277485
-0.020346658
-0.023144847
-0.024475646
-0.033722995
-0.035323628
-0.033514944
-0.024826136
-0.021581787
-0.019185557
-0.019152643
-0.020390761
-0.025025873
-0.029505956
-0.033681498
-0.038714536
-0.040594644
-0.043754435
-0.047607077
-0.049130072
-0.052129834
-0.054572638
-0.055729835
-0.058583132
-0.06020073
-0.064847991
-0.06576704
-0.067673813
-0.068447306
-0.069281397
-0.068853779
-0.062712968
-0.054403551
-0.045571686
-0.036215556
-0.032215446
-0.03420615
-0.036612306
-0.031983954
-0.019758463
-0.012782363
-0.0044951998
-0.0020754157
0.0060071244
0.011686594
0.0187462
0.02472608
0.027901338
0.026587745
0.02241492
0.031803346
0.041143961
0.043841047
0.050054494
0.055782445
0.054316936
0.058088582
0.06042686
0.062307314
0.062120126
0.059428103
0.05559421
0.051341166
0.047685741
0.041424822
0.03462465
0.029064433
0.025803311
0.020770025
0.014590338
0.009240831
0.0050958048
0.00057484852
-0.0010418291
-0.0034312285
-0.0055191947
-0.0063762034
-0.0084469581
-0.0081803362
-0.0080762487
-0.0063532345
-0.0054951267
-0.0045027251
-0.0054723805
-0.0064444629
-0.0067783621
-0.005226987
-0.0035989072
-0.00074442379
0.0014209257
0.0025675828
0.0025920238
0.0024906712
0.0020227177
0.0022696689
0.0018933171
0.0033283493
0.0033147998
0.0034948017
0.004291491
0.0046556464
0.0044761195
0.0042440924
0.0043796684
0.0066198851
0.00024313154
-0.0027075859
-0.0016282578
-0.001235792
0.00010082851
0.0009707933
0.0044029235
0.0042081855
0.0029223442
0.00032870903
-0.0015067669
-0.0040464568
-0.0063361458
-0.0070683603
-0.012461701
-0.014441149
-0.018080993
-0.01373496
-0.0080363709
-0.0052980792
-0.0052452484
-0.0054883288
-0.0056149315
-0.005839748
-0.0055969297
-0.0040823938
-0.0026663715
-0.0022361073
-0.0027743184
-0.0041061815
-0.0049556379
-0.0041862369
-0.0052834168
-0.0072111622
-0.009133035
-0.0087182062
-0.0077975054
-0.010142272
-0.01546371
-0.01804673
-0.021269977
-0.025177725
-0.029508986
-0.03657821
-0.039595666
-0.039036316
-0.027905477
-0.018452843
-0.017019096
-0.017817115
-0.020296128
-0.023548457
-0.030417808
-0.034865921
-0.036706336
-0.038927713
-0.043048544
-0.048255858
-0.052619714
-0.054451014
-0.05612503
-0.058306887
-0.060425068
-0.063335031
-0.062235117
-0.06536862
-0.068768844
-0.070179766
-0.069818024
-0.066716471
-0.056087474
-0.044647361
-0.032250942
-0.029557241
-0.027236784
-0.026640579
-0.023133033
-0.016481845
-0.0094194774
-0.0062753212
-0.0071712676
0.00099147016
0.0087773381
0.01669094
0.024037175
0.024572604
0.021606214
0.019536867
0.019308502
0.032500216
0.039798116
0.042659719
0.043426375
0.044307451
0.05404138
0.057868532
0.058051184
0.057470529
0.058257774
0.054546357
0.05062371
0.043161766
0.037648502
0.033789126
0.030880618
0.021712035
0.018218802
0.013095379
0.0082350811
0.0056827307
0.0019314329
0.00058665576
-0.0015434236
-0.0049304265
-0.0053120712
-0.0073396318
-0.0071652115
-0.0065040134
-0.0073914526
-0.0054288172
-0.0043644841
-0.0034423899
-0.0053703768
-0.0060747016
-0.0049314189
-0.0040803033
-0.0027133158
-0.00059869671
0.0012027054
0.0025338272
0.0034127166
0.0031834978
0.0025993806
0.0026498692
0.0029523296
0.0026893878
0.0030792561
0.0041449949
0.0040911733
0.006790496
0.0079532136
0.0076425678
0.0067314738
0.0044718166
-0.0041779269
-0.0040210968
-0.0025070233
0.00052322826
0.0005657779
0.0038273999
0.0046949954
0.0070925382
0.0075711377
0.0022118851
-0.0028355333
-0.0074870058
-0.008677519
-0.0077619173
-0.012529175
-0.014062921
-0.017326334
-0.012671275
-0.0098078021
-0.0085517742
-0.0050746578
-0.0047415694
-0.0050752866
-0.0058011424
-0.006029544
-0.0055408509
-0.0038826096
-0.0039930919
-0.0020721729
-0.0036329596
-0.0048281664
-0.0036136457
-0.0051728305
-0.0091636335
-0.011013634
-0.010579582
-0.0081854328
-0.011442853
-0.011559599
-0.013092269
-0.01453561
-0.019103829
-0.023887012
-0.029895046
-0.038154395
-0.039190741
-0.026444968
-0.017362259
-0.014421663
-0.014579935
-0.014298402
-0.016551598
-0.019343846
-0.022795314
-0.026111964
-0.030985103
-0.03397481
-0.037561443
-0.042423977
-0.048786176
-0.052196642
-0.057816541
-0.060282714
-0.064137776
-0.06667045
-0.06576833
-0.066332299
-0.064861742
-0.06075004
-0.052798989
-0.039345204
-0.031349677
-0.027214136
-0.024259861
-0.022743213
-0.022609208
-0.021776837
-0.013679553
-0.014138532
-0.0090715615
-0.0031506129
-0.0033595674
0.0004360796
0.0068316716
0.0091537578
0.0055884516
0.0074072627
0.014978554
0.022722505
0.030126369
0.03677301
0.041344543
0.040839165
0.045546027
0.047446224
0.050509003
0.047772734
0.048658172
0.044755887
0.042636299
0.03989345
0.034443177
0.030903622
0.027131094
0.020427291
0.016458363
0.013901585
0.0085318876
0.0069793403
0.0046621411
0.0036827291
0.0019311389
0.00063400924
-0.0023180476
-0.0036636311
-0.0040127085
-0.004118589
-0.003628223
-0.0033389538
-0.0039740632
-0.0027024198
-0.0023699298
-0.0022936171
-0.0016669472
-0.0016670489
-0.00057497028
5.5284878e-05
0.00046864617
-0.00050742012
-0.0012322182
-0.00068725295
0.00066621525
0.00086583719
0.0014731769
0.0025789881
0.0031907977
0.0031115348
0.0044424965
0.0045224676
0.0037072789
0.0046010514
0.0059931243
0.0070976931
-0.00058073959
-0.0065864279
-0.00099100681
0.0017878025
0.0038453735
0.0041981611
0.0065736945
0.0095658886
0.0093440934
0.010267407
0.0045561787
-0.00048063315
-0.0036762658
-0.0058773909
-0.00620345
-0.012877576
-0.01609514
-0.012394569
-0.0071103676
-0.0047079839
-0.0037065195
-0.0041121427
-0.0021049868
-0.0030037438
-0.0026337708
-0.0039018965
-0.0038823464
-0.0024672556
-0.0023005178
-0.0016999965
-0.0032585036
-0.0042623847
-0.0063211925
-0.0079566844
-0.011676832
-0.013395702
-0.0090189849
-0.0074535086
-0.0077674798
-0.0096470582
-0.0096035761
-0.010010923
-0.014546144
-0.021280037
-0.0278547
-0.031553992
-0.034791859
-0.025263033
-0.01817745
-0.016586788
-0.015962287
-0.014708327
-0.013652231
-0.014207994
-0.016078227
-0.019569757
-0.02497361
-0.029691692
-0.034414074
-0.040525722
-0.045828372
-0.052009588
-0.055745872
-0.060584642
-0.063173161
-0.065233631
-0.066354418
-0.06756063
-0.065480548
-0.058555265
-0.049208112
-0.04169518
-0.038295863
-0.03834532
-0.030369936
-0.028995167
-0.025139997
-0.027894425
-0.019086863
-0.016125467
-0.015970425
-0.013728607
-0.012706941
-0.0069338042
-0.0058106803
-0.00080071042
0.0031922072
0.01017296
0.014765491
0.018615006
0.023942771
0.029086995
0.031525773
0.031975734
0.033788494
0.036775389
0.037293262
0.037081212
0.035485997
0.032882895
0.031226681
0.029629433
0.026573772
0.023694236
0.02020453
0.018697376
0.015444179
0.014414767
0.0097696671
0.0097532543
0.0078508394
0.0067479116
0.0050341414
0.0035655095
0.0014086458
-0.00024827827
-0.0005068951
-0.0011245203
-0.00058530941
0.00019597579
0.00071067067
0.00079268426
0.0017606516
0.0024037581
0.0018066291
0.0015717876
0.0028994506
0.0040012867
0.0032134464
0.0021392976
0.0020711173
0.0012755262
0.0011556073
0.0016324448
0.0014957929
0.0014070845
0.00098881149
0.0011787467
0.0018309533
0.0015052065
0.00024536042
0.00067615254
0.0028284303
0.0060406055
0.00061087599
-0.0043040535
-0.0012237135
0.0031801274
0.0059802416
0.0060846064
0.0080184844
0.0075572225
0.0057569899
0.0079533946
0.0037713948
-0.00074393814
-0.0015515492
-0.0027057915
-0.0048109777
-0.0053139276
-0.0041146584
-0.00082854073
0.0011350071
0.0012521707
0.00099853289
-0.00052205038
0.00067132175
1.6649687e-05
-0.0011394723
-0.0023599279
-0.0027496985
-0.0017129805
-0.0016655733
-0.0029073689
-0.0048638629
-0.006637696
-0.0085889749
-0.0088004371
-0.010601421
-0.013851762
-0.0085410422
-0.0083069422
-0.0086379045
-0.0081031664
-0.010482446
-0.010068496
-0.014243909
-0.019618787
-0.026510222
-0.032667997
-0.034053783
-0.025826784
-0.01934448
-0.018642715
-0.018075541
-0.015181477
-0.014702437
-0.015230759
-0.017500186
-0.020829809
-0.026237485
-0.032628878
-0.035237733
-0.041350576
-0.045652253
-0.049302168
-0.05344764
-0.057258964
-0.057858083
-0.063836922
-0.065229438
-0.06681207
-0.064210086
-0.056762089
-0.047017595
-0.042047701
-0.043880942
-0.036184013
-0.033887333
-0.031447843
-0.027067891
-0.027890414
-0.018165426
-0.017139113
-0.021525112
-0.021736126
-0.019500569
-0.015563734
-0.0098659351
-0.0042346607
-0.0027508977
0.0017814879
0.0035689732
0.0066585383
0.010814994
0.016794367
0.018867001
0.020528883
0.021533697
0.024468976
0.026004994
0.024964639
0.021490289
0.024729206
0.024650464
0.022539089
0.024079321
0.021355526
0.021320808
0.019536962
0.015362813
0.012864908
0.011961527
0.011091544
0.010572746
0.0092596306
0.007015759
0.0040330535
0.0029358814
0.0018981043
0.0017352991
0.0021661567
0.0016282635
0.0021560061
0.0020376052
0.0021516584
0.0027520441
0.0026872218
0.0024826411
0.0035002322
0.0039051416
0.0039239225
0.0027550259
0.0034645312
0.0035065391
0.0034535929
0.0023025144
0.001242494
0.0016279987
0.0021212918
0.0025650489
0.0034348418
0.0017648693
0.00085427925
0.00028962654
0.0013283729
0.0033465456
0.004735484
0.0031889097
0.00039214512
0.00013010931
0.004447457
0.0075167753
0.010337475
0.011416185
0.0068257911
0.0061908067
0.006288442
0.0051127468
0.0025817634
0.0034542357
0.0033801964
0.0019647447
0.0037679131
0.0052882429
0.0077853286
0.009826193
0.0095164021
0.0069842346
0.0084881346
0.0090233907
0.0086321014
0.007579531
0.0055279585
0.0042539826
0.0021995312
0.0035322228
0.00089017605
-0.0029418469
-0.0068792862
-0.0021021399
-0.0050261889
-0.0081001026
-0.011435274
-0.0088888992
-0.0081720428
-0.008711075
-0.010590185
-0.011566753
-0.012363431
-0.017673162
-0.019533622
-0.026793794
-0.033086187
-0.034758588
-0.029561675
-0.024163091
-0.023158078
-0.023105753
-0.020344593
-0.018218046
-0.018934433
-0.020251267
-0.020547585
-0.024254707
-0.030544833
-0.035342043
-0.039659969
-0.044107107
-0.047152398
-0.050994429
-0.0526268
-0.054627528
-0.056712184
-0.060744109
-0.061527559
-0.058233888
-0.050209721
-0.044744713
-0.041752023
-0.036730499
-0.032341192
-0.033064302
-0.028893715
-0.023554031
-0.018693636
-0.013169491
-0.014986639
-0.016824566
-0.015194416
-0.013122182
-0.0099994293
-0.007330964
-0.0045638054
-0.0012762463
0.00099418212
0.0018535308
0.0016205255
0.0044728897
0.0070491986
0.0074764013
0.0081899441
0.01283408
0.016504082
0.018288636
0.016262287
0.017110567
0.018296175
0.01686181
0.017328424
0.014729114
0.013638639
0.014314454
0.012873462
0.0087209533
0.0074509975
0.0069933631
0.0042159688
0.0042940375
0.0040324488
0.0019067765
3.2144485e-05
0.00018646311
-0.0017257737
-0.00089705916
0.00080553213
0.0015301725
0.0023699065
0.0021545344
0.0021178249
0.0031012345
0.0036062945
0.0044030689
0.0039590196
0.0055107425
0.006295051
0.0041478977
0.0040973396
0.0056163467
0.0041119729
0.0051503505
0.0056651225
0.0032068174
0.0020411635
0.0032224395
0.0046769976
0.0054201685
0.0057082244
0.0067241173
0.007393604
0.0072659307
0.0066143701
0.0042532777
0.0058210857
0.0086216868
0.0076485908
0.0096917564
0.010523783
0.012684895
0.010602728
0.0070977779
0.0065802006
0.0069314673
0.0060800784
0.0061927492
0.0061536548
0.0062007
0.0080212242
0.0091826492
0.01120301
0.010841244
0.011688232
0.013163045
0.013084071
0.013827805
0.013113746
0.012710014
0.011658422
0.0088121025
0.0059830435
0.0037450931
0.0036525799
0.0017715076
-0.00055383366
-7.5215745e-05
-0.0037535128
-0.0058677545
-0.0054946374
-0.0066705035
-0.0075633143
-0.0095834961
-0.012416503
-0.011707666
-0.013020586
-0.015765537
-0.017265333
-0.019083763
-0.021937716
-0.024404438
-0.023338913
-0.022874294
-0.024174621
-0.024259526
-0.023337083
-0.021436584
-0.020073622
-0.019212951
-0.01989122
-0.022171897
-0.025588777
-0.028410555
-0.032223331
-0.036761415
-0.040565524
-0.043982351
-0.04316719
-0.044095629
-0.04774928
-0.049671789
-0.050221146
-0.047379892
-0.041298051
-0.036055476
-0.030139714
-0.023646213
-0.021624126
-0.019059897
-0.016728597
-0.010333281
-0.0068792616
-0.0068098318
-0.0041303714
-0.0047838456
-0.0033511117
-0.0013905859
0.00050100957
0.0016553307
0.0022261763
0.0051128479
0.0082866116
0.010043921
0.010798418
0.011632289
0.013027384
0.013248149
0.013924504
0.014166267
0.013119144
0.015255529
0.015152612
0.014920945
0.014320216
0.012467807
0.011041005
0.0087730217
0.0062592124
0.0032259082
-2.4372699e-05
-0.0028212301
-0.0060488182
-0.0052309966
-0.0054729499
-0.0040436982
-0.0038372829
-0.0052128716
-0.005325053
-0.0053530777
-0.0014110245
-0.002123636
-0.0025564335
-0.0015669501
0.0031326977
0.0040887964
0.0063234178
0.0065084325
0.0070214155
0.006923359
0.0069575964
0.0074768983
0.008452923
0.0083461296
0.0087541637
0.010968471
0.0095416311
0.0088420055
0.0083614094
0.009373328
0.0066639968
0.0059876759
0.0072602113
0.0079763581
0.0084869497
0.0095628705
0.0083698883
0.0074122213
0.0062155746
0.0040074349
0.0040828896
0.01124403
0.013512367
0.01233586
0.01345911
0.012254547
0.01018627
0.0090274564
0.0092485192
0.008471985
0.0067711418
0.0065426639
0.0074559137
0.0075171746
0.008426303
0.0094414008
0.010316665
0.011152462
0.012545037
0.014121226
0.01491095
0.015104389
0.014455872
0.013544919
0.011642831
0.0088604487
0.0060545255
0.0031166014
0.0033345695
0.0020469035
0.00091955689
0.0021702578
0.001439262
0.0016299674
-0.00019941368
-0.0011417418
-0.0032145704
-0.0056414383
-0.0093839876
-0.010770461
-0.011348988
-0.010144517
-0.010792409
-0.011348665
-0.011940054
-0.012023636
-0.011217942
-0.014772177
-0.018501847
-0.020435999
-0.020834446
-0.018236542
-0.018389594
-0.016337014
-0.017026278
-0.018164437
-0.020960098
-0.02223443
-0.025133326
-0.028635036
-0.030878682
-0.031671278
-0.031774424
-0.032874472
-0.035443443
-0.035814279
-0.033839585
-0.031119132
-0.026806018
-0.020276218
-0.012196256
-0.010122519
-0.010323658
-0.0082783666
-0.0056399578
-0.0008963902
0.0041795537
0.0037075843
0.0047464561
0.0041264364
0.0066209761
0.0075921788
0.009587948
0.011817645
0.010753956
0.011596247
0.012106958
0.015961737
0.016316361
0.017673807
0.020347089
0.018944798
0.017865093
0.01972946
0.016953425
0.01675888
0.015853118
0.0150589
0.012804414
0.0087056546
0.0064614325
0.0037743331
-0.00013766174
-0.0025813247
-0.0029767405
-0.0059953897
-0.0075989794
-0.008355894
-0.0085777201
-0.0066228658
-0.005743363
-0.0057303214
-0.0032039779
-0.0021774318
-0.0009391519
0.00022287324
0.0010202667
0.0034843235
0.00621183
0.0078652967
0.0099015667
0.010971145
0.011209338
0.010710673
0.0088465085
0.0075942927
0.008393483
0.0094607109
0.012347915
0.015658636
0.016358944
0.014022995
0.012421077
0.011462866
0.0084239054
0.0069249411
0.0080526297
0.0073434983
0.0069974955
0.0073451301
0.0082543296
0.0055517151
0.0068081354
0.0088135761
0.009186682
0.010480771
0.011404481
0.012344967
0.011666505
0.010864285
0.0097380435
0.01012976
0.0095746645
0.010082995
0.0090350424
0.0084069212
0.0082256978
0.0090854758
0.0092830742
0.010349434
0.012104745
0.014083092
0.016757379
0.017454904
0.01893594
0.020699009
0.02051327
0.018404797
0.015822203
0.012743692
0.011940222
0.0071522421
0.0068712658
0.0051165995
0.0043574137
0.0076982617
0.0060369471
0.0041978154
0.0036569501
0.0041438014
0.0015600552
0.00070043872
-0.0012360452
-0.0034680729
-0.00516878
-0.0064275378
-0.0042687744
-0.0031248008
-0.0026692185
-0.0042974487
-0.00030589211
-0.0045473476
-0.010357024
-0.010478359
-0.010898502
-0.011466099
-0.011269823
-0.011106676
-0.011055978
-0.01182623
-0.013164319
-0.015050582
-0.0164574
-0.018970307
-0.01950785
-0.01908172
-0.02047338
-0.022495239
-0.022817937
-0.022860144
-0.019373665
-0.017635308
-0.014340594
-0.0093699706
-0.0027368861
-0.001831248
-0.0019311369
0.00057339102
0.0011445189
0.0059736037
0.0072262209
0.0077702072
0.0086780828
0.0097657847
0.012886026
0.014974068
0.014880177
0.015869967
0.016033457
0.014135752
0.014304173
0.016583857
0.017446991
0.017841413
0.018209705
0.017905281
0.017067579
0.017653127
0.015073614
0.014750313
0.013278406
0.010985128
0.0076406463
0.0044549741
0.00059423084
-0.0022453463
-0.00453347
-0.0065369226
-0.0086616356
-0.0098448428
-0.0092466111
-0.0092586254
-0.010256413
-0.0084854194
-0.0083743338
-0.0085452656
-0.0075045993
-0.0047128017
-0.0025231606
-0.00093866515
0.0010352006
0.0049579989
0.0073981689
0.0093507333
0.011370168
0.012368025
0.012429357
0.012713469
0.011944268
0.011404639
0.012848108
0.014123419
0.01673434
0.01804295
0.018213964
0.016343672
0.015473999
0.013103384
0.00945526
0.0083120047
0.0084878226
0.0085099191
0.0076574963
0.0086431081
0.0067821287
0.0054723409
0.0065939735
0.0073298226
0.007921177
0.0087815731
0.0095372709
0.0098400536
0.0098357067
0.0085556125
0.0083520405
0.0083845818
0.0086383782
0.0092374794
0.0097072326
0.0086455089
0.007462658
0.0080343867
0.0091462515
0.011064929
0.012606775
0.014883517
0.017428976
0.01996312
0.022438453
0.024836425
0.026126045
0.025636502
0.023880804
0.022494005
0.019984049
0.016700289
0.014402779
0.011380257
0.010008731
0.01206081
0.0094432388
0.0069183295
0.0056566845
0.0039684579
0.0037033276
0.00432074
0.0049202542
0.0027142919
0.0027377835
0.0017314101
0.0023810265
0.0031658193
0.0042972807
0.0031624969
0.0052872662
0.0021914193
0.0013909002
-0.0014537758
-0.0030290565
-0.0036158887
-0.0050177471
-0.005573246
-0.0063464738
-0.0054909798
-0.0062691307
-0.007073678
-0.0083969988
-0.0095018084
-0.009507677
-0.0088042409
-0.012313844
-0.01330063
-0.0132176
-0.012264685
-0.011176159
-0.0087368399
-0.0073859604
-0.0037143811
0.00010153947
0.0034877882
0.0023317677
0.0042977547
0.0065515958
0.0066551346
0.0080850868
0.008476763
0.009966368
0.012285423
0.014098334
0.01509485
0.015800268
0.015784358
0.016548199
0.014892827
0.014249241
0.014826332
0.014167172
0.014563677
0.014781127
0.014327638
0.013112422
0.012985759
0.010945879
0.0089810041
0.006331987
0.0036396646
0.00039775564
-0.0019967197
-0.0048660689
-0.0070810505
-0.0085334572
-0.0101007
-0.011083654
-0.012202594
-0.012366003
-0.012359508
-0.01340362
-0.013144791
-0.012404117
-0.011461463
-0.011045407
-0.0090451173
-0.0065549053
-0.0048705151
-0.00093185664
0.0028395988
0.0057991432
0.0079115027
0.010304887
0.01210918
0.013860385
0.013477074
0.012537149
0.012940612
0.013228825
0.01421036
0.016780959
0.018187138
0.01697462
0.016590193
0.014827639
0.013894995
0.01079324
0.0089124727
0.0067687852
0.0069549914
0.0063315639
0.0075561924
0.0085355602
0.00814003
0.0078933343
0.0080062186
0.0081338391
0.0073212488
0.0080900072
0.0075150422
0.0078094193
0.0084735336
0.007719058
0.0076821884
0.0088754651
0.0088423953
0.0086485637
0.0083348738
0.0077292434
0.0068783108
0.0069567194
0.0072270456
0.0087530982
0.010710314
0.014122724
0.017360851
0.020729613
0.023332815
0.0260304
0.028019233
0.029428389
0.029572549
0.027316081
0.024785361
0.021241637
0.018449598
0.015318938
0.017693412
0.01421824
0.013229487
0.010620002
0.0075295654
0.0073366013
0.0078704681
0.0079625562
0.0083592956
0.0077464115
0.0073776224
0.0075164842
0.0073513074
0.0083409335
0.0068173437
0.0076795108
0.0092169041
0.0084351704
0.006461169
0.0041136937
0.0015996774
0.00097750955
-0.00031352597
-0.00085310058
-0.0010958086
-0.00068529619
-0.0010110776
-0.0016447424
-0.0021918298
-0.0013039708
-0.0022052667
-0.0052152697
-0.0085804379
-0.0089237042
-0.008503829
-0.0084475702
-0.0060241378
-0.0050497159
-0.001970658
0.00020733858
0.002038199
0.0021501298
0.0039913012
0.0056974958
0.002968284
0.0030605099
0.004892184
0.0064264881
0.0093015597
0.010905333
0.01003681
0.012144058
0.01240225
0.011998488
0.012090352
0.01150517
0.011711644
0.010797343
0.010097894
0.0095664728
0.008344868
0.0069370042
0.0059497425
0.0050462401
0.0034658614
0.0019341148
1.1644695e-06
-0.0033209017
-0.0054427925
-0.007467158
-0.0089939133
-0.0095974865
-0.011240442
-0.012547886
-0.01325109
-0.013396776
-0.013016141
-0.013701507
-0.014644014
-0.013219241
-0.012003091
-0.010437335
-0.010008497
-0.0085186174
-0.0060631999
-0.0043818239
-0.0013324455
0.0023519447
0.0048170463
0.0062685748
0.0083888954
0.010277693
0.010250269
0.0093762119
0.0093563606
0.0090662774
0.010642142
0.013389368
0.015657173
0.016035037
0.015284431
0.013793058
0.013118512
0.010781251
0.0092378648
0.0067276463
0.0066702648
0.00678487
0.0078908875
0.009628382
0.009659495
0.0095422386
0.0091921506
0.0084416509
0.0085050675
0.0065827983
0.006026129
0.0063557816
0.0056119607
0.0067741211
0.0064415262
0.0064279903
0.0071187773
0.0070570573
0.0066549322
0.0054761221
0.0048054675
0.0052796504
0.0055177936
0.0061153646
0.0071508907
0.0093931832
0.011924887
0.014653844
0.017804249
0.021291018
0.024485657
0.026732763
0.029132627
0.030225787
0.028984932
0.026058805
0.023937428
0.021674298
0.021427698
0.019318778
0.017601914
0.015738543
0.014169681
0.01272677
0.012428147
0.012173745
0.011164629
0.0122527
0.011601388
0.012375415
0.012768504
0.012297228
0.011650981
0.011932973
0.014937219
0.013239137
0.011098763
0.0092861503
0.0072569698
0.0045228056
0.0018157621
0.0016394037
0.0006193425
0.00070417187
0.00077477212
0.00063622866
0.0014173233
0.0023958596
0.001264835
-0.00095091418
-0.0038967366
-0.0053214805
-0.0081660684
-0.0084475989
-0.0077879764
-0.005535488
-0.0034387263
-0.0028845039
-0.0020513311
-0.00122168
-0.001087252
-0.0015475046
-0.0019966659
-0.0029303324
-0.0013581513
0.00018285298
0.0032414376
0.0050051565
0.0043140182
0.0050821833
0.0063739604
0.0072033837
0.0070590811
0.0070512128
0.0078622602
0.0073599812
0.0065345626
0.0060138965
0.0044732121
0.0044939659
0.0040204197
0.0022957919
0.00045197078
-0.00059748211
-0.0016318478
-0.0036093104
-0.0056225359
-0.0069766577
-0.0074754704
-0.0086896704
-0.009216253
-0.010222966
-0.01114699
-0.011988156
-0.01174622
-0.012885886
-0.01249979
-0.012490674
-0.011822422
-0.0089430297
-0.0076227225
-0.0061247081
-0.0045690063
-0.0044463166
-0.0022215021
-0.00026774113
0.00064912553
0.0026636168
0.0056640034
0.0063056488
0.0065916575
0.0070921541
0.0067726621
0.0068956473
0.0068181929
0.0088729898
0.010175196
0.011479854
0.011982869
0.013321882
0.011276871
0.008741193
0.0093773579
0.0065358973
0.0053794978
0.0056977975
0.0069758133
0.0081669918
0.0068287346
0.0069941206
0.0078006023
0.007694461
0.0067269081
0.0058805128
0.0056821796
0.0053128903
0.0045492824
0.0049340745
0.005490095
0.0051270679
0.0053529021
0.005767206
0.0056996935
0.0047040215
0.0035086573
0.0039952883
0.0049018806
0.0056458112
0.005977866
0.0065242697
0.0083415227
0.0098859507
0.012240556
0.01498088
0.017473231
0.02044937
0.024285468
0.025713613
0.025432778
0.02542117
0.025966336
0.02424251
