0.001152835
0.0010590378
0.0014483019
0.0021938259
0.0024597643
0.0047871971
0.0080060463
0.0088617551
0.0044412287
0.00071512652
-0.0015129487
-0.0036547475
-0.007340273
-0.0084270701
-0.0075159673
-0.0068091376
-0.0032287576
-0.0023209485
0.0013565713
0.0016656846
1.672522e-05
-0.004003824
-0.0067328071
-0.0076498998
-0.011777247
-0.013016517
-0.014797497
-0.01508965
-0.013216468
-0.012207015
-0.012894749
-0.013974992
-0.015365084
-0.016769935
-0.017084607
-0.015788822
-0.016024062
-0.017496498
-0.017445488
-0.015927893
-0.014782014
-0.015273051
-0.015570368
-0.015260564
-0.014554282
-0.011906879
-0.0086473929
-0.0075569951
-0.0069653454
-0.0056629849
-0.0040378812
-0.0052622481
-0.0044346533
0.00062053355
0.0058509121
0.010499435
0.014497778
0.016367379
0.015006233
0.011538487
0.0088596736
0.009407702
0.009975441
0.01119206
0.013538326
0.012646453
0.012692972
0.012676025
0.013200227
0.01520829
0.018708036
0.021522571
0.024318394
0.027404058
0.028795184
0.03011804
0.030733485
0.030748335
0.029131906
0.026786988
0.026187759
0.025767174
0.025651777
0.02516146
0.024126183
0.018880056
0.015333849
0.011289957
0.011214039
0.0135556
0.014764182
0.014679949
0.01439145
0.01122572
0.0068083956
0.0038016473
0.0027394962
0.0020185178
0.0021890266
0.003609299
0.0043866373
0.0057438501
0.0061568984
0.0072612154
0.0080400547
0.0082740663
0.0082592955
0.0086637654
0.0080627569
0.0088439896
0.0092985831
0.0093406271
0.011013115
0.012191462
0.012782178
0.014285117
0.015916872
0.016056622
0.017492373
0.018613467
0.016078468
0.014574714
0.013923495
0.013149688
0.0090477522
0.0081836372
0.01084997
0.010127592
0.0064070022
0.0043033526
0.0021014133
0.00021623485
-0.0023759734
-0.0033832578
-0.0024987622
-0.001845375
-0.0014015202
-0.0007362243
-0.00039209665
0.0003988402
0.00041723735
0.00078153604
0.0011818328
0.0014222804
-0.00024587067
-0.00043912005
-0.00046025374
-0.00033968812
0.00031453329
0.0039361385
0.004971314
0.0021773285
-0.0013649671
-0.0058988521
-0.0092178001
-0.010118822
-0.010130136
-0.012658402
-0.01415112
-0.0097442332
-0.0089478807
-0.0055415046
-0.00094881365
-0.0004815683
-0.0033924434
-0.0077058882
-0.01029998
-0.008567576
-0.012839954
-0.017725064
-0.020332981
-0.018770197
-0.016587451
-0.017053282
-0.019824958
-0.022024177
-0.022821793
-0.023837924
-0.022423249
-0.020936795
-0.021067172
-0.022886583
-0.024182821
-0.023381275
-0.022710858
-0.022038514
-0.020243861
-0.018697665
-0.016065139
-0.010954994
-0.0077357422
-0.0044766058
0.00096427205
0.0031398217
0.0030377648
0.0029230608
0.0056527161
0.012030156
0.01698455
0.021764103
0.026107239
0.027293448
0.025645549
0.024290602
0.025159654
0.024725257
0.024569507
0.025346436
0.025720134
0.024766867
0.025896779
0.024012644
0.02487765
0.02652163
0.030010607
0.032115764
0.032716743
0.034117267
0.035357675
0.034987781
0.035153305
0.033854076
0.031779669
0.027799217
0.024657318
0.023504806
0.021128928
0.018730299
0.016462905
0.011979062
0.0092259142
0.0096689076
0.010215706
0.011101069
0.011830966
0.0097918959
0.0066375589
0.0038559263
0.0011715496
4.7628032e-05
0.00034500638
0.00025404887
0.0021304831
0.0038507537
0.0047441468
0.0062968358
0.0071639511
0.0072699027
0.0076467419
0.0077669168
0.0075780468
0.0073079007
0.0070769867
0.0081050988
0.0091024879
0.0097221456
0.011546541
0.013713605
0.015556589
0.01560166
0.01824856
0.020670406
0.022091762
0.018323066
0.016894772
0.017313632
0.012678077
0.010982606
0.0079878777
0.0065975424
0.0052676004
0.003690598
0.00016179491
-0.0026044659
-0.0046595078
-0.0041107567
-0.0046271244
-0.0049284484
-0.0034181404
-0.0025232869
-0.0017554135
-0.0016836066
-0.0014633491
-0.0015391785
-0.0010876024
-0.0014024131
-0.0011673548
-0.00057882643
-0.0035800416
-0.0031905531
-0.0034862335
-0.0037262801
-0.0049242465
-0.0018752015
-0.00093948377
-0.0045966403
-0.0063061384
-0.0077536326
-0.013131867
-0.016193504
-0.016175257
-0.014750994
-0.016183741
-0.017263013
-0.019204428
-0.016330347
-0.0097534923
-0.0047102833
-0.0071374712
-0.013266443
-0.014760243
-0.015155521
-0.01914248
-0.024134564
-0.025338665
-0.024122504
-0.021974885
-0.024032064
-0.028905788
-0.032981457
-0.036157484
-0.035521109
-0.03379399
-0.0316347
-0.032776145
-0.03358691
-0.033991856
-0.033968015
-0.033303389
-0.031506211
-0.027383622
-0.023097462
-0.018447568
-0.014642803
-0.0099941341
-0.0050988334
0.0049816746
0.01211384
0.012717853
0.01639495
0.018989942
0.019959318
0.025773687
0.033738756
0.040883003
0.03716578
0.03427008
0.03766526
0.038329571
0.040138821
0.037875312
0.03755858
0.038850939
0.039006301
0.040472814
0.039018057
0.039394476
0.03848461
0.038846657
0.040913781
0.041460858
0.040871687
0.038466108
0.034060482
0.033707155
0.032032483
0.029610598
0.024005975
0.021076363
0.017828774
0.014467706
0.009423379
0.0060836233
0.0051446576
0.0042039318
0.0037541653
0.0027664524
0.0033131272
0.002352007
9.9567126e-05
-0.0011327805
-0.0026240746
-0.0033263831
-0.0032697987
-0.0017433746
0.00068100721
0.002356323
0.0040012711
0.0056322295
0.006620384
0.0066691516
0.0060921889
0.0067110559
0.0064305217
0.005962432
0.0054429587
0.0053354787
0.0051154075
0.0063119266
0.0074755506
0.0097142493
0.0091288175
0.016404398
0.01814705
0.018752292
0.014804059
0.013497859
0.0096881807
0.012436422
0.014058398
0.0097876261
0.0058742195
0.0024628731
0.003300564
-0.0022991315
-0.0044911675
-0.0071138479
-0.0079045761
-0.0082975472
-0.0065065832
-0.006352003
-0.0039334295
-0.0036089748
-0.0030249517
-0.002872307
-0.0022367507
-0.0033212701
-0.003004126
-0.0035399889
-0.002935825
-0.0033388298
-0.002606561
-0.005744027
-0.0052605221
-0.0050458029
-0.0066721111
-0.0070833291
-0.0051807605
-0.0037063052
-0.009840976
-0.013710758
-0.013363316
-0.018024913
-0.020050246
-0.022530094
-0.02509018
-0.026035286
-0.024154235
-0.025100538
-0.023622345
-0.017320936
-0.014323539
-0.014924455
-0.018995842
-0.018653139
-0.020880053
-0.025586527
-0.029883723
-0.030183741
-0.031919844
-0.031860705
-0.032604166
-0.038309383
-0.04361293
-0.049270508
-0.048223904
-0.047474812
-0.048243788
-0.047414498
-0.046350064
-0.047426433
-0.049589109
-0.047427923
-0.041833757
-0.039371754
-0.034362157
-0.02947171
-0.025030329
-0.017752471
-0.010134667
0.0022876251
0.012619809
0.019060138
0.02487589
0.027411546
0.027018027
0.029538923
0.039929321
0.048164183
0.042980477
0.045529338
0.050983868
0.049656907
0.050937323
0.05178104
0.051841616
0.051654995
0.053546059
0.055766305
0.054746642
0.054177227
0.052342821
0.049363157
0.048605436
0.046833822
0.044958702
0.03823
0.033590597
0.032939559
0.02979406
0.024292872
0.018136688
0.01198377
0.0082987339
0.0038274196
-0.00048516171
-0.0028774626
-0.0039758878
-0.0053832482
-0.0056927657
-0.0059502128
-0.0063933399
-0.006072252
-0.0067530325
-0.0062589053
-0.0056528677
-0.0054407496
-0.0036560192
-0.0021261307
-0.00049030686
0.00073823631
0.0023333071
0.003295335
0.0039412334
0.0045511325
0.0052549649
0.0042928024
0.0037962643
0.003191207
0.0027790382
0.0019613553
0.0020651102
0.0024038863
0.0046775836
0.0057333787
0.0069089941
0.0094096277
0.006777079
0.0059941211
0.0026659392
0.0029276537
0.0034871144
0.0059852333
0.0053692718
0.00032866108
-0.0016456897
-0.0048245228
-0.0055041502
-0.0078461029
-0.012457941
-0.013661765
-0.013756471
-0.011373258
-0.0087432813
-0.0062003307
-0.0039508031
-0.0032525045
-0.0034880519
-0.0035982748
-0.0046171753
-0.0048793174
-0.0039909102
-0.0047516887
-0.0050139347
-0.0054799919
-0.0058669285
-0.0072189098
-0.0062743926
-0.0068214118
-0.0073943109
-0.0075822428
-0.0053423397
-0.0066809289
-0.015510277
-0.020233325
-0.022781881
-0.024869074
-0.02630833
-0.028435162
-0.03343359
-0.033637818
-0.028516881
-0.027304225
-0.025019048
-0.02084296
-0.020412138
-0.021776936
-0.025744201
-0.027628807
-0.029726587
-0.034846591
-0.035348232
-0.03840331
-0.041359562
-0.043939122
-0.044879344
-0.048914468
-0.053175877
-0.057165811
-0.061787705
-0.061150684
-0.059164432
-0.058415917
-0.058580079
-0.058253417
-0.057572944
-0.053720639
-0.046000987
-0.044857406
-0.04174999
-0.037507327
-0.029088959
-0.019856999
-0.011272072
-0.0051999522
0.0041594323
0.010645082
0.018052155
0.026698041
0.03115931
0.039567871
0.045858624
0.048319921
0.049138065
0.051473766
0.054171386
0.053248847
0.056827582
0.060394668
0.061830375
0.064062905
0.064094753
0.066088177
0.064422972
0.064388002
0.05946676
0.05594415
0.05266235
0.046314909
0.041780941
0.037449215
0.030931353
0.027803371
0.020495233
0.014958815
0.0066213329
0.0005670376
-0.0027082509
-0.0044037743
-0.0074121248
-0.0082568924
-0.0064629572
-0.0099081955
-0.010247834
-0.011251554
-0.010094761
-0.0093730481
-0.0093760227
-0.0078060137
-0.0071326988
-0.0051520221
-0.0032295198
-0.0019464551
-0.00059320231
0.0011297806
0.0017325144
0.0015078591
0.0016956064
0.0021428344
0.0023650305
0.0021074676
0.0016857418
0.0018121853
0.0013658683
0.00064224994
0.00027137425
0.00021687534
0.0010556113
0.001072092
0.0023033275
0.0019625372
-0.00016874772
-0.00091893264
-0.0013527437
-0.0017677911
-0.00034163517
-0.00056539359
-0.0020690401
-0.0027394288
-0.0048558102
-0.0083585138
-0.0090140961
-0.011142375
-0.014787427
-0.017214613
-0.017079221
-0.013751984
-0.0096901725
-0.0065374787
-0.0055841407
-0.00453306
-0.0054457953
-0.0059804296
-0.0060385067
-0.0053849551
-0.0052161829
-0.0056182899
-0.0064352602
-0.0069311624
-0.0066545377
-0.0082548561
-0.0082184988
-0.0068516836
-0.007593203
-0.0081631301
-0.0087872409
-0.013758404
-0.021151948
-0.024717731
-0.025654786
-0.027333143
-0.02881349
-0.037664683
-0.038720718
-0.036654443
-0.026972525
-0.023411904
-0.018371907
-0.01921597
-0.020451121
-0.026235135
-0.03132256
-0.035274709
-0.039710563
-0.04038693
-0.042805081
-0.046225835
-0.046488193
-0.049498763
-0.05227461
-0.05291178
-0.054876472
-0.056412976
-0.061435784
-0.062652887
-0.062320998
-0.062115514
-0.063302911
-0.061842491
-0.055432334
-0.046571267
-0.037249488
-0.027349285
-0.024373041
-0.026436644
-0.027560248
-0.019667769
-0.0061396906
0.001900924
0.0092869046
0.012292164
0.023147955
0.027831919
0.036057473
0.039772293
0.039938336
0.034945907
0.031266287
0.039756732
0.047467546
0.051477444
0.057536526
0.06139738
0.058439631
0.062927448
0.06546929
0.066069776
0.064320814
0.060704895
0.056476097
0.052287285
0.047952198
0.041753182
0.03429694
0.02732328
0.022809936
0.017835288
0.010758342
0.0049514615
-0.00035364921
-0.0065976837
-0.0085744186
-0.010945807
-0.011623867
-0.012551773
-0.013192852
-0.012876378
-0.01253378
-0.010874929
-0.010110828
-0.0085270035
-0.0091722344
-0.0088205416
-0.0086720835
-0.0068630401
-0.0053806238
-0.0030846644
-0.00094037756
0.0001013188
-2.8121987e-05
-9.0586918e-05
-0.00043403773
4.2846268e-05
0.00010650824
0.0011888716
0.000965751
0.0014231866
0.0019650428
0.001850902
0.0013075173
0.00035182276
0.00023394231
0.0013963722
-0.00414396
-0.005908721
-0.0041614072
-0.0034913629
-0.0016572138
-0.00039196626
0.0015237307
0.00069884968
-0.0018274349
-0.0046057753
-0.006419616
-0.0075452304
-0.0094769914
-0.011063648
-0.015741442
-0.018411443
-0.021155023
-0.015655752
-0.010558758
-0.0075592094
-0.0078021832
-0.0078190686
-0.0085248312
-0.0078209386
-0.0079103078
-0.0069065286
-0.0068156247
-0.0064938115
-0.007112866
-0.0075306297
-0.0087377013
-0.0076703532
-0.009464769
-0.010380833
-0.01170531
-0.011676984
-0.012469995
-0.017864695
-0.023417149
-0.024353214
-0.026749124
-0.028147431
-0.032679241
-0.039434817
-0.042006051
-0.040346251
-0.028065204
-0.018861591
-0.015223632
-0.016326605
-0.019478335
-0.024495453
-0.03149986
-0.035209166
-0.036469591
-0.038136966
-0.041996091
-0.04524089
-0.04826984
-0.049089629
-0.050624325
-0.052205769
-0.053539911
-0.055320414
-0.055384284
-0.059876272
-0.060943041
-0.06071946
-0.059304136
-0.054829867
-0.042990108
-0.031520596
-0.019245747
-0.016583429
-0.014412727
-0.013497299
-0.0078016204
-0.0001422122
0.0083665771
0.0085515147
0.007422697
0.019388968
0.027071799
0.033146663
0.038528291
0.035622813
0.032764387
0.029582263
0.02888905
0.041104753
0.046945292
0.049295687
0.049389668
0.052065571
0.060548015
0.063178059
0.06272001
0.06103358
0.059285147
0.054728982
0.050091673
0.044057965
0.038396244
0.034091957
0.028423145
0.018866544
0.014630303
0.0093991928
0.0041391559
0.00084701577
-0.0042425082
-0.0060056883
-0.0086270883
-0.011468524
-0.011044317
-0.012707603
-0.011705268
-0.01112895
-0.011304141
-0.0091913075
-0.0082429897
-0.0071239191
-0.0082977225
-0.0080003874
-0.0065819493
-0.0053218479
-0.0038797567
-0.0022150332
-0.00063781668
0.00053575141
0.00080212023
0.00064597861
0.00036824414
0.00059643348
0.00053456028
0.00056641548
0.0011095938
0.0017309217
0.0018466567
0.0038190159
0.0041036038
0.0031292032
0.0015490815
-0.0012732739
-0.0088188345
-0.0075555895
-0.0036923583
-0.0011396656
-0.00035878291
0.0015882813
0.0025150504
0.0038438413
0.002479013
-0.0043039591
-0.0088405264
-0.012511061
-0.013213543
-0.012498295
-0.016386097
-0.019423955
-0.021500797
-0.014855769
-0.011644195
-0.0097758824
-0.0073597381
-0.0073516763
-0.0083226456
-0.0083213295
-0.0086475872
-0.0079351963
-0.0073454561
-0.007658112
-0.0061836472
-0.0075883022
-0.0081696738
-0.007415693
-0.0090107798
-0.012907512
-0.013988379
-0.013093606
-0.012350512
-0.016820127
-0.016379031
-0.016810965
-0.019546217
-0.022294725
-0.027507588
-0.034186595
-0.040697691
-0.038623749
-0.025059091
-0.016484591
-0.011990175
-0.012345193
-0.013181807
-0.016359067
-0.019842479
-0.022947716
-0.026453104
-0.02955362
-0.030747934
-0.035456005
-0.039324757
-0.044464217
-0.047473454
-0.052359175
-0.053533097
-0.057872378
-0.058476246
-0.057952118
-0.058738416
-0.056998822
-0.050538912
-0.041562999
-0.028784422
-0.020842102
-0.016106189
-0.012708463
-0.010377076
-0.0091625952
-0.0070670602
0.0012787929
0.00087593994
0.0046009518
0.012162187
0.013189279
0.01656489
0.020798861
0.021761777
0.016630161
0.018017546
0.024376309
0.032345804
0.038759324
0.044202387
0.048174402
0.047413208
0.051372771
0.052737829
0.054223009
0.051006965
0.050678267
0.045350005
0.04213137
0.039132018
0.033844051
0.029386747
0.025652268
0.017707672
0.012896557
0.0092001994
0.0047231293
0.0026633083
9.0077148e-05
-0.0014801142
-0.0037296115
-0.0051960329
-0.0067975398
-0.0074564119
-0.0073083491
-0.0074048278
-0.0067787373
-0.0063552915
-0.0066937801
-0.0055502082
-0.0050600488
-0.0047865074
-0.0038200486
-0.0035604264
-0.002042003
-0.0011931521
-0.00096782365
-0.0012794656
-0.0014457591
-0.00067950668
2.1652045e-05
-0.00044059599
0.00012724297
0.00060234648
0.0011574839
0.0014696964
0.0023035181
0.0017271568
0.001769631
0.0020834
0.0027231853
0.0030121726
-0.0047405695
-0.0094698606
-0.0022782636
-4.03742e-05
0.0028714937
0.0027982934
0.0041218806
0.006552529
0.0065239469
0.0033981043
-0.0027011451
-0.0070204668
-0.0090881831
-0.011077815
-0.012455849
-0.01813955
-0.020329862
-0.015313307
-0.010759339
-0.0081875609
-0.0069184419
-0.0070288261
-0.0051254396
-0.0059519857
-0.005948085
-0.0065534052
-0.0062812581
-0.0055731316
-0.0055225334
-0.0052265124
-0.0065427832
-0.0075503021
-0.0085458222
-0.0098479854
-0.014091075
-0.014007547
-0.010613073
-0.010662333
-0.011369287
-0.012703448
-0.012383741
-0.014690321
-0.019189593
-0.025380338
-0.030965583
-0.034534393
-0.033897632
-0.022872795
-0.016166039
-0.014115552
-0.0127084
-0.011430789
-0.010305381
-0.011136473
-0.013610222
-0.016859555
-0.02169226
-0.024936146
-0.029944007
-0.034687486
-0.039595304
-0.045419124
-0.048758662
-0.053368014
-0.05676155
-0.059377372
-0.060785208
-0.061192417
-0.058544544
-0.051127584
-0.041758269
-0.034597575
-0.030583346
-0.029519715
-0.021169279
-0.018509146
-0.014503518
-0.015198004
-0.0048509477
-0.0031906342
-0.0014050055
0.00051324115
0.0032184996
0.0074477276
0.0088509399
0.013851238
0.017307814
0.023426126
0.026063279
0.030366377
0.033974605
0.03724388
0.039763443
0.039785274
0.040623753
0.042375641
0.042285784
0.041463682
0.038304889
0.03466916
0.032341797
0.029913565
0.026984342
0.024041216
0.019807733
0.016958527
0.012835455
0.010678966
0.0055849088
0.0051054213
0.0027427299
0.0023102213
0.0011177485
0.00050824445
-0.00054470125
-0.0021758596
-0.0018841406
-0.0027164261
-0.0024609073
-0.0013959116
-0.0010057867
-0.0012217621
-0.00032655111
0.00035347009
-0.00040112921
-0.0001466544
0.0011481063
0.0016457355
0.0010959243
0.00095924766
0.0010670629
0.00079063413
0.00013001622
0.00022581988
0.00022149754
0.00029031282
-6.318257e-05
0.00044668247
0.00084936521
0.00024972417
-0.0003493474
-0.00026394228
0.0018394234
0.0038244816
-0.0018740128
-0.0057521286
-0.0021744905
0.0025928902
0.005253654
0.0052539906
0.0045236042
0.0036895273
0.0020594998
0.0020902443
-0.0011800427
-0.0049527727
-0.0066832393
-0.0085406119
-0.010741911
-0.010817917
-0.0088383432
-0.0049764583
-0.0029056821
-0.0018212105
-0.0021369187
-0.0035971659
-0.0023631812
-0.0020517281
-0.0029450098
-0.0037888776
-0.0045643084
-0.0036627103
-0.0037947862
-0.0050988203
-0.0064429877
-0.0086080997
-0.0088640922
-0.0081420242
-0.011183058
-0.012438395
-0.0084859555
-0.01013323
-0.010127061
-0.011037028
-0.013584
-0.013458678
-0.017889039
-0.02446196
-0.030623729
-0.034849974
-0.0329083
-0.024020943
-0.017788608
-0.016652992
-0.014819768
-0.01237183
-0.011234534
-0.011102923
-0.013222905
-0.015816347
-0.021002726
-0.026084769
-0.028993272
-0.033599996
-0.036539378
-0.040166037
-0.043896427
-0.048522797
-0.049452865
-0.055917654
-0.058267838
-0.060177083
-0.05758237
-0.051351681
-0.042857712
-0.037859065
-0.037233203
-0.028932673
-0.024711013
-0.021684679
-0.015370756
-0.01489256
-0.0045266313
-0.003599945
-0.0068523292
-0.0055338014
-0.0016741627
0.0005482077
0.0058497845
0.010529074
0.011741824
0.015326515
0.016368641
0.019965275
0.023202776
0.02654498
0.02795712
0.028046947
0.027259481
0.030578805
0.029571723
0.028375015
0.026091149
0.028498427
0.026901941
0.025725461
0.026339399
0.022496914
0.021346489
0.018093071
0.013032749
0.0099062384
0.0082710344
0.0070428489
0.0061469135
0.0059479472
0.0047769021
0.0026479368
0.002317713
0.0010309095
0.001249761
0.0013626939
0.00064718164
0.0015955525
0.0018419153
0.0014261193
0.0015816423
0.0015647835
0.00096180355
0.0016747612
0.0022970267
0.0023213132
0.00084707971
0.0023931572
0.002468199
0.0024679721
0.0013898679
0.0007449158
0.00099855928
0.0017477698
0.0018130117
0.0020642177
0.0010374616
0.00066622754
0.00077023546
0.0016638823
0.0030273019
0.0036174804
0.0011807297
-0.00052384677
-0.0011934266
0.004711936
0.0068813702
0.0081839789
0.008038246
0.002839192
0.0011492945
0.0020313184
0.0014305798
-0.00053254434
-0.0014778901
-0.0027139126
-0.0034570957
-0.00048330451
0.0010334899
0.0039512022
0.0060086071
0.0047983678
0.0024838228
0.0038754564
0.0046538238
0.0037237477
0.0027983257
0.0023767739
0.00050021483
-0.0018616764
0.00054985343
-0.0021692143
-0.004816162
-0.0078350895
-0.0040418676
-0.0062176098
-0.0096311369
-0.01143781
-0.010158423
-0.010728328
-0.011754482
-0.014254604
-0.014830847
-0.01680635
-0.020616276
-0.02366751
-0.030045075
-0.034695691
-0.035437745
-0.02979821
-0.024281147
-0.021711688
-0.019596407
-0.01686962
-0.015114895
-0.014467714
-0.014846952
-0.015565179
-0.019489361
-0.023970747
-0.028259139
-0.032581134
-0.03600269
-0.038665109
-0.040891188
-0.043836605
-0.047460999
-0.047805313
-0.052108536
-0.053359992
-0.050319019
-0.045888739
-0.040905423
-0.037234468
-0.032099582
-0.027699765
-0.025906406
-0.018486386
-0.01142778
-0.004901335
-0.00022886539
-0.0015903832
-0.0020048274
-0.0012227826
0.0019232911
0.0059363804
0.0090404495
0.010762027
0.012191343
0.014087053
0.014762621
0.013926561
0.016547818
0.017648484
0.017397577
0.01666022
0.019819465
0.021636086
0.022690858
0.02053623
0.021522601
0.021859715
0.020309931
0.020220706
0.019267527
0.017956064
0.01570826
0.013956401
0.0092922804
0.0061634157
0.0047816234
0.0021359568
0.002514673
0.0024786943
0.001779698
0.00044949602
-0.00035497705
-0.0012641884
0.00023672612
0.0010668841
0.0015618343
0.0022878043
0.001936665
0.002043014
0.0019827881
0.002930259
0.0033004228
0.0039099165
0.0046323195
0.004167939
0.0026445788
0.0035759978
0.0051055786
0.0041372373
0.0045728183
0.0052008892
0.0040110322
0.0031036698
0.0039933216
0.0047266635
0.0049577178
0.0055596627
0.0057455307
0.0067088546
0.0057036601
0.0034113309
0.0018943962
0.004729816
0.0057396298
0.0054887945
0.0070228368
0.0080111503
0.0096548866
0.0063869601
0.0027224273
0.0024459302
0.0035026653
0.0032200914
0.0027212137
0.0026974076
0.0031028096
0.0048729107
0.0067564804
0.0081479316
0.0076916413
0.0084300694
0.0093587848
0.0082110001
0.0080924792
0.008529166
0.0078664399
0.0069340873
0.0036791803
0.00062239888
9.7290312e-05
-0.00028346428
-0.0020530795
-0.0029895567
-0.0041923483
-0.0071539386
-0.007467182
-0.0075342396
-0.010346296
-0.010939704
-0.012393768
-0.014293872
-0.01346207
-0.015440822
-0.01735696
-0.018424498
-0.019609783
-0.022077782
-0.024534928
-0.024960934
-0.023824863
-0.023159327
-0.02115614
-0.019022042
-0.017077703
-0.016362739
-0.016393243
-0.017055176
-0.018114449
-0.020613435
-0.02339286
-0.026636416
-0.030355294
-0.033951431
-0.036465614
-0.035894026
-0.03702215
-0.037315156
-0.040727621
-0.041518376
-0.039324213
-0.035503173
-0.031479295
-0.025711723
-0.019699416
-0.017487634
-0.014412292
-0.010125981
0.00031055394
0.0049554549
0.0044601834
0.0076829392
0.0069415906
0.0085319275
0.010478041
0.014688715
0.015275659
0.014486931
0.017429507
0.018934188
0.019651222
0.019942208
0.020152387
0.020410725
0.020453843
0.019398543
0.018215534
0.018293458
0.019275727
0.018525089
0.018515882
0.017167713
0.014993805
0.014245198
0.011325185
0.0083141532
0.0029638889
-0.00056907132
-0.0038384393
-0.0074141946
-0.0067130334
-0.0067139577
-0.0047614624
-0.0052722477
-0.0064321466
-0.0060600886
-0.0049579221
-0.0021480751
-0.0018405644
-0.0019640929
-0.00046696749
0.003458859
0.0034546796
0.0055305001
0.0061711939
0.008354342
0.0087966371
0.0087798035
0.0098279344
0.011172067
0.011313385
0.012042047
0.013122068
0.011345526
0.010362786
0.0092712438
0.0097748232
0.007816234
0.0081831649
0.0082471626
0.0085349771
0.0089392905
0.0087572255
0.0070072515
0.005576489
0.0033897836
0.0031844104
0.0050550605
0.01073612
0.010879664
0.0096739203
0.0095258224
0.0087467466
0.0068808033
0.0057287411
0.0054892583
0.005256538
0.0042271476
0.0041791774
0.0056036255
0.0058696059
0.0078105027
0.0094600552
0.0097552942
0.010280203
0.011079514
0.012162179
0.011830131
0.011081611
0.010114964
0.0090187445
0.0070861156
0.0039078827
0.0012566494
-0.0012039377
-0.0014316827
-0.0031631537
-0.0033518771
-0.0024282694
-0.0032289205
-0.0026321089
-0.0036232297
-0.0039148575
-0.005018245
-0.0081421238
-0.0099250524
-0.0099799713
-0.0099554105
-0.0094115
-0.010293245
-0.010210998
-0.010754463
-0.010771817
-0.013942179
-0.018310716
-0.01975529
-0.019174903
-0.016682151
-0.014140144
-0.014384441
-0.0132053
-0.014312315
-0.01515833
-0.016521016
-0.01834364
-0.019882822
-0.022277074
-0.024667546
-0.025846471
-0.025399098
-0.025840793
-0.02696419
-0.026842748
-0.026075843
-0.024933733
-0.021601423
-0.017028564
-0.011601983
-0.0097571432
-0.0087698061
-0.0066084558
-0.0019844077
0.006129937
0.012328521
0.011654401
0.011911631
0.011903222
0.013288917
0.016054955
0.019685191
0.020569351
0.019529653
0.019209281
0.019276495
0.022477874
0.022982679
0.02425708
0.025217091
0.022387403
0.020907509
0.020956049
0.018513473
0.019480402
0.018130988
0.01725457
0.013916983
0.010043259
0.0077557257
0.0039302891
-0.00022279866
-0.003068563
-0.0049132978
-0.0087662916
-0.010678836
-0.011029772
-0.010415419
-0.0077100755
-0.0069693366
-0.0068624466
-0.0045967838
-0.0029188477
-0.0015309915
-0.00072857763
0.00024259249
0.0030092606
0.0054332334
0.00631085
0.0074075328
0.0094713973
0.009935383
0.010315131
0.0096943512
0.010503393
0.011475584
0.013202448
0.016134546
0.01761681
0.018143598
0.014499296
0.012061112
0.010374578
0.0074483988
0.0069585276
0.0082197665
0.0075233505
0.0074406722
0.0070425858
0.0076129396
0.00545953
0.0074683561
0.0089851146
0.010267844
0.0092874218
0.0094812349
0.010447095
0.0088259282
0.0087826921
0.0074850152
0.0076431406
0.0075119087
0.0086905488
0.0083607143
0.0081161128
0.0086719672
0.0097119758
0.0098239448
0.011746883
0.013399456
0.015223535
0.017260642
0.017086143
0.018166726
0.019144028
0.017626458
0.01477868
0.011437526
0.009921916
0.0083455763
0.003015679
0.0016208735
-0.00031740978
-0.00096364243
0.0029645434
0.00095213909
8.0851716e-05
0.00017804947
0.0014262688
-0.00061664211
-0.0012289845
-0.0019164586
-0.0024037374
-0.0035273971
-0.0041800383
-0.0028696664
-0.0019699
-0.0017305322
-0.0026430633
-0.0018486262
-0.0087094372
-0.012003637
-0.010867282
-0.010126799
-0.0097852563
-0.0087703921
-0.0085752457
-0.0084930471
-0.0094246026
-0.010180133
-0.011908174
-0.012716205
-0.013995064
-0.014287236
-0.015723259
-0.017187141
-0.01776882
-0.016763136
-0.016596591
-0.013350225
-0.012762214
-0.0097990818
-0.007597719
-0.0049503328
-0.0034535163
-0.0021803982
0.00097047467
0.0036405889
0.0095458486
0.011762064
0.012820219
0.012250982
0.012717836
0.015828403
0.018628439
0.019396452
0.020665407
0.020820244
0.018441568
0.018948487
0.021628621
0.023085868
0.022351449
0.021731641
0.020171127
0.019195203
0.018019482
0.015390061
0.014840253
0.013601045
0.011614056
0.0088644996
0.0056543611
0.00182052
-0.0015057338
-0.0046117073
-0.0061950183
-0.0084221545
-0.0099346927
-0.010234495
-0.01016258
-0.011298296
-0.0094285847
-0.008513551
-0.0079439477
-0.0071130998
-0.0040433134
-0.0025070289
-0.0012120198
0.0011684985
0.0039648958
0.0067769253
0.009447491
0.010193515
0.010779542
0.011315479
0.01251334
0.012334878
0.013749406
0.015027594
0.016397345
0.017689744
0.018877407
0.019407716
0.016182511
0.014077633
0.0097903544
0.0068661154
0.0067111397
0.0069159919
0.0070385474
0.0066490202
0.007080584
0.0061235332
0.0069547113
0.0089111189
0.0093803866
0.0094569756
0.0092553154
0.0091756023
0.00927778
0.0088875649
0.0081084403
0.0078027202
0.007929383
0.0088168187
0.0096830169
0.0098131401
0.0086785225
0.0085596318
0.0098254595
0.010944188
0.01316671
0.015134064
0.017344814
0.019886861
0.022074864
0.024086438
0.025447599
0.025365523
0.023676261
0.020503311
0.019163064
0.016895504
0.01342061
0.0097061737
0.0064140611
0.0049144689
0.0071935862
0.0045281592
0.0037178318
0.0024232418
0.0021684103
0.0019460647
0.0030593775
0.0037627911
0.0026830922
0.0037890283
0.002645479
0.0032819184
0.0038828892
0.0040302183
0.0026540035
0.0035085573
-0.00095969091
-0.0018106621
-0.0038350249
-0.0034917053
-0.0039296538
-0.0039171476
-0.0045256445
-0.0049177663
-0.0044153237
-0.0043260223
-0.0048550474
-0.0056448137
-0.0066302973
-0.0070334666
-0.0073618751
-0.0097402764
-0.010367127
-0.010350481
-0.0090177425
-0.0075235983
-0.0060482079
-0.0046087951
-0.0027440849
-0.0010669506
0.001137814
0.0011403925
0.0040451095
0.0068417066
0.0084961156
0.009851556
0.010385237
0.011453681
0.012805927
0.014343707
0.014953061
0.016154139
0.016910734
0.018023512
0.016429768
0.015907104
0.017239182
0.017054514
0.016840675
0.015585526
0.013749163
0.012076754
0.011756134
0.0097588633
0.0080753469
0.0063101821
0.0040116669
0.0015296639
-0.00067678221
-0.0033354235
-0.0053753799
-0.0069246726
-0.0084488542
-0.0099145831
-0.011217394
-0.011975195
-0.012179927
-0.013286957
-0.012524902
-0.011082679
-0.0088523359
-0.008034535
-0.0063133568
-0.0042348799
-0.0032455228
5.3557502e-05
0.0033358089
0.0066001315
0.008764954
0.010840774
0.012361969
0.012888229
0.012696645
0.01333456
0.014618363
0.015255031
0.016443871
0.018493055
0.019051724
0.017771588
0.015865668
0.012955913
0.011251228
0.008109668
0.0060152316
0.0052039409
0.0060049573
0.0051165968
0.006586995
0.0078563649
0.0087192935
0.0089752532
0.0092255537
0.0097540006
0.0082637777
0.0085857455
0.0079992268
0.008617458
0.0087750989
0.0073632581
0.0076929923
0.0084252626
0.0086691779
0.0084850629
0.0085706535
0.0082263791
0.0080406185
0.0080701428
0.0085799941
0.010621283
0.012744476
0.016471577
0.019957895
0.02344968
0.026440047
0.028188408
0.028401917
0.028394165
0.026780423
0.023658006
0.021462355
0.016157046
0.013525455
0.01015999
0.012851708
0.010324594
0.0095300796
0.0072565539
0.0050684745
0.004824168
0.0058122482
0.0064771183
0.006920679
0.006404386
0.0063452707
0.006123517
0.0063617259
0.0067465143
0.0053428277
0.0055318275
0.0059659575
0.0037790473
0.0021450463
0.00080010178
-0.00058098653
-0.00032533208
-0.0013356262
-0.001802153
-0.001962924
-0.00095237213
-0.0013590482
-0.0016544208
-0.0021959347
-0.0021679423
-0.0033996935
-0.005078141
-0.006835269
-0.0073215982
-0.0070134448
-0.0060865944
-0.0046849165
-0.0042095413
-0.002322505
-0.001359417
5.7013264e-06
0.00040877391
0.0026246778
0.0053785842
0.0043069329
0.005329586
0.0065192014
0.0073634203
0.0095470147
0.0099979777
0.0089790025
0.010248079
0.010613168
0.010800699
0.010789129
0.011108015
0.011085386
0.010168756
0.0097501698
0.0087309507
0.006812071
0.0048023032
0.0036584862
0.0025513316
0.0013087074
0.0003686706
-0.00075271137
-0.0029693049
-0.0045656687
-0.0063097883
-0.0073053024
-0.0083459493
-0.0099564692
-0.011515359
-0.012461841
-0.012710692
-0.011864295
-0.012990543
-0.013239891
-0.010963408
-0.0089639853
-0.0070879876
-0.0062712397
-0.0042572
-0.0024098983
-0.0010953751
0.001680007
0.0044605331
0.0060373197
0.0073182739
0.0087260695
0.010432986
0.01066286
0.010823587
0.010811571
0.01132871
0.013690969
0.015746635
0.016383546
0.016440887
0.015036039
0.013268407
0.01156355
0.008949657
0.0069392553
0.004965134
0.0061076593
0.0060903328
0.0069756492
0.0086549333
0.0091276424
0.0096017863
0.0091020151
0.0085806658
0.0087983937
0.0072439376
0.0070400007
0.0066864922
0.0061634706
0.0065895649
0.0058445684
0.0055987706
0.0061244124
0.0060450443
0.0061789534
0.0056111127
0.0055424922
0.0061276476
0.0062070577
0.00725904
0.0090097528
0.011109186
0.013754104
0.016942136
0.020790131
0.02464764
0.026895655
0.027446954
0.029255006
0.028750238
0.026135965
0.023037047
0.019306939
0.016673877
0.016471831
0.013864192
0.012524327
0.011675152
0.010957515
0.0097828901
0.0090246302
0.0095496726
0.0088966597
0.0098884604
0.0092224252
0.010150163
0.010466982
0.0099791958
0.0086074804
0.0088479556
0.009913129
0.0069454696
0.0050884024
0.0034718881
0.0024680101
0.00057429757
-0.0011460926
-0.001227027
-0.001913654
-0.0018626111
-0.0017293412
-0.0015312863
-0.001181247
-0.0010733448
-0.0019290878
-0.00282928
-0.0051212842
-0.005728381
-0.0071834394
-0.0072525253
-0.0062548976
-0.005636449
-0.0042231639
-0.0038291137
-0.0029776536
-0.0022808689
-0.0024295315
-0.0021567346
-0.00066327342
-0.00052870073
0.0014084994
0.0022419721
0.0042133074
0.0044000682
0.002982695
0.0033832575
0.0043300179
0.0053092221
0.0050615163
0.0052394806
0.0062922003
0.0055700326
0.0047387232
0.0037529058
0.0026844591
0.002145919
0.0010784979
-0.00074467347
-0.002186905
-0.0024354393
-0.0029771289
-0.0041279318
-0.0059143683
-0.0066540136
-0.0071734648
-0.0083403876
-0.0089966822
-0.010328188
-0.011064884
-0.011879092
-0.011849106
-0.012258964
-0.011352497
-0.010590941
-0.0083252173
-0.005373517
-0.004166176
-0.0027956473
-0.00081402548
-0.00080423577
0.0013189533
0.0022433405
0.002281658
0.0037531341
0.0062986015
0.0067022867
0.0068081513
0.0077337314
0.0075614468
0.0085922378
0.0094743553
0.011388181
0.011878436
0.012845027
0.012165829
0.013094182
0.0092263748
0.007107625
0.0069507407
0.0046416101
0.0048430636
0.0050396896
0.0060345831
0.006376248
0.0053182482
0.0060381789
0.0065284399
0.0060247449
0.0054851663
0.0047147536
0.0049501007
0.0049760117
0.0044887429
0.0047353171
0.004446005
0.0036227376
0.0036516694
0.0042145814
0.0044840116
0.0041742732
0.0032988334
0.0041405163
0.0048487513
0.005676212
0.0067553362
0.0080562851
0.0097641079
0.011253486
0.013936103
0.017300509
0.020136882
0.021900596
0.023795774
0.02401005
0.023170291
0.022705655
0.021745597
0.018940396
