0.0017085566
0.0014708206
0.001877322
0.0026633124
0.0029076746
0.0053008702
0.0084991918
0.0089285728
0.0050591505
0.0016394076
-0.00053192466
-0.0027450211
-0.0065109421
-0.0080035459
-0.006958222
-0.0061165994
-0.002942191
-0.0021833596
0.0017205032
0.0019916866
-0.00028893781
-0.0044699095
-0.007258313
-0.0075100058
-0.011442157
-0.012817599
-0.014488159
-0.014987414
-0.012878533
-0.011768201
-0.012721912
-0.013742313
-0.015124789
-0.016458288
-0.017100596
-0.015929063
-0.016264543
-0.017804091
-0.017754103
-0.016332454
-0.015319222
-0.016150311
-0.01647599
-0.01639997
-0.0162591
-0.014109933
-0.011335747
-0.010139917
-0.0096098836
-0.007772955
-0.005633214
-0.0063144368
-0.004979875
-3.1504322e-05
0.0055062172
0.01029003
0.014514751
0.016733316
0.015242644
0.011596165
0.0085830004
0.0087874553
0.0088881278
0.0096025956
0.011331917
0.010423306
0.010863953
0.011242027
0.012447959
0.014667107
0.01817161
0.020816193
0.02379664
0.026708827
0.027908625
0.029483542
0.030174012
0.030377327
0.0290711
0.026564605
0.025691145
0.024708463
0.024338493
0.023723418
0.023245791
0.018276716
0.015083953
0.01180062
0.011934108
0.01434786
0.015398597
0.015337763
0.014969657
0.011657615
0.0072059394
0.0044000883
0.0033729183
0.0025219025
0.0021954295
0.0037270665
0.0046076087
0.0058822941
0.0061934769
0.0073563621
0.008174057
0.0084572782
0.0083621639
0.0087428835
0.0080778837
0.0088269728
0.0092455196
0.0093344161
0.011003238
0.01215934
0.012434603
0.013686077
0.014898311
0.015130881
0.017078184
0.018506953
0.016026672
0.014076757
0.013569046
0.013124009
0.0090274632
0.0082745531
0.010911883
0.010799847
0.007408935
0.0051714304
0.0030207923
0.00069502221
-0.0020463589
-0.0032798258
-0.0023830328
-0.0017034537
-0.0012325826
-0.00061095796
-0.00017815565
0.00068802823
0.00082056587
0.0013299598
0.0018259541
0.0020262399
0.00021134713
4.2637436e-05
5.1113417e-05
0.00015569779
0.00053816691
0.0041757102
0.0050373951
0.0017409426
-0.0010754005
-0.0051067599
-0.0084523651
-0.0093899153
-0.0096816491
-0.012178975
-0.013595836
-0.0095275881
-0.0090883336
-0.0059693706
-0.00075417879
-0.00070338692
-0.0040794274
-0.0079949271
-0.010550049
-0.0082579505
-0.012061234
-0.017025686
-0.019671021
-0.01823041
-0.016142053
-0.016502171
-0.01927566
-0.02161095
-0.022248204
-0.023526493
-0.022564594
-0.021337167
-0.021584857
-0.023519796
-0.024911187
-0.02419009
-0.023664108
-0.023198316
-0.021270052
-0.019959326
-0.017826909
-0.012934287
-0.0099599696
-0.0067053247
-0.0012841727
0.0015562258
0.0020025829
0.0022763073
0.0052335433
0.0116334
0.016852334
0.021429749
0.025938286
0.027102726
0.025387137
0.023769443
0.024218792
0.023350299
0.023240421
0.023676235
0.023635882
0.022808226
0.024199815
0.022559505
0.024132766
0.026016295
0.029563014
0.031615493
0.032393723
0.03385162
0.035047588
0.034755631
0.035102025
0.033711572
0.031762204
0.027882458
0.024307537
0.023017125
0.020815865
0.018579686
0.016143634
0.012040739
0.0093281614
0.0096820108
0.010703021
0.012046673
0.012693016
0.010650385
0.0072527336
0.0041314319
0.0015428175
0.00070531252
0.00084679228
0.00064805844
0.0025128324
0.0041792627
0.0049444163
0.0065160918
0.00737511
0.0074750139
0.0078481535
0.0080050868
0.0076828912
0.0075445582
0.0071517246
0.008031249
0.009050421
0.0097150225
0.011473082
0.013458122
0.015068281
0.01468086
0.017056056
0.019860099
0.021334173
0.017557091
0.015825803
0.016882512
0.012365696
0.011066655
0.0082330318
0.0069682986
0.0061845424
0.0045729632
0.0010035538
-0.0017670191
-0.0041273377
-0.0038071567
-0.0041683257
-0.004697932
-0.0032438284
-0.002374108
-0.0015501675
-0.0013043604
-0.00095170586
-0.0010362439
-0.00059843986
-0.0008225271
-0.00054707237
-8.2901412e-05
-0.0029113752
-0.0025198323
-0.0028365627
-0.0030792551
-0.0044424343
-0.0020068581
-0.0012525125
-0.0050034086
-0.0061883943
-0.0072798308
-0.012237917
-0.015305998
-0.01546355
-0.013875795
-0.0156096
-0.016870658
-0.019716727
-0.017115928
-0.010408783
-0.005460241
-0.0080348489
-0.013863778
-0.015189457
-0.015203635
-0.018845978
-0.024007488
-0.025071227
-0.023936829
-0.021786637
-0.023439005
-0.0281346
-0.032290618
-0.035442685
-0.035037882
-0.033918945
-0.032339945
-0.033835402
-0.034723728
-0.03504297
-0.034895895
-0.034380805
-0.032373968
-0.028112287
-0.02400184
-0.019692172
-0.015986256
-0.011520901
-0.0069060212
0.0027563255
0.010206116
0.011577517
0.015706539
0.018456853
0.019704629
0.02540535
0.033025108
0.040051597
0.036796845
0.034165863
0.037163489
0.037345156
0.038851104
0.036530545
0.03588882
0.037358283
0.037415545
0.038998652
0.03738685
0.03819564
0.038142505
0.038401452
0.040371532
0.041431044
0.04110842
0.038660774
0.033726641
0.033665577
0.032311478
0.029778998
0.023960046
0.021220804
0.017768759
0.014933525
0.01015605
0.0068541496
0.00590183
0.0043744078
0.0041429491
0.003804987
0.0046158292
0.0034926828
0.0013612879
-0.00033993821
-0.0020080601
-0.0026990267
-0.0028376192
-0.0012670976
0.0010494959
0.0029069698
0.0044844478
0.0061024846
0.0070085149
0.007167616
0.0064824097
0.0071328962
0.0068061124
0.0063234615
0.0058613398
0.0056736612
0.0053521665
0.0064210447
0.0074429806
0.0097801408
0.0088123437
0.015711015
0.01759804
0.01802449
0.014084829
0.013042303
0.0089653043
0.011461133
0.013621537
0.0099897181
0.006778625
0.0031737824
0.0040303672
-0.0014194903
-0.0035017917
-0.0065024001
-0.0072649177
-0.0081555752
-0.006554431
-0.0064698999
-0.0041343764
-0.0036079317
-0.0028139639
-0.0024095923
-0.0016744808
-0.0026707451
-0.0023455065
-0.002918722
-0.0022647644
-0.0026920156
-0.0020245884
-0.0051460151
-0.0046835133
-0.0044604684
-0.0059677069
-0.0068228904
-0.0050189429
-0.0031637494
-0.0092706331
-0.013188256
-0.012440936
-0.016654085
-0.019079734
-0.021899221
-0.024182479
-0.025611761
-0.024175618
-0.025725963
-0.02475911
-0.018135705
-0.015211058
-0.015642432
-0.019756686
-0.019011837
-0.020891628
-0.025611957
-0.029707021
-0.029922714
-0.032004369
-0.031595703
-0.032031466
-0.037275541
-0.042454578
-0.048383583
-0.047558806
-0.047672482
-0.04904282
-0.048337704
-0.047332981
-0.048348391
-0.050536537
-0.048223214
-0.04253796
-0.040058972
-0.034975119
-0.030209708
-0.025740988
-0.019472595
-0.012379912
-0.00029759233
0.010129825
0.016921698
0.023031665
0.025842905
0.02598321
0.028035405
0.038046854
0.046754208
0.042661874
0.045565139
0.050791449
0.049315381
0.050026386
0.05052539
0.0505332
0.050438762
0.05204568
0.054724808
0.053620769
0.053104178
0.051301964
0.048520125
0.04823389
0.046947921
0.045144417
0.038131641
0.033544171
0.033287467
0.030560879
0.025100573
0.019022754
0.012643084
0.00872619
0.0052426165
0.00099546182
-0.001697754
-0.0029800432
-0.0045070014
-0.0046141808
-0.0047693152
-0.0051663762
-0.0050065959
-0.0057455646
-0.0055264648
-0.0050341228
-0.0048913665
-0.0029089602
-0.0013109538
0.00041135485
0.0017611554
0.0032396776
0.0038601755
0.004427551
0.0051151468
0.005868816
0.0048658357
0.0043339917
0.0039034344
0.0033945461
0.0024958293
0.0024727287
0.0026635174
0.0049695872
0.0060753401
0.0072716086
0.0094561649
0.0066489615
0.0058336558
0.0021483821
0.001787967
0.0032833209
0.0061151521
0.0057570857
0.00095941595
-0.0012930299
-0.0044359309
-0.0049469216
-0.0070414806
-0.011873306
-0.013400349
-0.014021621
-0.012049212
-0.0093738027
-0.0064595946
-0.0042132635
-0.0031391105
-0.0031660478
-0.003112648
-0.003888386
-0.0041244719
-0.0032572073
-0.0039164714
-0.0042400315
-0.0047561591
-0.0051881084
-0.0063625818
-0.0054020752
-0.0060604578
-0.0068042954
-0.0071066714
-0.0050358676
-0.0052687471
-0.014060759
-0.018902137
-0.022059691
-0.02441256
-0.025587474
-0.027770406
-0.032799465
-0.033268874
-0.028787622
-0.027598223
-0.025656746
-0.021396219
-0.020958404
-0.0219105
-0.025287338
-0.027415437
-0.0295946
-0.03485103
-0.035346404
-0.038411008
-0.041407641
-0.043582027
-0.044012365
-0.047991878
-0.052369499
-0.056064312
-0.060767204
-0.060642765
-0.05908603
-0.058692144
-0.059488942
-0.059471607
-0.058524221
-0.054622222
-0.046729986
-0.045416898
-0.042363075
-0.03873396
-0.031008103
-0.022309873
-0.013825185
-0.0076299677
0.0018523073
0.0081748691
0.01536955
0.023648262
0.028470467
0.036956446
0.043679403
0.047147973
0.048549804
0.051551784
0.054339291
0.053069769
0.056167866
0.059601978
0.061156539
0.063766211
0.063505884
0.06581048
0.063758114
0.063901759
0.059046399
0.055765697
0.052424706
0.046521106
0.042536044
0.037825328
0.032093362
0.028883417
0.02179948
0.016377837
0.0081465716
0.0018939682
-0.0017015279
-0.0028071946
-0.0059325482
-0.0072543299
-0.0053466844
-0.008701186
-0.0088827376
-0.010165224
-0.0090382118
-0.0080022008
-0.0084293668
-0.0071133169
-0.0064058392
-0.0045303706
-0.0024608697
-0.0010196214
0.00036684709
0.0021165977
0.0026197563
0.0020708986
0.0022991654
0.0028676672
0.0030878265
0.0027873682
0.0024385972
0.0024748231
0.0021084419
0.00133044
0.00089894875
0.00088127156
0.0017903821
0.0019589131
0.0032703031
0.0025519742
0.00022659765
-0.00078262632
-0.0012000224
-0.0020069106
7.0717707e-05
-0.00017753257
-0.0015544036
-0.0024517403
-0.0047369426
-0.0081743245
-0.0089386309
-0.010907801
-0.014632114
-0.017505575
-0.017593327
-0.014188222
-0.010000711
-0.0067172303
-0.0055434038
-0.0043584294
-0.0050577486
-0.0053633405
-0.0054409769
-0.0047201883
-0.0042741581
-0.00460198
-0.0056103249
-0.0060832602
-0.0059181016
-0.0074652757
-0.0072783397
-0.0060140302
-0.0068671679
-0.0075199747
-0.0076237459
-0.011748754
-0.019313953
-0.023220193
-0.024859145
-0.026908661
-0.028528683
-0.037653657
-0.038847122
-0.036761751
-0.02737086
-0.023673438
-0.018939771
-0.019437121
-0.020394641
-0.025799166
-0.030481094
-0.034763775
-0.039275994
-0.039920077
-0.042399403
-0.045953423
-0.046371925
-0.049274598
-0.051808598
-0.052552556
-0.054638826
-0.056156381
-0.061353029
-0.06261724
-0.062883658
-0.0628736
-0.06445599
-0.063491101
-0.057096374
-0.048491725
-0.039290415
-0.029544367
-0.026362371
-0.028662063
-0.030089445
-0.022682987
-0.0090327466
-0.0011646438
0.0067459424
0.0095833348
0.020035956
0.025039492
0.033346081
0.0377442
0.038704811
0.034672311
0.030865925
0.039986129
0.047935041
0.051334532
0.05695081
0.061122684
0.058384988
0.062685509
0.065136077
0.066075343
0.064372212
0.060857236
0.056637778
0.052429314
0.048547742
0.042214454
0.034942235
0.028167676
0.024393872
0.019171057
0.012106764
0.0062298602
0.0010485301
-0.0049991622
-0.0070345066
-0.0094024301
-0.010559483
-0.011420232
-0.012429519
-0.011980914
-0.011636523
-0.0098291449
-0.0089354353
-0.0074358588
-0.0081908117
-0.0082206174
-0.0081907251
-0.0063185832
-0.0047167669
-0.0020944062
2.0885428e-05
0.0010405788
0.0010071996
0.00096377941
0.00052757257
0.00096404383
0.00077693077
0.0020007246
0.0017317733
0.0019879363
0.0026201334
0.0026603171
0.0020636671
0.0013428785
0.0012164845
0.002628485
-0.0032045328
-0.0051267061
-0.0034042389
-0.0030509087
-0.0013307135
-0.0002340899
0.0019969942
0.0012702448
-0.0012052654
-0.0039374752
-0.0061573574
-0.0079557505
-0.0099204827
-0.011109003
-0.015879361
-0.018236797
-0.021089564
-0.01558802
-0.01003645
-0.0071116178
-0.0069719427
-0.0070764116
-0.0076448046
-0.0073474825
-0.0074087487
-0.0063074575
-0.0057952215
-0.0054767779
-0.0060767419
-0.0068092666
-0.0079814613
-0.0068853951
-0.0086466282
-0.0097767589
-0.010854941
-0.010556209
-0.010984371
-0.016091209
-0.021823149
-0.023248555
-0.025952913
-0.027879755
-0.032528558
-0.039805042
-0.04241517
-0.041034891
-0.028886077
-0.019329761
-0.016097911
-0.016741714
-0.019502667
-0.023914537
-0.031034307
-0.034928417
-0.036193791
-0.037922706
-0.041822376
-0.045418546
-0.048797073
-0.050040213
-0.051499299
-0.052838658
-0.054233242
-0.056347388
-0.056228592
-0.060371857
-0.061730585
-0.062073124
-0.061127628
-0.05723297
-0.045813087
-0.034343043
-0.022102198
-0.019048317
-0.016803802
-0.016376194
-0.010834036
-0.0036112081
0.0046900821
0.005797106
0.0051919389
0.016171017
0.02392597
0.030819764
0.036704889
0.034654289
0.031826286
0.028322517
0.027870513
0.040358696
0.046862138
0.049154598
0.049210133
0.051611724
0.060150898
0.062787938
0.062399025
0.061458984
0.06012039
0.055676516
0.051005973
0.044220099
0.038557549
0.034595829
0.029512263
0.019840711
0.016029283
0.010858844
0.0053286103
0.002396743
-0.0026117858
-0.0042445645
-0.0069415825
-0.010053074
-0.0098858112
-0.011638035
-0.01082268
-0.010078076
-0.010371296
-0.0083376582
-0.0072906502
-0.0061395858
-0.0075760972
-0.0075633875
-0.0060236415
-0.0049435425
-0.0033428006
-0.0014640973
2.1481357e-05
0.0013850443
0.0018381261
0.0017079422
0.0013826919
0.0015765103
0.0015387592
0.0014003651
0.0018125676
0.002356378
0.0025123535
0.0048474098
0.0054040683
0.0044846012
0.0030250691
0.00028576693
-0.0074946247
-0.0067212125
-0.0033237264
-0.00065838244
-0.00012888768
0.0019993787
0.0031223072
0.0047973326
0.0037067188
-0.0031870699
-0.008102773
-0.011869203
-0.012832385
-0.011982411
-0.016179742
-0.018613128
-0.020975614
-0.014273121
-0.011090575
-0.0095114059
-0.0065834695
-0.0063286494
-0.0072235514
-0.0076269969
-0.0081552238
-0.007459317
-0.006450659
-0.0065772022
-0.0051228887
-0.0065281503
-0.0073558522
-0.0067044655
-0.0079577947
-0.011980478
-0.01304393
-0.01202408
-0.011204494
-0.015735665
-0.015660542
-0.016280496
-0.018653084
-0.021821566
-0.026880748
-0.033830218
-0.040953119
-0.039473313
-0.026192465
-0.017327514
-0.012900664
-0.013116578
-0.013706465
-0.016623113
-0.019845719
-0.022749449
-0.026159627
-0.029729867
-0.031184346
-0.035658279
-0.039933494
-0.045427079
-0.048073509
-0.052832804
-0.054516867
-0.058688658
-0.059993594
-0.059458814
-0.060332542
-0.058256516
-0.052558849
-0.043912194
-0.030949322
-0.023155648
-0.01853283
-0.014890202
-0.012911734
-0.011497882
-0.0098680867
-0.0015535932
-0.0021731916
0.001795589
0.0092331046
0.0093083802
0.013214598
0.018043745
0.019637163
0.014898606
0.016353275
0.023037088
0.030896586
0.037437688
0.043448619
0.047479655
0.046937474
0.050987079
0.052543732
0.054417935
0.051217855
0.051204014
0.046184829
0.043549206
0.040286645
0.034890415
0.030372257
0.026552243
0.018997332
0.014510028
0.010940423
0.0062842008
0.0042216958
0.0016801392
0.00020031202
-0.0022095536
-0.0037757339
-0.0058772208
-0.0065864222
-0.0066390662
-0.0067171638
-0.0060207162
-0.0057032786
-0.0062126415
-0.0048789293
-0.0044504973
-0.0041633199
-0.0033234474
-0.0031886599
-0.0017507215
-0.00099093839
-0.00068924721
-0.0012863211
-0.001592268
-0.00079499907
0.0002881143
1.9872341e-05
0.00048558681
0.0011088401
0.0018283605
0.0020934603
0.0030537094
0.0026166977
0.0025146398
0.003108943
0.0039551476
0.0041844391
-0.0035662303
-0.0085974784
-0.0016141425
0.0006383622
0.0034673801
0.0035480494
0.0050747631
0.0077721511
0.0077257905
0.0055565462
-0.0010342272
-0.0056543032
-0.008154856
-0.01016309
-0.011438953
-0.017438132
-0.019714387
-0.014454853
-0.0096427183
-0.007304573
-0.0059960117
-0.0061188033
-0.0041209944
-0.005316693
-0.0053515953
-0.0060383673
-0.0057721481
-0.0048848125
-0.0048028315
-0.0044036118
-0.0058914862
-0.0068106923
-0.0085218323
-0.0098776259
-0.013790227
-0.013901462
-0.0097529081
-0.009675085
-0.010504952
-0.012276102
-0.011954928
-0.013561187
-0.018335608
-0.024966174
-0.030808053
-0.034359199
-0.034807464
-0.024149991
-0.017127675
-0.014851513
-0.013626291
-0.012403946
-0.011110941
-0.011794878
-0.013998431
-0.017273643
-0.02220918
-0.025686458
-0.030687833
-0.035629293
-0.040478064
-0.046121763
-0.049387086
-0.054239679
-0.057572875
-0.060042395
-0.061544121
-0.062279393
-0.060053854
-0.052906525
-0.0432414
-0.036159191
-0.032243898
-0.031617944
-0.023134177
-0.020841293
-0.01641707
-0.017939097
-0.0078120837
-0.005857619
-0.0046428304
-0.0024479735
-0.00044689824
0.0039230342
0.0053027089
0.010417923
0.014315201
0.020667259
0.023618107
0.027698446
0.031673121
0.035650032
0.038188798
0.038232332
0.039392943
0.041540727
0.041703152
0.040999938
0.038201125
0.035029322
0.033031148
0.030913981
0.027940771
0.024895818
0.020681673
0.018395122
0.014498285
0.01238611
0.0072862365
0.0071421759
0.0047064583
0.0038780163
0.0023607907
0.0014305429
-5.6425946e-05
-0.0016052074
-0.0014001199
-0.0021250151
-0.0018034635
-0.00073159937
-0.00043311214
-0.00053853927
0.00038842172
0.0009892308
0.00025103671
0.0003785614
0.0017099753
0.0024196882
0.0017481584
0.0012473992
0.0012548714
0.00081552882
0.00046302574
0.00076349777
0.00065263354
0.00059821737
0.00026414328
0.00073398964
0.0012180199
0.00071956289
-4.7074574e-05
0.00027753152
0.0024523915
0.0047679744
-0.00092691886
-0.0050885976
-0.0014838796
0.0034319472
0.0058588234
0.0062044061
0.006248777
0.005263215
0.003435217
0.003942697
0.00015904178
-0.0036966957
-0.0054819497
-0.0074920647
-0.0096721558
-0.0095986664
-0.0079796625
-0.0041564857
-0.002042717
-0.0012674144
-0.0015501239
-0.003159827
-0.001794737
-0.0016325777
-0.002776419
-0.0037555127
-0.0043880608
-0.0034333893
-0.0034854244
-0.0048411879
-0.0064979073
-0.0087977913
-0.010077747
-0.0092552052
-0.011775196
-0.013414287
-0.008611885
-0.0098198061
-0.010002141
-0.010503747
-0.01305937
-0.012922991
-0.01721849
-0.023545628
-0.030133411
-0.034946162
-0.034102958
-0.025228556
-0.018800277
-0.017372532
-0.015728929
-0.01322041
-0.012119042
-0.012085269
-0.014436173
-0.017186283
-0.022153739
-0.027172767
-0.029836468
-0.034648631
-0.037759036
-0.041558149
-0.045295813
-0.049678746
-0.050414426
-0.057193925
-0.059336947
-0.061408948
-0.059180674
-0.052471975
-0.043560328
-0.038531789
-0.038622064
-0.030051322
-0.026470094
-0.023710678
-0.017486968
-0.017464345
-0.0074195875
-0.0067476088
-0.010317917
-0.0094780893
-0.0063377591
-0.0035915452
0.0014648022
0.0065195192
0.0079041124
0.011675914
0.012785257
0.016445448
0.020104661
0.02428958
0.025758784
0.026172203
0.025964822
0.029263957
0.029032125
0.0277978
0.02508532
0.028257148
0.027462327
0.025829976
0.026687974
0.022951785
0.021908894
0.019048293
0.014171532
0.011292763
0.0099478559
0.0084298866
0.0076275544
0.0070074053
0.0053430138
0.0028844818
0.0024336522
0.0011165224
0.0014589444
0.0017556063
0.0011817213
0.001979877
0.0019861685
0.001737787
0.0020680985
0.0019647651
0.0015310828
0.0023567296
0.002905889
0.0030390289
0.001387724
0.0025804012
0.0027056332
0.0028272083
0.0017741629
0.0010059754
0.0013607788
0.0019793771
0.0021829255
0.0026902863
0.0012234554
0.00078819683
0.00092257813
0.0019398957
0.0036269037
0.004574815
0.0024281978
0.00034973477
-0.00040160128
0.0054736132
0.0079405542
0.0097874297
0.0098530371
0.0046898629
0.0030840338
0.0037506023
0.0028824723
0.00085004876
0.00028399254
-0.0010859124
-0.0021193952
0.0005653752
0.0020766577
0.0048279995
0.0065946927
0.0055757841
0.00305361
0.0042891388
0.0051798944
0.0045758249
0.0038289775
0.0025086179
0.0010123355
-0.0012725115
0.00092759664
-0.0019265001
-0.0051473298
-0.0087333087
-0.0047902824
-0.0067160708
-0.010060514
-0.012010834
-0.010328396
-0.010405969
-0.011339627
-0.013650446
-0.014685805
-0.016262048
-0.020002759
-0.022736318
-0.029567547
-0.034876066
-0.036193094
-0.03056103
-0.024917445
-0.022415394
-0.02089034
-0.018080776
-0.016373016
-0.01600085
-0.016640235
-0.01717666
-0.02042889
-0.024987856
-0.02938021
-0.033614272
-0.037210776
-0.040102282
-0.042640721
-0.044980976
-0.048037595
-0.048725791
-0.052951543
-0.054539785
-0.05173522
-0.046503116
-0.041778581
-0.038040146
-0.032651655
-0.028177868
-0.027234544
-0.020451937
-0.014030218
-0.0083153996
-0.0033677376
-0.0049036965
-0.005615482
-0.0047154086
-0.0019641917
0.0014825525
0.0040862938
0.0060934466
0.0081899472
0.010044355
0.010759098
0.010385247
0.013220402
0.01437405
0.01408977
0.014165583
0.018013702
0.020330391
0.021366264
0.019259968
0.020597738
0.021482363
0.020100875
0.01981206
0.018056576
0.016528904
0.014838682
0.013014998
0.0085747027
0.0059270814
0.0050308182
0.0026632086
0.0031694277
0.0029232721
0.0016579174
0.00014366044
-0.00021903903
-0.0016890436
-6.5374548e-05
0.0011580149
0.0017295375
0.002481178
0.0018138102
0.0019096169
0.0020892309
0.002841562
0.0036297746
0.0042645679
0.0053801777
0.0048965512
0.0028864736
0.0038176609
0.0054911606
0.0044091948
0.0050125061
0.0058046369
0.0040731438
0.0031775822
0.0041430841
0.0052016895
0.0055362707
0.0061573222
0.0067102875
0.0074976768
0.0069187525
0.004994159
0.0031618897
0.0057319728
0.007258434
0.0068791687
0.0086417345
0.0096219777
0.011580268
0.0082810247
0.0046411822
0.0040885306
0.0050771393
0.0044687438
0.0040980378
0.0038329064
0.0042159282
0.0056738916
0.0073647504
0.0090491648
0.0084583015
0.0089093706
0.0097746072
0.0091748436
0.0091167953
0.0091127101
0.0085596923
0.0073296334
0.004047024
0.0011112158
8.8424283e-05
-0.00024602167
-0.0021436521
-0.0036155034
-0.0042490514
-0.007507163
-0.0079833831
-0.0076893385
-0.010122857
-0.010745998
-0.012146611
-0.014328516
-0.013759841
-0.015294674
-0.017167276
-0.018514681
-0.019968257
-0.022742003
-0.025072188
-0.025231854
-0.024149455
-0.02388766
-0.02233423
-0.020497389
-0.018567462
-0.01767125
-0.017559634
-0.01816795
-0.019289909
-0.021589928
-0.023994526
-0.027006611
-0.030918296
-0.034555412
-0.03711777
-0.036175685
-0.037007335
-0.038144225
-0.041368202
-0.042538137
-0.040635539
-0.036800699
-0.032467439
-0.02618557
-0.020119008
-0.018409986
-0.015770903
-0.011871385
-0.0024817413
0.0015556792
0.0011132958
0.0044096446
0.0036784704
0.0053321272
0.0071745539
0.010730908
0.011192354
0.01087152
0.013719808
0.015607679
0.016567057
0.017174674
0.017462321
0.017894525
0.018108929
0.01787391
0.016996165
0.016429897
0.017762942
0.017361889
0.0174003
0.016561516
0.01458004
0.013381665
0.01045891
0.0072046343
0.0023117517
-0.0013500599
-0.0042964463
-0.0076201882
-0.0066511791
-0.0062482401
-0.0042480234
-0.0047894581
-0.0059413462
-0.0057384058
-0.0049483242
-0.0019836555
-0.0018818071
-0.0019473845
-0.00040435555
0.003798713
0.0040145788
0.0055919584
0.0059347125
0.007523313
0.0080343299
0.0083293967
0.0092863497
0.010448685
0.010535751
0.0111849
0.012443955
0.010709276
0.0099496811
0.0091054691
0.0097219111
0.0075521662
0.0076531173
0.0082106822
0.0085596643
0.0090557362
0.0092261697
0.0078964361
0.0066023874
0.0047938331
0.0037214886
0.0048841048
0.011496221
0.012297366
0.011352965
0.011412957
0.010311856
0.0081613154
0.0069203317
0.0068276056
0.0063487757
0.0050047319
0.0051593899
0.0062912481
0.0062767806
0.0079795719
0.0093736268
0.010009719
0.010555901
0.011331369
0.012415632
0.012441455
0.011617145
0.010673925
0.0095196105
0.0073861321
0.0044976716
0.0017490323
-0.00099902513
-0.0010922893
-0.0029492897
-0.0032293792
-0.0020938784
-0.0030814217
-0.0027256396
-0.0037639833
-0.0042110311
-0.0055071096
-0.0082548107
-0.010506673
-0.010803999
-0.011124249
-0.0099991342
-0.010984146
-0.011121029
-0.011401137
-0.011326244
-0.013548322
-0.017992192
-0.019856622
-0.019610056
-0.017942485
-0.01562377
-0.015641365
-0.014171647
-0.015009367
-0.015934418
-0.017328757
-0.018779657
-0.020211246
-0.022640747
-0.024862538
-0.025555836
-0.025113809
-0.025572559
-0.027160243
-0.027564728
-0.026873831
-0.025937147
-0.022859852
-0.017908494
-0.011682355
-0.0099166283
-0.0098827031
-0.0079818115
-0.0039478765
0.003453616
0.0093084053
0.0083158062
0.0088058946
0.009150692
0.011355508
0.013917565
0.016783449
0.017901673
0.01677061
0.016615759
0.017160666
0.02060233
0.021397924
0.022246683
0.02357714
0.021124762
0.019828895
0.020365372
0.017960862
0.018727568
0.017566654
0.016839198
0.013720728
0.0096903593
0.0072442782
0.0035846765
-0.00055268033
-0.0032582703
-0.0048463967
-0.0083049147
-0.0099904109
-0.0099675531
-0.0094978505
-0.0067703006
-0.0061302408
-0.0060159342
-0.0036489457
-0.0022736871
-0.0010736365
-5.9794548e-05
0.00082465519
0.0037350311
0.0061084034
0.0070918608
0.008175935
0.009964255
0.010220407
0.010130968
0.0088962207
0.0089683395
0.010178738
0.011669162
0.01468445
0.016247645
0.0166381
0.013489237
0.011426005
0.010270965
0.0074863339
0.0067979409
0.0079748036
0.0073740226
0.0071285904
0.00716154
0.007938095
0.0059490052
0.0078147595
0.0091668223
0.010011486
0.010005884
0.010748199
0.011757014
0.010378875
0.0097444465
0.008463536
0.0085995332
0.0084597219
0.0092657458
0.0087029349
0.008583613
0.0088516701
0.0097707424
0.010080124
0.011857171
0.013614212
0.015515047
0.017494394
0.017102421
0.018158579
0.019408
0.018101064
0.015288614
0.012126295
0.010272992
0.0091546463
0.0035713045
0.0025517321
0.00061995766
-0.00030429757
0.0031807585
0.001192883
3.5378577e-05
8.3660075e-05
0.0012323502
-0.00085704048
-0.0015037468
-0.00264459
-0.0034835416
-0.0045763303
-0.0052600158
-0.0035674706
-0.0025174885
-0.0022070179
-0.0030883965
-0.0015503373
-0.0083193751
-0.011969639
-0.010972569
-0.010534128
-0.010376182
-0.0096508564
-0.009429169
-0.0093641458
-0.010055024
-0.010765
-0.012219979
-0.012878548
-0.014169844
-0.01426627
-0.015188682
-0.016447901
-0.017054712
-0.016424545
-0.016794061
-0.013952439
-0.013672847
-0.011067854
-0.008765488
-0.0051529326
-0.0038422642
-0.0028962411
-0.00013093038
0.0016014403
0.0072015453
0.0090266937
0.0099611508
0.010035322
0.011058986
0.014681239
0.017581217
0.018177817
0.01917764
0.019235819
0.016849777
0.017339963
0.019954686
0.021607478
0.021336508
0.020800857
0.01968826
0.018668951
0.017900335
0.01522933
0.014897713
0.0138165
0.012000828
0.0090882791
0.0056992274
0.0015678916
-0.0017299146
-0.004851495
-0.0065154756
-0.0086489374
-0.010023535
-0.0099640871
-0.0099263399
-0.010915193
-0.0088811682
-0.0080810386
-0.0075823653
-0.0067254716
-0.003713791
-0.0020371253
-0.00073568362
0.0015352716
0.0044526883
0.0069217558
0.0091980211
0.010302432
0.010748197
0.010998227
0.01203061
0.01176405
0.012660103
0.01375716
0.014932939
0.016564376
0.017847432
0.018267637
0.015635557
0.013906098
0.01018773
0.0069524934
0.0064461727
0.0067355599
0.0070413257
0.0066121649
0.0072051503
0.006037709
0.0064488026
0.0079821884
0.008828621
0.0090960125
0.0093418095
0.0099161772
0.010293416
0.009917223
0.0087504229
0.008150916
0.0083407081
0.0092066303
0.01009297
0.010235814
0.0090289029
0.0087602428
0.0097852899
0.010955009
0.013100182
0.015043762
0.017389647
0.019901587
0.021942813
0.023859202
0.025374536
0.025421856
0.023781309
0.021135609
0.019714046
0.017381019
0.01391604
0.010386978
0.0070485874
0.0055051496
0.0075071273
0.0048346191
0.0037647045
0.0024750251
0.0017966876
0.0017267614
0.0027642926
0.0036136015
0.0021805368
0.0030381596
0.0019096435
0.0027453051
0.0034896529
0.0040245046
0.0027098821
0.0036027365
-0.00080979216
-0.0015126167
-0.003437252
-0.0034960252
-0.004078603
-0.0044051529
-0.0050816526
-0.005453421
-0.0048027873
-0.0048446723
-0.0052083773
-0.0058371779
-0.006562384
-0.0065720404
-0.0065985776
-0.0092487828
-0.0095386394
-0.0094562614
-0.0085981526
-0.0079230919
-0.0066822558
-0.0056364615
-0.0036131058
-0.0016521755
0.0010401832
0.00050014962
0.0029928669
0.0054502357
0.0064626694
0.0079167179
0.0084667749
0.0099282288
0.011640376
0.013695781
0.014542082
0.015801787
0.016517704
0.017300818
0.01562258
0.015039927
0.016188705
0.016021124
0.016222102
0.015381982
0.014035687
0.012428765
0.012271401
0.010283805
0.0084316882
0.0066010354
0.0043303603
0.0016306001
-0.00054738052
-0.0033259207
-0.0055969472
-0.007327627
-0.0089247294
-0.010363748
-0.011744447
-0.012371087
-0.012600758
-0.013730105
-0.012877316
-0.011561256
-0.0094375851
-0.0083657038
-0.0062561876
-0.0041135091
-0.0031601859
0.00010863096
0.0034379242
0.0062977972
0.0083765595
0.010617658
0.011932316
0.012510753
0.012224522
0.012572707
0.013569539
0.013862467
0.01496334
0.017185607
0.017964361
0.01703081
0.015650315
0.013339517
0.011844768
0.0087402042
0.0064267609
0.0051283664
0.0060146242
0.0050173487
0.0065445704
0.0078323754
0.0084222762
0.0083919857
0.0086852634
0.0093169326
0.0081635738
0.008768058
0.008410675
0.008896012
0.0091903622
0.0078442723
0.0080421856
0.0089679577
0.0091555174
0.0089328993
0.0089373246
0.0085609297
0.0081129821
0.008223976
0.0085357634
0.010456943
0.012631811
0.016191832
0.019758753
0.023324443
0.026125328
0.028069578
0.028766346
0.028944025
0.027504298
0.024529521
0.02196928
0.016926041
0.014008433
0.010665881
0.013297472
0.010515643
0.009739531
0.0074547413
0.0051626271
0.0049860611
0.0058123413
0.0063031603
0.0068979195
0.0065670053
0.0064365279
0.0063430094
0.0064679072
0.0068837204
0.005427967
0.0056779099
0.0062322348
0.0044552415
0.0031185194
0.0017096396
5.5769632e-05
-1.387558e-05
-0.0011792833
-0.0017354411
-0.0019239889
-0.00099047894
-0.0012359904
-0.0014102736
-0.0015986917
-0.0011188302
-0.0023010623
-0.0043448427
-0.006565343
-0.0068817148
-0.0067254599
-0.0062534919
-0.0050956473
-0.0047800667
-0.0028307747
-0.0015139895
1.3016694e-05
2.2397107e-05
0.0018738357
0.0042272507
0.0025957578
0.0033487501
0.0046581519
0.0058039817
0.0084193937
0.0094547958
0.0088022882
0.010449731
0.010603273
0.010686735
0.010721812
0.010644771
0.010772797
0.010037963
0.0095275949
0.0089072509
0.0072733168
0.0054241015
0.0042902387
0.0032354325
0.0019010982
0.00084409636
-0.00047338071
-0.0028605525
-0.0045030291
-0.0063985696
-0.0077330022
-0.0087002707
-0.010454924
-0.012011755
-0.013013626
-0.013320273
-0.012584771
-0.0136159
-0.01401545
-0.011844066
-0.0097887996
-0.0076554955
-0.0067598664
-0.0046261044
-0.0025019237
-0.0011178958
0.001583546
0.0043231263
0.005963268
0.0071191516
0.0086849074
0.010259912
0.01020811
0.010068956
0.010227326
0.010436836
0.012522652
0.014636286
0.015660468
0.015853969
0.014683735
0.013218785
0.011915089
0.0095884914
0.0075492723
0.005077747
0.0058122595
0.0059038819
0.0070455985
0.0085794426
0.0089862394
0.0093039993
0.0088875521
0.0083828313
0.0086737992
0.0071470494
0.0070267668
0.0069406514
0.0064469745
0.0070015349
0.0063037271
0.0060648545
0.0066245038
0.006572912
0.0065032602
0.0058573878
0.005522854
0.0060825402
0.0062143148
0.0070392158
0.0085813569
0.010804129
0.013656585
0.016725058
0.020569216
0.024490741
0.027149059
0.028142698
0.029792872
0.029447348
0.0270446
0.023618663
0.020136215
0.017314803
0.017255866
0.014618178
0.01328637
0.012198393
0.011225329
0.010078684
0.0095354725
0.0099275062
0.00933371
0.010394128
0.0098595689
0.010720224
0.011061198
0.010512742
0.0091504362
0.0094226642
0.010574693
0.0080152887
0.0064135977
0.00492557
0.0039514226
0.0016641062
-0.00034219002
-0.00042719288
-0.0013965666
-0.0013255741
-0.0011517339
-0.00099496517
-0.00024324033
0.00035864236
-0.00040785382
-0.0018248653
-0.0045067947
-0.0053068724
-0.0069518416
-0.0072114782
-0.0065207843
-0.0056887361
-0.0042554655
-0.0038370116
-0.0031221236
-0.0025730571
-0.0029490881
-0.0031698637
-0.0021063575
-0.0023047801
-0.00046990631
0.00046691102
0.0027681936
0.0036054593
0.0027067494
0.0032304463
0.00423081
0.0051791364
0.0049955699
0.0053438941
0.0063899456
0.0056724568
0.0048996875
0.004223521
0.0029489046
0.0026078792
0.0017812057
4.3526765e-06
-0.0015671705
-0.001911836
-0.0024153229
-0.0037475206
-0.0057515048
-0.0067173439
-0.0072872371
-0.0086035907
-0.0093696429
-0.010656671
-0.011492289
-0.012389815
-0.012359104
-0.013126203
-0.012035214
-0.01124027
-0.00923105
-0.0061725673
-0.0047412967
-0.0031746826
-0.0011301743
-0.0010383115
0.0010882031
0.0021959317
0.0021251443
0.0037020851
0.006087768
0.0067328006
0.0068248408
0.0076836309
0.0075294736
0.0083380759
0.0087721257
0.010700862
0.011435249
0.012409838
0.012068671
0.013044681
0.0095443517
0.0073002123
0.0072347345
0.0046616851
0.0046196817
0.0047899896
0.0060989588
0.0065237497
0.0052171916
0.0059332947
0.0065005694
0.006283648
0.005606556
0.0051094415
0.0053448696
0.0053120218
0.0047482489
0.0049616674
0.0048967008
0.0041702788
0.004128368
0.0048175027
0.0048134031
0.0043048086
0.0034358936
0.0041516872
0.0051114003
0.0059543964
0.0068352407
0.0078924092
0.0098177912
0.011348944
0.014108012
0.017268043
0.020212001
0.022541312
0.024742484
0.02496488
0.024039564
0.023405726
0.02260532
0.019927015
