0.00078306427
0.00073965275
0.0010380648
0.0017002055
0.002227822
0.00463034
0.0088648233
0.010699178
0.0059767773
0.0023217395
-0.00044270279
-0.0032332112
-0.0073971062
-0.0084112234
-0.0073417844
-0.0067749155
-0.003233944
-0.0022865022
0.00074093925
0.0020779293
0.0015970447
-0.0026172676
-0.0059716711
-0.0076678938
-0.011882755
-0.01323697
-0.014550228
-0.015102954
-0.013708751
-0.012543023
-0.01279521
-0.013595555
-0.014509094
-0.01569412
-0.01577062
-0.014676094
-0.01507
-0.016682973
-0.016607208
-0.015233853
-0.013894463
-0.01397842
-0.014010674
-0.013565449
-0.012335671
-0.0094956044
-0.0065306761
-0.0062411424
-0.0064506577
-0.0063468623
-0.0050514708
-0.0064622056
-0.0063891538
-0.0015454368
0.0037968989
0.0086608633
0.012604156
0.015010661
0.013888412
0.010735455
0.0082711738
0.008750684
0.0094984402
0.011003526
0.014179749
0.013224165
0.013138893
0.012952482
0.013892983
0.016020841
0.019450449
0.02146
0.023578639
0.026746113
0.027465737
0.028601076
0.029265035
0.029028148
0.027730366
0.025962362
0.0265071
0.027341645
0.028608154
0.028233622
0.02643089
0.021153749
0.017308513
0.012135892
0.011645188
0.013659566
0.015264963
0.01564076
0.015343299
0.011582433
0.0065982046
0.0033226439
0.0018921547
0.0011979933
0.0017426025
0.0035001626
0.0041965011
0.0057873633
0.0063820732
0.0074795993
0.0079998682
0.0081130857
0.0080162872
0.0083889752
0.0079463452
0.0087925029
0.0091023108
0.0091282765
0.010952836
0.012037671
0.012797859
0.014234665
0.01647792
0.017223541
0.018045093
0.019582571
0.017146846
0.015667653
0.014496355
0.014014363
0.010069956
0.0088805991
0.010757869
0.0098667087
0.0057382011
0.0034532393
0.0016932084
0.00033978362
-0.0022402504
-0.0034836439
-0.0026174002
-0.0019740235
-0.0015948201
-0.00085826148
-0.00072697182
0.00020703844
0.00023595339
0.00045977236
0.00077346562
0.00099250969
-0.00062357158
-0.00076052671
-0.00090412721
-0.0004984201
0.00020041508
0.0042021285
0.0064436103
0.004603402
0.00038577859
-0.0045230936
-0.0080482756
-0.0097173684
-0.0095970708
-0.011790521
-0.013687348
-0.009433075
-0.008711002
-0.0059613652
-0.0013404357
0.00066857978
-0.0018261471
-0.0067108834
-0.010007052
-0.0089395822
-0.013222708
-0.017948437
-0.020373414
-0.018874721
-0.016625639
-0.017014341
-0.019184211
-0.021091469
-0.021891574
-0.022852294
-0.021403159
-0.019949314
-0.020228894
-0.022177131
-0.023373646
-0.022298492
-0.021471202
-0.020658777
-0.0187981
-0.016983799
-0.014235523
-0.0090192363
-0.0058968711
-0.0034795216
0.00081804297
0.0018510445
0.0018416007
0.0013849028
0.0042200625
0.010640999
0.015747523
0.020528162
0.024829857
0.026216259
0.024714073
0.023573138
0.024306732
0.023794941
0.02384329
0.02502818
0.025779099
0.024618812
0.025756531
0.024158606
0.025016101
0.026216988
0.029154158
0.030634208
0.030748627
0.03240109
0.034263342
0.033551684
0.033052222
0.032472436
0.031289589
0.028097679
0.025910431
0.026181935
0.024299038
0.021765233
0.019365847
0.014138623
0.010550653
0.01027
0.010296992
0.011680324
0.012370981
0.010420093
0.0074666571
0.0044022932
0.00094322252
-0.00057964117
-0.00044282451
-0.00054849947
0.0014521931
0.0035139216
0.0046266068
0.006367192
0.0072925296
0.0071874077
0.0074596591
0.0074284944
0.0071800023
0.0069669286
0.0068322563
0.0079273028
0.0088011852
0.0095382333
0.011472853
0.013766198
0.015690935
0.015935154
0.019573118
0.022382969
0.02346698
0.019870105
0.018393053
0.01849357
0.014002776
0.011926299
0.0090359598
0.0064276664
0.0046417369
0.0031670244
-0.00062496402
-0.0033594888
-0.0051476493
-0.0045320124
-0.0051681315
-0.0053382634
-0.0036488596
-0.0025275208
-0.001936574
-0.0018515663
-0.0015021417
-0.0016249833
-0.0012969408
-0.001580798
-0.0013922793
-0.00084908154
-0.0040695602
-0.0037961603
-0.0042390581
-0.0044046307
-0.0053443513
-0.0014900018
0.00098437871
-0.0020729108
-0.0039076457
-0.0056044276
-0.011986187
-0.015116213
-0.014998447
-0.013802868
-0.015237322
-0.016757647
-0.018747813
-0.015945398
-0.0091199408
-0.0032376515
-0.005454041
-0.012425109
-0.01435204
-0.015395828
-0.019513533
-0.024022049
-0.025022266
-0.023570631
-0.021891822
-0.024208751
-0.028608113
-0.032798095
-0.035794292
-0.035531607
-0.03392557
-0.03122985
-0.032160385
-0.033194478
-0.033491607
-0.033211488
-0.032374492
-0.030837086
-0.026594028
-0.022317102
-0.017343995
-0.01341044
-0.0087540889
-0.0044531623
0.0050101352
0.011610013
0.011540462
0.015209915
0.018252742
0.019581143
0.025532387
0.033441332
0.040214529
0.036469158
0.033610936
0.037266064
0.037727679
0.039241397
0.037195472
0.036716442
0.038135132
0.038284645
0.039548207
0.038416151
0.03838157
0.036881112
0.036874751
0.038471141
0.038830406
0.03856518
0.036701091
0.032894998
0.032291993
0.031749991
0.02986012
0.025467964
0.022874522
0.020490961
0.016577236
0.011541433
0.0080366905
0.006348859
0.0048717677
0.0033883001
0.0020074338
0.0028104869
0.0024352977
0.00037183849
-0.00074483046
-0.0024228239
-0.00332428
-0.0035095179
-0.002275041
-3.9418323e-05
0.0016359634
0.0034447906
0.0053100556
0.0063285608
0.0062620824
0.0057390124
0.0061312791
0.0057386083
0.0054599443
0.004975549
0.0049504973
0.0046682442
0.0059271488
0.0070709848
0.0094157344
0.0088097238
0.016686665
0.019165333
0.020290876
0.016827251
0.015046495
0.011460792
0.013857538
0.014862628
0.010133023
0.0063443082
0.0029321558
0.003016357
-0.0028076462
-0.0050413292
-0.0075531574
-0.0086696598
-0.0088840918
-0.0071862428
-0.006500924
-0.0042966792
-0.004068338
-0.0033043639
-0.0032327387
-0.0023674153
-0.003462442
-0.0032190847
-0.0036610193
-0.0033421659
-0.003769599
-0.0031186965
-0.0063263533
-0.0059062996
-0.0057606359
-0.0072223791
-0.0070508417
-0.0045907093
-0.0021508907
-0.0076086924
-0.01166533
-0.011757597
-0.01701418
-0.018642663
-0.021303748
-0.024364602
-0.024878412
-0.02360265
-0.023981822
-0.022003113
-0.015521673
-0.012330932
-0.013329365
-0.018079793
-0.01838942
-0.020996938
-0.025197
-0.029193392
-0.029574643
-0.030884911
-0.031835603
-0.032728269
-0.03855068
-0.04374467
-0.049568913
-0.049038576
-0.048019033
-0.048139519
-0.047558447
-0.047252504
-0.048165715
-0.049543225
-0.047317599
-0.042158789
-0.039257447
-0.034414432
-0.029210175
-0.024471946
-0.01693768
-0.0089983455
0.00335906
0.013481568
0.019809421
0.025916544
0.027956651
0.027240659
0.029862695
0.040053365
0.047733541
0.04211597
0.044471845
0.049882238
0.048792718
0.050099825
0.050707495
0.050219213
0.049451124
0.051035834
0.05318475
0.053122745
0.052085436
0.050304344
0.047037042
0.046070114
0.044567198
0.043247011
0.036984703
0.032442733
0.03177933
0.02973362
0.025023306
0.018732882
0.01313836
0.0097167306
0.0045467871
0.0001573058
-0.0020298058
-0.0031869688
-0.0054604638
-0.0064149721
-0.0070158363
-0.0071875163
-0.0063794019
-0.00682038
-0.0063801706
-0.0059902157
-0.0058702448
-0.0043409523
-0.0027986029
-0.0012479108
2.5777976e-05
0.001707899
0.0027998947
0.0036111703
0.0042567403
0.0047875692
0.0039334984
0.0033450993
0.0027401945
0.0024359628
0.0017129827
0.0018119158
0.0021175439
0.0040914795
0.0053507546
0.0063634169
0.0096170621
0.0074284638
0.006937705
0.0041357412
0.0044714162
0.0039419153
0.0061602923
0.0052364438
0.00042752336
-0.0015314283
-0.0044684135
-0.0055404937
-0.0083730526
-0.012703921
-0.013682443
-0.013783366
-0.01159875
-0.0090700996
-0.006512064
-0.0042732387
-0.0037736354
-0.0036513728
-0.0038162492
-0.0049238287
-0.0053014478
-0.0044362865
-0.0051332279
-0.0054679649
-0.0060182985
-0.0063587797
-0.0075866947
-0.0065939722
-0.0068842399
-0.007295742
-0.0072476043
-0.0046036587
-0.0066440875
-0.014507194
-0.018935573
-0.021335463
-0.023684706
-0.025546707
-0.027667821
-0.033425163
-0.033954844
-0.02843385
-0.02655826
-0.023813351
-0.019324029
-0.018725475
-0.020320812
-0.024977124
-0.027089276
-0.028939768
-0.033063812
-0.033411705
-0.037215452
-0.040571517
-0.044020171
-0.04532788
-0.049733981
-0.053204443
-0.057324384
-0.062749681
-0.062252785
-0.059720727
-0.059413513
-0.05982094
-0.059233386
-0.057750738
-0.054058614
-0.046304333
-0.04530946
-0.042404889
-0.037954161
-0.028725901
-0.018875845
-0.0095642636
-0.0038695104
0.0055607243
0.012449261
0.020130668
0.028592924
0.032372029
0.040380611
0.046343189
0.047980442
0.04789926
0.050174907
0.052008208
0.051648735
0.05562042
0.059370413
0.060041016
0.061942761
0.061546898
0.06309915
0.062606086
0.062397895
0.057320479
0.054256172
0.051699019
0.045203539
0.040615307
0.036709708
0.030356446
0.027269388
0.020416846
0.015586924
0.0069205191
0.00079066786
-0.0022094258
-0.004578101
-0.007121582
-0.0076166791
-0.0061346471
-0.010029167
-0.010898785
-0.011457107
-0.010596824
-0.0099924888
-0.0095356609
-0.0080573791
-0.0075125992
-0.0056037124
-0.0038491516
-0.0025349021
-0.0011997138
0.00055777538
0.0015061572
0.0016963004
0.0019362027
0.0020905625
0.002368741
0.0021150735
0.0017346885
0.0017179236
0.0012147394
0.00053776955
0.00018189379
-0.00025995952
0.00039832615
0.00047536268
0.0015742856
0.0023811221
0.00044680523
6.6178291e-05
-0.0003555098
-0.00094256005
-0.00067943754
-0.00097636257
-0.0023808553
-0.0026888918
-0.0046514989
-0.0075966087
-0.0086936129
-0.010673771
-0.014147943
-0.016951998
-0.016775578
-0.01382465
-0.01017058
-0.006725184
-0.0055477324
-0.0043908357
-0.0054003941
-0.0059530046
-0.0062658513
-0.0056838512
-0.0057689015
-0.0061406039
-0.0069884741
-0.0074595533
-0.0070485341
-0.0083117159
-0.0083663771
-0.0065154242
-0.0071749546
-0.0077661852
-0.0088095592
-0.01432804
-0.021056899
-0.024268809
-0.02440849
-0.026078408
-0.027847232
-0.036994686
-0.038251501
-0.036858296
-0.026994396
-0.022460832
-0.017056836
-0.018148762
-0.019231072
-0.024853944
-0.030086027
-0.033959873
-0.038297633
-0.038974069
-0.041498137
-0.045220334
-0.045826478
-0.04924353
-0.052502506
-0.053027693
-0.054588569
-0.055774166
-0.061112448
-0.062776606
-0.062387948
-0.062100805
-0.063149633
-0.062145747
-0.056045269
-0.047055428
-0.037611607
-0.027060666
-0.023990595
-0.026300838
-0.02697722
-0.017987091
-0.0045080474
0.0037225504
0.010738604
0.014142348
0.024906703
0.02925731
0.037401569
0.040886313
0.039716852
0.03456458
0.030611668
0.038722254
0.045815997
0.050272602
0.056455202
0.060550376
0.057087114
0.061201502
0.063551631
0.064416865
0.062662073
0.059263338
0.055490726
0.051698213
0.047670413
0.041533972
0.034272208
0.026965433
0.022719931
0.018110073
0.010920649
0.0052568521
-4.9641474e-05
-0.0065888253
-0.0088530859
-0.011224726
-0.011757368
-0.012706258
-0.013192642
-0.013116131
-0.012953767
-0.01149606
-0.010737709
-0.0091051926
-0.009405323
-0.0089285187
-0.0085669115
-0.0067800808
-0.0054158275
-0.0035678148
-0.0014537404
-0.00038177485
-0.00010665945
1.4292688e-05
-0.00013604926
0.00035978493
0.000629208
0.001526158
0.0012874835
0.0014808715
0.0018178644
0.0017119338
0.0012063864
-8.9697494e-05
-0.00022400238
0.00035146507
-0.0042624706
-0.0054576251
-0.0034747977
-0.0030754656
-0.00076190917
-4.8616e-05
0.0015382101
0.00069177873
-0.0021806469
-0.0045114932
-0.0064088591
-0.0063131454
-0.0084194715
-0.010862695
-0.015150627
-0.018321936
-0.020676437
-0.015705043
-0.010994043
-0.0075169865
-0.0075824333
-0.0071401069
-0.0079287724
-0.0072325097
-0.0077384976
-0.0071339557
-0.0074195134
-0.0069589978
-0.0076096981
-0.007785479
-0.0088203708
-0.0075745557
-0.0091336448
-0.0096911576
-0.011178095
-0.01141672
-0.012547678
-0.018070844
-0.02338665
-0.023860221
-0.026254843
-0.026788796
-0.031627262
-0.038207111
-0.041122584
-0.039779636
-0.027444087
-0.018291611
-0.014000389
-0.015090993
-0.018333452
-0.023596534
-0.030482644
-0.034265799
-0.035795565
-0.037596725
-0.041620088
-0.04486575
-0.047588839
-0.048350522
-0.050143873
-0.052649473
-0.053693836
-0.055570624
-0.055969692
-0.060740426
-0.06155677
-0.06068868
-0.059646817
-0.054621483
-0.043463042
-0.03198314
-0.019428023
-0.016495933
-0.01405064
-0.012571812
-0.0054812544
0.0022183568
0.011776968
0.010681275
0.0090668477
0.021608595
0.028802332
0.03483178
0.040093604
0.036339089
0.033844824
0.030634717
0.029118457
0.040663962
0.045905716
0.048417209
0.049023641
0.051915506
0.059726511
0.061803411
0.061217507
0.059328402
0.057166418
0.053487562
0.049759736
0.044317639
0.03872476
0.034560918
0.028517924
0.019276124
0.01452731
0.0099626067
0.004299295
0.00078567016
-0.0043743285
-0.0063682059
-0.0089495348
-0.011665594
-0.011313403
-0.012645629
-0.012065432
-0.011731072
-0.011552961
-0.0094557914
-0.0085378991
-0.0071218719
-0.0078662245
-0.0076276961
-0.006222485
-0.0049985855
-0.003804147
-0.0024033581
-0.0011594266
-8.4553119e-06
0.00029227751
0.00037828495
0.00036356447
0.00079767637
0.00083685448
0.0010952968
0.0014950497
0.0016035464
0.0016524469
0.00357665
0.0038208946
0.0026637312
0.0010767233
-0.0018700694
-0.0090398037
-0.0075755459
-0.0032146463
-0.00048102095
0.00042531489
0.0018061414
0.0029181634
0.0041822149
0.0021266907
-0.0045257561
-0.0087364722
-0.012277229
-0.012838837
-0.012356019
-0.015887549
-0.019486962
-0.020815636
-0.014843589
-0.011417281
-0.0093360776
-0.006855349
-0.0065023805
-0.0076096517
-0.0077723438
-0.0083874892
-0.0079346479
-0.007568898
-0.0077499887
-0.006490759
-0.007548762
-0.008040682
-0.0073771103
-0.0085479749
-0.012007955
-0.013708751
-0.012827109
-0.012483571
-0.016846031
-0.015989396
-0.015963678
-0.01936573
-0.021697805
-0.026780286
-0.033844836
-0.040055729
-0.037869595
-0.024162116
-0.016074659
-0.011346835
-0.011592144
-0.012458715
-0.015781747
-0.019732335
-0.023283524
-0.026668289
-0.029407213
-0.030531361
-0.035745212
-0.039452266
-0.044047595
-0.04749346
-0.053238424
-0.054655592
-0.05895839
-0.060096319
-0.05946005
-0.060209337
-0.058946076
-0.051700933
-0.04250432
-0.029233736
-0.020750745
-0.015698007
-0.012592074
-0.009071031
-0.0081680029
-0.0056357729
0.0022139039
0.003006057
0.0061044972
0.013446536
0.016042491
0.018827613
0.022485655
0.023484966
0.018350047
0.019244008
0.024778374
0.03250532
0.038960264
0.044280522
0.048487373
0.047632407
0.051600724
0.052670432
0.053336669
0.049783369
0.049186041
0.043667796
0.040742762
0.038450168
0.034074448
0.029749396
0.025842768
0.01781309
0.01250984
0.0087378069
0.0048869478
0.0023041368
-0.00026490949
-0.0021958459
-0.0044415383
-0.0060449221
-0.0071317041
-0.0078365221
-0.0073114426
-0.0076955494
-0.0070506617
-0.0065283866
-0.0067696706
-0.0059517166
-0.005273225
-0.0049622409
-0.0039170094
-0.0036287661
-0.0020930902
-0.0014115362
-0.0011155791
-0.0013054517
-0.0010864686
-0.0003248198
8.9220782e-05
-0.00047607729
2.5962304e-06
0.00023747981
0.00091742931
0.0013055048
0.0021782158
0.0015300842
0.0015920759
0.0016680006
0.0020253843
0.0024676767
-0.0053579185
-0.0099607224
-0.002223296
-0.00018855317
0.0034064032
0.002858873
0.0037708334
0.0065546919
0.0060763674
0.0020067815
-0.0034983654
-0.0077180326
-0.009702071
-0.011246288
-0.012646777
-0.017667683
-0.020176221
-0.015463043
-0.011454111
-0.0086576153
-0.0069209771
-0.0067705639
-0.0049389626
-0.0056747268
-0.0058978937
-0.0063613649
-0.006305199
-0.0054006924
-0.0052793553
-0.004955212
-0.0062330615
-0.0071413173
-0.0081679044
-0.0091602568
-0.013112064
-0.013278931
-0.010371963
-0.010789141
-0.010976455
-0.011952199
-0.012089098
-0.01426645
-0.018470019
-0.024528218
-0.030384398
-0.033626126
-0.032394108
-0.021360613
-0.015104019
-0.013714641
-0.012033197
-0.010487025
-0.0093002251
-0.010718992
-0.013357313
-0.016686331
-0.021408777
-0.024399756
-0.029525861
-0.033849281
-0.039627338
-0.046037742
-0.049642998
-0.055222856
-0.058874417
-0.061755394
-0.063215826
-0.063673362
-0.060531645
-0.05298964
-0.043199716
-0.035648821
-0.031080753
-0.02963903
-0.021066
-0.017550449
-0.013948568
-0.014054903
-0.0042821084
-0.0023427705
0.00042750981
0.0023870916
0.0062712253
0.0098859643
0.011081567
0.015863792
0.019463026
0.02556877
0.027442211
0.032223569
0.036011598
0.039135941
0.041533694
0.041271527
0.041836245
0.043030757
0.042843317
0.041462506
0.037711728
0.033827245
0.031628403
0.029884575
0.027085605
0.024288624
0.020008011
0.016500354
0.011945283
0.009678741
0.0047574271
0.0042934493
0.0017606804
0.0013738194
0.00046889154
5.2693515e-05
-0.00076225619
-0.0022437652
-0.0020331463
-0.0029755162
-0.0029495142
-0.0017662463
-0.0012952937
-0.0016952781
-0.0010029491
-0.00023068106
-0.0010026597
-0.0005191083
0.00085255962
0.0013437891
0.00093945391
0.00099733583
0.0010966226
0.00085267273
0.00010421178
0.00010778134
0.00015772221
0.00039797755
0.00052292479
0.0011290215
0.0011328522
0.0002577189
-0.00033131515
-0.00025225258
0.0016737791
0.0037190909
-0.0022418794
-0.0062339708
-0.0021438794
0.0027212772
0.0054151292
0.0049598747
0.0036350143
0.0028005225
0.0010777675
0.00032910903
-0.0019694368
-0.005167669
-0.0078053985
-0.0096852437
-0.011825109
-0.011743138
-0.0099702691
-0.0060808235
-0.0038426968
-0.0019955082
-0.0018687459
-0.003114817
-0.0017985398
-0.001279724
-0.0021499972
-0.003156809
-0.003810569
-0.0030531994
-0.0029820578
-0.0041160055
-0.005172112
-0.0075410429
-0.0072509928
-0.0065307235
-0.0099704631
-0.011271365
-0.00789371
-0.0094989794
-0.0092043416
-0.010182621
-0.012421014
-0.012267056
-0.016674216
-0.023948476
-0.029820481
-0.033680188
-0.030525661
-0.022033924
-0.01670289
-0.015450505
-0.014061379
-0.011973001
-0.010648672
-0.010430059
-0.01261388
-0.015213762
-0.020474144
-0.025446907
-0.028609976
-0.033340478
-0.036605328
-0.041189163
-0.045421336
-0.050502966
-0.051820613
-0.05860506
-0.061526741
-0.063324898
-0.0607568
-0.054443712
-0.04548713
-0.039966803
-0.038566826
-0.030496623
-0.025017642
-0.021405375
-0.014690629
-0.01362136
-0.0038665428
-0.0025420797
-0.0048702274
-0.0019712136
0.0020766973
0.0033335732
0.0081847018
0.013319768
0.014474413
0.017701493
0.018809725
0.0227097
0.026367975
0.028952679
0.030442866
0.030338286
0.029243388
0.031623019
0.029829133
0.028440115
0.026085859
0.027605351
0.026109901
0.025700062
0.025975629
0.022154063
0.020565611
0.017734037
0.012179244
0.0089481016
0.0073307873
0.0059283926
0.004865197
0.0049951225
0.0039944669
0.0023259359
0.0018272609
0.00038562995
0.00059168705
0.00079226808
1.5800863e-05
0.0013133663
0.0012921053
0.00098594113
0.00084216697
0.0010464174
0.00042534538
0.00092066768
0.0014628733
0.0016682865
0.00030784375
0.0020223453
0.0019872176
0.0019405187
0.0010043478
0.00043680837
0.00076225401
0.0018367462
0.0019000276
0.0021995218
0.0013732579
0.00065373679
0.00029261322
0.0013932959
0.0021434948
0.0028817272
0.00063765794
-0.0014714804
-0.0019450521
0.0037631623
0.0064746754
0.0066879303
0.0063057566
0.0012730518
-0.00082481861
0.00023767845
0.00019246366
-0.0014539978
-0.0033720289
-0.0047463588
-0.0050382235
-0.0022572884
-0.00091296789
0.0020058708
0.0048361059
0.0038945248
0.0023205139
0.003544406
0.0041949144
0.0030370598
0.0026373442
0.0027276331
0.0008719512
-0.0013346579
0.0013327564
-0.00099817373
-0.0033254442
-0.0062111769
-0.0034582565
-0.0054835661
-0.0089159991
-0.010313039
-0.0094229376
-0.010383818
-0.011148982
-0.013508919
-0.014031363
-0.015701024
-0.019396917
-0.022353067
-0.028701894
-0.03321992
-0.033756153
-0.028551725
-0.022781082
-0.020300015
-0.018361105
-0.015972015
-0.014534563
-0.013489887
-0.013850175
-0.015268117
-0.019254931
-0.023418653
-0.028071296
-0.032221256
-0.035889281
-0.039168386
-0.042259061
-0.046070597
-0.050965743
-0.051388495
-0.055857297
-0.056712783
-0.053571519
-0.048911796
-0.043868726
-0.038903245
-0.033756287
-0.030314289
-0.027288222
-0.018478671
-0.010320382
-0.0026299963
0.0013703762
-0.00025538766
0.00083499029
0.0014809329
0.0047230683
0.00904165
0.012347797
0.013643071
0.014997705
0.016996444
0.017807944
0.016649447
0.019717623
0.020375803
0.019839154
0.018631058
0.021374776
0.021979507
0.022536267
0.020439528
0.02147195
0.021170372
0.020256114
0.019913334
0.01961078
0.018037065
0.015623639
0.014164331
0.0095091411
0.0060493054
0.0043245613
0.0014230057
0.0022480774
0.0024229188
0.001618553
0.00027106674
-0.00068062325
-0.0016000659
-0.00041191688
0.00013480707
0.000598442
0.0013127567
0.0010979947
0.0013593974
0.0009754207
0.0020435361
0.0022377922
0.0031724666
0.003704799
0.0031045743
0.0016997299
0.0026745651
0.0047489638
0.0038319383
0.003840671
0.0049208454
0.004221959
0.0031013106
0.0039013303
0.0044528388
0.0044076416
0.0046749342
0.0044289027
0.0051938098
0.0034513707
0.00099806102
0.00044096165
0.0037790539
0.0040884962
0.0036904376
0.0049736985
0.0062887917
0.0076957445
0.0042862152
0.00099913234
0.00077895491
0.0016779975
0.0017987592
0.0011369885
0.0011630643
0.0017608695
0.003619085
0.0055482346
0.007154473
0.00724657
0.007935657
0.0090967589
0.0077167398
0.0077174627
0.0088473082
0.0077849405
0.0069468784
0.0038029646
0.0012141122
0.0011395999
0.00059118303
-0.0013360388
-0.0021094586
-0.004653121
-0.0072031205
-0.0072639774
-0.007491493
-0.010386483
-0.010752961
-0.012092889
-0.013708022
-0.012861766
-0.014705545
-0.015885905
-0.017354562
-0.018434035
-0.020640888
-0.023198864
-0.024155347
-0.022826704
-0.021730579
-0.019626334
-0.017476916
-0.016107881
-0.015418237
-0.015699525
-0.016468455
-0.017481255
-0.020527248
-0.023685803
-0.02673968
-0.030432152
-0.03503061
-0.037832939
-0.038250527
-0.040238152
-0.040524067
-0.04455684
-0.044301029
-0.042049654
-0.038442442
-0.034690681
-0.028722506
-0.023148521
-0.020514479
-0.016267177
-0.011195495
0.00083895217
0.0070657758
0.0069651082
0.0098319823
0.0097371069
0.010495008
0.012354061
0.017325135
0.018520563
0.017228106
0.019999181
0.021181551
0.022008902
0.022299751
0.022546724
0.022932759
0.022772713
0.021320603
0.019733589
0.019661558
0.019432245
0.018317562
0.018596651
0.017469732
0.015047167
0.014713361
0.011829575
0.0089015207
0.0031853164
-4.7352469e-05
-0.0033155988
-0.0069900922
-0.0067296804
-0.0069883262
-0.0052048145
-0.0058643249
-0.0066247034
-0.0063503351
-0.0055304193
-0.003089562
-0.0030898489
-0.0036541453
-0.0023078447
0.0012220295
0.0017207056
0.0037814467
0.0049472018
0.0070326878
0.0074229837
0.0081301025
0.01015657
0.011818239
0.01181402
0.012412958
0.013136076
0.010909465
0.010111298
0.0093119178
0.0092680907
0.0069516929
0.0076908082
0.0073722191
0.00751367
0.0076777337
0.0069284497
0.0052179085
0.0036838432
0.0010023989
0.0020922791
0.0049469674
0.009486765
0.0089572636
0.0079092549
0.0076736408
0.0072512881
0.0053888812
0.0039422642
0.003682061
0.003716426
0.0031292817
0.0032326219
0.0051591763
0.0054362297
0.0076106892
0.0095716091
0.0099410587
0.010707343
0.01145648
0.012350552
0.012018719
0.01090675
0.0097410218
0.0091122733
0.0075406602
0.0041502053
0.0018928586
-0.00059508704
-0.0012855269
-0.0031526795
-0.0032439885
-0.0030820648
-0.004117048
-0.003665822
-0.0043230829
-0.0041498229
-0.0046152241
-0.0076040683
-0.0090485112
-0.0092538884
-0.0091864168
-0.0087974948
-0.0096996693
-0.0094523687
-0.0097035943
-0.0097718734
-0.01354048
-0.01803974
-0.019006581
-0.018145431
-0.015040098
-0.012482973
-0.013015057
-0.012062596
-0.013619262
-0.014569468
-0.015981021
-0.018321544
-0.019468845
-0.022422785
-0.025212902
-0.026992277
-0.027333147
-0.028335601
-0.029701086
-0.029393441
-0.028741566
-0.027143209
-0.023003548
-0.018773535
-0.014228768
-0.01279093
-0.011265785
-0.008522816
-0.0031441535
0.0059999327
0.013593972
0.013863796
0.013977592
0.01417307
0.014672341
0.017968756
0.02240652
0.023423123
0.022963343
0.021805906
0.021270963
0.023564773
0.024232667
0.025709081
0.026610142
0.023787499
0.022226474
0.021472628
0.018557696
0.019023961
0.017286468
0.016855511
0.013989596
0.010110136
0.007940885
0.0042344248
0.00032780489
-0.002453691
-0.0051591444
-0.0090427633
-0.010912945
-0.011244047
-0.010464641
-0.0078019156
-0.0076596569
-0.0078488555
-0.0056507772
-0.0035466416
-0.0022997498
-0.0016719058
-0.00091347713
0.0019619787
0.0041187715
0.0050556089
0.0063287227
0.0089742256
0.0093284595
0.0099527847
0.010347226
0.01189182
0.013271257
0.015046305
0.017420195
0.017830342
0.01778022
0.013902177
0.01090043
0.0085773032
0.0057150373
0.005597363
0.0068065815
0.0066029235
0.0064636573
0.005433092
0.0059315845
0.0032114879
0.005406664
0.0072965675
0.0095932809
0.0079124023
0.0075660588
0.0089418397
0.0073019244
0.0075158166
0.0057601535
0.0063148723
0.0068819104
0.0081716595
0.0078298383
0.0078738353
0.0086247032
0.0096745512
0.0097513496
0.011973576
0.013481354
0.015712807
0.017852767
0.017380491
0.018560699
0.019172508
0.017731171
0.015037809
0.011692111
0.010463612
0.0088858094
0.0041813898
0.0020398455
-0.00018994903
-0.0012917818
0.0025442996
0.00027207346
-0.00082245608
-6.6920442e-05
0.001248081
-0.00027683369
-0.0010860518
-0.0014071239
-0.0015607505
-0.0024384835
-0.0030497338
-0.0020575468
-0.00091840336
-0.00082874976
-0.0020937378
-0.0018012285
-0.0087716865
-0.011487076
-0.010481485
-0.0094957835
-0.0090109576
-0.0078530357
-0.0077189067
-0.007798644
-0.009044017
-0.0097896624
-0.011641082
-0.012355514
-0.013704397
-0.014357583
-0.016724253
-0.018362841
-0.019905896
-0.01918842
-0.018425106
-0.014232362
-0.013509583
-0.010155483
-0.0078598482
-0.0060122963
-0.0047406844
-0.0029290624
0.00035434231
0.0031728564
0.0098191923
0.013373708
0.014849554
0.013882916
0.014590532
0.016991924
0.019509563
0.021005944
0.022777752
0.023042192
0.02032436
0.020203438
0.022679667
0.023814245
0.022869606
0.022109764
0.020584906
0.019357196
0.017749198
0.014925797
0.013716233
0.012826715
0.011567104
0.0094757454
0.0065098318
0.0030815812
-0.00013431163
-0.0038290894
-0.0050617735
-0.007254345
-0.0085398504
-0.0095698303
-0.0094049791
-0.011105448
-0.0096047648
-0.008384764
-0.0080348829
-0.0071233151
-0.0043734985
-0.00331932
-0.0017559835
0.00064036391
0.0035346622
0.0063380518
0.008826501
0.0095364155
0.010605253
0.011342361
0.012740493
0.012666358
0.015100098
0.01663187
0.018062233
0.018470024
0.019706259
0.019696651
0.015884216
0.013195243
0.0085418686
0.0058607813
0.0059172953
0.0060298186
0.0062786803
0.0059667508
0.0061064851
0.0051795088
0.0062582425
0.0084578344
0.0089262711
0.0089700571
0.0082255756
0.0077905591
0.0079096903
0.0076033525
0.0070410451
0.0066043588
0.0068199724
0.008219055
0.009045772
0.0093119222
0.0083557999
0.0087486008
0.010032571
0.011218065
0.01349137
0.015625894
0.017835829
0.020534803
0.022706204
0.024371772
0.025761037
0.02578771
0.023740658
0.020756581
0.019528517
0.0173639
0.014575748
0.010657642
0.0068476356
0.0044894867
0.0070857753
0.0041139222
0.0034321527
0.0022532006
0.0021129529
0.002099831
0.0033080592
0.0038683655
0.0032868895
0.0043723908
0.0034094417
0.0038542361
0.0045911268
0.0046417634
0.0031538613
0.0037212889
-0.0013192416
-0.0019762069
-0.0032689082
-0.0027698531
-0.0033405637
-0.0031404511
-0.0038600691
-0.004197323
-0.0039740685
-0.0037777859
-0.0044245744
-0.0054187183
-0.0065559742
-0.0074673093
-0.0082616665
-0.01032495
-0.011511085
-0.011808495
-0.010197621
-0.0084002033
-0.0063190044
-0.0043440067
-0.0022198886
-0.00048248162
0.0010718716
0.00130065
0.0045658688
0.0074542077
0.0095344274
0.011049845
0.011630352
0.012866433
0.014264754
0.014689255
0.015160036
0.016694452
0.017984267
0.018788885
0.017427226
0.016657477
0.017798991
0.017321972
0.016776829
0.015106763
0.013045816
0.01133797
0.010910546
0.0089840727
0.0075459568
0.0059998903
0.0042987064
0.0023340424
0.00019985992
-0.0022913911
-0.0044863857
-0.0060525708
-0.0074605421
-0.008480007
-0.0096108039
-0.010802115
-0.01093686
-0.012144132
-0.011817685
-0.010589094
-0.008309386
-0.007755079
-0.0066345031
-0.0048910733
-0.0041335313
-0.00057358645
0.0025650166
0.0062207188
0.0083899654
0.010676559
0.012482153
0.012984096
0.012776383
0.013950262
0.015829748
0.016928139
0.01817126
0.019823424
0.019971562
0.018384375
0.015842934
0.0121602
0.010533437
0.0074907024
0.0053951691
0.0049847088
0.0057709753
0.0047335515
0.0060032005
0.0076083477
0.0087364565
0.0091521129
0.0092821359
0.0097760972
0.0079189786
0.0074866614
0.007119755
0.0080626146
0.0080422758
0.0067006607
0.0068840596
0.007801533
0.0081888635
0.0081024319
0.0080497867
0.0080655419
0.0081306043
0.0081672691
0.0088468698
0.011130365
0.013041293
0.016657479
0.020387279
0.023892251
0.026892623
0.028330699
0.028198407
0.028186708
0.026585844
0.023764957
0.021960442
0.01651036
0.013925301
0.010319276
0.012587442
0.0098330169
0.0087085316
0.0066764799
0.004794992
0.0043991303
0.0052457725
0.0060668678
0.0065302892
0.0062319577
0.0063550597
0.0060394961
0.0063737809
0.0066686037
0.0052523908
0.0051034572
0.0051875144
0.0027133402
0.0014926039
0.00074106765
-0.00015561234
0.00029610586
-0.00086582744
-0.0015833024
-0.0018195414
-0.00087304752
-0.00129503
-0.0016963492
-0.0023220763
-0.0028220079
-0.0040634884
-0.0054984168
-0.007158077
-0.0078655503
-0.0072401717
-0.0059883036
-0.0046046006
-0.0036503016
-0.0011588969
-0.00053546767
0.00050231233
0.00099057247
0.0033567367
0.0061286337
0.0051775621
0.0064978738
0.0076945354
0.0084354242
0.010507488
0.0098949451
0.0087381696
0.010132348
0.011001946
0.011493224
0.011637537
0.011936067
0.011318569
0.0099080124
0.009236375
0.0080483843
0.0059210727
0.0038294484
0.0026688317
0.0016260873
0.00057933668
-0.00010877878
-0.00072341999
-0.0023142943
-0.0036811905
-0.0053063924
-0.0064875445
-0.0076301922
-0.0095116672
-0.010597233
-0.011366466
-0.011706968
-0.010939537
-0.012088563
-0.012357609
-0.010359047
-0.0083534538
-0.0065818098
-0.0059185789
-0.0042147579
-0.0028307147
-0.001687229
0.0010197805
0.0037558206
0.0051460939
0.0069436251
0.0084065799
0.010431001
0.011077197
0.011362943
0.011667561
0.012803034
0.015823445
0.017686205
0.017738489
0.017509639
0.015739416
0.013314199
0.011344703
0.0089217156
0.006436264
0.0044025708
0.0056024736
0.0058887911
0.0064940144
0.0085573055
0.0094417196
0.010085021
0.009306535
0.0087861971
0.0085411173
0.0067832449
0.0067664964
0.0064999319
0.0060940422
0.0061910158
0.0053335343
0.0050428443
0.005584422
0.0056656563
0.0059094682
0.0053779222
0.0055350594
0.0060499288
0.0062720335
0.0074629185
0.0091337225
0.010997873
0.01346439
0.016497033
0.020586843
0.02451476
0.026632959
0.026750868
0.028624223
0.028184708
0.025622076
0.023054873
0.019124845
0.016380669
0.015766124
0.01337766
0.011494155
0.010630526
0.0099927098
0.0088615277
0.0077819909
0.0084362189
0.0078381023
0.0088056764
0.0084017654
0.0095159676
0.0098626375
0.009321925
0.0078395111
0.0080350404
0.0085697647
0.0055247266
0.0039975314
0.0025836129
0.0019967997
0.00068829475
-0.00052215734
-0.00071641973
-0.0016627482
-0.0018950086
-0.001942313
-0.001897181
-0.0018803171
-0.0020743174
-0.0025548005
-0.0031723645
-0.0052397497
-0.0059112758
-0.0069196285
-0.0068070978
-0.0054012212
-0.0045378929
-0.0028690378
-0.002678929
-0.0019566047
-0.0011977952
-0.0014376496
-0.0012004505
0.00037974612
0.00077113735
0.0028312665
0.0037561505
0.0052005686
0.0045816665
0.0025511725
0.0031995668
0.0040972303
0.0055273406
0.0054236518
0.0057461531
0.0066282262
0.0055546449
0.0044700153
0.0031366268
0.0019707228
0.0011452911
6.5080119e-05
-0.0016429589
-0.0030456954
-0.0029843668
-0.0029675359
-0.0035752059
-0.0051150174
-0.0058084568
-0.0063817376
-0.0077888135
-0.0086934187
-0.010410994
-0.010941731
-0.011822685
-0.011839998
-0.012126815
-0.010888734
-0.0098886828
-0.00725116
-0.0046730866
-0.0037249473
-0.002674746
-0.00064512129
-0.00077415403
0.0010304169
0.0017441517
0.0013659402
0.0027975247
0.0053955713
0.0062341503
0.0067174968
0.0076634773
0.0076371168
0.0094637857
0.011213408
0.01367135
0.013767063
0.014299491
0.013436479
0.013886906
0.0097633596
0.0079400735
0.0066571805
0.0044197448
0.0050526112
0.0048517432
0.005711225
0.0061802707
0.0057890235
0.0066928709
0.0066943147
0.0057094729
0.0054317282
0.0043930564
0.0046944211
0.0047659686
0.0044968162
0.0047321725
0.0040404828
0.0030602098
0.0030252316
0.0034995002
0.0039925708
0.0036731255
0.0027898168
0.0037463246
0.0045185405
0.0054836867
0.0069637697
0.0080846953
0.0096620409
0.010873096
0.013638205
0.017275445
0.019786876
0.021145739
0.02265148
0.02303332
0.022218836
0.021772436
0.020578003
0.017963628
