0.00028303862
0.00038069532
0.00068426729
0.0013919487
0.0021932123
0.0050936306
0.010208163
0.011624816
0.0052507977
0.00070290022
-0.0026485139
-0.0055288422
-0.0098081623
-0.0093488155
-0.0077346563
-0.0067082967
-0.0030375536
-0.002436788
-2.2766867e-05
0.0018654578
0.0015801661
-0.0025647975
-0.005740602
-0.0079566584
-0.012242401
-0.013857941
-0.01461293
-0.014440484
-0.012791266
-0.01089359
-0.010976128
-0.011864407
-0.013292566
-0.014947052
-0.014611167
-0.013678226
-0.013867175
-0.01479039
-0.014572414
-0.013075138
-0.011168488
-0.010703138
-0.0098657037
-0.0086065692
-0.0063699652
-0.0036061291
-0.0014098326
-0.0022625362
-0.0035418185
-0.0043582184
-0.0030138969
-0.0043288305
-0.0040918808
0.0013956183
0.0067026289
0.0111294
0.013968881
0.015484831
0.013761773
0.010519527
0.0087970361
0.010213573
0.011582381
0.013538627
0.017108544
0.015550738
0.01574194
0.015404917
0.016155896
0.018026616
0.021150181
0.022414323
0.02444547
0.027138897
0.026565971
0.026754755
0.026501364
0.025669962
0.023893002
0.022609093
0.024137738
0.026430711
0.02901773
0.028729429
0.02625234
0.020888442
0.017100322
0.011366278
0.011238814
0.013074298
0.014729369
0.014849995
0.014221057
0.0099320338
0.0045769993
0.0014253399
-2.2625451e-05
-0.00015462378
0.0012978923
0.0030602164
0.0040170323
0.0056301953
0.0062361805
0.0073647253
0.0077845499
0.0076100388
0.0073050444
0.007700956
0.0074101995
0.0083028341
0.0085462801
0.0087433066
0.010627038
0.011347044
0.012079739
0.013782343
0.017112805
0.0176227
0.017245109
0.018120242
0.014974159
0.01453381
0.013245181
0.012367264
0.0081842718
0.0068184524
0.0080183147
0.0064419311
0.0027639829
0.0010131007
0.00015951809
-0.00034122854
-0.0028809512
-0.0034941365
-0.0027234512
-0.0021283199
-0.0016009199
-0.00097148765
-0.00090823907
-4.1301831e-06
-5.0780821e-05
-2.6598179e-05
0.00021461149
0.00047549895
-0.0013002273
-0.0015001438
-0.001589788
-0.00092680434
0.00026889378
0.0046482559
0.00775928
0.0055226877
-0.00027060906
-0.0059223161
-0.0088824847
-0.01078702
-0.010365836
-0.012286318
-0.013187578
-0.008844769
-0.0083859808
-0.0051119661
-0.00083004706
0.0013307731
-0.0014736018
-0.0065976994
-0.009339258
-0.0088977956
-0.014242915
-0.018739688
-0.020533111
-0.017835346
-0.015512909
-0.015720575
-0.017433949
-0.019178631
-0.020448037
-0.021415986
-0.019655821
-0.018149397
-0.018098853
-0.019193752
-0.019553832
-0.017652241
-0.016159686
-0.014456715
-0.012373925
-0.0097531535
-0.0062436598
-0.0011399516
0.00091847498
0.0025727253
0.0056245788
0.0053281673
0.0051848464
0.0051772278
0.0089869521
0.015327592
0.019996795
0.024027735
0.027047637
0.027505172
0.025096516
0.023921176
0.024812415
0.024858031
0.025071584
0.026807616
0.02712569
0.025905091
0.026885089
0.024743847
0.024858198
0.025349166
0.027976934
0.028753824
0.028011981
0.029261994
0.030456676
0.028971301
0.027471309
0.026780607
0.025666467
0.023371657
0.022866717
0.024558691
0.02309069
0.021116345
0.019132588
0.01350303
0.010195817
0.0096799955
0.0091432873
0.010201267
0.010533974
0.0086736799
0.0062109838
0.002769527
-0.0011751872
-0.0022160491
-0.0017243622
-0.0014684544
0.001101179
0.0034410706
0.0045801363
0.0061640113
0.0068495323
0.0066111085
0.0068593866
0.0064789938
0.0063084422
0.0060732185
0.0062137605
0.0074352013
0.0083883911
0.0093246039
0.011329948
0.013625334
0.015311672
0.016066686
0.020473439
0.022794206
0.022534487
0.018495268
0.017176518
0.016520295
0.012283458
0.0094834275
0.007008108
0.0036891017
0.0019385567
0.0008598618
-0.0028226284
-0.004924463
-0.0055446708
-0.0048703791
-0.0058956748
-0.0056108404
-0.0039744515
-0.0028024079
-0.0024393913
-0.0024073154
-0.001945966
-0.0021740768
-0.0018825983
-0.0021397624
-0.0019213065
-0.0014625128
-0.005149324
-0.005001536
-0.0052763102
-0.005263449
-0.0056572108
-0.00081383303
0.0023957097
-0.0013974275
-0.0037845682
-0.0066739008
-0.013823176
-0.016019464
-0.015623362
-0.01439421
-0.015052556
-0.016665136
-0.017701039
-0.01413089
-0.0071256862
-0.0018023751
-0.0048309445
-0.011554667
-0.013140943
-0.015052977
-0.020314056
-0.024166003
-0.024750011
-0.022586623
-0.020960503
-0.023814549
-0.0279819
-0.031887162
-0.034294954
-0.034016087
-0.031584463
-0.027469057
-0.028028725
-0.028284049
-0.027613976
-0.026128181
-0.024170279
-0.021806601
-0.01751371
-0.012889782
-0.0074315183
-0.0038848027
0.00061250426
0.0043910749
0.013660864
0.018780306
0.017199278
0.020981777
0.02419115
0.025716575
0.031758011
0.0387067
0.043007445
0.037782908
0.034697891
0.03820386
0.038606359
0.040075683
0.038218952
0.037355065
0.0383991
0.037718665
0.038006949
0.036731335
0.035828661
0.032873052
0.032366551
0.033298071
0.032777928
0.031742469
0.029477807
0.025585045
0.024828408
0.024530624
0.022838066
0.019927936
0.018545436
0.01715209
0.013281637
0.0092207996
0.0068204587
0.005686705
0.0039607694
0.001657675
-0.0005919413
0.00029359937
0.00049531222
-0.0012136891
-0.0020080835
-0.0036634251
-0.0044287451
-0.0040718111
-0.0027794939
-0.00057675598
0.0010537578
0.0032282226
0.0047965973
0.005580359
0.0051949212
0.0048644298
0.0049727661
0.0044373593
0.0040464956
0.0037305594
0.0038505366
0.0039095683
0.0054109434
0.0069325718
0.0089552887
0.0089457919
0.01726853
0.019937932
0.021256722
0.016908167
0.014007786
0.010922058
0.012435641
0.012460832
0.0076108611
0.0036923145
0.00099437144
0.00081902544
-0.0045149075
-0.0063961446
-0.0084169967
-0.0090793308
-0.0089803673
-0.0078278593
-0.0066266097
-0.0045160919
-0.0045872077
-0.0040371384
-0.0038156583
-0.0031625522
-0.0041905257
-0.0040969496
-0.0044978926
-0.0043486771
-0.0047594581
-0.0042646526
-0.0076703614
-0.007007259
-0.0071269877
-0.008348362
-0.0076767246
-0.0047225417
-0.002410753
-0.008483334
-0.012175433
-0.013226231
-0.018828402
-0.01989898
-0.022050275
-0.024571524
-0.024146207
-0.022644675
-0.022032919
-0.01884755
-0.012759136
-0.010152322
-0.011835368
-0.015955995
-0.016309123
-0.020455355
-0.024974378
-0.029079224
-0.029239982
-0.030234463
-0.031159606
-0.033081911
-0.039572715
-0.044511504
-0.049653192
-0.047815836
-0.04583489
-0.044263359
-0.042882772
-0.042036687
-0.041737321
-0.040944456
-0.037273063
-0.031643673
-0.028785728
-0.023634318
-0.017522475
-0.012726358
-0.00407423
0.004902509
0.016798122
0.025315265
0.030712765
0.035348748
0.035858209
0.034548117
0.038107176
0.047576162
0.052152336
0.045163589
0.046928079
0.052365743
0.051563504
0.052167492
0.051850928
0.050046346
0.048547157
0.048969225
0.050356023
0.049962745
0.047142908
0.044393286
0.040191935
0.038029647
0.035549851
0.033796747
0.027076008
0.022854183
0.022562099
0.020688891
0.016622418
0.010564934
0.0063671049
0.0045703442
-7.3592225e-05
-0.0024885817
-0.0042291394
-0.0049890987
-0.0077393854
-0.0091670382
-0.010380343
-0.0097938219
-0.0082297888
-0.0080472143
-0.0068962121
-0.006609221
-0.0062875988
-0.0048461529
-0.0033131843
-0.001825126
-0.00071476243
0.0010116726
0.0022936197
0.0029971336
0.0033580786
0.0034443162
0.0023105456
0.0017405929
0.0011040668
0.00094938865
0.00052842002
0.00099220869
0.0015782501
0.0035627898
0.0044867212
0.0060971979
0.0097528071
0.0078428745
0.0075069694
0.0046384407
0.0046046395
0.0025028022
0.0046189124
0.0027785144
-0.0012866669
-0.0029440101
-0.005423806
-0.0065409537
-0.0092715623
-0.012835107
-0.01311157
-0.012743801
-0.010706012
-0.0085341797
-0.0062792523
-0.0044179042
-0.004284555
-0.0042424478
-0.004921269
-0.0060737947
-0.00633016
-0.0056535214
-0.006550307
-0.0068578121
-0.007592615
-0.0077503706
-0.0090313226
-0.0077807056
-0.0080571424
-0.0085193302
-0.008309354
-0.0056447276
-0.0091275858
-0.016655551
-0.021057716
-0.022773355
-0.024823385
-0.027033886
-0.028645125
-0.033669013
-0.03306313
-0.026664192
-0.024293847
-0.020888063
-0.016545927
-0.016423
-0.018479997
-0.023009931
-0.024542796
-0.02698605
-0.030710608
-0.031535573
-0.036065299
-0.039747222
-0.043973624
-0.046507942
-0.051343861
-0.054559276
-0.058355359
-0.062136791
-0.059895988
-0.056069557
-0.054942939
-0.054083164
-0.051713351
-0.048629064
-0.043704841
-0.035795191
-0.034879162
-0.031018738
-0.025464143
-0.015019727
-0.0044116064
0.0053547803
0.010620888
0.02020764
0.026078653
0.033944519
0.041058494
0.043323575
0.0500518
0.054203434
0.053590197
0.052907602
0.054132886
0.055029943
0.055184223
0.059652923
0.061836958
0.061008233
0.060988909
0.059044087
0.059667925
0.058873232
0.056536962
0.049772415
0.046516317
0.042554584
0.034397501
0.029716775
0.026056918
0.019780446
0.016797724
0.010364457
0.0063485266
-0.0025906161
-0.0069009025
-0.0082673343
-0.0093603404
-0.010683938
-0.010356044
-0.0093887544
-0.013317012
-0.014010982
-0.013882694
-0.012703491
-0.011613496
-0.010635656
-0.008939523
-0.0083422358
-0.0060267578
-0.0044742808
-0.0030454498
-0.001725028
5.9560952e-05
0.0010066276
0.0015776007
0.0015178379
0.001241567
0.0011400481
0.00069072172
0.0003023343
0.00012172647
-0.00021568765
-0.0007560284
-0.00088485771
-0.0012702308
-0.00056660826
-0.00060412299
0.0014900149
0.0024708261
0.00027690671
0.00056435819
-0.00098614153
-0.0015351744
-0.0024078035
-0.0025791467
-0.0034110713
-0.0034163156
-0.0056372681
-0.0080548655
-0.0090610846
-0.010655076
-0.013579131
-0.015552932
-0.015076916
-0.012485189
-0.0089151026
-0.006063854
-0.0054258008
-0.0049810898
-0.0063126293
-0.00716354
-0.0075193242
-0.0070194769
-0.0074927794
-0.0078645558
-0.0087979943
-0.0091233402
-0.00862387
-0.009409403
-0.0093936325
-0.0076640366
-0.0087787534
-0.0097077025
-0.011460147
-0.017383183
-0.024178398
-0.02594924
-0.02550926
-0.026695361
-0.028756472
-0.037140526
-0.037009056
-0.034374835
-0.024121062
-0.019896838
-0.015294246
-0.017367385
-0.018507634
-0.024577511
-0.028797508
-0.032942304
-0.037157548
-0.038241815
-0.041084692
-0.044682713
-0.045868056
-0.049976364
-0.053113132
-0.054250435
-0.055377695
-0.056678515
-0.061375951
-0.061777405
-0.060297627
-0.058025443
-0.057146319
-0.054420692
-0.046662974
-0.03638739
-0.025751818
-0.015920542
-0.014086754
-0.015701526
-0.014763767
-0.0033323217
0.009396301
0.016738637
0.02293983
0.026452291
0.036163693
0.039135441
0.046046839
0.047011738
0.043463814
0.037942652
0.03487126
0.04400371
0.051184663
0.054999802
0.060670181
0.062185312
0.057508471
0.060999601
0.060773019
0.059894745
0.056783645
0.05241175
0.047669577
0.043177899
0.038127671
0.031054264
0.023646661
0.016905556
0.01300607
0.0083763753
0.0016994174
-0.0033644901
-0.0084241418
-0.013997565
-0.015415579
-0.01646839
-0.015797526
-0.016459303
-0.016189296
-0.015794613
-0.015267695
-0.013769129
-0.012760615
-0.010881702
-0.010666834
-0.0097841076
-0.0091007087
-0.0070608959
-0.0056441097
-0.0042188366
-0.002517357
-0.0014753161
-0.0010745268
-0.00099986929
-0.00097953391
-0.00063686055
-0.00031968676
0.00017091996
-4.3707575e-06
8.0102017e-05
5.1870349e-05
-0.00032871001
-0.00077394139
-0.0020153649
-0.0019869765
-0.0017056264
-0.0052589078
-0.005841209
-0.0037491511
-0.00310165
-0.0012768238
-0.0010751425
9.8816446e-05
-0.0012645809
-0.003679432
-0.0057577048
-0.0073516298
-0.0057470342
-0.0084299228
-0.011766756
-0.015307839
-0.018442447
-0.019529885
-0.014522304
-0.01063181
-0.0074176827
-0.0083127736
-0.0079729907
-0.0089116282
-0.0081998497
-0.0089633957
-0.0085965671
-0.0093240108
-0.0087919699
-0.0095941616
-0.0094919166
-0.010278303
-0.0091823202
-0.010402356
-0.01073295
-0.013213835
-0.014001453
-0.015985884
-0.021487436
-0.025961894
-0.02535774
-0.027555998
-0.027223309
-0.031895048
-0.036958707
-0.039181614
-0.036452198
-0.023808527
-0.015838798
-0.012737723
-0.014917922
-0.018679349
-0.024582596
-0.031753603
-0.035240515
-0.036822423
-0.038654962
-0.042892244
-0.046112452
-0.049317159
-0.049307045
-0.050852179
-0.054224849
-0.054761456
-0.056041729
-0.056675169
-0.060370392
-0.059424126
-0.056777926
-0.053925159
-0.045506658
-0.032829669
-0.020362183
-0.0079819456
-0.0066084573
-0.0043791775
-0.001663394
0.0068289991
0.01444856
0.023377621
0.020306099
0.020102518
0.032422133
0.037880611
0.042755755
0.046033513
0.040192062
0.037742217
0.035127668
0.03450382
0.0457633
0.050106018
0.05193865
0.051622054
0.054291782
0.060142106
0.059039577
0.05731634
0.053262864
0.050437633
0.046395456
0.042045917
0.036480438
0.030735754
0.025964407
0.018750861
0.01048538
0.0063324236
0.0024509495
-0.0027321269
-0.0063399952
-0.011107848
-0.012803707
-0.014417056
-0.01614442
-0.015045803
-0.01545926
-0.014701684
-0.014167861
-0.013550347
-0.011397735
-0.010085488
-0.0083124606
-0.0085101201
-0.0081175837
-0.0064699438
-0.0052804908
-0.0043807936
-0.003318509
-0.0024327634
-0.0016225826
-0.0013442499
-0.0012864064
-0.0011149428
-0.00065882177
-0.0004146015
0.00016437732
0.00046590712
0.00066751461
0.00068524806
0.0015465538
0.0010198299
-0.00040027126
-0.0017616826
-0.0047150685
-0.010718112
-0.0073628307
-0.0027096382
-0.00050788356
-0.00052414189
0.00070560028
0.0016690386
0.0023210318
-0.00093263509
-0.0078214311
-0.0108119
-0.013724946
-0.013561304
-0.012997726
-0.016570102
-0.02051047
-0.020252636
-0.014910371
-0.011993405
-0.0094699456
-0.0074953184
-0.0076376191
-0.0091362257
-0.0090555298
-0.0097262833
-0.0093567013
-0.0094901924
-0.009804608
-0.0086505022
-0.0096656862
-0.0098467974
-0.0092014652
-0.010576228
-0.013587628
-0.015353845
-0.015334027
-0.015845336
-0.019526539
-0.018315392
-0.018740981
-0.022083174
-0.023939578
-0.028616927
-0.035098264
-0.039587492
-0.035717925
-0.0209582
-0.014725872
-0.011607725
-0.012236586
-0.013826518
-0.018054346
-0.022642683
-0.026417488
-0.030083677
-0.03243582
-0.034409952
-0.040169386
-0.043599097
-0.047201536
-0.051506226
-0.056675217
-0.057313962
-0.060971259
-0.061041676
-0.059403893
-0.058113657
-0.055258607
-0.044963388
-0.033058885
-0.01887177
-0.010493937
-0.0055791419
-0.0038119898
0.00015080328
0.00096887577
0.0041392487
0.011009571
0.011562934
0.015093407
0.022204919
0.025632843
0.027106914
0.029262805
0.029276269
0.023500799
0.025199739
0.031117726
0.038562774
0.044974833
0.049664975
0.052446423
0.050209196
0.052425079
0.051708684
0.050171
0.045704319
0.043901869
0.037819891
0.034264965
0.032065808
0.027481815
0.022961882
0.018608749
0.010165925
0.0049550558
0.001430412
-0.0012499635
-0.0036144483
-0.0060141421
-0.0079738105
-0.0095314267
-0.010584213
-0.010399311
-0.010670362
-0.0096348775
-0.0099456537
-0.0091607803
-0.0083657204
-0.0083297332
-0.0076710157
-0.0066146469
-0.0058684166
-0.0047622696
-0.0042055901
-0.0029110683
-0.0024247245
-0.002171851
-0.002151854
-0.0017073845
-0.0011711449
-0.0011944831
-0.0017056704
-0.0010282712
-0.00094733169
-0.00043599629
-2.642341e-05
0.0005899003
-4.1894061e-05
0.00013032735
-0.00043525184
-0.0004976615
-0.00037280674
-0.0082568408
-0.011417428
-0.0025869916
-0.0013687438
0.0026397331
0.00056823623
0.0010555382
0.0037805735
0.0022572392
-0.0025546446
-0.0075908575
-0.011119662
-0.012625733
-0.013641835
-0.015581291
-0.019540594
-0.020934521
-0.016640837
-0.013332806
-0.01022366
-0.0088410163
-0.0083016065
-0.006466886
-0.0072515095
-0.0073560417
-0.0080552519
-0.0081419406
-0.0075151532
-0.0074242634
-0.0071468638
-0.0080614812
-0.0088505259
-0.0096030471
-0.01058292
-0.01465919
-0.014908485
-0.013199628
-0.014242125
-0.013911169
-0.014815018
-0.015218676
-0.017659551
-0.021513494
-0.026725607
-0.031977564
-0.033733205
-0.030447215
-0.018926631
-0.014474262
-0.014431884
-0.012923783
-0.011294613
-0.011358278
-0.013783304
-0.017330125
-0.021458083
-0.026512352
-0.029695466
-0.035121507
-0.038992467
-0.045568178
-0.051967924
-0.055693709
-0.060903825
-0.063489845
-0.065550242
-0.065009103
-0.062528802
-0.056528046
-0.04635654
-0.035620153
-0.027496081
-0.022617103
-0.020411935
-0.011745305
-0.0073652525
-0.0043260223
-0.0038417326
0.0053179885
0.0064097551
0.009477181
0.011035959
0.016953766
0.018922323
0.020067573
0.024243059
0.027563347
0.032874748
0.034645492
0.039773678
0.043050549
0.045584129
0.046790337
0.044977424
0.044007401
0.043407726
0.042254143
0.03992627
0.034679869
0.030151296
0.027659625
0.025266512
0.022425593
0.019340199
0.0146727
0.010390245
0.0055675685
0.0030863992
-0.00071246194
-0.00062359736
-0.0031509831
-0.0028890612
-0.003340617
-0.0035620622
-0.0035917353
-0.0045850764
-0.0043567049
-0.0049311709
-0.0047454239
-0.0034405591
-0.003063554
-0.0033869014
-0.0026463552
-0.0017759854
-0.0022501891
-0.0012365505
7.962288e-05
0.00023570619
-0.00012392802
0.00018177121
1.3461503e-05
-0.00025037039
-0.0011945361
-0.001441068
-0.0013449133
-0.00089460519
-0.00073343382
-0.00013398212
-0.00034331448
-0.0010850299
-0.0010841386
-0.0011527253
0.00030003533
0.0017360003
-0.0049233977
-0.0084228323
-0.0033052384
0.001792435
0.004336976
0.0017146525
-0.00078857874
-0.00099448062
-0.0024850252
-0.004221246
-0.0058661172
-0.0085052468
-0.011309067
-0.012793059
-0.014434341
-0.013715913
-0.011228105
-0.007641891
-0.0056196461
-0.0039509214
-0.0042381879
-0.0048044177
-0.0031533616
-0.0025315159
-0.0031470165
-0.0043563904
-0.0053982303
-0.0049858303
-0.0050904675
-0.0057478034
-0.0067485661
-0.0087204596
-0.0082776734
-0.00747046
-0.011796779
-0.012407048
-0.010596063
-0.012275322
-0.01186534
-0.014058094
-0.015311945
-0.015173738
-0.019873364
-0.02720854
-0.031946121
-0.033985693
-0.028192187
-0.020210471
-0.01592945
-0.015702085
-0.014276635
-0.012777936
-0.01204488
-0.01300506
-0.016033731
-0.019429969
-0.025669941
-0.030628673
-0.034286679
-0.039198365
-0.043398142
-0.048532126
-0.052576906
-0.056518927
-0.057831929
-0.063533388
-0.064230997
-0.063415568
-0.057518463
-0.048645483
-0.039123096
-0.033880475
-0.031089442
-0.022402032
-0.01588906
-0.010810598
-0.0042455794
-0.0035615981
0.0060374024
0.0063256864
0.0044465525
0.0089680752
0.01321196
0.013314508
0.018282521
0.022582673
0.023301868
0.026062365
0.027870777
0.031836566
0.035351503
0.036039499
0.037214584
0.035735275
0.033919813
0.034230785
0.030859292
0.029030091
0.026513822
0.02615926
0.023918301
0.023685934
0.023044721
0.01887486
0.016615504
0.013492091
0.0074653534
0.0046412923
0.0029128392
0.0020555675
0.0017394198
0.0021678465
0.001317643
0.00011352663
-0.00039209423
-0.0017053195
-0.0014921802
-0.0010075804
-0.0013294274
-0.00025302225
-0.00016081857
-0.00021558693
-0.00073634309
7.2262673e-05
-0.00037638229
0.00042626175
0.00070437801
0.00060016312
-0.00016737575
0.0016371375
0.0010416916
0.00084134217
-0.00021299099
-0.00071070286
-0.00050748353
0.00069919891
0.00030067397
8.0593249e-05
-0.00038641856
-0.00090405815
-0.0011373728
0.00048252149
0.00061581461
0.0010339823
-0.0016923582
-0.004047104
-0.0042594977
0.0021118239
0.0043745406
0.0030153993
0.0012336418
-0.003020592
-0.0043648553
-0.0028979909
-0.0029308847
-0.0041119666
-0.0062217437
-0.0069700263
-0.0066842507
-0.0041997274
-0.0028020491
0.00045214894
0.0032038112
0.0018599635
0.00084033354
0.0021744176
0.0025760769
0.0010271467
0.0007679777
0.0018475348
-0.0006736984
-0.0024867853
-6.0727393e-05
-0.0028445604
-0.0049332346
-0.0073149021
-0.0050855222
-0.0070134076
-0.01014297
-0.011365208
-0.011402386
-0.012160069
-0.012888432
-0.016146878
-0.016602129
-0.018119548
-0.021409058
-0.024565597
-0.030893348
-0.033920196
-0.032944581
-0.026725466
-0.020563441
-0.018493319
-0.016864458
-0.015010372
-0.014483582
-0.013883031
-0.014922354
-0.017921876
-0.023701789
-0.028184929
-0.033288309
-0.036605972
-0.040759376
-0.044561693
-0.047691781
-0.050991414
-0.055431378
-0.055547234
-0.058414574
-0.056558537
-0.05065359
-0.043556693
-0.037508932
-0.03149841
-0.026861031
-0.022985259
-0.017503534
-0.0070819214
0.0015209646
0.010177798
0.011908176
0.010380843
0.011532729
0.012354131
0.015893809
0.020218876
0.022979182
0.023751778
0.024179182
0.025301502
0.025619932
0.024794627
0.027678263
0.027888251
0.02732615
0.024684056
0.026214031
0.025461654
0.025582839
0.023462019
0.024098571
0.022069708
0.020717192
0.020012067
0.020122314
0.018289596
0.015030565
0.01332802
0.0085781025
0.0048169646
0.0030046874
0.00020637338
0.0020179521
0.0022160162
0.0013226863
0.00022091482
-0.00055579007
-0.0011051085
-4.4632652e-05
0.00016261136
0.0007082522
0.0012938093
0.0014563387
0.0014874555
0.0015018223
0.0030287422
0.0029180183
0.0037903898
0.0035341478
0.0030014451
0.0022590657
0.0034268618
0.0048641163
0.0036365306
0.0037454687
0.0046183504
0.004004986
0.0027176812
0.0038593336
0.003358428
0.0031919615
0.002693836
0.0023578065
0.0025609976
0.00065843969
-0.0012740986
-0.00076839424
0.0028638491
0.0012891558
0.00050219152
0.0022031942
0.0036308212
0.0044819978
0.00058356811
-0.0015432805
-0.0012884721
-0.00046858661
-0.00018287002
-0.0009104445
-0.00044493712
0.00048263766
0.0027013972
0.0047712822
0.0063255236
0.0070465414
0.0078749088
0.0091942549
0.006902788
0.0071173049
0.0083365885
0.0073621998
0.00579267
0.0021903657
-0.00022107445
-0.00040282207
-0.0010362905
-0.0027836293
-0.0034448731
-0.0057022687
-0.0078778396
-0.0074027811
-0.0081038893
-0.010823176
-0.011512227
-0.012960711
-0.013986529
-0.013959873
-0.015684005
-0.016417112
-0.018172455
-0.019518476
-0.021433169
-0.023575456
-0.023972938
-0.021609864
-0.019961662
-0.017557087
-0.016075921
-0.015433415
-0.015219859
-0.016284721
-0.017650832
-0.019368958
-0.023727049
-0.027196721
-0.030589594
-0.034304413
-0.039308073
-0.041310085
-0.04260773
-0.044435998
-0.043795228
-0.046549173
-0.04367843
-0.03959091
-0.033631004
-0.029022465
-0.022176538
-0.017644761
-0.01381283
-0.0076234099
-0.00091562039
0.012941326
0.018828176
0.018407779
0.021073882
0.020999203
0.020557307
0.022678317
0.02749355
0.028273896
0.026245639
0.02851548
0.028696201
0.028956792
0.028401734
0.027930196
0.02810631
0.028004506
0.025431885
0.022608093
0.02246463
0.021319782
0.020421443
0.020396065
0.017893057
0.015177632
0.014261408
0.011282893
0.0078619522
0.0023911165
7.7904641e-05
-0.0035427946
-0.0069034072
-0.0070643543
-0.0072371573
-0.0050168431
-0.0052995504
-0.0056816234
-0.0052807439
-0.0039136127
-0.0014309971
-0.0017557023
-0.00229884
-0.00038236059
0.0033689343
0.0036808499
0.0055988503
0.0068350357
0.0093219015
0.009258104
0.01038501
0.0129784
0.014874799
0.015054947
0.015402306
0.015189569
0.012569006
0.011770715
0.011019459
0.0096537683
0.0075970537
0.0084259934
0.0072525244
0.0068991529
0.0065439899
0.0050455177
0.0030021688
0.0012411203
-0.0010979203
0.0022270177
0.00620112
0.0080451743
0.005675629
0.004785263
0.005017607
0.0050045211
0.0030708152
0.001703086
0.0021179025
0.0024992293
0.0023106074
0.0023519523
0.0046546013
0.0049506809
0.0074589242
0.0094662382
0.0094361953
0.01000701
0.010974292
0.012072748
0.011258041
0.0097481005
0.0085101764
0.0077568756
0.0060969568
0.0022657539
0.00013068859
-0.0021047327
-0.0032391322
-0.004281099
-0.0042185224
-0.0047063631
-0.005393761
-0.0050971816
-0.0054526526
-0.0049836507
-0.0053402945
-0.0085494765
-0.0094912269
-0.0096909626
-0.0097238359
-0.0096641035
-0.010535359
-0.0099408664
-0.010239607
-0.011010077
-0.015314607
-0.019243057
-0.018455631
-0.01691295
-0.013750126
-0.011522075
-0.012513181
-0.01254452
-0.015249625
-0.016183714
-0.01836173
-0.021303892
-0.022708001
-0.026225997
-0.028402708
-0.030061852
-0.030730817
-0.032557182
-0.032901174
-0.030673584
-0.027914863
-0.024256287
-0.01850371
-0.013292225
-0.0095586886
-0.0079609881
-0.0047859856
-0.00067879312
0.0059329514
0.015700375
0.023784149
0.024371408
0.024642008
0.023546585
0.023195249
0.026727262
0.031404558
0.031573686
0.030386174
0.027941373
0.026471101
0.0281611
0.028385542
0.02962804
0.029221332
0.025959575
0.023316293
0.021493854
0.018424809
0.018669537
0.016827209
0.015800647
0.012594476
0.0089071553
0.0062893033
0.0019728933
-0.0022158041
-0.0035934369
-0.0065379458
-0.010061852
-0.011375834
-0.01164876
-0.010089934
-0.0073785264
-0.0072600626
-0.0068009492
-0.0040683834
-0.002221789
-0.0007742316
-0.00021195255
0.00080079232
0.0040693963
0.0058497162
0.0063458626
0.0076602304
0.010385609
0.010642673
0.011764005
0.01332768
0.016071672
0.0175776
0.019798882
0.021570219
0.020852929
0.01954768
0.01475345
0.010716899
0.0075959552
0.0049920793
0.0052416389
0.006324839
0.0061726366
0.0055115062
0.0040372976
0.0045763698
0.0015678561
0.0041269707
0.0066383008
0.0094311385
0.0062359287
0.0054230584
0.0069404573
0.0053064926
0.0054880243
0.003756181
0.0053721419
0.0068545803
0.0083561964
0.0079173512
0.0078087973
0.0086536851
0.0096067601
0.0095229494
0.011752364
0.013146941
0.01548743
0.016946457
0.01683546
0.018357717
0.018192219
0.016068358
0.012939953
0.0092914459
0.0085176667
0.0064669696
0.0019060936
-0.00038623958
-0.002352552
-0.0033488547
-0.00044088182
-0.0025387323
-0.0034243711
-0.001737248
-0.00049252913
-0.001573326
-0.0021125562
-0.0020715353
-0.0022920258
-0.0035751086
-0.0034938754
-0.0029310191
-0.0020208913
-0.0025835307
-0.004053972
-0.0044057102
-0.011100924
-0.012388471
-0.011206558
-0.010019003
-0.009554513
-0.0082584614
-0.0087008907
-0.009265635
-0.011283951
-0.012281016
-0.014552461
-0.015538628
-0.016891074
-0.017082822
-0.01931102
-0.020890686
-0.023081418
-0.021945333
-0.018998376
-0.013084309
-0.011232142
-0.0068220803
-0.0040238379
-0.0021424445
-0.0004076995
0.0028823139
0.0064026303
0.010513636
0.016852754
0.021223257
0.022809696
0.021622003
0.021909984
0.023188243
0.025242087
0.026861454
0.027922033
0.027181866
0.024124706
0.023570831
0.025810177
0.026032432
0.024369718
0.022666128
0.02026827
0.01848815
0.016095636
0.013497344
0.011999027
0.011476203
0.010233462
0.0080920869
0.00467055
0.0011687586
-0.0023149136
-0.0057621351
-0.0059046321
-0.0077210633
-0.0086836651
-0.0098253022
-0.0092237583
-0.010586097
-0.0086456216
-0.0068893941
-0.0060017974
-0.0049168796
-0.0028410803
-0.002174166
0.00020603204
0.0027590639
0.0058155704
0.008267694
0.0101776
0.010511552
0.011775379
0.012832725
0.014196108
0.014249123
0.018270743
0.019474999
0.021806673
0.021041139
0.021936821
0.020609904
0.015906166
0.01216987
0.0070804926
0.0052558248
0.0051895592
0.0050957623
0.0054399385
0.0053066378
0.0053568424
0.0044599194
0.0060261408
0.0085543266
0.0091225757
0.0089655007
0.0072325766
0.0063765358
0.0063659251
0.0058212258
0.0054792562
0.0055266695
0.0062096663
0.0084249865
0.0091030173
0.0093544916
0.0087753601
0.0094692964
0.010546319
0.011656452
0.013955374
0.016100606
0.018339016
0.020867606
0.022686075
0.023930647
0.025207467
0.024648877
0.021224721
0.017771747
0.016701748
0.014394751
0.01126978
0.0071518976
0.0036405123
0.00095835063
0.0032293801
0.00081893901
0.00051577718
-0.00038515476
0.00019172641
0.00071121439
0.0022785505
0.0023580177
0.0022307383
0.0032491028
0.0024696823
0.0028365897
0.0032405463
0.0026853474
0.001285698
0.0015141053
-0.0037004812
-0.0038605859
-0.0049040721
-0.0040475623
-0.0046634787
-0.0043266196
-0.0052451231
-0.005390177
-0.0056797782
-0.0056486408
-0.0070546812
-0.0081262175
-0.0095016483
-0.00978159
-0.010148576
-0.011722312
-0.013436437
-0.013874675
-0.011510512
-0.0084298685
-0.0048783481
-0.0019866181
0.00064475277
0.0030986702
0.0042267678
0.0053492609
0.0097609583
0.012597807
0.014841409
0.016200081
0.016842483
0.017997458
0.018871155
0.01806277
0.018431496
0.020037438
0.020711976
0.02113252
0.01927781
0.018203707
0.018693316
0.01759781
0.016146476
0.013910651
0.011338844
0.0097321421
0.0091760344
0.0071674411
0.0060393742
0.0042539874
0.0028488682
0.001127619
-0.0012191325
-0.0038360361
-0.0059108019
-0.0068534022
-0.0074452588
-0.0078116492
-0.0089113022
-0.0099556582
-0.0094735699
-0.010184927
-0.0096942826
-0.0081011426
-0.0053206418
-0.0052057447
-0.0048747369
-0.0034206248
-0.0021985873
0.0016466087
0.0045865196
0.0084182317
0.010163884
0.012225188
0.013577369
0.013671173
0.013689267
0.015745255
0.017972294
0.019321576
0.02043907
0.021787187
0.021488207
0.018874217
0.015436543
0.011348994
0.0097807507
0.0066895578
0.0048682242
0.0046538763
0.0055680529
0.0043653469
0.0061911973
0.0080492263
0.0094067214
0.0099860092
0.010448261
0.010312359
0.007739744
0.0069183308
0.0064053537
0.0070893398
0.0066858402
0.0059258417
0.0067571395
0.0075435828
0.0081242332
0.0081635081
0.0080707937
0.0084471938
0.0090215427
0.0088544788
0.010183276
0.012473952
0.014124276
0.017791635
0.021261905
0.024517037
0.027060125
0.027285988
0.026169571
0.025520487
0.023319424
0.020380005
0.017891082
0.012295698
0.01013235
0.0060900304
0.0086606602
0.0062105792
0.0052327724
0.0037621654
0.0023867388
0.0021508112
0.0032518208
0.0042477689
0.0041893791
0.0041572457
0.0043214378
0.0038065121
0.0040873026
0.0044919813
0.0031873498
0.0029106011
0.0024597248
-5.4291431e-05
-0.0012183208
-0.0017101189
-0.0022810188
-0.0017743326
-0.0028354401
-0.0033716245
-0.0034470619
-0.0027075145
-0.0034979595
-0.0041281319
-0.0050194302
-0.0053493796
-0.0062653062
-0.0070466308
-0.0080963547
-0.0093312708
-0.0085688124
-0.0062121358
-0.0040966907
-0.0020381503
0.0012899513
0.001768729
0.0026088987
0.0034895984
0.0065482245
0.0093640236
0.0091426577
0.010670815
0.011810645
0.012189209
0.013773724
0.012053278
0.010599763
0.011694264
0.012686323
0.012798968
0.012657872
0.012260531
0.010780888
0.0084719745
0.007619302
0.0062964087
0.0040491395
0.0020018474
0.0012935622
0.00060726112
-0.00033797151
-0.0010330197
-0.001558769
-0.0028435573
-0.0041758186
-0.0058142643
-0.0065570667
-0.007326757
-0.0088356934
-0.0092907288
-0.0098825736
-0.0097751786
-0.0088508464
-0.010189793
-0.0095701386
-0.0070736601
-0.0050442726
-0.0036524742
-0.0032031298
-0.0019780626
-0.00083792924
0.00019768738
0.0027732224
0.0052607256
0.0062984771
0.00771141
0.0087463335
0.010652462
0.011811441
0.012423306
0.012839124
0.014729579
0.018177163
0.019318584
0.018377432
0.017901374
0.015676608
0.012827683
0.01099105
0.0084442416
0.0057219833
0.0043866035
0.0061088471
0.0066153533
0.0072953934
0.010120623
0.011257282
0.011770406
0.01043086
0.0096325032
0.0084767946
0.0066513309
0.0068018142
0.0062484656
0.0058357946
0.0056407378
0.0052832234
0.0052283962
0.0056102838
0.005634797
0.0057198334
0.0057618517
0.0066256544
0.0072244394
0.0075972899
0.0091289204
0.010533152
0.01240989
0.014611482
0.017651351
0.021501192
0.02475438
0.025604592
0.024991189
0.026326423
0.025084295
0.022129454
0.019436103
0.015174333
0.012251882
0.012596693
0.010228757
0.008292248
0.0076460477
0.0073265754
0.0063391392
0.0055292975
0.006224996
0.005513177
0.0061874012
0.0055447198
0.0065274046
0.006490286
0.0062123266
0.0048888278
0.005080701
0.0051094659
0.0021240602
0.00074706673
-0.00057774503
-0.0011464078
-0.0021921314
-0.0030394978
-0.0031910001
-0.0038254128
-0.0040719733
-0.0043138755
-0.0042680515
-0.0048074031
-0.0049586497
-0.0053149901
-0.0055465733
-0.0066576674
-0.0073268799
-0.0079759108
-0.0074613338
-0.0053822694
-0.0035387304
-0.0010386192
-0.0012142888
-0.0005842385
0.00028875287
-0.00018159115
0.00069995847
0.003152151
0.0042381681
0.006329585
0.0069463867
0.0078030618
0.0060110449
0.0032173375
0.0040394096
0.0050358957
0.0066431699
0.005838913
0.0058562278
0.0060911584
0.0043365061
0.0031734763
0.0019105049
0.0011027278
0.00024749606
-0.00086133603
-0.0022357637
-0.0033384383
-0.0031369436
-0.00294274
-0.0035777343
-0.0050220847
-0.0057498123
-0.0063193978
-0.0071680418
-0.0081160629
-0.0098402676
-0.010118597
-0.010736333
-0.010255423
-0.0099781734
-0.0082764113
-0.0067852444
-0.0036750514
-0.0012838618
-0.0011231426
-0.00026652181
0.001480773
0.00079597822
0.0020764206
0.0023604175
0.0017922397
0.0028606174
0.0049318994
0.0054195023
0.0062056267
0.0073623171
0.007722319
0.009853503
0.012477074
0.014868185
0.014115167
0.01406966
0.012956398
0.013182322
0.0093138011
0.0080161383
0.0063025415
0.0051418513
0.0060247758
0.0057240571
0.0067561279
0.0076582483
0.0078158147
0.0085574893
0.0075673367
0.0059047312
0.0059345813
0.0047802823
0.0051285641
0.0045526992
0.0041220953
0.0045536541
0.004041173
0.0033679764
0.0033919701
0.0037487694
0.0040910172
0.0037280253
0.003348301
0.004641953
0.0054505091
0.0067506469
0.0081082747
0.009048702
0.010856371
0.011967087
0.014614963
0.017850985
0.019413732
0.019667052
0.02061714
0.020365989
0.019386706
0.018732675
0.017302651
0.01459854
