0.00034997957
0.00042593002
0.0007531274
0.0015249615
0.0022428424
0.0049609772
0.0095524253
0.010833496
0.0051871202
0.00097133924
-0.0023349989
-0.0051292661
-0.0091089346
-0.0093899513
-0.0081028629
-0.007313636
-0.0035594536
-0.0027429112
-0.00020246347
0.0011981968
0.00058259577
-0.0037727691
-0.0068504085
-0.0086066419
-0.012588531
-0.01369888
-0.014805612
-0.015057184
-0.013560224
-0.012282799
-0.01229568
-0.013002145
-0.013863847
-0.015168952
-0.015106971
-0.014083456
-0.014538654
-0.01583421
-0.015598801
-0.014142088
-0.012599631
-0.012357692
-0.012024911
-0.011209172
-0.0094903399
-0.0065541949
-0.0039211587
-0.0040758719
-0.0044978194
-0.004491703
-0.0031361013
-0.0045713078
-0.0043507013
0.00088187182
0.0062897637
0.010897324
0.014339097
0.016244897
0.014847623
0.011593197
0.0093421975
0.010207226
0.011351617
0.013297994
0.016598557
0.015403704
0.0154853
0.015376132
0.016232666
0.018063679
0.02126465
0.02286289
0.024884518
0.027982232
0.028395922
0.029262145
0.029444405
0.028862284
0.027240532
0.025386575
0.025956984
0.027046443
0.028465282
0.027857639
0.025613369
0.020129222
0.016124742
0.010830112
0.010747703
0.012914761
0.014527402
0.014660291
0.013971633
0.0098892895
0.0049947531
0.0019638726
0.00074975287
0.00039423697
0.0015887384
0.0033536792
0.0041523417
0.0058289595
0.0064248685
0.0075059478
0.0079245768
0.0079468314
0.0077887253
0.0081997393
0.0078399863
0.0087226016
0.0089847833
0.0091181868
0.010989653
0.01195326
0.012748144
0.014249405
0.016918117
0.017459957
0.017875
0.019055819
0.01595446
0.014512042
0.013393581
0.012578363
0.0083724875
0.0071034066
0.0086934827
0.0072099254
0.0031189276
0.0013847337
-7.3863696e-05
-0.00099357695
-0.0034235991
-0.0041930927
-0.0031280577
-0.0024871457
-0.0019760658
-0.0012180175
-0.0011097778
-0.00011333339
-0.00016037417
5.3228081e-06
0.00027455869
0.00054805103
-0.0010866713
-0.0012591913
-0.001311347
-0.00078484341
0.0002092895
0.0045942214
0.0068568847
0.0045216375
-0.00057977973
-0.0059484191
-0.009312002
-0.010876288
-0.010502883
-0.012574067
-0.014083022
-0.0096117346
-0.0089453862
-0.0058656887
-0.0014835103
0.0003371089
-0.0024154789
-0.007558592
-0.010509427
-0.0093887752
-0.013858036
-0.018288308
-0.020368439
-0.018403037
-0.016094247
-0.01658008
-0.018678216
-0.020230781
-0.021060136
-0.021916779
-0.020266134
-0.018848025
-0.019098036
-0.020677339
-0.021390407
-0.019919509
-0.018806975
-0.017389004
-0.015252925
-0.013075944
-0.0099333349
-0.0046936682
-0.0021256785
2.298982e-05
0.0038842574
0.0045708098
0.0045607017
0.0043342518
0.007663904
0.014168668
0.018976223
0.023379738
0.027097716
0.028057889
0.026160283
0.024882971
0.025445623
0.025252012
0.025508264
0.026966126
0.027712053
0.026557905
0.027799969
0.026116281
0.026480057
0.027082025
0.029820108
0.031044376
0.03093793
0.032376614
0.033889553
0.032616933
0.031819402
0.031120397
0.029525979
0.026085547
0.024335866
0.024801458
0.022761368
0.020122712
0.017779542
0.012420402
0.0091493832
0.0091862216
0.0092763974
0.010526636
0.010841164
0.0087652831
0.0059205119
0.0028652651
-0.00056687525
-0.001811822
-0.0012857122
-0.0011056915
0.0012485427
0.0034540266
0.0046911555
0.0063973709
0.0071506149
0.0069642081
0.0072528141
0.0070759609
0.0068662654
0.0066430454
0.0066403243
0.0078637716
0.00871098
0.009577178
0.011561592
0.01386581
0.015616832
0.016187467
0.02023135
0.022512803
0.022780673
0.01882421
0.017328429
0.016779576
0.012190368
0.0097642913
0.0067777122
0.0038725301
0.0020363253
0.00062841221
-0.0028633001
-0.0051054782
-0.0062418165
-0.0052847934
-0.0059951238
-0.0057767725
-0.003928362
-0.0028457421
-0.0023217481
-0.0023007075
-0.0019620504
-0.002127138
-0.0018041919
-0.0020920173
-0.0018542275
-0.0013359705
-0.0047243504
-0.0044683835
-0.0048541019
-0.0048698195
-0.005454392
-0.00085051598
0.001670798
-0.0020185947
-0.0043524265
-0.0068519396
-0.013568503
-0.016181862
-0.015741567
-0.01459231
-0.01584939
-0.017377875
-0.018765653
-0.015334176
-0.0084337817
-0.0029334021
-0.0058355198
-0.012758258
-0.014351394
-0.015518904
-0.019821118
-0.02386925
-0.024543601
-0.022835788
-0.021263866
-0.023887586
-0.028365798
-0.0321724
-0.034648116
-0.034275799
-0.032319451
-0.029119243
-0.029893695
-0.030483326
-0.030301841
-0.029424004
-0.02807056
-0.025829289
-0.021229411
-0.016696428
-0.011484858
-0.0076659558
-0.0031489152
0.00093237168
0.010469694
0.016484042
0.016002769
0.019704008
0.022587448
0.023994431
0.029943123
0.037600721
0.043251969
0.038608406
0.035637996
0.03892748
0.039174368
0.040655141
0.038663356
0.038408713
0.039762345
0.039669758
0.040628008
0.039431301
0.038986749
0.036617146
0.036442474
0.037674025
0.03759209
0.036854677
0.034646686
0.030760669
0.029955935
0.029170261
0.026831998
0.022613987
0.020014647
0.017675478
0.013482359
0.0086504915
0.0054650237
0.0042852617
0.0030970395
0.0017692842
0.00029164806
0.0010619
0.0007979706
-0.0010786854
-0.0020397547
-0.0035287676
-0.0043088562
-0.0041218712
-0.0026461286
-0.00022979441
0.0014408585
0.003428484
0.0051819056
0.0060536752
0.005850878
0.0054239365
0.0056804358
0.0053086225
0.0049667146
0.0044531338
0.0044428406
0.0043459781
0.0056900269
0.0071025302
0.0092286917
0.0089501774
0.017113899
0.019293088
0.020433315
0.016606015
0.014268111
0.010609233
0.012817963
0.012850046
0.0080333052
0.0039018058
0.00073475234
0.00052832861
-0.0051090297
-0.0069576497
-0.0088614149
-0.0095548225
-0.0093154795
-0.0075280754
-0.0066513324
-0.0044413674
-0.0042328942
-0.0036364752
-0.0035767749
-0.0028612041
-0.0040179122
-0.0037961137
-0.0042431318
-0.0039950013
-0.0043859642
-0.0037904602
-0.0070923599
-0.0065634958
-0.0064675471
-0.0078472128
-0.0073130228
-0.0045515413
-0.002384083
-0.008534305
-0.012533029
-0.013182132
-0.018716511
-0.020087093
-0.022588761
-0.025176402
-0.02523882
-0.023674038
-0.023613437
-0.020828626
-0.014511495
-0.011802831
-0.013435422
-0.018087917
-0.018161067
-0.020984527
-0.025065221
-0.029031807
-0.029231688
-0.030374102
-0.031221445
-0.032464864
-0.038710079
-0.043859955
-0.049160759
-0.048000878
-0.04635289
-0.045799335
-0.044839162
-0.044216059
-0.044332087
-0.044586473
-0.04155922
-0.035927936
-0.032740134
-0.027723645
-0.022085031
-0.017229202
-0.0093198168
-0.00088472347
0.01155194
0.020988247
0.026875812
0.032239836
0.033458141
0.032424302
0.035484141
0.045703971
0.051773658
0.045206867
0.047181608
0.052023087
0.050863491
0.052007185
0.052471902
0.051537894
0.050481431
0.051854121
0.053821137
0.053420886
0.051614551
0.04923437
0.045518738
0.043956999
0.041775712
0.039919763
0.033257791
0.028592618
0.02791288
0.025616077
0.020705436
0.014300136
0.0089012515
0.0058437233
0.0005737844
-0.0029972209
-0.0046451636
-0.0054397152
-0.0076402521
-0.0083696331
-0.0090663577
-0.008993353
-0.0079618658
-0.008176322
-0.007331724
-0.0067674281
-0.0064319808
-0.0047351239
-0.0031649997
-0.0015170117
-0.00028687893
0.0013901298
0.0025526994
0.003391026
0.0038794863
0.0042088531
0.0031808281
0.0025584936
0.0018444476
0.0015733211
0.00091708804
0.001229844
0.0016482504
0.0037235583
0.004733243
0.005847053
0.0092848971
0.0070876102
0.0066881141
0.0038957701
0.0043132071
0.0030176237
0.0049553484
0.0034822173
-0.0012516594
-0.0031215708
-0.0059107077
-0.0070536779
-0.01001384
-0.013802805
-0.014052938
-0.013623469
-0.01126281
-0.0086259829
-0.006108407
-0.004107325
-0.0038259919
-0.0038530045
-0.0043024306
-0.0055609605
-0.0058894049
-0.005070483
-0.0059009917
-0.0062445373
-0.0068482624
-0.0071455961
-0.0085107865
-0.0075010418
-0.0077726554
-0.0081886953
-0.0080019182
-0.0054588762
-0.0084675136
-0.016198667
-0.020623174
-0.022925672
-0.025103145
-0.026960868
-0.029002643
-0.034350391
-0.034007214
-0.027915551
-0.025702856
-0.022691252
-0.018525176
-0.018325807
-0.020434018
-0.025299884
-0.026809489
-0.028529376
-0.03235615
-0.032843722
-0.036995135
-0.040219487
-0.043646707
-0.0453617
-0.049932387
-0.053098603
-0.057270351
-0.061950535
-0.060429472
-0.057286258
-0.056353663
-0.055925313
-0.054141183
-0.051759556
-0.047344809
-0.039412459
-0.038462536
-0.035116242
-0.029946217
-0.020052417
-0.0099837659
-0.00057519509
0.0048676069
0.014381504
0.020835524
0.028415299
0.036349497
0.039667678
0.047187393
0.052160157
0.052445141
0.051912132
0.053437459
0.054662434
0.054325674
0.058500905
0.061681971
0.061701004
0.062844632
0.061846012
0.063004968
0.062190648
0.060959476
0.054888483
0.051595091
0.048403728
0.040967522
0.035851378
0.031873019
0.025322466
0.022138098
0.015323567
0.010708758
0.0016811481
-0.0036393711
-0.0061014011
-0.0080360579
-0.0099035778
-0.0097591847
-0.0085059279
-0.012279614
-0.012893388
-0.013001918
-0.011997712
-0.011250964
-0.01047285
-0.0088085614
-0.0081567326
-0.006025186
-0.0042757157
-0.0028814158
-0.0015348383
0.00026920715
0.0011588246
0.0014587914
0.0016347871
0.001610478
0.0017413046
0.001310729
0.00089178206
0.00074693825
0.00024082731
-0.00041928106
-0.0007050968
-0.001130829
-0.0003324972
-0.00037414963
0.00094440592
0.0019231773
-0.00022717472
-0.00031085238
-0.001013049
-0.0015743684
-0.001905487
-0.0022308585
-0.0034073431
-0.0036905765
-0.0057273117
-0.0086492843
-0.0096311934
-0.01170054
-0.014950072
-0.017027364
-0.016216588
-0.013308538
-0.0094463766
-0.0061361449
-0.0052420857
-0.0045128559
-0.0057847797
-0.0065266909
-0.0069297991
-0.0063960943
-0.0066904298
-0.0071113558
-0.0079808454
-0.0083910232
-0.007995527
-0.0093045856
-0.0093103245
-0.0074760082
-0.0085391016
-0.0092085796
-0.010844336
-0.016654984
-0.023314417
-0.025904715
-0.0258113
-0.02732688
-0.0293387
-0.037924499
-0.038299704
-0.035979697
-0.025371963
-0.021150889
-0.016305947
-0.018142267
-0.019453931
-0.025768245
-0.030682081
-0.034416339
-0.038317737
-0.038934811
-0.041592928
-0.045098003
-0.045678669
-0.049256871
-0.052203311
-0.052849859
-0.054066261
-0.05503209
-0.060122805
-0.06105117
-0.060078628
-0.058833857
-0.058777311
-0.056669033
-0.049386036
-0.039776242
-0.029658601
-0.019309332
-0.017221006
-0.019420688
-0.019201759
-0.0090174048
0.0042805025
0.012088208
0.01843328
0.022005829
0.032260111
0.035964388
0.043674487
0.045740735
0.043420662
0.03764161
0.034144517
0.042391559
0.049316216
0.053525598
0.059394654
0.062311179
0.05813996
0.061982328
0.063290545
0.063197026
0.060548339
0.05657431
0.052188531
0.047882552
0.043084338
0.036520327
0.028797176
0.021726133
0.017540705
0.012761583
0.0056967642
0.00044416447
-0.0048969885
-0.011000346
-0.012734821
-0.014708431
-0.014551185
-0.015174467
-0.015152392
-0.014830582
-0.014291802
-0.012704102
-0.011901048
-0.01021024
-0.010336071
-0.009576378
-0.0089998072
-0.0070784581
-0.005674417
-0.0039273113
-0.0019687213
-0.00093750841
-0.00065610272
-0.00062920623
-0.00072520256
-0.00031665394
3.1418675e-05
0.00067487817
0.00038815027
0.00053691658
0.00074501782
0.00045206156
-0.00011623299
-0.0014336757
-0.0014222978
-0.0010949048
-0.0053790144
-0.0062427025
-0.0042981065
-0.0035879964
-0.0014261315
-0.0010386953
0.00035391452
-0.00096647569
-0.0035736558
-0.0058106097
-0.0075468296
-0.0068402057
-0.0091967186
-0.012011433
-0.015940584
-0.018924557
-0.020518797
-0.015123491
-0.010632322
-0.0072929305
-0.0077867376
-0.0075798991
-0.0085997612
-0.0078646222
-0.0085070135
-0.0079758188
-0.0084757876
-0.0080241144
-0.0088300496
-0.0089362482
-0.0099415643
-0.0090300891
-0.010443649
-0.01086753
-0.012716082
-0.013382758
-0.015000718
-0.020680563
-0.025627942
-0.025671645
-0.027895951
-0.02814442
-0.032995504
-0.038632542
-0.04087146
-0.038272636
-0.025403128
-0.016883095
-0.01334644
-0.015289102
-0.018989899
-0.024711136
-0.03169171
-0.035078806
-0.036477916
-0.038243191
-0.042245361
-0.045252765
-0.047960163
-0.048335838
-0.050053329
-0.05238483
-0.053187222
-0.054572594
-0.05474694
-0.059120631
-0.059004168
-0.05711314
-0.054949201
-0.048291112
-0.036140866
-0.024049963
-0.011705228
-0.0094901325
-0.0072771798
-0.005169691
0.002363201
0.009965422
0.019172541
0.01664838
0.015823261
0.028539938
0.034956094
0.0402884
0.044443139
0.039502435
0.036790447
0.033536279
0.03267158
0.044062274
0.048566754
0.050898673
0.050935335
0.053595551
0.060548697
0.0612246
0.059903199
0.056854965
0.0538832
0.050021898
0.045774066
0.040083344
0.034437796
0.030023972
0.023300171
0.014163502
0.0097310723
0.0051740709
-8.7924608e-05
-0.0034329973
-0.0083295053
-0.010162437
-0.012440938
-0.014557929
-0.013891597
-0.01477264
-0.013835445
-0.013258188
-0.012701016
-0.010512579
-0.0094836743
-0.0080390275
-0.0086307004
-0.0081743474
-0.0066806686
-0.0053317837
-0.0042344916
-0.0029766205
-0.0017999558
-0.00080032171
-0.00053768636
-0.0004710589
-0.00046584047
-5.9246124e-05
-6.6177582e-05
0.00022912854
0.0006115557
0.00075730273
0.00098474363
0.0025288123
0.0022287565
0.00085295577
-0.00083990655
-0.0039784386
-0.010685153
-0.0081903126
-0.0034956085
-0.00086231574
-0.00046957451
0.00066470295
0.0016783256
0.0025369276
-3.6199212e-05
-0.0066636922
-0.010535028
-0.013584433
-0.01380398
-0.013330736
-0.016642458
-0.020344059
-0.020713834
-0.014649894
-0.011463392
-0.0092916749
-0.0070266202
-0.0071775297
-0.0086075318
-0.0087011087
-0.00925667
-0.0087938557
-0.0086361775
-0.008966074
-0.0078550485
-0.0090486271
-0.0094676804
-0.0090211689
-0.010333264
-0.013696123
-0.015284194
-0.01449171
-0.014695831
-0.018947102
-0.017639386
-0.01791176
-0.021597685
-0.02385405
-0.028883477
-0.035433998
-0.040383508
-0.036876043
-0.022544913
-0.015127139
-0.011424789
-0.012151235
-0.013431438
-0.017222905
-0.021558837
-0.025071139
-0.028487686
-0.030993016
-0.032343078
-0.037788479
-0.041379975
-0.045440752
-0.049214216
-0.054648942
-0.055218078
-0.059043348
-0.059198017
-0.05810092
-0.057791414
-0.055439068
-0.046698091
-0.036208934
-0.022413999
-0.014124918
-0.0094160339
-0.006708273
-0.0032183278
-0.0026201163
0.00046242363
0.0079790014
0.008667909
0.011711384
0.018896996
0.021804462
0.02408377
0.027059062
0.027330617
0.021804059
0.022796166
0.028355882
0.036166779
0.042381049
0.047303458
0.050662297
0.049268698
0.052431162
0.052620426
0.051945755
0.047833308
0.04643651
0.040630947
0.037395665
0.034976392
0.030404858
0.025854753
0.021632964
0.013251355
0.0080810689
0.0044554037
0.00094288817
-0.0014612607
-0.0037703755
-0.0056661466
-0.00764334
-0.0089502044
-0.009462043
-0.0098097577
-0.008991383
-0.0092495268
-0.0084405296
-0.0077827155
-0.0078294175
-0.0070334514
-0.0062417787
-0.005818883
-0.0046873253
-0.0042115792
-0.0026358742
-0.0019827092
-0.0017427251
-0.0018598896
-0.0014195363
-0.00080397657
-0.00064742706
-0.0012565429
-0.000642311
-0.00042716284
0.0001162371
0.000452535
0.0012603812
0.00050418951
0.00060765192
0.00036608237
0.00058147438
0.0006741484
-0.0072058213
-0.010870703
-0.0026123851
-0.00072428571
0.0027383152
0.0015093774
0.0022285678
0.0046461435
0.00364121
-0.00088126027
-0.0061754467
-0.010049997
-0.011589131
-0.01275785
-0.014329858
-0.019150071
-0.020869747
-0.016004559
-0.012285989
-0.0093644313
-0.0078603042
-0.0077180721
-0.0059967435
-0.00688939
-0.0069679779
-0.0075158443
-0.0074382982
-0.0067050354
-0.0066263678
-0.0065470542
-0.0077955022
-0.0087301528
-0.0094838164
-0.010434226
-0.014333048
-0.014297784
-0.01184611
-0.012607358
-0.012699343
-0.013724606
-0.014047505
-0.01652209
-0.020785843
-0.026445926
-0.031786895
-0.034208042
-0.031662446
-0.020110347
-0.014683501
-0.013976325
-0.012417109
-0.010969817
-0.010424373
-0.012486087
-0.015485923
-0.019237138
-0.024089769
-0.027178703
-0.032555432
-0.03667115
-0.042690961
-0.048789238
-0.052348258
-0.057472607
-0.060205458
-0.062646459
-0.0632882
-0.062200293
-0.057370507
-0.048355463
-0.03804372
-0.030392781
-0.025913595
-0.02396504
-0.015353188
-0.011728162
-0.008351286
-0.0079636155
0.0018187868
0.0032791279
0.0064157408
0.0078470596
0.012476874
0.015360081
0.016692081
0.021101988
0.02448701
0.029892319
0.031418206
0.036418031
0.039797036
0.042413203
0.044130764
0.043328534
0.043291113
0.043718244
0.042655362
0.040690751
0.036315859
0.032088407
0.029707572
0.02752133
0.024501344
0.021540541
0.017066033
0.013034835
0.0084992952
0.0061379664
0.001596079
0.0014245743
-0.0010909884
-0.0011584963
-0.0018050091
-0.0020325825
-0.0026517799
-0.0038004072
-0.0035714093
-0.0043445077
-0.0041072516
-0.0027825458
-0.0023955565
-0.0027631811
-0.0019561112
-0.0011625661
-0.0018514532
-0.0010520513
0.0003714749
0.00073787609
0.00027971647
0.00050941367
0.00057380827
0.0003250075
-0.00043994086
-0.00055649828
-0.00055189947
-0.00016181429
-3.4358484e-05
0.00040742483
0.00025253706
-0.00063669154
-0.00096638043
-0.00088852089
0.00094026666
0.0025325613
-0.0037916444
-0.0072846647
-0.0026669419
0.0020580894
0.0046459032
0.0032747887
0.0012390936
0.00046342315
-0.0010499327
-0.0021293289
-0.0042967878
-0.007319312
-0.0097670068
-0.01136825
-0.013193536
-0.012800099
-0.010577651
-0.0065600712
-0.0045694221
-0.0027756123
-0.0031020873
-0.0041965004
-0.0028908017
-0.0024481444
-0.003304988
-0.0042123955
-0.0049740758
-0.0042620643
-0.0043946042
-0.0054279987
-0.006550282
-0.0088442429
-0.0079769301
-0.0073289431
-0.011092961
-0.011890389
-0.0089883414
-0.010781577
-0.010434991
-0.012075204
-0.014263096
-0.014219805
-0.018956458
-0.026252783
-0.031489362
-0.034339114
-0.029705843
-0.021303024
-0.016302481
-0.015602396
-0.014393214
-0.012467896
-0.011458039
-0.011671163
-0.014363047
-0.017353868
-0.023173236
-0.028097433
-0.031498611
-0.036202757
-0.039725254
-0.044308823
-0.048409695
-0.052814082
-0.053946571
-0.060256921
-0.062086756
-0.062630051
-0.058136374
-0.050449524
-0.040906674
-0.035841665
-0.033876608
-0.025475453
-0.019715176
-0.015548313
-0.0088464311
-0.0076773417
0.002089786
0.0027995051
0.00090066561
0.0042287399
0.0082473604
0.0089446227
0.014095482
0.01864792
0.019465598
0.022435611
0.023596679
0.027531648
0.031023926
0.03271268
0.033891353
0.033082707
0.031672766
0.03332642
0.030806334
0.028985493
0.026699696
0.027601083
0.025556174
0.025094774
0.024740289
0.020691722
0.018832574
0.015627039
0.0097565412
0.0068369133
0.0051179324
0.0038744686
0.0030923937
0.0034391145
0.0024375966
0.0011100241
0.00059121493
-0.00066083911
-0.00033501234
-0.00020911431
-0.00069460605
0.00063479024
0.00056550692
0.00043992562
0.00015254406
0.00047322244
-0.00010861048
0.00050072088
0.0011711042
0.0012385313
0.00012633177
0.0020593492
0.0017529666
0.0016377109
0.00069054933
0.00018847717
0.0004740271
0.0015684589
0.0014489238
0.0014936732
0.0006931725
2.0062168e-05
-0.00028696751
0.00093864591
0.0013644116
0.0020198662
-0.00046623307
-0.0025116572
-0.0028679359
0.0030079694
0.005284176
0.0048845129
0.0037207358
-0.0011988739
-0.0028170843
-0.0015161575
-0.0015908811
-0.003183421
-0.0050862866
-0.006094986
-0.0057829806
-0.0030021081
-0.0016689507
0.0014867386
0.0041913101
0.0028892699
0.0013249283
0.0025637999
0.0030096271
0.0016747734
0.001180431
0.0016129152
-0.00059579462
-0.0025561951
0.0001430281
-0.0024213409
-0.00462216
-0.0071221932
-0.004568492
-0.0066310534
-0.0097839069
-0.010806525
-0.01037314
-0.011540604
-0.012157268
-0.014793088
-0.015358374
-0.01717718
-0.020827986
-0.023983852
-0.030303083
-0.034050999
-0.033723401
-0.027868031
-0.021808296
-0.019618256
-0.017698258
-0.015588136
-0.014440115
-0.013665253
-0.014309733
-0.016277554
-0.021021788
-0.025623449
-0.030408799
-0.03441453
-0.03797892
-0.041351787
-0.044353258
-0.047954883
-0.052317846
-0.052285936
-0.056160513
-0.055462478
-0.051059449
-0.045313017
-0.039546969
-0.034183431
-0.029452598
-0.025884301
-0.021870955
-0.012161878
-0.0038179267
0.004154406
0.0068842199
0.0054408604
0.0066777506
0.0072258553
0.010671902
0.014947357
0.017944631
0.018895267
0.019939784
0.021650302
0.021893171
0.020759152
0.023688785
0.024041204
0.02337078
0.021764345
0.023979379
0.023881998
0.024217932
0.022123261
0.022973633
0.022094289
0.020818197
0.020136533
0.020046632
0.018331532
0.015756777
0.013982785
0.0093085245
0.005748947
0.0039233834
0.00092903309
0.0020633127
0.0021198129
0.0013449997
0.00016498414
-0.00074844514
-0.0013745695
-5.580177e-05
0.00033851556
0.00075574523
0.0013831894
0.0014116951
0.0016317118
0.0014074276
0.0027699308
0.0028620322
0.0038146389
0.0040984524
0.0034796631
0.0024491945
0.0036386908
0.0054722853
0.0041497852
0.0043064104
0.0051712617
0.0044821212
0.0033100838
0.0042482216
0.0043867088
0.0042487161
0.004285417
0.0037974506
0.004218277
0.002183664
-6.8497776e-05
8.3134008e-05
0.0035365013
0.0031139738
0.0024594127
0.0036336285
0.0049925325
0.0058717236
0.0023453359
-0.00054708365
-0.0003900731
0.00060369525
0.00087497021
0.00020805439
0.00049200785
0.0011676714
0.0031746139
0.0051754381
0.0066566994
0.006828438
0.0074853857
0.0086801106
0.0068449373
0.0069275899
0.0078543419
0.0066459397
0.0056188418
0.0022955003
7.6189716e-05
-5.5400947e-05
-0.00069283066
-0.0026035406
-0.0031086134
-0.0057309975
-0.0079016775
-0.0076497825
-0.0080360149
-0.010837616
-0.01110781
-0.012792814
-0.013990489
-0.01335167
-0.015272538
-0.016371627
-0.017912296
-0.019109498
-0.021285821
-0.023773726
-0.024384621
-0.022484601
-0.021054319
-0.01873319
-0.016771242
-0.015715793
-0.015232451
-0.015747349
-0.016707328
-0.018009653
-0.021642569
-0.02496966
-0.028153668
-0.031944131
-0.036616159
-0.038814642
-0.039360531
-0.041225772
-0.041124315
-0.04444193
-0.042824313
-0.039923384
-0.035255808
-0.030955658
-0.024575539
-0.019349947
-0.016294135
-0.011228846
-0.0054081676
0.0073069941
0.013054707
0.012675757
0.015294744
0.015152468
0.015588315
0.017640888
0.022735045
0.023518716
0.021692301
0.024296515
0.025109644
0.025761333
0.025603273
0.025638294
0.025602665
0.025136208
0.023240135
0.021073394
0.020961123
0.020366046
0.019331689
0.019550352
0.017717332
0.01514749
0.014579679
0.011450525
0.0084756331
0.002758984
7.2763034e-05
-0.003343793
-0.0068134871
-0.0065515695
-0.0068546034
-0.0050392603
-0.0055606171
-0.0062250804
-0.0059278388
-0.0048769577
-0.0024403278
-0.0026107058
-0.0030716863
-0.0013998465
0.0023037378
0.0027334639
0.004942827
0.0061255705
0.0084609119
0.0087864953
0.0095945971
0.011614851
0.013173259
0.013096732
0.013710197
0.014001233
0.011669427
0.010850135
0.010040341
0.009436083
0.0072390946
0.0081444712
0.0075343895
0.0076370531
0.0075924795
0.006560259
0.0046675645
0.0028779707
0.00015176372
0.0023957531
0.0058398224
0.0092311507
0.0077627936
0.0065553423
0.0062239383
0.0060362916
0.0041531887
0.0027750028
0.0027414193
0.0031053936
0.0028119741
0.0030650258
0.0051083864
0.0054500165
0.0077355395
0.0096336943
0.0097496364
0.01033713
0.010840893
0.011688025
0.011002303
0.0098249685
0.008576315
0.0079640059
0.0062210821
0.0025964015
0.0002973104
-0.0020194856
-0.0028070295
-0.0043289519
-0.004378294
-0.0042586548
-0.0048880408
-0.0043843365
-0.0047753391
-0.0044407135
-0.0049808036
-0.0081307831
-0.0093894959
-0.0095411114
-0.009381007
-0.0091957519
-0.010133147
-0.0098320452
-0.010138703
-0.010473163
-0.014651066
-0.018887334
-0.018996801
-0.017589961
-0.014205468
-0.01183452
-0.012517483
-0.011899351
-0.013895975
-0.01475827
-0.016498043
-0.018988293
-0.020291242
-0.023566772
-0.026157475
-0.027814037
-0.028091182
-0.029326567
-0.030198097
-0.029025502
-0.027536145
-0.02493597
-0.020099598
-0.015726651
-0.011360522
-0.0099744521
-0.007624438
-0.0041422492
0.0018612535
0.011367803
0.018804664
0.01887028
0.01896653
0.018796458
0.018933221
0.02243515
0.026859576
0.0274891
0.026488427
0.024726512
0.023820769
0.025873436
0.026373146
0.027789151
0.028073093
0.024897239
0.022941387
0.021423982
0.018460488
0.018797224
0.017134941
0.01655724
0.013365202
0.0095853736
0.007376139
0.0034773739
-0.00068175215
-0.003109844
-0.0056496556
-0.0092833301
-0.010801386
-0.011044681
-0.0099883314
-0.007418095
-0.0073406454
-0.0072138684
-0.0048438182
-0.0029106061
-0.0015898711
-0.00094355356
-5.4281135e-05
0.0029699901
0.0050956299
0.005943909
0.0073647075
0.010043407
0.010118086
0.01099641
0.011761945
0.013671472
0.014846372
0.016815255
0.018875289
0.01897362
0.018474769
0.014263338
0.01091235
0.0081443361
0.0054728937
0.0056906046
0.0068688424
0.0067965202
0.0065126245
0.0054166998
0.0058425103
0.0031612592
0.0055305074
0.0075899847
0.010105726
0.0076465688
0.0069856596
0.0081719532
0.0064479441
0.0067159184
0.0049091405
0.0058699171
0.0067622377
0.0082315933
0.0079811731
0.0080131618
0.0087668335
0.009788961
0.0098204403
0.012039604
0.013311957
0.015564525
0.01734613
0.016780422
0.018008791
0.018323919
0.016601195
0.013614283
0.010139198
0.0089932926
0.0072193803
0.0025448842
0.0002482307
-0.001919559
-0.0027374845
0.00097931176
-0.0011177529
-0.0019089149
-0.00091143549
0.00039153574
-0.00108263
-0.0017871312
-0.0018978102
-0.0020033187
-0.0031238793
-0.0035456282
-0.0025456479
-0.0015157364
-0.001813508
-0.0031392567
-0.0033502316
-0.010266809
-0.012165402
-0.010936531
-0.0097562997
-0.0091622492
-0.007832846
-0.0078420202
-0.0080800229
-0.0095755167
-0.010435081
-0.012393879
-0.013261109
-0.014695718
-0.015352964
-0.017584918
-0.019203823
-0.0208787
-0.019713546
-0.017993515
-0.013046346
-0.011964833
-0.0079829734
-0.0058229418
-0.0039679929
-0.0026018096
-2.0130479e-05
0.0033936348
0.0068616447
0.013567814
0.017039129
0.018288388
0.017261686
0.018018453
0.019916693
0.022268033
0.023676204
0.025249826
0.024909406
0.021799361
0.021495455
0.023811773
0.024608227
0.023319601
0.022379845
0.020380096
0.018752843
0.016770797
0.01401269
0.012810284
0.012134044
0.010876322
0.0087195708
0.0055422087
0.0022538253
-0.0011630947
-0.0047455537
-0.0055166535
-0.0074123641
-0.0085185067
-0.0095585436
-0.00918983
-0.010757808
-0.0089429103
-0.0076325466
-0.0069911523
-0.0058824475
-0.0034028061
-0.0024962491
-0.00067931498
0.001762206
0.0047238496
0.0075391007
0.0098926502
0.010498864
0.011643789
0.01248371
0.013893109
0.013810174
0.016715754
0.017984263
0.019468523
0.019612374
0.020576127
0.019824483
0.015551961
0.012512283
0.0077533742
0.0054869925
0.0057700716
0.0058084932
0.0061768385
0.0060030226
0.0061331174
0.0052647434
0.0066828719
0.0089103297
0.009213683
0.0092238952
0.0082365038
0.0075347196
0.0075098248
0.0070796659
0.0065315479
0.006214095
0.0066225831
0.0081859216
0.0091008306
0.0093577407
0.0086405544
0.0091655164
0.010454296
0.011686217
0.013937543
0.01601765
0.018089827
0.020728872
0.022660862
0.024054578
0.025300138
0.025003722
0.022472035
0.019178597
0.01781197
0.015717355
0.012761273
0.00856515
0.0048010116
0.002481211
0.0052011348
0.0025695684
0.002127622
0.00098503823
0.0011375643
0.0012406516
0.0026226609
0.0029232505
0.0025264234
0.0036134319
0.0027426693
0.0031328715
0.0037759298
0.0034262225
0.0019959988
0.002288828
-0.0027843724
-0.0029547407
-0.0041982786
-0.0034783528
-0.0040260824
-0.0036133123
-0.0043262938
-0.0044961397
-0.0044640215
-0.0042277948
-0.0052528684
-0.0063874627
-0.0076896534
-0.0085263484
-0.0091662211
-0.01093912
-0.012268945
-0.01232441
-0.010348373
-0.0079274498
-0.0052618446
-0.002897252
-0.00071755357
0.0011530839
0.0023904532
0.0029967564
0.0067263476
0.0096257583
0.011896834
0.013182494
0.013747218
0.015028503
0.016182106
0.016099281
0.016598179
0.018242873
0.019128379
0.019693316
0.01795455
0.016932987
0.017907386
0.017228447
0.016344498
0.014429018
0.01210527
0.010311313
0.0097657701
0.0078159448
0.0066884487
0.0051906962
0.0036138133
0.0016263501
-0.00059752939
-0.0031033517
-0.0052209248
-0.0065070365
-0.0074724151
-0.0081441523
-0.0092746767
-0.010390966
-0.010213751
-0.011140571
-0.010652662
-0.0092027211
-0.0066655211
-0.0062305782
-0.0052830188
-0.0037507439
-0.002749607
0.0010004679
0.0041195633
0.007808534
0.0099127226
0.012106342
0.013790442
0.01410709
0.013909824
0.015409608
0.017350122
0.018408076
0.019504651
0.02080758
0.02062585
0.018497851
0.015220343
0.0113443
0.0098171097
0.0067978059
0.00508872
0.0049597183
0.0058011869
0.0047660636
0.006431441
0.0080566995
0.0092767861
0.0096809645
0.0098135174
0.010124071
0.0080261257
0.0075369933
0.0072265136
0.0080035262
0.0077092095
0.0064411627
0.0069804242
0.007853826
0.0082042588
0.0081245241
0.0080691379
0.0082500362
0.0084839487
0.0086625169
0.0097583984
0.012146459
0.013917756
0.017635982
0.02114521
0.024314676
0.027076535
0.027951692
0.027332238
0.026983195
0.024961944
0.022136202
0.020070281
0.014500695
0.012056503
0.0083145699
0.01067745
0.0081814903
0.0071392188
0.0053484711
0.0036808333
0.003346652
0.0043439368
0.0053203731
0.0055207146
0.0051362222
0.0052489952
0.0048632274
0.0051541826
0.0053927473
0.0040000278
0.0038690719
0.0037343809
0.0012969829
0.00020162198
-0.00049533447
-0.0011577854
-0.00069076316
-0.001821945
-0.0024297868
-0.0024278284
-0.0014758973
-0.0020897428
-0.0026370741
-0.0035152101
-0.0041560408
-0.0051947927
-0.0063954675
-0.0076568543
-0.0082583729
-0.0075584968
-0.0059857907
-0.0042895455
-0.0028571455
-0.00017064186
0.00022097671
0.0011881168
0.0018163952
0.0044758779
0.0069920861
0.0064051805
0.00797542
0.0091626102
0.0098728842
0.011671193
0.01065106
0.0095235526
0.01076416
0.011713794
0.012008495
0.011847675
0.011788
0.010789572
0.0090709557
0.0082860821
0.0070682362
0.0047759174
0.002601455
0.0015380915
0.0007249066
-6.9751134e-05
-0.00055821096
-0.00099137101
-0.0025319676
-0.0039015928
-0.0056604884
-0.0067051405
-0.0077721106
-0.0093429622
-0.010000424
-0.010628011
-0.010733434
-0.0097530486
-0.010902429
-0.010854805
-0.0085535549
-0.0063971337
-0.0047928241
-0.004229683
-0.0026434083
-0.0014458034
-0.00027957988
0.0024428663
0.0050841334
0.0064685529
0.0083113998
0.0096700231
0.011566035
0.012200564
0.012638036
0.012917011
0.01431822
0.017364345
0.018807163
0.018338963
0.017693049
0.01536806
0.012567822
0.010597469
0.0081145033
0.0056826537
0.0041475214
0.0058070902
0.0062828665
0.0069704349
0.0093407166
0.010227359
0.010865652
0.0097901508
0.0091549762
0.0085198345
0.0067769152
0.0069612132
0.006577245
0.0061079783
0.0060554848
0.0053251612
0.0052174355
0.0057364952
0.0058254905
0.0058796362
0.0054267991
0.005927335
0.0066372716
0.0070375013
0.0085348186
0.010221035
0.012109622
0.01443599
0.017466001
0.021390907
0.024925385
0.026331798
0.026027541
0.027710179
0.026785203
0.02398147
0.02132128
0.017242205
0.014452409
0.014274137
0.011890971
0.0099994309
0.0093954227
0.0088637896
0.0077730838
0.0067776011
0.00755205
0.0069405582
0.0077999085
0.0072865048
0.0083016845
0.0083087737
0.0076743535
0.0062599385
0.0065378464
0.0067638721
0.0037492563
0.0023753697
0.0010261826
0.0005312036
-0.00067989872
-0.001717537
-0.0020350046
-0.0028169422
-0.0028584657
-0.0029571382
-0.0029009978
-0.0031284297
-0.0034654455
-0.0039485718
-0.0045191715
-0.0062036573
-0.0066677224
-0.0074086563
-0.0070594389
-0.0054935204
-0.0043232866
-0.0025334605
-0.0025540775
-0.0018807736
-0.0010085374
-0.0012914742
-0.00083516861
0.0009452312
0.0017203561
0.0038925725
0.004731449
0.0059464331
0.0048902851
0.0026733133
0.0034199006
0.0043597778
0.0059020527
0.0055063357
0.0056004726
0.0060729185
0.0047138923
0.0035057191
0.0021382008
0.0011333016
0.0003451129
-0.00076746652
-0.0023549167
-0.003485777
-0.0031798807
-0.0030077297
-0.0035484197
-0.0050616189
-0.0057200918
-0.0064267507
-0.0076822509
-0.0085307141
-0.010094664
-0.010480219
-0.011105582
-0.010822305
-0.010698657
-0.0093264643
-0.0081713578
-0.0052579057
-0.0027352024
-0.0020066488
-0.0010831819
0.00085397899
0.00043457922
0.0021314457
0.0025189176
0.0022500521
0.0037023396
0.0063164351
0.0068751465
0.0074195239
0.0083429176
0.0084999751
0.010440308
0.012431691
0.014659447
0.014217142
0.014391812
0.013093138
0.013033729
0.0087916047
0.0071879988
0.0057671683
0.0041745118
0.0050689967
0.0049827582
0.0059967246
0.0066727597
0.0065416612
0.0074123426
0.0070705535
0.0057977923
0.0055856476
0.0044520983
0.0048537739
0.0048500532
0.0045685612
0.0047509334
0.0040313846
0.0031786289
0.0032505428
0.0036726325
0.0041764118
0.0037484008
0.0030600082
0.0043002678
0.0051519475
0.0063415176
0.0079032849
0.0090052062
0.010563329
0.011714967
0.014509665
0.017834029
0.019870878
0.020589519
0.021762276
0.021874436
0.02090742
0.020350245
0.019011638
0.016348524
