0.00026426983
0.0003396973
0.00065079277
0.0012972828
0.0021134766
0.0049933396
0.010520031
0.012221228
0.0057833529
0.0011401749
-0.0023330045
-0.0053898962
-0.009639196
-0.0089016638
-0.0071762363
-0.0062440427
-0.0026965784
-0.0019981809
0.00028070137
0.0021423408
0.0019223688
-0.0022608253
-0.0055741999
-0.007945476
-0.012331988
-0.014008918
-0.014533687
-0.014277733
-0.01254525
-0.010662284
-0.010824089
-0.011708051
-0.013262104
-0.014920693
-0.014593174
-0.013641964
-0.013817796
-0.014645536
-0.014483313
-0.013040197
-0.011124393
-0.010626458
-0.0096494997
-0.0083441415
-0.0061310499
-0.003569828
-0.0015391317
-0.0026537756
-0.0042027538
-0.0051132692
-0.0036074288
-0.004772029
-0.0045324935
0.00089658708
0.0062828785
0.010723149
0.013378732
0.014766919
0.01303251
0.0099202149
0.0082928449
0.0096709864
0.011017348
0.012995801
0.016678647
0.015025205
0.015305142
0.015024552
0.015785536
0.017606783
0.02061211
0.021857487
0.023806353
0.026375232
0.02569373
0.025942895
0.025793528
0.025020803
0.023455907
0.022568613
0.024282646
0.026835229
0.029621372
0.02939284
0.026970575
0.021715847
0.017837959
0.011829649
0.011578611
0.013375351
0.015066845
0.015228421
0.014658449
0.01021281
0.0047026838
0.0014996573
-1.0515947e-05
-0.00014464499
0.0013116016
0.0030774989
0.0040054798
0.0056449772
0.0062529134
0.007432996
0.007860537
0.0076095227
0.0072568172
0.007657967
0.0074478032
0.0083388695
0.008595453
0.0087713217
0.010620233
0.011283321
0.012083332
0.013903889
0.017501413
0.01808758
0.017555187
0.01869539
0.015675854
0.015275971
0.013788458
0.012924487
0.0086789029
0.007048715
0.0080576234
0.0065123196
0.0027461469
0.0010190209
0.00033148171
-0.00013732545
-0.0027033622
-0.0033617351
-0.0026355639
-0.002014115
-0.0015018901
-0.00088243206
-0.00084500782
2.685377e-05
2.2761828e-05
-3.4878154e-05
0.00018716131
0.00044515158
-0.0013595039
-0.0015316452
-0.0016630737
-0.00092083309
0.00017444388
0.0046746172
0.0083405243
0.0061906716
0.00021538578
-0.0055184948
-0.0084930931
-0.010513532
-0.010127382
-0.011860311
-0.012517439
-0.0083985221
-0.0081055145
-0.0048277214
-0.00059660662
0.0015854524
-0.0011542754
-0.0062939094
-0.0091392677
-0.0089988037
-0.014398109
-0.018743872
-0.020399433
-0.017631313
-0.015365779
-0.01542659
-0.017150942
-0.018956008
-0.02029823
-0.021379786
-0.01959797
-0.018127378
-0.018038271
-0.0190222
-0.01929565
-0.017342026
-0.015871601
-0.014219487
-0.012078874
-0.0093717865
-0.0058824195
-0.00090031791
0.00089157406
0.002246726
0.0050428678
0.0045628033
0.0044513884
0.0045166319
0.0085257124
0.01491169
0.01966163
0.023538921
0.026328586
0.026716932
0.024341531
0.023178332
0.024043617
0.023926914
0.024232963
0.02598986
0.026252755
0.025059405
0.026072113
0.024136916
0.02439767
0.024774692
0.027234588
0.027963607
0.027291152
0.028601081
0.029765584
0.028351032
0.026776343
0.02638928
0.025648806
0.023643322
0.023385978
0.025300914
0.023955863
0.022063303
0.019993735
0.014269602
0.010704382
0.010053921
0.0094805258
0.01054645
0.010895514
0.009058338
0.0066584912
0.0030428615
-0.00099163112
-0.0020841692
-0.001699878
-0.0014563101
0.0010738826
0.0034342528
0.0045372467
0.0061717443
0.006836855
0.0066373679
0.0068584712
0.0064540219
0.0062706685
0.0060829916
0.0062283923
0.00744414
0.0084019261
0.0093318607
0.011330732
0.01365815
0.015320353
0.01620625
0.020870606
0.023325611
0.023010635
0.019160122
0.017952063
0.017165256
0.012882897
0.0099111957
0.0074922552
0.0039055234
0.002045289
0.00086284398
-0.0029034007
-0.0048932406
-0.0054383326
-0.0048082148
-0.0058824451
-0.0056525415
-0.0040162091
-0.002761398
-0.0023914543
-0.002316817
-0.0018547028
-0.002103957
-0.0018337448
-0.0020860067
-0.0019115207
-0.0014791739
-0.0052024943
-0.0050765228
-0.005356995
-0.0053416921
-0.0057485804
-0.00082863846
0.002908042
-0.00089063933
-0.0032607623
-0.0062864051
-0.013611192
-0.015780244
-0.015417931
-0.014102861
-0.014505826
-0.016228614
-0.017316467
-0.013810101
-0.0068199282
-0.0016957563
-0.0046964023
-0.011256953
-0.012981554
-0.015085927
-0.020389198
-0.024066495
-0.024704907
-0.022426693
-0.020830448
-0.023548577
-0.027686153
-0.031705313
-0.034062896
-0.033853009
-0.03137766
-0.027170091
-0.027766944
-0.027968991
-0.02723842
-0.025656941
-0.023713798
-0.021470856
-0.017236374
-0.012579102
-0.007107176
-0.0037348945
0.00069910467
0.0041083589
0.013073095
0.018017928
0.016212997
0.020203858
0.023644416
0.025292304
0.031285638
0.03799258
0.042165615
0.037090686
0.03396816
0.037395049
0.037633967
0.039025906
0.037138582
0.036096354
0.03722419
0.036457735
0.036764222
0.035760172
0.035167913
0.032096828
0.031605742
0.032666674
0.03210794
0.031200835
0.028950979
0.025264419
0.024635636
0.024589803
0.023108232
0.02058948
0.019493681
0.018231549
0.014312796
0.010274287
0.0077013841
0.0063184466
0.004370234
0.0019104872
-0.00038453472
0.00048135407
0.00075039922
-0.00093628112
-0.0017345634
-0.0034662533
-0.0042848828
-0.0040374042
-0.002889726
-0.00075224993
0.00093731464
0.0031498011
0.0047101279
0.0054301909
0.0050479534
0.00477689
0.0048732669
0.0043242293
0.004043827
0.0037236579
0.0038593771
0.0038879558
0.0054125738
0.006905174
0.0089711213
0.0089131485
0.017299397
0.020169857
0.021666716
0.017463471
0.014607981
0.011657799
0.012938166
0.01289629
0.0079625059
0.0041066098
0.0013396308
0.0010907526
-0.0043814979
-0.0064569755
-0.008496984
-0.0090427045
-0.009064497
-0.0079759138
-0.0066756674
-0.0046016724
-0.0046478259
-0.0040442815
-0.0037863
-0.0031068961
-0.0041295635
-0.0040795988
-0.0044812625
-0.0043660999
-0.0048005129
-0.0043262725
-0.0076865383
-0.0070144309
-0.0071528394
-0.0083234719
-0.0076177688
-0.0045741524
-0.0020153465
-0.007869863
-0.011673358
-0.012819881
-0.018538694
-0.019609596
-0.021774035
-0.024266941
-0.023791839
-0.022302828
-0.021626266
-0.018467508
-0.012397506
-0.0099025548
-0.011494642
-0.015535804
-0.016139724
-0.020539234
-0.024884698
-0.028953189
-0.029215168
-0.030234658
-0.031066567
-0.032956479
-0.039351159
-0.04437664
-0.049524231
-0.047717462
-0.045753471
-0.044023268
-0.042645741
-0.041867885
-0.041598771
-0.040521694
-0.036759542
-0.031262723
-0.028489752
-0.023355402
-0.017239525
-0.012538663
-0.0038853256
0.0048605384
0.016415159
0.024701031
0.03011539
0.034661541
0.035191136
0.0339525
0.037583518
0.046895272
0.051472892
0.04463968
0.046226092
0.05170421
0.050808261
0.051083001
0.050583769
0.048709627
0.047141955
0.047300134
0.048919113
0.04894842
0.046163163
0.043563443
0.03945635
0.037402909
0.034967992
0.033290635
0.026727395
0.022723105
0.022445236
0.020843807
0.016985754
0.0112199
0.0072724692
0.0057154873
0.00101628
-0.001473905
-0.0034969187
-0.004363307
-0.0073848285
-0.0089122366
-0.010152883
-0.0095101318
-0.0079332564
-0.0077703861
-0.0067192401
-0.0065404457
-0.006303079
-0.0049476476
-0.0034190226
-0.0019819107
-0.00082165911
0.00090386311
0.0022121273
0.0029001114
0.0032786476
0.0033422005
0.0022432758
0.001695742
0.0010996179
0.00092540774
0.00054803579
0.00098727945
0.0016534276
0.0035679155
0.0046111825
0.0060983854
0.0097863403
0.0081627218
0.0078818966
0.0051313403
0.0050064934
0.0028445737
0.0048814462
0.0029799138
-0.00088229012
-0.002568134
-0.0050027785
-0.006220788
-0.0089950279
-0.012751299
-0.013121354
-0.012628851
-0.010702817
-0.0086848027
-0.0064014096
-0.0045224008
-0.0043464021
-0.004249623
-0.00491776
-0.0059996777
-0.0062994181
-0.0056530846
-0.0065340368
-0.0068468528
-0.0076016614
-0.007758817
-0.0090027874
-0.0077357574
-0.0080229134
-0.0084511636
-0.0082107018
-0.0054332415
-0.008831003
-0.016261672
-0.020627772
-0.022309499
-0.024430736
-0.026743274
-0.028277937
-0.033297342
-0.032764352
-0.026376745
-0.023909749
-0.020290683
-0.015997316
-0.015867623
-0.017891313
-0.022455744
-0.024199094
-0.026610135
-0.030263538
-0.031114721
-0.03578335
-0.039770435
-0.044049015
-0.046701206
-0.051521295
-0.054737924
-0.058296933
-0.062140719
-0.059934469
-0.056255312
-0.055153442
-0.054295
-0.051795789
-0.048455223
-0.043401213
-0.035542311
-0.034538118
-0.030766667
-0.025249535
-0.014864101
-0.0043117608
0.0053868417
0.010600742
0.020097266
0.025893751
0.033726636
0.040549022
0.042652874
0.049328132
0.053561004
0.052832303
0.05226056
0.053482315
0.054292238
0.054511951
0.05885912
0.060895958
0.059780822
0.059602921
0.057632824
0.058455381
0.057985213
0.055639796
0.048914254
0.045763762
0.041849978
0.033842134
0.029174324
0.025653744
0.019539595
0.016585322
0.010346408
0.0065987949
-0.0022421016
-0.006457306
-0.0075485787
-0.008715933
-0.010138999
-0.0099083334
-0.0091663219
-0.013178514
-0.013942554
-0.013756859
-0.012499411
-0.011432235
-0.010478473
-0.0088697854
-0.0082976461
-0.0060199588
-0.0045401346
-0.0030933694
-0.0017620761
3.4976097e-06
0.0010221261
0.0016243542
0.0015308955
0.0012042647
0.0011320941
0.00069651418
0.00033782996
0.00012484739
-0.00015752856
-0.00068491712
-0.00076620274
-0.0011556853
-0.00045960485
-0.00041202429
0.0016750944
0.0026465171
0.00052676939
0.00081011233
-0.00086819875
-0.0012532598
-0.002234514
-0.0025510473
-0.0031262347
-0.003151733
-0.0051965197
-0.0076436905
-0.0086813576
-0.010175062
-0.013323353
-0.015352714
-0.01487459
-0.012403918
-0.0089748164
-0.0061148981
-0.0054640636
-0.0050526416
-0.0063497412
-0.0071793816
-0.0074887801
-0.0070432287
-0.0075228556
-0.0078948081
-0.0088374228
-0.0091237131
-0.0086092037
-0.0092632632
-0.0092549113
-0.0075131275
-0.0085726763
-0.0095711349
-0.01119541
-0.017077393
-0.023818187
-0.025498399
-0.024942633
-0.026098329
-0.028173167
-0.036664119
-0.03646665
-0.034024866
-0.023781222
-0.019307532
-0.014777834
-0.016796396
-0.017835224
-0.023785811
-0.028109892
-0.032451373
-0.036769024
-0.037841137
-0.040787633
-0.044531219
-0.046020345
-0.05020396
-0.053442211
-0.054788521
-0.05614505
-0.057407243
-0.06191336
-0.062407529
-0.061000956
-0.058623309
-0.057586079
-0.054871934
-0.046995383
-0.036585483
-0.025881626
-0.016048921
-0.014187398
-0.015656783
-0.014669413
-0.0032077211
0.009268139
0.016663821
0.022786679
0.026328992
0.035879276
0.038626685
0.045458141
0.046357406
0.042695666
0.037475092
0.034467601
0.043828907
0.050926173
0.054621161
0.060302071
0.061625692
0.056871534
0.060332049
0.059912513
0.059031905
0.055939552
0.051693193
0.047031409
0.042744039
0.037665561
0.030713674
0.023403079
0.01671381
0.013007621
0.0084562971
0.0019271903
-0.0031364989
-0.008080139
-0.013684126
-0.015086031
-0.016147105
-0.015636346
-0.016470322
-0.016193615
-0.015842261
-0.015348099
-0.013786986
-0.012717369
-0.010809218
-0.010562358
-0.0097157476
-0.0089846438
-0.0069612108
-0.0055543741
-0.0041909916
-0.0025418708
-0.0014976345
-0.0010136871
-0.00096093507
-0.00089570868
-0.00060752431
-0.00026531643
0.00019033606
5.1141787e-05
0.00011375448
6.0679193e-05
-0.00033181874
-0.00076463661
-0.001982511
-0.0018812195
-0.0015512166
-0.005001047
-0.0056105031
-0.0035733661
-0.0029602858
-0.0011446885
-0.00096750669
0.00013558581
-0.0012731214
-0.003616472
-0.0055187271
-0.007138323
-0.0053099238
-0.0080578914
-0.011534807
-0.014998514
-0.018243015
-0.019332569
-0.014521134
-0.010614032
-0.0073729712
-0.0082478257
-0.0078134365
-0.0087770517
-0.0081096278
-0.0088350214
-0.0085370229
-0.0092637777
-0.0087157356
-0.009491598
-0.009384417
-0.010102768
-0.0089435076
-0.010144464
-0.010416912
-0.012960235
-0.013733541
-0.015749589
-0.021140778
-0.025560789
-0.024884779
-0.02703574
-0.026558621
-0.031290624
-0.036251312
-0.038622859
-0.036083662
-0.023588657
-0.015598285
-0.012431619
-0.014531206
-0.018306769
-0.024184431
-0.0315573
-0.035164911
-0.036800469
-0.038578635
-0.042941047
-0.046307967
-0.049800955
-0.049697279
-0.051394218
-0.05518808
-0.055587814
-0.057061068
-0.057701992
-0.061302107
-0.06044208
-0.05782803
-0.054836701
-0.046190742
-0.033512206
-0.020945339
-0.0084190866
-0.0070720258
-0.0048134908
-0.0019526207
0.0068167392
0.014350253
0.023362674
0.02030124
0.020082944
0.032324328
0.037567705
0.042394949
0.04556097
0.039773356
0.037482273
0.035079393
0.034458598
0.045654695
0.049964864
0.051741977
0.051430145
0.054099149
0.059684104
0.058411355
0.056747615
0.052667816
0.049858727
0.045755966
0.041598041
0.036092321
0.030454277
0.025676883
0.018677395
0.010622944
0.006569035
0.0028257077
-0.0025108699
-0.0061536411
-0.01090504
-0.012586178
-0.014193048
-0.015943443
-0.014882156
-0.015400022
-0.014790282
-0.014244016
-0.013626853
-0.011411023
-0.009995506
-0.0081187349
-0.0083436969
-0.0079812137
-0.0063288547
-0.0051918432
-0.0042803259
-0.0033001125
-0.002454781
-0.0016944196
-0.001353416
-0.0012788178
-0.001061328
-0.00057831629
-0.00023145099
0.0003065691
0.00053850908
0.00076955642
0.00072554393
0.0015799512
0.0010046367
-0.0003642686
-0.0015597055
-0.0044804976
-0.010525059
-0.0071140079
-0.0025047144
-0.00033997359
-0.0002746432
0.00082397174
0.0017261442
0.0022990085
-0.0010795091
-0.0078304753
-0.010614911
-0.013582673
-0.013299795
-0.012846959
-0.016372671
-0.020447471
-0.020211489
-0.014979384
-0.011925509
-0.0093566424
-0.007374306
-0.007425698
-0.0089575708
-0.0088528513
-0.009537839
-0.0091879267
-0.0093322755
-0.0096344856
-0.0084874903
-0.0094468428
-0.0096335307
-0.0091253048
-0.010479048
-0.013373467
-0.015236722
-0.015342081
-0.015696483
-0.019472457
-0.018287258
-0.018509674
-0.021683249
-0.023601326
-0.028237837
-0.034797331
-0.039243655
-0.035401288
-0.020799513
-0.014657168
-0.011558529
-0.012145587
-0.013778334
-0.018081689
-0.022776751
-0.026658632
-0.030336084
-0.032757651
-0.034866313
-0.040679596
-0.044184126
-0.047776279
-0.052299337
-0.05767229
-0.058431302
-0.062114763
-0.062288624
-0.060609933
-0.059345528
-0.056392596
-0.045915198
-0.033657493
-0.019487877
-0.01081328
-0.0057376006
-0.0041371274
6.4382225e-05
0.00073896119
0.0038522315
0.010617788
0.01130008
0.014998636
0.022018594
0.025695338
0.027012419
0.029127536
0.02927285
0.023586766
0.025426138
0.031139508
0.038413713
0.044979662
0.049674553
0.052399283
0.050016733
0.052178573
0.051553396
0.049867794
0.045358263
0.043501215
0.037351995
0.033825869
0.031803856
0.027318933
0.022888921
0.018610909
0.01016079
0.0048639694
0.0014408965
-0.0010814681
-0.003529886
-0.0059960453
-0.0079603387
-0.0094395551
-0.010556429
-0.010321477
-0.010641989
-0.0095866402
-0.01000021
-0.0092365261
-0.0084442882
-0.0083449847
-0.0077472313
-0.0065945621
-0.0058177675
-0.0047681144
-0.0042231678
-0.0029929732
-0.0024490907
-0.0021109488
-0.0021358812
-0.0016548625
-0.0010831269
-0.0011474716
-0.001627934
-0.0009883432
-0.00086244702
-0.00035193218
1.2110983e-05
0.00058690416
6.3465914e-05
0.00027574677
-0.0003843371
-0.00048596075
-0.00025542778
-0.0081768185
-0.01136715
-0.0026278328
-0.00131386
0.0029307143
0.00061358137
0.0010681401
0.0037617595
0.002141765
-0.0026754454
-0.0076320104
-0.011218465
-0.01278067
-0.013672702
-0.015613472
-0.019320289
-0.020837819
-0.016692797
-0.013378423
-0.010257007
-0.0087967588
-0.0081910162
-0.0063283689
-0.0071165887
-0.0072686413
-0.0079289006
-0.0080842904
-0.0074895802
-0.0073844627
-0.0069546606
-0.0078317883
-0.00863957
-0.0095522334
-0.010561742
-0.014647079
-0.015024515
-0.013446958
-0.014409928
-0.013881305
-0.014747008
-0.015095714
-0.01748483
-0.021314932
-0.026473099
-0.031589462
-0.033368599
-0.030115114
-0.018703108
-0.01433964
-0.014452603
-0.012897144
-0.011173615
-0.011354569
-0.013888916
-0.017520862
-0.021669093
-0.026858333
-0.030037882
-0.03555084
-0.03955702
-0.046388907
-0.052989213
-0.05682681
-0.062304027
-0.064853259
-0.066881362
-0.066400538
-0.063868469
-0.057700737
-0.047254801
-0.036222231
-0.027894079
-0.022845918
-0.020675593
-0.012019718
-0.007485278
-0.0045215936
-0.0041859549
0.0048503821
0.0060548694
0.0092000339
0.010992685
0.017138605
0.018878838
0.01995049
0.024258564
0.027505387
0.032959326
0.034664677
0.039824103
0.043142408
0.045810191
0.046812354
0.04498848
0.043894404
0.043291856
0.042197462
0.039795934
0.034484999
0.029957759
0.02753268
0.025129857
0.022297563
0.019230678
0.014601801
0.010217479
0.0053117525
0.0028722476
-0.00080695387
-0.00071490207
-0.0032537486
-0.0029903654
-0.0034379894
-0.0036805358
-0.0036124621
-0.0046234907
-0.0043900173
-0.0050160723
-0.004923482
-0.0036108488
-0.0032191574
-0.0035757398
-0.0028602069
-0.0019393551
-0.0023751227
-0.001347368
-6.0669276e-05
0.00013644089
-0.00017977387
0.0001080162
-7.698009e-05
-0.00032814437
-0.0012436463
-0.0014504346
-0.0013481104
-0.00091211812
-0.00064745177
-4.1591746e-05
-0.00027511484
-0.00096448188
-0.00086747076
-0.00099502851
0.00034647473
0.0018526475
-0.0048646774
-0.008573086
-0.0033564176
0.0018314236
0.0044026044
0.0016000622
-0.0010561204
-0.001165928
-0.0027450554
-0.0046295724
-0.006186425
-0.0088714921
-0.011768014
-0.01313038
-0.014652037
-0.013837134
-0.011418885
-0.007806188
-0.0056908843
-0.004018379
-0.0042637751
-0.0047331177
-0.0030316583
-0.0023866655
-0.0029877846
-0.0042910906
-0.0053811583
-0.0050739428
-0.0051187438
-0.0056864774
-0.0065734208
-0.0085900302
-0.0083100588
-0.0074703916
-0.011919407
-0.012546591
-0.01099362
-0.012388777
-0.011893748
-0.013993119
-0.015068826
-0.014990477
-0.019598833
-0.026903406
-0.031465327
-0.033553931
-0.027644322
-0.019950553
-0.015788401
-0.015563347
-0.014174958
-0.012793447
-0.012103453
-0.013213491
-0.016195561
-0.019668623
-0.026042725
-0.031114372
-0.034939725
-0.040038764
-0.044535735
-0.049951025
-0.053997649
-0.058036952
-0.05940689
-0.06497979
-0.065476653
-0.064671989
-0.058517415
-0.04941748
-0.039663145
-0.034143864
-0.031356621
-0.022727995
-0.016111079
-0.010949191
-0.0044376724
-0.0039051631
0.0058838167
0.0061262487
0.0043903627
0.0093769657
0.0135953
0.013455135
0.018355666
0.022775575
0.023415481
0.026269799
0.028209179
0.032132715
0.035697123
0.036246658
0.037494071
0.035962836
0.034016134
0.034094319
0.030743921
0.029010059
0.026279198
0.025791862
0.023633987
0.023543801
0.022858907
0.018682494
0.016365948
0.013328942
0.0072091625
0.0044369109
0.0026732848
0.0018261548
0.0015804995
0.0020197923
0.0011843099
-2.0129701e-05
-0.00053211661
-0.0019555998
-0.0016885615
-0.0011936135
-0.0015897462
-0.0005459045
-0.00035042803
-0.00041867257
-0.00096799814
-6.5623897e-05
-0.00052111279
0.00025729648
0.00043859911
0.00042602298
-0.00029672697
0.0014889577
0.00089997601
0.00070532802
-0.00031696314
-0.00078555477
-0.00060215879
0.00063243696
0.00017619102
-5.1098294e-05
-0.00042783164
-0.00092858015
-0.0010964559
0.00067061161
0.00065213715
0.0009459129
-0.0018606922
-0.0041517409
-0.0043828585
0.0019920018
0.0041976183
0.0026418391
0.00077285682
-0.0034070413
-0.0047624939
-0.0033507237
-0.0033499208
-0.0044813443
-0.0066208222
-0.00736857
-0.0070524586
-0.0045334044
-0.0030985822
0.00020996293
0.0030543911
0.001766651
0.0008342928
0.002060282
0.0024558397
0.00092954448
0.00070670299
0.0019820628
-0.00064543645
-0.002584951
-0.00025105331
-0.0029660509
-0.0050797978
-0.0073689209
-0.0052246501
-0.0071559841
-0.010269095
-0.011404063
-0.011406098
-0.012171182
-0.012910466
-0.016023076
-0.016501495
-0.017871448
-0.020999714
-0.02414166
-0.030492216
-0.033518671
-0.032492681
-0.026447293
-0.020171514
-0.018183154
-0.016643587
-0.01493394
-0.014553895
-0.013965283
-0.015109648
-0.018301295
-0.024187988
-0.028724103
-0.034016241
-0.03731431
-0.041794388
-0.045694206
-0.049011981
-0.052246653
-0.05682599
-0.056962408
-0.059654795
-0.057682189
-0.051354916
-0.044086623
-0.037784851
-0.03154509
-0.027010201
-0.023123857
-0.01753104
-0.0072186556
0.001611306
0.010604896
0.012174325
0.010563856
0.011854577
0.01274644
0.016295616
0.020712132
0.023515611
0.024262701
0.024503461
0.025674259
0.02607439
0.02530138
0.028130769
0.028354907
0.027861665
0.024864224
0.026345861
0.02548808
0.025593757
0.02355005
0.024064279
0.021815846
0.020640499
0.019851915
0.020000022
0.018220861
0.014909342
0.013219854
0.0084860249
0.0048108876
0.0030808239
0.000327709
0.0021227236
0.002317833
0.0013516754
0.00031524243
-0.00044777721
-0.001098727
-0.00011475994
0.00011979979
0.00059144998
0.0011246082
0.0012877594
0.0012745056
0.0012453146
0.0027875069
0.0026485616
0.0035145183
0.0031622809
0.0026984674
0.0021024791
0.0033229761
0.0048014851
0.003640795
0.0036991504
0.0046239467
0.0039500548
0.0027624404
0.0039104905
0.0033124469
0.0030833681
0.0025997783
0.0024339192
0.0025034966
0.00059000785
-0.0014043383
-0.00090841472
0.002957329
0.0010605485
0.00029686057
0.0019811613
0.0033583903
0.0040775971
2.5946599e-05
-0.0019388906
-0.0018510291
-0.0010197211
-0.00066692369
-0.0013611862
-0.0007671755
0.00025709387
0.0024122728
0.0045207131
0.0061788691
0.007080917
0.0079159382
0.0093661962
0.0070335785
0.0072295304
0.008486078
0.0074400892
0.0057223429
0.0019835873
-0.00045212426
-0.00058558095
-0.0011912518
-0.0029573415
-0.0036898903
-0.0057723987
-0.0078795764
-0.0073790285
-0.0079359172
-0.010642522
-0.011326684
-0.012735266
-0.01379182
-0.013857947
-0.015424409
-0.016082002
-0.017852015
-0.019231924
-0.02113641
-0.02326845
-0.023717675
-0.021307379
-0.019627869
-0.017248438
-0.015992246
-0.015476509
-0.015414498
-0.016625552
-0.018029275
-0.01975585
-0.024242929
-0.027809591
-0.031303552
-0.035059273
-0.040355166
-0.042452372
-0.043872577
-0.045676962
-0.045060392
-0.0477732
-0.044553786
-0.040185362
-0.03404116
-0.02936145
-0.022430983
-0.018075353
-0.014152379
-0.007756109
-0.00098873593
0.013250269
0.019409301
0.019065754
0.021715327
0.021584962
0.020881187
0.023056015
0.027881364
0.029029122
0.026967973
0.029055217
0.029116503
0.029407216
0.028818282
0.02833952
0.028743098
0.028591039
0.025889356
0.02287328
0.022720385
0.021531516
0.020726708
0.020627521
0.018036283
0.015321962
0.014405812
0.011357703
0.0079525241
0.00260594
0.00030768564
-0.0032696298
-0.006704547
-0.0069527683
-0.0070573053
-0.0048197378
-0.0049887498
-0.0053458538
-0.0049360731
-0.00354932
-0.0011127141
-0.0015088067
-0.0021840458
-0.00034008458
0.0033807202
0.003615126
0.0053759943
0.0066372002
0.0091390055
0.009132355
0.010404658
0.013124115
0.015025814
0.015324897
0.015567759
0.015328387
0.012774319
0.012058669
0.011306167
0.0097845226
0.0077678247
0.0085460326
0.0072238698
0.0068481831
0.0065006821
0.0050191226
0.0030065594
0.0012814819
-0.00119848
0.0022632278
0.0065801671
0.0079958589
0.0053138915
0.0044986221
0.0046830816
0.0045351407
0.0026202083
0.0012656029
0.0016602311
0.002006927
0.0019057475
0.0019050443
0.0043397999
0.0046639328
0.0072287886
0.0093104608
0.0092323186
0.0099562736
0.011004801
0.012128165
0.011211821
0.0096804055
0.0085392893
0.0077623463
0.0062505807
0.0023370137
0.00015508974
-0.0021374258
-0.0033400416
-0.0042994921
-0.0041688688
-0.0047530546
-0.0054709721
-0.0051610068
-0.0054576234
-0.0047802197
-0.0050751066
-0.0082572249
-0.0091719903
-0.0094124019
-0.0095168718
-0.0094754032
-0.010289101
-0.0097070236
-0.010127596
-0.010958025
-0.015256793
-0.019147645
-0.018298595
-0.016847807
-0.013804773
-0.011566454
-0.012713818
-0.012907433
-0.015769519
-0.016672583
-0.018928037
-0.022043103
-0.02345368
-0.027082301
-0.029258905
-0.030958779
-0.031707677
-0.033792275
-0.034064445
-0.031555896
-0.028414718
-0.024642945
-0.018583125
-0.013315302
-0.0098083155
-0.0081248693
-0.004874123
-0.0005707403
0.006010912
0.015844027
0.024310068
0.025177423
0.025490526
0.024168786
0.023688253
0.027224918
0.032031676
0.032258581
0.031137352
0.028553112
0.026859894
0.028434645
0.028695821
0.029939154
0.029389502
0.026180277
0.023410767
0.021621251
0.018442411
0.018620973
0.016768339
0.015741286
0.012669962
0.0090827824
0.0064497693
0.0020966805
-0.0021033222
-0.0033708062
-0.006484477
-0.0098633524
-0.011209232
-0.011411953
-0.0097945752
-0.0070916528
-0.0070131763
-0.0064794597
-0.0036509497
-0.0019543628
-0.00061356469
-5.600454e-05
0.0009505778
0.0041501235
0.005812402
0.0061789844
0.0073450147
0.010177681
0.010543197
0.011685454
0.013539198
0.016499635
0.017995568
0.020205984
0.021934831
0.021032847
0.019661593
0.014876042
0.01083819
0.0076982345
0.0050460053
0.0052402378
0.006216136
0.0060510678
0.0052447195
0.0037263266
0.0043109614
0.0011700547
0.0038868228
0.0065753405
0.0095685409
0.0062894506
0.0053604354
0.0068966654
0.0051288618
0.0052101566
0.003497408
0.0051534838
0.0067175593
0.0082285741
0.0078074736
0.0076980715
0.0086516253
0.0095315607
0.009392386
0.011551831
0.012973618
0.015099127
0.016536393
0.016600518
0.018119978
0.017810063
0.015806124
0.012724745
0.0091112112
0.0084461396
0.0063940614
0.0019079279
-0.00039479409
-0.0025069897
-0.0035431183
-0.0005469703
-0.0025688587
-0.0033324847
-0.0014922138
-0.00031785205
-0.0012094944
-0.0018114932
-0.0017244264
-0.0019840902
-0.0032452595
-0.0032744737
-0.002903385
-0.0020031234
-0.0026029847
-0.0041120532
-0.0044598869
-0.01115898
-0.01246201
-0.011328418
-0.010201262
-0.0097833347
-0.0085056521
-0.0090299103
-0.0097104321
-0.011824479
-0.012830962
-0.015176024
-0.01620174
-0.017567376
-0.017666759
-0.019884507
-0.021366914
-0.024005304
-0.022911202
-0.019610591
-0.013357601
-0.011294866
-0.006703222
-0.0036955405
-0.0020160323
-0.00017475288
0.0030993042
0.0067748373
0.010903324
0.017237196
0.021937784
0.023626244
0.02235721
0.0226385
0.0237213
0.025724824
0.027496692
0.028450523
0.027858319
0.024778177
0.024136462
0.026211796
0.02627141
0.02456209
0.022684189
0.020358225
0.018459786
0.015984063
0.013383947
0.011715413
0.011264709
0.010164821
0.0081376972
0.0046861526
0.0012123897
-0.0022142177
-0.0057679482
-0.0058198366
-0.0076488822
-0.0084980028
-0.0096749548
-0.0089891636
-0.010367683
-0.0083852038
-0.0065763687
-0.0057365942
-0.0046293409
-0.0027432553
-0.0021063891
0.00037761004
0.0028817564
0.0057944317
0.0080719871
0.0098709399
0.010113187
0.01137523
0.012544945
0.014006834
0.014166229
0.018526956
0.019802421
0.022271117
0.021318909
0.022377112
0.020948757
0.016198589
0.012244554
0.007184331
0.0053763239
0.0051674982
0.004960864
0.0051781231
0.0051218332
0.0051729734
0.0041230618
0.0057151277
0.0086258425
0.009269001
0.0090021736
0.0071496279
0.0063015178
0.0062936379
0.0057182508
0.0053781323
0.005473824
0.0061948267
0.0084079607
0.0089736659
0.0092834511
0.0087692392
0.0095496027
0.010461591
0.011565234
0.013862603
0.015960504
0.0180568
0.020426444
0.022200353
0.023439521
0.024751975
0.024203536
0.020676816
0.017377537
0.016326088
0.014080277
0.011129477
0.007085428
0.0036209362
0.00075301592
0.0032109595
0.00090172094
0.00071312471
-0.00014299723
0.00050864422
0.0010841098
0.0026045188
0.002632765
0.002438987
0.0034246595
0.0026106981
0.0029145631
0.0031934573
0.0026281092
0.0011999235
0.0014350439
-0.0039322673
-0.0041470036
-0.0051415804
-0.0042989101
-0.0049116737
-0.0045958433
-0.0055105086
-0.0056528523
-0.0060470923
-0.0060474484
-0.0074760145
-0.0085572369
-0.0099565356
-0.010062049
-0.010394793
-0.011918151
-0.013907709
-0.014505971
-0.012001186
-0.0087434274
-0.0048433122
-0.001755759
0.0011060324
0.0036257708
0.0046555737
0.0057735215
0.010303066
0.013018256
0.015388091
0.016823775
0.017437324
0.018632036
0.019540839
0.018498762
0.01874517
0.020447244
0.021159391
0.021574435
0.019805915
0.018543596
0.018843343
0.017627254
0.01610323
0.013872492
0.011319331
0.0097254444
0.009104913
0.0069700546
0.0058024443
0.0040266091
0.0028190093
0.0012199732
-0.0011894
-0.0038138172
-0.0058781092
-0.0067918875
-0.0073161245
-0.0075599461
-0.0086006926
-0.0096779049
-0.0091822248
-0.0098964148
-0.0094209541
-0.0078826396
-0.0050899266
-0.005044775
-0.0048275781
-0.0034203903
-0.0022519924
0.0015066081
0.0043832552
0.0081718806
0.0098382953
0.011885771
0.013145972
0.013302063
0.013456525
0.015705819
0.01808205
0.019581989
0.020760713
0.022240229
0.021937024
0.019379209
0.015921899
0.011594158
0.0099970866
0.006803103
0.004901761
0.0045804929
0.0054920216
0.0041603186
0.0060563409
0.0080063294
0.0094152949
0.010265026
0.010748054
0.010438529
0.0077486466
0.0068589871
0.0062961141
0.0069956129
0.0065433519
0.0058880231
0.0067649096
0.0075574356
0.0081793306
0.0082803156
0.0080806
0.0085025819
0.0090737072
0.0087145053
0.010164071
0.01244721
0.013980873
0.017532701
0.020972623
0.02415525
0.026559952
0.026714426
0.025451806
0.024840191
0.022669727
0.019788319
0.017381981
0.012016085
0.0099844252
0.0059247788
0.0084145354
0.0059890637
0.0051069703
0.0037782417
0.002533317
0.0022378332
0.0033088943
0.0042995009
0.0042587203
0.0042756003
0.0043523417
0.0037562417
0.0040045768
0.0044095569
0.003116024
0.0027464519
0.0022145318
-0.0003609062
-0.0015431706
-0.0020115667
-0.0025744492
-0.002016083
-0.0030269537
-0.0036058551
-0.0037061188
-0.0029623911
-0.0037379849
-0.0043900946
-0.0052119161
-0.0055027697
-0.0063644744
-0.0070663924
-0.0081504204
-0.0094814462
-0.0086505471
-0.0061404294
-0.0039466794
-0.0016352412
0.0019707605
0.0023788496
0.0030752799
0.0039719495
0.0070781966
0.0098681197
0.0097132631
0.011242214
0.012360441
0.012725644
0.014262342
0.012388247
0.010926895
0.01196917
0.012973151
0.013152936
0.012994402
0.012447264
0.010829992
0.0084255446
0.0075076998
0.0062302633
0.00407431
0.0019997634
0.0012685867
0.00045536572
-0.00056614962
-0.0013009393
-0.0016872022
-0.0027910479
-0.0040595414
-0.0056524484
-0.0063736945
-0.0071333724
-0.008691531
-0.0090318252
-0.0095768469
-0.0094855471
-0.0086203871
-0.0098986566
-0.0092329554
-0.0068134369
-0.0048005653
-0.003394998
-0.003027952
-0.0019303067
-0.00083000865
6.9491834e-05
0.0025561565
0.004933925
0.0058547249
0.0071566991
0.0082559775
0.010288221
0.011642462
0.012374964
0.012877706
0.01491238
0.018537587
0.019642491
0.018717969
0.018428112
0.01623435
0.013229608
0.011293247
0.0086303539
0.0057683189
0.0044029162
0.0060500819
0.0066359641
0.0073382225
0.010329533
0.011523629
0.012089435
0.010770679
0.0098553603
0.0085197899
0.0066170128
0.0067129368
0.0061710042
0.0057538928
0.0055553712
0.005273318
0.0052782811
0.0056490968
0.005727925
0.0058478934
0.0058981911
0.0066761773
0.0071650641
0.0074982193
0.009056693
0.010425807
0.012369381
0.014501761
0.017451103
0.021198829
0.024342653
0.02502939
0.024274475
0.025562023
0.024369792
0.021488645
0.01892791
0.014768315
0.011966507
0.012217737
0.0099501892
0.0079125691
0.0073533399
0.0071431831
0.0062339755
0.0054554708
0.0061534662
0.0054659487
0.0060792164
0.0054438953
0.0064082879
0.0063962855
0.0061066082
0.0047301236
0.0049350545
0.0050063417
0.0018721911
0.00048906544
-0.00086713856
-0.0014350946
-0.0023296443
-0.0031130327
-0.0032437816
-0.0039447161
-0.0042129133
-0.0044122091
-0.0043548871
-0.0049308608
-0.0049596086
-0.0052506459
-0.005382522
-0.0064534627
-0.0072027714
-0.007790723
-0.00717475
-0.0050082976
-0.0029088591
-0.00020692119
-0.00051990262
-3.8611589e-05
0.00074978715
0.00023226406
0.0012022654
0.0037488038
0.0048600584
0.00692552
0.0074808241
0.008240447
0.0062887648
0.003410543
0.0042652212
0.0052657386
0.0069257893
0.0060710541
0.0060575168
0.006219403
0.0043926587
0.0032081432
0.0019035733
0.0010745184
0.00017177924
-0.00093150898
-0.0023203688
-0.0034866515
-0.0033233871
-0.0030747732
-0.0036404098
-0.0050077287
-0.0057110011
-0.006195852
-0.0069656248
-0.0079907151
-0.0097064771
-0.0099468762
-0.010619283
-0.01005091
-0.0096705591
-0.0078794664
-0.0064376634
-0.0033243129
-0.0010139459
-0.0009009881
-0.0001018953
0.0015934717
0.00077696456
0.0019419976
0.0021740919
0.0014781531
0.0023772025
0.0043761351
0.0050022742
0.0058788329
0.0072106655
0.0076417653
0.0098733492
0.01270695
0.015231859
0.014418692
0.014411586
0.013475948
0.013638402
0.0097664616
0.0084004943
0.0065393977
0.0053901709
0.0062062101
0.0058643055
0.0069245884
0.0078956786
0.008115745
0.0088016714
0.0077214274
0.006012867
0.0060611617
0.0048436619
0.0050780708
0.0043427243
0.0039614967
0.0044920928
0.0040622581
0.003441373
0.0034560991
0.0038079918
0.0041165038
0.0038158164
0.0033629817
0.0045457942
0.0053041733
0.0066345218
0.0079805507
0.008990583
0.010963496
0.012016664
0.014599792
0.017740234
0.01911641
0.019213095
0.019986327
0.01970749
0.018775611
0.018124927
0.016723408
0.014115086
