0.002429779
0.0020236601
0.0023330687
0.00302942
0.0035725579
0.0057385161
0.0080881592
0.0069423218
0.0035409558
0.00031345169
-0.0010441243
-0.0028012071
-0.0062702402
-0.0076072243
-0.0060907072
-0.0040621868
-0.0015211986
-0.0009284053
0.0016425885
0.0013457873
-0.0019372545
-0.0069473219
-0.0077898574
-0.0072054897
-0.0098520329
-0.011219292
-0.012943242
-0.013125372
-0.010676732
-0.010270544
-0.012516772
-0.013421283
-0.014385957
-0.014833366
-0.015552778
-0.014512143
-0.014770953
-0.016697539
-0.016804167
-0.015584586
-0.015397692
-0.016684271
-0.016526718
-0.015765898
-0.016185073
-0.014540263
-0.012658239
-0.011516193
-0.010992806
-0.0088526969
-0.0073738958
-0.0071003156
-0.0042479422
0.0001177422
0.003816718
0.0074594179
0.011497583
0.013497265
0.012439281
0.0093367942
0.0079549803
0.0085376979
0.0079871892
0.0072835078
0.0073963029
0.0067684863
0.0077479645
0.0090972259
0.011940744
0.014396211
0.017215302
0.019301478
0.022639196
0.024495838
0.024259941
0.025227142
0.026212257
0.027489203
0.026719337
0.023699441
0.021311084
0.018095415
0.016112642
0.015509967
0.016600193
0.012772852
0.011291929
0.010560487
0.011461147
0.014210327
0.014049355
0.012867206
0.01192271
0.009650578
0.0065288585
0.0048575969
0.0040607404
0.0035374991
0.0029885605
0.0044471649
0.0051018842
0.005751094
0.005512354
0.0068131746
0.00759676
0.008286189
0.0077010667
0.0077603251
0.006987884
0.0079020815
0.0080403014
0.0081851655
0.0094402882
0.0106858
0.0098965043
0.010610466
0.011087622
0.011525954
0.015187461
0.015772786
0.014712668
0.013401081
0.013065186
0.012239616
0.008263468
0.0079794921
0.010492387
0.010651602
0.0082369482
0.0058711038
0.0031374601
0.00044321787
-0.0013953035
-0.0022679429
-0.0014757418
-0.00063674043
-0.00048582564
0.00024789175
0.00071807347
0.0013855663
0.0018094644
0.0021978106
0.0026785219
0.0027923399
0.00063904913
0.00031110309
0.00021671866
0.00010107685
0.00057234184
0.0031697586
0.0029535
-0.00094370452
-0.0023710377
-0.0044630713
-0.0062477025
-0.0073377911
-0.0083813028
-0.011274758
-0.012639082
-0.0077324151
-0.006794892
-0.0043074225
-0.00069255342
-0.001731224
-0.0050340591
-0.008649424
-0.010226895
-0.0070441263
-0.0091826688
-0.013950218
-0.015876916
-0.014376289
-0.01276431
-0.014274572
-0.017915933
-0.019960909
-0.019499911
-0.020779552
-0.020083858
-0.018737136
-0.019530194
-0.021717815
-0.023114395
-0.022187478
-0.021488003
-0.020496464
-0.018464779
-0.016759169
-0.015301836
-0.010793614
-0.0087572788
-0.0058807663
-0.0015197264
0.001707962
0.0025423591
0.0036239554
0.0062724448
0.011680908
0.015340193
0.018729793
0.023507232
0.024432291
0.023923208
0.022448608
0.022753726
0.021618457
0.020971281
0.020831138
0.020239365
0.019773262
0.02171083
0.020971558
0.023494909
0.025305399
0.028356373
0.029740218
0.030155779
0.029188284
0.028141055
0.028089923
0.029687723
0.02858304
0.026048178
0.021469974
0.017368176
0.01412263
0.01187216
0.011284001
0.0091429513
0.0081076404
0.0074874411
0.0082611131
0.010209043
0.011344069
0.011475336
0.0085587839
0.0059835907
0.0034220672
0.0024576076
0.0023514991
0.0025661216
0.0023960472
0.0039308465
0.0048750914
0.0048511028
0.0061139194
0.0068994815
0.0070268943
0.0074937771
0.0077598045
0.0070891517
0.0069462419
0.0064662348
0.0072458207
0.0080415736
0.0087743268
0.010139883
0.011322809
0.011510711
0.011049085
0.012762178
0.016959572
0.018081937
0.015128238
0.013930877
0.015364437
0.010472565
0.0099916594
0.0080435296
0.0074237867
0.0073347754
0.005449709
0.0013840261
-0.0011667542
-0.0036905475
-0.0031911058
-0.0024190584
-0.0029614138
-0.0017183691
-0.0016994151
-0.0010160209
-0.0007881748
2.8933895e-05
5.6038064e-05
0.00019302441
-0.00010575304
0.00032094141
0.00053146392
-0.0021394434
-0.0018010897
-0.0021804101
-0.0028522336
-0.0041699391
-0.0030562924
-0.0031397817
-0.0065615379
-0.0076569711
-0.0076903644
-0.010879453
-0.012948662
-0.01342206
-0.01223236
-0.013619698
-0.014248933
-0.016381154
-0.014975153
-0.010155024
-0.0066828369
-0.010041498
-0.01521319
-0.015277613
-0.014168985
-0.017165695
-0.022482427
-0.023013228
-0.02104371
-0.018671335
-0.020834758
-0.025936045
-0.028920361
-0.031219169
-0.030884766
-0.029909461
-0.029310095
-0.030952838
-0.030950864
-0.030612403
-0.029403581
-0.027830206
-0.025327604
-0.021282413
-0.017705541
-0.013801436
-0.010291031
-0.0062595423
-0.0019846402
0.0051002269
0.011145338
0.013853082
0.017503048
0.019010024
0.020282469
0.024371854
0.029860536
0.035940519
0.03500372
0.034131588
0.036684851
0.036406112
0.037292762
0.034836522
0.034610972
0.036214697
0.035560306
0.03807123
0.035420723
0.037228423
0.036786668
0.036660367
0.037569148
0.037203779
0.034172266
0.030566027
0.025644693
0.026198129
0.025090738
0.021298127
0.014741581
0.012081215
0.0083682751
0.0067255361
0.0049182841
0.0035260641
0.0046733737
0.0037786128
0.0042243669
0.0050791342
0.0058763803
0.0045816348
0.0027220892
0.00050739049
-0.00055455032
-0.00084498257
-0.00014400586
0.001492301
0.0033770148
0.0049671244
0.0057644013
0.0067574588
0.007376204
0.007576943
0.0066415946
0.0071625699
0.0070495993
0.0063623762
0.0058848711
0.005472324
0.0053870452
0.0061241628
0.0072309548
0.0084558075
0.0069292362
0.010649564
0.013747713
0.015133516
0.011918044
0.012268322
0.0075254046
0.010586859
0.012732107
0.0094563795
0.0073781954
0.0043135667
0.0047674797
4.0846457e-05
-0.0023209253
-0.0050615998
-0.0054627828
-0.0073565868
-0.0058012684
-0.0052176535
-0.0026492552
-0.0024487104
-0.002189112
-0.001654495
-0.00094945432
-0.0016870503
-0.001257207
-0.0019962684
-0.0013800241
-0.0019833057
-0.0013599035
-0.0042783151
-0.0036847689
-0.0039862847
-0.0057191799
-0.007662985
-0.0061454324
-0.005111941
-0.010849479
-0.013900411
-0.012159595
-0.01458414
-0.017460223
-0.019905767
-0.020365043
-0.021628812
-0.019621384
-0.022642555
-0.023827963
-0.018174797
-0.01719406
-0.018144117
-0.022061866
-0.020689943
-0.021662005
-0.026239628
-0.029870663
-0.029764029
-0.030712884
-0.029074804
-0.030662426
-0.034884111
-0.038857871
-0.043020831
-0.042752867
-0.043173499
-0.044572772
-0.042805064
-0.040918845
-0.040245152
-0.041814207
-0.038058247
-0.031800787
-0.03003265
-0.024898087
-0.020237204
-0.015170497
-0.0099509104
-0.0041513284
0.0061226731
0.014503249
0.019774525
0.023479428
0.02483085
0.025962806
0.027282327
0.035309971
0.042883949
0.042336718
0.046823958
0.051131942
0.049537542
0.050300639
0.05086456
0.050548035
0.050093186
0.051360794
0.05368445
0.051258179
0.051033803
0.047713638
0.04401864
0.042171575
0.038722234
0.035811594
0.028916488
0.024579918
0.024975392
0.021684888
0.015848411
0.011391804
0.0057203118
0.001948458
0.0012156318
-0.00051162253
-0.0014609432
-0.0016855262
-0.0027472876
-0.002633157
-0.002515943
-0.0025335885
-0.0027966085
-0.0031000812
-0.0029396639
-0.0025851501
-0.0023097038
0.00010890087
0.0014471988
0.0030013194
0.0040407162
0.0047105629
0.0047439764
0.0051235518
0.0058647177
0.006500686
0.005198323
0.0046761906
0.0043715756
0.0037315767
0.0026845348
0.0027499554
0.0027585312
0.0051179304
0.0055518975
0.0062789272
0.0071588256
0.004596404
0.0042695729
0.0002587784
0.00040675075
0.0034610479
0.0074360878
0.0082024613
0.0030540891
-0.00022224881
-0.0029650819
-0.0032398329
-0.0052676621
-0.010562605
-0.01224636
-0.01277431
-0.011452487
-0.0078307493
-0.0043473906
-0.0022270554
-0.0012935127
-0.0022528665
-0.0024075301
-0.0028667585
-0.002787461
-0.0019174132
-0.0028275945
-0.0030514799
-0.0036896631
-0.0039986133
-0.0048320414
-0.0044576296
-0.0058213562
-0.0070338641
-0.0085254893
-0.0066334405
-0.0066224004
-0.014493501
-0.017751138
-0.02167867
-0.024192594
-0.024282487
-0.025724255
-0.028014623
-0.027496304
-0.024130496
-0.024142162
-0.025574451
-0.023460473
-0.024084193
-0.025365228
-0.027869577
-0.029083485
-0.03118598
-0.03708642
-0.038346078
-0.041614112
-0.04437588
-0.04470817
-0.044993445
-0.047765921
-0.051992964
-0.054192458
-0.056336605
-0.055806759
-0.054941679
-0.053037783
-0.052091914
-0.05055793
-0.049398383
-0.044109906
-0.035972483
-0.033277749
-0.030250308
-0.026839659
-0.019767746
-0.013189033
-0.0057518098
0.00018000341
0.0088385904
0.013320667
0.017786141
0.022842705
0.027359424
0.035542776
0.040636459
0.045813635
0.048658443
0.052560522
0.056325091
0.053466383
0.056503743
0.059853951
0.062109083
0.064266808
0.063058429
0.064480518
0.060737462
0.060937286
0.054826301
0.050412075
0.044932085
0.037257631
0.034299732
0.027761969
0.023020226
0.019173524
0.012977235
0.0093385645
0.0037597669
-0.00056268328
-0.004617445
-0.0028861747
-0.0049603342
-0.0052581649
-0.0039389026
-0.0064842437
-0.0055365631
-0.0075928976
-0.0064076767
-0.0046351241
-0.0056574697
-0.0046392107
-0.0042483999
-0.0025692263
-0.00031450406
0.0012620929
0.0025289364
0.0040869496
0.0040679185
0.0026885969
0.003175597
0.0036253914
0.0038324149
0.0032985832
0.0032473238
0.0033936709
0.0027495691
0.0019120841
0.0014920285
0.0019575028
0.0031983099
0.0034420925
0.0039426171
0.0010577046
-0.00089586076
-0.0023733176
-0.0014260977
-0.0018615826
0.0022106861
0.0023838047
0.00064780883
-0.00073620392
-0.0035669986
-0.0067059067
-0.007247789
-0.010184683
-0.014279184
-0.017444223
-0.017130088
-0.01330527
-0.0081211787
-0.004941566
-0.0037700371
-0.0025389674
-0.0039033821
-0.0044249538
-0.0043448172
-0.0033122095
-0.0026673394
-0.0027931088
-0.0042324161
-0.0045376552
-0.0046694415
-0.0068326356
-0.0066615695
-0.0064969076
-0.008754705
-0.010465927
-0.0089963553
-0.012003673
-0.018132376
-0.022031448
-0.025430982
-0.027779559
-0.029604818
-0.037342458
-0.036700506
-0.032200779
-0.023342747
-0.021744514
-0.020753103
-0.022053972
-0.024341209
-0.029905321
-0.034095361
-0.038387989
-0.042514491
-0.043811226
-0.0469707
-0.049537737
-0.050343289
-0.053098334
-0.0546134
-0.055653218
-0.057174869
-0.057772666
-0.060983488
-0.060761716
-0.062442646
-0.061631444
-0.060295501
-0.057614902
-0.049708889
-0.040912198
-0.032051929
-0.023052246
-0.019921059
-0.022486608
-0.023892329
-0.017362171
-0.005112724
0.0012613484
0.0089546994
0.010909948
0.017975225
0.02301462
0.029404006
0.033908938
0.036407954
0.034187395
0.031249858
0.041424327
0.049883092
0.051583514
0.057389525
0.061467288
0.059330321
0.061972705
0.062764891
0.063034591
0.060857821
0.057091117
0.052107885
0.046887601
0.041411998
0.033470836
0.026195138
0.02058117
0.016978802
0.010830523
0.0053306116
0.0010020489
-0.0026420093
-0.0057940975
-0.0062738046
-0.0077113849
-0.0088973031
-0.0089489088
-0.010094395
-0.0091461629
-0.0083234986
-0.0061463791
-0.0053087282
-0.0045899193
-0.0056004994
-0.0065089987
-0.0064282382
-0.0047562011
-0.0028878212
0.00014424101
0.0019872568
0.0027002936
0.0025303359
0.0022036894
0.0017109688
0.0019382941
0.0017125045
0.0030968626
0.0027362687
0.0027381449
0.0033271607
0.0034031506
0.0032328213
0.0027233449
0.0030017567
0.0042341994
-0.0032550935
-0.0054620025
-0.0038500972
-0.0030068205
-0.0018478248
-0.00051424922
0.0031654189
0.001706903
0.00026261761
-0.0028404732
-0.0048901619
-0.0079093626
-0.0099215891
-0.010794352
-0.016413955
-0.017522462
-0.020175596
-0.014200658
-0.0084967081
-0.0061981307
-0.0064212565
-0.0065357028
-0.0067186767
-0.0071737684
-0.0069989868
-0.0052594929
-0.0041262287
-0.0039340718
-0.005021737
-0.0065944494
-0.0074462801
-0.0079625713
-0.0095065862
-0.01199098
-0.013836614
-0.013234142
-0.012341188
-0.014462725
-0.020069707
-0.022633374
-0.026434357
-0.030697047
-0.035058684
-0.040625508
-0.041635346
-0.037751543
-0.025330079
-0.017765744
-0.01898945
-0.021072679
-0.024132063
-0.027751327
-0.034865119
-0.038952267
-0.040508191
-0.042600273
-0.046842918
-0.051535515
-0.054538029
-0.055809031
-0.057029121
-0.05834294
-0.06009593
-0.061175051
-0.05899928
-0.06102358
-0.063529458
-0.063387282
-0.061047385
-0.055293538
-0.043160332
-0.03174299
-0.020688627
-0.01965212
-0.01743952
-0.016415225
-0.012012661
-0.0058554682
0.00072894458
0.0029295373
0.002778536
0.011363897
0.018358773
0.026382179
0.032776402
0.031467236
0.027731676
0.025875033
0.027403767
0.041606356
0.046590562
0.048873318
0.048777301
0.049368114
0.058509033
0.060742987
0.058967876
0.057146335
0.056393473
0.051053021
0.045564941
0.037198172
0.031255648
0.026610229
0.023084047
0.013233239
0.010227321
0.0047129298
0.0010071586
-0.00087849924
-0.0032276864
-0.0040835747
-0.00565804
-0.0083083818
-0.0078900849
-0.0092761034
-0.0079520441
-0.0072378695
-0.0072627512
-0.0050200608
-0.0039312861
-0.0034646966
-0.0055041267
-0.0058410826
-0.0044054245
-0.0037172118
-0.0020949232
-1.271792e-05
0.0016789307
0.0028531739
0.0035548099
0.0028949717
0.0023437923
0.0022903851
0.0025889297
0.0021256838
0.0026727009
0.003461541
0.0034624898
0.0058498008
0.0067168449
0.0056824205
0.0043901127
0.0010297788
-0.0075038164
-0.0058931083
-0.0043470432
-0.0015293145
-0.0013146496
0.0022461597
0.0025122833
0.0042697071
0.0034198248
-0.0022773761
-0.0080505091
-0.011917052
-0.012073463
-0.011554341
-0.016544029
-0.017299601
-0.019462142
-0.013964611
-0.011488804
-0.0097636545
-0.0064127974
-0.0063433846
-0.007003668
-0.008210368
-0.0084053419
-0.0076881249
-0.0062350243
-0.0063882802
-0.0047334779
-0.0070097044
-0.0080502325
-0.007622463
-0.01020497
-0.014059083
-0.015036072
-0.013572718
-0.011735353
-0.01484107
-0.015624247
-0.017857872
-0.019416276
-0.024496729
-0.029000288
-0.034204859
-0.041129893
-0.038511559
-0.024358967
-0.016966019
-0.015698193
-0.017283957
-0.017721767
-0.020783582
-0.023608885
-0.027422289
-0.030756176
-0.03616275
-0.039442746
-0.043080469
-0.048027244
-0.053841723
-0.056613121
-0.061565612
-0.061812857
-0.064362073
-0.064588902
-0.06180776
-0.060795004
-0.058040677
-0.052083459
-0.042916112
-0.029171573
-0.023005594
-0.019327268
-0.017451635
-0.016007627
-0.016671616
-0.015042561
-0.0071896678
-0.0075462448
-0.00099589727
0.0031934428
0.0031288526
0.0074653365
0.013991943
0.015287431
0.01217029
0.015697204
0.023842482
0.031171462
0.037932052
0.04353465
0.046398348
0.045211068
0.049517047
0.05019342
0.051907499
0.047833543
0.047835365
0.042487368
0.039439657
0.035319532
0.029403898
0.025470205
0.020641103
0.013723659
0.010566819
0.0076464407
0.0026169427
0.0019087348
0.00028393762
-7.4462465e-05
-0.0015080778
-0.0025370606
-0.0054596282
-0.0059990939
-0.0055370019
-0.0049502718
-0.0040677259
-0.0037105691
-0.0040738265
-0.0025291363
-0.002471709
-0.0023703861
-0.0017784697
-0.0017563361
-0.00064379833
-0.0003083032
-0.00029619563
-0.0013532505
-0.0017801571
-0.00088614452
0.00041044343
0.0005463093
0.0013223901
0.002337599
0.002821219
0.0025627401
0.0039213602
0.0037015464
0.0025867328
0.0035175081
0.0046970902
0.0045305922
-0.0036032307
-0.0080438919
-0.0017680727
0.0010072348
0.0024277654
0.0027244291
0.0050368078
0.0069181182
0.005717823
0.006069996
-0.00050421574
-0.0054248963
-0.0081047537
-0.010056172
-0.010401333
-0.017253687
-0.018787204
-0.013731757
-0.0080155267
-0.0060385428
-0.0053635559
-0.0056044321
-0.0038226494
-0.0051730699
-0.0050556843
-0.006872335
-0.0065024258
-0.0053610288
-0.0054459328
-0.0053092108
-0.0072765205
-0.0083294495
-0.010913086
-0.012787503
-0.016338552
-0.016641974
-0.011325861
-0.01075368
-0.01180495
-0.013898732
-0.014059885
-0.015182814
-0.019942688
-0.026828795
-0.032315788
-0.035097788
-0.036279237
-0.025336998
-0.019232864
-0.01824131
-0.018575676
-0.017865994
-0.018089699
-0.019467348
-0.022183427
-0.026631491
-0.032763391
-0.037769313
-0.042777624
-0.048691144
-0.053934955
-0.05895914
-0.061500245
-0.064303021
-0.064696434
-0.064785416
-0.064040058
-0.063335776
-0.059025007
-0.050805306
-0.040882485
-0.033438557
-0.030963927
-0.03018947
-0.022427065
-0.022246081
-0.018794766
-0.021380833
-0.011719344
-0.0099391597
-0.009078811
-0.0076896928
-0.0054373447
0.00041630028
0.0017206166
0.0070770347
0.011460844
0.018880607
0.023102856
0.026735235
0.031664784
0.03584762
0.037351455
0.036871354
0.038327362
0.040351918
0.039703778
0.038453215
0.035960857
0.032521672
0.030322467
0.027788256
0.024217871
0.020711555
0.017670855
0.015784701
0.012535349
0.011506244
0.0068128115
0.0073390341
0.0055145168
0.004736297
0.0028261556
0.001575415
-0.00084040526
-0.0016014885
-0.0014709913
-0.0015483914
-0.00071262254
0.00024372075
0.0010563647
0.0012246085
0.0021163543
0.0025252303
0.0018288733
0.0017213981
0.0029037321
0.00370121
0.0025128168
0.0013532925
0.0014148815
0.00049734911
0.00066608594
0.0011769563
0.00090712558
0.00072170431
0.00030897779
0.00065322243
0.0013603114
0.00086919289
-0.00055606837
0.00029157332
0.002444444
0.0046705426
-0.0016155457
-0.0053538382
-0.0018143334
0.0029899582
0.0052507498
0.0044672138
0.0065247567
0.00515137
0.0032785699
0.0053313495
-9.2123078e-05
-0.0041982446
-0.0044672726
-0.0054444416
-0.0071032564
-0.0063984889
-0.0047651371
-0.0015106603
0.00014558857
-0.00010473511
-0.00088138635
-0.0024393586
-0.0016470902
-0.002784805
-0.0046168413
-0.0061487525
-0.0063063405
-0.0055548209
-0.0058981137
-0.0074354708
-0.0095785919
-0.0109526
-0.013709324
-0.014652291
-0.016226298
-0.018818967
-0.012446398
-0.012787028
-0.013523255
-0.013254043
-0.015449445
-0.015848421
-0.020213418
-0.025500701
-0.032397629
-0.036978335
-0.036138781
-0.026676974
-0.021042684
-0.020773079
-0.020389748
-0.018002366
-0.019006965
-0.020791074
-0.024422056
-0.028810368
-0.035151974
-0.041362736
-0.044128018
-0.050315851
-0.053732261
-0.056315211
-0.059636348
-0.061624223
-0.061575684
-0.065772446
-0.064477645
-0.063695321
-0.058736261
-0.049594825
-0.038728321
-0.035347838
-0.036495522
-0.028052992
-0.026757994
-0.024273269
-0.021048592
-0.021580487
-0.012237067
-0.012504597
-0.01660562
-0.016123588
-0.012768542
-0.0080609175
-0.0017872393
0.0030775532
0.0051293058
0.0096897844
0.011541119
0.014627376
0.018979143
0.02490413
0.025781024
0.026989695
0.02740165
0.029509909
0.030139612
0.028312979
0.025087665
0.027941175
0.026137856
0.023633553
0.02419963
0.021331751
0.021421397
0.018744698
0.014817906
0.012629864
0.012116455
0.011224075
0.010242041
0.0084680812
0.0056562706
0.0030854128
0.0020014241
0.0016370175
0.0017982833
0.0023836782
0.0021880213
0.0028630502
0.0025496552
0.002908913
0.003661037
0.0034252218
0.0033545954
0.0043922741
0.0048595313
0.0043578135
0.0034404146
0.0041854641
0.0041719308
0.0038246052
0.0024156698
0.0017251762
0.0023098415
0.0026201517
0.0030971419
0.0040543934
0.0023772287
0.0017102597
0.00095632129
0.001776787
0.0035591308
0.0047058245
0.0027246497
-9.6069767e-05
0.00025565765
0.0046695133
0.0075466775
0.010053872
0.010224519
0.0052525697
0.0053253296
0.0051877377
0.0036356291
0.00091067514
0.0028208372
0.0029867903
0.0020309576
0.0039492417
0.0053257085
0.007887248
0.0097079249
0.0089438666
0.006110006
0.0079548254
0.0074194494
0.0066003416
0.004192581
0.00091847298
-0.00057126459
-0.0023287976
-0.0014701659
-0.0046160701
-0.0088155504
-0.012475779
-0.0082916714
-0.011958711
-0.014369058
-0.017308562
-0.013331052
-0.012821339
-0.013831271
-0.015947501
-0.016475982
-0.017829463
-0.023601301
-0.025265384
-0.032670267
-0.03754902
-0.036931467
-0.030249241
-0.025076776
-0.024498134
-0.024393001
-0.021488447
-0.020322635
-0.023049452
-0.025223128
-0.027054375
-0.032047618
-0.038982254
-0.043129223
-0.046849786
-0.050254043
-0.05247647
-0.05572573
-0.05571384
-0.057004158
-0.058497432
-0.060728063
-0.058571861
-0.053257167
-0.043219386
-0.03718596
-0.033637836
-0.028335923
-0.024265317
-0.025528678
-0.02127236
-0.01699752
-0.012374499
-0.0079612707
-0.010090383
-0.011611495
-0.0090164335
-0.0064572339
-0.0035075843
-0.001128601
0.0017561122
0.0047112029
0.0069557528
0.0071054671
0.0070436797
0.010388707
0.013122407
0.01292966
0.013829869
0.018359541
0.02132622
0.021933019
0.019497676
0.020544355
0.020932781
0.019002301
0.01913752
0.01605351
0.015065958
0.015783369
0.013584878
0.0092133353
0.0089702509
0.008052721
0.0056610057
0.0059292035
0.0052612362
0.0026028989
0.0010882255
0.0019559118
0.00036392166
0.0017713414
0.0037131291
0.0045153635
0.0052401861
0.0048926391
0.0046236652
0.0057225842
0.0062282009
0.0072201383
0.0065473891
0.0083936341
0.0087017963
0.0060407625
0.0064391041
0.0076014826
0.0057544378
0.0072420665
0.0073047511
0.0048935027
0.0038338118
0.0054631717
0.0072068189
0.0077460351
0.0077627151
0.0088893933
0.0091482043
0.0082204064
0.007813707
0.0055141778
0.0076291063
0.010076679
0.0085295323
0.011119165
0.011297702
0.012823721
0.010087925
0.0071384641
0.0071677575
0.0072684397
0.0063895152
0.0067163912
0.0063981374
0.0071575731
0.0089571383
0.0095006925
0.011189984
0.010466004
0.011061902
0.012169493
0.011673884
0.012359506
0.01098469
0.010153123
0.008220221
0.0048950491
0.0014463739
-0.0010236263
-0.00076215205
-0.0033166826
-0.0063664584
-0.0045696208
-0.0088925052
-0.010955607
-0.010597618
-0.010997212
-0.011571892
-0.01415121
-0.016727927
-0.015576794
-0.017092859
-0.020285247
-0.021451774
-0.022883491
-0.025321485
-0.027379477
-0.024899925
-0.024680932
-0.025490457
-0.025286382
-0.023892111
-0.022438492
-0.021788794
-0.02173307
-0.023554125
-0.027083692
-0.031070545
-0.033785991
-0.03724568
-0.04110811
-0.043747552
-0.046355072
-0.044300513
-0.044910427
-0.048874351
-0.048636316
-0.046951854
-0.041753208
-0.033583854
-0.028001426
-0.021173137
-0.014910952
-0.012814072
-0.010075091
-0.008527134
-0.0034229417
-0.0013455847
-0.00064646235
0.00093135795
4.2402728e-05
0.0018854301
0.0037642086
0.0053067979
0.0061901411
0.0064188598
0.0092476346
0.012133082
0.013587933
0.014118069
0.015189882
0.016433059
0.015941438
0.016154184
0.016212431
0.014986869
0.016466724
0.015739131
0.015514239
0.014827134
0.012284076
0.01058028
0.0083105641
0.0062430849
0.0043881356
0.0015921869
-0.0010871449
-0.003543279
-0.0025266372
-0.0030769749
-0.0014279106
-0.0013975295
-0.0018352292
-0.0017743071
-0.00097870195
0.0029509093
0.0017572547
0.0017160303
0.0033760775
0.0080537954
0.0086534294
0.010936529
0.010749644
0.010595705
0.0099379031
0.010207499
0.010175248
0.010981099
0.009979063
0.010812037
0.012773209
0.010862015
0.010012937
0.0097657505
0.010809115
0.0076685273
0.0076774784
0.0090882889
0.0097095432
0.010094133
0.011115741
0.0094612641
0.0082863195
0.0075880411
0.005208598
0.0061930283
0.013564394
0.014962622
0.013445373
0.014465667
0.012850727
0.010266791
0.0092902066
0.0096649548
0.0084759436
0.0066366214
0.006711545
0.0077265019
0.0081674658
0.0091364085
0.0096779951
0.010214756
0.010903781
0.012225016
0.013283245
0.01306603
0.012817271
0.011338216
0.0098598553
0.007173707
0.0042394146
0.0014928908
-0.00091558657
-0.00043000473
-0.0019070567
-0.0032134184
-0.0013338235
-0.0018048579
-0.0022522284
-0.0041442143
-0.0052506431
-0.007376069
-0.0097345708
-0.013460728
-0.014536079
-0.014409433
-0.013134921
-0.013800427
-0.014405611
-0.014849144
-0.014735342
-0.013090298
-0.017152636
-0.02076837
-0.02220339
-0.021843293
-0.01949426
-0.019709182
-0.017888646
-0.01961616
-0.021206431
-0.02438276
-0.025498921
-0.028596554
-0.031280182
-0.032644046
-0.032790536
-0.032145566
-0.032578085
-0.034750605
-0.03334806
-0.029794982
-0.024934556
-0.018597809
-0.010718502
-0.0027756473
-0.0015429566
-0.0015863001
0.00035342246
0.0020578958
0.0059021882
0.0096477793
0.0093302218
0.0099896391
0.0089168504
0.01163772
0.011438033
0.013643013
0.015293741
0.01388754
0.014451924
0.014935823
0.018492152
0.018679904
0.019744518
0.021949643
0.01955732
0.018326916
0.019685576
0.016195417
0.015854815
0.014336792
0.013548411
0.011029078
0.0068896421
0.0049303602
0.0029696401
-0.00031387814
-0.0023619296
-0.0023731019
-0.0046227185
-0.0053600921
-0.0057283802
-0.0052888709
-0.0029837565
-0.0020688672
-0.0013903998
0.001164032
0.0020372656
0.0035560895
0.0048367829
0.0057964519
0.0082806433
0.011080179
0.013070927
0.015171971
0.01549344
0.014868595
0.013891754
0.011586932
0.010404664
0.011023192
0.01190632
0.014700556
0.01778284
0.017844625
0.015237235
0.013625044
0.012380343
0.008822296
0.0075724286
0.0084918649
0.0081797534
0.0074598221
0.0083362761
0.0090366943
0.0060495763
0.0082154841
0.010481543
0.010710929
0.011968066
0.012941118
0.013191241
0.012478833
0.01190027
0.010399282
0.010797579
0.010192937
0.010578354
0.0093264226
0.0087183907
0.008824828
0.01001074
0.010317466
0.011397485
0.01308995
0.015055694
0.017022487
0.017246234
0.018041002
0.018674362
0.017437894
0.014634851
0.01160444
0.0082452259
0.0071394671
0.0028555883
0.0033086202
0.0014642222
0.0010252183
0.004291709
0.0027688388
0.00052158335
7.931292e-05
0.00047152965
-0.0021175619
-0.0025011234
-0.0048453806
-0.0069072546
-0.0087758727
-0.0094932762
-0.0071689111
-0.0058048136
-0.0057410973
-0.0073011503
-0.0026457464
-0.0073406478
-0.012983902
-0.012693388
-0.013003603
-0.013355739
-0.012985153
-0.013006462
-0.013491613
-0.014234419
-0.015840841
-0.017700117
-0.018686158
-0.020950001
-0.020735449
-0.019310235
-0.020535889
-0.022056909
-0.021791521
-0.020536249
-0.01570628
-0.012621734
-0.0075972819
-0.0011546069
0.0057665637
0.0050194283
0.0049719829
0.0070181059
0.0071320565
0.011517111
0.012204467
0.012602418
0.013505103
0.01452029
0.016872694
0.017606458
0.017482595
0.018154664
0.017403042
0.015203897
0.015497417
0.017564604
0.017793211
0.01739529
0.017489592
0.016912433
0.015402967
0.015843459
0.012875038
0.012467661
0.010287717
0.0073292019
0.003941088
0.0014024163
-0.0021249401
-0.0041074216
-0.005783934
-0.0070289148
-0.0087037858
-0.0089352657
-0.007189159
-0.0068769716
-0.0071347261
-0.0049232972
-0.0046847857
-0.0048041169
-0.0030574762
0.00016727711
0.0023216417
0.0041310195
0.0064548453
0.010954126
0.013048367
0.014814873
0.016570846
0.017372895
0.016643499
0.01653775
0.015240934
0.01442405
0.015961884
0.016649541
0.019128446
0.019908964
0.018895825
0.016746493
0.015752282
0.013320915
0.0096452443
0.0087867279
0.0090282373
0.0089316159
0.0080724388
0.0092460904
0.0070211159
0.0060573821
0.0075923615
0.0081144721
0.0090965111
0.0097698706
0.010347263
0.010495734
0.010673341
0.0090955456
0.0090546123
0.0091803681
0.0093728403
0.010002581
0.010698019
0.0095003398
0.0086978653
0.009618745
0.011051632
0.013118417
0.014816743
0.016876458
0.019073268
0.020952432
0.022733573
0.024304322
0.024389866
0.022915549
0.020782547
0.018832628
0.015518661
0.012173165
0.01039176
0.0071945461
0.0061739511
0.0085912099
0.005895119
0.0033558722
0.0024141666
0.0010677813
0.0011094495
0.0020003089
0.0023486396
0.00024079567
6.0070163e-05
-0.00091548569
-0.00013553858
0.0010228414
0.001857071
0.00064302643
0.0028413457
9.7497337e-07
-0.00094531045
-0.0046020188
-0.0060409236
-0.0066891679
-0.0077850427
-0.0082194881
-0.0085863521
-0.0076311246
-0.0085824604
-0.0095552262
-0.010661763
-0.011211288
-0.010835794
-0.010032771
-0.01318712
-0.013134226
-0.012476028
-0.011074218
-0.0090573652
-0.0056712004
-0.003406002
0.0018869591
0.0061299353
0.0084050797
0.0069175027
0.0091408823
0.010622564
0.010210345
0.011349728
0.011709824
0.013236765
0.01531223
0.016561002
0.017035787
0.016896922
0.016223044
0.016350954
0.014364227
0.013833447
0.014205867
0.013307432
0.013105968
0.012925315
0.011900275
0.010648108
0.0098493526
0.0075561542
0.0055879827
0.0026864931
-0.0002554456
-0.00347893
-0.0056747191
-0.0081595066
-0.0097556343
-0.010583454
-0.011487935
-0.011510017
-0.01160581
-0.010828549
-0.010234858
-0.010553575
-0.0095616482
-0.0086157797
-0.0079474517
-0.0075070124
-0.0047070923
-0.0019771226
0.00067996564
0.0053889358
0.009028295
0.011793232
0.013730001
0.015992336
0.01746852
0.018729725
0.017115403
0.015282326
0.015599149
0.016010583
0.016414429
0.018259084
0.019001308
0.01727744
0.016766648
0.014503254
0.013196406
0.0100243
0.0088863743
0.0068505708
0.0071564501
0.0070227625
0.0085108803
0.0093767154
0.0089783456
0.0088912987
0.0090227711
0.008673355
0.0078820702
0.0087363805
0.0080581281
0.0087504438
0.0096112252
0.0087922658
0.0086424589
0.0098285189
0.0097449269
0.009595089
0.0093065376
0.0088226203
0.0081610382
0.0089508954
0.0098301646
0.01145002
0.013557241
0.017241524
0.020143819
0.022973485
0.024799073
0.026741717
0.027835412
0.028327373
0.027413257
0.024076096
0.020887401
0.017594245
0.014719278
0.011449673
0.014742012
0.011577634
0.010462321
0.0074475718
0.0049258434
0.0055256849
0.0060644724
0.005962581
0.0063488506
0.0054481305
0.0052305499
0.0054096882
0.0056224557
0.0065325173
0.0050723591
0.0060701077
0.0074316482
0.0063050073
0.0036835556
0.00071445329
-0.0017598241
-0.0023396893
-0.0033451252
-0.0034627448
-0.0034004241
-0.0030260898
-0.0034330974
-0.0040144177
-0.0042787511
-0.0029374453
-0.0042420604
-0.0077055032
-0.010580583
-0.0095579088
-0.0085050338
-0.0078344355
-0.0046698827
-0.0030866573
0.0010554838
0.0036930982
0.0049280947
0.0046114231
0.0064572986
0.0074725729
0.0043471491
0.0045106019
0.0064091268
0.0079789434
0.010549686
0.011830428
0.010648657
0.012852269
0.012348807
0.011555523
0.011491084
0.010776519
0.010699832
0.0096747927
0.0082311953
0.0073848827
0.0057991749
0.0042999234
0.0032057441
0.002243266
0.00071143325
-0.00088449637
-0.0031743785
-0.0066295885
-0.0083892776
-0.010222391
-0.011319718
-0.011464102
-0.012827674
-0.013282094
-0.01287274
-0.012219892
-0.011396479
-0.011334084
-0.011454712
-0.0097363132
-0.0087127224
-0.0071975061
-0.0068605107
-0.004806865
-0.0018025086
0.00034354845
0.0038496897
0.0076711633
0.010246347
0.011520696
0.013476078
0.014814573
0.013621779
0.011993983
0.01168973
0.011357577
0.012680372
0.015198075
0.017017862
0.016544209
0.01526378
0.013302502
0.012317267
0.0099054177
0.0087065041
0.0070371509
0.0074486606
0.0077137604
0.0092551661
0.010953015
0.010843276
0.010588284
0.010154039
0.0091123771
0.0088306349
0.0064752353
0.006112136
0.0069190389
0.0066684646
0.0080390831
0.0076201011
0.007578845
0.0082681197
0.0083020564
0.0078444576
0.0066285152
0.0066090938
0.0073808012
0.0080882887
0.0088236259
0.010053929
0.012535621
0.015160707
0.017835326
0.020538276
0.023502275
0.0258298
0.027551243
0.029185364
0.029062598
0.026464862
0.023072318
0.021230177
0.018617984
0.019771898
0.018016178
0.016164865
0.014047422
0.012401806
0.011012742
0.010827232
0.010028408
0.0090450041
0.010219968
0.0094481344
0.010472595
0.010704462
0.010387945
0.0099130959
0.010295872
0.013227887
0.010932428
0.008236698
0.0060622866
0.0034065786
0.00046811828
-0.0019809366
-0.0017694285
-0.002495015
-0.0019783666
-0.0017988106
-0.0018954301
-0.00080379233
0.00015915918
-0.0015500807
-0.0044922862
-0.007363357
-0.0084725786
-0.010693033
-0.0099156517
-0.00841774
-0.0048605914
-0.0024085678
-0.0018698188
-0.0011933318
-0.00044491925
-0.00066870941
-0.0012577664
-0.0020331692
-0.0030684396
-0.0012187253
0.000478627
0.0033759954
0.004790676
0.0041166421
0.0052647527
0.0063896287
0.0066743904
0.0063453403
0.006586418
0.0071079206
0.0064657613
0.0053181398
0.0042378883
0.0026111683
0.0024675648
0.0017479067
1.5838771e-05
-0.0016299257
-0.002670551
-0.0040463723
-0.0058449921
-0.0077528493
-0.0087893381
-0.0091369334
-0.010017746
-0.010351725
-0.011134784
-0.011342678
-0.011220395
-0.010368276
-0.011245277
-0.010103974
-0.0098876058
-0.0088191286
-0.0060768684
-0.0048810613
-0.0032394082
-0.0018271295
-0.0012997362
0.0014411906
0.0034647518
0.0049145826
0.0071329457
0.0094628107
0.0095381451
0.0097242907
0.0095649468
0.0086302122
0.0083770978
0.0081537605
0.01001958
0.011363553
0.012007296
0.012371759
0.013002304
0.010308291
0.0083394332
0.0092640457
0.0063969691
0.0055081778
0.0062379075
0.0082560389
0.0090992458
0.0079303098
0.0081805634
0.0085161935
0.008279472
0.0072899019
0.0064420779
0.0060548305
0.0055023742
0.0051565795
0.0058118082
0.0063200364
0.0062174345
0.0066324052
0.0068127629
0.0066741121
0.005602004
0.0049981741
0.0060998237
0.0071415727
0.0078663032
0.0081259134
0.0087514559
0.010816883
0.012499028
0.014951022
0.017517575
0.019547496
0.022290994
0.025851636
0.026453653
0.025103007
0.024660788
0.024752331
0.022734394
