0.0034737247
0.0030507268
0.0032627713
0.0035404711
0.0043152855
0.0055360841
0.0084824929
0.0088381919
0.006236375
0.0038753215
0.0032410434
0.0015942224
-0.0018882593
-0.0045798368
-0.0042030267
-0.0030860107
-0.0010835179
9.7765603e-05
0.00238271
0.0022189181
0.00045249094
-0.0037916321
-0.0048176185
-0.003581922
-0.0053322688
-0.0062780464
-0.0091423437
-0.010376952
-0.0083620715
-0.007944079
-0.01012393
-0.010962281
-0.01161435
-0.011225033
-0.01200629
-0.011405148
-0.011201436
-0.014009823
-0.014982006
-0.014064778
-0.014734928
-0.016421136
-0.017194595
-0.017413219
-0.019753678
-0.01924279
-0.018287049
-0.017027623
-0.016098017
-0.013948754
-0.012568706
-0.013129035
-0.011170058
-0.0078691927
-0.0057113475
-0.0036482375
0.00030897872
0.0031264691
0.0036036784
0.0013786719
0.00029143553
0.0010989658
0.00015563844
-0.0015790732
-0.0029723648
-0.0032208346
-0.0031012584
-0.001813397
0.0010312743
0.0035263151
0.0062385722
0.0076696183
0.011732075
0.014800697
0.015636274
0.016510056
0.018412996
0.020984637
0.022445201
0.020483576
0.0192005
0.016494117
0.013296737
0.011105089
0.012201575
0.0087185661
0.0066816957
0.0067226936
0.008620786
0.011427475
0.011554421
0.010406262
0.0090446122
0.007919271
0.0061061778
0.0055804218
0.0051491699
0.0047021275
0.0034631286
0.0045642663
0.0045164003
0.00490623
0.0041240558
0.0047806822
0.0053034772
0.006295433
0.0061644749
0.0060802316
0.0052371978
0.0059000462
0.0060019181
0.005948584
0.0068702366
0.0085487176
0.0081453775
0.0084549165
0.0087508122
0.0082892056
0.013469235
0.014916438
0.014064576
0.013645008
0.013752858
0.014733788
0.011636519
0.010942755
0.012831702
0.012814073
0.011364285
0.0095228782
0.0066412276
0.0034982975
0.0018357009
0.00029401715
-0.00021966264
0.00025470708
-1.1440913e-05
0.0011031479
0.0015749943
0.0019523425
0.0026855257
0.0030045131
0.003476811
0.0036508085
0.00229876
0.0021591117
0.0020028159
0.0016346005
0.0015460202
0.0033843176
0.0044609375
0.001935509
0.00097571439
-0.00012812519
-0.0018174245
-0.0029322122
-0.0041195015
-0.0067503277
-0.0097074117
-0.0061907332
-0.0046770536
-0.0029480129
-0.00073975477
-0.0011319327
-0.0037158634
-0.0062590458
-0.0078788531
-0.0050014352
-0.004719318
-0.0091556169
-0.011841669
-0.011961813
-0.010237239
-0.011081166
-0.014305992
-0.016825761
-0.016746156
-0.017598792
-0.017583882
-0.016281745
-0.017304097
-0.019796344
-0.021777302
-0.021409603
-0.021336448
-0.021067024
-0.020644381
-0.020150406
-0.020694092
-0.017955046
-0.016289905
-0.01437745
-0.010364343
-0.0063460876
-0.0051393485
-0.0042231591
-0.003543728
-6.7087392e-05
0.0019080936
0.0045011863
0.0098182873
0.012140079
0.013386351
0.012174186
0.012835967
0.012300003
0.011215168
0.010222852
0.0097147359
0.0084848027
0.010296143
0.010511951
0.012944092
0.015513258
0.018829386
0.021120459
0.022544258
0.021805921
0.021333438
0.02135656
0.023908149
0.024690118
0.023690059
0.020509572
0.017348299
0.013507827
0.010335499
0.0081970095
0.0054215961
0.0045616348
0.0057597371
0.0061893625
0.0085199702
0.010247474
0.010674365
0.0077444339
0.0053456985
0.0039578669
0.0039190393
0.0042640149
0.0041320142
0.0039539643
0.0045136248
0.0049185065
0.0040954167
0.0046130943
0.0051338678
0.0053819801
0.0057205475
0.0064541778
0.0058002567
0.005797064
0.0051586437
0.005785723
0.0061485453
0.0067505254
0.0077566092
0.0090301629
0.0093188039
0.0088257704
0.0092796967
0.013194836
0.016690423
0.016400125
0.014632523
0.016786349
0.013304614
0.013218182
0.011518665
0.011085235
0.010833574
0.0092097922
0.0065037951
0.0040293937
0.00084079842
-0.00036619557
0.00055807748
-0.0006647961
0.00023548877
-0.00027415963
0.00034791883
0.00060468203
0.0015015364
0.0016674118
0.0017891052
0.0015836885
0.0017792851
0.0019819529
0.0009082085
0.0010670358
0.00092677201
-3.7862806e-06
-0.0011769145
-0.00089104098
-0.0010743353
-0.0026184748
-0.0043845875
-0.0040275324
-0.0059136117
-0.0084029505
-0.0087747892
-0.0078457953
-0.0098969199
-0.010640187
-0.011633852
-0.010847981
-0.0077832594
-0.0049007284
-0.007453777
-0.012690251
-0.012926315
-0.010655654
-0.011438152
-0.017676307
-0.020488526
-0.020041459
-0.017391
-0.017584076
-0.022220983
-0.024951164
-0.027811079
-0.028068863
-0.027883221
-0.02878454
-0.030199825
-0.030341895
-0.030040768
-0.029352053
-0.027963628
-0.027127442
-0.025133676
-0.023484025
-0.021094517
-0.01846696
-0.01535478
-0.01205381
-0.0070648281
-0.0018440452
0.0024272268
0.0055270938
0.0066995925
0.0066700735
0.0085350424
0.012318468
0.017851149
0.020243582
0.020353696
0.02303064
0.023785459
0.025225214
0.02363658
0.023424554
0.025591892
0.024576632
0.028584372
0.027105352
0.028931763
0.029272724
0.029553504
0.03100667
0.032072407
0.029597706
0.027361576
0.023784135
0.023728789
0.023562976
0.021699359
0.015988821
0.012208712
0.0086950277
0.0057180395
0.0035152633
0.0016917961
0.0033014511
0.0037575893
0.0046893683
0.0066473552
0.0079405284
0.0067915704
0.0046231525
0.0022063935
0.0017256884
0.0014831004
0.0019644131
0.0029926577
0.0041785168
0.0053975208
0.0053150878
0.0058511749
0.0062789414
0.0070799624
0.0061893801
0.0062660316
0.0067380628
0.0063709791
0.0060595912
0.0056402688
0.005520504
0.0058630344
0.0067318628
0.0076680445
0.0062816977
0.0075146284
0.01046665
0.013491312
0.01187609
0.01393658
0.0089784571
0.011341824
0.015152843
0.012281301
0.011418637
0.0083874422
0.008724644
0.0043964481
0.0019683685
-0.00051177956
-0.00091408836
-0.0039185431
-0.0036272535
-0.0033512457
-0.0011634489
-0.00055911323
-0.00026768669
0.00012195657
0.0010983781
0.00075453066
0.0012734871
0.00060046293
0.0010888044
0.00050968972
0.0012506911
-0.00057380603
-0.0001109032
-0.00028173364
-0.0014788034
-0.0039668811
-0.0026483544
-0.0010581295
-0.0061653099
-0.0099784646
-0.0085519562
-0.0091409396
-0.011984497
-0.014515564
-0.015660106
-0.017147737
-0.014672828
-0.015485782
-0.017909391
-0.014671707
-0.014965936
-0.015756249
-0.019652127
-0.019171608
-0.01839705
-0.021758037
-0.02603628
-0.027940926
-0.02960848
-0.027984736
-0.028899779
-0.032668101
-0.036121387
-0.040255047
-0.041725102
-0.042319886
-0.044571426
-0.043261726
-0.040980758
-0.039068324
-0.041280241
-0.039570423
-0.034127312
-0.034035747
-0.030802212
-0.027619046
-0.023604842
-0.019642098
-0.016024069
-0.0085037246
-0.00098282002
0.0036031113
0.0070760791
0.0080471683
0.0095951474
0.0093581361
0.01403978
0.021352517
0.023623787
0.029248133
0.034072557
0.033626303
0.036234366
0.038616584
0.039011875
0.039446631
0.041333916
0.045344581
0.043870783
0.04510454
0.042516114
0.039290558
0.039017915
0.035833263
0.033042584
0.029363735
0.026006399
0.026224924
0.022811217
0.018220229
0.014456157
0.0096073563
0.0042618585
0.0025259286
0.00015125695
-0.00035181211
0.00011415887
0.00010175978
0.0012100666
0.0012263205
0.0015971302
0.00068326368
0.00044214053
3.4156848e-05
0.00035403681
0.00023539914
0.0020472687
0.0026203182
0.0036547588
0.0044910475
0.0046484018
0.0044527514
0.0048422079
0.0056654631
0.0067367209
0.0060465448
0.0056348695
0.0055911935
0.0051874553
0.0043047557
0.004102838
0.0037897955
0.0055228048
0.0063805484
0.0061611173
0.0070844054
0.0049904235
0.0055554228
0.0023750475
0.0013286992
0.0049151534
0.0095496401
0.012294295
0.0081578724
0.0045683452
0.0019366738
0.0010700217
-0.0010478842
-0.0059695672
-0.0089865577
-0.010269985
-0.010043373
-0.0066610213
-0.0032558186
-0.00084585192
0.00038375846
-6.5872248e-05
-4.6965385e-05
-1.285004e-05
-4.8791751e-05
0.0012687028
0.00037874709
0.00050270816
-0.00014287944
-6.3618452e-05
-0.00053808086
-0.00026319229
-0.0013498635
-0.0020819733
-0.0042372438
-0.0026951045
-0.00098644151
-0.0075436785
-0.010283878
-0.013914006
-0.017413471
-0.017943717
-0.019792372
-0.022253315
-0.021242887
-0.017042061
-0.015648278
-0.01791277
-0.018363473
-0.02040423
-0.022134701
-0.024377969
-0.02583087
-0.027833336
-0.032707156
-0.035289789
-0.03975719
-0.043806186
-0.044754417
-0.043980688
-0.046304837
-0.051534811
-0.05397666
-0.056581953
-0.057213532
-0.058033042
-0.055916503
-0.053610298
-0.052154701
-0.052241713
-0.047959539
-0.041369185
-0.038544807
-0.03745037
-0.035452272
-0.030747388
-0.0253427
-0.019753207
-0.014952434
-0.0076391383
-0.00405553
-0.0014997402
0.0016547363
0.004307236
0.01116247
0.015890464
0.022081028
0.026834319
0.031802862
0.037968443
0.03689736
0.040316871
0.045196743
0.048012267
0.052947827
0.052974363
0.05577459
0.054352221
0.055621951
0.053163093
0.050023649
0.046332421
0.039115881
0.036290061
0.030128818
0.025936465
0.022384569
0.01703806
0.014359849
0.010241793
0.0064558087
0.00090865359
0.0010064674
-0.0011046628
-0.002176432
0.00020093841
-0.0014491861
0.00018588359
-0.0022729264
-0.0021532385
-0.00038557236
-0.0017552776
-0.0015336668
-0.0014273937
-0.00090076147
0.00099217245
0.0020973061
0.002944561
0.0040750906
0.0045257166
0.0029343382
0.0032733826
0.0040229481
0.0048019349
0.0042916926
0.0046063756
0.0052286897
0.004711637
0.0040197831
0.0036100864
0.0039837217
0.0054338688
0.0056430487
0.0057744723
0.0020139445
0.00061822629
-8.2274023e-05
0.0014549512
0.001117664
0.0051349288
0.0071147223
0.0055314774
0.0041814675
0.0015719141
-0.0018842614
-0.0022749825
-0.0048139552
-0.0094490269
-0.013848807
-0.015146278
-0.012381681
-0.007757531
-0.0042308638
-0.00259672
-0.00057315548
-0.0011466567
-0.001625479
-0.0013447539
-0.0003966644
0.00093600794
0.0010611785
0.00010033271
-0.00023139281
-0.00031692837
-0.0015531274
-0.0010900454
-0.00065796229
-0.0022022104
-0.0045730792
-0.0021641968
-0.0029892409
-0.008073321
-0.012079446
-0.016966875
-0.021307596
-0.022664339
-0.030945581
-0.031380245
-0.026770076
-0.016870883
-0.013977091
-0.014972987
-0.016268791
-0.019218575
-0.024054198
-0.029046258
-0.033539614
-0.037820121
-0.040587679
-0.043788853
-0.04829616
-0.050167538
-0.053375578
-0.05471012
-0.055817342
-0.057915515
-0.05999151
-0.063151135
-0.062836479
-0.065901148
-0.066867914
-0.066440852
-0.064765833
-0.058245914
-0.050295593
-0.043902372
-0.036763296
-0.032513967
-0.034893047
-0.037052115
-0.03349997
-0.023391576
-0.018394959
-0.011391989
-0.0089705821
-0.0055809442
-0.00031211175
0.0038997718
0.0087631569
0.013220183
0.014292112
0.012137784
0.020602608
0.029935056
0.032329513
0.039488504
0.047161865
0.047434836
0.050359131
0.052160608
0.054836151
0.056194772
0.055326289
0.053370861
0.049823678
0.045772577
0.038537569
0.031482456
0.025684577
0.021544337
0.016233946
0.011659977
0.0081882718
0.0048686282
0.001737512
0.00085837407
-0.00074810158
-0.0026674414
-0.002580255
-0.0039481922
-0.0033975008
-0.00297342
-0.0016376882
-0.001088461
-0.00059307825
-0.0014771703
-0.002678551
-0.0033715211
-0.0027722974
-0.0018242934
0.00081803626
0.0027384248
0.0036857911
0.0035054428
0.0033916607
0.0030091818
0.0033819199
0.0032322386
0.0047378495
0.0047034499
0.0047686414
0.0056468282
0.0060868349
0.0065172865
0.006624301
0.0066524242
0.0082073175
0.00091691406
-0.0022396097
-0.00023715205
0.00030068313
0.0014572397
0.0025540514
0.0070460386
0.0062011296
0.0055059396
0.0031970815
0.00086320811
-0.0023409149
-0.0052927525
-0.0049184372
-0.010349841
-0.011862067
-0.01577419
-0.012204884
-0.0068938866
-0.0045019598
-0.0040785519
-0.0040694073
-0.0033140863
-0.0035607456
-0.0033321745
-0.0015457563
0.00035529563
0.0010215786
0.00046162882
-0.0013636367
-0.0019385315
-0.0013955267
-0.0020252488
-0.004392067
-0.0065348385
-0.005794713
-0.0041282159
-0.0036683206
-0.0091676759
-0.012924699
-0.017578781
-0.023419848
-0.028057997
-0.034233014
-0.035412366
-0.03214229
-0.019757814
-0.011029827
-0.013441716
-0.016292792
-0.019628842
-0.022716249
-0.028740135
-0.033430711
-0.035469219
-0.038749826
-0.043520928
-0.050092733
-0.054036213
-0.056682616
-0.0590709
-0.060986839
-0.06377982
-0.066805555
-0.065313636
-0.066664981
-0.069296507
-0.070694015
-0.069786705
-0.067480038
-0.05732105
-0.048695068
-0.038889988
-0.038637592
-0.037366041
-0.035809763
-0.033109459
-0.028327861
-0.022924648
-0.018966113
-0.019951269
-0.014457632
-0.0087219493
-0.00058952707
0.0081968044
0.010475512
0.0078024719
0.0073322194
0.0084205325
0.022188727
0.029400028
0.032645657
0.034221291
0.033873093
0.044942278
0.050881926
0.051809684
0.051077832
0.053968868
0.051283861
0.04816383
0.041536864
0.036716994
0.031308524
0.028957911
0.020168251
0.015875604
0.011327743
0.0078036065
0.0065447644
0.0048294054
0.0035153773
0.0019859589
-0.00080417921
-0.0017967078
-0.0031336326
-0.0028242
-0.0019042613
-0.002218989
-0.00053277307
3.0082854e-05
0.00069365562
-0.0016072792
-0.0023943062
-0.0016523016
-0.0015794739
-0.00064544643
0.0016175641
0.0035357461
0.005020528
0.0058696404
0.005628844
0.0048563287
0.004755956
0.0047430177
0.004363481
0.0046645804
0.0057901308
0.0052980943
0.0081492746
0.010196171
0.01065359
0.0098965998
0.0074692159
-0.0024866697
-0.0020163415
-0.0014309515
0.0016161734
0.0025344934
0.0057507097
0.0063577726
0.0086627777
0.0085417252
0.0048575949
-0.00086329539
-0.0059524456
-0.00714021
-0.0057157222
-0.010794195
-0.011236787
-0.013591786
-0.010626173
-0.0083629136
-0.0073256931
-0.0037504664
-0.0031818772
-0.0027207448
-0.0037363375
-0.0036473521
-0.0029515952
-0.0010098303
-0.0010487076
0.0010553046
-0.00075169366
-0.0018818943
-0.00067684696
-0.0025601371
-0.0065481446
-0.0080072701
-0.006982065
-0.0034291656
-0.0063220671
-0.0075043632
-0.010202282
-0.011917935
-0.016648345
-0.022209674
-0.025861046
-0.034274834
-0.03423565
-0.020290198
-0.012447133
-0.011969065
-0.013810181
-0.013779995
-0.016527308
-0.019362264
-0.023177952
-0.02657407
-0.032669958
-0.038075296
-0.042595166
-0.047359217
-0.053978653
-0.057473435
-0.063675147
-0.065917628
-0.069461205
-0.071583079
-0.069648716
-0.069019644
-0.067868188
-0.06458317
-0.058273172
-0.045536951
-0.039628614
-0.036229388
-0.034276015
-0.033937813
-0.035766156
-0.037017013
-0.029535933
-0.029536171
-0.0218001
-0.019833468
-0.019799333
-0.015843173
-0.0083799361
-0.0038552988
-0.0051529451
-0.0021609102
0.0073971386
0.014092689
0.021477209
0.028402246
0.033556868
0.033857797
0.040336731
0.043354886
0.04711345
0.045670812
0.047034294
0.043869949
0.041738163
0.038176231
0.032962415
0.029731512
0.024895908
0.019045774
0.01588168
0.014312313
0.0092398556
0.0083411142
0.0066402566
0.0064396576
0.0054734372
0.0044323092
0.0010431686
-0.0004853704
-0.0015246188
-0.00063782707
-0.00010556843
0.00040834054
-0.00031849218
0.00089917829
0.0012567214
0.0009448636
0.0017880996
0.0017536853
0.0024836966
0.0030108687
0.0030869867
0.0021204989
0.0010029417
0.0012835738
0.0023323263
0.0029898756
0.0035252796
0.0049600463
0.005577659
0.0052019065
0.0066103024
0.0070286166
0.0052246522
0.0063456499
0.0082884073
0.00957178
0.0020728043
-0.0044849698
-0.00062777173
0.003175675
0.0038622462
0.0053479485
0.0079195153
0.0095444486
0.0084647566
0.010129932
0.0058308609
0.0007289485
-0.0021026547
-0.0051097574
-0.0042610283
-0.010495129
-0.01242153
-0.0093167528
-0.0035195817
-0.00068158194
0.00016450353
-0.00018190489
0.0006656991
0.0002372596
0.00046357753
-0.00068543732
-0.00097615096
0.00095651018
0.00077671697
0.00090651305
-0.0011083148
-0.0020796936
-0.0048953735
-0.0067058903
-0.0086378654
-0.01076341
-0.0061445734
-0.004852271
-0.0058775677
-0.0078950214
-0.0076198051
-0.008546138
-0.011548276
-0.018651052
-0.024726764
-0.028520613
-0.032121231
-0.022318961
-0.015924703
-0.015364169
-0.0166623
-0.016215066
-0.016160137
-0.018302714
-0.021143071
-0.025989561
-0.032237925
-0.038684337
-0.043465718
-0.049535978
-0.05557243
-0.061774101
-0.065731122
-0.068927961
-0.070200267
-0.071369594
-0.071239831
-0.071736378
-0.068537363
-0.061735161
-0.052786551
-0.045400244
-0.042786858
-0.042932779
-0.036941338
-0.038345136
-0.036716282
-0.040774132
-0.03245128
-0.029033659
-0.029633317
-0.027976602
-0.02726963
-0.020728901
-0.018999551
-0.013022646
-0.0077652947
0.0006826901
0.007177059
0.011299829
0.017505503
0.023305993
0.026280104
0.028783458
0.031124305
0.035665537
0.037161439
0.037157564
0.036038538
0.033948486
0.031606597
0.029957356
0.026464278
0.022417923
0.019477816
0.018356724
0.015389692
0.015117754
0.011629597
0.011868469
0.010807668
0.0099543935
0.007918086
0.0065044096
0.0036447261
0.0021628217
0.0015323814
0.0012898931
0.0015666434
0.0022468847
0.003625215
0.003872178
0.0049142878
0.0057943575
0.0054796759
0.0048671207
0.0054641498
0.0067255105
0.0059238558
0.0045596916
0.0042073429
0.0031432658
0.0029453665
0.003998564
0.0040075989
0.0037767997
0.0034645893
0.0035271853
0.0044710862
0.00452992
0.0020730489
0.0023668727
0.0043199755
0.0070719601
0.0021075651
-0.003084513
-0.0016677398
0.001927706
0.0056143839
0.0057880393
0.0081639005
0.0077129773
0.0047736462
0.0078536668
0.0039690421
-0.00011574896
-0.00039543862
-0.00022243526
-0.00058807805
-5.6934825e-05
0.0015280458
0.0042438219
0.0065228965
0.0063660698
0.0057116149
0.0043308057
0.0044254243
0.0032270483
0.0012614173
-0.00038626079
8.0664969e-06
0.00094125679
0.001292658
-0.00033835094
-0.0024469041
-0.0043335831
-0.0068847764
-0.0090963717
-0.0098089919
-0.013751526
-0.0085780249
-0.0072755189
-0.0084335278
-0.0071321187
-0.0092838323
-0.0088356145
-0.012986528
-0.017911121
-0.02541975
-0.030640544
-0.031923778
-0.023567955
-0.018376704
-0.017595886
-0.018658343
-0.016422017
-0.016925846
-0.019849166
-0.024306697
-0.029921216
-0.036391651
-0.043669957
-0.047172234
-0.053735306
-0.058245964
-0.061198406
-0.065086971
-0.068455656
-0.069210181
-0.073467002
-0.072315948
-0.071912027
-0.068392878
-0.059922181
-0.048044694
-0.044506083
-0.047845377
-0.04097662
-0.039869571
-0.039396924
-0.038038439
-0.04056445
-0.031812569
-0.031528908
-0.035022167
-0.035704729
-0.033956799
-0.029038088
-0.022179912
-0.015712466
-0.012357376
-0.0068104315
-0.0033641611
8.9190512e-05
0.0046337769
0.012433985
0.01475944
0.017905104
0.019917533
0.023850554
0.026979388
0.02596485
0.022805826
0.025181421
0.024041302
0.021001244
0.021334283
0.02020465
0.021189941
0.019266864
0.017062459
0.014637503
0.015042502
0.014722437
0.01448874
0.012624934
0.0091009744
0.0061129054
0.004784209
0.0043530447
0.0041144199
0.0040555788
0.0033352496
0.0041683633
0.0035601874
0.0041232321
0.0053077243
0.0051316388
0.0055514921
0.0068032403
0.0075595248
0.0069815724
0.0061580479
0.0066411573
0.0069272175
0.0064850623
0.0051218078
0.0041488938
0.0047613097
0.0051095772
0.0057204306
0.007868965
0.006436633
0.0050198658
0.0036820654
0.0028739667
0.0038137918
0.0053654075
0.0043148028
0.0014144588
0.00046078775
0.0025533844
0.0053691717
0.010299912
0.012067018
0.0080259789
0.0078245464
0.0070565201
0.005806861
0.0025982699
0.0049592229
0.0076434419
0.0066081591
0.0077176337
0.0093451131
0.011438621
0.014189992
0.014709975
0.012200512
0.014546052
0.01484415
0.014466789
0.012137841
0.0082244188
0.0075635543
0.006159251
0.006341304
0.0043795017
-9.9516608e-05
-0.0045310257
-0.0023582017
-0.0062391552
-0.0082580038
-0.012444594
-0.0090070009
-0.0073113252
-0.0083130187
-0.0091100836
-0.010286104
-0.0099217345
-0.016855566
-0.01852695
-0.026375808
-0.032304173
-0.032042267
-0.025865539
-0.021182827
-0.021437971
-0.022367518
-0.019963162
-0.018798205
-0.022896641
-0.026927814
-0.030372435
-0.035708045
-0.043255121
-0.048233245
-0.05236118
-0.057216944
-0.059021981
-0.064114731
-0.064456704
-0.065220586
-0.06674622
-0.070744184
-0.069020448
-0.065269556
-0.053756741
-0.047007226
-0.044450798
-0.039795091
-0.035220011
-0.037194298
-0.035862741
-0.03276788
-0.030611628
-0.02526536
-0.027116229
-0.029517779
-0.026974658
-0.024653462
-0.022167629
-0.0181885
-0.014432758
-0.010717306
-0.006974271
-0.0056905048
-0.0048315297
-0.0020698074
0.0016748325
0.003431637
0.0049506449
0.0098196771
0.015188066
0.017554921
0.015503002
0.015498266
0.016032376
0.014631913
0.015758404
0.01366506
0.011982789
0.014574862
0.013413316
0.010006567
0.010170214
0.010387885
0.0081435332
0.0084345696
0.0071228169
0.004880962
0.0022192913
0.0023467926
0.00030828215
0.00048729429
0.0023378887
0.0034603649
0.0050598452
0.0053826058
0.0041929481
0.0060341393
0.0060024952
0.0074859365
0.006138379
0.0082531475
0.010124299
0.0072628768
0.0074228896
0.0091276534
0.0068511984
0.0077887048
0.007487366
0.0050970467
0.0041900847
0.0052243259
0.0078915258
0.0085580562
0.0083246519
0.008718849
0.009143713
0.0077951774
0.0074737486
0.0047433768
0.0076404498
0.011807542
0.0080942702
0.011115919
0.0113089
0.013619613
0.012319524
0.0097102299
0.0084140426
0.0083571616
0.0075097184
0.0081794597
0.0085216201
0.0095524709
0.011391455
0.011953142
0.013624891
0.012973496
0.014381989
0.016208716
0.016248094
0.017437658
0.016711218
0.016150456
0.014581802
0.012315081
0.0090771639
0.0056120843
0.0065853865
0.0042520036
-0.00011385401
0.0017707758
-0.0024118638
-0.0054463247
-0.0058178636
-0.0046503513
-0.0047086777
-0.007805204
-0.011309718
-0.010422634
-0.011069316
-0.015217713
-0.016660661
-0.018811187
-0.020785395
-0.022907386
-0.019584077
-0.01962696
-0.021541965
-0.022989664
-0.022809761
-0.022440844
-0.022665845
-0.023039132
-0.02633796
-0.032051304
-0.037595992
-0.041661183
-0.045563259
-0.049917038
-0.052324439
-0.056194133
-0.054045907
-0.05295098
-0.059406157
-0.060156686
-0.058882271
-0.054282392
-0.043760961
-0.037685216
-0.032528466
-0.026037533
-0.022245547
-0.01814788
-0.01701501
-0.014378693
-0.012647719
-0.011604576
-0.011023874
-0.012172713
-0.011024791
-0.0095503102
-0.009072123
-0.0071858406
-0.0060098222
-0.003115591
0.00063072263
0.0032078147
0.0046344128
0.0067843139
0.0089504015
0.009854669
0.010534098
0.012465603
0.011907966
0.013950579
0.012979957
0.012021896
0.012276791
0.0096568827
0.0084068101
0.007067532
0.0058014454
0.005683186
0.003077389
0.0014828753
0.00021489328
0.001073483
-0.0002216677
0.00032462717
0.0013632471
0.00074196343
-0.00012460775
-0.001109039
0.0031058003
0.0023426356
0.0016169296
0.0014520696
0.005438233
0.0073640502
0.010621668
0.010931778
0.0096461521
0.0086616266
0.0091090966
0.0090564426
0.0096774066
0.009090011
0.010253145
0.01287797
0.011261191
0.010285585
0.010628243
0.012224478
0.0089819447
0.0083022053
0.010002609
0.010580008
0.010119619
0.011865663
0.0096564005
0.0074139486
0.0064093579
0.0034343612
0.0041986745
0.011973602
0.015363508
0.013699839
0.015173832
0.014630604
0.01246608
0.011315819
0.012107132
0.011101379
0.0088189895
0.0087155873
0.009705183
0.011201819
0.012032791
0.01268222
0.013214327
0.013427353
0.015209657
0.016388716
0.01666043
0.017044371
0.016203611
0.015215978
0.012227204
0.0088720735
0.0065635634
0.0050670732
0.0054689744
0.004882489
0.0031052791
0.0047786606
0.0040142466
0.0041728876
0.0024192727
0.0015318029
-0.00086029524
-0.0022074171
-0.0074318784
-0.010926986
-0.011680891
-0.010839886
-0.010969998
-0.012818467
-0.01316957
-0.013634677
-0.0092907773
-0.010845216
-0.016759663
-0.019470672
-0.022070177
-0.020449364
-0.022421337
-0.020973802
-0.023895454
-0.026832996
-0.03232611
-0.034964718
-0.03950152
-0.042840891
-0.044871884
-0.043523501
-0.042410052
-0.043046524
-0.045788632
-0.04590974
-0.042055436
-0.036087985
-0.02810651
-0.018628344
-0.0095969772
-0.0084853411
-0.0056439996
-0.0037507839
-0.0028026883
-0.00014730251
0.005031171
0.0055935196
0.006282929
0.0041645759
0.0061291207
0.0034341864
0.00402239
0.0069031674
0.0063231703
0.0083730695
0.0081700431
0.011598828
0.012497765
0.014037322
0.017310707
0.016999696
0.015704445
0.018495275
0.015378922
0.014016653
0.012750081
0.011063126
0.0093126453
0.0052188356
0.004070482
0.0032916051
0.0013837863
-0.0014393093
-0.00085148263
-0.0015226597
-0.0016417091
-0.0018568194
-0.0016720649
-0.00025988383
0.00020406521
0.00025342861
0.0020363449
0.0029297002
0.0037578018
0.0049103931
0.0052403578
0.0070252434
0.0094395782
0.012286926
0.015503073
0.016362926
0.015821313
0.014802212
0.013223531
0.011089668
0.011658177
0.012035356
0.014897992
0.018572474
0.019677666
0.018891583
0.018123266
0.017596419
0.012811508
0.010195326
0.0097883746
0.0087765509
0.0068767125
0.0071114249
0.0081383747
0.0035118871
0.0052877697
0.0090991547
0.0098339803
0.011279498
0.012627829
0.012943517
0.012558066
0.013107039
0.011218338
0.011769849
0.011580654
0.011913997
0.011015953
0.01064167
0.010513084
0.011630148
0.011914396
0.012506387
0.013636968
0.015445948
0.017465317
0.018673415
0.019967179
0.020345937
0.02012161
0.01828562
0.015766914
0.011526956
0.011114616
0.0080819638
0.0085138363
0.0066322404
0.0071280659
0.010011663
0.0083946221
0.0061323178
0.0051670707
0.0052927269
0.0025284268
0.0019143568
-0.00027871406
-0.0036791624
-0.0067576733
-0.0094808562
-0.0080074479
-0.0073027999
-0.0071200963
-0.0096893713
-0.0032015375
-0.002975384
-0.011184097
-0.012213884
-0.013218595
-0.014364787
-0.015479263
-0.016622854
-0.018628327
-0.019994464
-0.023608315
-0.027305668
-0.028821514
-0.031573059
-0.032072348
-0.027391656
-0.028326213
-0.031117949
-0.032119258
-0.030763633
-0.025257561
-0.020118931
-0.01340352
-0.0037683069
0.0058835283
0.0037344183
0.0029385629
0.0051562198
0.0046619719
0.0095761092
0.013192801
0.014889751
0.015798533
0.016086507
0.015339613
0.014476834
0.013991936
0.015032833
0.014356313
0.012921768
0.012761535
0.014986127
0.014605376
0.014047242
0.014758455
0.015033655
0.013466925
0.015187131
0.012784791
0.012326401
0.0099339251
0.0068150654
0.0030485644
0.00089243276
-0.0022882535
-0.0035474258
-0.0047474213
-0.0058468972
-0.0074132223
-0.0071360472
-0.0047502087
-0.0040263868
-0.0043828238
-0.0028969675
-0.0033907721
-0.0041909622
-0.0028352005
0.0001933227
0.0024003524
0.0038315145
0.0056701714
0.0094667805
0.01191941
0.014232821
0.016739235
0.017926032
0.018243942
0.017912494
0.016989206
0.015388585
0.016474691
0.016918057
0.020355448
0.022350614
0.022119755
0.020627558
0.020915173
0.018407155
0.014307226
0.012601392
0.011616175
0.010961132
0.0087750785
0.0094605819
0.0064255746
0.0033868071
0.0058449274
0.0068123945
0.0083122855
0.0087897624
0.0090397489
0.009154419
0.009990026
0.0081527101
0.0080231252
0.0084487319
0.0087020806
0.0092773091
0.011197274
0.01077151
0.010155948
0.010351554
0.011449303
0.013059982
0.014556963
0.015691789
0.017457946
0.019238688
0.021941618
0.023714591
0.024281544
0.023609952
0.02274936
0.020226334
0.01830181
0.015646884
0.015402951
0.012797407
0.011236055
0.013477487
0.010743579
0.0077604517
0.0071329111
0.0051490082
0.0043845444
0.0047217632
0.0049229882
0.0022532506
0.00058378675
-0.0013531106
-0.0014893458
-0.00059508333
0.00013351012
-0.00091712654
0.0019944369
0.0021894664
0.00067018036
-0.0035156676
-0.0069353004
-0.007444738
-0.0096328813
-0.010797903
-0.012748459
-0.01229402
-0.014796631
-0.017309538
-0.019368087
-0.019717409
-0.018784877
-0.016879767
-0.021022724
-0.020207326
-0.019208608
-0.017170655
-0.014234621
-0.0091514652
-0.005788004
0.0014380725
0.0079506546
0.008287442
0.0065402519
0.0087580874
0.011498182
0.011870466
0.014367448
0.015943603
0.018051961
0.019004524
0.017630463
0.018561283
0.018470941
0.016281956
0.015151608
0.013609219
0.013269178
0.01385131
0.012189153
0.011602229
0.011912069
0.011103257
0.010168676
0.0094532949
0.0081100374
0.0069113794
0.0042002325
0.0005036663
-0.0033952953
-0.0059320783
-0.0084539866
-0.010535477
-0.011328231
-0.012386984
-0.012031589
-0.011377817
-0.010075103
-0.0093547976
-0.0087322081
-0.0079204639
-0.0077077481
-0.0084272398
-0.0091898651
-0.0074974809
-0.0051291886
-0.0024786526
0.0029601269
0.0067084146
0.0096277215
0.012666812
0.015058316
0.017345266
0.019844253
0.019184492
0.016406483
0.015896484
0.016670137
0.017403169
0.018339929
0.019723981
0.01846201
0.01888293
0.017513609
0.01634566
0.012459094
0.011086279
0.0083282088
0.0070329798
0.0070841134
0.0070488421
0.0083977415
0.0074456464
0.0078651171
0.0077762012
0.0073385644
0.0059489994
0.0068042184
0.0060269124
0.0070204808
0.0082833285
0.007512433
0.0072094043
0.0091510148
0.0091449959
0.0092711408
0.0093271584
0.0096363771
0.0088886903
0.0096430568
0.010066604
0.011023787
0.012311534
0.015558857
0.01787702
0.020153003
0.022464869
0.024826188
0.026484545
0.027393041
0.027519354
0.025268217
0.022860489
0.021509377
0.018890789
0.016167611
0.019025058
0.015144174
0.013643599
0.011087233
0.008324992
0.00860293
0.0090647472
0.0078629348
0.007963273
0.0067360135
0.0058216944
0.0058700751
0.0053970124
0.0063162328
0.004751913
0.0058645496
0.0084570852
0.0089623437
0.0061768415
0.0022661269
-0.0012626646
-0.0024264284
-0.0039155826
-0.0045212308
-0.0054000756
-0.0064538211
-0.0075234029
-0.0084124606
-0.0085922992
-0.0057030101
-0.0062586691
-0.010902883
-0.01457476
-0.013191925
-0.010185238
-0.0087096688
-0.0037124166
-0.0019433391
0.0025227651
0.0058343802
0.0060141734
0.0057070362
0.0083481527
0.010026625
0.0076620805
0.0080731304
0.010986505
0.013200678
0.014918024
0.015701619
0.013525268
0.015646251
0.015185409
0.012941127
0.012336912
0.011213869
0.011569678
0.010848314
0.008789855
0.0076773826
0.0062722846
0.0051307759
0.0043927193
0.0039216933
0.003192423
0.0016004198
-0.00096200021
-0.0054666986
-0.0081125129
-0.010346255
-0.012311551
-0.012283392
-0.013806749
-0.014250354
-0.013393223
-0.012706564
-0.011656466
-0.010788669
-0.011234843
-0.010239449
-0.0099219427
-0.0094730439
-0.010086326
-0.0091051586
-0.0061851628
-0.0036966195
-0.00034872015
0.0040961832
0.0082069504
0.010384268
0.013241797
0.01553746
0.015530597
0.013654062
0.012944128
0.011886855
0.012485979
0.014493362
0.016795324
0.016060734
0.015123354
0.01358118
0.012512459
0.010395763
0.0096657403
0.0078623987
0.0068631977
0.0062127223
0.0070050883
0.0097154884
0.0097659939
0.0099316198
0.0097408161
0.0081642661
0.0075909283
0.0048692356
0.003450071
0.0050451355
0.0048052463
0.0065778952
0.006659004
0.0067413193
0.007516778
0.0075721833
0.0073504661
0.0063125015
0.00640176
0.0069969241
0.0077372805
0.0081841361
0.0089772098
0.011193164
0.013266868
0.015441919
0.017785611
0.020584462
0.022909561
0.025361105
0.02751102
0.028353434
0.026397952
0.024281714
0.024141497
0.022174101
0.022792294
0.02153679
0.019770848
0.017193239
0.015407615
0.0138049
0.013926434
0.012724732
0.010527012
0.01141609
0.010412772
0.011360651
0.011981844
0.011278088
0.011424807
0.011317507
0.015869116
0.015786333
0.012307651
0.010302697
0.0068252768
0.0035389553
0.00018322863
-3.4560746e-05
-0.0012413968
-0.0016779895
-0.0019122291
-0.0022823255
-0.0010683618
0.0012590366
-0.00044955348
-0.0044086543
-0.0071312941
-0.0080030713
-0.010145249
-0.008776134
-0.0067698842
-0.0023906838
0.0008448162
0.0013441863
0.0004853417
0.0014605781
0.0020915869
0.0016800758
0.00095547023
-0.00085368746
0.0013290535
0.0044898081
0.0079529883
0.009203962
0.008404524
0.0091288523
0.0098971427
0.0096490302
0.0084288911
0.0083579257
0.0084159288
0.0080041681
0.0064230206
0.0045768325
0.0032241524
0.0033257909
0.0029895941
0.0018523989
0.00082024306
-5.7867101e-05
-0.0018897965
-0.0045445925
-0.0066142326
-0.0083167549
-0.0091129323
-0.010638973
-0.010963454
-0.011622377
-0.011703595
-0.011565261
-0.0097392207
-0.010236056
-0.0097248902
-0.00951311
-0.0098048687
-0.0082324909
-0.0074845825
-0.006599694
-0.0059330472
-0.0050809917
-0.0020015898
0.00051764694
0.0031465646
0.0062720917
0.0093724314
0.010965368
0.012009541
0.012132074
0.010791129
0.0096623015
0.0087280176
0.0099565274
0.011271139
0.011214843
0.011204878
0.011757274
0.01050761
0.0094995701
0.010609446
0.0071821362
0.0045758934
0.0048529358
0.0070751944
0.0085960561
0.0074060792
0.0073416555
0.0083222813
0.0079555344
0.0067102284
0.005655746
0.0054843242
0.0041579259
0.0040974793
0.0046877522
0.005337052
0.0051956327
0.0060136604
0.0056536208
0.0053502289
0.0045960749
0.0042117583
0.0050109807
0.0059134221
0.0066353817
0.0067138309
0.0067609814
0.00863829
0.010237103
0.012298081
0.014625383
0.016108769
0.018849151
0.02328056
0.025470999
0.024406531
0.02444023
0.025599414
0.02554498
