0.0026003101
0.0022495534
0.0025422687
0.0033268259
0.0035033344
0.0057221858
0.0091632084
0.010180723
0.0069902762
0.003746711
0.0017805047
-0.00027128152
-0.0040769824
-0.0063627124
-0.0057138431
-0.0051358857
-0.0020655506
-0.0014776174
0.0024569526
0.0034746103
0.0014135264
-0.0024789261
-0.0055834438
-0.0056532034
-0.0094507616
-0.011312639
-0.013170748
-0.014128001
-0.012291756
-0.011112677
-0.012151921
-0.013271605
-0.01475922
-0.016237933
-0.017271395
-0.016353779
-0.016633413
-0.018520769
-0.01893682
-0.017853875
-0.016871183
-0.01785089
-0.018370781
-0.018421983
-0.018799932
-0.017257614
-0.014886297
-0.013850634
-0.013629848
-0.012132507
-0.0098917821
-0.010532847
-0.0096042794
-0.0052194147
0.00015896329
0.0051527842
0.0098679179
0.012924451
0.012439394
0.0092683405
0.006283855
0.0062709828
0.0062961256
0.0065924997
0.0081693458
0.0071641768
0.0075147006
0.0078085994
0.0089276676
0.010934498
0.014374266
0.017209965
0.020288159
0.023503304
0.025016805
0.027011219
0.028353594
0.029123811
0.028514792
0.026188125
0.025264078
0.024116516
0.023799746
0.023418361
0.023679779
0.019241589
0.015975212
0.012830477
0.012397916
0.014953482
0.016083865
0.016302291
0.016398774
0.013729925
0.0091715466
0.0061417844
0.0047292989
0.0037022372
0.0027416348
0.003927709
0.0046890972
0.0058522229
0.0060542642
0.0071850979
0.0081031713
0.0085150543
0.0083359015
0.0087502809
0.0080151621
0.008631901
0.0091078868
0.0090665175
0.010618589
0.011975804
0.012179655
0.01338552
0.014543501
0.014777505
0.017043665
0.019152595
0.017327774
0.015425011
0.014886517
0.014751077
0.01074215
0.0096459903
0.012366417
0.012759476
0.0098706492
0.0076355688
0.0055614716
0.0030990985
0.00018880298
-0.0015656425
-0.0011019821
-0.0006088482
-0.00031764591
0.00018898169
0.00051735901
0.0013254981
0.0015235312
0.0019997806
0.0026021452
0.0028665067
0.0011990255
0.0010805026
0.0010405035
0.0011792187
0.001313974
0.0048872059
0.0064281724
0.0033919866
0.0010191618
-0.0025596065
-0.0059983977
-0.007200687
-0.0078281501
-0.010566094
-0.012711625
-0.0089472113
-0.0085414598
-0.0060415348
-0.0004840075
0.00032177812
-0.0027195696
-0.0064177069
-0.0093730709
-0.0069483017
-0.0099409888
-0.015216269
-0.01840384
-0.017595105
-0.015612435
-0.01590586
-0.018708239
-0.021436214
-0.022204861
-0.023915024
-0.023455443
-0.022438776
-0.022758415
-0.024967578
-0.026972606
-0.026819985
-0.026626705
-0.026689573
-0.025192789
-0.024143049
-0.022770487
-0.018400258
-0.015692723
-0.012909942
-0.0076842421
-0.0045138515
-0.0038409923
-0.0036592626
-0.001175214
0.0049270938
0.010486494
0.015242598
0.020439811
0.022545143
0.021693993
0.020349324
0.021080589
0.020337966
0.020295289
0.02077758
0.020857348
0.019947887
0.02152232
0.019887433
0.021227381
0.023055464
0.026648909
0.029184191
0.030219462
0.031810018
0.033377059
0.033794243
0.034828168
0.03405532
0.032495484
0.029219402
0.025393933
0.02388561
0.021956051
0.02010926
0.017768908
0.013971197
0.010975626
0.010955024
0.011797486
0.013259809
0.014389396
0.012799891
0.0095871726
0.0062652074
0.0033744192
0.0021354143
0.0020321737
0.0013931026
0.0028341346
0.0043991475
0.004983908
0.0064871006
0.0074788644
0.0076652927
0.0080674827
0.0083393173
0.0079413085
0.0077745921
0.0072609815
0.0079111146
0.0089083005
0.0094413046
0.011122982
0.013092545
0.01488153
0.014500413
0.016528862
0.019952853
0.02212792
0.019136244
0.017106096
0.018736525
0.014576404
0.013384638
0.010878111
0.0095311439
0.008935441
0.007499111
0.0038964966
0.0010105321
-0.0016692167
-0.0018375571
-0.0022372684
-0.0032480227
-0.0021140972
-0.0014387527
-0.00064117993
-0.00039079913
4.7622365e-05
-2.6346568e-05
0.00038352992
0.00017936686
0.00043667695
0.00091019279
-0.0015563797
-0.0011461782
-0.0013495002
-0.0015288931
-0.0030150638
-0.001008136
0.00027900133
-0.0032974116
-0.0045025883
-0.0050288423
-0.0096189001
-0.013042111
-0.013840091
-0.012257116
-0.01388215
-0.015216244
-0.018667263
-0.01741623
-0.011055851
-0.0054587524
-0.0069025859
-0.012586578
-0.014098004
-0.013964889
-0.017171724
-0.022754214
-0.024409259
-0.023615669
-0.02144719
-0.022731801
-0.027430634
-0.031828635
-0.035571316
-0.035822285
-0.035306346
-0.034237426
-0.036079829
-0.037706632
-0.038628318
-0.039115132
-0.039200953
-0.03811158
-0.034422656
-0.030813531
-0.026936874
-0.023754098
-0.019716174
-0.015824906
-0.0068685675
0.0011209249
0.0030827291
0.0073317961
0.010515217
0.011755659
0.017397911
0.025163844
0.033476993
0.031790331
0.029449225
0.032788634
0.03351905
0.035405425
0.033746657
0.0329102
0.034725832
0.03475725
0.036817252
0.03534561
0.036257454
0.036613788
0.037033542
0.03907409
0.040729855
0.041029407
0.039549299
0.03473765
0.034791251
0.034011398
0.032111701
0.026511449
0.02368758
0.02021314
0.017625856
0.013205127
0.0094702812
0.0085914568
0.0067358604
0.0062725335
0.0057957861
0.0066467725
0.0056795578
0.0035918319
0.0016690695
-0.00038617508
-0.0014011741
-0.0019766291
-0.0007887086
0.0012672284
0.003076035
0.0045712952
0.0062306464
0.0072630703
0.0076737299
0.0070176862
0.0077069832
0.0074701288
0.0069564519
0.0064466038
0.0062345432
0.0057107907
0.0066278067
0.0073518383
0.0098473052
0.0085306236
0.014932237
0.017835047
0.01895241
0.015597157
0.014756349
0.010778206
0.012456424
0.015633108
0.0124848
0.0099925015
0.0060235031
0.0072369556
0.0018632506
-0.00047945797
-0.0038643798
-0.004885746
-0.0063610941
-0.0051792087
-0.0054133151
-0.0032911257
-0.0027786559
-0.0020301032
-0.001505321
-0.00061732863
-0.001495377
-0.0011637486
-0.0017543533
-0.0010645681
-0.0014656598
-0.00076599898
-0.0037144141
-0.003179749
-0.0027930175
-0.0041293474
-0.0053129807
-0.0037642278
-0.001120126
-0.0063796795
-0.010745844
-0.0097166853
-0.013496846
-0.016262905
-0.019250939
-0.021739322
-0.023764757
-0.022772457
-0.024769959
-0.02515453
-0.018723175
-0.015260522
-0.014959526
-0.01894803
-0.018233821
-0.01946747
-0.024146242
-0.028550136
-0.02896
-0.031056732
-0.030944588
-0.031069188
-0.036130091
-0.041335799
-0.047971518
-0.048138905
-0.048827942
-0.051221094
-0.051339783
-0.050904007
-0.052460423
-0.055591355
-0.054570333
-0.049536273
-0.047820608
-0.04351532
-0.039289186
-0.035477265
-0.030129985
-0.024198454
-0.012846791
-0.0021789466
0.0051082559
0.011821033
0.015535002
0.016420923
0.018266711
0.027853687
0.038190267
0.03565196
0.038696186
0.045066967
0.044597121
0.0456844
0.046822752
0.04728723
0.047535894
0.04919057
0.052597621
0.052259302
0.052319532
0.051194012
0.048579902
0.048666955
0.047962315
0.047211391
0.040895905
0.036012561
0.036105288
0.034099852
0.02929991
0.023703044
0.017151362
0.012734951
0.0094369355
0.0052393049
0.001987258
0.00042143447
-0.0014909965
-0.0020077295
-0.0023361188
-0.0030650677
-0.0032042246
-0.0041484729
-0.004262958
-0.0040172056
-0.0042439473
-0.0024707425
-0.00094471592
0.00073512673
0.0021397898
0.0036821219
0.0043850338
0.0049183661
0.0057388747
0.0066968305
0.0058928239
0.0053408616
0.0050134633
0.0044989118
0.0035701541
0.0033961371
0.0034138027
0.0055740419
0.006892135
0.0080948086
0.010735803
0.008229057
0.007653384
0.004034986
0.0030810025
0.0045677262
0.0078094823
0.0084124441
0.0039846526
0.0016288396
-0.0016735842
-0.002333619
-0.0040338554
-0.009279849
-0.011469139
-0.012712905
-0.011589247
-0.0092525774
-0.0063471525
-0.0039476976
-0.0026644468
-0.0025221499
-0.0023097264
-0.0028313787
-0.0031069616
-0.002129843
-0.0026113662
-0.0028449832
-0.0032991023
-0.0037290397
-0.0046238281
-0.0035701006
-0.0039904573
-0.0047493995
-0.0050135982
-0.0029449732
-0.0017520172
-0.0098539356
-0.014984063
-0.018482128
-0.021387505
-0.022628671
-0.024703431
-0.02989432
-0.031606805
-0.027892468
-0.026972067
-0.02561402
-0.021345329
-0.020353564
-0.020915726
-0.023602194
-0.025772541
-0.027656137
-0.033371142
-0.034021609
-0.03692134
-0.040159909
-0.042619435
-0.043185597
-0.046999563
-0.052043394
-0.055909667
-0.061168597
-0.062358522
-0.06176569
-0.06194805
-0.063512437
-0.064774587
-0.064899706
-0.062249944
-0.054772052
-0.05358438
-0.051369239
-0.048844253
-0.042510457
-0.034681677
-0.026627543
-0.020652871
-0.0114689
-0.004914656
0.0018504739
0.010548054
0.015753398
0.024705907
0.032269304
0.037295093
0.03974423
0.043611429
0.047674058
0.047051875
0.0501285
0.054469455
0.056712346
0.060347898
0.060756904
0.064033963
0.062754497
0.063936623
0.060016995
0.057053615
0.054517206
0.049185002
0.045979
0.04162159
0.036261482
0.033618813
0.027041788
0.021860454
0.014012811
0.0071685533
0.002798314
0.0013989757
-0.0017895055
-0.0040623505
-0.0022584282
-0.005669483
-0.0062539304
-0.0079836459
-0.0074505374
-0.0064085949
-0.0072611147
-0.0062815912
-0.0058242883
-0.004247815
-0.0022094466
-0.00070779351
0.00074294797
0.0026165067
0.0033644424
0.002748433
0.0030086344
0.0036638683
0.0040463984
0.0038255097
0.0035887521
0.003683862
0.0034553192
0.00268426
0.0022574431
0.0021966007
0.003157151
0.0034188281
0.0049720994
0.0043994816
0.0021440473
0.00087175103
0.00065764116
-0.00034522455
0.0019765902
0.0021622348
0.0009926143
0.00023757509
-0.0019444102
-0.0055294929
-0.0064371446
-0.0084090447
-0.012379256
-0.015839666
-0.016954082
-0.014161667
-0.010146826
-0.00666827
-0.0052758657
-0.0038543554
-0.004323715
-0.0045114271
-0.004515215
-0.0037404929
-0.0030325252
-0.0030442097
-0.0039735692
-0.0044508369
-0.0042556909
-0.005444262
-0.0050771816
-0.0037877103
-0.0042174316
-0.004827711
-0.0040682977
-0.0071834846
-0.014357819
-0.019011389
-0.020850806
-0.023526728
-0.024739601
-0.034431543
-0.036939838
-0.036071055
-0.027315128
-0.023467071
-0.018610441
-0.018235837
-0.018551943
-0.023270398
-0.027879462
-0.032061101
-0.037145184
-0.038097339
-0.040602102
-0.04438279
-0.045333183
-0.048344226
-0.051495725
-0.052640124
-0.055298059
-0.056845022
-0.062485004
-0.064720869
-0.066069233
-0.066914185
-0.069235795
-0.070065613
-0.065136972
-0.057575941
-0.048951243
-0.039250084
-0.035267847
-0.03767785
-0.04043911
-0.035183596
-0.02186604
-0.013999693
-0.005599083
-0.0027009604
0.0074493005
0.013285917
0.021859547
0.027818959
0.029988334
0.027441121
0.022829223
0.03155899
0.040654253
0.044755393
0.050623234
0.056257821
0.054499669
0.059109188
0.062625773
0.064602847
0.064393719
0.061854711
0.058524365
0.054826638
0.051852188
0.046308371
0.039640789
0.033130264
0.029611145
0.024866881
0.017999516
0.012026625
0.0066936501
0.00037902538
-0.0022931721
-0.004948614
-0.0068704191
-0.0080375734
-0.0097470454
-0.0096649158
-0.0097702884
-0.008153056
-0.0074464189
-0.006023558
-0.0068714873
-0.007226416
-0.0076085275
-0.006013952
-0.0045517668
-0.0018900012
0.0004114413
0.0016642985
0.0017556497
0.0018584165
0.0014264089
0.0018917653
0.0016420541
0.0029427748
0.002908356
0.0031186238
0.0038389287
0.004132936
0.0037184086
0.0032193946
0.0030739426
0.0051045411
-0.00050797454
-0.0034063561
-0.0018735709
-0.0015232123
1.4048905e-05
0.0012676706
0.0039121366
0.0038356162
0.0018046157
-0.00070465734
-0.0029869402
-0.005039115
-0.0072825389
-0.0082772744
-0.013353828
-0.016107506
-0.019950399
-0.015528425
-0.0097576649
-0.0066124728
-0.0060292119
-0.0060654565
-0.0064071114
-0.006199756
-0.0061582214
-0.005047612
-0.004203024
-0.0037076647
-0.0040300178
-0.0047714274
-0.0059253564
-0.0043871487
-0.0058406128
-0.0070784464
-0.0080588532
-0.007582794
-0.0071516912
-0.011366718
-0.017276747
-0.01918825
-0.021992286
-0.024496309
-0.028748431
-0.03693348
-0.040809012
-0.041109925
-0.030176943
-0.019966106
-0.016145453
-0.015890261
-0.017823926
-0.021327667
-0.028324419
-0.032759266
-0.034189768
-0.035938142
-0.039837659
-0.043942022
-0.047913836
-0.049987933
-0.051844736
-0.053735845
-0.055514165
-0.058462138
-0.058646383
-0.063230906
-0.065894947
-0.067491667
-0.067798062
-0.065791696
-0.055713147
-0.044882713
-0.03243583
-0.028815189
-0.026405251
-0.026355233
-0.021767671
-0.01480324
-0.0066986532
-0.0043762005
-0.0056202672
0.0046787232
0.012931627
0.020466195
0.027893971
0.027472196
0.025010318
0.021854483
0.020327711
0.032614178
0.040405906
0.043714186
0.044412724
0.046538874
0.055853388
0.060001377
0.060716958
0.060969787
0.061068881
0.057740644
0.053992141
0.047780564
0.042390992
0.038876938
0.03483347
0.025368757
0.021264885
0.016451291
0.010583365
0.0076040571
0.002450407
0.00037356016
-0.0023701507
-0.0060852598
-0.006490614
-0.0086416118
-0.0084915428
-0.0078757721
-0.0086318495
-0.0068377056
-0.0059218953
-0.0047684123
-0.0062782141
-0.0067761539
-0.0054767338
-0.0045246198
-0.0031144955
-0.0010960612
0.00041406363
0.0019330296
0.0026279501
0.0026606844
0.0023468908
0.0025827574
0.0026467088
0.0025046313
0.0028664567
0.0036046344
0.0035910453
0.0061323213
0.0071779061
0.0067799913
0.005582645
0.0034983629
-0.00466093
-0.0050032464
-0.0021725421
0.00060873549
0.0011715478
0.0034965391
0.0049448046
0.0071778303
0.0074033333
0.0011653064
-0.0041373911
-0.0082237397
-0.0098240744
-0.0089771122
-0.013376812
-0.016198503
-0.019599616
-0.013858883
-0.010287816
-0.0089934661
-0.0056924071
-0.0050625021
-0.0056324951
-0.0060483296
-0.0065624105
-0.0060740404
-0.004784289
-0.0048062639
-0.0030322389
-0.004169305
-0.0050124736
-0.0038785949
-0.0047469684
-0.0087207883
-0.010064953
-0.0092000765
-0.007598897
-0.011926468
-0.01232993
-0.012790911
-0.014682934
-0.017910075
-0.022763417
-0.029894749
-0.038406887
-0.039428331
-0.027286622
-0.017915881
-0.012935542
-0.012392772
-0.012336778
-0.014527759
-0.017391165
-0.020060917
-0.023236774
-0.027131697
-0.0286873
-0.032863138
-0.037493595
-0.043619044
-0.046846017
-0.051947832
-0.054509563
-0.059206636
-0.061840533
-0.062238068
-0.064330159
-0.063665534
-0.059503989
-0.052216622
-0.039725776
-0.031355145
-0.026758862
-0.022714932
-0.020861755
-0.019278356
-0.018398166
-0.010092826
-0.010355448
-0.0070048556
0.00087309589
0.0009408927
0.0046287098
0.010116219
0.012521602
0.0082678981
0.0087917177
0.015317806
0.023129796
0.030333974
0.036957577
0.042267587
0.042326268
0.047073451
0.049532135
0.052887227
0.05065795
0.051594516
0.047718819
0.045562526
0.043181621
0.038269944
0.034283856
0.030873701
0.023740021
0.019124995
0.015740611
0.010706376
0.0085593175
0.0057976421
0.0043259896
0.0017495504
-2.4594551e-05
-0.002592102
-0.003771373
-0.0041236681
-0.0044801945
-0.0040377347
-0.0037571661
-0.0045505061
-0.0034319371
-0.0030212896
-0.0029481252
-0.0021722503
-0.0021795113
-0.00081147643
-1.1052909e-06
0.00041083424
-0.00021604783
-0.00071140151
-7.5517692e-05
0.0011178379
0.00099765061
0.0014571054
0.0020965532
0.0028352156
0.0031077735
0.0042428524
0.0041192933
0.0039444655
0.0046744826
0.0058094547
0.0066675239
-0.00049785554
-0.0069437725
-0.00082522286
0.0018247153
0.004507864
0.0050745435
0.0065946495
0.0099173247
0.010513772
0.0097575197
0.0035425158
-0.0013353144
-0.0041791371
-0.0065354068
-0.0077337011
-0.014181079
-0.01785134
-0.013476493
-0.0085345769
-0.0060987884
-0.0046171241
-0.0046264403
-0.0023728288
-0.0032749318
-0.0034334806
-0.0040402809
-0.0039468038
-0.0028487728
-0.0026980487
-0.001920664
-0.0033020962
-0.0040807007
-0.0056511088
-0.0069051179
-0.010904672
-0.011838401
-0.0074636163
-0.0067096409
-0.007356585
-0.0090778286
-0.0087897626
-0.0095536016
-0.01391949
-0.020542109
-0.027276188
-0.031738603
-0.034150346
-0.024853645
-0.017244319
-0.014571064
-0.013040362
-0.011669608
-0.0098857045
-0.0098457808
-0.011489876
-0.014277092
-0.019054026
-0.022644901
-0.027469966
-0.032823381
-0.037631153
-0.043803792
-0.04742372
-0.05279572
-0.056836178
-0.06021463
-0.062671112
-0.064777665
-0.064090803
-0.058599733
-0.04945702
-0.042593383
-0.038364171
-0.038487367
-0.030258561
-0.028089139
-0.023464004
-0.025392112
-0.016107124
-0.013069869
-0.012481296
-0.0099941824
-0.0086073999
-0.0039171021
-0.0028795269
0.0021002664
0.0058765441
0.012639494
0.016135491
0.020455727
0.024896861
0.02969846
0.033062671
0.033852052
0.035476251
0.038541618
0.039543803
0.039888363
0.037884643
0.035362229
0.033684477
0.032187884
0.029636741
0.027157615
0.023123817
0.021223985
0.017458328
0.01560884
0.010338898
0.01003379
0.0078319519
0.0066941097
0.00511145
0.0038905512
0.0021894787
0.00028064114
0.00028843948
-0.0005673403
-0.00043646992
0.00048590551
0.00079287148
0.00059565659
0.0014955545
0.0021559091
0.0014447343
0.0013593293
0.0026618276
0.0036083557
0.0031057543
0.0024876683
0.0025210651
0.0020021532
0.0016083337
0.0020110753
0.0019075695
0.0017687122
0.0013269089
0.0017450187
0.0023632269
0.0020581105
0.0011550845
0.0013297207
0.003388257
0.0063697732
0.0013457059
-0.0037397103
-0.00095205771
0.0041090703
0.0069762253
0.0076116883
0.0083260697
0.0078649692
0.0061284172
0.0072385209
0.003681071
-0.00037675034
-0.0020610835
-0.0043104357
-0.0069961798
-0.0074213405
-0.0062075056
-0.0027654136
-0.00033056578
0.00036184631
0.00048091854
-0.0012600919
9.3196327e-05
0.00048263679
-0.00047433368
-0.0015303957
-0.0021870568
-0.0012393588
-0.00094664801
-0.0021082481
-0.0035696432
-0.0059441889
-0.0071668664
-0.0065991087
-0.0088784878
-0.011362082
-0.0064986142
-0.0068549777
-0.0072217362
-0.0071212651
-0.0096314401
-0.0091968292
-0.012915741
-0.018988692
-0.026181122
-0.032202495
-0.03340329
-0.025592571
-0.018715214
-0.017015568
-0.015187012
-0.012422418
-0.010933501
-0.010351428
-0.012099693
-0.014687858
-0.019322424
-0.024739736
-0.02726824
-0.032377124
-0.035675212
-0.039684165
-0.043668688
-0.048561084
-0.049514096
-0.056770194
-0.060105569
-0.063132576
-0.062761069
-0.057194847
-0.048824805
-0.043474192
-0.044496729
-0.036490952
-0.032725663
-0.03069608
-0.024353881
-0.024604309
-0.014801158
-0.012910527
-0.016985331
-0.016632702
-0.014042652
-0.011258211
-0.0066330121
-0.0012524289
0.00026769968
0.0043652419
0.0055977077
0.0091036623
0.013090179
0.01818906
0.020402623
0.021454588
0.021672496
0.025422124
0.026240573
0.025673923
0.023001108
0.026289506
0.026616261
0.025003556
0.026562382
0.0234769
0.022744769
0.020487082
0.015834396
0.012824307
0.011640395
0.010199821
0.0092906867
0.0087202665
0.0069334575
0.0041569036
0.0034048977
0.0019525328
0.0019476548
0.0023497856
0.0016696498
0.002407054
0.0023573778
0.0021138639
0.0025126219
0.002459454
0.0018974501
0.0028122807
0.0033819012
0.0037435568
0.0020986353
0.0030726208
0.0032641382
0.0034344383
0.0025143651
0.0016058641
0.00180979
0.0023871029
0.0025665356
0.0033308563
0.0019075863
0.001300827
0.0013063762
0.0021395478
0.0038940261
0.0051835128
0.0034879883
0.0012776281
-0.00015287293
0.0052579471
0.008281198
0.010628653
0.011720228
0.0068870505
0.0052874959
0.0058535942
0.0050992657
0.0028928465
0.0026022486
0.0011986439
-0.00029776797
0.0020285781
0.003520165
0.0062709548
0.0084052406
0.0078325334
0.0053095241
0.0062619127
0.0075103194
0.0070905235
0.006761075
0.0052690491
0.0039916738
0.0016381696
0.0039091486
0.0016807767
-0.0015634473
-0.0052667071
-0.0014270901
-0.0033972688
-0.0066587418
-0.0091804804
-0.0075491239
-0.0071899759
-0.0079552217
-0.010002741
-0.011194551
-0.012552675
-0.016292922
-0.018758143
-0.025659945
-0.032047535
-0.034897446
-0.030430915
-0.024866979
-0.022227495
-0.020818572
-0.017938436
-0.015841463
-0.015359938
-0.015733216
-0.015908145
-0.018738698
-0.023268275
-0.027704821
-0.032107944
-0.036033677
-0.039184551
-0.042347906
-0.044828931
-0.048156048
-0.049460799
-0.054114319
-0.056881607
-0.055401921
-0.050813252
-0.046479868
-0.043529361
-0.038453026
-0.033784218
-0.03358715
-0.027914714
-0.021462573
-0.015917714
-0.010178305
-0.011123964
-0.01211018
-0.01125183
-0.0087155659
-0.0053966147
-0.0028622822
-0.00076479935
0.0017334341
0.0038371674
0.0048125754
0.0044440697
0.0075462701
0.0093430944
0.0092810296
0.0092463548
0.013363282
0.016446108
0.018222582
0.016428063
0.017876873
0.01956414
0.018583946
0.018813869
0.017275205
0.015933392
0.014671824
0.013165361
0.0089796182
0.0061760577
0.0053801083
0.002862924
0.003200438
0.0031040272
0.0016506253
-0.00015963054
-0.00049243906
-0.0022545424
-0.0011700009
0.00032610543
0.00081211066
0.0017059981
0.00099128728
0.0008687089
0.0012308334
0.0018522853
0.0026386004
0.0032087739
0.004686738
0.004789049
0.0025665386
0.0030638233
0.004884193
0.00390978
0.0044381151
0.0055357486
0.0037885628
0.0026576026
0.0034880757
0.0045995265
0.0051025005
0.0057241889
0.0065771552
0.0074815305
0.0072309899
0.005534549
0.0032519295
0.0052780365
0.0074462441
0.0070173271
0.0088758748
0.0099775114
0.012497001
0.0099686109
0.0062569231
0.005497585
0.0063184295
0.0057462997
0.0053224541
0.0050327105
0.0051647567
0.006647532
0.0080865505
0.010119721
0.0098516315
0.010392072
0.011393875
0.011244648
0.01148785
0.011570331
0.011461552
0.010589949
0.0073929732
0.0044883492
0.0031429809
0.0030714646
0.001357408
-0.00021005717
-0.00079903791
-0.0043554709
-0.0053914215
-0.0049614284
-0.0071152824
-0.0078543253
-0.0091555218
-0.011588139
-0.011244982
-0.012770175
-0.014746708
-0.016132198
-0.017743656
-0.020736096
-0.023594973
-0.024088881
-0.023355671
-0.023460621
-0.022332153
-0.020719971
-0.018799537
-0.017726133
-0.017352817
-0.01773954
-0.018834546
-0.021017845
-0.023409074
-0.026352607
-0.030402401
-0.034306694
-0.037656488
-0.037161243
-0.038029571
-0.039707042
-0.043196466
-0.045336835
-0.044412281
-0.041302627
-0.037607382
-0.031797649
-0.025411324
-0.023860793
-0.021753431
-0.018580336
-0.0097657359
-0.0051083296
-0.0053776547
-0.0017383356
-0.0022234001
-0.0005265946
0.0013425246
0.0048023738
0.0057261845
0.0053892715
0.0082892532
0.010583408
0.011892363
0.012865258
0.013631203
0.014410388
0.014957558
0.01527456
0.014922561
0.014269615
0.015884898
0.016000926
0.016260811
0.015910616
0.014418772
0.013481357
0.010991769
0.0079263564
0.0035331133
-0.00038486063
-0.0035133165
-0.0074251466
-0.0070417215
-0.0069240713
-0.0050177307
-0.0053059933
-0.0067544728
-0.0067822871
-0.0064953352
-0.0035155911
-0.0034486564
-0.0037195131
-0.0026013339
0.001749226
0.0022257858
0.0038225737
0.0041791833
0.0055803955
0.006117139
0.0063647306
0.0073652619
0.0086316051
0.0089288698
0.0095427093
0.011314325
0.0097833006
0.0090833346
0.0082735336
0.0091851475
0.0070527707
0.006737736
0.0074381654
0.0079165627
0.0085447447
0.0091199688
0.0080204185
0.0069221976
0.0050972112
0.0035053817
0.0036143577
0.010401829
0.01222865
0.011521909
0.012141532
0.011327416
0.0093457437
0.0079037596
0.0078635676
0.0073191317
0.0058008952
0.0056866772
0.006891355
0.0067752202
0.0083531441
0.0097100069
0.010560763
0.01128665
0.012290653
0.013646201
0.014157826
0.01377291
0.013132083
0.012272844
0.01048518
0.0077505146
0.0051214639
0.0021198243
0.0020738312
0.00037334516
-0.00015312526
0.0011928126
-0.00011717624
0.00010005504
-0.0011931707
-0.0016567535
-0.0030691626
-0.0056007133
-0.0083243258
-0.0089390289
-0.0097139347
-0.0086092368
-0.0094652109
-0.0099528399
-0.01030936
-0.010120193
-0.011547199
-0.016111876
-0.018832734
-0.019112378
-0.018120755
-0.015942492
-0.01594298
-0.014390054
-0.014911446
-0.015840473
-0.017282971
-0.018767339
-0.020352022
-0.022896082
-0.025512068
-0.026635899
-0.026413096
-0.027134199
-0.029033123
-0.030087336
-0.029734839
-0.029383569
-0.026983518
-0.022475911
-0.015819279
-0.013567314
-0.013982731
-0.01266628
-0.0094499266
-0.0027577618
0.0036208055
0.0032397621
0.0037376342
0.0040509215
0.006440917
0.0091629661
0.012044931
0.013831007
0.012949774
0.012926747
0.013432716
0.017128283
0.018478326
0.01962262
0.021542813
0.019882188
0.018569663
0.019688975
0.017566898
0.018453707
0.017717785
0.017329312
0.014815139
0.010899876
0.0085053872
0.0051169089
0.00072925959
-0.0021906099
-0.003733015
-0.0073504002
-0.0096119064
-0.010033007
-0.010131542
-0.0077405953
-0.0069473682
-0.0071534066
-0.0050230652
-0.003891538
-0.0028497791
-0.0018251198
-0.0011589565
0.0015577643
0.0042123816
0.0053424758
0.0066340075
0.008477551
0.0090923543
0.0090383147
0.0077084469
0.0071843859
0.0082703512
0.0096483908
0.012892493
0.015172336
0.015948788
0.013220283
0.011193743
0.01020608
0.0074710544
0.0063488971
0.0074692339
0.0069050715
0.0066482977
0.0066402706
0.0076820464
0.0055953781
0.0069493182
0.0084297856
0.0090681843
0.0094451167
0.010316389
0.011662523
0.010676996
0.010103357
0.00875379
0.0087417174
0.008471926
0.0092746852
0.0086991105
0.0084331191
0.0086202339
0.0094333133
0.0097744911
0.01135325
0.013259659
0.015239303
0.017786066
0.017779014
0.018980434
0.020774634
0.020211471
0.017794051
0.015040971
0.012882781
0.012267625
0.0068119923
0.0056648715
0.0039691871
0.0029086419
0.006372026
0.0042070337
0.0026224631
0.0021646216
0.0033357865
0.0013321173
0.00055450249
-0.00073536668
-0.0020232463
-0.0032783326
-0.0044088571
-0.0027690324
-0.0017448119
-0.0011113812
-0.0021020976
0.00030588394
-0.005802995
-0.010522442
-0.01000221
-0.0099053775
-0.0099922396
-0.0094622072
-0.0092712304
-0.0091993896
-0.0099085691
-0.010674926
-0.012274997
-0.013085354
-0.014647558
-0.014933095
-0.015711154
-0.017176462
-0.01826819
-0.017979584
-0.018935498
-0.016490478
-0.016251165
-0.014128785
-0.011886057
-0.0079962194
-0.006385041
-0.0060348228
-0.0032217025
-0.0022314399
0.0030144977
0.0049461824
0.0059650528
0.0062747215
0.0073005836
0.011074587
0.014458895
0.015343346
0.016647311
0.017161299
0.015028884
0.015113857
0.017813943
0.019809303
0.020188646
0.020037452
0.019506702
0.018623542
0.018383715
0.015923582
0.015735463
0.014854909
0.013300144
0.010650241
0.007499029
0.0032731532
-0.00012695589
-0.0034374469
-0.0055167531
-0.0078920326
-0.0097355012
-0.0098993419
-0.010059215
-0.011380534
-0.0097187827
-0.0090665812
-0.0088501627
-0.0083604943
-0.0057093559
-0.0039778485
-0.0028871702
-0.00081421379
0.0021982699
0.0047309291
0.0070130511
0.0084737985
0.0091551218
0.0093521396
0.010423901
0.010326824
0.010972234
0.012198306
0.013316544
0.015275816
0.016841592
0.01768113
0.015514135
0.014117929
0.010976868
0.0074040735
0.0064679424
0.0065451516
0.0068363265
0.0063390899
0.007026364
0.0057730832
0.0056213613
0.0068286889
0.0076172902
0.0080980936
0.0084288834
0.0092566536
0.0098287563
0.0098014511
0.0086192886
0.0078550118
0.0077530039
0.0084390437
0.0093092745
0.00964866
0.0084241855
0.0078655071
0.0086720964
0.0097151449
0.011714239
0.013706932
0.016135815
0.018961645
0.021330574
0.023625855
0.025675931
0.026483249
0.025403717
0.02322749
0.022104712
0.020060528
0.016782452
0.013594176
0.010264675
0.0087756925
0.010582284
0.007741657
0.0061327321
0.004694211
0.0035147361
0.0031823884
0.0039228543
0.0049657834
0.0033147184
0.0040308902
0.0028148748
0.0035128085
0.0042387038
0.005153457
0.0039571977
0.0053063849
0.0012016445
0.00011581255
-0.0019215942
-0.0024540595
-0.0030208231
-0.0037144666
-0.0043441884
-0.0050529306
-0.0043691159
-0.0046032985
-0.0049855434
-0.0058296666
-0.0065705869
-0.0067064985
-0.0063606323
-0.0093924461
-0.010077264
-0.010212019
-0.009575673
-0.0092541128
-0.0082697211
-0.0075498219
-0.0056178709
-0.0035674937
-0.00047917657
-0.0011408657
0.00083230595
0.0032689708
0.0039596249
0.0054186847
0.0059014622
0.0073998398
0.0093789929
0.011815769
0.012989035
0.014436007
0.015412251
0.016584827
0.015146702
0.014387346
0.015604597
0.015630673
0.016130831
0.01576621
0.01485349
0.013423994
0.013443478
0.011746375
0.009989903
0.008221439
0.0060522464
0.0033056241
0.0010552157
-0.0017283236
-0.0042248673
-0.006193354
-0.0080577743
-0.0097270857
-0.011440068
-0.01238805
-0.012817935
-0.014313413
-0.013958255
-0.013045496
-0.011363679
-0.010519961
-0.0086247174
-0.0064129287
-0.0056272198
-0.0026634054
0.00072450642
0.0035574384
0.0056741027
0.0081340071
0.009758277
0.010693133
0.010562255
0.010763325
0.011867353
0.012167393
0.013205944
0.015555772
0.016842261
0.016276616
0.015355803
0.013383711
0.012184406
0.0092623275
0.0069160651
0.005100494
0.0057761079
0.0046669504
0.0058303017
0.0071607229
0.0076012443
0.0076018212
0.007713046
0.0084687515
0.0074052833
0.0080375784
0.0077328747
0.0081326164
0.0086403064
0.0074078397
0.0073406789
0.0082666578
0.0084372352
0.0081886074
0.0080672952
0.0076755484
0.0070047348
0.0070538473
0.0071517442
0.0087340519
0.010769137
0.014208572
0.017846822
0.021704227
0.024913239
0.02742904
0.028913653
0.029879018
0.029254968
0.026844963
0.024625051
0.020049763
0.017058238
0.013851862
0.016083689
0.013031816
0.012087137
0.0097460078
0.0070653333
0.0065870741
0.0071972117
0.0075442471
0.008032697
0.0077665801
0.0075413209
0.0075532399
0.007629518
0.0082974672
0.0068948048
0.0070725409
0.0078826743
0.0064055414
0.0049559233
0.0035173546
0.0016139825
0.0013568213
0.00013519661
-0.00056294997
-0.00092157646
-0.00011668211
-0.00037824998
-0.00065458731
-0.00093263648
-0.00022210919
-0.0011283079
-0.0032654342
-0.0059625107
-0.0066966085
-0.0067288707
-0.0066452667
-0.0055734254
-0.005556711
-0.0037177846
-0.0022333748
-0.00051527939
-0.00055531125
0.0009355891
0.0033579486
0.0014979879
0.0017507898
0.003030079
0.0041367711
0.006912145
0.0085957071
0.0080635634
0.0099384171
0.010430461
0.010588478
0.010853075
0.010759508
0.011049785
0.010643402
0.010217209
0.0098706379
0.0085832691
0.0068216455
0.0057390182
0.0047385524
0.0034461008
0.0023485296
0.0010765527
-0.0013992466
-0.0031411896
-0.0051088057
-0.0067021121
-0.0078082672
-0.0097134966
-0.011626277
-0.012922221
-0.013607494
-0.013162155
-0.014349511
-0.015314437
-0.013683817
-0.011995851
-0.0099708873
-0.0092125599
-0.0073568141
-0.0050824682
-0.0037805056
-0.0011536321
0.0016521647
0.0035306663
0.0046645388
0.0064011427
0.0082035158
0.0083432683
0.0081303966
0.0083831018
0.0084431759
0.01039847
0.012770981
0.014294584
0.01490592
0.01409797
0.012816371
0.011864022
0.0096581332
0.0078906315
0.0051657842
0.0054348374
0.0053543589
0.0063374284
0.0079303533
0.0083449539
0.0087247929
0.0084502054
0.0079082094
0.0082539608
0.0067072043
0.0063469995
0.0064231685
0.0058559118
0.0065188008
0.0059314389
0.0055528909
0.0060376479
0.0059990888
0.0057982349
0.0050419642
0.0044694528
0.0048545182
0.0048788172
0.0054510696
0.0066911312
0.0086758026
0.011498942
0.014537936
0.01829569
0.02248846
0.025761882
0.027522798
0.029811955
0.030369843
0.028749378
0.025694321
0.022591484
0.02004479
0.019277682
0.016717689
0.015343329
0.01417611
0.013033834
0.011816084
0.011192619
0.01143827
0.010720465
0.01174222
0.011275175
0.012077084
0.012658137
0.012330573
0.011090163
0.011219779
0.012820513
0.010600206
0.0090179555
0.0075761021
0.0065523023
0.0042711671
0.0018294825
0.0016508007
0.00057746765
0.00049285017
0.00059207601
0.00057080795
0.0012705606
0.0021184688
0.0015253369
0.00017572077
-0.0027549049
-0.0039409184
-0.0058935965
-0.0065039182
-0.0061479009
-0.0054016407
-0.0039002947
-0.0034574807
-0.002753121
-0.0022360094
-0.0025042472
-0.003107706
-0.0024348455
-0.0030323193
-0.0015677427
-0.00066486103
0.0017124192
0.0031233902
0.0024492673
0.0029848361
0.0040481142
0.0051354315
0.0051070637
0.0054775322
0.0067212105
0.0063328524
0.005726927
0.0053473116
0.0041121887
0.0037882097
0.0032084998
0.0015248545
-0.00016357931
-0.00074089955
-0.0011837021
-0.0024207839
-0.004429468
-0.0056646658
-0.0062606225
-0.0076931499
-0.0086407386
-0.010127702
-0.011223875
-0.01240999
-0.012580251
-0.013828982
-0.013298855
-0.012844772
-0.011360779
-0.0083462476
-0.006885796
-0.0053246027
-0.0032443095
-0.0030406951
-0.001046033
0.00042703364
0.00031759377
0.0017930228
0.0041157941
0.0049402659
0.0050884923
0.0060948952
0.0059986174
0.0067685802
0.0070709031
0.0090070256
0.010144304
0.011425061
0.011419631
0.012797024
0.0098475426
0.007265498
0.007579365
0.0048677754
0.0044182647
0.0044360019
0.0056707906
0.006472297
0.0050236375
0.0055280444
0.0061925059
0.0061243118
0.0054009531
0.0047895336
0.0049765937
0.0049461933
0.0043546704
0.0045659799
0.004671599
0.0040057312
0.003808455
0.0044239648
0.0044213864
0.0037190498
0.0026924305
0.0030618267
0.0039502148
0.0046603434
0.0054274303
0.006259255
0.0081141123
0.0096111769
0.01221267
0.015388885
0.018470367
0.021279914
0.024162902
0.025083292
0.024600002
0.024301088
0.024023251
0.021818532
