0.0032523187
0.0028306089
0.0030598032
0.0033302442
0.0041229367
0.0053372964
0.0081535165
0.0082369044
0.0055605912
0.003217128
0.0027271376
0.0011211553
-0.0022602391
-0.0047262724
-0.0042116563
-0.0030452292
-0.0011132037
4.5688353e-05
0.0021851828
0.0018931442
5.5477458e-05
-0.0042147429
-0.0051024613
-0.0038886358
-0.0055766563
-0.0064172645
-0.0092448956
-0.010433509
-0.0083993637
-0.008087261
-0.010289016
-0.011122393
-0.011762897
-0.011346011
-0.012086725
-0.011392594
-0.011175224
-0.01393779
-0.014785142
-0.013779809
-0.01450307
-0.016207751
-0.016957943
-0.01723035
-0.019571439
-0.019015686
-0.017979986
-0.016613942
-0.015566153
-0.013258413
-0.011813346
-0.012302135
-0.01019657
-0.0068808867
-0.0047237103
-0.0027144932
0.001111063
0.003776442
0.0040805821
0.00189419
0.00081906433
0.0015988285
0.00055792271
-0.0012286098
-0.0026792252
-0.0028782594
-0.002764227
-0.0014190677
0.0014178386
0.0039549373
0.006663593
0.0080912984
0.01216727
0.015129097
0.015908077
0.016735109
0.01856284
0.021081788
0.022438655
0.020393505
0.018999763
0.016224721
0.012982883
0.010790975
0.011836036
0.0082897902
0.0063385502
0.0063468839
0.0083836518
0.011193723
0.011274346
0.010084265
0.0086522705
0.0075265171
0.0057946694
0.005367991
0.0050303146
0.0046133457
0.0034045214
0.0045524681
0.0045035945
0.0048856093
0.0041176285
0.0047933256
0.005332237
0.0063158443
0.0061786827
0.0060798292
0.0052392447
0.0059175099
0.0059746048
0.00593953
0.0068850057
0.0085612539
0.0081365298
0.0084848045
0.0087414127
0.0082460644
0.013434292
0.014793236
0.013828952
0.01330276
0.013341442
0.014271451
0.011199842
0.01059939
0.01258174
0.012595721
0.011098659
0.0092178759
0.006216375
0.0030152624
0.0014435179
-1.0873616e-05
-0.00046188741
3.5478358e-05
-0.00022759087
0.00092326853
0.0013954322
0.0017733069
0.0025104671
0.0028442143
0.0032978596
0.0034439642
0.0020916125
0.0019274233
0.0017767644
0.0013865036
0.0013600861
0.0030847104
0.0039302223
0.0013548119
0.00035379686
-0.00062862381
-0.0021899576
-0.0032418271
-0.0044390126
-0.0068858168
-0.0095871133
-0.0060014713
-0.0045285942
-0.0028151061
-0.00079408448
-0.0012978573
-0.0039024306
-0.0064485904
-0.0079815346
-0.0050831983
-0.0048928922
-0.0092939781
-0.011869412
-0.012003413
-0.010324541
-0.011208668
-0.014439525
-0.016874918
-0.016775286
-0.017596321
-0.017496406
-0.016157664
-0.017135906
-0.019558388
-0.021370354
-0.020847406
-0.020663047
-0.020333123
-0.019901379
-0.019472568
-0.019915051
-0.017131374
-0.01541072
-0.013383041
-0.009288572
-0.0052323024
-0.0040269296
-0.0030226954
-0.0023128402
0.001150784
0.0029773987
0.0055537727
0.010770824
0.012959127
0.014142724
0.012896332
0.013437493
0.012777921
0.011615173
0.010502771
0.0099243599
0.0087144802
0.010503763
0.010732346
0.013161926
0.015803103
0.019108024
0.021284996
0.022612588
0.021724494
0.021150925
0.021164074
0.023631517
0.024204371
0.023098183
0.019858213
0.016732747
0.012864453
0.0097829584
0.0076359308
0.0049320621
0.0041783144
0.0054409506
0.0059018788
0.0082611022
0.0099632599
0.010288223
0.0072444545
0.0048680883
0.0035879094
0.0037133896
0.0041200601
0.0040342377
0.0038831765
0.0044817196
0.0048348077
0.0040242311
0.0045455842
0.0050531241
0.0052867165
0.0056297495
0.0063613269
0.0057146137
0.0057289056
0.0050921615
0.0057296394
0.0060939303
0.006706709
0.0077117125
0.0089478384
0.0092198824
0.0087690038
0.0092084818
0.013030193
0.016458807
0.016104715
0.014258641
0.01622628
0.012674596
0.012702602
0.010960367
0.01059038
0.010422612
0.0088267439
0.0061434515
0.0036989891
0.00047129638
-0.00065243614
0.00029262071
-0.00088488271
3.907363e-05
-0.00049066393
0.00014778248
0.0004026119
0.0013090459
0.0014770377
0.001601604
0.0014028437
0.0016010048
0.001779799
0.00069509552
0.00086019889
0.00066222791
-0.0002913171
-0.001457976
-0.0011865159
-0.0016129268
-0.0031986914
-0.0049071074
-0.0044733605
-0.0063091173
-0.0086960462
-0.0089613857
-0.0079374515
-0.009974095
-0.010651976
-0.011535212
-0.010596922
-0.0075782563
-0.0049029341
-0.0075813494
-0.012714937
-0.012917821
-0.010622329
-0.011457045
-0.017759622
-0.020462129
-0.020000002
-0.017396751
-0.017647921
-0.022278677
-0.024893412
-0.027641471
-0.027807693
-0.027564794
-0.028449351
-0.029722727
-0.02963733
-0.029195345
-0.028288301
-0.026743262
-0.025812681
-0.023823375
-0.022187631
-0.019747285
-0.017006009
-0.013855275
-0.010423647
-0.005380633
-0.0002367089
0.0040430279
0.007070235
0.0081351585
0.0080881931
0.0098786709
0.013617159
0.0189799
0.021252501
0.021409929
0.024026055
0.024592764
0.025835806
0.02403831
0.023839478
0.025837301
0.024840738
0.028817445
0.027272173
0.029084248
0.029339881
0.029602655
0.030920329
0.031812801
0.02905291
0.026639361
0.02306377
0.022908472
0.022565792
0.020639865
0.014938993
0.011325003
0.0078932704
0.0050923006
0.0029266385
0.0012607954
0.0028947628
0.0034091101
0.0043782402
0.0063628417
0.0075962288
0.0064601342
0.0042516106
0.0018960598
0.0015184343
0.0013349312
0.0019292205
0.0029904353
0.0041855009
0.0053765618
0.0052485532
0.005747606
0.0061345802
0.0068986417
0.0060040888
0.0061000092
0.0065969992
0.0062264517
0.0059135061
0.0054878786
0.0054077644
0.0057573539
0.0066519546
0.007506218
0.0061665985
0.0074039876
0.010344203
0.013270932
0.011611206
0.013633668
0.0085683384
0.011073604
0.014640884
0.011663926
0.010728589
0.0077903417
0.0081017267
0.0038825525
0.0015709695
-0.00081231033
-0.0012338644
-0.0042442379
-0.0038605371
-0.0035179679
-0.0012845233
-0.00070483
-0.00042703508
-3.9362175e-05
0.00091979474
0.00058383172
0.0011099467
0.00042302691
0.00091604455
0.00031465687
0.0010622522
-0.0007831214
-0.00035041022
-0.00058946722
-0.0018060595
-0.0043213936
-0.002954939
-0.0015618534
-0.0068062171
-0.01049581
-0.0090015231
-0.0096180859
-0.012464972
-0.014855275
-0.015859768
-0.01719953
-0.014569835
-0.015476176
-0.017728606
-0.014590384
-0.015022587
-0.015822591
-0.019692018
-0.019164188
-0.01845439
-0.021820057
-0.026031611
-0.027999947
-0.029646778
-0.027976709
-0.028996703
-0.03273755
-0.036080818
-0.040031806
-0.041399994
-0.041914242
-0.044025414
-0.042391737
-0.03988985
-0.037845246
-0.039848327
-0.037819193
-0.032369181
-0.032256131
-0.028971617
-0.025725987
-0.021590861
-0.017565481
-0.013830509
-0.0062497995
0.0012309968
0.0056711816
0.0090168889
0.0098748079
0.011313978
0.011092964
0.01581752
0.022966694
0.025228892
0.030869277
0.035417209
0.034704038
0.037163351
0.039359159
0.039626651
0.039968313
0.041824255
0.045665274
0.043945502
0.045069902
0.042277418
0.038981328
0.03848827
0.035104403
0.03208609
0.028328317
0.024995448
0.025092798
0.021458182
0.016923217
0.013267581
0.0084916315
0.0033260499
0.0017817931
-0.00057196329
-0.0009635478
-0.00044034298
-0.00030340926
0.00087658784
0.00093035434
0.001333275
0.00047778803
0.00026216
-0.00010942277
0.00025891351
0.00022783338
0.0020798785
0.0026149659
0.0036225962
0.0044338367
0.0045458951
0.0042992317
0.0046888602
0.0055016695
0.006554324
0.0058340262
0.0054381414
0.0053800805
0.0049701604
0.0040935244
0.003915194
0.0036355507
0.0053808425
0.0061609382
0.0059249655
0.0066877357
0.0046914465
0.0052016519
0.0020422485
0.0011381902
0.0047490066
0.0093551748
0.011862089
0.0076384107
0.0040295465
0.0013878134
0.00063761699
-0.0015679642
-0.0064215077
-0.0092464108
-0.010483055
-0.010164773
-0.0066541017
-0.0032170699
-0.00083275266
0.00031735835
-0.00019653677
-0.00015540125
-0.0001193118
-0.00012479009
0.0011583526
0.00021682407
0.00033960778
-0.00032917008
-0.00024908894
-0.00083605423
-0.00062837559
-0.0017787
-0.0024886341
-0.004733434
-0.0031278711
-0.0016275501
-0.0082908139
-0.010874985
-0.014530285
-0.017901241
-0.018393814
-0.020166492
-0.02246149
-0.021125938
-0.01690917
-0.015606167
-0.017989044
-0.018537197
-0.020683631
-0.022423322
-0.024658614
-0.026134831
-0.028267697
-0.03307272
-0.035588001
-0.040109968
-0.044064249
-0.044863819
-0.044025639
-0.046373005
-0.051474711
-0.053728457
-0.056127586
-0.05655628
-0.057254886
-0.05487601
-0.052363151
-0.050680922
-0.05050392
-0.045895723
-0.03931627
-0.036493625
-0.035400932
-0.033338249
-0.028549912
-0.023105379
-0.01747038
-0.012591912
-0.005210973
-0.0017456106
0.00077754873
0.0038196833
0.0065048697
0.013316552
0.017904429
0.024041296
0.028757015
0.03359482
0.039534267
0.038220745
0.041582214
0.046270222
0.048945474
0.053755649
0.053601073
0.056127177
0.054392259
0.055414693
0.052724333
0.049475572
0.045507121
0.038226179
0.035223836
0.028812508
0.024600921
0.020946195
0.015659579
0.013065418
0.0090636656
0.0054016189
6.3152663e-05
0.00034452081
-0.0018172983
-0.0027245718
-0.0003625371
-0.0018830592
-0.00013178154
-0.0025565066
-0.0022816515
-0.00045619725
-0.0017824367
-0.0015350912
-0.001431588
-0.00084179756
0.0010695172
0.0021432402
0.0029391075
0.0040083705
0.0043739675
0.0027644834
0.0031036059
0.0038585462
0.0046413736
0.0041152064
0.0044415583
0.005056289
0.0044920915
0.0038026302
0.0034003575
0.003809246
0.0052259913
0.0053774744
0.0053729538
0.001517228
0.00017539777
-0.00043401128
0.0012228046
0.00099078746
0.0050510101
0.0068702542
0.0051344165
0.0037490841
0.0011082419
-0.0024160017
-0.002758858
-0.0053905763
-0.0099131448
-0.014158712
-0.015268716
-0.012384414
-0.0076741255
-0.0042250611
-0.0025806506
-0.00063904543
-0.0012446425
-0.0016947739
-0.0013713791
-0.00044633553
0.00085098252
0.00088215871
-0.0001011071
-0.00044998867
-0.0005810584
-0.0019812855
-0.0015641822
-0.0011721289
-0.0028343592
-0.0051231206
-0.0027394923
-0.0036600268
-0.0088332382
-0.012796925
-0.017748061
-0.022007257
-0.023397704
-0.031507698
-0.031514409
-0.026581166
-0.016668425
-0.014070895
-0.015259121
-0.016735489
-0.019901756
-0.024829596
-0.029741019
-0.03432768
-0.038478485
-0.041192542
-0.044376466
-0.048750858
-0.050569385
-0.053651691
-0.054819925
-0.055883551
-0.057800571
-0.059823471
-0.062835708
-0.062307275
-0.065216034
-0.065877154
-0.065233014
-0.063189914
-0.056357978
-0.048331398
-0.041960034
-0.034948139
-0.030893446
-0.033367678
-0.035381621
-0.031475242
-0.02128612
-0.016312863
-0.009347985
-0.0069675146
-0.0036342627
0.0015672649
0.005775009
0.010493932
0.014897323
0.015814946
0.013838879
0.022433483
0.031562619
0.033837215
0.040961664
0.048273673
0.048451358
0.051221204
0.052753629
0.055177659
0.056116053
0.055030688
0.052869703
0.049201909
0.044889591
0.037481657
0.030254317
0.024367359
0.020099983
0.014750105
0.010366523
0.0069960105
0.0038048189
0.00087731015
0.00013564279
-0.0013883923
-0.003206986
-0.0030627183
-0.0043106441
-0.0036397678
-0.0030887738
-0.0016994603
-0.0011586351
-0.00065865858
-0.0015552466
-0.0027098594
-0.0033136894
-0.0026930802
-0.0017113581
0.00095009501
0.0027787322
0.0036555257
0.0034230954
0.0032610067
0.0028600537
0.0032471666
0.0031214012
0.0046200876
0.0045127161
0.0046069214
0.0054722142
0.0058612513
0.0062929707
0.0063886929
0.0063810062
0.0077243676
0.00028329511
-0.0026468041
-0.00049966238
0.00010242086
0.0012330532
0.0023997893
0.0068379138
0.0057738515
0.0050178899
0.002577915
0.00026735466
-0.00306659
-0.0058905803
-0.0055464389
-0.010914668
-0.012295431
-0.016039657
-0.012254226
-0.0069670246
-0.0046461822
-0.0042254104
-0.0042100928
-0.0034913225
-0.0037145615
-0.0034914322
-0.001667282
0.0001622271
0.00075877497
9.2270069e-05
-0.0017771582
-0.002352397
-0.0019712325
-0.0026817288
-0.0050722316
-0.0071322553
-0.0062881794
-0.0046424812
-0.0043313458
-0.0099828716
-0.013808166
-0.018508035
-0.024349494
-0.028926197
-0.034852877
-0.035697795
-0.031933533
-0.019411928
-0.011060279
-0.013899196
-0.016926205
-0.020397488
-0.023615626
-0.0296972
-0.03433258
-0.036299142
-0.039530822
-0.04432055
-0.050821561
-0.054562925
-0.057090668
-0.059412841
-0.061167076
-0.063856268
-0.066683318
-0.065021795
-0.066260966
-0.068679382
-0.069831972
-0.068618573
-0.066002201
-0.055616631
-0.04698319
-0.037306681
-0.037314118
-0.036016448
-0.034501108
-0.031650125
-0.026846424
-0.021367628
-0.017492765
-0.018404392
-0.012759444
-0.0070726691
0.001118219
0.0097849598
0.011847093
0.0091268246
0.0086822848
0.010040516
0.023947568
0.03078959
0.033991177
0.035318349
0.034998025
0.045998539
0.051666279
0.052255339
0.05133039
0.053876869
0.050836887
0.047517852
0.040738145
0.035846032
0.030365809
0.027810386
0.018917286
0.014678418
0.01012316
0.0068333359
0.0057316576
0.0041614976
0.0029370848
0.0014173569
-0.0012786326
-0.0021968288
-0.0034704733
-0.0029948542
-0.0020701194
-0.0022645763
-0.0005543207
-2.2614505e-06
0.00061360859
-0.0017062424
-0.0023802877
-0.0015791369
-0.0014941125
-0.00052303451
0.0017447938
0.003664214
0.0050851137
0.0058678864
0.0055473186
0.0047661828
0.0046465314
0.0046263402
0.0041971097
0.0045254447
0.0056012373
0.0051276423
0.0079544192
0.0099508711
0.010300937
0.0094809135
0.0068464382
-0.0030956456
-0.0023560683
-0.0017161734
0.0013291606
0.0022969917
0.0054420426
0.005939971
0.008145443
0.0078486262
0.0040401303
-0.0017444027
-0.0067330796
-0.0077876523
-0.0063977246
-0.011442226
-0.011777871
-0.013967795
-0.010825029
-0.0086565815
-0.0075306855
-0.0039911594
-0.003450246
-0.0030268176
-0.0040654755
-0.0039637926
-0.0032260352
-0.0013414202
-0.0014156368
0.00062067853
-0.0012970325
-0.0024126615
-0.0012984547
-0.0033171641
-0.0072670938
-0.0085584233
-0.0073964323
-0.0039590347
-0.0070122989
-0.0083263756
-0.01108516
-0.012865867
-0.017649259
-0.02314223
-0.0266515
-0.034839442
-0.034222814
-0.020122817
-0.012563481
-0.012377499
-0.014426892
-0.014551364
-0.017463185
-0.020365665
-0.024271382
-0.027684636
-0.033855464
-0.039232905
-0.043780274
-0.04846253
-0.055005902
-0.05833385
-0.064315505
-0.066271774
-0.06970378
-0.071491481
-0.069305443
-0.068426953
-0.067015994
-0.063484605
-0.057014072
-0.044224379
-0.038570677
-0.03518547
-0.033322857
-0.033046864
-0.03497999
-0.036032926
-0.028536815
-0.028492204
-0.020500957
-0.018820261
-0.018626069
-0.014522415
-0.0070198184
-0.0026356021
-0.0038340272
-0.00053024006
0.0091317661
0.015761661
0.02300574
0.029830899
0.034724496
0.034940108
0.04138935
0.044214043
0.047740675
0.046120642
0.047317612
0.043789273
0.041505095
0.037685922
0.032346959
0.029024129
0.024042018
0.018140655
0.015128709
0.01349469
0.0084941643
0.0077494503
0.0061497664
0.00603353
0.0050960987
0.0040209073
0.00062289149
-0.00075795383
-0.0017725969
-0.00080822811
-0.00025018841
0.00027716798
-0.00041614399
0.00085731147
0.0011908775
0.00089804152
0.0017458276
0.0017477567
0.0024915738
0.0030036023
0.0030381573
0.0020376125
0.00093854138
0.001250635
0.0022940358
0.0029718654
0.0034990608
0.0049354601
0.0055082466
0.0050999109
0.0064832721
0.0068396806
0.0049992738
0.0061526231
0.0080723443
0.0091475137
0.0015151565
-0.0047907011
-0.00079744376
0.0029789895
0.0035584549
0.0050612031
0.007548218
0.0089992014
0.0078433454
0.0093884606
0.0049441988
-0.00017933319
-0.0029120584
-0.0058913271
-0.0050454195
-0.011229854
-0.012792464
-0.0094553995
-0.0036468625
-0.00091271798
-7.5910481e-05
-0.0004628359
0.00033363792
-0.00015209768
7.4293263e-05
-0.0011185343
-0.0013702193
0.00050736466
0.00028804677
0.00034848805
-0.0017316897
-0.0026895311
-0.0056667831
-0.007539392
-0.0094078278
-0.011311331
-0.0066058763
-0.0054952682
-0.0066751275
-0.008775943
-0.0084515656
-0.0095491475
-0.012595225
-0.019680012
-0.02548665
-0.029231379
-0.032544422
-0.022459329
-0.016225533
-0.015815635
-0.017299982
-0.016935185
-0.017073239
-0.019391415
-0.022404581
-0.027456818
-0.033808933
-0.040228569
-0.044971819
-0.050919815
-0.056890935
-0.062880435
-0.066663276
-0.0695422
-0.070550945
-0.071502576
-0.071163973
-0.071378054
-0.067830727
-0.060774336
-0.051646195
-0.044263319
-0.041844199
-0.041928158
-0.036016243
-0.037458556
-0.035856973
-0.039910006
-0.031344441
-0.028068604
-0.028579542
-0.0269956
-0.02606345
-0.019547496
-0.017714661
-0.011582594
-0.0062165628
0.0024105858
0.0088516617
0.012879246
0.019043355
0.024687559
0.027499894
0.029881199
0.032152708
0.036582247
0.037917259
0.03779464
0.036479504
0.034218086
0.031720566
0.029881763
0.026335262
0.022182467
0.019269121
0.018079463
0.01514375
0.014827387
0.011350863
0.011661232
0.010593485
0.0097505921
0.0076942843
0.0062831031
0.0034023474
0.0020424409
0.0014262166
0.0012570371
0.0015282649
0.0022383318
0.0036580008
0.003900812
0.0049402167
0.005817571
0.0054995816
0.004913768
0.0054829053
0.0067212808
0.0058447747
0.0044584979
0.0041008565
0.0030368451
0.002862258
0.003920578
0.0039207839
0.0036788924
0.0033615675
0.0034288761
0.0043908717
0.0044169148
0.0019393533
0.002293524
0.0042365907
0.0068238112
0.0016875298
-0.0033079761
-0.0017753932
0.0017721843
0.0053411412
0.0054696982
0.0078377711
0.0072273274
0.0042400058
0.0072230959
0.003166257
-0.00082323512
-0.0010224663
-0.00077064472
-0.00091743823
-0.0002341703
0.0013832243
0.004118548
0.0062732669
0.0060517772
0.0052727858
0.0039189378
0.003955597
0.002687134
0.00063247566
-0.00099366687
-0.00057495083
0.0003068975
0.00061132259
-0.0010535064
-0.0031921031
-0.00507434
-0.0080405409
-0.010246156
-0.010879144
-0.014653188
-0.009369024
-0.0081736841
-0.0093351871
-0.00809059
-0.010291824
-0.0098641427
-0.014075221
-0.019022907
-0.026468262
-0.031438685
-0.032410313
-0.023821102
-0.018759123
-0.018087835
-0.019254268
-0.017139848
-0.017854865
-0.021066563
-0.025806097
-0.031580693
-0.038143096
-0.045305452
-0.048781916
-0.055298391
-0.059623584
-0.062398484
-0.066166473
-0.069282312
-0.069899709
-0.073864272
-0.072338568
-0.071682488
-0.067757378
-0.058985697
-0.046867606
-0.043562485
-0.046899453
-0.040010249
-0.039079584
-0.038482299
-0.037196331
-0.039635412
-0.030795492
-0.030785877
-0.034192709
-0.034738918
-0.032807522
-0.027754181
-0.020755617
-0.014337762
-0.01085886
-0.005320422
-0.0018430646
0.0016656756
0.0062219139
0.013933578
0.016074373
0.019102575
0.021020952
0.0249167
0.027953428
0.026802498
0.023543387
0.025923786
0.024495741
0.021374827
0.021591476
0.02046071
0.021421041
0.019374155
0.017229995
0.014761391
0.015200362
0.014860218
0.014619121
0.012648558
0.0090524312
0.0060902847
0.0048375248
0.0044660762
0.0042884829
0.0042046316
0.0034705817
0.004324963
0.003709542
0.0042669823
0.0054833383
0.0052979871
0.0057784678
0.0070345935
0.0077675862
0.0071650351
0.0063354674
0.0067981445
0.0070819349
0.0065805223
0.0051639741
0.0042372211
0.0048787507
0.0052060946
0.0058221105
0.007985098
0.0065292482
0.005143286
0.0037893731
0.0029049864
0.0038750362
0.0053224785
0.004153187
0.0013163845
0.00046944923
0.0025933141
0.0052792534
0.010232417
0.011822206
0.0076918972
0.0075318362
0.0066606747
0.0053763979
0.0021826155
0.0047471983
0.0075539543
0.0065632648
0.0077243501
0.0093679339
0.011404195
0.014045221
0.014437769
0.011847267
0.014163254
0.014368071
0.013928577
0.011331937
0.0073214217
0.0066352155
0.0052439855
0.0053146852
0.0032353175
-0.00132062
-0.0056957792
-0.0037151114
-0.0075586929
-0.0094817722
-0.013533813
-0.009883399
-0.0082755606
-0.0092566423
-0.010118545
-0.011239204
-0.010948909
-0.01792517
-0.019574551
-0.027448452
-0.03307418
-0.032431171
-0.025999074
-0.021428343
-0.02180943
-0.02277429
-0.020426161
-0.019494827
-0.023925623
-0.028182254
-0.031909331
-0.037398843
-0.044951478
-0.049763146
-0.053810047
-0.058485062
-0.060186444
-0.065111922
-0.065130754
-0.065702871
-0.067067036
-0.070837222
-0.068733288
-0.064597985
-0.052726205
-0.045933557
-0.043434172
-0.038767306
-0.034282463
-0.036267739
-0.034846114
-0.031750521
-0.029570624
-0.024322154
-0.02633276
-0.028685298
-0.025935741
-0.023477465
-0.021026243
-0.016950314
-0.013177645
-0.0095114028
-0.0058143579
-0.0045445985
-0.0036140412
-0.00084538609
0.0028573646
0.0045587775
0.0061460289
0.011022009
0.016333023
0.018560912
0.016363178
0.016322543
0.016751274
0.015252056
0.016306048
0.014124612
0.012456102
0.014982355
0.013698826
0.010302746
0.010569049
0.01075315
0.0086012991
0.0088918102
0.0075023017
0.0052704612
0.0026718707
0.002829816
0.00079301108
0.001081814
0.0029422636
0.0039891805
0.0055655212
0.00584307
0.0046214567
0.0064526262
0.0064552996
0.0079968655
0.0066322056
0.008739431
0.010511085
0.0076017261
0.0078396679
0.009482719
0.0071593734
0.0081378268
0.0077318049
0.0053071012
0.0044765073
0.0056035739
0.0083275369
0.0089558923
0.0086778453
0.0089907686
0.0093767001
0.0079468529
0.0075968493
0.0047902343
0.0079155525
0.011925384
0.0081473579
0.011245466
0.011282084
0.013522249
0.012117382
0.0094978606
0.0082229281
0.0081983938
0.0072725252
0.0080019295
0.0083919279
0.0095711754
0.011374046
0.011894443
0.013482265
0.012727973
0.014162866
0.015930849
0.015906863
0.016989485
0.0161866
0.015481625
0.013715938
0.011285025
0.0079628603
0.0044804467
0.0054363684
0.0030013182
-0.0014166452
0.00080391205
-0.0034115642
-0.0063724411
-0.0067256532
-0.0054643038
-0.0055424637
-0.0086854343
-0.012131751
-0.011140892
-0.011813164
-0.016009907
-0.017371505
-0.019481084
-0.021444089
-0.023371075
-0.01988163
-0.020007882
-0.021867074
-0.023376904
-0.023189559
-0.022949344
-0.023324899
-0.023899808
-0.027471946
-0.033384869
-0.038992576
-0.043006483
-0.046833456
-0.051087948
-0.053268361
-0.056978745
-0.054489767
-0.053291273
-0.059659041
-0.060072005
-0.058487625
-0.053468055
-0.042628036
-0.03649974
-0.031315392
-0.024920356
-0.021112094
-0.016973363
-0.015901265
-0.013303404
-0.011612199
-0.010559764
-0.010132868
-0.011211973
-0.010039997
-0.0085924794
-0.0080879857
-0.0061534842
-0.0049707656
-0.0020383898
0.0016207751
0.0041695879
0.00555886
0.0076391627
0.0097547192
0.010545132
0.011222171
0.013151513
0.012552021
0.014548451
0.013468936
0.012485416
0.012700985
0.0099360255
0.0086497315
0.0073073424
0.0060245869
0.005972573
0.0032939164
0.0017119142
0.00061283884
0.0015748069
0.00026370952
0.00088256135
0.0019594654
0.0013635877
0.00052548003
-0.00034263399
0.0038419685
0.0030499328
0.0023803409
0.0022772482
0.0062214599
0.0080979252
0.011335678
0.011565105
0.010289217
0.0092490851
0.0096029275
0.0094776668
0.010104081
0.0094522732
0.010758274
0.013278669
0.011599407
0.010580446
0.010956897
0.012510785
0.0091716259
0.008613117
0.010344452
0.010940609
0.010412069
0.012123299
0.0098135314
0.007503356
0.0064354377
0.0034372836
0.0045223135
0.012254076
0.015430909
0.013710305
0.015106772
0.014449325
0.01224361
0.011150149
0.011963301
0.01087686
0.0085566492
0.0085162697
0.0095018739
0.011083641
0.011924438
0.012592597
0.013097928
0.013257341
0.01504274
0.016128288
0.016276646
0.016584295
0.015635685
0.014553787
0.011397226
0.0079507858
0.0056192912
0.0041867164
0.0046022388
0.0039770452
0.0021857681
0.0040282531
0.0033213212
0.0034259561
0.0016698402
0.00068075918
-0.0016482236
-0.0029647224
-0.0081944454
-0.011617846
-0.012282297
-0.01138642
-0.011534036
-0.013415156
-0.013748921
-0.014165238
-0.0096854259
-0.011393584
-0.017332454
-0.020021174
-0.022573316
-0.020996821
-0.023012124
-0.021670784
-0.024784027
-0.027859698
-0.033444043
-0.036070411
-0.040607052
-0.04375691
-0.045542293
-0.043904211
-0.042615405
-0.043172701
-0.045789905
-0.045535273
-0.041392886
-0.035100866
-0.026834812
-0.017177135
-0.0083187378
-0.0073682739
-0.0044440566
-0.0026182573
-0.0017357302
0.0009444504
0.0061267779
0.0067352367
0.0073012442
0.0050710802
0.0070783048
0.0042120037
0.0049051142
0.0076969189
0.0071351351
0.0091593188
0.0089393762
0.01236721
0.013213316
0.014708749
0.01782715
0.017328292
0.016022757
0.0187481
0.015530264
0.014199309
0.012844001
0.011101907
0.0092812249
0.0051776552
0.0040457484
0.0032895791
0.0014133163
-0.0014111971
-0.00079955571
-0.0013405935
-0.0013377508
-0.0014678711
-0.0011006182
0.00040222349
0.00085639853
0.00095473115
0.002765409
0.0036391126
0.0044711173
0.0056625729
0.0060506617
0.0078496758
0.010209202
0.013049938
0.016201425
0.017002052
0.016396704
0.015296889
0.01368431
0.011560451
0.012097091
0.012554472
0.015513384
0.019112566
0.020072024
0.019205541
0.018403681
0.017757157
0.012793154
0.010254672
0.0097952622
0.0087989186
0.0068855166
0.0071730084
0.0081677375
0.0035279199
0.0054848622
0.0092959412
0.010031111
0.011422031
0.012730578
0.012962846
0.012505153
0.013032538
0.011093557
0.011668014
0.011500359
0.011829563
0.010898962
0.01061221
0.010534503
0.011684671
0.011990278
0.012622267
0.01372503
0.015484274
0.017369409
0.018523878
0.019676648
0.019933331
0.019570557
0.01762231
0.015001174
0.010760281
0.010330007
0.0073414574
0.0078098807
0.0058742873
0.0064195153
0.0092845178
0.0076842143
0.005381369
0.0044976591
0.0045718842
0.0018034328
0.0012507558
-0.00095824283
-0.0043466079
-0.0074389434
-0.01007676
-0.0085441863
-0.0078054717
-0.0077438785
-0.010262181
-0.0036388684
-0.0036353034
-0.011883813
-0.012829984
-0.013800776
-0.014910948
-0.016033411
-0.01727566
-0.019421345
-0.020806284
-0.024473846
-0.028154175
-0.02958824
-0.032209893
-0.032471102
-0.027472433
-0.028409562
-0.031074448
-0.031933629
-0.030283165
-0.024542571
-0.019188231
-0.012244866
-0.0024070641
0.0071332169
0.0046759964
0.0039100975
0.0060857044
0.0056009992
0.010574699
0.014264074
0.01594561
0.016813054
0.016999363
0.016090474
0.015086858
0.014622813
0.015574084
0.014793041
0.013354334
0.013250933
0.015403126
0.014991148
0.014268888
0.014873677
0.015004219
0.013379303
0.015076013
0.012620228
0.01213944
0.0095979743
0.0064303391
0.0026435086
0.0005704569
-0.0026069351
-0.0037554787
-0.0049024893
-0.005931333
-0.0074575139
-0.0069772621
-0.0044242582
-0.0036225148
-0.0038608092
-0.0022854085
-0.0028337475
-0.0035777996
-0.0021060753
0.0010041675
0.0032099728
0.0046676137
0.006599671
0.010372078
0.012743738
0.015033033
0.017478019
0.018559811
0.018838737
0.018477944
0.017466468
0.015970246
0.017063895
0.017433155
0.020895747
0.022844242
0.022518292
0.020961066
0.021159961
0.018442793
0.014275717
0.012574407
0.011522798
0.010835184
0.00866991
0.0093529684
0.006231915
0.0032787716
0.0058920163
0.0069424536
0.0084559268
0.008874266
0.0090545325
0.0091359591
0.0099628666
0.0080894467
0.008015258
0.0084777046
0.0087548658
0.0093570771
0.011337097
0.01091809
0.010389382
0.010606995
0.011732203
0.013348783
0.014833398
0.015911486
0.017587677
0.019282773
0.021908592
0.023533923
0.023901886
0.023113188
0.022162697
0.01958437
0.017637679
0.014979086
0.014765164
0.01208478
0.010520294
0.012734545
0.009978746
0.0070166453
0.0065103967
0.0045821414
0.0038445
0.0042294369
0.004400653
0.0016635166
3.0554047e-05
-0.0019319648
-0.0020134664
-0.0010846783
-0.00042516291
-0.0014240186
0.001473166
0.0016072319
-3.3148136e-05
-0.0043545351
-0.00768973
-0.008181607
-0.010289431
-0.011490029
-0.013428099
-0.012958625
-0.015461457
-0.017974304
-0.019934052
-0.020148167
-0.019046907
-0.01709006
-0.021229576
-0.02013649
-0.018978767
-0.016761723
-0.01367887
-0.0084756512
-0.0050170019
0.002422763
0.0089426462
0.0090342845
0.0072223783
0.0095089404
0.012199141
0.012612629
0.015145668
0.016732507
0.01883575
0.019684214
0.018147304
0.018988082
0.018732112
0.016470691
0.015272046
0.013692222
0.013361813
0.013896315
0.012126899
0.011479667
0.011734071
0.010796774
0.0098144967
0.0089883743
0.0076032032
0.0063782405
0.0036503127
-7.0086525e-05
-0.0039523976
-0.0064301997
-0.0089008303
-0.010864465
-0.011574665
-0.012537007
-0.012089912
-0.011309959
-0.0098645329
-0.009083203
-0.0083277553
-0.0074013707
-0.0071472347
-0.0078653076
-0.0085466443
-0.0067454399
-0.0043385795
-0.0015743666
0.0039122815
0.0076268128
0.010487654
0.013511707
0.015878861
0.018126665
0.020529272
0.019719453
0.016885259
0.016401579
0.017231956
0.017942357
0.018810898
0.020070234
0.018769604
0.019126743
0.017612884
0.016328276
0.012338328
0.01095809
0.0081270809
0.0068963834
0.0069725039
0.0069621346
0.008337752
0.0073867116
0.0078613852
0.0077796925
0.0072724058
0.0059016215
0.006790178
0.0060152935
0.0070803666
0.0083314435
0.0075298358
0.0072719469
0.0093043372
0.0093088857
0.0094483747
0.0095275264
0.0098850782
0.0091960414
0.010007762
0.010446057
0.01140944
0.012746402
0.015994661
0.018220941
0.020404352
0.022636432
0.02489266
0.026390036
0.027171258
0.027111217
0.024710298
0.022308322
0.02096468
0.018271325
0.015467249
0.018398287
0.014480077
0.012999808
0.01042151
0.0077734703
0.0081574611
0.0086235856
0.0073948036
0.0075123662
0.0062580914
0.0054043485
0.0054388836
0.0049927742
0.0058851395
0.0043160025
0.005442809
0.0079978936
0.0084017781
0.0054794537
0.0014590293
-0.0020758356
-0.0031816189
-0.004607977
-0.0051344232
-0.0059932698
-0.0070518397
-0.0080763551
-0.0088930519
-0.0089663408
-0.0059774188
-0.0066314258
-0.011353913
-0.014864866
-0.013177476
-0.0099649515
-0.0083228286
-0.0032174681
-0.0013999784
0.0031286573
0.0063780655
0.0064325512
0.0060605761
0.0087576971
0.01035692
0.0080324358
0.0085409428
0.011509186
0.013749406
0.015415571
0.016095722
0.013811435
0.01583679
0.015163558
0.012870997
0.012226506
0.011093642
0.011431294
0.010648348
0.0084819847
0.0073322118
0.0059159266
0.0047598065
0.0039790673
0.0034782517
0.0027015998
0.0010886646
-0.0015287027
-0.006045388
-0.0086107638
-0.010809089
-0.012662487
-0.012544041
-0.014024832
-0.014335425
-0.013386008
-0.012617566
-0.011461238
-0.010477894
-0.010855
-0.0097743274
-0.0094316787
-0.0089631097
-0.0095824828
-0.0084807912
-0.0054808263
-0.0029496996
0.00041782767
0.0048392235
0.0089354798
0.011107674
0.013994413
0.016231089
0.016092589
0.014181138
0.013467745
0.01244642
0.013072866
0.015048336
0.017226393
0.016328932
0.015281436
0.013658383
0.012476469
0.010329418
0.009584091
0.0077786259
0.0068116221
0.0061546076
0.0070568516
0.0097995361
0.0097690336
0.0099542849
0.0097270269
0.00804972
0.0074743835
0.0047536463
0.0033996351
0.0050293096
0.0048565803
0.0066542636
0.0067487911
0.0069063396
0.0077122877
0.0077530641
0.0075048988
0.0065134047
0.0067018061
0.0073352582
0.0080999499
0.0085704061
0.0094428076
0.011690853
0.013752998
0.015872671
0.018151923
0.020894468
0.023129743
0.025531507
0.027554986
0.028184595
0.025999977
0.023868721
0.023735105
0.021636725
0.022423915
0.021125478
0.019326947
0.016713211
0.014960882
0.013351377
0.013499692
0.012241538
0.01010347
0.011011277
0.010005563
0.011003044
0.011603127
0.010898625
0.011060389
0.010972016
0.015540928
0.015223485
0.011612118
0.0095621263
0.0059898673
0.0026820412
-0.0006185506
-0.00072044987
-0.0018757899
-0.0022767338
-0.002459089
-0.0027137925
-0.0014231298
0.00087540267
-0.00096322361
-0.0050115023
-0.0076398478
-0.0083952229
-0.010375889
-0.0087891752
-0.0065733699
-0.0020843427
0.0011384061
0.0015164111
0.00054683956
0.001504035
0.0020606828
0.0016986752
0.00098023836
-0.00074187521
0.0016031848
0.0048711023
0.0083412554
0.0094872449
0.0086671138
0.0093669282
0.010023017
0.0096058498
0.0082959543
0.0082211463
0.0082544828
0.0078127905
0.0061499331
0.0042596294
0.0029029693
0.0030187162
0.0026516022
0.0015229151
0.00049183156
-0.00040315174
-0.0022964951
-0.0049769983
-0.0070258435
-0.0086199252
-0.0093815888
-0.010837499
-0.011122076
-0.011728744
-0.011736848
-0.011508792
-0.0096191167
-0.010048482
-0.0094237812
-0.0091568802
-0.0093648423
-0.0077763294
-0.0070416779
-0.0061197131
-0.0054901296
-0.0045569769
-0.0014572111
0.0010036541
0.0036825895
0.0068456226
0.0099022266
0.011507359
0.012564606
0.012627093
0.011230137
0.010105435
0.0091831533
0.010462706
0.011716214
0.011546808
0.01144123
0.011874145
0.010503918
0.009573288
0.01057832
0.0070496943
0.0045009483
0.0048600235
0.0071662363
0.0086136781
0.0073644347
0.0073152353
0.0083376318
0.0079331639
0.0066704455
0.0056606386
0.0054840029
0.0041359648
0.004137231
0.0047468729
0.00539007
0.0052897272
0.0061542791
0.0057798135
0.0054535663
0.0047134012
0.0044215103
0.0052739518
0.0061830334
0.0069220222
0.0070049418
0.0071077396
0.0090642691
0.010658967
0.01272857
0.014986957
0.016445647
0.01918508
0.023581272
0.025591993
0.024380699
0.024322566
0.025414146
0.025259154
