0.00079311733
0.00070632834
0.0011838912
0.0019636973
0.0022816833
0.0047561401
0.0076225484
0.0075895127
0.0030330487
-0.00055737536
-0.002849267
-0.0050541828
-0.0086105187
-0.0092592496
-0.0079928178
-0.0069166875
-0.0035165331
-0.0025973985
0.0010705567
0.00072385257
-0.0016115111
-0.0059952014
-0.0084048273
-0.0090217654
-0.012957494
-0.013847624
-0.015384841
-0.015364851
-0.013081788
-0.012065396
-0.012900915
-0.013870008
-0.015182039
-0.016383646
-0.01659383
-0.015193452
-0.01551828
-0.016733376
-0.016318831
-0.014630858
-0.01358203
-0.014185326
-0.01431074
-0.013919476
-0.013095406
-0.010306944
-0.0071684292
-0.0059877247
-0.005265966
-0.0034289062
-0.0015832318
-0.0024232
-0.00084695533
0.0045382681
0.0099327107
0.014347061
0.01799279
0.019240527
0.017013481
0.013169721
0.010409445
0.011033414
0.011410395
0.01264755
0.014602932
0.01372019
0.014077107
0.014422413
0.01548854
0.01774203
0.021153422
0.023661083
0.026457539
0.029077289
0.030033659
0.031177484
0.031338005
0.031081624
0.02916429
0.026631566
0.025812088
0.024988385
0.024473772
0.023637424
0.022368232
0.017016757
0.013776012
0.010286496
0.010802248
0.013119399
0.014130365
0.013767009
0.013058333
0.0094150712
0.0052052015
0.0025900091
0.0019480669
0.001363097
0.0017731503
0.0034628771
0.0044096853
0.0057512565
0.0061567741
0.0072952655
0.0080320449
0.0082255974
0.0082104697
0.0085560297
0.0079730742
0.0088126075
0.0092077188
0.0093990219
0.011126231
0.012121167
0.012538288
0.013868338
0.015206313
0.015265944
0.016787485
0.01750094
0.01458713
0.012806693
0.012302385
0.011457704
0.0073192445
0.0068361685
0.0094092997
0.0085845041
0.004724729
0.002650953
0.00049219201
-0.0015133771
-0.003979045
-0.004633632
-0.0033993898
-0.0026071716
-0.0020228391
-0.0013115888
-0.00082932694
2.2146094e-05
6.8878098e-05
0.00054890475
0.00093594409
0.0011165646
-0.00072518324
-0.00095221064
-0.00090354178
-0.0008171536
-0.00012165161
0.0034269195
0.0037017562
0.00030405308
-0.003053589
-0.0074554575
-0.010560825
-0.011148017
-0.011057581
-0.013423498
-0.014249232
-0.0097910034
-0.0091762362
-0.0055140981
-0.00090986252
-0.001430439
-0.0049558698
-0.0091563932
-0.011350822
-0.0093697133
-0.013823925
-0.018367981
-0.020483532
-0.018409403
-0.016253196
-0.016715759
-0.019505998
-0.021458821
-0.021977933
-0.022768063
-0.021252491
-0.019774353
-0.019956022
-0.021596066
-0.022455135
-0.021252846
-0.020428751
-0.019416481
-0.017205576
-0.015498486
-0.01256517
-0.0072250109
-0.0040984697
-0.00057440233
0.004807323
0.0070523388
0.0070965532
0.0073672875
0.010631968
0.017111457
0.021850231
0.026203566
0.029949616
0.030268989
0.027941192
0.026312949
0.026750509
0.025995589
0.02584278
0.026376657
0.02635468
0.025575151
0.026735373
0.025037288
0.026529405
0.028248562
0.031624525
0.033256812
0.033776692
0.035002624
0.035745263
0.034871091
0.034719781
0.032914159
0.030554857
0.026192906
0.022958681
0.021668557
0.019093448
0.016597203
0.014110536
0.0097663923
0.0074375802
0.0081626461
0.009182942
0.01020797
0.010545589
0.008184988
0.004846553
0.0020523789
-0.00021454826
-0.00077447202
-0.0002933899
-5.6647716e-05
0.0021400421
0.0038609618
0.0047714915
0.0063419345
0.007071323
0.0071101754
0.0074798981
0.0075613737
0.0073494011
0.0071730986
0.0069488839
0.008048215
0.0090714458
0.0098113711
0.01161628
0.013631029
0.015092841
0.014854313
0.017438985
0.019585041
0.020412899
0.016038784
0.014711712
0.015012864
0.010230008
0.0087441927
0.0056825109
0.0045043407
0.0034397503
0.0016917721
-0.0018370908
-0.0044144952
-0.0062708147
-0.005429773
-0.0057585596
-0.0058079232
-0.004113164
-0.0031589834
-0.0023700261
-0.0021960851
-0.0019443179
-0.0020203322
-0.0015548468
-0.0018370048
-0.0015323124
-0.0010309864
-0.0041615871
-0.0037716616
-0.0041387054
-0.0044081206
-0.0055723277
-0.0026831095
-0.0023796883
-0.0062542351
-0.0076209463
-0.0092886651
-0.014516558
-0.017117582
-0.016727204
-0.015223102
-0.016876659
-0.017890841
-0.019818093
-0.016160232
-0.0094552474
-0.0051765916
-0.0086429739
-0.014595314
-0.015748849
-0.016002663
-0.020024124
-0.02466049
-0.025220376
-0.023734705
-0.021627971
-0.023715396
-0.028468908
-0.032288156
-0.034815203
-0.03367489
-0.031797711
-0.029670094
-0.030800677
-0.031079771
-0.030970904
-0.030350032
-0.029250084
-0.026570104
-0.021898375
-0.017313092
-0.012550776
-0.0084549182
-0.0036809862
0.0015123699
0.011587633
0.018183068
0.018794727
0.02262108
0.02484175
0.025955476
0.031670793
0.039065415
0.044939371
0.040282385
0.037520352
0.040380706
0.040352524
0.041645649
0.038895701
0.038579399
0.039719383
0.03976155
0.040890232
0.039168848
0.039704629
0.038984048
0.039119617
0.040966389
0.041274545
0.040284834
0.037088275
0.03231497
0.032033185
0.0301059
0.027069712
0.021166433
0.01840183
0.014924867
0.011705611
0.0067641299
0.003819704
0.0029804841
0.0020209959
0.0019628372
0.0015835445
0.0022995934
0.0011028064
-0.0010204855
-0.0023248182
-0.00359504
-0.0039932822
-0.003661278
-0.0017659521
0.00079729291
0.0025983094
0.0042421051
0.0057768589
0.006584202
0.0064818101
0.0058541863
0.0064618419
0.006113535
0.0056423484
0.0052164227
0.0050708775
0.0049928146
0.0061946787
0.0074940969
0.0095955754
0.009082057
0.01624524
0.017164022
0.017110269
0.012714179
0.011514454
0.0075319615
0.010692088
0.011716203
0.0075523414
0.0036526478
0.00048996791
0.0010601599
-0.0043982223
-0.0062833697
-0.0088127323
-0.0092601972
-0.009430074
-0.0074478529
-0.0070964101
-0.0046306779
-0.0041921869
-0.0035120664
-0.0032604969
-0.0027041746
-0.0038036028
-0.0034759228
-0.0040240616
-0.0034130299
-0.0038363771
-0.003178023
-0.0063554407
-0.0059210028
-0.0058393266
-0.0074787413
-0.007954943
-0.0060417401
-0.005034498
-0.011737072
-0.015168366
-0.01477962
-0.019351742
-0.021317886
-0.023877859
-0.025899204
-0.026641819
-0.024637488
-0.025646154
-0.023601206
-0.017119117
-0.014691741
-0.015836057
-0.019986571
-0.019336906
-0.021798699
-0.026467214
-0.030316867
-0.03028341
-0.032137431
-0.031522207
-0.032374828
-0.037828562
-0.042906563
-0.047906775
-0.046078926
-0.045378569
-0.045748753
-0.044384027
-0.042870866
-0.043456228
-0.044797096
-0.041462454
-0.035258158
-0.032208667
-0.026555165
-0.021357912
-0.016375711
-0.0091192685
-0.0011368952
0.011349383
0.021181124
0.027208813
0.032443373
0.034249635
0.033660667
0.036073347
0.046336677
0.053315632
0.047743073
0.050507543
0.054806764
0.052691702
0.053293436
0.053452937
0.053156917
0.052797954
0.054377756
0.056218786
0.054487246
0.053459365
0.05107312
0.048006359
0.047160911
0.04513851
0.042472632
0.035082498
0.030670344
0.029978606
0.026487779
0.020491381
0.014186346
0.0080972925
0.0046131789
0.0007199113
-0.0033210564
-0.0053574809
-0.006268475
-0.0073318885
-0.0071375176
-0.007095256
-0.0072145729
-0.006799223
-0.0073645522
-0.0067567655
-0.0060204797
-0.0055639999
-0.0034636965
-0.0018388707
-0.00012826296
0.0011328217
0.0025852983
0.0032640402
0.0038447485
0.0043890588
0.0049548888
0.0038044837
0.0033185033
0.0027458719
0.0022777017
0.0014325875
0.0016033554
0.0019719301
0.0043853777
0.0052381022
0.0064459414
0.0082810608
0.0052630691
0.0043037513
0.00074702232
0.0010750279
0.0021990164
0.0045964384
0.0034074537
-0.0016599995
-0.0036836878
-0.0066996856
-0.0071281641
-0.0095343778
-0.013892064
-0.014763632
-0.01462492
-0.0118931
-0.0090353643
-0.006262895
-0.0041838175
-0.0034441875
-0.0037325748
-0.0038953462
-0.0049336095
-0.0051144172
-0.0043367568
-0.0051726962
-0.0055179214
-0.006048335
-0.006442845
-0.0078592725
-0.0070054649
-0.0078139392
-0.0085280036
-0.0088188994
-0.006819427
-0.0085916379
-0.017748352
-0.022161792
-0.024788504
-0.02665528
-0.027794812
-0.029966862
-0.034583606
-0.033830157
-0.028645547
-0.027371016
-0.024986383
-0.020930218
-0.021017787
-0.02250419
-0.026560872
-0.028399823
-0.030738144
-0.035571898
-0.035961369
-0.039003986
-0.041699924
-0.043622118
-0.044130326
-0.048127981
-0.051930909
-0.055523529
-0.059416229
-0.057885103
-0.055522311
-0.054501535
-0.054330896
-0.053165473
-0.051497252
-0.046563143
-0.038459872
-0.037009421
-0.033179033
-0.028440642
-0.019520072
-0.010224278
-0.0016366837
0.0045203709
0.013985754
0.01994584
0.02724783
0.034997998
0.03928252
0.047215006
0.052860114
0.054681199
0.055159593
0.05721902
0.059044321
0.057445182
0.060646204
0.063317871
0.064336261
0.065933726
0.065205764
0.06658413
0.063938899
0.063167959
0.057495655
0.053741865
0.049661524
0.043091306
0.038445522
0.033513103
0.027197477
0.023624359
0.016136347
0.010582454
0.002222429
-0.0032673793
-0.0061252178
-0.0070641949
-0.0099183543
-0.0102238
-0.0083254571
-0.011560167
-0.011361894
-0.012184218
-0.010579108
-0.0096314092
-0.0095693302
-0.0079184169
-0.0070280256
-0.0049099453
-0.0028863719
-0.0015653824
-0.00023535232
0.0013971625
0.0017476754
0.0013078689
0.0014898977
0.001941916
0.0020411616
0.0016710532
0.0012145657
0.0012351506
0.00073699827
-2.7886962e-05
-0.00042931848
-0.00040834387
0.00046565475
0.00049870214
0.0016808656
0.00087743207
-0.0014408619
-0.0022185198
-0.0027642324
-0.0032768787
-0.0015338195
-0.0020855132
-0.0036224869
-0.0045237786
-0.0068212949
-0.010155352
-0.010707249
-0.01275016
-0.016265037
-0.018409117
-0.017581923
-0.013759551
-0.0095127068
-0.006477373
-0.0055922633
-0.0046891883
-0.0057013507
-0.0061741822
-0.0063050965
-0.0056372289
-0.0055260548
-0.0060610514
-0.0070656161
-0.0074915119
-0.0073448967
-0.0092000574
-0.0091966003
-0.0079748307
-0.0091964315
-0.0098908002
-0.010862588
-0.01591722
-0.023490284
-0.026569952
-0.027806698
-0.029263747
-0.031180095
-0.039518951
-0.039546531
-0.036413146
-0.0265151
-0.02315101
-0.018654188
-0.020068347
-0.021592386
-0.027673877
-0.03246277
-0.036590234
-0.040541893
-0.040912413
-0.043312916
-0.046420181
-0.046303898
-0.049146114
-0.05117475
-0.051537532
-0.053167058
-0.054628317
-0.059218017
-0.059520138
-0.058714412
-0.057983038
-0.058590954
-0.055957581
-0.048387517
-0.03893287
-0.029295421
-0.019596644
-0.017218886
-0.01927254
-0.019530545
-0.010486004
0.0030498836
0.010748261
0.017819462
0.020611338
0.031118202
0.035174708
0.04303664
0.045733862
0.045455038
0.040050665
0.037102945
0.04615338
0.053167833
0.056227275
0.061648063
0.064345281
0.06085474
0.064903502
0.066413588
0.06621156
0.063261147
0.058935202
0.053942899
0.049262822
0.044380645
0.037470026
0.029693946
0.022800064
0.018633566
0.01316253
0.0060716745
0.0005142536
-0.0044975417
-0.010178787
-0.011536926
-0.013525091
-0.013866513
-0.014455337
-0.014745056
-0.014046993
-0.013290149
-0.011351722
-0.010325043
-0.0087659132
-0.0094058101
-0.0090575964
-0.0086826438
-0.0066516778
-0.0050066482
-0.0025322701
-0.00056741629
0.00026397163
8.5122058e-05
-0.00010426622
-0.0004997955
-9.4214508e-05
-0.00015309453
0.00092586321
0.00049479015
0.00086579901
0.0013561255
0.0011362931
0.00041528405
-0.00052656493
-0.00060915854
0.00029839017
-0.0055042319
-0.0066243628
-0.0049172608
-0.0043616806
-0.0025511935
-0.0015640416
0.00028542142
-0.0010589091
-0.003765589
-0.0066204246
-0.0085261232
-0.0099278102
-0.011695176
-0.013140125
-0.017624807
-0.01967491
-0.021630411
-0.015349117
-0.010174317
-0.0074985183
-0.0078574773
-0.0080360236
-0.0088232684
-0.0083452721
-0.008487329
-0.0074141515
-0.0072938613
-0.0070925408
-0.0078992922
-0.0085126101
-0.0097323724
-0.0090762785
-0.011060378
-0.012052256
-0.013307488
-0.01324102
-0.014461584
-0.020125176
-0.025460637
-0.026315579
-0.028773662
-0.030220921
-0.035052417
-0.04122207
-0.042799597
-0.03979732
-0.026829907
-0.018107646
-0.015480206
-0.017136687
-0.020674809
-0.02585725
-0.032894467
-0.036238151
-0.037266702
-0.038876053
-0.042630364
-0.045578748
-0.048317324
-0.048772224
-0.049970634
-0.050880998
-0.051937509
-0.053234951
-0.052893666
-0.056600748
-0.056782195
-0.055954761
-0.0537403
-0.04807553
-0.035507374
-0.023592787
-0.011719292
-0.0094225695
-0.0073880323
-0.0064667979
-0.00030761232
0.0071154515
0.015227116
0.014896594
0.014733563
0.026343436
0.033451138
0.039355681
0.043674421
0.040131972
0.036978079
0.033387701
0.03379936
0.046260016
0.051340639
0.052882151
0.052474433
0.055039335
0.062770505
0.064065964
0.062684552
0.06044546
0.057850927
0.052473205
0.04705083
0.040022925
0.034149828
0.029693975
0.023726671
0.014064256
0.010445842
0.0050397211
4.4883184e-05
-0.0028757475
-0.0075680983
-0.0087981855
-0.011308417
-0.013709067
-0.012971216
-0.014343246
-0.01290009
-0.012089317
-0.011930255
-0.0096826196
-0.0085487733
-0.0074607326
-0.0087364874
-0.0082396862
-0.0066123223
-0.0053825782
-0.0037195649
-0.0020384435
-0.00053449261
0.00060637057
0.00080356396
0.0005295337
0.00020845021
0.00035732776
0.00024225122
0.00014377617
0.00060555307
0.0010700341
0.0013415801
0.0033478109
0.0033853063
0.0020598648
0.00036589313
-0.0028484458
-0.010074859
-0.0081890432
-0.0043525764
-0.0018936377
-0.001381223
0.00051846985
0.0012551081
0.0022728644
0.00013681358
-0.0070006965
-0.011386045
-0.014788775
-0.015040377
-0.014313383
-0.018195419
-0.020452377
-0.021817393
-0.014509509
-0.011697066
-0.0098639341
-0.0074533051
-0.0076165293
-0.0088020548
-0.0090515284
-0.0094889211
-0.0086378973
-0.0080027876
-0.0082697696
-0.0070307013
-0.0086686762
-0.0093851545
-0.0091219608
-0.010848113
-0.014819194
-0.015585595
-0.014512391
-0.014273704
-0.018748576
-0.018225569
-0.019014242
-0.021746996
-0.024692252
-0.029949305
-0.03639412
-0.042050048
-0.038312636
-0.024275958
-0.016042641
-0.012298763
-0.013286323
-0.014510287
-0.018022203
-0.021533802
-0.024598948
-0.028099544
-0.031189413
-0.032533543
-0.037137662
-0.040957293
-0.045807118
-0.048140009
-0.052558183
-0.053220036
-0.056927023
-0.056721217
-0.055385449
-0.055224395
-0.052085872
-0.044926969
-0.035172015
-0.022091269
-0.014810222
-0.010285152
-0.0071487444
-0.0050665384
-0.0039394085
-0.0015587235
0.0065833206
0.0056770735
0.0099909734
0.01697816
0.017246154
0.020953883
0.025007959
0.025594758
0.02045123
0.022664838
0.029270326
0.03709582
0.04290183
0.04815105
0.050954086
0.049849362
0.053150409
0.05380533
0.054322573
0.050377349
0.049437745
0.043494468
0.040284697
0.036409855
0.030653141
0.025838252
0.021748795
0.01381666
0.0094552443
0.0058244879
0.0015604206
-0.00031667976
-0.002603251
-0.0039989732
-0.0061255654
-0.0073859799
-0.0089239011
-0.009211673
-0.0089237862
-0.0087472359
-0.007859877
-0.0074499404
-0.0076533307
-0.0062190361
-0.0057636386
-0.0053280933
-0.0044381365
-0.0041509615
-0.0026517168
-0.001916447
-0.0017278456
-0.0021931388
-0.0023032432
-0.0014085806
-0.0005886431
-0.0010346004
-0.00049785836
7.7205376e-05
0.00069094818
0.00091860724
0.0016769191
0.00097783122
0.00097968704
0.0013391407
0.0019015329
0.0016099936
-0.0064495698
-0.010024653
-0.0025098584
-0.00055519174
0.0022693242
0.0018526725
0.0033260006
0.0053422941
0.0046932908
0.0012707089
-0.0052682353
-0.0094637301
-0.011428036
-0.013156407
-0.01441855
-0.019960532
-0.021064443
-0.015271608
-0.010698575
-0.0084063042
-0.0073464244
-0.0075709547
-0.0057841834
-0.0070800818
-0.007001428
-0.0077667421
-0.007334151
-0.0067191985
-0.0067124902
-0.0066574862
-0.0081673903
-0.0092168581
-0.01072486
-0.012145619
-0.016078233
-0.015448928
-0.011794614
-0.012188427
-0.013125601
-0.014767491
-0.014498435
-0.016939445
-0.021805818
-0.02811981
-0.033047168
-0.035785473
-0.034256854
-0.022649539
-0.016368375
-0.014533794
-0.013566868
-0.012498891
-0.011766991
-0.013041003
-0.015762479
-0.01935376
-0.024322754
-0.027663755
-0.032752575
-0.037322956
-0.042158895
-0.047293044
-0.050216507
-0.054366794
-0.056934062
-0.058520872
-0.05910579
-0.058518736
-0.054861825
-0.046342658
-0.036492143
-0.029302753
-0.025707339
-0.024299542
-0.015798017
-0.013471711
-0.0094831663
-0.010308309
0.00035604845
0.0012797343
0.0030946938
0.0048388698
0.0074806099
0.011474215
0.01309578
0.018132015
0.021837464
0.027602296
0.029937611
0.033827547
0.037164842
0.040154061
0.041915947
0.041287663
0.041920732
0.043150353
0.042493318
0.04091231
0.037410461
0.033610892
0.031306814
0.028529422
0.025271026
0.021856729
0.017609612
0.014860989
0.010893564
0.0086317257
0.0037562464
0.0036739704
0.0012308053
0.00086109398
-0.0004711111
-0.0010187445
-0.0022261364
-0.003495673
-0.0031013486
-0.0037342507
-0.0032131825
-0.0020339372
-0.0017080099
-0.0017932377
-0.00083514916
-0.00026922208
-0.0010193187
-0.00069108237
0.00062791902
0.00106331
0.00033748878
4.5350822e-05
0.00010572461
-0.00023152141
-0.00066428786
-0.00047879648
-0.0005396251
-0.00050213175
-0.00079542606
-0.00031980712
2.5874002e-05
-0.00063539796
-0.0011929337
-0.00084335283
0.0013774541
0.0029530422
-0.0031317924
-0.0063228787
-0.0021698816
0.0024812689
0.0046009267
0.0044910694
0.003763446
0.0024569397
0.00065228353
0.00068072388
-0.0030978657
-0.0068063861
-0.0084648673
-0.010118769
-0.011903626
-0.011461423
-0.0093329662
-0.0052769851
-0.0034571628
-0.0026181896
-0.0032948693
-0.0047591816
-0.0034911827
-0.0035090619
-0.0047146939
-0.0055830237
-0.0062607536
-0.0053452877
-0.005727952
-0.007194538
-0.0088755499
-0.010981772
-0.011836259
-0.010970916
-0.013828609
-0.014643267
-0.010277221
-0.012199725
-0.012174575
-0.01327264
-0.015800747
-0.015936768
-0.020674637
-0.027066859
-0.032872936
-0.036396578
-0.033584344
-0.024130584
-0.018200906
-0.017171345
-0.015618894
-0.013330054
-0.012614562
-0.013010844
-0.015695685
-0.018539986
-0.023858411
-0.028633828
-0.03147712
-0.035964311
-0.038846425
-0.042274941
-0.045743819
-0.049617482
-0.050129405
-0.056215088
-0.057294581
-0.058331928
-0.054425347
-0.046969142
-0.037775255
-0.033056988
-0.032215347
-0.023370034
-0.019833026
-0.016527111
-0.010588227
-0.010223812
-3.7224692e-05
-0.00028436922
-0.0033967832
-0.0021168607
0.0016131948
0.0040615063
0.0095312047
0.013967504
0.015090393
0.018445615
0.019404888
0.022963915
0.026070458
0.029214432
0.030043413
0.029775465
0.029044616
0.0318871
0.030601819
0.028917887
0.026398492
0.029159412
0.027224968
0.025739985
0.025859071
0.021682559
0.02044167
0.016980572
0.011925038
0.0091358054
0.007650013
0.0063206201
0.0055892919
0.0051467439
0.0037270058
0.0016100762
0.0014036096
0.00024077539
0.00080582534
0.00094004733
0.00044631442
0.0013343557
0.0014399438
0.0011240527
0.0013972144
0.0012923788
0.00088033436
0.0016107304
0.0021986942
0.0020823084
0.00057317154
0.0020709591
0.0021085433
0.0021318223
0.00097716353
0.00041785142
0.00085141987
0.0015094937
0.0016388002
0.0018463231
0.00051309355
0.00025748064
0.0005103595
0.0015894465
0.0030813236
0.0035826554
0.0010287033
-0.00069671604
-0.00084010856
0.0052779525
0.0070628292
0.0082772615
0.0074909546
0.0020758145
0.00066091493
0.001526102
0.00065484094
-0.0013269295
-0.0021074828
-0.003296167
-0.0038302102
-0.00074340347
0.00073260874
0.0035643238
0.0050802915
0.0036584168
0.0012146817
0.0026911655
0.0031741171
0.0023195711
0.0011756341
0.00026081676
-0.0016371191
-0.0038179716
-0.001699753
-0.0049567097
-0.0079278344
-0.011123878
-0.0071290495
-0.0092172026
-0.012563905
-0.014018958
-0.012412349
-0.012923429
-0.013989194
-0.016530124
-0.017173271
-0.019151447
-0.022884962
-0.025868067
-0.032324061
-0.036420532
-0.036296205
-0.029838305
-0.024284557
-0.021903483
-0.020092448
-0.017389526
-0.015951435
-0.01568283
-0.016503453
-0.017369221
-0.021246741
-0.025875795
-0.030191749
-0.034264369
-0.037516255
-0.039986291
-0.041917804
-0.044291379
-0.047097207
-0.04709702
-0.050863108
-0.051137978
-0.047139718
-0.041597932
-0.036374164
-0.032092306
-0.02670307
-0.022317664
-0.020518059
-0.012887496
-0.0065325843
-0.00056645327
0.0034113479
0.0015522377
0.0010532811
0.0019385797
0.004977454
0.0086295661
0.011273085
0.012980855
0.014465925
0.016109538
0.016445598
0.015820079
0.018309906
0.018980527
0.018559902
0.018401177
0.021690397
0.023210703
0.023705827
0.021376612
0.022485449
0.022578649
0.020838462
0.020230075
0.018595325
0.01695892
0.01484014
0.01280073
0.0081419454
0.0055611785
0.0044624611
0.0021952545
0.0028129383
0.0025623659
0.0015997578
0.0003359987
-0.00016789657
-0.0011429032
0.00079894123
0.0016974607
0.0023487106
0.0029185131
0.0024441949
0.0025958988
0.002642309
0.0035904955
0.0042112931
0.0047967035
0.0054937579
0.0046982778
0.0030994081
0.0043367558
0.0057919977
0.0046247481
0.0052651752
0.00577472
0.0042337363
0.0034758961
0.0045422787
0.0053747295
0.0055601131
0.0061382077
0.0064012911
0.0071536449
0.0061560797
0.0040351877
0.0026848876
0.0055971094
0.0064893304
0.0062512061
0.007806958
0.008661355
0.0099527247
0.0061513957
0.0026681061
0.0024943029
0.0036001454
0.0030717859
0.0027093924
0.002582187
0.0031607608
0.00473876
0.0066051002
0.0078206992
0.007046262
0.0075481494
0.0082614838
0.0071133842
0.0069153892
0.0068935356
0.005993239
0.0046382117
0.0012216851
-0.0017525676
-0.002411587
-0.0029757402
-0.0048793802
-0.0060876095
-0.0068248272
-0.0096781974
-0.0097635791
-0.0097531569
-0.012435258
-0.012817808
-0.014312531
-0.016103144
-0.015259683
-0.017012436
-0.018888625
-0.020028382
-0.021239058
-0.023695111
-0.025686961
-0.025613456
-0.024210688
-0.023541807
-0.021490459
-0.0194343
-0.017513475
-0.01688362
-0.017022871
-0.01780487
-0.018981433
-0.021490906
-0.024014129
-0.027170498
-0.030843172
-0.034141829
-0.035986484
-0.034847335
-0.035634033
-0.036075022
-0.038967573
-0.039044792
-0.036210146
-0.031699374
-0.0269308
-0.020483142
-0.014669018
-0.012627723
-0.0095103639
-0.0050017703
0.0049016005
0.0083189232
0.0076131094
0.010531938
0.0095232347
0.011129043
0.012981491
0.016679466
0.016729948
0.016198207
0.01893765
0.020296923
0.020822536
0.020954048
0.020861593
0.020978459
0.020804255
0.019876985
0.018559947
0.018254301
0.019204082
0.018336667
0.018220078
0.016725295
0.014357053
0.013115914
0.0098640746
0.0065383427
0.0013202395
-0.0018784783
-0.004750355
-0.0076020567
-0.0062930228
-0.0058291281
-0.0038001338
-0.0044442465
-0.0052982758
-0.0048343623
-0.0035365849
-0.00062536707
-0.00045956256
-0.00034310331
0.0014936894
0.0054819527
0.0053837307
0.0071674211
0.0075767369
0.0094735263
0.0098747789
0.010068608
0.010924594
0.01199252
0.011857702
0.012537565
0.013331101
0.011444936
0.010545706
0.0095926362
0.0099571957
0.0078759199
0.0083453172
0.00856349
0.0088178283
0.0091605188
0.0089691847
0.0073544051
0.0059505155
0.0041509427
0.0037857865
0.005857047
0.011858826
0.011655228
0.01040731
0.010013465
0.0088485395
0.0067356092
0.0057228293
0.0055692938
0.0052303973
0.0041047144
0.0043999527
0.0055668364
0.0057572121
0.007634802
0.0090454483
0.0093301225
0.0097143362
0.010281659
0.011137739
0.010600768
0.009496849
0.0083386127
0.006983337
0.0046681962
0.0016096384
-0.0011906055
-0.0036162173
-0.0037817465
-0.0055662633
-0.0056659383
-0.004730177
-0.0052828389
-0.0047003273
-0.005586524
-0.0059480456
-0.0071550763
-0.010126915
-0.011775939
-0.011739019
-0.011581457
-0.010718292
-0.011680816
-0.011524845
-0.01192948
-0.012048169
-0.015049146
-0.019214113
-0.020299897
-0.019480696
-0.017032077
-0.014644446
-0.014758778
-0.013473324
-0.014664174
-0.01549516
-0.016865571
-0.018355961
-0.019759417
-0.022064472
-0.023989576
-0.024566313
-0.023869097
-0.024142162
-0.025278934
-0.024936251
-0.023842623
-0.022189595
-0.018447724
-0.013288124
-0.0076299419
-0.0060926684
-0.0053520632
-0.0028978274
0.0018756994
0.0097779587
0.015004769
0.013587006
0.013932478
0.014030162
0.015804368
0.018288792
0.021251193
0.021719954
0.020386946
0.020023257
0.020392596
0.02349922
0.02370268
0.024465407
0.025135447
0.021990522
0.020673301
0.020535589
0.017951389
0.018690128
0.017147185
0.016133799
0.012438168
0.0084455177
0.0060232931
0.002235619
-0.0016966452
-0.0042838625
-0.005829359
-0.0091615194
-0.010341652
-0.010089962
-0.0090786616
-0.0061703905
-0.0055563868
-0.0051118358
-0.0025467005
-0.00096879408
0.00037153617
0.0012954832
0.0024016164
0.0053288255
0.007501576
0.0083183444
0.0092927342
0.011083734
0.011129306
0.011221082
0.010238745
0.010948273
0.011991633
0.013575246
0.016251124
0.017361688
0.017487547
0.013818302
0.011664855
0.01019363
0.0073803044
0.0071156173
0.0083345539
0.007663006
0.0074809071
0.0074373833
0.0079757271
0.0061252605
0.0083818734
0.0096428996
0.010690342
0.010022045
0.01055598
0.01121626
0.0095317739
0.009102871
0.0079256063
0.0081818268
0.0080817337
0.0089755979
0.0085212206
0.0084290045
0.0088636155
0.0098731323
0.010112075
0.012040366
0.013586725
0.015323157
0.016822998
0.016243395
0.017157815
0.017819616
0.01587407
0.012731965
0.0093048992
0.0077602505
0.0060215995
0.00053416119
-0.00046763018
-0.0024572156
-0.003120951
0.00051091465
-0.001234822
-0.0018874882
-0.0014952121
-0.00036418773
-0.0024915038
-0.0029517317
-0.0037922305
-0.004181963
-0.0052192578
-0.0055505489
-0.0039591887
-0.0029807066
-0.0030077413
-0.003827626
-0.0032010803
-0.010250271
-0.01289969
-0.011483449
-0.010703501
-0.010334123
-0.0093724003
-0.0091444263
-0.0090630885
-0.0098115579
-0.01050347
-0.011943308
-0.012549647
-0.013668827
-0.013742324
-0.014862019
-0.015956178
-0.016172064
-0.015125491
-0.01484082
-0.011590978
-0.011073259
-0.0078919177
-0.0055781087
-0.0023897198
-0.001140762
0.00033904024
0.0032164624
0.0058252906
0.011597402
0.013248107
0.013988432
0.013601626
0.014429876
0.017707878
0.020182124
0.020564532
0.02138124
0.021061549
0.018537299
0.019297463
0.021759053
0.022976499
0.021992223
0.021155929
0.01948601
0.018377133
0.017032916
0.014269355
0.013797967
0.012513589
0.010364563
0.0073312839
0.0038646478
-3.2082351e-05
-0.0032412278
-0.0060530308
-0.0073681081
-0.0092721143
-0.01032663
-0.010123702
-0.0098896474
-0.01056761
-0.008223863
-0.0072582411
-0.0064915775
-0.0053009814
-0.0020406081
-0.00045900103
0.0010159991
0.003433178
0.0062532708
0.0087647654
0.011084452
0.0117645
0.012112536
0.012446769
0.013422033
0.013093876
0.014293758
0.015309867
0.016504145
0.017730561
0.018750597
0.018757137
0.015557757
0.013423656
0.0092517426
0.0065084325
0.0064809745
0.0069253158
0.0071482034
0.0067979907
0.0073173418
0.0063653425
0.0073183516
0.0091187657
0.0097367717
0.0097573584
0.0098029699
0.01000243
0.010144772
0.0095718539
0.0086145798
0.0082809776
0.0086653593
0.0095840623
0.010410806
0.010386975
0.009234231
0.0092390377
0.01049049
0.011735584
0.013968827
0.015846095
0.018034843
0.020268587
0.022073613
0.023678684
0.024667402
0.024065656
0.021965187
0.018785964
0.017183347
0.014599355
0.010964703
0.0071612197
0.0039498555
0.0025140714
0.0047912018
0.0023799659
0.0018451123
0.00069266697
0.00058419887
0.00062380394
0.001915184
0.0025299682
0.0014047765
0.0023960782
0.0013468411
0.0022070541
0.0028825888
0.0029350689
0.0015400593
0.002093695
-0.002416524
-0.002810757
-0.0047070035
-0.0043141349
-0.0048446697
-0.0048107075
-0.005463234
-0.0055505692
-0.0049509531
-0.0048061333
-0.0052451728
-0.0058141234
-0.0066397954
-0.0067010681
-0.00703481
-0.0092493369
-0.0094021599
-0.0091372748
-0.0079252763
-0.00663857
-0.0051226094
-0.0036669383
-0.0016259033
0.00023273948
0.0025477921
0.0023489048
0.0053282152
0.0078050697
0.0091485372
0.010466512
0.010963445
0.012186718
0.013533431
0.015147058
0.015687652
0.016799466
0.017251997
0.017870745
0.016035724
0.015573452
0.016625122
0.016265075
0.016025133
0.014684108
0.012894513
0.011191389
0.010831731
0.0085932706
0.0067771643
0.0049256432
0.0025906856
1.7418769e-05
-0.0021193667
-0.004799019
-0.0067472432
-0.0081964713
-0.0095182259
-0.010729119
-0.011796348
-0.012182164
-0.012187127
-0.012949772
-0.011676763
-0.0099727418
-0.0074928334
-0.0064005727
-0.0042237428
-0.0021566558
-0.00094724277
0.0025392741
0.005806452
0.0087594661
0.010731877
0.012683591
0.013780252
0.014060225
0.013678013
0.014180268
0.015168205
0.015542539
0.016651551
0.018594224
0.018838296
0.017476957
0.015528405
0.012795283
0.011045826
0.0078604543
0.0058273974
0.0051700653
0.006152767
0.0053315792
0.0071277295
0.0083563076
0.0090790812
0.0090798221
0.0094713554
0.0098943357
0.0085791464
0.0090985736
0.0086555893
0.009247012
0.0093229174
0.0079312165
0.0083951052
0.0092467073
0.0094370434
0.0092241829
0.0093137903
0.008934563
0.0087220874
0.0088666801
0.0094999889
0.011701384
0.013950527
0.01765357
0.021044605
0.024255725
0.02669178
0.028040632
0.027909714
0.027448374
0.025305279
0.021907496
0.019150644
0.013766398
0.011078307
0.007681185
0.010649134
0.0082686764
0.0076468916
0.0054364332
0.0035094571
0.0036050506
0.0046649412
0.005343031
0.0059197151
0.0054392575
0.0053701188
0.0051612262
0.005371386
0.0055921723
0.0041461966
0.0044419945
0.0047574047
0.0026793463
0.0013471602
-7.2746411e-05
-0.0014257731
-0.0012995956
-0.0023512053
-0.0027259639
-0.0027200311
-0.0016512891
-0.0019574356
-0.0021078911
-0.0024100616
-0.0022732113
-0.0036282713
-0.0054275315
-0.0071250671
-0.0071785237
-0.0068004925
-0.0058965829
-0.0045460651
-0.0039354227
-0.0019182257
-0.00081002632
0.00060384834
0.00082684419
0.0030843143
0.0054119233
0.004034274
0.0051621858
0.0063537115
0.0074052074
0.0096474526
0.01003632
0.0092393868
0.010599551
0.01059454
0.010648791
0.010488046
0.01050672
0.01036843
0.0093459577
0.0087921076
0.0077876794
0.0058493545
0.0039206958
0.0027902369
0.0016809422
0.00038160658
-0.00058717645
-0.0018604244
-0.0041135931
-0.0056405302
-0.0073830524
-0.008344545
-0.0092257502
-0.010763217
-0.012028155
-0.012755428
-0.012693292
-0.011690361
-0.012585019
-0.012421553
-0.009801924
-0.0075340026
-0.005447112
-0.0044762459
-0.0022179689
-0.00028044424
0.0011670904
0.0039611906
0.0066099947
0.0080435357
0.0091965257
0.010525817
0.011949219
0.01175988
0.011738506
0.011738395
0.012148275
0.014330296
0.016140855
0.016639404
0.01647072
0.014914087
0.013170867
0.011492807
0.0089549061
0.006816761
0.0049053744
0.0061715021
0.0063497435
0.0075187846
0.0090630023
0.0094324579
0.0097143192
0.0091671537
0.0087104256
0.0089001969
0.0073736215
0.0073594175
0.0070757148
0.0066484393
0.007089762
0.0063426321
0.0062434015
0.0068409088
0.0067928896
0.0068708508
0.0062995055
0.0062405391
0.0069473389
0.0071687486
0.0082908837
0.010120484
0.0124538
0.015231926
0.018374586
0.022152041
0.025692113
0.027587789
0.02780342
0.029014577
0.027879
0.024854126
0.021228297
0.017429837
0.014562583
0.015056123
0.012418841
0.011191181
0.010270915
0.0095439285
0.0084331257
0.0079718955
0.0084905625
0.0079738467
0.0090363803
0.0083779966
0.0092957776
0.0094026699
0.0087287716
0.0072989542
0.0076647715
0.0084214219
0.0055257759
0.0038404932
0.0023237643
0.0013480646
-0.00078515691
-0.0023928409
-0.00240714
-0.0031592936
-0.0029096046
-0.0026588156
-0.0023434072
-0.0017156083
-0.0014697865
-0.0024181409
-0.0037097648
-0.0060613558
-0.0065042864
-0.0078962932
-0.007754301
-0.0067417735
-0.0058888139
-0.0044615905
-0.0040320888
-0.0032199718
-0.0026164792
-0.0029303948
-0.0026553623
-0.0012614881
-0.0011354775
0.00089098883
0.0017152317
0.0037936632
0.0039789281
0.0028410694
0.0033463345
0.0043020369
0.0051348757
0.0048065882
0.0050582493
0.0058764343
0.0048881649
0.0039908554
0.0030096943
0.0018246524
0.0014042655
0.00034222659
-0.0014862036
-0.0028664386
-0.0030254166
-0.0036244887
-0.0049447713
-0.0068096343
-0.0074440234
-0.0079749759
-0.0090809163
-0.0096620041
-0.01077442
-0.011357642
-0.011963762
-0.011716127
-0.011935838
-0.010503518
-0.0095026232
-0.0070700813
-0.004060803
-0.0027500988
-0.0012280875
0.00073116419
0.00071814805
0.0029404815
0.0036922051
0.0037626853
0.0053866042
0.007825507
0.0081129291
0.0081261999
0.0088330924
0.0086526186
0.0095034168
0.010148084
0.011926
0.012260508
0.012997361
0.012300502
0.012914675
0.0088863257
0.0069066379
0.0065954481
0.0043736813
0.0047017898
0.0050176354
0.0062591431
0.0064255959
0.0053624702
0.0061834676
0.0066217949
0.0062279738
0.0056307825
0.0050978909
0.0053476878
0.0053015125
0.004787954
0.0050228007
0.0047866415
0.0040639183
0.0042244788
0.0049126332
0.0050258256
0.0046870078
0.0039637713
0.0049975443
0.0058893489
0.0068278429
0.0078275336
0.0091387339
0.011003217
0.012566376
0.015381426
0.018518457
0.021187151
0.022862909
0.024422822
0.024100651
0.022852032
0.02200338
0.020754061
0.017714995
