0.002405268
0.0018704645
0.0019091578
0.0011137328
0.0010569414
-0.00012064403
0.0014523901
0.0014101322
0.0003777014
-0.00027515208
0.00096041766
0.00053553062
-0.00066182561
-0.00058035876
0.00070715193
0.0015882482
0.0033028832
0.0040764114
0.0035385414
0.0029669164
0.0026254478
-0.00015764247
-0.0014389357
-0.0010679027
-0.0026415858
-0.0035839531
-0.0053895757
-0.0060615864
-0.0041543564
-0.0045657473
-0.0057688673
-0.0058071257
-0.007240237
-0.00788154
-0.0091275386
-0.0083801171
-0.0078892292
-0.0095308213
-0.010095863
-0.0097029544
-0.011098904
-0.01313488
-0.012844967
-0.012952749
-0.015011917
-0.01557891
-0.016659872
-0.016071688
-0.014686926
-0.012246166
-0.0091830758
-0.0086796449
-0.0060578449
-0.0036457257
-0.0026399829
-0.0024199699
-0.0017970001
-0.0014066198
-0.0033964895
-0.0050854075
-0.0039111972
-0.0012610213
-0.0024192133
-0.005474513
-0.0085383703
-0.0083984802
-0.0084857127
-0.0062550133
-0.0046934271
-0.0032079439
-0.0023958817
-0.0025071678
0.0015089417
0.0034653888
0.0040785506
0.0048614747
0.0072658027
0.010090701
0.011620297
0.011060181
0.010553477
0.009217401
0.0065199695
0.0044777179
0.0052101759
0.0037718708
0.0036083929
0.0044679153
0.0070560503
0.007628489
0.0067376647
0.0051849223
0.0040457022
0.0038115453
0.0027557176
0.0030133312
0.0033965527
0.0033822958
0.0019635712
0.0036072402
0.003659388
0.0036551935
0.0026695092
0.0028939215
0.0036381973
0.0041633406
0.0035909934
0.0029349562
0.0026055787
0.0029458866
0.0029602156
0.0029672319
0.0040605496
0.0058006472
0.0056605132
0.0064731012
0.0083204655
0.0081587433
0.011105091
0.012495073
0.011810636
0.012239471
0.012423072
0.013497379
0.0095053435
0.0085207353
0.0094132583
0.0092667838
0.0089993693
0.0072343201
0.0054234136
0.0028042511
0.0023877797
0.0017024787
0.00034880741
0.00034031357
-0.00048020421
0.00075929278
0.0014491084
0.0012915696
0.0019928254
0.0021701196
0.0026372272
0.0027338348
0.0022222061
0.001647097
0.0013142121
-2.0087583e-05
-0.00092640954
-0.0020706046
-0.0022255476
-0.0023759814
-0.0023822012
-0.0013301208
-0.00077522595
-0.00067158408
-0.0015691122
-0.002113289
-0.0013256165
0.0012898979
0.0023392651
0.0024658601
0.0022288131
0.0015280754
0.00080336163
0.00014984191
-0.001648517
-0.0018786502
-0.0022993746
-0.0056588453
-0.0069375866
-0.0068814893
-0.0070816411
-0.0064800722
-0.0075697221
-0.0087515002
-0.0097004403
-0.011521733
-0.011988674
-0.011367376
-0.012425807
-0.012980566
-0.013738001
-0.011996108
-0.011020479
-0.010539993
-0.010119886
-0.0092460532
-0.0094976612
-0.0082307538
-0.0093604044
-0.0086932349
-0.0064290423
-0.0029624327
-0.0020198495
7.0472436e-05
0.0013066892
0.0036179328
0.003695098
0.0035704895
0.0053992033
0.0055907829
0.0050278116
0.0041475961
0.0058796054
0.0054503408
0.0046589171
0.0023497155
0.00011977698
-0.0012562734
-0.00034156651
-5.2641187e-05
0.0020136147
0.0033851525
0.0050303149
0.0067889817
0.0077187359
0.0052795629
0.0052796741
0.0065045153
0.0084285432
0.0079331179
0.0074856022
0.0071748163
0.0064851185
0.003631889
0.001928414
0.00033959905
0.0001084558
0.0017368215
0.0050954924
0.0053767261
0.0066508862
0.0073935385
0.0071067269
0.003690877
0.0024537676
0.0014489804
0.0023456721
0.0031595934
0.0029557354
0.0032422802
0.0035101284
0.0034815273
0.0022554442
0.0021040501
0.001605304
0.0020122733
0.0022241841
0.0026827947
0.0020628284
0.0025917485
0.0019921272
0.0023858506
0.0026324517
0.0035428427
0.004564027
0.0057272089
0.0052252552
0.005583878
0.0067171575
0.0097957511
0.012607431
0.013904256
0.012077337
0.01274485
0.010540081
0.010797376
0.0093653284
0.0083525049
0.0075808703
0.006463612
0.006240669
0.005038551
0.0027166908
0.0016264747
0.0020504848
0.00042968758
0.00057796203
-0.00063375798
-8.957087e-05
0.00054473652
0.0013840247
0.0013546862
0.0016922251
0.0019395566
0.0019841396
0.0018599045
0.0023025909
0.0018331199
0.0014517519
-0.00019206707
-0.0013325933
-0.0041075727
-0.0059211597
-0.0059315129
-0.0055570473
-0.0040367309
-0.0037040257
-0.0043512918
-0.003183995
-0.0019995742
-0.0014560533
-0.0013821459
-0.0010357256
-0.001262112
-0.00025567428
-0.00084202878
-0.0029708369
-0.0043148255
-0.0050909653
-0.0041701504
-0.0049561884
-0.01086409
-0.014208716
-0.014281029
-0.012154257
-0.01100689
-0.013432141
-0.014169376
-0.015911558
-0.016829266
-0.017698874
-0.019395357
-0.01964885
-0.017778955
-0.015892854
-0.012732446
-0.0090293115
-0.0081844685
-0.007220337
-0.006063974
-0.0045589137
-0.0031864335
-0.0019931183
-0.0012316013
-0.00027325077
0.0020286542
0.0050901389
0.0069480381
0.0085278728
0.0084856373
0.0083257576
0.0090068092
0.0098976101
0.011863794
0.012970105
0.015096721
0.015991472
0.016439762
0.014886841
0.012760691
0.011808754
0.010298311
0.012379349
0.011551691
0.013241247
0.012413536
0.01198342
0.012022016
0.012711773
0.010523904
0.0082143277
0.006624717
0.0045325423
0.0026985128
0.0015599728
-0.00081901603
-0.00042639287
-0.00119715
-0.0020489024
-0.0025536642
-0.0013026717
0.0023310568
0.0041593985
0.0054638348
0.0065459836
0.006627007
0.0053513801
0.003699175
0.0010828448
0.0011843361
0.00091198603
0.0024045024
0.0025499552
0.0031428779
0.0034698013
0.0028815402
0.0022227511
0.0018148547
0.0020137422
0.0015513628
0.0013642269
0.0024611706
0.0023642229
0.0025767211
0.0023977352
0.0032028417
0.0033058184
0.0042113872
0.0040139057
0.0043198599
0.0030731825
0.0056181108
0.0099157105
0.0094321687
0.011531036
0.0077192667
0.0089272761
0.011169977
0.0090044702
0.0079355031
0.0062833088
0.0045629796
0.0028518572
0.0021116726
0.0015717683
0.0025168803
-0.0015539856
-0.0023081282
-0.0016991813
-0.00062817769
-0.00012727681
-9.6527538e-05
0.00066591785
0.0017378669
0.002094334
0.0025426013
0.0019055056
0.002244691
0.0015847135
0.0022499032
0.0012912463
0.0014093416
0.00057172771
-0.00046677091
-0.0031541877
-0.0035826569
-0.00390361
-0.0070289831
-0.0086869535
-0.0072347966
-0.0055504568
-0.0070826122
-0.0072413523
-0.0058939388
-0.0058123172
-0.0033900447
-0.0034695977
-0.0060876913
-0.0066229745
-0.0092721281
-0.0090365584
-0.010666788
-0.010188719
-0.011846456
-0.014854798
-0.01760794
-0.021153989
-0.022432932
-0.018950573
-0.021270884
-0.023548206
-0.025848722
-0.028034939
-0.029400965
-0.031178628
-0.032313265
-0.028474334
-0.024056546
-0.021128444
-0.018660776
-0.012675316
-0.0071289247
-0.0082871713
-0.0061814543
-0.0045367487
-0.0016935444
-0.00053361141
-3.8967569e-06
0.0019658399
0.0056072267
0.0072113545
0.007702331
0.0089884434
0.010361794
0.010883128
0.011942967
0.014534115
0.019771741
0.025269085
0.028193957
0.028325971
0.028268997
0.028261562
0.026259521
0.023838561
0.022315402
0.025163226
0.023155034
0.022256701
0.01878616
0.01606756
0.016577479
0.012877579
0.010203747
0.00785478
0.0056837184
0.0035403306
-0.0018601346
-0.0032827937
-0.0026509029
-0.0028851558
-0.0043380594
-0.0030476192
-0.0029981813
-0.0014762063
-0.00039791514
0.00091024998
0.0021046841
0.0011721724
0.0014916583
0.0012278001
0.0011389582
0.00022949929
0.00058451757
0.00070411029
0.0023171458
0.0021344462
0.0022613702
0.0022082209
0.0014329534
0.00064320602
0.00074965174
0.0010879341
0.0019788113
0.0015413225
0.0016674614
0.0022595173
0.0020102722
0.0021181521
0.0022903648
0.0022840093
0.0033810076
0.0042720713
0.0040284467
0.0033479564
0.0040457455
0.0045691961
0.0023762732
0.0020052947
0.004262689
0.0071095219
0.0091052792
0.0072957168
0.0043389723
0.0021947596
0.00049636048
-0.001693612
-0.0048141148
-0.0060760865
-0.0059698461
-0.0070059846
-0.0044941535
-0.0018575149
-0.0003228055
4.6706263e-05
0.00019602143
0.00088987501
0.0019471792
0.0023565908
0.0030196743
0.0020562495
0.0023300325
0.0015419196
0.0019631294
0.00049612276
0.0002374863
-0.0006134885
-0.00093410606
-0.0036295945
-0.0032952874
-0.0023317998
-0.0072764071
-0.0075850228
-0.010230845
-0.012414752
-0.013007608
-0.012630419
-0.011503083
-0.0084169078
-0.0049209442
-0.0044715436
-0.008154952
-0.011388632
-0.01444656
-0.016243603
-0.016641141
-0.018390243
-0.022140962
-0.025479324
-0.027596401
-0.033220069
-0.037016208
-0.036288499
-0.034746965
-0.037683115
-0.041655444
-0.04164798
-0.043015369
-0.043448044
-0.044335364
-0.040606453
-0.036037829
-0.033269302
-0.028893164
-0.020273633
-0.014971796
-0.011621589
-0.011457595
-0.010514171
-0.0092318566
-0.0073530162
-0.0053712885
-0.0018877194
0.0027352513
0.00362368
0.0038955206
0.003604357
0.0047500677
0.0095210054
0.012028814
0.016946321
0.023910995
0.028128055
0.033278896
0.032291189
0.033815383
0.034535828
0.034034239
0.035959337
0.033364339
0.034631888
0.031375569
0.02971621
0.026896893
0.024704113
0.0205312
0.014423021
0.011603595
0.0042852294
0.0016301006
-0.002275662
-0.0037847521
-0.0030357835
-0.0030883778
-0.0038806325
-0.0048186533
-0.0025248538
-0.0052393954
-0.0055503504
-0.0039434239
-0.003410628
-0.0015582773
-0.0038446904
-0.003169751
-0.00092595963
-0.0019628919
-0.0014855886
-0.0011184985
-0.00053491909
0.0007107874
0.0013272691
0.0016218407
0.0017039039
0.0014282686
-0.00019742289
-0.00054610091
-0.00010150517
0.0010154442
0.00021340325
0.0013399844
0.002048372
0.0019254008
0.0019396719
0.0024028444
0.0038236706
0.0050421403
0.0052630904
0.0047241471
-0.00065633666
-0.0019157364
-0.00090582407
0.0015208717
0.0010877229
0.0036522371
0.0050367192
0.004600391
0.0032964748
0.0011558429
-0.0024480261
-0.0045277486
-0.0061083401
-0.0091033776
-0.010303489
-0.010447208
-0.0086138194
-0.0059155542
-0.0038136628
-0.0023521085
-0.00098215299
-0.00067452103
-0.00036618718
0.00080271397
0.0015622775
0.0029999098
0.0024179678
0.0015362422
0.0012580304
0.00095031002
-0.0010773674
-0.00058309876
-0.00066426125
-0.0018462139
-0.0043624792
-0.0016157697
-0.0018768081
-0.0057478927
-0.0088948887
-0.014799977
-0.018771028
-0.018692952
-0.022768232
-0.01889652
-0.013713569
-0.0063998799
-0.0060581225
-0.011988023
-0.014706554
-0.018936732
-0.022723647
-0.02445357
-0.029684263
-0.033022747
-0.036041333
-0.038723338
-0.041913681
-0.045342823
-0.047037391
-0.047246515
-0.048729046
-0.050725629
-0.05327165
-0.054922799
-0.05326327
-0.056086339
-0.056275108
-0.052641262
-0.048857674
-0.039527162
-0.032499998
-0.029017382
-0.025808454
-0.022707828
-0.023190702
-0.024022193
-0.021258553
-0.016260429
-0.013813367
-0.010102405
-0.0078357419
-0.0083299372
-0.0055855346
-0.0033661323
-0.0010401359
0.0033911706
0.0084358107
0.0092727211
0.018755299
0.024260714
0.024783528
0.032397564
0.036167374
0.036017431
0.037119633
0.034829571
0.035557074
0.034176222
0.032661501
0.029186153
0.026712938
0.0226029
0.015897351
0.0099572069
0.0054620358
0.0014478328
-0.0028756389
-0.002630265
-0.0028629545
-0.0045514558
-0.0046889192
-0.004253663
-0.0047851422
-0.0055085946
-0.0059416465
-0.006623121
-0.0049595787
-0.0039052348
-0.0026774247
-0.0021824086
-0.0018164083
-0.0017457747
-0.0025511716
-0.0019247673
-0.00091211872
-2.0471859e-05
0.0017127666
0.0014307022
0.0017892993
0.0011640855
0.00078332984
0.00081638968
0.0010635224
0.0011275346
0.0019361075
0.0020522694
0.0022305895
0.0030572129
0.0037356303
0.0048313406
0.0061088201
0.0063403465
0.0051794461
-0.0014372619
-0.0026946112
-9.3324584e-05
-6.9441074e-05
-0.00017199274
0.00099506724
0.0037725564
0.0020889904
0.001664678
0.00037923329
-0.0015744622
-0.0051841486
-0.0085538582
-0.0076909989
-0.010769335
-0.010163914
-0.011858918
-0.010112799
-0.0065383677
-0.0054072488
-0.0042639942
-0.0033333443
-0.0013957095
-0.0016898298
-0.00085005018
0.00053174892
0.0019505776
0.0021372116
0.00096450452
-0.0014883708
-0.0012573667
-0.0019769954
-0.002450054
-0.0036608765
-0.0059376203
-0.0042836617
-0.0029207655
-0.0020151136
-0.0078567439
-0.012751044
-0.0174782
-0.022721526
-0.024853003
-0.026536369
-0.023472395
-0.018001468
-0.0079459983
-0.0049876156
-0.013303872
-0.018345565
-0.022994352
-0.025849272
-0.030054062
-0.034828401
-0.036547068
-0.039362416
-0.042736024
-0.04963466
-0.053094726
-0.053642583
-0.055716131
-0.059077588
-0.061565075
-0.064969936
-0.065153208
-0.06424501
-0.06523095
-0.067202134
-0.064695566
-0.059427845
-0.049690094
-0.044789152
-0.037947218
-0.040707471
-0.040065058
-0.038316067
-0.03521616
-0.032688447
-0.0280344
-0.023919941
-0.024714696
-0.022730714
-0.020328397
-0.01203751
-0.0038620165
-0.00038104874
-0.0014367277
0.00060701763
0.0059747873
0.019388999
0.023121649
0.024977444
0.022822161
0.024410599
0.033082195
0.03608226
0.036138507
0.032533828
0.035103793
0.031251291
0.027376563
0.022024294
0.019352171
0.013947898
0.011483436
0.0065992427
0.0031021521
0.0007407363
-0.0003895519
0.00061890734
0.00068678442
-0.00065350682
-0.001546886
-0.0030336102
-0.0037294442
-0.0038059682
-0.0030821425
-0.0020335163
-0.0021244814
-0.00060327726
0.00010147682
0.0011180823
-0.00078424653
-0.00089693978
0.00045854999
0.0003720533
0.0015430251
0.0033830633
0.0043912467
0.004817387
0.0056280817
0.0045841001
0.0037622707
0.0035203847
0.0036800157
0.0031698627
0.0029863959
0.0043333167
0.004021085
0.00610928
0.0073252271
0.007747276
0.0075703065
0.0034742734
-0.0043335116
-0.0017722066
-0.0017856484
0.00023882861
0.001218771
0.0020093434
0.0011484059
0.002730912
0.0017686179
-0.00075819117
-0.0047865279
-0.0092755234
-0.0093221958
-0.0087885454
-0.012591837
-0.011394632
-0.012246745
-0.011809729
-0.010408917
-0.0069596602
-0.0036156728
-0.0020504515
-0.0011263321
-0.0018692099
-0.0020398757
-0.0015474026
-0.00019834694
-0.00096137893
0.00025905761
-0.0016724714
-0.002879757
-0.0030982568
-0.0049044693
-0.0071267054
-0.0076494015
-0.0069387261
-0.0035595945
-0.0064917815
-0.010077057
-0.013962369
-0.015189393
-0.020250055
-0.02286108
-0.023082429
-0.027619942
-0.024663542
-0.011384825
-0.0083309338
-0.01445806
-0.018457447
-0.020093637
-0.024677563
-0.027483645
-0.031385298
-0.034442445
-0.039920553
-0.047350259
-0.051421626
-0.054708517
-0.059986724
-0.06328369
-0.068739632
-0.071513004
-0.075026437
-0.076283025
-0.073741831
-0.0698508
-0.069212331
-0.06472814
-0.057961592
-0.048203885
-0.046048784
-0.041927473
-0.042199812
-0.044228755
-0.045458501
-0.046183051
-0.041440136
-0.040547644
-0.028216136
-0.034055152
-0.029570487
-0.024581224
-0.017549385
-0.011686813
-0.011440429
-0.0042661722
0.0076708625
0.011200454
0.016658953
0.023055325
0.026611365
0.025468084
0.033268602
0.035909134
0.037356555
0.035690006
0.03551781
0.031795109
0.027941562
0.024398391
0.020771646
0.018403523
0.013909926
0.0096152176
0.0088935843
0.0086833691
0.0064891045
0.0062916258
0.0049802913
0.0051652187
0.0052016445
0.0030251788
-1.4895397e-07
-0.0007386932
-0.0025901146
-0.00074636153
-0.00041198854
0.00067080394
0.00019075816
0.001501121
0.0024724304
0.0026025854
0.0031671922
0.0033063428
0.0034217944
0.0041312646
0.0047426164
0.0034324411
0.0025547676
0.0027792276
0.0031739942
0.0041789541
0.0041973222
0.0059972671
0.0061243278
0.0052213981
0.0060900917
0.0062894646
0.0044965505
0.0052429224
0.0072103734
0.0070048159
-0.00091563446
-0.0055016527
-0.0022758733
0.0016658995
0.00072714976
0.00024601739
0.0014259785
0.00077562564
-0.0010665576
0.0011974786
-0.0013581045
-0.0052280332
-0.0084611435
-0.010016568
-0.01023889
-0.012285931
-0.010863453
-0.0087722204
-0.0033818846
-0.0012955481
-0.00038556378
-0.00023363717
-0.00036947984
-0.00020328935
0.00042875879
-0.00026623936
-0.0013252805
-0.00012845476
-0.0012889633
-0.0012627607
-0.0031347711
-0.0039150629
-0.0078475201
-0.009507831
-0.010101723
-0.013841857
-0.010257152
-0.0099817105
-0.01093432
-0.01553426
-0.013879771
-0.015311969
-0.017926124
-0.022203801
-0.023624099
-0.025248671
-0.028066703
-0.017284489
-0.013750803
-0.017348807
-0.022132027
-0.022266841
-0.024677724
-0.029330047
-0.033771933
-0.040971759
-0.047971339
-0.055353156
-0.058417745
-0.062909395
-0.068933007
-0.074444709
-0.078114313
-0.079787027
-0.079293835
-0.079810267
-0.078592056
-0.076784834
-0.070605249
-0.061857688
-0.05211539
-0.047008262
-0.044819659
-0.044634791
-0.042406826
-0.044850829
-0.044185454
-0.049230888
-0.040614095
-0.038000312
-0.038987742
-0.037149091
-0.034631498
-0.028043671
-0.026728563
-0.018644157
-0.013017212
-0.0029321219
0.0054972481
0.0087818906
0.016190996
0.022320633
0.023444688
0.027409275
0.02878437
0.033563455
0.034419908
0.033806231
0.03097001
0.02845314
0.025983544
0.023604333
0.021078537
0.017062258
0.015460302
0.01441827
0.012093247
0.011530945
0.010416436
0.012160584
0.011493901
0.010500463
0.0079662734
0.0055282356
0.0027309527
0.002295017
0.0010907941
0.0018312119
0.0016171156
0.0024403447
0.0044276792
0.0051816138
0.0054998187
0.0064731525
0.0067074041
0.0065926304
0.0067700592
0.0081980707
0.0074727415
0.0060637988
0.0050247402
0.0043145965
0.0043982499
0.0056280301
0.0057240383
0.0050327994
0.0046327777
0.0046106432
0.0057441111
0.0059595982
0.0034381216
0.0033989556
0.0040337779
0.0049622249
-0.0011562148
-0.0060746066
-0.0032571876
-0.0014524873
0.001136749
-1.7130134e-05
0.00072288911
0.00093353286
-0.0025402493
-0.00070190792
-0.0043371892
-0.0052232744
-0.0063188814
-0.0051877256
-0.0020067829
0.0012097922
0.0033675894
0.0049083696
0.0056403895
0.0034321796
0.0016484814
0.0018327858
0.0021520737
0.0011706941
-0.00034780491
-0.001992073
-0.0013029571
-0.0018306541
-0.0021686562
-0.0032547517
-0.0050278631
-0.0066895585
-0.013497662
-0.015445856
-0.017838268
-0.022747472
-0.018997619
-0.016976593
-0.017921034
-0.01747657
-0.017978183
-0.017667325
-0.021275913
-0.023373609
-0.027282603
-0.029074154
-0.027909001
-0.020591276
-0.018758248
-0.019073529
-0.022612474
-0.022647486
-0.025331988
-0.032744046
-0.041714283
-0.050413099
-0.057894406
-0.064289591
-0.067566323
-0.073248515
-0.077190493
-0.078940166
-0.08172678
-0.083915721
-0.085026485
-0.086115788
-0.081513244
-0.077919143
-0.070001063
-0.058406749
-0.044827314
-0.043752218
-0.049197778
-0.04382553
-0.043086983
-0.04280291
-0.043418514
-0.047527102
-0.039409802
-0.041265489
-0.04155235
-0.039630193
-0.036744691
-0.033395188
-0.026048782
-0.01914239
-0.013696155
-0.0071873703
-0.0019191485
0.0026442908
0.0088278824
0.016645122
0.019556571
0.021666068
0.023488965
0.026469052
0.028817593
0.027159836
0.022630466
0.023716019
0.020887145
0.019804322
0.017426884
0.017995912
0.01878857
0.016340125
0.016320997
0.014823089
0.016458527
0.016340256
0.017746159
0.014364112
0.0089901103
0.00561296
0.0056480249
0.0050044864
0.0047264562
0.0050749375
0.0045210963
0.004778049
0.0044616365
0.0053771617
0.0067048107
0.006438342
0.0086431632
0.010650471
0.011057351
0.010193977
0.010719164
0.010796081
0.01104102
0.010482106
0.0085871192
0.0080950297
0.008946299
0.0091491169
0.0088898723
0.0099315905
0.0082768025
0.0068838894
0.0051550894
0.00409382
0.0034429888
0.0027355182
0.00030946971
-0.0032309527
-0.0036601656
-0.0021559849
-0.00089833243
0.0037683468
0.0026206218
3.778066e-05
0.00076218106
-0.0010742503
-0.0013103404
-0.0032676728
9.8690938e-06
0.0056351612
0.0062925652
0.0078269505
0.0096777574
0.0091681048
0.010537101
0.011073594
0.0089953288
0.01040929
0.010649972
0.011060796
0.0080070248
0.0044813582
0.0044214468
0.0031636039
-0.00011155489
-0.0021339806
-0.0073142195
-0.010620911
-0.0137615
-0.016094995
-0.018866851
-0.023216161
-0.017885457
-0.015502277
-0.014569254
-0.01577806
-0.017327391
-0.016500021
-0.022177585
-0.023174883
-0.030032449
-0.032596146
-0.027125144
-0.020459132
-0.018373788
-0.020946947
-0.023253587
-0.022914207
-0.024591819
-0.033137745
-0.041897747
-0.051924755
-0.060559987
-0.068123626
-0.072461844
-0.073367843
-0.076954253
-0.078108334
-0.084483746
-0.080594222
-0.080040488
-0.078635719
-0.081522157
-0.075977193
-0.066567676
-0.048089241
-0.042470044
-0.042071789
-0.039615907
-0.035200578
-0.035871368
-0.035380439
-0.032729894
-0.031438859
-0.029322791
-0.030910695
-0.030807094
-0.026401333
-0.022452124
-0.020803586
-0.016023366
-0.012140329
-0.0075609312
-0.0045229826
-0.0023128935
0.0012996828
0.0028801257
0.0062541681
0.011701169
0.013818788
0.016630355
0.019690835
0.022268015
0.019986892
0.018740647
0.017702844
0.016792192
0.017838785
0.015353625
0.014622932
0.016801291
0.014694922
0.013960752
0.016440652
0.017234352
0.01714753
0.017955434
0.014089834
0.011798064
0.0087479652
0.0096451083
0.0072166347
0.0058190467
0.0084724417
0.0079864226
0.010102604
0.011019673
0.0082622518
0.01101094
0.01026616
0.012457901
0.01142963
0.012951964
0.01527638
0.013520281
0.013758861
0.015959627
0.013429616
0.013221789
0.011615564
0.0093269419
0.0095974149
0.011267575
0.013274066
0.0131318
0.01172862
0.011191341
0.0094135965
0.0050070436
0.0048892483
0.0015392626
0.0083561017
0.0079033923
0.0027602109
0.0068175211
0.0038754721
0.0056598818
0.0042561088
0.0036399708
0.0020897663
0.0025725535
0.0020580123
0.004180091
0.0054706107
0.0087995215
0.0099014964
0.010398138
0.010988588
0.0090439835
0.012122196
0.013489409
0.01261698
0.012301022
0.010809683
0.010191725
0.0075335622
0.0046476431
0.00039967917
-0.0039994618
-0.0029831079
-0.0046964139
-0.010809599
-0.0055032201
-0.0085545663
-0.011156186
-0.011578686
-0.0082725468
-0.0083810482
-0.010774294
-0.012795368
-0.013464987
-0.013710446
-0.017823573
-0.018283072
-0.022775976
-0.023057135
-0.023132941
-0.017865403
-0.018123976
-0.0204384
-0.023693013
-0.025667764
-0.027231868
-0.030259748
-0.034031371
-0.042525338
-0.052787352
-0.061892986
-0.066556714
-0.070124366
-0.073190803
-0.07291947
-0.075130188
-0.069281329
-0.067341757
-0.074038989
-0.072198985
-0.067267794
-0.056453814
-0.039510997
-0.030909049
-0.029877859
-0.025940063
-0.019036535
-0.011486115
-0.011293775
-0.0090564786
-0.0073995199
-0.0060123061
-0.0065467834
-0.0057518585
-0.0083519325
-0.0080489888
-0.0058920919
-0.0011547246
0.0019826201
0.0041813949
0.006678839
0.0083098667
0.010961587
0.01199336
0.013394504
0.016321561
0.017375354
0.017913126
0.017056168
0.019404767
0.017416248
0.014925827
0.014965485
0.012047568
0.010510176
0.010256451
0.0088928382
0.012201933
0.0095386943
0.010023401
0.011655434
0.013564298
0.012346888
0.013328971
0.014202279
0.012977262
0.011222756
0.010125738
0.014431104
0.012455915
0.011233921
0.0097725455
0.012652242
0.013480381
0.016751765
0.01734109
0.015416771
0.01493387
0.016258922
0.016216934
0.016628465
0.016626713
0.018000681
0.020886092
0.019279029
0.018717277
0.019471725
0.019910703
0.015956899
0.015429435
0.016203351
0.015847877
0.014267344
0.016492473
0.012563062
0.0061039751
0.0041122006
0.0020610872
0.0084807449
0.010207449
0.010147995
0.0080366303
0.0094015679
0.0080623206
0.0074028654
0.007502027
0.0097107382
0.0095268651
0.0063852442
0.0067798875
0.0076117919
0.0092809636
0.0099749166
0.011211712
0.011113728
0.010760595
0.012660261
0.013031622
0.011615231
0.01015645
0.0094541733
0.0078864855
0.0048171014
0.0014094793
-0.0012562208
-0.0018276686
-0.0022010123
-0.0017088199
-0.0040303331
0.0007819612
-0.00031822551
8.3948114e-05
-0.00083012995
-0.0031612904
-0.0047940174
-0.0037784371
-0.0095056639
-0.014925787
-0.01544454
-0.014469283
-0.013521402
-0.01825664
-0.019164908
-0.021353117
-0.013170963
-0.014326644
-0.02066843
-0.023391171
-0.028557721
-0.02788771
-0.030963323
-0.031777062
-0.038853809
-0.044742745
-0.053462292
-0.058156318
-0.064225078
-0.066849169
-0.065995801
-0.057294656
-0.054921429
-0.057533549
-0.059417601
-0.055689434
-0.046534498
-0.035219768
-0.021350335
-0.0075148053
-0.002138783
-0.0039438006
0.0026458431
0.0045864811
0.0046017679
0.0064303972
0.015804167
0.019240319
0.020735675
0.014383157
0.01393973
0.0091956722
0.01207659
0.016824553
0.016849821
0.019869915
0.01789935
0.019287897
0.019463211
0.020268604
0.021585643
0.021597267
0.018844021
0.020460613
0.015637746
0.014300439
0.01192559
0.0084727443
0.0066357401
0.0035719094
0.002958279
0.004382955
0.0036429836
0.0017906853
0.0029982926
0.00574784
0.007909487
0.0082360243
0.010642458
0.01302665
0.013209041
0.013558807
0.014051692
0.013644727
0.013001709
0.013017109
0.012792011
0.014445874
0.015775705
0.017508642
0.019173885
0.021408838
0.022329714
0.021061783
0.02082604
0.019928212
0.022278904
0.024655999
0.028596038
0.031758239
0.032248605
0.031543614
0.031883349
0.030534024
0.021913355
0.017327049
0.01479901
0.011193634
0.0067399459
0.005512646
0.0059181589
-0.0010945846
0.0028273745
0.0077280924
0.0086830428
0.007614783
0.0079117982
0.0082200271
0.0067211181
0.0070647354
0.0057610792
0.007578158
0.0083636087
0.0087743276
0.0084929677
0.0093109131
0.0094873737
0.010746873
0.010757807
0.011420066
0.011488685
0.011663806
0.011418942
0.012847886
0.012902278
0.011671899
0.010701419
0.0090616775
0.0063501256
0.003222606
0.0029563072
0.0017196871
0.0028047713
0.0011515618
0.0019470527
0.0047125859
0.0043418456
0.0022177923
0.0004515354
-0.00098734377
-0.0024192588
-0.0030190611
-0.0051214689
-0.0092076406
-0.013160131
-0.015514725
-0.015572464
-0.016324675
-0.018564638
-0.023083603
-0.014230176
-0.011446251
-0.02068346
-0.020994314
-0.021877653
-0.023220412
-0.025446149
-0.028770434
-0.0336289
-0.036452157
-0.042353996
-0.04731019
-0.049364962
-0.052310387
-0.048803387
-0.033506752
-0.035299096
-0.037309616
-0.037922912
-0.032809238
-0.022076689
-0.011466134
-0.00088648548
0.013598231
0.021912033
0.013380397
0.011757459
0.01275448
0.010944376
0.017220869
0.02799921
0.033011655
0.034875221
0.031974695
0.025535632
0.022486537
0.024545124
0.024841141
0.023852707
0.023256717
0.023176157
0.022839906
0.020845107
0.018456761
0.017404311
0.015096328
0.011994664
0.012097084
0.0091122062
0.009651614
0.0056803101
0.0020524499
-0.0014479271
-0.0029937805
-0.0058993909
-0.004487701
-0.0041383379
-0.0038975023
-0.0043172196
-0.00094368711
0.0033298346
0.0045357922
0.0053867817
0.0080446977
0.0074901963
0.0071780528
0.0094173903
0.011785242
0.013048432
0.013327763
0.014737433
0.016650113
0.017168142
0.018251894
0.021299475
0.021037776
0.021846234
0.022591064
0.022063933
0.022837667
0.025839629
0.028113105
0.032096151
0.037514472
0.038680786
0.037250069
0.036287646
0.031452177
0.025641301
0.02242487
0.016973461
0.01238959
0.0075968549
0.0060617325
0.0003288854
-0.0035608921
0.001708182
0.0035687496
0.0050338782
0.0034781751
0.0033184143
0.0021897893
0.0026725324
0.00095342008
0.0017261282
0.0037254724
0.0050392711
0.0064073204
0.0090938299
0.0094121756
0.010846682
0.01081447
0.012156251
0.012700264
0.012800458
0.012463924
0.012441668
0.011731654
0.013236008
0.013709704
0.012659338
0.011288906
0.010454465
0.0084777443
0.0087689681
0.0073733665
0.0091783198
0.0068927592
0.0050865629
0.0078105332
0.0068500339
0.0024440386
0.0019848928
-0.00020999553
-0.0010066429
-0.00080240721
-0.0017578047
-0.0053512177
-0.0082331251
-0.010685137
-0.011087012
-0.011309274
-0.011410786
-0.011714556
-0.0087031566
-0.0078950235
-0.01155017
-0.016681304
-0.019466332
-0.01972555
-0.021626887
-0.023982759
-0.026627146
-0.027177565
-0.030237512
-0.033150233
-0.034337485
-0.033536378
-0.027129918
-0.021414832
-0.027073191
-0.021141741
-0.018336943
-0.011517317
-0.0027854508
0.0050008916
0.0087155453
0.017535091
0.024057024
0.016377237
0.013764657
0.019022948
0.021398009
0.023192196
0.028289596
0.031512478
0.035022493
0.033827374
0.026387835
0.028214847
0.027767544
0.023701745
0.021515601
0.020159411
0.018981809
0.016947542
0.01307825
0.011253008
0.01131906
0.00896144
0.0078437246
0.0050024443
0.0019852008
0.0013165196
-0.0025408657
-0.0062222836
-0.0086324999
-0.010184893
-0.011190743
-0.0120725
-0.011993602
-0.011937342
-0.0091853849
-0.0073817764
-0.0048059775
-0.0031084892
0.00047903749
0.001678715
0.0028026886
0.0017742597
0.0012733599
0.003172491
0.0041843047
0.007052289
0.011813287
0.014501792
0.015982098
0.017803869
0.01952942
0.021738134
0.023853718
0.022753072
0.0201822
0.0210621
0.024136013
0.026797202
0.027082326
0.029565922
0.030956047
0.03270521
0.029132639
0.026295964
0.019698531
0.016528125
0.0098848389
0.0045502979
0.0030546286
0.0015725948
0.0043302853
0.002765346
0.002790156
0.0018279666
0.00034113122
-0.0013585056
-6.186227e-06
-0.0010917436
-0.00025549025
0.0019817758
0.001682719
0.0020570736
0.0053288554
0.0059677818
0.0069948434
0.0071900778
0.0088096965
0.0095575157
0.010732647
0.011688278
0.011760538
0.01214497
0.013812127
0.013754062
0.013230623
0.013407422
0.013999601
0.014021313
0.013568728
0.013138605
0.0121444
0.012313193
0.013535525
0.011453373
0.0093597318
0.011219939
0.0065408653
0.0060258023
0.0045165254
0.0022201701
0.0030308545
0.0028624082
0.00040648747
0.0006076458
-0.00097160112
-0.0016579068
-0.003086468
-0.004152752
-0.0032774778
-0.0044039364
-0.0032301819
-0.0019156739
-0.0010961909
-0.0051882433
-0.01017338
-0.014525466
-0.015348348
-0.0164102
-0.016165217
-0.016515977
-0.017632992
-0.017465088
-0.016055904
-0.013673502
-0.0078296806
-0.0085575364
-0.014658509
-0.015395802
-0.009564999
-0.00083631781
0.0049189338
0.01338733
0.013192305
0.015296259
0.015905542
0.011326418
0.011801019
0.017458669
0.018106932
0.017651648
0.019801747
0.023523302
0.026416509
0.026247366
0.024447871
0.021672634
0.021755811
0.01948026
0.015810388
0.013593907
0.011382052
0.010710354
0.0092633346
0.0064732502
0.0052152898
0.0037284769
0.0027945566
0.0019805972
0.0012106625
6.7699928e-07
-0.0025918234
-0.0055350834
-0.0093110141
-0.011652326
-0.013425649
-0.013714259
-0.011909444
-0.012917847
-0.011806211
-0.0099215689
-0.0085164296
-0.0072816425
-0.0052826138
-0.004732122
-0.002766994
-0.0012832057
-0.0013197078
-0.0021932829
-0.0012125952
0.0016803286
0.0036723593
0.0063983336
0.009134065
0.012850184
0.014302886
0.016665349
0.019151145
0.019355051
0.017949799
0.018136891
0.018447963
0.020328458
0.0216885
0.023407905
0.02249972
0.022372546
0.019264624
0.015491336
0.011647153
0.0096795546
0.0078130152
0.0050400506
0.0039995477
0.0042203622
0.0089142744
0.0066456213
0.0052688492
0.004522116
0.0012523141
-0.00042921673
-0.0035660955
-0.003985059
-0.0017972686
-0.0012660403
0.0010171396
0.0017943104
0.0031277713
0.0047572505
0.0050018683
0.0042978909
0.0047723002
0.0057611743
0.007102514
0.00889467
0.0088522589
0.0094369965
0.011545773
0.012640695
0.012871702
0.012472963
0.012502512
0.012545964
0.014311096
0.014875048
0.016055468
0.014239572
0.013966433
0.015438344
0.013752081
0.015902927
0.014475586
0.012201504
0.0092701472
0.0086804717
0.0075434671
0.0083564509
0.0060132497
0.0035028344
0.0041516769
0.0028322377
0.0033519446
0.0032201733
0.0022057805
0.0028908004
0.0024216864
0.0073662045
0.0061191486
0.0017240886
-0.00018994809
-0.0052309666
-0.0080527198
-0.010647797
-0.0093796236
-0.0094092059
-0.0092296972
-0.0074564584
-0.0040923956
0.00025535024
0.0033004815
-0.00088625655
-0.0058828862
-0.0048808587
-0.0049313687
-0.0037262894
0.0016180217
0.0055190395
0.0093850892
0.010275366
0.0086253019
0.0054624641
0.0067685561
0.006684871
0.0077719269
0.0065208421
0.0057025408
0.0086773052
0.013495215
0.017095183
0.015825349
0.015122187
0.013832915
0.014026
0.012637684
0.0092068128
0.0077727469
0.0058806225
0.0057330573
0.0043514662
0.0014885356
0.00046977662
0.0012362851
0.0016729401
0.0019643286
0.0010099449
-0.00052853757
-0.0036826929
-0.006658252
-0.0088166111
-0.0098253363
-0.010155027
-0.010859224
-0.010601997
-0.010385667
-0.01024302
-0.0091330308
-0.00633188
-0.0067207678
-0.0054618406
-0.0040108689
-0.0036200793
-0.0022152834
-0.0022686981
-0.00079866092
-0.00069747263
0.00032284761
0.0026520544
0.0043031968
0.00718077
0.010252414
0.011717911
0.013401691
0.01414706
0.015056986
0.014423969
0.013250444
0.013055001
0.014790711
0.015033248
0.013903186
0.013944457
0.013374276
0.011547684
0.011619815
0.01154051
0.009392182
0.0062632616
0.0055706778
0.0081494046
0.0094342784
0.007755421
0.0051460802
0.0055938299
0.0039725292
0.0022899958
0.0021411155
0.001968566
-4.7092513e-05
-4.5074278e-05
0.00025657288
0.0012276789
0.0012130194
0.0023091553
0.0020826294
0.0020933614
0.0022121822
0.0033066815
0.0044469164
0.0055730976
0.0061265855
0.0061068846
0.0057195499
0.0081777759
0.0095519064
0.010491092
0.010478506
0.010401575
0.011621458
0.015177191
0.017844999
0.016601415
0.016488058
0.0181322
0.017862715
