0.0022986383
0.0018915041
0.002163326
0.0020044596
0.0024746752
0.0027684717
0.0049413076
0.0041755448
0.0015390776
-0.0003585036
-0.00032009748
-0.0012123265
-0.0039068813
-0.0051607892
-0.0040145731
-0.0021457462
6.8457139e-05
0.0013866424
0.0029933631
0.0018080154
0.00080993152
-0.0029291553
-0.0040313279
-0.003379385
-0.0054131026
-0.0059464221
-0.008646863
-0.0094946987
-0.007473587
-0.0074224218
-0.0090016694
-0.0094141472
-0.010169448
-0.010187893
-0.01139636
-0.010635965
-0.010397049
-0.012736109
-0.013263246
-0.012120791
-0.013011926
-0.015036734
-0.015593472
-0.016308826
-0.019074488
-0.019461365
-0.019594112
-0.017991854
-0.016452629
-0.013180866
-0.01060334
-0.010753227
-0.0078367648
-0.0046182487
-0.0032905972
-0.0014629132
0.0012687446
0.0026773224
0.0015934327
-0.00022319143
-0.0001096681
0.0012414346
-8.4910296e-05
-0.0023455549
-0.0048702378
-0.0046446253
-0.0049947269
-0.0033270593
-0.0012807304
0.0010066126
0.0028847381
0.0038311924
0.0083613623
0.011180072
0.012225065
0.01326665
0.01520615
0.017262614
0.018520503
0.01704991
0.016461552
0.013961789
0.010427627
0.0078881711
0.0090554456
0.0062086792
0.0050397878
0.0053438566
0.007324759
0.0092043386
0.0088587238
0.0077616113
0.0062753384
0.0052700623
0.0039690457
0.0041319493
0.0046733596
0.0045890805
0.0031446409
0.004359269
0.0042003352
0.0042948273
0.0034329041
0.0038251882
0.0044811731
0.0053852662
0.0052914434
0.0050582481
0.0043715377
0.0050407145
0.0051636609
0.0051535424
0.0061368415
0.007956813
0.0078397027
0.0086100152
0.0089799174
0.0082154241
0.013224813
0.014250019
0.013456787
0.013233026
0.013430706
0.013619869
0.0099456531
0.0095029703
0.010730839
0.010494835
0.0094344754
0.0078801845
0.0050844858
0.0015237675
0.00047635528
-0.00056562665
-0.0013728528
-0.00091956942
-0.001055791
0.00036850706
0.00093825015
0.0010461425
0.0018673215
0.0020945358
0.0025322696
0.0024989385
0.0015726513
0.0013034681
0.0011020364
0.00017023864
-9.9449667e-05
0.00085169377
0.00073518761
-0.0014866672
-0.0029981427
-0.0035116911
-0.0044408911
-0.0041311964
-0.0050970255
-0.0069938627
-0.0076767531
-0.0035477784
-0.0016686302
-0.00053178872
0.00060459419
-0.00059997591
-0.0022636361
-0.00398332
-0.0057776999
-0.0043934804
-0.0045469591
-0.00868048
-0.010672213
-0.011004294
-0.01017727
-0.0099687811
-0.012179287
-0.014094931
-0.014383341
-0.015382172
-0.01546636
-0.014559618
-0.015402829
-0.017143651
-0.018375417
-0.017140704
-0.016380922
-0.016173226
-0.015827867
-0.015714579
-0.016558248
-0.014611605
-0.014010434
-0.012153192
-0.0084145647
-0.0038260587
-0.0026668564
-0.00093806313
-8.9467236e-05
0.0029060574
0.0033929328
0.0052616583
0.0093112825
0.010612498
0.011217269
0.01055297
0.011970728
0.011110189
0.0097636473
0.0078703449
0.006427603
0.0050057229
0.006147762
0.0064259876
0.008445515
0.010653236
0.013661159
0.015822109
0.017245644
0.016282405
0.0161385
0.016287106
0.018490318
0.018210539
0.017169252
0.014885564
0.012550543
0.0086750156
0.0060013462
0.0039596575
0.0022186679
0.0030192333
0.0053019453
0.005456608
0.0075181202
0.008596453
0.0089217525
0.0056221755
0.0033069702
0.0020967373
0.0030583771
0.0041049892
0.0042078952
0.0042511593
0.0045329356
0.0043838425
0.0031082624
0.0032593538
0.0033723985
0.0038120481
0.0042454751
0.0049721099
0.0044787394
0.0047598491
0.0043076381
0.0048422781
0.0050847065
0.0056313656
0.0066789801
0.0079608961
0.00830762
0.0080127854
0.0083334677
0.011242716
0.0149509
0.01542619
0.013508182
0.014950435
0.011427286
0.011402624
0.0091948062
0.0084804114
0.0077073447
0.0062903977
0.004830294
0.0032969093
0.00030700076
-0.00098610669
-1.8787979e-05
-0.0014028195
-0.00066802142
-0.0013020002
-0.00042220437
-7.6214939e-06
0.00074849512
0.00088591542
0.0010716534
0.001035973
0.0010783016
0.0011026591
0.00094999567
0.0010861535
0.00060718149
-0.00059190758
-0.0017018728
-0.0021582356
-0.0040894468
-0.0060650303
-0.0074812354
-0.006570999
-0.0074001235
-0.0092325609
-0.0083238863
-0.0071247535
-0.0082313346
-0.0080204157
-0.0075063488
-0.0066961251
-0.0044896575
-0.0031957372
-0.0059966745
-0.0094505709
-0.010384293
-0.0087641844
-0.0092673424
-0.015837462
-0.019044915
-0.018950592
-0.016721107
-0.015867153
-0.019437846
-0.02124735
-0.023462749
-0.023375756
-0.023383899
-0.024705385
-0.025429217
-0.024137202
-0.022895773
-0.0210775
-0.018686676
-0.01790753
-0.016398207
-0.015281992
-0.013542621
-0.011093106
-0.0087687381
-0.0061218828
-0.0025701613
0.0013203465
0.0056551314
0.0082988227
0.0095735889
0.0093400094
0.010218741
0.012300141
0.015744636
0.018305154
0.018957883
0.021833934
0.022928505
0.023624118
0.021013036
0.019961941
0.020617443
0.018961438
0.022047791
0.020784824
0.022503523
0.022562646
0.022824297
0.02413267
0.025769221
0.023258556
0.020722719
0.017597175
0.016213343
0.014732187
0.013374843
0.0083045476
0.0059002781
0.0033600088
0.0017516093
0.00030730563
-6.285447e-05
0.0027389528
0.0040115504
0.0053085591
0.0070467235
0.0075628096
0.006040208
0.0036486334
0.0010748572
0.0013860309
0.0014252713
0.0025103163
0.0034432164
0.0042844199
0.0050003297
0.0044350937
0.0043557376
0.0044304301
0.0049696015
0.0041943393
0.0043141588
0.0051571331
0.0051182285
0.0051202549
0.0048382361
0.0051245704
0.0051029686
0.0059384456
0.0064041653
0.0057221512
0.0060142603
0.0085609842
0.01146625
0.01029212
0.012865936
0.0079679893
0.010625008
0.013299094
0.010407433
0.0087300605
0.0056048484
0.0049472711
0.0012491344
-0.00028770916
-0.0017308226
-0.00091173338
-0.0040627853
-0.004018471
-0.0035337338
-0.0017876245
-0.0010742069
-0.00065066665
-8.1819461e-05
0.00091747335
0.00074729441
0.0012418869
0.00054843076
0.0010105608
0.00028603222
0.0011013781
-0.00010926872
0.00023106025
-0.00043148906
-0.0013907432
-0.0040418765
-0.0028830348
-0.0030370389
-0.0084256296
-0.011419486
-0.0098597297
-0.0094056714
-0.01230205
-0.013597097
-0.013724157
-0.014510041
-0.011059624
-0.010415378
-0.013085436
-0.011776975
-0.013526881
-0.013813083
-0.016960512
-0.016706481
-0.017108926
-0.020249881
-0.023761705
-0.026884166
-0.028658139
-0.026224379
-0.027653151
-0.030599522
-0.033404337
-0.035806292
-0.0364536
-0.037213599
-0.038883846
-0.036185143
-0.031848087
-0.029189352
-0.029651678
-0.025593058
-0.020260502
-0.020595062
-0.018012718
-0.015969264
-0.012264955
-0.0095998437
-0.0068367193
-0.0015236686
0.0043055428
0.0074835112
0.0098248909
0.011018885
0.01249657
0.011941846
0.014850056
0.020061571
0.024126055
0.030195143
0.033821367
0.03332071
0.03465854
0.035688204
0.034821364
0.034086648
0.034972698
0.038525164
0.036298409
0.036885243
0.033825979
0.031504087
0.031902034
0.028624617
0.025390204
0.021955777
0.018954077
0.017637894
0.012276153
0.0089280705
0.0068825898
0.0038317743
-0.00036779188
-0.00029617685
-0.001798974
-0.001290338
-0.00052623383
0.00051432236
0.0020947376
0.0016457813
0.0021171653
0.0011856372
0.00090595857
0.00028938298
0.0007465818
0.00088117214
0.0027922225
0.0029556688
0.0036345287
0.0038748097
0.0036127951
0.003023662
0.0032612509
0.0038325219
0.0050348579
0.0045517428
0.0045997014
0.0047536525
0.0044143954
0.0039445922
0.0037271627
0.003391682
0.0049376585
0.0056139301
0.0054958121
0.0049480958
0.0041180806
0.0048615784
0.0019258712
0.0012212739
0.0047199522
0.0089260119
0.010564554
0.0065532637
0.0031560649
0.00016662364
-0.0013218582
-0.0036094559
-0.0076992743
-0.0096364384
-0.0099502113
-0.009573736
-0.0060797266
-0.0027290415
-0.00078344288
7.4967536e-05
-0.00032248516
3.5777652e-05
0.00049584667
0.00056772612
0.001708401
0.00063366065
0.00086577845
0.00013083436
0.00053440284
-0.00054066196
-0.0007985467
-0.001997616
-0.0023748903
-0.004945815
-0.0037089479
-0.0025196953
-0.009676239
-0.01125739
-0.014316672
-0.017239785
-0.017791696
-0.018832094
-0.019809263
-0.016721207
-0.012134555
-0.010862939
-0.013821947
-0.01615037
-0.019037519
-0.020947573
-0.022750462
-0.024657581
-0.028128375
-0.032104721
-0.034891975
-0.039908657
-0.043789944
-0.043787994
-0.042207652
-0.044762104
-0.049400813
-0.050021556
-0.051037511
-0.050553957
-0.051147768
-0.047797126
-0.043596089
-0.041627199
-0.039690388
-0.032916407
-0.026824829
-0.023969678
-0.023281744
-0.021649381
-0.01872084
-0.014535299
-0.01088313
-0.0066063288
-0.00028829455
0.0017668265
0.0032851509
0.0049109643
0.0070308609
0.012771961
0.016311867
0.02189923
0.02798666
0.032842171
0.0388216
0.037846933
0.039926159
0.042352427
0.043514518
0.0476759
0.047015205
0.049364255
0.046857937
0.047149197
0.045338162
0.042574682
0.038160897
0.031627349
0.028581496
0.021116786
0.017020293
0.012781983
0.0088563588
0.0068228139
0.004494084
0.0016858741
-0.0018097256
-0.00061956745
-0.0028492742
-0.0034915038
-0.00096196978
-0.0016572238
0.00022036988
-0.0024773669
-0.0019885498
-0.00023384044
-0.0012239261
-0.00057493128
-0.00042237832
0.00010763047
0.001928611
0.0027017536
0.0030646631
0.0035727828
0.0034889159
0.0017423435
0.0017959611
0.0025875552
0.0036271277
0.0031522365
0.003897363
0.0046774897
0.0042528475
0.0038734395
0.0037227503
0.0045324374
0.005558769
0.0056380079
0.0052309659
0.00010784086
-0.00098601678
-0.00091916154
0.00075512341
0.000679523
0.0051255623
0.0067521695
0.0049968672
0.002946451
0.00048625207
-0.0035945673
-0.0047225875
-0.0071407153
-0.011531587
-0.014487967
-0.014717672
-0.011480033
-0.0072204417
-0.0042029683
-0.0027361789
-0.0010059071
-0.001293563
-0.0014096308
-0.00074805405
0.00024892559
0.0015642028
0.0012805272
0.0002782682
9.0137947e-05
-0.00020176874
-0.0022751259
-0.0020764864
-0.001925285
-0.003703424
-0.0061113912
-0.0034058104
-0.0041786415
-0.0092588696
-0.012876557
-0.018540411
-0.022480911
-0.023357414
-0.03002462
-0.027840319
-0.021659577
-0.011930355
-0.010743889
-0.014176194
-0.016162366
-0.020139382
-0.02516101
-0.029434646
-0.034473617
-0.038476135
-0.041254299
-0.044727768
-0.048871262
-0.051060232
-0.053640962
-0.053606481
-0.054439383
-0.05607724
-0.058162479
-0.060205262
-0.05856754
-0.060536848
-0.060267548
-0.058175013
-0.055027866
-0.046393778
-0.038557388
-0.033801023
-0.028691517
-0.02554852
-0.027826564
-0.029573821
-0.026044257
-0.017603783
-0.013762669
-0.0080073308
-0.0055933055
-0.0038588545
0.00023853585
0.0032554585
0.0066679712
0.011568672
0.013891347
0.013399011
0.022399107
0.030053688
0.031904693
0.039275111
0.045162173
0.044975339
0.047534173
0.048122078
0.050446425
0.050304726
0.049424759
0.046842498
0.043243761
0.038716684
0.031532545
0.024771765
0.0190104
0.014511728
0.0091889652
0.0065120515
0.0039778954
0.0011205004
-0.00092990754
-0.0010577444
-0.0021945808
-0.003301917
-0.003447142
-0.0043852782
-0.0033007158
-0.0025678709
-0.0013144585
-0.00083286669
-0.00035076599
-0.00088969399
-0.001806963
-0.0018977405
-0.00109461
-0.0003274121
0.002125837
0.0032936751
0.0038544898
0.0032646851
0.0030013205
0.0025935131
0.0029181434
0.0028554707
0.0043003991
0.0042811685
0.0044687012
0.0056720247
0.0062123108
0.0066669903
0.0070015554
0.0067788888
0.0071061543
-0.00066007791
-0.0033144047
-0.00074158048
-0.00012960671
0.00066431464
0.0022545656
0.006840891
0.0051396023
0.0044454529
0.0018915773
-0.00047980513
-0.0046711627
-0.0082791642
-0.0073155776
-0.011919732
-0.01256031
-0.015642938
-0.012059509
-0.0072579638
-0.0053833787
-0.0047300946
-0.0043073319
-0.0031848228
-0.0033468066
-0.0028819502
-0.0010673291
0.00057823497
0.00095833794
1.1621093e-05
-0.0021577006
-0.0024987352
-0.0028297695
-0.0037535005
-0.0061253418
-0.0082921879
-0.0070712215
-0.0050603129
-0.0045094093
-0.010332696
-0.014674663
-0.019843147
-0.025267237
-0.029307914
-0.033339513
-0.03222793
-0.026568641
-0.014502275
-0.0086206388
-0.01442051
-0.01855252
-0.02240307
-0.02565187
-0.03116725
-0.036152214
-0.038275526
-0.041745899
-0.046314821
-0.053030008
-0.056368471
-0.058022125
-0.060130952
-0.062019811
-0.064229006
-0.067287609
-0.065786898
-0.06530848
-0.066067223
-0.066874748
-0.064622997
-0.060853967
-0.050437953
-0.043784978
-0.035724496
-0.037177233
-0.035812249
-0.034248713
-0.031308576
-0.027740353
-0.022960482
-0.018516955
-0.019705114
-0.014948675
-0.010323644
-0.0030436106
0.0058264314
0.0084047086
0.0061166673
0.0068180472
0.0098995079
0.024009267
0.029798344
0.032108167
0.032158226
0.032647321
0.043130169
0.048219356
0.048965947
0.047432956
0.050280477
0.04624072
0.042023181
0.035709002
0.031226618
0.025382271
0.022961986
0.015260778
0.011248833
0.0074004269
0.0047591327
0.0048198929
0.0036408361
0.0022464921
0.00098680606
-0.0014082689
-0.0020914101
-0.0032824061
-0.0024835132
-0.0014599765
-0.0015962221
5.4098973e-05
0.00051007022
0.0013621398
-0.0010848923
-0.00138076
-0.00015682205
-0.0002074156
0.0011803544
0.0034045067
0.0051248228
0.0064779626
0.007191562
0.0065398651
0.0054888114
0.0050958829
0.0050405085
0.0044318858
0.0046912246
0.0059969365
0.005349594
0.0080984231
0.0098149689
0.010188222
0.0091475132
0.0058997335
-0.0040959829
-0.0026736075
-0.0017364546
0.00059325597
0.0023676029
0.0048061852
0.0050719549
0.0069559996
0.0059812398
0.0023042996
-0.0034948768
-0.0086383588
-0.0095008845
-0.0083900343
-0.012900846
-0.012316878
-0.014418248
-0.011709905
-0.0096568252
-0.0077059552
-0.0044148015
-0.0036165283
-0.0028589811
-0.0037914295
-0.003995865
-0.0032486899
-0.0016100749
-0.0018525002
-0.00015278226
-0.0023301606
-0.0034249812
-0.0032482969
-0.0054800067
-0.0091139466
-0.010269459
-0.0089609262
-0.004685793
-0.0077192706
-0.010124636
-0.013132774
-0.014692729
-0.019699334
-0.024662717
-0.02609446
-0.03354433
-0.030996594
-0.016705062
-0.011575395
-0.013795908
-0.016703224
-0.017493421
-0.021185041
-0.02420409
-0.028425309
-0.03248368
-0.038978135
-0.045495534
-0.049875462
-0.053949547
-0.059925308
-0.062913583
-0.06818752
-0.069998759
-0.072900303
-0.074030952
-0.071110416
-0.068433477
-0.066419347
-0.061873645
-0.055161595
-0.043658938
-0.040025759
-0.03661149
-0.035089136
-0.035872563
-0.037962965
-0.039616158
-0.032307385
-0.032214123
-0.022545745
-0.023605261
-0.022360879
-0.017254693
-0.0094809875
-0.0045584066
-0.005297147
-0.00052034513
0.010692056
0.016439029
0.022625398
0.029233344
0.033354641
0.03347009
0.040308609
0.043095003
0.046017378
0.044587943
0.045433646
0.041784427
0.038197148
0.033964037
0.028744457
0.025229853
0.020322918
0.015067027
0.01315254
0.012182859
0.0079823142
0.0076977738
0.0062212623
0.006409433
0.0059501256
0.0043722082
0.0008771122
-0.00036372834
-0.0018252758
-0.0003255218
0.00011332129
0.00086563295
9.2134986e-05
0.0016293249
0.0021341773
0.0019603896
0.0027147487
0.0027653511
0.0033119819
0.0041260685
0.0043094996
0.0032566007
0.0020325243
0.0024191137
0.0033108666
0.0041929481
0.004458356
0.0059989826
0.0063124046
0.0056986879
0.0066642541
0.0067780243
0.0049176471
0.0062471715
0.008429194
0.0086994111
0.00073844141
-0.0051515319
-0.0013875602
0.002537435
0.0024532753
0.0037367591
0.0061086746
0.0065485137
0.0050996802
0.0067094107
0.0023138521
-0.0028361001
-0.005793333
-0.0084067877
-0.0079933196
-0.012803525
-0.012877294
-0.0097056212
-0.0036825046
-0.0014961852
-0.00063601092
-0.00086813067
-0.00066384148
-0.00073109489
-0.00039470421
-0.001205265
-0.0018096095
-0.00023364536
-0.0012276266
-0.0013962612
-0.003671935
-0.0044811841
-0.0082613271
-0.010068012
-0.01161645
-0.014129787
-0.0091618267
-0.0081858046
-0.0090708517
-0.012627094
-0.011266883
-0.012455638
-0.015957151
-0.02237386
-0.025793351
-0.028738273
-0.032234518
-0.021982824
-0.016937858
-0.017675037
-0.020344524
-0.020175683
-0.021227524
-0.024468544
-0.028649388
-0.035153185
-0.042232489
-0.049428294
-0.053524892
-0.05892215
-0.064174737
-0.069250371
-0.072773471
-0.074366929
-0.07436667
-0.074875522
-0.073592838
-0.072666307
-0.067638244
-0.059619963
-0.050097196
-0.043371454
-0.041150399
-0.04103336
-0.036679963
-0.039279876
-0.038258875
-0.042956332
-0.033843949
-0.030829383
-0.031763558
-0.029884371
-0.028638384
-0.021770886
-0.019819132
-0.012684962
-0.0072880284
0.0019582519
0.0092767225
0.012989884
0.019812079
0.025171315
0.027554913
0.030490833
0.032198933
0.036993722
0.038163243
0.03796945
0.036447767
0.034006154
0.03085738
0.028329564
0.024518516
0.019922228
0.017540481
0.016798645
0.014019326
0.01367515
0.011217229
0.012202135
0.011350426
0.010591629
0.0083470294
0.006703291
0.0037581093
0.0025873836
0.0017256688
0.0020536814
0.0020923385
0.0028758064
0.0046237439
0.0050686937
0.0059180109
0.006876101
0.0067540259
0.0061196283
0.0063273152
0.0076612738
0.0068448988
0.0054303128
0.0048461751
0.003931942
0.003798921
0.0051793765
0.0052487401
0.0046134557
0.0039222491
0.0038802728
0.0050299745
0.0053522693
0.0027120703
0.0031485604
0.0047869244
0.0066265357
0.00089243061
-0.0040990316
-0.0022232471
0.00075860132
0.0040383995
0.0039928959
0.0060182364
0.0058056995
0.0021847342
0.0046768609
0.0005323533
-0.0025977634
-0.0030383186
-0.0027424398
-0.0016546926
0.0005846031
0.0022710566
0.0042881396
0.0057765656
0.0045135114
0.0032210495
0.0022665356
0.0023306981
0.0013369247
-0.00053807418
-0.0022260217
-0.0013394885
-0.00094018771
-0.0013714928
-0.0032311943
-0.0053236809
-0.0075155197
-0.01199489
-0.013940141
-0.015410768
-0.019453456
-0.014475926
-0.012982857
-0.01403786
-0.012993065
-0.01473756
-0.014677994
-0.019133438
-0.022638887
-0.028580647
-0.0318691
-0.032642767
-0.024635563
-0.020771749
-0.020513091
-0.022443281
-0.020515449
-0.022135667
-0.027251441
-0.033963945
-0.041313758
-0.048650555
-0.055576335
-0.058991765
-0.064973735
-0.068590271
-0.0704546
-0.073488899
-0.075888288
-0.076201987
-0.078468849
-0.075017828
-0.07308793
-0.067738191
-0.057718823
-0.044765407
-0.042411152
-0.046520495
-0.039470354
-0.038992173
-0.039247108
-0.038932264
-0.041970308
-0.033265506
-0.034382997
-0.036438334
-0.036517957
-0.034248535
-0.029356973
-0.021833507
-0.015311263
-0.011063997
-0.0053608173
-0.0014572292
0.0026467695
0.0081953669
0.015814558
0.017839659
0.02052669
0.022403995
0.026411098
0.029375746
0.028024853
0.024237108
0.026485208
0.024388552
0.0213097
0.019944139
0.019054676
0.020012809
0.017461944
0.016603235
0.014573243
0.015720746
0.015792983
0.016124313
0.01373052
0.0092917473
0.006188363
0.0056784788
0.0050898297
0.0049809415
0.0049487955
0.0041374886
0.0048521217
0.0045069465
0.0052429585
0.0065446045
0.006306864
0.00743296
0.0090002274
0.0096305338
0.0088110069
0.0085204802
0.0086396828
0.0090327881
0.0084466874
0.0067588846
0.0060787404
0.0069399279
0.0070392875
0.0072994362
0.0091807886
0.0075239999
0.0062584389
0.0052280417
0.0038884934
0.0044341983
0.0055582364
0.0033037362
0.00037397505
-0.0006570529
0.0012827159
0.0037135211
0.0090708383
0.010064717
0.0059778822
0.0060994241
0.004591573
0.0035004056
0.0005301154
0.0035305288
0.0072690288
0.0068400072
0.0083678578
0.010266971
0.011578713
0.013695297
0.013870844
0.011164624
0.013115164
0.01349402
0.013659285
0.010534662
0.0060975899
0.0057815983
0.004052165
0.002463404
0.00034523311
-0.0049732918
-0.0094792003
-0.0087090388
-0.012449422
-0.014747123
-0.018930846
-0.014515545
-0.012610845
-0.01332431
-0.014185017
-0.015472569
-0.015012116
-0.02191299
-0.023341185
-0.030462639
-0.034668572
-0.031799931
-0.025284269
-0.021993651
-0.023601232
-0.024864985
-0.023027298
-0.022584349
-0.029030979
-0.0352716
-0.04180466
-0.048541851
-0.056577849
-0.06096722
-0.064043467
-0.067955061
-0.069127055
-0.074236711
-0.072149399
-0.071406395
-0.070955234
-0.073729842
-0.069850173
-0.064187419
-0.050057118
-0.043463277
-0.04206005
-0.037790721
-0.032971124
-0.034882934
-0.033965077
-0.031658203
-0.029991345
-0.025808941
-0.027788707
-0.029625184
-0.026440753
-0.023179067
-0.021098637
-0.016979998
-0.01288186
-0.0092217667
-0.0060061795
-0.0041863988
-0.0022929338
0.00023272343
0.0040838712
0.0072583382
0.0090242631
0.012968835
0.018032576
0.020381281
0.018315617
0.017451194
0.017358166
0.015890607
0.016950312
0.014562966
0.012992252
0.01500186
0.013259054
0.010669662
0.011938962
0.012102907
0.01112992
0.011814068
0.0093865514
0.007387084
0.0047260055
0.0048129895
0.0024596461
0.0021207272
0.0045990294
0.0053739526
0.0073882496
0.0077971588
0.0062658394
0.0082373437
0.0077137082
0.0096585784
0.0083369025
0.010688178
0.012430652
0.0095180636
0.010053812
0.012013889
0.0093458363
0.0097614546
0.0090600376
0.0067763472
0.006495709
0.0074931248
0.010524254
0.011075286
0.01036268
0.010207696
0.010439209
0.0081233989
0.0075723527
0.0045938077
0.0089915165
0.011964591
0.007065993
0.010772973
0.009839411
0.012026715
0.010340692
0.008210103
0.0061848449
0.0069283964
0.0058431227
0.0066626096
0.0073070501
0.0097054925
0.011398354
0.012045448
0.013129613
0.011453352
0.013890579
0.015346722
0.015364354
0.016282728
0.015201975
0.014596333
0.01229242
0.0095246768
0.0052931404
0.0010095548
0.002381964
-0.00032084642
-0.0058644521
-0.0021257318
-0.0062323339
-0.0090256708
-0.0094081825
-0.0077779896
-0.0084114035
-0.011628404
-0.014556661
-0.014005968
-0.014537163
-0.018851731
-0.019908156
-0.02231876
-0.023114834
-0.023934001
-0.01942857
-0.020364508
-0.022646927
-0.025023847
-0.025721156
-0.025743977
-0.02708412
-0.029180532
-0.034831386
-0.042664646
-0.049622938
-0.054121585
-0.057491735
-0.061079643
-0.061902094
-0.064907266
-0.060683685
-0.058447817
-0.065039033
-0.064217163
-0.060872068
-0.053179613
-0.039825791
-0.032717561
-0.028767542
-0.023213445
-0.018686158
-0.013501161
-0.013288119
-0.011595328
-0.010357823
-0.0090060484
-0.0095518784
-0.010070051
-0.0099458023
-0.009237758
-0.0085986972
-0.0057398384
-0.0037198787
-0.0012840978
0.0021345928
0.0040574117
0.006537558
0.0083323605
0.010215589
0.011907698
0.012530451
0.01404127
0.013415306
0.015852201
0.014498145
0.012627609
0.012621717
0.0095970408
0.0084027745
0.0077934817
0.0059472338
0.0070255143
0.0044587405
0.0038661085
0.0039972092
0.0053438892
0.0040066429
0.0046741992
0.0058414153
0.005297425
0.0038094394
0.003026115
0.007095471
0.0062636351
0.0054395809
0.00483276
0.0082844231
0.0096841476
0.013098987
0.012909334
0.011512241
0.011368809
0.012175583
0.011475525
0.012060151
0.011961451
0.013582282
0.01589994
0.01427439
0.013455998
0.013788018
0.015292557
0.011822739
0.011294039
0.01290261
0.013188894
0.012341995
0.014436498
0.011592599
0.0078949238
0.0062369668
0.003160357
0.0063583862
0.013321458
0.015158653
0.012980314
0.014465423
0.013252873
0.011408453
0.010664594
0.011809922
0.011017423
0.0081390808
0.0080185737
0.0087643558
0.010558211
0.011398577
0.012243468
0.012557994
0.012328443
0.014215391
0.014805696
0.014612767
0.014265743
0.0136139
0.012354918
0.009366992
0.0055706969
0.0026828134
0.0014713597
0.0015905431
0.0014172006
-0.00066594278
0.0023766391
0.0013932865
0.0017051872
4.3629265e-05
-0.0022133477
-0.0042737603
-0.0048535968
-0.010577699
-0.014649449
-0.015313283
-0.013989179
-0.01334003
-0.016232199
-0.016505176
-0.017296806
-0.010749613
-0.01234488
-0.019165472
-0.022516299
-0.026479237
-0.025142549
-0.027467497
-0.026880979
-0.031618276
-0.035904779
-0.042688797
-0.045843795
-0.050853478
-0.053692532
-0.054361896
-0.0499116
-0.04778799
-0.048877713
-0.051256835
-0.049491682
-0.043046478
-0.034504261
-0.023679904
-0.011850874
-0.0043270661
-0.0046279156
-0.00027163784
0.00115677
0.0010416574
0.0033808108
0.0094909886
0.011053482
0.011719671
0.0073845616
0.0092185907
0.0047188233
0.0057357127
0.0087403344
0.0088015072
0.01148436
0.010401999
0.013331077
0.014398688
0.016096414
0.018008363
0.017761792
0.015749824
0.01816434
0.014064836
0.013228769
0.011843322
0.0088648236
0.0067108074
0.0029239821
0.002249725
0.0025144649
0.0011297241
-0.0014126966
-0.00052505136
0.00054919788
0.0017227541
0.001764312
0.0028886136
0.0047153442
0.0051198503
0.0054813678
0.0068054225
0.0071172348
0.0073343149
0.0081890073
0.0084456835
0.010373966
0.012002093
0.0142051
0.016888374
0.017796714
0.017670482
0.016606945
0.015581409
0.013888155
0.015037926
0.016074226
0.020092329
0.023756292
0.024411819
0.023592798
0.023549145
0.022728353
0.016274414
0.013016559
0.011925969
0.010041585
0.0071830996
0.0068952915
0.0076440456
0.0018909716
0.0046917414
0.0094285708
0.01037929
0.011171516
0.012167845
0.012398728
0.011329352
0.011783732
0.009948535
0.010793153
0.010545787
0.0109537
0.010280113
0.010203382
0.01029885
0.01149682
0.011862129
0.012776352
0.013304965
0.014559949
0.015359735
0.016850386
0.017427765
0.016859951
0.016360741
0.014571543
0.011866786
0.0077404763
0.0068489899
0.0040066494
0.0051951557
0.0035463154
0.004315461
0.0067944975
0.0055847298
0.0031219363
0.0017766679
0.0015387573
-0.0012137106
-0.0017128861
-0.004076115
-0.0078253194
-0.011275144
-0.013776415
-0.012604915
-0.012230404
-0.012387981
-0.015164566
-0.0069650107
-0.0060357443
-0.015818464
-0.01676302
-0.017977426
-0.019062061
-0.020726481
-0.022539769
-0.025935931
-0.027893958
-0.032623887
-0.036428672
-0.037674427
-0.040070814
-0.039195836
-0.030763822
-0.031905356
-0.034252386
-0.035020089
-0.031728596
-0.023958328
-0.016305592
-0.0074457579
0.0046583364
0.013802512
0.0089311245
0.0079361086
0.0091070982
0.0078909814
0.012964455
0.019319393
0.022165193
0.022985437
0.021905554
0.01904314
0.01678356
0.017311723
0.017914029
0.016473209
0.015643376
0.015667522
0.016888925
0.016223768
0.015239314
0.01493663
0.014392486
0.012123492
0.013304392
0.010803516
0.010779081
0.0071598799
0.0034738674
-0.00076784356
-0.0025632704
-0.005525651
-0.0055902455
-0.0059172544
-0.0061743166
-0.0072471175
-0.0058328731
-0.002530647
-0.0012940032
-0.00086741553
0.0012066171
0.0010717302
0.00047077641
0.0022191666
0.0053916507
0.0074216128
0.0084035368
0.01019822
0.013112814
0.014625364
0.016412192
0.018921049
0.019006301
0.019406793
0.019458167
0.018672227
0.018046001
0.020078769
0.02086852
0.02481532
0.027890851
0.028024941
0.026690409
0.027214182
0.023975175
0.019074628
0.016810443
0.014041858
0.011633336
0.008562893
0.008587206
0.0040382048
2.5246552e-06
0.0040450896
0.0063126759
0.0081051407
0.0078505197
0.0074601629
0.0070474855
0.0078875823
0.0059641963
0.0061278668
0.0070616108
0.0077203516
0.0083855334
0.01075339
0.010691252
0.011022081
0.011389749
0.012630615
0.013892371
0.014854913
0.015399598
0.016436119
0.017150506
0.019579415
0.02065001
0.020347679
0.019250677
0.01836304
0.015500245
0.013959158
0.011069331
0.01158838
0.00924143
0.0077750973
0.010319205
0.0079844199
0.004491458
0.0040201122
0.0021557563
0.0012600039
0.0014116675
0.0012721188
-0.0022659243
-0.0041910554
-0.0062519947
-0.00639777
-0.0053158687
-0.0046827966
-0.0053531033
-0.0020949323
-0.0013394999
-0.0039722457
-0.0094715588
-0.013136225
-0.013637934
-0.015796968
-0.017229278
-0.019474472
-0.019395701
-0.021983708
-0.024377968
-0.025901601
-0.025279469
-0.022571908
-0.019869173
-0.024898943
-0.021829228
-0.019782374
-0.015929856
-0.010542147
-0.0041980308
-0.00036547188
0.0081970418
0.014970521
0.0123268
0.010428433
0.013436149
0.015303275
0.015862251
0.019451262
0.0217359
0.024533026
0.024646946
0.020802938
0.022145839
0.021502933
0.018054457
0.016277171
0.014918038
0.014493322
0.014396159
0.011785277
0.010543288
0.010539358
0.0089188814
0.0077889335
0.0063426742
0.0047469816
0.0035335295
0.00025616754
-0.0037779409
-0.0075497239
-0.009606175
-0.01156809
-0.012980714
-0.013127633
-0.01355345
-0.01234728
-0.011224322
-0.0092987731
-0.0080812326
-0.005964708
-0.0046246848
-0.003877126
-0.0046189088
-0.0049950957
-0.002701147
-0.00035927912
0.0026564134
0.0079711013
0.011018308
0.013238018
0.015845749
0.017535947
0.019581149
0.021767059
0.020937416
0.018087953
0.018047971
0.019871726
0.021331549
0.021751461
0.02332461
0.023061998
0.024208376
0.022326788
0.020587436
0.015634068
0.013545796
0.0094277773
0.0067033904
0.0062413337
0.0054891378
0.006711707
0.0052674341
0.0062275521
0.0061299419
0.0049521825
0.0032910263
0.0042883938
0.0035142556
0.0047499425
0.0063310677
0.0054785932
0.0052964255
0.0078415005
0.0083040984
0.0087695137
0.0090408702
0.010062697
0.0099906971
0.011223339
0.011665819
0.012268431
0.013443423
0.016349333
0.017505579
0.018649863
0.020302611
0.022399338
0.02331435
0.023605048
0.023204525
0.020558464
0.018403493
0.017878627
0.015339496
0.012679611
0.015882664
0.011258516
0.010018803
0.0077321641
0.0053094703
0.006005172
0.00625156
0.0042311534
0.0043637424
0.0028308612
0.0022082656
0.0019176091
0.001557414
0.0024898267
0.0012203682
0.002647577
0.0051420204
0.0058679428
0.0018766998
-0.0029602709
-0.0074132338
-0.0087161944
-0.010172445
-0.010254001
-0.010818858
-0.011939226
-0.01236446
-0.01197644
-0.011083705
-0.0070482439
-0.0082682294
-0.013950655
-0.016854
-0.01346061
-0.0080036181
-0.0041186063
0.0023287646
0.0034218817
0.0076071373
0.010234677
0.0087607493
0.0086302116
0.012091329
0.012980841
0.010974386
0.012041978
0.015486184
0.018282725
0.019249933
0.018772297
0.016553422
0.017974075
0.016117982
0.013177327
0.01198422
0.010464902
0.010519762
0.0099292073
0.007340546
0.0056988366
0.0041088703
0.0030060452
0.0024966748
0.0020819963
0.0010374222
-0.0011976064
-0.0043948775
-0.0090599612
-0.011493326
-0.013554581
-0.014849867
-0.013953345
-0.01507719
-0.014667403
-0.013350434
-0.012608102
-0.011150856
-0.0095443512
-0.0093051518
-0.0078393828
-0.0071473207
-0.0064171524
-0.006849515
-0.0053796138
-0.0018470839
0.00078039322
0.0040612183
0.0077931254
0.011693313
0.012921054
0.015406276
0.017759843
0.017707417
0.016201656
0.015872975
0.015000185
0.01614264
0.017742248
0.019669742
0.018566934
0.017883906
0.01604756
0.014313281
0.011859925
0.010722233
0.0088114643
0.0071862881
0.0057840734
0.0063624478
0.0097085257
0.0087847732
0.0088480878
0.0085680823
0.0059089313
0.0044763794
0.0016150868
0.00060188215
0.002387782
0.0023535065
0.0043375161
0.004589976
0.0052368455
0.006570205
0.0068381504
0.0064840217
0.0061934372
0.0070095721
0.0080949671
0.0092351395
0.0095458554
0.010508042
0.012814139
0.014482864
0.015973762
0.016946156
0.01882997
0.020417919
0.023012891
0.02473653
0.02526379
0.022779622
0.020822369
0.021195177
0.01907316
0.020531839
0.018919062
0.016983134
0.013921415
0.012450794
0.010976315
0.011461985
0.0095906276
0.0073826912
0.008216235
0.0071150204
0.0079531511
0.0086195592
0.0078054112
0.0082572452
0.0082905026
0.013648779
0.013030613
0.0084523306
0.0063490282
0.0017098056
-0.0020657269
-0.0053854467
-0.0052001805
-0.0056729779
-0.0059050564
-0.0054736207
-0.0044548217
-0.0018149867
0.00090534283
-0.0019274377
-0.0066994228
-0.0082034243
-0.0086380477
-0.0096448412
-0.0062738812
-0.0028436727
0.0017179074
0.0046876719
0.0043337545
0.0024327727
0.0032060914
0.0032492666
0.0032540558
0.0023383412
0.0008761126
0.0034327033
0.0076102118
0.011384067
0.011506638
0.010853145
0.011190256
0.011436222
0.010639082
0.0082762463
0.0076446848
0.0069099047
0.006448728
0.0046467077
0.0024479247
0.0014086892
0.0015028644
0.0012676324
0.00072258137
-0.0002301272
-0.0012587099
-0.0037755049
-0.0069353623
-0.0092481711
-0.010600714
-0.011292225
-0.012257402
-0.012225761
-0.012362593
-0.012035781
-0.011413389
-0.0091340981
-0.0096134439
-0.0086021863
-0.0077319709
-0.0077345287
-0.0060510953
-0.0053424277
-0.0036438145
-0.0030197846
-0.001792216
0.0014213944
0.00377825
0.0066025862
0.0096050179
0.011566249
0.013141248
0.014203321
0.0147213
0.013521929
0.01214149
0.011365912
0.012692454
0.013625206
0.012957387
0.012919684
0.013216831
0.011637506
0.011018906
0.011661133
0.0082137481
0.0055565824
0.0057820759
0.0084545337
0.0097171025
0.0079640952
0.0068504363
0.0075897452
0.0069840386
0.0051671902
0.0042518924
0.0041926242
0.0022944089
0.0022510829
0.0027399733
0.0035923
0.003458611
0.0044298468
0.0042062463
0.0040872407
0.0039596069
0.0045443651
0.0057083699
0.0067663797
0.0073724666
0.0073969584
0.0073903069
0.00972919
0.011343025
0.012903139
0.014181302
0.015108327
0.017745115
0.022033478
0.024524685
0.023032347
0.022882792
0.024085207
0.023699267
