0.0014711036
0.0013450822
0.00076838791
0.00012365651
-0.00076677606
-0.0016988897
-0.0015120089
-0.00045165544
-0.00039488118
-0.00092480293
-0.0020578996
-0.004509622
-0.0048557382
-0.0041326212
-0.0024675641
-0.00091615071
0.0008443509
0.00068442921
-0.00092617308
0.0010156777
0.002007047
-0.00040122074
-0.0011480166
-0.0019890691
-0.0020467972
-0.001789217
-0.0023771222
-0.0029197956
-0.0027945348
-0.0031897692
-0.0028223457
-0.0028910982
-0.0042625974
-0.0044557796
-0.0049564459
-0.0051011727
-0.0050233602
-0.0060140782
-0.0055187858
-0.0051566236
-0.0048901204
-0.0041012529
-0.0035296714
-0.0035953273
-0.0039689783
-0.003985597
-0.0055309556
-0.0060529831
-0.0053063123
-0.0060847276
-0.0052891547
-0.0063812167
-0.005596514
-0.0054594296
-0.0050404032
-0.0055063013
-0.0055278305
-0.0062982936
-0.0085191903
-0.0089700304
-0.0066270706
-0.0032666434
-0.0036987674
-0.0051401711
-0.0056482327
-0.0065141491
-0.0078498853
-0.007579744
-0.0070980808
-0.0060810317
-0.0047011922
-0.0042124097
-0.0012638677
-0.0011025806
-0.0015333123
-0.0017896991
-0.00016810226
0.001492123
0.0023745659
0.0023380917
0.0039625026
0.0057659179
0.0052005983
0.0041918463
0.0028009549
0.0039223641
0.0040746774
0.0057347197
0.0067779495
0.0064167148
0.0069723097
0.0051416418
0.0048030273
0.0048891858
0.0046904738
0.0044206755
0.0038514124
0.0036534229
0.0044846517
0.0059143172
0.0047400994
0.0045111689
0.0039549166
0.0035740588
0.0042852908
0.0039447356
0.0031326106
0.0029960481
0.0032683743
0.0039183176
0.0042260333
0.004423294
0.0052764861
0.0061850692
0.0060223579
0.0074781152
0.0117237
0.012403912
0.013916112
0.014799896
0.014623619
0.014594197
0.013269323
0.012580327
0.0092613085
0.0087626364
0.0077147834
0.0063714808
0.0035967921
0.0017958889
0.00047240062
0.00066541922
0.00070854432
-0.00019379968
-0.00048838119
-0.00049978331
-0.0011014191
6.6576862e-05
0.0012548571
0.0014489489
0.00099895684
0.0013895545
0.00173283
0.0023521456
0.0014753413
0.00064412058
-5.523486e-05
-0.0010799599
-0.0015771631
-0.0020691658
-0.0017182923
-0.0012367715
-0.001977919
-0.0021084667
-0.0029950262
-0.0039622655
-0.0040007801
-0.0038965623
-0.0029376361
-0.00057569098
0.00048584603
0.00068076045
0.00016761465
0.0012501341
0.0013474868
-0.00033773233
-0.0014883411
-0.0027026976
-0.0022622156
-0.0031278167
-0.0026956698
-0.0027694468
-0.0032771508
-0.0039115115
-0.0040349851
-0.0049305873
-0.0056262485
-0.0057341384
-0.004983083
-0.0052916737
-0.0065435473
-0.006441108
-0.005022165
-0.0019978341
-0.0012916775
-0.00059093589
0.00029007011
0.00096653081
0.00061368465
0.00012630799
-0.0020627027
-0.0022544816
-0.0018353452
-0.00215391
-0.0020259153
-0.0021005995
-0.0019339869
-0.001306259
-0.001528925
-0.0012114876
-0.0007573809
-0.001457262
-0.0029786977
-0.0025848837
-0.00019614161
0.0015164681
0.00051182838
-0.0017381512
-0.003670615
-0.0052588674
-0.0063085721
-0.0069026239
-0.0069220259
-0.0048413352
-0.0040174275
-0.0025150539
-0.0031289522
-0.0051109044
-0.0037390725
-0.0018616251
0.00012290713
-0.00026695876
0.00029698146
0.0023001365
0.002942765
0.0034981251
0.0028560375
0.0019293002
0.0035113641
0.0036631636
0.005988827
0.0055352346
0.0056965793
0.0066895693
0.0064276066
0.0042922628
0.003920343
0.002564525
0.002597401
0.0025864406
0.0026971039
0.003085304
0.0031237111
0.003051532
0.0024045645
0.0021841027
0.0017996962
0.0022230215
0.0016551941
0.0010549103
0.001580304
0.0018873778
0.002274146
0.0030286588
0.0034690688
0.0041371466
0.0049486946
0.0052425926
0.0052848285
0.0081749132
0.011728155
0.014902818
0.015846378
0.015906464
0.013613482
0.012985139
0.010879638
0.0088998486
0.0072274686
0.0072900503
0.0050663878
0.0040939529
0.0037922382
0.0017225724
0.0013339983
0.0015874629
0.0010591013
0.00045320972
1.1984955e-05
-0.0013701664
-0.0010967103
-0.00018383603
0.00049282826
0.00053670442
0.0020097175
0.0022058779
0.0021829843
0.0020307819
0.0004935331
-0.00090941035
-0.00092515137
-0.0025001261
-0.0021331311
-0.0032560059
-0.0028933973
-0.0025311425
-0.0031736334
-0.0037273543
-0.0048328728
-0.0041291146
-0.0036806593
-0.0027470539
-0.0021736756
-0.0021903681
-0.0015851539
-0.00077621538
7.2975399e-05
-0.0012443562
-0.0016120976
-0.0026686421
-0.003286137
-0.0036952981
-0.0037304496
-0.0046010894
-0.0057745595
-0.006044584
-0.0061325615
-0.0078501731
-0.0086198972
-0.0094228702
-0.010207659
-0.010828942
-0.011330525
-0.011252996
-0.010066874
-0.0082940353
-0.0051740739
-0.0022334009
0.0010165071
0.0011668842
0.0018734506
0.0026507335
0.0034801172
0.0025723702
0.0011299744
0.00016400694
-0.00071056836
2.6122557e-05
0.00098243864
0.00096905612
0.0009579052
0.00084262038
9.2275078e-07
0.00029816403
0.001245713
0.0015632148
0.0031317802
0.0044908547
0.0050410215
0.0046019223
0.0034044529
0.00092780395
-0.0026769454
-0.003866467
-0.0044927817
-0.0042607836
-0.0046249343
-0.0057890621
-0.0063663886
-0.0067915542
-0.0064796659
-0.0062901909
-0.0049817356
-0.0040994772
-0.0045699555
-0.0048871135
-0.0052929113
-0.0026106945
-0.00094245463
0.00013634465
-0.00030402332
-0.0013616152
0.00097762731
0.0030738801
0.0039730145
0.0049281113
0.0052650797
0.0042838831
0.0038680401
0.0027809435
0.00084833348
-2.7196018e-05
-0.00019136087
0.0010851413
0.00057672718
0.00043108058
-0.00014297494
-0.00066848727
-0.00030990881
-0.0002088305
-0.00030609053
-0.0005942297
-0.00099689142
0.00026176541
0.00051102355
0.0005027632
0.00093000147
0.0013841238
0.0021718823
0.0026566288
0.001899092
0.0036084178
0.0032227051
0.0080465157
0.012581982
0.012469495
0.01092203
0.0090677124
0.0090260112
0.0082934063
0.0049065312
0.0052525208
0.0040258354
0.0010500932
0.0014983708
0.0012532832
0.0023638374
0.0011738839
-0.0013963916
-0.00077320438
-0.0002840642
-0.00070039581
-0.0012454995
-0.0010792827
-0.0011386658
0.00012761602
0.00069150642
0.00079855988
0.00081373041
0.001046314
0.00059772243
0.00064068049
-0.0019874507
-0.0026609558
-0.0037361282
-0.0045087549
-0.0050452123
-0.0052006795
-0.0055535423
-0.0063472617
-0.0068100675
-0.0069588858
-0.0076269434
-0.0074293869
-0.0076467976
-0.0063004359
-0.0052720815
-0.0039373651
-0.0045443502
-0.0043481369
-0.0055479234
-0.0068512411
-0.0072748261
-0.0078637951
-0.0085555166
-0.0095860829
-0.0095481587
-0.0094142514
-0.0099579987
-0.012330595
-0.013545245
-0.016326444
-0.017796857
-0.019305405
-0.020706858
-0.022678683
-0.021758309
-0.021384676
-0.016559549
-0.014234631
-0.010257072
-0.0041427731
0.00027870732
0.0035366384
0.0026099726
0.0030739177
0.0028631964
0.003341433
0.0015856265
0.0006426372
-0.0003726747
0.00084623809
0.00013334685
0.00059007144
0.00089930765
0.001384104
0.00052198008
0.0011222605
0.0026717864
0.0058129282
0.007958665
0.0083608976
0.0073832653
0.0076681322
0.0053366706
0.00030907345
-0.0030718599
-0.0035617816
-0.002775118
-0.005158275
-0.0072363972
-0.0088904845
-0.0081691015
-0.0074017359
-0.010189446
-0.0095568324
-0.0084565803
-0.0074547398
-0.011706118
-0.0130235
-0.010615925
-0.0071855411
-0.0059712596
-0.0051455986
-0.0049867606
-0.00496748
-0.0013601654
-0.0003243219
0.0004264703
-0.00064447063
-0.00095807392
-0.001089887
-0.00073875527
-0.0021906513
-0.0032283447
-0.0034039728
-0.0033186967
-0.0039213295
-0.0044897972
-0.0050411267
-0.005030221
-0.0047584739
-0.003942248
-0.003443718
-0.0033990514
-0.0026620701
-0.002658078
-0.0024362079
-0.0022445825
-0.0019924883
-0.0013072778
-0.0011193803
-0.00096226509
-0.00084179001
0.00077099525
0.00069083564
0.0032959112
0.0036872333
0.0036108522
0.0019090542
0.0030804869
0.00080024834
0.00074736893
0.0017117535
0.0016118979
0.00022549563
-0.00053134686
-0.0023303457
-0.0055877012
-0.0054201705
-0.0040312492
-0.0042685913
-0.005345401
-0.00415624
-0.0035449277
-0.0034198261
-0.0043148615
-0.0031733931
-0.002458474
-0.0019580585
-0.0011120966
-0.0011647007
-0.0014539288
-0.001164606
-0.0013593574
-0.0015032424
-0.0049253911
-0.005820515
-0.0059290787
-0.0066159925
-0.0077388339
-0.0083704681
-0.009561604
-0.010639268
-0.010915598
-0.012842001
-0.012526449
-0.012615493
-0.012781931
-0.01141046
-0.0078328652
-0.0062489144
-0.0086461006
-0.010817846
-0.012071789
-0.013082869
-0.014537602
-0.015168892
-0.017108017
-0.019162542
-0.018089643
-0.018160817
-0.018763896
-0.02006814
-0.022855353
-0.025393418
-0.028231157
-0.03042252
-0.032489854
-0.034231279
-0.032932003
-0.031175146
-0.026290996
-0.021816288
-0.018380551
-0.010687128
-0.0049704609
-0.0031788023
-0.0014299671
-0.001868771
-0.0018137039
-0.00096200605
-0.0015394
-0.0016162886
-0.00084598882
-6.6880046e-05
-0.00048218095
-0.00098457324
-0.001801679
-0.0028535888
-0.0020537103
-0.00048399496
0.0021026227
0.0061108079
0.0079039256
0.0093542647
0.0066996265
0.0065998518
0.0038096368
0.002049819
0.0015196169
-0.001110834
-0.0022969769
-0.0043544291
-0.0062356088
-0.0079783579
-0.0053218669
-0.007330331
-0.010872023
-0.011352813
-0.012959831
-0.013711511
-0.015727812
-0.013868473
-0.012381255
-0.010797083
-0.009431133
-0.0099771481
-0.010150522
-0.011717827
-0.0093757949
-0.0085563431
-0.0066435
-0.0058650374
-0.0068666035
-0.0068284316
-0.0067954922
-0.0068086366
-0.0063646485
-0.0067465934
-0.0064357747
-0.0068121192
-0.0071490815
-0.0071430455
-0.0075320033
-0.0067934056
-0.0065860967
-0.0063481505
-0.0055951638
-0.0045940456
-0.0048481249
-0.0036414639
-0.0034833479
-0.0033076211
-0.0031851139
-0.0027472264
-0.0022178516
-0.00073341115
-0.00075739357
-0.0018810118
-0.0039272102
-0.0033641799
-0.0013745222
-0.0014554077
-0.0039151974
-0.0056296385
-0.0064571146
-0.0058057516
-0.0055101885
-0.0066117751
-0.0075870687
-0.0099069431
-0.010918122
-0.01023493
-0.0087799458
-0.0094516456
-0.0095873535
-0.008372473
-0.0073003345
-0.0069013075
-0.0060957852
-0.0054341293
-0.0046088535
-0.0037277021
-0.0029009752
-0.002608186
-0.0033970835
-0.0037653837
-0.004031069
-0.0041892582
-0.0067735181
-0.006950105
-0.0069793518
-0.0079439646
-0.0090973697
-0.0093767284
-0.013093626
-0.015712082
-0.017203932
-0.018387995
-0.017302788
-0.017855074
-0.017127977
-0.01420288
-0.011335231
-0.01042269
-0.012899962
-0.015474602
-0.017724101
-0.021303205
-0.022387226
-0.023019739
-0.026300332
-0.027074513
-0.026854023
-0.024508116
-0.023999986
-0.026868191
-0.02836784
-0.031965163
-0.033819683
-0.036631127
-0.041170862
-0.042283722
-0.042228164
-0.043218063
-0.043355182
-0.038061352
-0.031925402
-0.024762782
-0.021351053
-0.020170809
-0.018093389
-0.015257177
-0.015362785
-0.012617587
-0.011100451
-0.010472436
-0.0087877754
-0.008560421
-0.0076626291
-0.0092828935
-0.00915419
-0.0085653351
-0.0085310009
-0.0061451522
-0.0019895222
-0.002167767
0.002539048
0.00089975493
-0.00030475641
0.0056226201
0.0078168283
0.0059158025
0.00445572
0.002966228
0.0023143351
-0.0012113391
-0.0029655603
-0.0029473637
-0.0021266504
-0.0039619229
-0.0067552137
-0.0058626136
-0.0074188952
-0.011767222
-0.012148561
-0.010079699
-0.0090741655
-0.0093929931
-0.0090003609
-0.009919446
-0.010122916
-0.0092847327
-0.0092577413
-0.0083646342
-0.0068993096
-0.0064541892
-0.0068647185
-0.0068474867
-0.006541337
-0.0059876247
-0.0062296431
-0.0059257094
-0.0055863112
-0.0056865719
-0.0063390138
-0.0069911146
-0.0065356783
-0.0061555058
-0.0050969827
-0.0044752428
-0.0036304136
-0.0028861959
-0.0027756349
-0.0021646131
-0.0023527057
-0.0019005926
-0.0020766536
-0.0014088125
-0.0010523455
-0.0012910404
-0.0049020494
-0.0068777766
-0.0062177314
-0.0032659073
-0.0055125115
-0.0077131227
-0.0081582367
-0.0094903155
-0.010130459
-0.011457386
-0.010410166
-0.012298208
-0.013072366
-0.014249872
-0.014736039
-0.014012952
-0.012967554
-0.012214549
-0.012591467
-0.011838013
-0.011052958
-0.0088138178
-0.0068789694
-0.0051800092
-0.0047209773
-0.0039871691
-0.0040131444
-0.0043860214
-0.0049643272
-0.0059755778
-0.0065126031
-0.0062659218
-0.0076217756
-0.0080376523
-0.0085984781
-0.009112859
-0.0094745565
-0.010953436
-0.014544778
-0.020544449
-0.022276257
-0.021215881
-0.021898387
-0.02130859
-0.017795056
-0.01549566
-0.012787777
-0.01007964
-0.012405659
-0.017012205
-0.020993935
-0.02435806
-0.026305368
-0.026669969
-0.028353249
-0.026843354
-0.025743749
-0.028357529
-0.031901694
-0.031578926
-0.033184421
-0.037875485
-0.044137298
-0.047276766
-0.052622607
-0.055040436
-0.055551862
-0.057781415
-0.059507388
-0.05682062
-0.052739766
-0.048232109
-0.046054338
-0.037074908
-0.039595606
-0.036804779
-0.033273043
-0.030551082
-0.02853856
-0.02211904
-0.022177211
-0.021308699
-0.019718489
-0.019098291
-0.014052538
-0.010737142
-0.011646349
-0.01108437
-0.0077100804
-0.0010183254
0.0078833699
0.003895916
0.0016580237
-0.0010471642
0.0037476617
0.0040890418
0.0091030382
0.0079052363
0.0068521603
0.0069822883
0.004792684
0.0048936867
0.0037721824
0.0063265946
0.0052598867
0.0035819692
0.0013791504
-0.0019826974
-0.0016425933
-0.00065810412
0.00024606491
-0.0010871515
-0.0023723987
-0.0034892528
-0.0040789149
-0.0049058835
-0.0037504326
-0.003300686
-0.0030327734
-0.0033330021
-0.0024856716
-0.0025854633
-0.0024894646
-0.0032036519
-0.0022962666
-0.0024460863
-0.0026892886
-0.002545454
-0.002286307
-0.002173853
-0.0018581552
-0.0017848146
-0.0021042925
-0.0015654852
-0.0013286746
-0.0014612582
-0.0011135048
-0.0014330838
-0.0014788132
-0.0016674489
-0.0017082324
-0.0012286339
-0.0015362041
-0.0029118035
-0.0094949963
-0.0095168379
-0.0066111981
-0.0066100539
-0.0071485891
-0.0089479848
-0.0099043327
-0.01382726
-0.012103233
-0.014401232
-0.014809118
-0.016187503
-0.016512646
-0.016511122
-0.016639907
-0.017136008
-0.016082456
-0.01524357
-0.015483222
-0.011491359
-0.0072680051
-0.0064924808
-0.0053633006
-0.004339527
-0.0048688021
-0.0049575462
-0.0050093731
-0.0048568946
-0.0061076068
-0.0063287808
-0.0077525999
-0.0075513436
-0.0092090885
-0.010293595
-0.011445495
-0.01119307
-0.011127118
-0.013238981
-0.018907908
-0.020292318
-0.022216971
-0.022316662
-0.023917872
-0.02189072
-0.020030773
-0.020053592
-0.013822708
-0.0077597802
-0.01075947
-0.016144048
-0.019985636
-0.021927799
-0.02544316
-0.026951047
-0.028060231
-0.025726395
-0.027866572
-0.034029877
-0.03622665
-0.036495454
-0.040593247
-0.046934965
-0.054044468
-0.058764715
-0.062441404
-0.063528254
-0.063331577
-0.062501262
-0.064311165
-0.060129929
-0.059691565
-0.059574526
-0.057741787
-0.04855932
-0.05332009
-0.052842467
-0.052023058
-0.045043937
-0.043828905
-0.034885932
-0.02677969
-0.032368599
-0.021260806
-0.022829306
-0.019947212
-0.015559558
-0.016853856
-0.0050157887
0.0028110625
0.0018614434
0.0051395111
0.0092805876
0.014157234
0.010444033
0.018021841
0.016831264
0.018662638
0.017715238
0.016944848
0.013649478
0.011955422
0.012983072
0.013179864
0.012029488
0.0124401
0.010585188
0.010094725
0.0097505936
0.0091872756
0.0078092494
0.0073536326
0.0053498352
0.0041303654
0.0015436557
0.0011938252
0.001091785
0.00048219842
0.0011718772
0.0016815386
0.0013808186
0.00048979052
0.00049785823
0.0015128378
0.0010965141
0.0016651672
0.0013199107
0.0014182145
0.0012847417
0.0015377335
0.0012400597
0.0016243461
0.00084895565
0.00086957223
0.00048771324
0.00040632188
0.00082820877
0.00060038473
3.7676362e-05
0.00048448508
-0.00076419114
-0.0014897807
-0.0021300701
-0.0020383151
-0.0041893285
-0.011808487
-0.011082237
-0.0079644913
-0.0063833544
-0.0080848732
-0.011144545
-0.01318105
-0.016316248
-0.016304401
-0.016618845
-0.015803407
-0.016384385
-0.016978372
-0.01730974
-0.017336774
-0.014150761
-0.01287585
-0.011188612
-0.007274307
-0.0050235447
-0.0045143088
-0.0038086776
-0.0049083049
-0.0045770791
-0.0040087884
-0.0048966875
-0.0058310359
-0.0056330334
-0.0070738426
-0.0072519801
-0.008209939
-0.0082439036
-0.011846972
-0.011889964
-0.013581076
-0.015833528
-0.01632992
-0.020296956
-0.022657679
-0.024077594
-0.021068421
-0.021438545
-0.020471358
-0.022827998
-0.021338128
-0.021469898
-0.017410127
-0.0070056666
-0.01002156
-0.015792697
-0.01992253
-0.020592948
-0.023196936
-0.029579469
-0.032574147
-0.033647107
-0.034898263
-0.039684565
-0.039614268
-0.041001486
-0.047940033
-0.054344812
-0.060429485
-0.063790857
-0.064966272
-0.066234319
-0.067716163
-0.066506197
-0.062046227
-0.058791905
-0.055387085
-0.056012713
-0.049006847
-0.05030529
-0.051520582
-0.052434288
-0.052661665
-0.049554522
-0.037564549
-0.036036851
-0.033518111
-0.03075192
-0.024916696
-0.025053353
-0.023597831
-0.013671005
-0.011427204
-0.00050721845
0.0067640242
0.0095651737
0.016223717
0.020403722
0.022863345
0.026312618
0.026593891
0.028958717
0.027976021
0.025833463
0.022747176
0.020558721
0.020603348
0.020752956
0.019952433
0.019931723
0.019661586
0.018839054
0.016209316
0.014902026
0.01536847
0.01487169
0.011939627
0.0093818281
0.0065328812
0.0055238093
0.0048395666
0.0051400343
0.0046441196
0.0052804383
0.0041368433
0.0045067504
0.0049230785
0.0049345677
0.0043978125
0.0046966487
0.004520986
0.0047580407
0.0049317633
0.0050062522
0.0048384266
0.0043934173
0.0029124487
0.0030809064
0.0025285801
0.0024244314
0.0022243713
0.0022260476
0.0012549807
0.001570631
0.00091029185
0.00016729098
-0.0022735217
-0.0024890515
-0.0038031541
-0.005696314
-0.012957369
-0.011492633
-0.0073916342
-0.0073728097
-0.0073752051
-0.010443718
-0.012363994
-0.015759321
-0.014659503
-0.012478131
-0.012744055
-0.011816604
-0.014199606
-0.0093615051
-0.0062867727
-0.0056588424
-0.0041553805
-0.00268807
-0.003446953
-0.0038062129
-0.0046181467
-0.0034261991
-0.0037296993
-0.0044742413
-0.0059944065
-0.0062665591
-0.0063551375
-0.0078662998
-0.0069887544
-0.0077517462
-0.0077337062
-0.010247053
-0.016704991
-0.018773983
-0.022942478
-0.02546765
-0.024486516
-0.025242006
-0.024241682
-0.023827131
-0.021836442
-0.020467538
-0.022164707
-0.025853816
-0.025213696
-0.021582532
-0.012823366
-0.0089052085
-0.012684575
-0.014404749
-0.018717887
-0.021384026
-0.023867054
-0.031305327
-0.039643574
-0.043593608
-0.044845206
-0.045501377
-0.046896864
-0.048764741
-0.053723202
-0.054526739
-0.05811506
-0.062626303
-0.065393184
-0.06591555
-0.064525488
-0.060941386
-0.054882391
-0.048687466
-0.046128818
-0.048891655
-0.047028444
-0.043467084
-0.039595275
-0.040960412
-0.040750004
-0.040201948
-0.029193161
-0.026361705
-0.021624331
-0.017800388
-0.014079219
-0.017702655
-0.0095274317
-0.0017261915
0.0057039046
0.010373973
0.016271481
0.021515947
0.024845112
0.03057729
0.034504104
0.035629975
0.033818841
0.033729393
0.032141831
0.029094152
0.026061757
0.02408329
0.023250482
0.024307334
0.023408088
0.026214584
0.02551363
0.025669522
0.023818927
0.024679751
0.023714323
0.020484188
0.019806545
0.015124828
0.0094419733
0.0091044862
0.010073779
0.0091020037
0.0087450403
0.0091802596
0.0090351125
0.0093419606
0.0085795532
0.0087612732
0.0079300041
0.0072470815
0.0094004245
0.0088809511
0.010331885
0.0090457045
0.0090668019
0.0094429229
0.0088790813
0.0071705821
0.0067300639
0.0071381054
0.0064869885
0.0056895601
0.0041760886
0.0032729656
0.0028961342
0.0008489713
-0.0010778105
-0.0021688087
-0.0043641663
-0.0089823629
-0.015298272
-0.013100959
-0.01150882
-0.0091289572
-0.0077509789
-0.0082556596
-0.011260933
-0.012348857
-0.013208089
-0.009059508
-0.0084482807
-0.0076417062
-0.0051676996
-0.00076321232
-0.00031567715
0.00037216872
-0.00074042555
-0.0033191775
-0.0041992375
-0.0040248267
-0.0050255816
-0.0043941512
-0.0048820827
-0.0059222419
-0.0074460316
-0.0076142132
-0.0073006862
-0.0079173461
-0.010086314
-0.011555912
-0.013920525
-0.014006848
-0.022275233
-0.023277405
-0.026907129
-0.023593084
-0.02114197
-0.023256133
-0.020848023
-0.020404985
-0.021140369
-0.022388752
-0.023585338
-0.025172899
-0.028600142
-0.023281837
-0.014122585
-0.011095284
-0.012512538
-0.01429791
-0.016110452
-0.018652413
-0.024190354
-0.032375038
-0.04071481
-0.049445409
-0.05373211
-0.055204046
-0.054163018
-0.054673121
-0.058179235
-0.057229541
-0.057993621
-0.054463873
-0.053703097
-0.051614389
-0.056005207
-0.050841616
-0.039511143
-0.027204251
-0.031815564
-0.036527341
-0.031376865
-0.025142615
-0.022167177
-0.020489032
-0.016780447
-0.012776161
-0.011401246
-0.0064600634
-0.000815921
0.00096268068
0.0058549528
0.0079659023
0.01314359
0.019286184
0.025177153
0.027247373
0.030259249
0.033360587
0.031605971
0.032759707
0.037612349
0.037377243
0.034281904
0.034286334
0.037214345
0.033180156
0.029347516
0.029629075
0.028705933
0.030654067
0.031172582
0.030893505
0.033113742
0.032972395
0.033959087
0.03407287
0.031536312
0.030302195
0.028504923
0.02292105
0.01926266
0.015694171
0.017299084
0.015114841
0.012165448
0.014001476
0.012604486
0.014625455
0.014824231
0.012310381
0.012917054
0.011476748
0.011984528
0.012262545
0.012942338
0.01229553
0.0118368
0.010674002
0.012038055
0.010688993
0.0099394936
0.0090336877
0.009290619
0.0071737378
0.0074732287
0.0061782317
0.0064180189
0.0028653751
-0.00048778629
-0.0028773501
-0.0082305033
-0.0078443375
-0.0074935132
0.0049301204
-0.0060639676
-0.008339808
-0.0037295741
-0.0081077036
-0.0076814009
-0.0090315166
-0.00660122
-0.0057124017
-0.0047050948
-0.0033193541
0.0016769124
0.0018372559
0.0018572527
0.00072951974
-0.00027123035
-0.0050730324
-0.0052052329
-0.0036972251
-0.0067332297
-0.0083724896
-0.0084500028
-0.011172948
-0.011690933
-0.013922195
-0.014111207
-0.016321302
-0.018704247
-0.017410747
-0.019162549
-0.021789256
-0.017454349
-0.016509112
-0.018008318
-0.017916203
-0.016248611
-0.014247484
-0.012713372
-0.015555625
-0.016618276
-0.017816937
-0.02078051
-0.019099203
-0.022568523
-0.017308463
-0.018807814
-0.014635764
-0.012909603
-0.013543296
-0.016163519
-0.017552638
-0.022953337
-0.028762259
-0.035899704
-0.046142711
-0.055206445
-0.060714974
-0.061342374
-0.061296519
-0.058706179
-0.052241798
-0.046407473
-0.036825111
-0.041311607
-0.041747451
-0.040402444
-0.036957013
-0.02577688
-0.010747059
-0.0083845871
-0.01405966
-0.0059636504
0.0090868638
0.018264484
0.019634457
0.022671836
0.023799633
0.026929466
0.028613578
0.028840576
0.020188089
0.023576607
0.033166792
0.039333213
0.043000185
0.046442367
0.045854864
0.047575509
0.04706084
0.044813288
0.042875929
0.043791395
0.040226318
0.038336506
0.037002996
0.038208923
0.035400496
0.033386362
0.034054346
0.033070816
0.033011679
0.032276384
0.03547762
0.039231541
0.034953622
0.036537833
0.037587801
0.034865062
0.031118212
0.031810082
0.02937854
0.024606432
0.0225841
0.023285185
0.024641
0.020116646
0.019712208
0.01883053
0.019918049
0.023250211
0.023533108
0.022984118
0.021804438
0.020637315
0.021361051
0.022743844
0.022099143
0.021237904
0.021048266
0.022227516
0.021526259
0.02128554
0.019001861
0.017211183
0.015205362
0.016425762
0.016315966
0.014258711
0.012113506
0.011125911
0.0012389117
-0.0064937088
-0.0060807313
0.0016382077
0.008513675
1.3767235e-06
-0.0016336254
-0.0029520471
-0.0011822613
-0.00070931817
-0.00076042559
-0.0010085405
0.0014265689
0.0028625579
0.003220178
0.0054323009
0.0059004806
0.0057271819
0.0037119237
0.0059876787
0.0016552597
0.00085439765
-5.6841067e-06
-0.0019909586
-0.0051110714
-0.007673048
-0.0081592454
-0.011142548
-0.012854916
-0.014348643
-0.014401909
-0.014562572
-0.015880423
-0.016586457
-0.017677261
-0.010147278
-0.011261721
-0.010477984
-0.0095446541
-0.011229061
-0.0097902085
-0.0090655227
-0.012813468
-0.011955831
-0.013360467
-0.01577203
-0.015842827
-0.019022398
-0.021854865
-0.024555257
-0.018840771
-0.018004113
-0.018298798
-0.017593086
-0.017695646
-0.020140762
-0.024088547
-0.029901829
-0.038297655
-0.045392118
-0.053545169
-0.058496066
-0.060928919
-0.056552905
-0.044539251
-0.027311131
-0.025034427
-0.027086997
-0.024608889
-0.016381252
-0.0065253441
0.0073920533
0.019927991
0.029214952
0.024107973
0.02515942
0.038829351
0.036682079
0.039018569
0.046150972
0.057900031
0.063814988
0.05914908
0.050189293
0.043252336
0.044794097
0.058341403
0.061106849
0.058667644
0.059013377
0.05685607
0.053847336
0.051060437
0.049116363
0.045962148
0.043176813
0.040172885
0.038415212
0.03361479
0.032579802
0.028810703
0.026231067
0.027553555
0.026317285
0.026888217
0.029588058
0.03065979
0.028082441
0.027765731
0.029276791
0.02940407
0.028398896
0.029779292
0.030361222
0.029472434
0.028809806
0.026384784
0.026168137
0.024628297
0.025234256
0.027259537
0.027468252
0.032017823
0.032830599
0.031871112
0.036350487
0.036958998
0.035205667
0.035064316
0.035687002
0.038295131
0.038634598
0.03712979
0.035488165
0.034080055
0.031269002
0.026092051
0.022945372
0.01428019
0.0092423466
0.0056464693
-0.001175085
-0.0064853411
-0.0070145893
-0.0080407221
-0.0095512277
0.0051740616
0.008595412
0.0029475024
-0.0053735089
-0.0043248617
-0.0032204677
-0.0046467939
-0.00081273839
0.00018542047
0.0026186436
0.0034949303
0.0029382239
0.0037021433
0.00638389
0.0065852467
0.0070386519
0.0068800935
0.0067943921
0.0058015254
0.0031725102
0.0014253178
0.002776898
0.0016010183
-0.0013135935
-0.0033809947
-0.006405267
-0.0090249582
-0.0082550629
-0.0059905897
-0.0070771597
-0.011729243
-0.012752998
-0.011680824
-0.0068721586
-0.0065248457
-0.0065297568
-0.0095005139
-0.010638109
-0.009840011
-0.010731724
-0.0091001034
-0.0099548636
-0.01232046
-0.014955418
-0.018618978
-0.021217202
-0.025489704
-0.028747168
-0.021709318
-0.018356344
-0.018565475
-0.014781265
-0.014367211
-0.016147983
-0.018885546
-0.025030436
-0.029634227
-0.034050433
-0.039670955
-0.043902339
-0.044545627
-0.043613339
-0.023736531
-0.0031750537
-0.010307769
0.00020160828
0.0073404491
0.017517226
0.028743759
0.040425667
0.049137415
0.057673009
0.051607136
0.034292073
0.032773882
0.035773499
0.037381662
0.052196509
0.06786111
0.075185524
0.076859836
0.062285112
0.046003472
0.052519058
0.061242624
0.060293634
0.056616787
0.053327847
0.05061646
0.048168884
0.042970324
0.037688513
0.036216182
0.030091245
0.027894269
0.02502971
0.022645136
0.020971485
0.019331511
0.018219348
0.018097015
0.016111079
0.015874865
0.018950458
0.019399758
0.019529244
0.019054608
0.021638027
0.022814968
0.022765196
0.022670298
0.022221128
0.020855387
0.020596834
0.021860481
0.023436736
0.02419375
0.023717035
0.026176545
0.02749197
0.028701441
0.032643316
0.03376886
0.035068395
0.03554106
0.037209029
0.036455272
0.039935372
0.043169087
0.041744786
0.041574533
0.042375613
0.036200084
0.030575445
0.021761188
0.014396588
0.0095430384
0.0065145715
-0.0034907971
-0.0075946508
-0.012254138
-0.016837881
-0.019676453
-0.0071035489
0.00023515036
-0.0045079456
-0.0076396084
-0.012344291
-0.010895835
-0.009537548
-0.0069480777
-0.0049853165
-0.002364821
0.0002595554
0.0020860445
0.0021074993
0.00237365
0.0020750842
0.0043956893
0.0047548845
0.0050155888
0.0036947626
0.0056258899
0.0035070117
0.0023849611
0.00042833577
-0.00026630067
-0.0018258919
-0.0025405734
-0.0049596265
-0.0037785464
-0.0041829893
-0.0013136899
-0.0037284349
-0.0042522117
-0.0088287007
-0.0063654112
-0.0032149788
-0.0046132252
-0.0067685154
-0.0060710399
-0.0081063182
-0.0098336579
-0.0095878203
-0.010096383
-0.011291419
-0.013585539
-0.014219761
-0.015788345
-0.019331806
-0.021217394
-0.021455961
-0.017882378
-0.014589354
-0.01784438
-0.018698619
-0.016542986
-0.015470498
-0.015120605
-0.018273771
-0.020749197
-0.022802213
-0.025499661
-0.027891739
-0.027085234
-0.022486048
-0.0045373546
0.0051624436
0.0059989204
0.023908375
0.032408939
0.045498048
0.05534786
0.059597395
0.057796769
0.058681083
0.047329262
0.028238607
0.033451806
0.041387397
0.048910195
0.05687842
0.061102944
0.064892219
0.065320898
0.052560538
0.043240157
0.051929281
0.050395897
0.044739498
0.038762703
0.03879695
0.033894819
0.027206892
0.021675639
0.02026292
0.019441941
0.015498966
0.015705022
0.013108001
0.0093809056
0.0095979577
0.0069164302
0.0074959007
0.0073908412
0.0071356352
0.0083545852
0.0094003509
0.0089422696
0.0091945302
0.011827531
0.012271634
0.015707751
0.016141247
0.017745116
0.017039872
0.01862997
0.016326097
0.017633158
0.019065959
0.019580435
0.02083646
0.022681359
0.022899201
0.024737621
0.026253238
0.028451755
0.030191965
0.029233336
0.027726565
0.027072908
0.02893418
0.032972449
0.033814446
0.030974389
0.030370563
0.027003363
0.020898045
0.010860003
0.004022722
-0.0035967484
-0.006523295
-0.018220553
-0.022735948
-0.021462547
-0.018396516
-0.010517576
-0.0063949598
-0.0071676065
-0.012014034
-0.013714758
-0.014414373
-0.010906471
-0.011465798
-0.00818207
-0.0051434733
-0.004983213
-0.0024520454
-0.00064440556
-0.0020613497
-0.00068443605
0.00020235142
0.0024401912
0.0034940915
0.0044897955
0.0044409196
0.0041942478
0.004007882
0.003457237
0.0006322849
-0.0018119424
-0.002760685
-0.0025113857
-0.0039509337
-0.0047969417
-0.0050670386
-0.001607983
-1.4183312e-05
-0.00058696224
-0.003107884
-0.0035486433
-0.0014430569
-0.0034914076
-0.0019207395
-0.001929328
-0.0033611125
-0.002552588
-0.0042370871
-0.0062040296
-0.0056838665
-0.0086063719
-0.0078828537
-0.010890229
-0.012676962
-0.01354716
-0.012877892
-0.012570732
-0.012169886
-0.010704886
-0.012482152
-0.014212909
-0.014428872
-0.011187997
-0.010884141
-0.010486958
-0.011472455
-0.010935951
-0.0087681134
-0.0059618129
-0.00010957574
0.0093584644
0.01103809
0.014608269
0.025171104
0.039442964
0.051534165
0.055712884
0.056492139
0.047666619
0.037501203
0.027724054
0.019761669
0.028802844
0.035796459
0.039897121
0.045135734
0.048100985
0.048443905
0.044898863
0.036988548
0.031918025
0.0336551
0.029512799
0.025495533
0.018302014
0.014910234
0.013268128
0.011078212
0.0070313233
0.0044496098
0.0061146394
0.0034712172
0.0037656129
0.0020310195
0.00037162812
0.0018802691
-0.00022062375
0.00058674339
0.00041408467
0.0011801984
0.0011975354
0.0038771689
0.006102608
0.0033001024
0.0045547698
0.0049001301
0.0080687316
0.0091380755
0.010196495
0.010569385
0.011569983
0.013145555
0.012626707
0.013272649
0.014789513
0.01536413
0.014962725
0.015534357
0.016920944
0.020212972
0.02101167
0.021812842
0.022765905
0.02121146
0.019808979
0.020665797
0.019354863
0.018055804
0.016172759
0.014081887
0.010625553
0.0051832667
-0.0040245645
-0.012064382
-0.01732365
-0.015796321
-0.01397044
-0.014322055
-0.015356755
-0.011420806
-0.0015937465
-0.0073845629
-0.0095472988
-0.011234559
-0.015947234
-0.01633331
-0.016891527
-0.014079897
-0.010228868
-0.0082018799
-0.0060335266
-0.0029640105
-0.00029278382
0.00030014883
-0.00092802272
-0.0016145167
-0.00042325105
0.0008152331
0.0019220604
0.0028188079
0.002017333
0.0017748627
0.00092180072
0.00065329872
-0.00099039629
-0.0015952039
-0.0019512685
-0.0011717712
-0.0024769838
-0.0034120286
0.00017589987
-0.00087335227
-0.00026959994
-0.0010315303
-0.0015351267
-0.00020361576
-0.00043832499
-0.0010131438
-0.00033502447
0.0005747581
-0.00027629881
-0.00030272831
-0.0021821752
-0.0040893242
-0.0040768022
-0.0058365345
-0.0051570551
-0.0066372553
-0.00840617
-0.0087180104
-0.0095000918
-0.0064197895
-0.0086361911
-0.0083555084
-0.009540215
-0.011641418
-0.0094747728
-0.0083269252
-0.0053094165
-0.0052311374
-0.0036921352
0.0020213909
0.0085386501
0.015087307
0.017071483
0.01484278
0.02071573
0.02609756
0.025888344
0.036660213
0.037342058
0.034721924
0.027820067
0.018856499
0.014875367
0.013840975
0.018834337
0.020618375
0.025076818
0.025415183
0.027066994
0.028032452
0.030220084
0.026252455
0.01880786
0.016312233
0.011763989
0.010913962
0.0069232167
0.0036322545
0.0019182967
-0.00080480416
-0.00094928201
-0.0031731453
-0.0052586744
-0.0039648281
-0.00014378871
-0.0010813042
-0.00089589744
-0.00014754354
-0.00066532766
-0.0023191298
-0.0034358368
-0.0011762794
0.00022736604
0.0014363776
0.00020542579
0.00015162311
-0.0010124562
-0.0005052305
0.001945555
0.0037128394
0.0036063891
0.0039071768
0.0051569192
0.0064900884
0.0071409308
0.0084084674
0.0096279516
0.0087925171
0.0086010444
0.0093264427
0.0097471976
0.012024635
0.013884264
0.013919831
0.014872625
0.014894993
0.013817881
0.012203086
0.010669437
0.0088528275
0.0072814453
0.0032695339
-0.0012873214
-0.0045113008
-0.011813766
-0.01122721
-0.0058830535
-0.0060870581
-0.0036581078
-0.0064023479
-0.0092426127
-0.0059136087
-0.0027531241
-0.0053362036
-0.0080069672
-0.0098270613
-0.012985163
-0.013352665
-0.012215354
-0.010854857
-0.010079056
-0.0084830783
-0.0076807638
-0.0058244368
-0.0047443305
-0.0044590613
-0.0037529978
-0.0043225927
-0.0049162424
-0.0034196647
-0.0013856575
-0.0015287229
-0.0012584586
-0.0014633776
-0.0018349134
-0.0011999644
-0.00097095688
-0.00026353071
-0.00047123153
-0.00013178625
-0.00080224787
-0.00045121575
0.0015342569
-0.0013304156
0.00031316028
-0.00021229985
-0.0016462341
