0.0022400841
0.0018308728
0.0020958091
0.0019535705
0.002451483
0.002816045
0.0050321064
0.0041841398
0.0014529591
-0.00050014465
-0.00051550512
-0.0014421787
-0.0041574369
-0.0053523027
-0.0041199224
-0.0021847146
-1.8434178e-05
0.001315781
0.0028806549
0.0016182449
0.00056512058
-0.0032831896
-0.0043199884
-0.0036861805
-0.0057009022
-0.0062091924
-0.0088582256
-0.0096380514
-0.0075826298
-0.0075465415
-0.0091783099
-0.0096186385
-0.01037077
-0.010367765
-0.011566154
-0.010779994
-0.010560194
-0.012920835
-0.013408163
-0.012233343
-0.013126483
-0.015118829
-0.015648706
-0.016363856
-0.019105598
-0.019432747
-0.019461042
-0.017800502
-0.016242997
-0.012940223
-0.010453067
-0.010578668
-0.0076107951
-0.0043994985
-0.0029922552
-0.0010396937
0.0017194128
0.003141897
0.0020842991
0.00028201901
0.00037136908
0.001623903
0.00026339915
-0.0019783565
-0.0044057882
-0.0041559842
-0.0044546773
-0.0027269028
-0.00061855133
0.0016996001
0.0036008347
0.0046228059
0.0091505989
0.011941256
0.012929261
0.0139371
0.015816474
0.017840887
0.019053913
0.017544142
0.016892467
0.014276302
0.010703047
0.0082140923
0.0093822687
0.0064283209
0.0052441293
0.0054932482
0.0074460958
0.0093399425
0.0089794301
0.0078572793
0.0063381815
0.0052802776
0.0039951397
0.0041812334
0.004719795
0.0045978988
0.003192903
0.0044036323
0.0042347244
0.0043527853
0.0035122133
0.0039376124
0.0045976227
0.0055133164
0.0054177165
0.0052015613
0.0045310995
0.0052371379
0.0053479771
0.0053452235
0.0063418428
0.0081477486
0.0080013221
0.0087707569
0.009085212
0.0083779162
0.013385732
0.014392313
0.013608202
0.013279035
0.013358785
0.013424352
0.0098013344
0.0093511924
0.010548617
0.010341661
0.0092553898
0.0076993905
0.0048700714
0.0013241035
0.00028570298
-0.0007737819
-0.0015037827
-0.00098026833
-0.0010807401
0.00034420277
0.00088487835
0.0010094202
0.0018200508
0.0020472407
0.0024827701
0.0024423033
0.0014751142
0.0011924462
0.00098032174
7.4570412e-05
-0.00013179057
0.00092507711
0.0007557394
-0.0016033873
-0.003156751
-0.0037258407
-0.0046378231
-0.0043214289
-0.0053397431
-0.0072406559
-0.0078461671
-0.0036541901
-0.0018399294
-0.0006500194
0.00046006403
-0.00079901024
-0.0025228212
-0.0043282548
-0.0060989693
-0.0046121216
-0.0047500355
-0.0088703082
-0.010786585
-0.011073999
-0.010173296
-0.010065528
-0.012396434
-0.014323317
-0.01454952
-0.015540881
-0.015581544
-0.014670032
-0.015509973
-0.017284678
-0.018464601
-0.017222264
-0.016476759
-0.01623877
-0.015821031
-0.015722279
-0.016534156
-0.014504244
-0.013828096
-0.011897868
-0.0080747523
-0.0034851964
-0.0023353277
-0.0006238903
0.00022728222
0.0032996815
0.0038443436
0.0058502493
0.0099407276
0.011275112
0.011888836
0.011235187
0.012574968
0.011614021
0.010221837
0.0083687696
0.0069658509
0.0055970226
0.006779537
0.0071077399
0.0091784237
0.01143998
0.014469017
0.016601714
0.017991385
0.017036066
0.016812756
0.016877886
0.019070419
0.018776437
0.017673478
0.015245678
0.012842312
0.0089101941
0.0062307529
0.0042186882
0.0024430258
0.0032083214
0.0053682587
0.0055081619
0.0075931626
0.0086813882
0.0089702291
0.0056045923
0.0032612336
0.0020722968
0.00308469
0.0041097317
0.0042082421
0.0042288783
0.0045355554
0.0043920536
0.0031550233
0.003367287
0.0035253912
0.0039740949
0.0043986167
0.0051205071
0.0046232474
0.0049010543
0.0044627157
0.0050025183
0.0052405004
0.0058096084
0.0068676617
0.0081416633
0.0084495612
0.008147087
0.008534686
0.01147604
0.01514777
0.015475812
0.01359129
0.014935921
0.011243925
0.011183069
0.0089718412
0.0082498204
0.0074667043
0.0060859923
0.0045751481
0.0030428345
3.0265257e-05
-0.001181441
-0.00020191997
-0.0015557921
-0.00076505444
-0.001364762
-0.00047470777
-8.9753145e-05
0.00066630065
0.00080015033
0.00098406367
0.00093044915
0.00098179659
0.0010203406
0.00075780022
0.00089301196
0.00039157178
-0.00079143881
-0.0018801463
-0.002250248
-0.0041761361
-0.0062279232
-0.0076889449
-0.006803819
-0.0077033459
-0.0094921321
-0.0085778469
-0.0073907066
-0.0085465492
-0.0083374414
-0.0078738643
-0.0070153334
-0.0046948103
-0.0034093281
-0.0063299033
-0.0098723774
-0.010716424
-0.0090471693
-0.009558059
-0.016085549
-0.019159391
-0.018951223
-0.016689759
-0.015952514
-0.019619245
-0.021455313
-0.023633718
-0.023492269
-0.023473811
-0.024744756
-0.025458522
-0.024131443
-0.022907622
-0.021115254
-0.018770619
-0.017949122
-0.016359687
-0.015197718
-0.013408252
-0.010920243
-0.0085460486
-0.0058471465
-0.0021624128
0.0018668316
0.0062228565
0.008879734
0.010100694
0.0098568612
0.01078645
0.012984333
0.016593986
0.019119542
0.019732754
0.022615449
0.023613138
0.024233156
0.021527171
0.020584054
0.021283538
0.019646825
0.022788884
0.021513509
0.023287366
0.023336807
0.023615179
0.024961788
0.026505874
0.023891567
0.021245317
0.01802962
0.016723336
0.015242104
0.013783027
0.0085888584
0.0061189202
0.0035219656
0.0019222951
0.00047132185
9.5643375e-05
0.0028071231
0.0039691663
0.005255447
0.0069892101
0.0074606445
0.0059105873
0.0035072991
0.00098838192
0.0013617602
0.0014053068
0.0024895617
0.0034325939
0.0042938422
0.0050354583
0.0044983475
0.0044675197
0.0045692621
0.0051066996
0.0043172967
0.0044517129
0.0052797626
0.0052435011
0.0052150683
0.0049197752
0.0051656388
0.0051585126
0.0060122342
0.0064791763
0.0057487416
0.0061320566
0.0087224335
0.011544303
0.010367764
0.012876228
0.0079198053
0.010671471
0.013212089
0.010206603
0.0084429946
0.0053195798
0.0046713182
0.00093009124
-0.00057321501
-0.0019524884
-0.0011590546
-0.0043000015
-0.0041634804
-0.0036641972
-0.0018658922
-0.0011383298
-0.00072017787
-0.00018368749
0.00079395546
0.0005990955
0.0010909084
0.00039187114
0.0008521023
0.00012736323
0.00094779085
-0.00035291188
-2.1566139e-05
-0.0006931788
-0.001673208
-0.004301089
-0.0030859989
-0.0032831709
-0.0087110457
-0.011741476
-0.010131571
-0.0097995211
-0.012719115
-0.014063694
-0.014224886
-0.015006608
-0.011445682
-0.010963009
-0.013601694
-0.01214026
-0.013867603
-0.014228082
-0.017422875
-0.017116888
-0.017467624
-0.020566541
-0.024035818
-0.027023104
-0.028710315
-0.026297291
-0.027721148
-0.030704403
-0.033522687
-0.035878052
-0.036507429
-0.037174487
-0.038816976
-0.036074053
-0.031750375
-0.029110734
-0.029635669
-0.025568184
-0.020292655
-0.020582685
-0.017942893
-0.015824005
-0.012076302
-0.0093432534
-0.0064948244
-0.0010230595
0.0049114124
0.0081700683
0.010583193
0.011770708
0.013194592
0.012615078
0.015722197
0.02109156
0.025102761
0.031112706
0.034691425
0.034065374
0.035416087
0.036425084
0.035573853
0.034888572
0.035872781
0.039368803
0.037111398
0.037709177
0.034600792
0.032296342
0.032585578
0.0292063
0.025864894
0.02230632
0.019301921
0.017965633
0.012647021
0.0092430693
0.0070975362
0.0039102375
-0.00034841942
-0.00027040722
-0.0018252212
-0.0013274417
-0.00062272381
0.00038376373
0.0019226752
0.0015267738
0.0019766863
0.0010314393
0.00077953921
0.00019640054
0.00066552959
0.00081896694
0.0027345228
0.0029240482
0.0036211677
0.003880523
0.003661646
0.0030872596
0.0033452206
0.0039472408
0.0051433526
0.0046251449
0.0046531805
0.0047642301
0.004409525
0.0038978028
0.0036627506
0.003336265
0.0049064404
0.0055635067
0.005407737
0.0048774165
0.003990622
0.0046923616
0.0017148541
0.0011182162
0.0046837596
0.0088609354
0.010384329
0.0062299621
0.0028086932
-0.00019994585
-0.0016297951
-0.0038829748
-0.0079970707
-0.0098793927
-0.010140844
-0.0096747123
-0.006128968
-0.0027771634
-0.00083585614
2.2735112e-05
-0.00042861545
-8.9107825e-05
0.00032986526
0.00040325448
0.0015343672
0.00044431609
0.00066403323
-6.9228277e-05
0.00030701854
-0.00081611009
-0.0010955111
-0.0023217469
-0.0027437747
-0.0052939624
-0.0040196633
-0.0029362582
-0.010140434
-0.011706817
-0.014803476
-0.017712812
-0.018222348
-0.019309805
-0.020337533
-0.017222093
-0.012616364
-0.011412133
-0.014361739
-0.016666624
-0.01952495
-0.021454658
-0.023281158
-0.025184145
-0.028555053
-0.032535005
-0.035266699
-0.040173415
-0.04396932
-0.043908127
-0.042325066
-0.0448803
-0.049426265
-0.049972026
-0.050969221
-0.050424326
-0.050957798
-0.047519174
-0.043361844
-0.041386271
-0.039429697
-0.032701659
-0.026585627
-0.023769313
-0.023037789
-0.021383821
-0.018352241
-0.014089608
-0.010365938
-0.0060257057
0.00032922024
0.0024567989
0.00406476
0.0058104552
0.0080206328
0.013851126
0.017452967
0.023113241
0.029117542
0.033959706
0.039817213
0.038698084
0.040767716
0.043246076
0.044450179
0.048601757
0.047980732
0.050283027
0.047732336
0.048034432
0.046006263
0.043088602
0.038546648
0.031957337
0.028826427
0.021356191
0.017232446
0.013010891
0.0090075405
0.0069283849
0.0044840597
0.0016358918
-0.0019059404
-0.00071213571
-0.0029455805
-0.0035213229
-0.0010256119
-0.0018156271
4.1648705e-05
-0.002653728
-0.0021030072
-0.00036118755
-0.0013019115
-0.0006531405
-0.00050183075
4.9344516e-05
0.0018880226
0.0026636965
0.0030471678
0.0035711633
0.0034938979
0.00175236
0.0018634155
0.0026584007
0.0036751737
0.0032026495
0.0039317416
0.0046746437
0.0042185677
0.0037974641
0.0036164597
0.0043864026
0.0053948338
0.0054689058
0.0049577489
-0.0001241579
-0.001164779
-0.0011450595
0.00053079417
0.00053544046
0.0050267944
0.0065570595
0.0047007082
0.0025657008
0.00012937436
-0.0039546488
-0.0049813936
-0.0074445804
-0.011849225
-0.014771272
-0.014881832
-0.011560906
-0.0072437254
-0.0042363514
-0.0027826965
-0.0010631725
-0.0014344795
-0.0015653259
-0.00090378806
9.7272607e-05
0.0013790159
0.0010704858
4.5315573e-05
-0.00014797838
-0.00045557344
-0.0026038956
-0.0024594803
-0.0023097965
-0.0041691146
-0.0065377572
-0.0038686611
-0.0047735609
-0.0098728232
-0.01351225
-0.01910441
-0.022956021
-0.02387715
-0.030567559
-0.028343313
-0.02208139
-0.012335159
-0.011213562
-0.014579845
-0.016592711
-0.020608872
-0.025703684
-0.030042517
-0.035033888
-0.039019412
-0.041697422
-0.045153175
-0.04921535
-0.051295791
-0.05380496
-0.053722425
-0.054527053
-0.056083045
-0.058061292
-0.060031334
-0.058345105
-0.06026566
-0.059875835
-0.057740746
-0.05450967
-0.045845756
-0.038052139
-0.033225147
-0.028003099
-0.024921446
-0.027272925
-0.029008841
-0.025354616
-0.016759575
-0.012848652
-0.0070146301
-0.0046423935
-0.0027703164
0.0013396243
0.0044452106
0.0079821909
0.012864089
0.015018779
0.014545939
0.023591306
0.031208329
0.033054555
0.040421498
0.046225736
0.045927879
0.048490363
0.04907148
0.051360364
0.051094161
0.050055275
0.047295528
0.043580279
0.038950177
0.03169917
0.024882741
0.019055595
0.014533559
0.0091569858
0.0064062438
0.0038066259
0.00092175473
-0.0011368612
-0.0012091614
-0.0023665008
-0.0034726773
-0.0036164977
-0.0045198502
-0.0034622582
-0.0027245677
-0.0014397943
-0.00094075742
-0.00045438559
-0.0010038464
-0.0019311555
-0.0020084004
-0.0012012056
-0.00040529758
0.0020833162
0.0032937497
0.003838204
0.0032726825
0.0030141335
0.0025981224
0.0029156032
0.0028757563
0.0043318124
0.0042730505
0.0044450192
0.0056415925
0.0061001713
0.0065000805
0.0067576418
0.0065542449
0.0068448862
-0.0010133435
-0.0035872783
-0.00098361597
-0.00034184955
0.00053319731
0.0021455017
0.0067139082
0.0048917333
0.0041656576
0.0015060458
-0.00089248944
-0.0050977522
-0.0085873277
-0.0076318936
-0.012286457
-0.012905062
-0.015949706
-0.012171229
-0.0073650943
-0.0054774143
-0.0048940587
-0.0044514809
-0.0034072558
-0.0035539355
-0.0030946019
-0.0012673177
0.00034711044
0.00070602122
-0.00028510801
-0.0024470132
-0.0028160122
-0.0032339097
-0.004220284
-0.0066596477
-0.0087981148
-0.0075687689
-0.0055405729
-0.0051002159
-0.010963863
-0.015308338
-0.020470088
-0.025850732
-0.02991723
-0.033893958
-0.032771729
-0.027057645
-0.014893668
-0.0090592932
-0.014861912
-0.018951994
-0.022819198
-0.026109047
-0.031727397
-0.036653001
-0.038774598
-0.042214228
-0.046798587
-0.053424619
-0.056662936
-0.058232762
-0.060313291
-0.06207979
-0.064218753
-0.067130648
-0.065415667
-0.064922386
-0.065692966
-0.066335469
-0.063998432
-0.060142173
-0.049711239
-0.042971854
-0.034844898
-0.036269452
-0.03482371
-0.033259355
-0.030337705
-0.026697139
-0.021802039
-0.017423336
-0.018611862
-0.013652334
-0.0089744081
-0.0016281896
0.007208571
0.0096183416
0.0073091343
0.0080024651
0.011096924
0.025249169
0.030869866
0.033124417
0.033210047
0.033719957
0.04418389
0.049211374
0.049787769
0.048216182
0.050885848
0.046601628
0.042305132
0.03586655
0.03127304
0.025440277
0.023007681
0.015143009
0.011145108
0.0071845419
0.0045449477
0.0045503035
0.0033328876
0.0019858755
0.00073540224
-0.0016576741
-0.0022983143
-0.0035273691
-0.0026618739
-0.0016676912
-0.001758054
-7.7276e-05
0.00041308202
0.0012177748
-0.0012451466
-0.001508561
-0.00028893958
-0.00031812413
0.0011156019
0.0033195756
0.0050809838
0.0064184052
0.0071095183
0.0064269968
0.0053906751
0.0049971975
0.004964474
0.0043374504
0.0046386929
0.005869642
0.005223046
0.0079696475
0.0096610421
0.0099275861
0.0088516247
0.0055057253
-0.0044769152
-0.0029536642
-0.0019705594
0.00042921718
0.0022159958
0.0046517453
0.0048846584
0.006696072
0.0056092263
0.001871899
-0.0040016609
-0.0090949224
-0.0098662758
-0.008753853
-0.013256977
-0.0126738
-0.014766468
-0.011833654
-0.0097706345
-0.0078616377
-0.004633844
-0.0038711552
-0.0031726678
-0.0041130425
-0.0043036415
-0.0035190202
-0.0019054769
-0.0021342298
-0.00046497285
-0.0026861386
-0.0037763695
-0.0036789774
-0.0059616036
-0.0096405665
-0.010756951
-0.0093138231
-0.0050709298
-0.0082269085
-0.010594322
-0.013607134
-0.015213318
-0.020286189
-0.025230634
-0.02673943
-0.034149995
-0.031341616
-0.017029901
-0.011947666
-0.014104465
-0.017019548
-0.017826302
-0.021568931
-0.024610696
-0.028894669
-0.032936288
-0.039465527
-0.045844282
-0.050151764
-0.054228456
-0.060139134
-0.063091824
-0.068282882
-0.069884785
-0.072659083
-0.073635649
-0.070563515
-0.067888342
-0.065729476
-0.061082861
-0.054311184
-0.042780092
-0.03912983
-0.035713798
-0.034244254
-0.03490703
-0.037075876
-0.038536958
-0.031135612
-0.031018954
-0.021389211
-0.022380912
-0.021086099
-0.015953873
-0.0081663267
-0.0033399635
-0.0041580765
0.00071821425
0.011841589
0.017564076
0.023752457
0.030284387
0.034317056
0.034369351
0.04112605
0.04382839
0.046670484
0.045062939
0.045865525
0.042040553
0.03840297
0.034090216
0.028773883
0.025216413
0.020296951
0.014963697
0.013036451
0.011997135
0.0077201697
0.0074087175
0.0059448057
0.0061438763
0.0056465178
0.0040916258
0.00060340057
-0.00062819412
-0.001982835
-0.00049204373
-4.0034102e-05
0.00068328707
-5.8535824e-05
0.0014937594
0.0019663171
0.0017869476
0.0025364286
0.002561565
0.0031546407
0.0039625455
0.0041306193
0.0030583594
0.0018485414
0.0022645032
0.0031706421
0.0040431358
0.0043254399
0.0058486394
0.0061452096
0.0055319467
0.0065008996
0.0065877151
0.0047270799
0.0060599631
0.0081878852
0.0084019252
0.00034838792
-0.0054225178
-0.001503562
0.0024063981
0.0023679604
0.0036725576
0.0060548403
0.0063970504
0.0049608718
0.0064554115
0.0019303689
-0.0032474002
-0.0061766895
-0.0087259133
-0.008316445
-0.013177422
-0.013240552
-0.0099176641
-0.0038181139
-0.0016964161
-0.00085714156
-0.0011378795
-0.00091346487
-0.00102372
-0.00073188073
-0.0015880721
-0.0021630153
-0.00059776959
-0.0016037001
-0.0017712576
-0.0040694646
-0.0048701518
-0.0087101446
-0.010513145
-0.012115067
-0.014472824
-0.0094359529
-0.0084830531
-0.0094395058
-0.012948633
-0.011596931
-0.012917806
-0.016466733
-0.022961346
-0.026349923
-0.029289494
-0.032614614
-0.022262549
-0.017251382
-0.017980682
-0.020612239
-0.020458588
-0.021540763
-0.024808472
-0.029021815
-0.035447398
-0.042528502
-0.049614713
-0.053695104
-0.059045632
-0.06421757
-0.069248997
-0.072632669
-0.074100284
-0.074012966
-0.074381116
-0.073015803
-0.072028683
-0.066912505
-0.058868462
-0.049367919
-0.042609444
-0.040438193
-0.040318544
-0.035956193
-0.038545746
-0.037432281
-0.041996544
-0.032743087
-0.029862238
-0.030634508
-0.028772508
-0.027423339
-0.020551615
-0.018582051
-0.011458621
-0.0060743293
0.003182878
0.010406278
0.014108072
0.020839307
0.02607572
0.028402192
0.031192632
0.03288852
0.037594007
0.038598197
0.038316708
0.036725987
0.03417082
0.030982472
0.028400319
0.024504455
0.019922546
0.017564048
0.016754667
0.013969405
0.013655561
0.011136166
0.012085836
0.011182735
0.010402335
0.0081370244
0.0065454724
0.0035759084
0.0024238415
0.0016191334
0.0019506392
0.0020111028
0.0028185836
0.0045353175
0.0049567099
0.0058052444
0.0067379971
0.0065617724
0.0059177189
0.0061620005
0.0074818896
0.0066432803
0.005215335
0.0046444453
0.003724104
0.003615936
0.004981916
0.0050143536
0.0043858055
0.0037331824
0.0037174868
0.0048552052
0.0051190199
0.002469523
0.0029445842
0.0046091949
0.0064222979
0.00061525833
-0.0042759118
-0.0022758483
0.0008083319
0.0040398704
0.0039549651
0.0060115361
0.0056839073
0.002080346
0.0045630702
0.0003074527
-0.0028645706
-0.0032994699
-0.0030187666
-0.0019612792
0.00027039379
0.0018968637
0.0039891428
0.0054629259
0.0042283661
0.0029492868
0.0019699401
0.0020296692
0.00099698051
-0.00094467635
-0.0026167851
-0.0017311072
-0.0013513948
-0.0018114899
-0.0036861171
-0.0058012
-0.0079714793
-0.012528679
-0.01449211
-0.015935469
-0.01980527
-0.01471564
-0.013306219
-0.014342593
-0.013290268
-0.015086702
-0.01510731
-0.019508011
-0.023113719
-0.029078983
-0.032384341
-0.033030034
-0.024906788
-0.021017651
-0.0207847
-0.02268324
-0.020780102
-0.022491961
-0.027533933
-0.03421976
-0.041474478
-0.048765541
-0.055587269
-0.058922096
-0.064858711
-0.068396069
-0.070181151
-0.073174767
-0.075482232
-0.075711933
-0.0779342
-0.074408571
-0.072465405
-0.067032661
-0.057024063
-0.044175523
-0.041845423
-0.045794102
-0.038665561
-0.038362096
-0.038604865
-0.038267423
-0.041135142
-0.032311353
-0.0334325
-0.03551382
-0.035548712
-0.033195859
-0.028225685
-0.020643493
-0.014165356
-0.0099526129
-0.0042604723
-0.00042152331
0.0036716923
0.0091582857
0.016672098
0.018577615
0.021212118
0.023029311
0.026961524
0.029783485
0.028346765
0.024546854
0.026767778
0.02462244
0.02147815
0.020159549
0.019250755
0.020182667
0.017630459
0.016735157
0.014690806
0.015788943
0.015795371
0.016041249
0.013612483
0.0092069237
0.0061600485
0.0056253642
0.0050444338
0.0049897528
0.0049622855
0.0041545966
0.0048935687
0.0045469488
0.0052674616
0.0065263679
0.0062825921
0.0073664885
0.0088954659
0.0094840409
0.0086851531
0.0083734624
0.0084876667
0.0088710254
0.0082546329
0.0065881176
0.0059045183
0.006769368
0.0068504936
0.0071518863
0.0090277565
0.0073779907
0.0061023203
0.0050933888
0.0037688175
0.0043654243
0.0054863284
0.0031878394
0.00032202541
-0.00061996677
0.0014733919
0.0039398829
0.0092219888
0.01013497
0.0059911171
0.0060840272
0.0045835117
0.0034427249
0.00046679171
0.0034612332
0.0070964504
0.0066566596
0.0082053853
0.010102361
0.011455427
0.013552952
0.013635298
0.010929956
0.012900693
0.013168095
0.013247847
0.010043565
0.0056036449
0.0052182211
0.0034243823
0.0019279132
-0.0002606136
-0.005602348
-0.010078277
-0.0092410595
-0.012987
-0.015211593
-0.019300957
-0.014794507
-0.01301251
-0.013758998
-0.014595764
-0.01583007
-0.015456484
-0.022366461
-0.023760065
-0.030920163
-0.035043745
-0.03218435
-0.025629868
-0.022290982
-0.023860684
-0.025054952
-0.02319195
-0.022837909
-0.029278391
-0.035398917
-0.041783105
-0.04839801
-0.056370019
-0.060623051
-0.063756132
-0.067577192
-0.068719489
-0.07365649
-0.071573238
-0.070760302
-0.070340322
-0.073044852
-0.069132629
-0.063384935
-0.049364833
-0.042835284
-0.041349942
-0.036993534
-0.032264119
-0.034285815
-0.03332121
-0.031007402
-0.029263893
-0.025009731
-0.027008306
-0.028875765
-0.025672284
-0.022431285
-0.020288647
-0.01613244
-0.01201147
-0.008402782
-0.0051290848
-0.0033928188
-0.0015492657
0.00099348323
0.0048410242
0.0078293173
0.0095257411
0.013533475
0.018576551
0.020804513
0.018650351
0.017738065
0.017648005
0.016156626
0.017179607
0.014744796
0.013188673
0.015177188
0.013396547
0.010771363
0.011998671
0.012099322
0.011088962
0.011685975
0.0092745147
0.0072686711
0.00465547
0.0047593856
0.0024429881
0.0022441973
0.0047784737
0.0055643181
0.0075606333
0.0078771299
0.0063911107
0.0082811345
0.0077834389
0.009675605
0.0083668241
0.010757263
0.012407658
0.0094713815
0.010057423
0.011960061
0.0092655712
0.0097374872
0.0090450234
0.0067706654
0.0064681125
0.0075140773
0.010574277
0.011077083
0.010393334
0.01025472
0.010500981
0.0082194469
0.0076794932
0.0047149396
0.0090958434
0.012019875
0.00721133
0.010919917
0.010037829
0.012162788
0.010394444
0.0082219579
0.0062169935
0.0069952966
0.005881102
0.0066779659
0.0073016821
0.0096716673
0.011325739
0.011968588
0.01300664
0.011378869
0.013756038
0.015161782
0.015190486
0.016056842
0.014908729
0.014270583
0.011897853
0.0090729048
0.00477081
0.00059242884
0.0019210113
-0.00093975277
-0.0064288321
-0.0026068709
-0.0067293205
-0.0094693109
-0.0098184402
-0.0082337749
-0.0088789078
-0.012099704
-0.015034345
-0.014392321
-0.01490746
-0.0191875
-0.020236047
-0.022524163
-0.023367263
-0.024225974
-0.019746039
-0.020717703
-0.022936916
-0.025217967
-0.025799166
-0.025807762
-0.027150444
-0.029201763
-0.03477895
-0.042489092
-0.049276124
-0.053647827
-0.05693841
-0.060477466
-0.061289696
-0.064242603
-0.05998142
-0.057819144
-0.064295898
-0.063327706
-0.059915066
-0.052212529
-0.038956348
-0.032001947
-0.027952295
-0.022383729
-0.017964462
-0.012963897
-0.012806835
-0.011131666
-0.0098962649
-0.0085345384
-0.0091042121
-0.0096740443
-0.0094536901
-0.0086755827
-0.0080458168
-0.005174507
-0.0032026387
-0.00069943308
0.00274776
0.0046814964
0.007119852
0.0088757061
0.010769122
0.01229739
0.012843072
0.014369284
0.013753992
0.016147451
0.014685649
0.012832322
0.012834904
0.009808613
0.0086368914
0.0079363129
0.0061263731
0.0071306879
0.0045568042
0.0039152327
0.0039485946
0.0052850628
0.0039213109
0.0045719178
0.0057388036
0.0051987342
0.0037360922
0.0030686511
0.0071269192
0.0062949591
0.0054961925
0.0050044611
0.0084895093
0.0099089535
0.013288406
0.013012767
0.011693418
0.011560986
0.012318333
0.011597369
0.012193995
0.012032555
0.013659001
0.015952988
0.014309636
0.013472973
0.013788782
0.015284697
0.011765895
0.011256226
0.012868239
0.013146793
0.012351885
0.014385237
0.011521273
0.007950331
0.0063393377
0.0033091129
0.0065060206
0.013562565
0.015300735
0.013136656
0.01456515
0.013313501
0.011411078
0.010629995
0.011756206
0.010910016
0.0080356511
0.0079386297
0.008693253
0.010473764
0.011303046
0.012115136
0.012407418
0.012204358
0.014053949
0.014633352
0.01441604
0.014079839
0.013377811
0.012084147
0.0090504812
0.0052042173
0.00235036
0.0011142641
0.0012712608
0.0010129668
-0.0011038734
0.0019932042
0.0010471984
0.0013236751
-0.00036373607
-0.0025836139
-0.0046731414
-0.0053395892
-0.011025105
-0.014950776
-0.015515621
-0.014133178
-0.01355067
-0.016370813
-0.016608001
-0.017324221
-0.010882431
-0.012620562
-0.01939243
-0.022735587
-0.026468486
-0.025074725
-0.027378695
-0.026770694
-0.031426934
-0.035621732
-0.042281219
-0.045322574
-0.050236991
-0.052951347
-0.053552443
-0.049156331
-0.04707016
-0.048045873
-0.050330248
-0.048450659
-0.041979409
-0.03346253
-0.022747712
-0.01108504
-0.0036714427
-0.0039745329
0.00026313751
0.0016072928
0.0014582159
0.0038527664
0.0098140315
0.011248229
0.011811837
0.007548733
0.0094075093
0.0049568622
0.0060428894
0.0089691756
0.0090540842
0.011674141
0.010634929
0.013609298
0.014683083
0.016353965
0.018262404
0.017911266
0.015922716
0.018315552
0.014200061
0.013389931
0.011921375
0.0090117433
0.0068888754
0.0031530137
0.0025423175
0.0027575043
0.0013236819
-0.0012056144
-0.00032913256
0.00066032735
0.0017456914
0.0017794373
0.0028590139
0.0046936954
0.0051074869
0.0054488905
0.0067792466
0.0071408147
0.0073931621
0.0082693135
0.0085757982
0.010575428
0.012239287
0.014487015
0.017159936
0.018013974
0.017839793
0.01677653
0.015722795
0.014051719
0.015156129
0.016152092
0.020146393
0.023739851
0.024349469
0.023464264
0.02332381
0.022412294
0.015958063
0.012752788
0.011697551
0.0098322806
0.0070684086
0.0068948717
0.0076446236
0.0020254347
0.0049439265
0.0095898953
0.010486282
0.01131217
0.012292921
0.012472515
0.011446572
0.011894113
0.010051812
0.010834788
0.01057369
0.010974935
0.010248486
0.010141325
0.010261313
0.011464008
0.01182791
0.012729523
0.013299252
0.014568901
0.015391026
0.016844965
0.017371359
0.016798617
0.016263502
0.014403386
0.011626533
0.0074987124
0.0065978057
0.003804231
0.0050006264
0.0032675611
0.0040230108
0.006507264
0.0052758673
0.0028029706
0.0015275723
0.0012825828
-0.0014944277
-0.002002726
-0.0043735255
-0.0080622081
-0.011433974
-0.013854903
-0.012605182
-0.012130486
-0.012231642
-0.014940667
-0.0067701939
-0.0061262456
-0.015840006
-0.016716271
-0.017909523
-0.018971484
-0.02057305
-0.022318659
-0.025632216
-0.027569467
-0.032205536
-0.035891491
-0.037072123
-0.039378116
-0.038423527
-0.030206326
-0.031331773
-0.033584771
-0.034240075
-0.030832432
-0.023087771
-0.015518932
-0.0067493111
0.0051672009
0.014077609
0.0092192577
0.0082271561
0.009393658
0.008261878
0.013384332
0.019551248
0.022206782
0.022900315
0.021828255
0.019026316
0.016831615
0.017311789
0.017860293
0.016454599
0.015591298
0.015623051
0.016845748
0.016201356
0.015249463
0.014989091
0.014447227
0.012184359
0.01337565
0.010869174
0.010785589
0.0071509095
0.0034880069
-0.00071800282
-0.0024482251
-0.0053308351
-0.0053676188
-0.0057283392
-0.0060031873
-0.007113601
-0.0057182818
-0.0024471382
-0.0012158971
-0.00081360714
0.00128198
0.0011193284
0.00051877659
0.0022911723
0.005476416
0.0074947585
0.0084780812
0.010311526
0.013299258
0.014857488
0.016711207
0.01915818
0.019255945
0.019641248
0.019676675
0.018844703
0.018196411
0.020215733
0.020954861
0.024870072
0.027783047
0.02777336
0.026405993
0.026885794
0.023558077
0.018620617
0.016351792
0.013659475
0.011346119
0.0083778794
0.0084740356
0.0039673695
0.00015554871
0.0042304367
0.0064271323
0.0081750207
0.0079334821
0.0075522443
0.0072032668
0.0080533429
0.0061217858
0.0062963589
0.00721011
0.0078447684
0.0085070311
0.010842292
0.010738897
0.011042543
0.011432604
0.012664953
0.013936165
0.014933145
0.015504139
0.016542345
0.017297629
0.019722625
0.020752993
0.020390113
0.019238028
0.018265127
0.015330624
0.013740753
0.010886915
0.011427095
0.0090165914
0.0075516369
0.010094351
0.007694094
0.0042569741
0.0038187342
0.0019853734
0.0011110775
0.0012766081
0.0011514887
-0.0023532851
-0.0042057835
-0.0062009767
-0.0062821938
-0.0051489244
-0.0045494668
-0.0052054192
-0.001950027
-0.0013164688
-0.0039475297
-0.0094545232
-0.013025839
-0.013512663
-0.015622711
-0.016978794
-0.019168391
-0.019059569
-0.021614421
-0.023977884
-0.025462991
-0.024801963
-0.022124513
-0.019525517
-0.024406697
-0.02130708
-0.019250777
-0.015373183
-0.010065063
-0.0038040662
-1.6967791e-05
0.008471268
0.015041659
0.012489735
0.010646915
0.01356232
0.015392739
0.015969365
0.01951526
0.0217346
0.024430607
0.024452444
0.020750413
0.022062864
0.021300708
0.01785234
0.016106847
0.014738824
0.014307704
0.014223351
0.011636399
0.010432826
0.010442546
0.0088477722
0.0077267478
0.0063238874
0.00473433
0.0034594289
0.0001954738
-0.0037975823
-0.0075482335
-0.0095498818
-0.011496412
-0.012854951
-0.012983125
-0.01338146
-0.012191525
-0.011083434
-0.0091444011
-0.0079156733
-0.0058629897
-0.004532644
-0.0038062228
-0.0045323618
-0.0048565288
-0.0025262082
-0.00016956276
0.0028647933
0.0081834131
0.011211753
0.013465002
0.016057338
0.017771144
0.01981149
0.02199586
0.021097919
0.018244787
0.018189826
0.01997431
0.021373491
0.021831468
0.023317048
0.022927032
0.023949987
0.022032195
0.020224384
0.015257689
0.01323233
0.0091471874
0.0065679019
0.0061785359
0.0055107078
0.0067353398
0.005385568
0.0063558295
0.0062460224
0.0050746606
0.0034545839
0.0044635863
0.0037054495
0.0049903268
0.0065442981
0.0056611255
0.0055180893
0.008037629
0.0084848627
0.0089283501
0.0092012798
0.010166266
0.010074257
0.01129609
0.011738839
0.012380096
0.0135932
0.01651978
0.017691958
0.018879445
0.020560646
0.022642183
0.023484348
0.02371429
0.023227986
0.020486177
0.018299459
0.017756411
0.015200113
0.012512171
0.015739174
0.011148641
0.0099102555
0.0075912315
0.0052102048
0.0059183011
0.0061588537
0.0041834443
0.0043364011
0.0028142346
0.0022263607
0.0019723848
0.001659125
0.0025622169
0.0013127389
0.0027293788
0.0052235426
0.0058281693
0.0018284027
-0.0029787446
-0.0073530231
-0.0085843605
-0.0099966174
-0.010048013
-0.010600039
-0.011695744
-0.012125381
-0.011784967
-0.010919594
-0.0069626401
-0.0082143937
-0.01379416
-0.016634647
-0.013192464
-0.007816406
-0.0039914282
0.0023028106
0.0034057878
0.0076602732
0.010238269
0.0088341322
0.0087185068
0.012059112
0.01290426
0.010863254
0.011968076
0.01538745
0.018114151
0.019033037
0.018602863
0.016408022
0.017831434
0.015939606
0.012999795
0.011815346
0.010288876
0.010360837
0.0097289879
0.007123541
0.0055038587
0.0039371409
0.0028764301
0.0023676407
0.0019376663
0.00086597105
-0.0013638916
-0.0045276336
-0.0091484567
-0.011522321
-0.013553031
-0.014809871
-0.0138961
-0.015007233
-0.014572624
-0.013256242
-0.01249455
-0.011022505
-0.0094143708
-0.0091709583
-0.0077189939
-0.0070146305
-0.006248909
-0.0066663067
-0.0051584562
-0.0016421801
0.00099349166
0.0042670847
0.0080129971
0.011847675
0.013070536
0.015591547
0.017930776
0.01783476
0.016288062
0.015905407
0.015015123
0.016155927
0.017792356
0.01970485
0.018555118
0.017792943
0.015942964
0.014216023
0.011741005
0.010653411
0.0087047144
0.0071169719
0.0057389934
0.0064267538
0.0097483034
0.0088473195
0.0089422289
0.0086258823
0.0059728145
0.0045743789
0.0017525313
0.00081051692
0.0025899742
0.0025774273
0.0045779356
0.004803053
0.0054540882
0.0067719342
0.007038251
0.0066958441
0.0063790505
0.0071899812
0.0082654059
0.0093696672
0.0096797176
0.010684754
0.013004767
0.014697759
0.016205205
0.017224926
0.019161121
0.020772581
0.023319187
0.024980397
0.02541946
0.022831245
0.020819395
0.021147556
0.019001193
0.020450534
0.018849162
0.016861409
0.013827747
0.012346774
0.010893932
0.011349015
0.0094758278
0.0073098555
0.0081699312
0.0070817195
0.0079741758
0.0086337996
0.0078206222
0.0082595948
0.0083441029
0.013661996
0.012912461
0.0083131314
0.0061858627
0.001579236
-0.0021395184
-0.0053919191
-0.0051581137
-0.0056292906
-0.0058389809
-0.0054301062
-0.0044673715
-0.0018689601
0.00076777695
-0.0020767906
-0.0067774279
-0.0083052435
-0.0087375979
-0.0097047657
-0.0063817205
-0.0030093906
0.0015822534
0.004563527
0.0042366017
0.0023666739
0.0031369348
0.003166955
0.0031295913
0.0022162492
0.00075633238
0.0033633795
0.0075302127
0.011228794
0.011365312
0.010706517
0.011078874
0.011338222
0.010505998
0.0081348767
0.0075135189
0.0067840405
0.0063152364
0.0044860346
0.002336658
0.0013029851
0.0013837512
0.0011315335
0.00054465665
-0.00041647883
-0.001439137
-0.0039394067
-0.0070472284
-0.0093276477
-0.01065568
-0.01130283
-0.012235619
-0.012164901
-0.012280841
-0.011942561
-0.011290439
-0.0090400012
-0.0095034028
-0.0084683541
-0.0076315493
-0.0075974487
-0.0058754411
-0.005120927
-0.0034352642
-0.0028381967
-0.0015957801
0.0016530725
0.0039680454
0.0067288199
0.0096697711
0.011655482
0.013216148
0.01428768
0.014766229
0.013490548
0.012120873
0.011347489
0.012689032
0.013647875
0.013002325
0.012972374
0.013251708
0.011641625
0.011031903
0.011674521
0.0081144023
0.0054888971
0.005767386
0.008452669
0.0096762344
0.0078914666
0.0068281239
0.0075947852
0.0070005023
0.005189505
0.0042906541
0.0042389183
0.0023642792
0.0023711379
0.0029106707
0.0037506734
0.0036071793
0.0046144729
0.0043971381
0.0043032428
0.0041561908
0.0047216606
0.0058820346
0.0069206832
0.0075168721
0.0075563868
0.0075923015
0.0099653437
0.011571516
0.013175597
0.014491628
0.01546389
0.018117465
0.022380058
0.024727601
0.023164882
0.02299131
0.02409388
0.023633326
