0.0019622472
0.0015279918
0.0017784906
0.0018399143
0.0025526711
0.0034622778
0.0058235662
0.0045052197
0.0014176431
-0.00084143442
-0.00093044728
-0.0020770339
-0.0048843278
-0.0058787354
-0.0043541955
-0.0024555075
-0.00069616495
0.00051891966
0.001702508
0.00043434595
-0.0011848034
-0.0055822952
-0.0060682766
-0.0053443907
-0.0070105939
-0.0073805172
-0.0097936542
-0.010372316
-0.0082039156
-0.0083373449
-0.010327435
-0.010998994
-0.011704885
-0.011515583
-0.012458284
-0.011466693
-0.011327284
-0.013778803
-0.014018581
-0.012664496
-0.013530311
-0.015279493
-0.015723823
-0.016406202
-0.018851938
-0.018517443
-0.017594723
-0.015590493
-0.013902525
-0.010620903
-0.0086568176
-0.0085875683
-0.0055594553
-0.002284009
-0.00028379674
0.001926036
0.0047586702
0.0063848514
0.0055335341
0.003711029
0.0033225855
0.0040389034
0.0025807165
0.00048662618
-0.001283988
-0.00097146841
-0.00089467085
0.00098055524
0.0033902848
0.0058578531
0.0080803455
0.0095466632
0.013895489
0.016407767
0.016961048
0.017695346
0.01916624
0.021132753
0.021982898
0.01993268
0.018435013
0.01512876
0.011550257
0.0094117534
0.010368525
0.0067071419
0.0054229857
0.0053515293
0.0074291019
0.0096913869
0.0093991743
0.0081656599
0.0065142468
0.0053619763
0.0041707594
0.0043645373
0.0046710154
0.0043540584
0.0032271083
0.0044609391
0.0043633694
0.004652877
0.0039367987
0.0046083752
0.0053036174
0.0062645418
0.0061397871
0.0060202292
0.0053517038
0.0061593219
0.0061188207
0.0061407422
0.0071944206
0.0088674611
0.0084768668
0.0090959708
0.0091750009
0.008751387
0.01370282
0.014545417
0.013361412
0.012348204
0.011882998
0.011792838
0.0085949883
0.0081364794
0.0097178522
0.0098659818
0.0086249958
0.0069687762
0.0038402739
0.00041614552
-0.00067451621
-0.0017504941
-0.0019334652
-0.0011611117
-0.0012297124
0.00011700292
0.00051905043
0.00080754578
0.0015465522
0.0018379738
0.0022542935
0.0021987393
0.00097361027
0.00062189417
0.00042288337
-0.00025601038
-3.6587448e-05
0.0013455264
0.00083220204
-0.0020292476
-0.0034831916
-0.0041679268
-0.0049192737
-0.0049779782
-0.0063054565
-0.0079898113
-0.0085647425
-0.0044127975
-0.0030483983
-0.0015936587
-0.00064044117
-0.0019353173
-0.0041304758
-0.0064337964
-0.0078629273
-0.005403981
-0.0055774809
-0.0097607155
-0.01147988
-0.011588835
-0.010295491
-0.010993404
-0.013957586
-0.015878543
-0.015786996
-0.016678732
-0.0164139
-0.015326315
-0.016117687
-0.018067679
-0.018987448
-0.017729943
-0.016954524
-0.016371479
-0.015652721
-0.015671013
-0.015989876
-0.013323088
-0.011893205
-0.0093746733
-0.0049938549
-0.00058496446
0.00053124169
0.0020983475
0.0030773157
0.0065157855
0.0074740397
0.010047762
0.014374143
0.015822088
0.016422841
0.015600242
0.016119387
0.014759327
0.013287155
0.011666691
0.01054493
0.00948376
0.011007661
0.011481873
0.013694055
0.016265877
0.019451898
0.021340024
0.022335545
0.021084353
0.020169852
0.019962344
0.022080587
0.021520585
0.019834642
0.016505832
0.01359581
0.0094511224
0.006856233
0.0048708414
0.002840448
0.0031846158
0.0047432447
0.0051100759
0.0073845999
0.0086799476
0.0086504707
0.0050231733
0.0027285988
0.0018536565
0.0029915437
0.0037491995
0.0038591983
0.0037953267
0.0043833943
0.0043580049
0.0034712339
0.0040062277
0.0044160122
0.0047717458
0.0051208297
0.0058222264
0.0052658321
0.0054882858
0.0049987647
0.0055773825
0.0058743857
0.00657116
0.0076241028
0.008757572
0.008826874
0.0085893872
0.0091887492
0.012367938
0.015565532
0.014986468
0.01301332
0.013732685
0.0095100323
0.0096084847
0.0075130426
0.0069497714
0.0065992883
0.005494577
0.0035926731
0.0018300955
-0.0013575085
-0.0021126037
-0.0011576143
-0.0022386769
-0.0011576589
-0.0016523031
-0.00080969315
-0.00057314489
0.00025328554
0.00037589543
0.00054626439
0.00038673425
0.00055325241
0.00063811226
-0.00029264043
-0.0001434729
-0.0006960801
-0.0017589008
-0.0028323448
-0.0027948081
-0.0046102597
-0.0067532355
-0.0082467117
-0.0073937386
-0.0086816445
-0.01029732
-0.0096676896
-0.0084900524
-0.0099731494
-0.009945623
-0.01003387
-0.008701512
-0.0058765
-0.0046194523
-0.0079769952
-0.011991028
-0.01215492
-0.010040676
-0.010808987
-0.017317388
-0.01958318
-0.018884844
-0.016490797
-0.016669454
-0.020962121
-0.022911603
-0.024936068
-0.02459495
-0.024396646
-0.02535361
-0.025973743
-0.024602485
-0.023540969
-0.02174377
-0.019470786
-0.018163628
-0.016139278
-0.014720189
-0.012514154
-0.0096053236
-0.0067095087
-0.0033189521
0.0015437608
0.0063278252
0.010622028
0.013284115
0.014048103
0.013828291
0.015197898
0.018302947
0.022777925
0.024636453
0.024985697
0.027735163
0.027946918
0.028206578
0.025266739
0.024983709
0.025847535
0.024525787
0.028091452
0.026560688
0.028419403
0.028217449
0.028566462
0.029728804
0.03031103
0.026709645
0.023350776
0.019731377
0.018834288
0.017299046
0.01506318
0.0092190071
0.0064979697
0.0036343998
0.002041697
0.0003940193
-8.6996374e-05
0.0020379292
0.0028176633
0.0040711019
0.0058316672
0.0062691661
0.0048429152
0.0025441124
0.00048832016
0.0009772416
0.00097095528
0.002105886
0.0031688951
0.0042885982
0.005194291
0.0048398928
0.0050689329
0.005296121
0.0057919153
0.0049175747
0.0051039661
0.0058187817
0.0056082884
0.0053647932
0.0049517673
0.0050148196
0.0052242776
0.0062181666
0.0066706784
0.0056723889
0.006684265
0.0094576222
0.011910649
0.010463108
0.012378733
0.0070341064
0.010095451
0.012038138
0.0085233843
0.0066407978
0.0038375965
0.0035325386
-0.00012736953
-0.0013957295
-0.0026289502
-0.0024163392
-0.0055513528
-0.0049093095
-0.0043599741
-0.0021212046
-0.0014530271
-0.0011473422
-0.00074484212
0.00012591947
-0.00020722017
0.0003011937
-0.00043898788
4.0266511e-05
-0.00066620598
0.00015387615
-0.0016746709
-0.0013848033
-0.0020450455
-0.0032335228
-0.0057853166
-0.0043784232
-0.0044872811
-0.010191649
-0.013253576
-0.011342688
-0.011807133
-0.01473529
-0.016334055
-0.016571904
-0.017143858
-0.013290339
-0.014179222
-0.016180382
-0.013801211
-0.015262641
-0.015925609
-0.019301391
-0.018555469
-0.018431582
-0.021494226
-0.024957973
-0.027226174
-0.028593596
-0.02646671
-0.028019652
-0.031412891
-0.034177082
-0.036594548
-0.037231665
-0.037455834
-0.03898955
-0.035918948
-0.031913956
-0.02942039
-0.030268656
-0.026291664
-0.021132483
-0.021061085
-0.017967638
-0.015137402
-0.010933014
-0.0074144043
-0.0037051398
0.0032151861
0.01005858
0.013803767
0.016519429
0.017393404
0.018367643
0.017957513
0.022473313
0.028683936
0.031710642
0.037294706
0.04061829
0.039182261
0.040693897
0.041610846
0.040943192
0.040569568
0.042025411
0.045110418
0.04247891
0.04291894
0.039359216
0.036613479
0.035727907
0.031503727
0.027528846
0.023376812
0.020204114
0.019025868
0.014083351
0.010090806
0.0072211351
0.0031008377
-0.0011931812
-0.0012376571
-0.003114128
-0.002742555
-0.0021883937
-0.0012288308
0.00018335591
0.00016292604
0.00051358381
-0.00024256457
-0.00027795484
-0.00059020741
-2.7564322e-05
0.00029819747
0.0023290354
0.0026669658
0.0034803701
0.0039523437
0.0039167083
0.0034103955
0.0037910161
0.0045203201
0.0055409809
0.0047477947
0.0045719553
0.0044336788
0.0040067508
0.003224186
0.0030219433
0.002828999
0.0046219703
0.0050552935
0.0047660163
0.0044948407
0.003156614
0.0036270486
0.00046526232
0.00045229486
0.0041369843
0.0081845407
0.0091868703
0.0044358632
0.00097287276
-0.001996431
-0.0026607808
-0.00481497
-0.0091243335
-0.010640287
-0.010916968
-0.010183362
-0.0063659376
-0.0030090998
-0.00097119075
-0.00014376138
-0.00088393115
-0.00064948786
-0.00053009049
-0.00041878445
0.00064851988
-0.00051609932
-0.00038793938
-0.0011374652
-0.00097779223
-0.0022903128
-0.0025529691
-0.0039457192
-0.0045564597
-0.0070483926
-0.0055143823
-0.0049699681
-0.012312542
-0.013835546
-0.017340058
-0.020052405
-0.02034457
-0.021664304
-0.022897174
-0.01968038
-0.015206748
-0.014395417
-0.017425586
-0.019180985
-0.021762273
-0.023624159
-0.025507229
-0.027161374
-0.029929611
-0.034153568
-0.036365502
-0.040857455
-0.04420069
-0.043954361
-0.042531186
-0.045113078
-0.049212472
-0.049905118
-0.05102718
-0.050307633
-0.050413854
-0.046626163
-0.042986463
-0.040724317
-0.038814658
-0.032420501
-0.026073413
-0.023460224
-0.022484384
-0.020643894
-0.01648912
-0.011535129
-0.0067695863
-0.0018451474
0.0051403028
0.007883415
0.010118177
0.012580424
0.015303535
0.021751895
0.025713818
0.03163055
0.036768127
0.041247119
0.046179636
0.044061486
0.046445677
0.049508034
0.051086553
0.055163441
0.054424737
0.056068125
0.052992084
0.052863837
0.049240263
0.045480315
0.040233298
0.033134628
0.029525685
0.022034422
0.0177479
0.013584788
0.0089036925
0.0066305899
0.0034399072
0.00041282602
-0.0035591279
-0.0022328377
-0.0045165839
-0.0046459113
-0.0024155686
-0.0035107418
-0.0015497044
-0.0039861509
-0.003033198
-0.0011289067
-0.0019244283
-0.0013430765
-0.0012059689
-0.00045083842
0.0015167421
0.002372591
0.0028829702
0.0035743804
0.0034968623
0.0018123729
0.0021916135
0.002940616
0.003771479
0.0032290297
0.0037407595
0.0042687827
0.0035951112
0.0029312541
0.002613917
0.003183582
0.0042574117
0.0041832088
0.0032938255
-0.0012511224
-0.0021296131
-0.0023195331
-0.00041711954
-2.6311959e-05
0.0044014537
0.0053750404
0.00291329
0.00079138998
-0.0015846655
-0.0055954216
-0.0058639742
-0.008772333
-0.012874933
-0.015661573
-0.015355834
-0.011863723
-0.0071890827
-0.0042744486
-0.0027810017
-0.0011948086
-0.0019559421
-0.0021551854
-0.001543765
-0.00061802753
0.00047241349
5.2520149e-06
-0.0011052738
-0.0014105645
-0.0018210189
-0.0043020123
-0.0042867802
-0.0040929014
-0.006364843
-0.0083608742
-0.0060029625
-0.0074627381
-0.01278638
-0.016518284
-0.021697645
-0.025236536
-0.026475803
-0.033381003
-0.030919616
-0.024342096
-0.014539501
-0.01386023
-0.0166283
-0.018845729
-0.023024561
-0.028461538
-0.032859262
-0.0375799
-0.041270651
-0.043453535
-0.046692834
-0.050244689
-0.051756947
-0.053977186
-0.053849602
-0.054562706
-0.055695067
-0.057203941
-0.059008379
-0.057235492
-0.059131826
-0.058151501
-0.056065426
-0.052355638
-0.043771217
-0.035947265
-0.030301207
-0.024385928
-0.021554816
-0.024322777
-0.025899291
-0.021096604
-0.011296998
-0.0068698134
-0.00044988674
0.0017217815
0.0044814801
0.0089099184
0.012802587
0.016942896
0.021480059
0.022447171
0.021752398
0.030877312
0.03845659
0.040178385
0.047355167
0.052516159
0.051787091
0.054193216
0.054462593
0.056116417
0.054956505
0.052802083
0.049166229
0.04492295
0.039618223
0.031842801
0.02438258
0.018233681
0.013475582
0.0078534945
0.0045927473
0.0017115793
-0.0011538035
-0.0030538001
-0.0030069397
-0.0042186632
-0.0053375987
-0.0052313062
-0.005920352
-0.0048688092
-0.0038779799
-0.0023139303
-0.0017113522
-0.0011751479
-0.0018882768
-0.002840784
-0.0028431757
-0.0020137562
-0.00094728087
0.0017734497
0.0031367981
0.0036011563
0.0031227395
0.0028025026
0.0022992601
0.002632712
0.0026630258
0.0041242843
0.0037553106
0.0038957134
0.0048734685
0.0048953433
0.0051594264
0.0051578102
0.0050688507
0.0051376907
-0.0030224698
-0.0049355475
-0.0021617349
-0.0012433657
-0.00011262642
0.0014616086
0.0056893276
0.00335547
0.0024740689
-0.00078867151
-0.0030701055
-0.0072117384
-0.0096682108
-0.0090160609
-0.013887514
-0.014406514
-0.017177805
-0.012448601
-0.0076215339
-0.0057262955
-0.0054346083
-0.0050033019
-0.0044182238
-0.0044555139
-0.0041540931
-0.0022442741
-0.00081595286
-0.00059964457
-0.0018427552
-0.0039506938
-0.0044976658
-0.0052737391
-0.006517557
-0.0091314124
-0.010938617
-0.0095395542
-0.0076693806
-0.007988439
-0.014212919
-0.018489216
-0.023458812
-0.028792413
-0.032882415
-0.036843585
-0.035810586
-0.029718326
-0.016945589
-0.0113122
-0.016798219
-0.020680616
-0.024670937
-0.028280176
-0.034426206
-0.038885815
-0.040826314
-0.043907758
-0.048499677
-0.054593911
-0.057216419
-0.058584661
-0.06050051
-0.061493709
-0.063415671
-0.065336399
-0.062639312
-0.062563086
-0.063550484
-0.063433462
-0.060761098
-0.056474778
-0.0456629
-0.037874257
-0.029237777
-0.030526207
-0.028795183
-0.027477188
-0.024397786
-0.019978234
-0.01440642
-0.010614789
-0.011562315
-0.0054900003
-0.00042414966
0.0076305112
0.016025817
0.017384588
0.014816821
0.015171222
0.01804522
0.032327151
0.036936753
0.039305761
0.039531006
0.039884117
0.050209985
0.054559024
0.053763501
0.051889782
0.053143358
0.047822723
0.043262442
0.036044338
0.030878193
0.025215297
0.022309244
0.01331197
0.0093665161
0.0047871563
0.0023674134
0.0020791632
0.00090226713
-1.4117852e-05
-0.0012888003
-0.0036068697
-0.004084816
-0.0052484041
-0.0039318872
-0.0030250773
-0.0027444072
-0.00089820956
-0.00029547599
0.00015830299
-0.0022755686
-0.0023494831
-0.0011755939
-0.00096389045
0.00050464867
0.0026436181
0.0045869359
0.0057240632
0.0062126234
0.005368657
0.004449656
0.0041169285
0.0041454882
0.0034333241
0.0039413585
0.0047250071
0.0042492515
0.0069309837
0.0084670956
0.0082222867
0.0070188272
0.0032345493
-0.0064086485
-0.0043176301
-0.0031883814
-0.0003580641
0.0011356239
0.0035675514
0.0036256997
0.005044384
0.0036656331
-0.00052232567
-0.0066221619
-0.011198533
-0.011432931
-0.010319209
-0.014799287
-0.014373391
-0.016077541
-0.012067197
-0.010299584
-0.0087183482
-0.0056186618
-0.0050500921
-0.0046940791
-0.0057206855
-0.0057613547
-0.0047973828
-0.0033016951
-0.0035286769
-0.0020275566
-0.0044673116
-0.0055520674
-0.0054368162
-0.0079749843
-0.011782204
-0.012421295
-0.010334013
-0.0068733417
-0.010751449
-0.012789024
-0.015917741
-0.017838027
-0.023110875
-0.027819958
-0.030092591
-0.037065869
-0.03316264
-0.018747577
-0.01356865
-0.015287058
-0.018224035
-0.01916796
-0.02306206
-0.026215602
-0.03070602
-0.034449413
-0.040980393
-0.046292326
-0.050452856
-0.054552497
-0.060273615
-0.062890745
-0.067561771
-0.068005917
-0.070378648
-0.07050676
-0.066813772
-0.064291114
-0.061466919
-0.056525756
-0.049407982
-0.037305038
-0.033291892
-0.030023455
-0.028714315
-0.028839605
-0.031270812
-0.031416615
-0.023773059
-0.023522908
-0.014257314
-0.014623299
-0.013187584
-0.0081332734
-0.00034106157
0.0035843784
0.0025354703
0.0077696767
0.018052542
0.023806985
0.030070993
0.036204709
0.039681938
0.039401772
0.045671816
0.047649074
0.049799917
0.047249853
0.047754447
0.042732665
0.039185175
0.034337794
0.028545621
0.024850736
0.01961747
0.013753899
0.011703443
0.010047952
0.0053437155
0.0050816978
0.0038427598
0.0041355763
0.0034270506
0.0020638502
-0.0014027674
-0.0023282618
-0.0030858064
-0.0016755174
-0.0010843284
-0.00046107075
-0.0010147508
0.00057691624
0.00085393363
0.00066950244
0.0014220554
0.0014827405
0.0023552794
0.00298832
0.0029618437
0.0017540073
0.00072123125
0.0012420996
0.0022373315
0.0030108588
0.0034159923
0.0048176547
0.0050700743
0.0044848071
0.0055655611
0.0055161775
0.0036369462
0.0049406143
0.0067925916
0.006694306
-0.0016871189
-0.0066081818
-0.0018984756
0.0018468984
0.0018641145
0.003304868
0.0054554429
0.0055198271
0.0041567239
0.004973801
-8.1985536e-05
-0.0053018402
-0.0077639806
-0.010145197
-0.0096273432
-0.014945347
-0.014847553
-0.010513216
-0.0044517
-0.0026621385
-0.0019208231
-0.0024875086
-0.0020100454
-0.0025492783
-0.0023838945
-0.0035853228
-0.003861217
-0.0023695006
-0.0031771952
-0.0033653484
-0.0057598065
-0.0065552697
-0.010387042
-0.012293651
-0.014088765
-0.015357902
-0.010057145
-0.0094540616
-0.011118495
-0.014075057
-0.013118592
-0.015127868
-0.018684006
-0.025464182
-0.029044442
-0.032201513
-0.034376979
-0.023353335
-0.018418538
-0.019030088
-0.021420936
-0.02136535
-0.022554407
-0.02589088
-0.029952589
-0.035921646
-0.042921622
-0.049201147
-0.053335967
-0.058391845
-0.063451411
-0.068227229
-0.070841683
-0.071907425
-0.071428523
-0.071141646
-0.069533567
-0.068232659
-0.06276928
-0.05461812
-0.045095205
-0.038012323
-0.036333828
-0.036220664
-0.031523086
-0.03353474
-0.031882285
-0.035704384
-0.025906198
-0.023649917
-0.023530633
-0.02207059
-0.020081021
-0.013441046
-0.01133458
-0.0044104671
0.0010709682
0.010376455
0.016873946
0.020374844
0.026480183
0.031078731
0.033098
0.034978538
0.036655582
0.04054077
0.040721056
0.039982013
0.037861119
0.034731796
0.031474706
0.028562792
0.024517719
0.020101432
0.017671831
0.016403284
0.013655156
0.013333861
0.010278595
0.010955901
0.0097788626
0.0088787067
0.006627986
0.0052518302
0.0021761332
0.0013336078
0.00083796767
0.0011715527
0.0013963419
0.0022793704
0.0038053782
0.0041084557
0.0049896438
0.005803706
0.0053734586
0.0048525331
0.0053477595
0.0065451215
0.0054664621
0.0039705563
0.0035082145
0.0025603454
0.0025708861
0.0037396378
0.00357872
0.0031336355
0.0027229855
0.0028022468
0.0038403191
0.0037334363
0.0011507117
0.0018475365
0.0036792519
0.0053541143
-0.00072693548
-0.0048385168
-0.0022918412
0.0010561784
0.0039660802
0.0036778862
0.0058750358
0.0047023134
0.0013583734
0.0037801274
-0.0010843695
-0.0044402579
-0.0046305757
-0.0042127827
-0.0032822856
-0.0013861671
8.8099523e-05
0.0027522481
0.004060538
0.0031794561
0.0018845242
0.00076522986
0.00071775747
-0.00065804083
-0.0029587773
-0.0044516032
-0.0037223515
-0.0034010719
-0.003767812
-0.0056092065
-0.0078301527
-0.0097284418
-0.014742071
-0.016834029
-0.017685585
-0.020558846
-0.014897909
-0.014033823
-0.015038875
-0.014062148
-0.016340056
-0.016425411
-0.02066099
-0.025076351
-0.031538835
-0.03505305
-0.034759793
-0.02575409
-0.021577259
-0.021549308
-0.023208928
-0.021566369
-0.023488829
-0.028096664
-0.034475998
-0.041079742
-0.048093908
-0.054381614
-0.057416878
-0.063250578
-0.066427424
-0.067955491
-0.07089761
-0.072708797
-0.072520882
-0.074609461
-0.070896635
-0.068947665
-0.063067635
-0.05311837
-0.040473768
-0.038327524
-0.041518666
-0.034396564
-0.034891052
-0.03437502
-0.033604289
-0.035346378
-0.026079201
-0.027375697
-0.029779538
-0.029643731
-0.026814888
-0.021305375
-0.013503834
-0.0074093651
-0.0033962363
0.0020878424
0.0055633049
0.0094762618
0.014396574
0.021373896
0.022672025
0.025047425
0.026425544
0.029877802
0.03203865
0.030147142
0.026333126
0.028581248
0.026049891
0.02257463
0.021786924
0.020781568
0.021553166
0.019001752
0.017597536
0.015273977
0.015988506
0.015550467
0.015331361
0.012741513
0.0086308844
0.0058565082
0.0051313373
0.0048059616
0.0050229587
0.0049300751
0.0041805638
0.0050544865
0.0045921003
0.0051640221
0.0062888127
0.0060706693
0.0069317527
0.0082639381
0.0087186786
0.0080425019
0.0074483164
0.0076402454
0.0079224017
0.0072039619
0.0055737799
0.0048726677
0.0057038776
0.0057876488
0.0063489567
0.0082338678
0.0065856407
0.0053546696
0.0043390648
0.0030589815
0.0040545107
0.0050319179
0.0028752023
0.00038741643
4.9720738e-05
0.0027115788
0.00500338
0.0098048633
0.010248562
0.0058142476
0.0058003089
0.0043764998
0.0029403272
-5.6674424e-05
0.0030452546
0.0063215755
0.0057856453
0.0073499977
0.009136773
0.010724414
0.012701304
0.012355701
0.0096447275
0.011596951
0.011303929
0.010862689
0.0071861004
0.0027623782
0.0019356641
0.00016020054
-0.00063228971
-0.0032832928
-0.0085123192
-0.012609771
-0.011469363
-0.015128976
-0.016864953
-0.020311838
-0.015466975
-0.014332836
-0.015019576
-0.015986586
-0.017013866
-0.017128636
-0.024064972
-0.025404222
-0.03298858
-0.036782351
-0.034081183
-0.026935459
-0.023217568
-0.02444889
-0.02539609
-0.023429808
-0.023550916
-0.029682992
-0.035066627
-0.040457449
-0.046628702
-0.054244795
-0.05798003
-0.061398633
-0.064759356
-0.065764566
-0.06983141
-0.067863389
-0.066901091
-0.067022359
-0.069433148
-0.065363613
-0.05925636
-0.045877402
-0.039472881
-0.037437041
-0.03279398
-0.028816276
-0.031160302
-0.029617343
-0.026887556
-0.024594255
-0.019923148
-0.022366056
-0.024339617
-0.020898197
-0.017656899
-0.015208462
-0.01079488
-0.0067376232
-0.0033144246
2.6359612e-05
0.0012255853
0.0027298214
0.0053641405
0.0090540067
0.010795889
0.012381908
0.016885203
0.021701146
0.023205237
0.020384618
0.019599051
0.019634936
0.017890877
0.018662138
0.015940543
0.014475944
0.016435704
0.014535092
0.011548481
0.012415999
0.012266384
0.010830816
0.011050661
0.0089924265
0.0069553353
0.0046199412
0.004920395
0.0028778948
0.0036116969
0.0060625559
0.0068168416
0.0084813886
0.0083231093
0.00705186
0.0086015769
0.0084181915
0.010146514
0.0089998177
0.011365507
0.012516651
0.0094530457
0.010195494
0.011591946
0.0088511602
0.0097848265
0.0090498819
0.0066643987
0.0062281567
0.00762441
0.010648948
0.010942219
0.010483537
0.010368301
0.010576594
0.0085482945
0.0081366436
0.0051493236
0.0094363052
0.012239156
0.0080033338
0.011614472
0.010890262
0.012594408
0.010567698
0.0080857301
0.0065431895
0.0072295375
0.0059033932
0.0066934308
0.0072489952
0.009307226
0.010880202
0.011432874
0.012334301
0.011074184
0.01291319
0.014154605
0.014068643
0.01448227
0.013192159
0.012195138
0.0094217909
0.0062211415
0.0018921113
-0.0015809474
-0.00075258088
-0.0040800414
-0.00892264
-0.0048015358
-0.0089730564
-0.01144425
-0.011671374
-0.010216121
-0.010711401
-0.013934535
-0.016869109
-0.015614705
-0.016242638
-0.020481754
-0.021476381
-0.023241026
-0.024626186
-0.025608775
-0.02127047
-0.022212442
-0.023905332
-0.025691533
-0.025609694
-0.025704706
-0.026913705
-0.028580414
-0.033682964
-0.040640654
-0.046567985
-0.050324954
-0.053431191
-0.056862814
-0.057718837
-0.060333063
-0.055991589
-0.05428464
-0.06005142
-0.05846982
-0.054993636
-0.047478986
-0.034970281
-0.028815769
-0.024086917
-0.018505212
-0.014720802
-0.010613627
-0.010327234
-0.0083518735
-0.0069490919
-0.0056994017
-0.0062409028
-0.00695324
-0.0059489874
-0.0047804088
-0.0040464205
-0.0012900328
0.00022622412
0.0032311518
0.0065822999
0.0086500082
0.010502652
0.011986546
0.013864696
0.014341786
0.014729744
0.016400119
0.015733519
0.017559229
0.015579811
0.014134635
0.014205327
0.011113199
0.0098126463
0.0085694216
0.007084663
0.0075973171
0.0049212604
0.0037264038
0.0032928838
0.0046533417
0.0031763868
0.0039894696
0.0052018602
0.0046752071
0.0036057367
0.0035377619
0.0075472179
0.0066225857
0.0060497909
0.0062300012
0.0099219204
0.011486581
0.014562913
0.014062223
0.013113864
0.012584097
0.012842842
0.012084881
0.012801705
0.0120881
0.013864462
0.015951034
0.014010124
0.012946561
0.013272807
0.014584773
0.010720477
0.010495211
0.012216975
0.012666886
0.012093944
0.013639997
0.010732857
0.0079740074
0.0066824333
0.0037901777
0.0068015984
0.01415395
0.015576962
0.013557627
0.014578473
0.013229136
0.010978116
0.01012528
0.011178343
0.0098913959
0.0071584258
0.0073331914
0.0081556228
0.0099171036
0.010692751
0.011390351
0.01171623
0.011641476
0.013320935
0.013947535
0.01355906
0.013334889
0.012184131
0.010685809
0.0071327959
0.0031132497
0.00052901775
-0.00069825996
-0.00032652167
-0.0010927509
-0.0032259734
-4.1254736e-05
-0.00060409222
-0.00063209101
-0.0024412768
-0.0043361824
-0.0064818502
-0.007501388
-0.012841248
-0.015872079
-0.015952201
-0.014485756
-0.01447337
-0.016767518
-0.016865015
-0.017171329
-0.01155821
-0.01413771
-0.020446135
-0.023336031
-0.025719638
-0.024210303
-0.026339994
-0.025527365
-0.02967817
-0.033409405
-0.03943221
-0.041933971
-0.046407327
-0.048539267
-0.048843504
-0.045023524
-0.043110199
-0.043387284
-0.045274421
-0.042886214
-0.036647441
-0.028547248
-0.018685841
-0.0080886553
-0.00097997476
-0.0011709059
0.0023049051
0.003315779
0.0034766339
0.0062478595
0.011354652
0.012163942
0.012230635
0.0087752447
0.01087475
0.0069193661
0.0083958531
0.010951713
0.011014013
0.013068148
0.012441485
0.015734103
0.016592504
0.017950772
0.020056857
0.018934217
0.017218891
0.019442954
0.015369151
0.014485701
0.01261639
0.010344613
0.0083494962
0.0047290737
0.0041050568
0.0037320368
0.002009275
-0.00048327533
0.00031237274
0.00062080288
0.001235991
0.0012665192
0.0022949698
0.004245495
0.0046454078
0.0049094251
0.006556034
0.0072661842
0.0078336601
0.008986609
0.009672659
0.011872272
0.013677079
0.016262499
0.018865676
0.019453992
0.018838577
0.017666721
0.016216667
0.014503719
0.015188048
0.015973841
0.019643628
0.022819117
0.023047953
0.021746396
0.020957299
0.019563804
0.013279433
0.010727958
0.009945895
0.0085271872
0.0065304444
0.00697595
0.0077286453
0.0029653201
0.0062098456
0.010120375
0.010831323
0.011849525
0.012784422
0.012752978
0.011909919
0.012254318
0.010235567
0.010786375
0.010580119
0.010936472
0.0098984291
0.0098201284
0.010067271
0.01127295
0.011638784
0.012495388
0.013328607
0.014756725
0.015844643
0.016965766
0.017300946
0.016781956
0.015931735
0.013583899
0.010470726
0.0063252117
0.0056278858
0.0030745178
0.0039473058
0.0017873254
0.0025180884
0.0051600131
0.0037693852
0.001210638
0.00040982372
0.00017046272
-0.0026872536
-0.0030857044
-0.0053859179
-0.0086553008
-0.011640243
-0.013656888
-0.011906617
-0.010941687
-0.011086654
-0.013477942
-0.0057687952
-0.0068563429
-0.015742444
-0.01622325
-0.017201519
-0.018111144
-0.01927924
-0.020758713
-0.023629853
-0.025359483
-0.029343564
-0.032569975
-0.033505208
-0.035389013
-0.034136308
-0.027193086
-0.028194897
-0.03008319
-0.030082666
-0.026446427
-0.019165418
-0.012399722
-0.0043234801
0.0064229228
0.014500337
0.0099222281
0.0091277722
0.010578809
0.010071706
0.015381322
0.020072729
0.021612536
0.021949911
0.021167008
0.019004285
0.017313062
0.017355577
0.017822965
0.016625068
0.015399574
0.015500262
0.016968778
0.016510276
0.015516147
0.015450435
0.014800437
0.012657013
0.013984549
0.01132343
0.010854183
0.0073084065
0.0038870244
1.7982314e-06
-0.0014115041
-0.0041241511
-0.0043540555
-0.0050553799
-0.005544832
-0.0068404917
-0.0054472791
-0.0022753274
-0.0010989331
-0.00077224087
0.0014004113
0.00085851133
0.00034528569
0.0022714423
0.0055862602
0.0076015683
0.0088407453
0.011058225
0.014534042
0.016354606
0.018449158
0.02051114
0.02085181
0.021030876
0.020802959
0.019561705
0.018762488
0.020454151
0.020783604
0.024356335
0.026198656
0.025512121
0.023891617
0.023870076
0.019975906
0.015137433
0.01314926
0.01122278
0.00974357
0.007477513
0.0079767385
0.0040443799
0.0015328786
0.0052989438
0.0069793357
0.0085557889
0.0085293768
0.0083351048
0.0082854805
0.0090171376
0.0070445929
0.0072774251
0.0080379614
0.0085151814
0.0092126318
0.011379413
0.011067237
0.011159183
0.01157391
0.012740467
0.014193665
0.015401123
0.01614831
0.01727591
0.018410885
0.020709676
0.0215207
0.020849561
0.019436417
0.017979025
0.014954478
0.013213272
0.010627976
0.010931202
0.0080285798
0.0065332929
0.0088612795
0.0061030038
0.0030088041
0.0028140507
0.0011342188
0.00044892892
0.00084937311
0.00085794011
-0.0023441926
-0.0037207162
-0.0054762273
-0.005262057
-0.0040352253
-0.0036328671
-0.0042365322
-0.0011977476
-0.0013539483
-0.003870923
-0.0091637631
-0.012080403
-0.012510678
-0.014252582
-0.015371797
-0.017322442
-0.016950892
-0.019360078
-0.021603194
-0.022887031
-0.022082941
-0.019760674
-0.01763066
-0.021704232
-0.018801158
-0.016719254
-0.012995659
-0.0086025015
-0.0029314334
0.00065659586
0.0087367843
0.014613466
0.012960209
0.011123902
0.013600167
0.015579121
0.016323213
0.019397707
0.021097155
0.023151004
0.022935724
0.020269327
0.021168247
0.019846803
0.016740618
0.015287034
0.013772757
0.013393865
0.013495789
0.011179304
0.010282601
0.010356369
0.0088572433
0.0077309092
0.0064261813
0.0047343545
0.0032265713
0.00016653208
-0.0035812158
-0.0071826257
-0.0090178724
-0.011016452
-0.012198818
-0.012342693
-0.012649959
-0.011637685
-0.010465949
-0.0084054837
-0.0071929774
-0.0056222993
-0.0042915272
-0.0036972396
-0.0043222822
-0.0044439831
-0.0020262613
0.00043971534
0.003665143
0.0090747437
0.012244484
0.01469684
0.017301
0.019255306
0.021318709
0.02333579
0.021914546
0.018967423
0.018752168
0.020198274
0.021108215
0.021652323
0.022510771
0.021332039
0.021662451
0.019490991
0.017365949
0.012634978
0.011025356
0.0073467813
0.0058750338
0.0059632559
0.0058492379
0.0072087971
0.0062448067
0.0070553603
0.0069201259
0.0059452328
0.0046329466
0.0057285449
0.0050507101
0.006536478
0.00777474
0.0068171259
0.0068486195
0.0092304757
0.0094985138
0.0097770613
0.010025149
0.010670878
0.010451002
0.011579116
0.012063813
0.012911547
0.014352632
0.017407749
0.01885824
0.020409683
0.022236579
0.024056651
0.02457813
0.024611327
0.023732384
0.020629502
0.018386276
0.017490648
0.01462939
0.011676009
0.014875689
0.010605224
0.0093255532
0.0067693333
0.0045754733
0.0053975228
0.0056897814
0.0041422476
0.0043989918
0.0029866826
0.0025595903
0.0025272935
0.0023146846
0.0031213804
0.0018327706
0.003141432
0.0055074669
0.0054002216
0.0015549829
-0.0030215472
-0.0067825191
-0.0076394293
-0.0088038714
-0.0087733114
-0.0093765026
-0.010381947
-0.010928928
-0.010986387
-0.010307291
-0.0067797798
-0.0080753821
-0.013145048
-0.015688626
-0.012176323
-0.0074801485
-0.004377016
0.0010582029
0.0025499111
0.0071578773
0.0095905114
0.0088165343
0.0084751381
0.011239539
0.01204671
0.0099516017
0.011187714
0.014397962
0.016694109
0.017641228
0.017657329
0.015336777
0.016766568
0.014725569
0.011918047
0.01087302
0.0095334286
0.0098256043
0.0089119248
0.0063157748
0.0049049178
0.0035048158
0.0025726704
0.0018636755
0.0012547189
6.5410233e-05
-0.001963963
-0.0048916863
-0.0093426234
-0.011417452
-0.013276783
-0.014352019
-0.013495958
-0.01464621
-0.014163125
-0.012849293
-0.011875772
-0.010284298
-0.0086946134
-0.0085590987
-0.007086124
-0.0063744077
-0.0056089514
-0.0060802787
-0.0044236706
-0.00099827232
0.0016976679
0.0049887449
0.0089475102
0.012522048
0.014099404
0.016925887
0.019078075
0.018514983
0.016587518
0.015876402
0.015026776
0.016106709
0.017927275
0.01964654
0.018139934
0.016869186
0.01490653
0.013143303
0.010687942
0.0098157419
0.007687227
0.006542275
0.0055614602
0.0069084185
0.0098970771
0.0092039432
0.0093823859
0.0088946046
0.0064803286
0.0055417991
0.0029857471
0.0022897915
0.0040178647
0.0041649409
0.0061521507
0.0062457881
0.0068907345
0.0080476996
0.0081882823
0.0078555154
0.007294602
0.0080240212
0.0089752308
0.0098717474
0.010281677
0.011511189
0.013867636
0.0157135
0.017360268
0.018886106
0.021169635
0.022880624
0.025077624
0.026469439
0.026368578
0.023216772
0.021011775
0.02106394
0.018562368
0.019986179
0.018358982
0.016230988
0.013409127
0.011895243
0.010471628
0.010730692
0.0089615175
0.0071119425
0.0081319781
0.0071180084
0.008328339
0.0088368897
0.0080865545
0.0084772328
0.0087062461
0.01353499
0.012035659
0.007549854
0.0053249919
0.0010871095
-0.0022706063
-0.005209956
-0.0047311333
-0.0053518729
-0.0055006123
-0.0053032489
-0.0046900707
-0.0025299182
-0.00044270999
-0.0031815778
-0.0075481198
-0.009365128
-0.009683198
-0.010535991
-0.00769017
-0.0045189714
0.00034022755
0.0033729655
0.0031331988
0.0014461512
0.0022873045
0.0022759699
0.0020490862
0.0011930322
-0.00014313735
0.0028996062
0.0068924933
0.010285506
0.010641551
0.0098848641
0.010433532
0.010673814
0.009469673
0.0072317338
0.0068353745
0.006379979
0.0059435281
0.0039870547
0.0020739329
0.00089835386
0.0010160334
0.00062917653
-0.00025692368
-0.0012679625
-0.0022694801
-0.0046126407
-0.0074362068
-0.0095089171
-0.010546767
-0.010962905
-0.011817768
-0.011655408
-0.011831473
-0.011471231
-0.01074272
-0.0086567576
-0.0089660493
-0.007810473
-0.0071337329
-0.0068853433
-0.0049993937
-0.0041902514
-0.002807907
-0.0023531086
-0.00096072531
0.0023194097
0.0043667597
0.006895304
0.0098285962
0.012206087
0.013732778
0.014812749
0.014840177
0.013138251
0.011943866
0.011193485
0.012743041
0.013817588
0.013298755
0.013096635
0.01315472
0.011270993
0.010651455
0.011100291
0.006991089
0.0046733315
0.0052967214
0.0079935002
0.0089495445
0.0071163133
0.0066149413
0.0076902614
0.0070955075
0.0054826458
0.0047829901
0.0046782789
0.0030916362
0.0034336678
0.004194824
0.0048744582
0.004825287
0.0060206376
0.0057563064
0.005645582
0.0051893652
0.005541951
0.0066108751
0.0075579695
0.0081946512
0.0083405688
0.0086061687
0.011057942
0.012556993
0.014475699
0.016078014
0.017353491
0.020013796
0.024189574
0.025613979
0.023727728
0.023322372
0.02398307
0.023225873
