0.0024215143
0.001877282
0.0019368313
0.0011467944
0.0011081688
-8.3912499e-05
0.0015411109
0.0015410237
0.00049299282
-0.00014783634
0.0010506549
0.00061180876
-0.00063035186
-0.00059941744
0.00066410093
0.0015074135
0.0032504046
0.0041096194
0.0036762953
0.0030557838
0.002645918
-0.00016694551
-0.0015195967
-0.0011371722
-0.0027251524
-0.003588931
-0.0054116487
-0.0061385303
-0.004210415
-0.0046340037
-0.0058787486
-0.0059240783
-0.0073299374
-0.0079153095
-0.0091735686
-0.0084052723
-0.0079413229
-0.0096180447
-0.010183113
-0.0097660049
-0.011159974
-0.013224901
-0.01299223
-0.013126993
-0.015285182
-0.015887341
-0.017000433
-0.016414449
-0.015042011
-0.01257732
-0.0094687308
-0.0089542763
-0.0062970998
-0.0038400137
-0.0027948227
-0.0025026456
-0.0017966602
-0.0013441887
-0.0032840584
-0.0049847489
-0.0039037419
-0.0013197431
-0.0025130848
-0.0055146695
-0.0086194225
-0.0085311348
-0.0086527026
-0.0064581496
-0.0048646524
-0.0033770709
-0.0025479209
-0.0026680709
0.0013366116
0.0033604419
0.0040519786
0.0049352126
0.0074099585
0.010257218
0.011875452
0.011361565
0.010860783
0.0094675316
0.0066923685
0.0045345533
0.0052901046
0.0038565772
0.0035927798
0.0043976753
0.0069530319
0.0075863412
0.0067307783
0.0052024324
0.0040489689
0.0037521189
0.0026855915
0.0029442054
0.0033743049
0.0033598687
0.0019088793
0.0035298917
0.0035893721
0.0036102688
0.0026250883
0.002832694
0.003582947
0.0041425478
0.0035991033
0.0029435053
0.002607302
0.0029386296
0.0029559529
0.0029422014
0.0040204743
0.0057700752
0.0056999726
0.006506138
0.0083330344
0.0081221367
0.011140244
0.012647115
0.01196407
0.012285896
0.012474071
0.013615425
0.0096343603
0.0086222738
0.0095781052
0.0094590018
0.0091127118
0.0073931423
0.0055839651
0.0028688935
0.0023993383
0.0016693342
0.00031390319
0.00031528261
-0.00051129115
0.00071301285
0.001408622
0.0012511792
0.0019809466
0.0021771266
0.0026384378
0.0027336655
0.002238676
0.0016922215
0.0013693337
6.2266001e-05
-0.00088209529
-0.0019769713
-0.0021170705
-0.0023195772
-0.0023771154
-0.0013474526
-0.00083393647
-0.00070620102
-0.0015873424
-0.0021914852
-0.0014880109
0.0011417048
0.0022686078
0.0024608476
0.0023131126
0.0015542939
0.00074470853
9.4882506e-05
-0.0017512061
-0.0019731269
-0.0023323509
-0.0056452091
-0.00696825
-0.0069582151
-0.007180412
-0.006566634
-0.0077216812
-0.0089456836
-0.0099059326
-0.011704327
-0.012157488
-0.01152549
-0.012598857
-0.013219213
-0.014007017
-0.01231192
-0.011369017
-0.010936659
-0.010495846
-0.0096423645
-0.0099332134
-0.008642298
-0.0097421876
-0.0090877358
-0.0067945596
-0.0032709151
-0.0022972921
-0.0002206846
0.0010358853
0.0034192972
0.0035564659
0.0034808328
0.0054068454
0.0056658218
0.0052085742
0.0043237569
0.0060199478
0.0054942845
0.0047055127
0.0023638213
0.00014832418
-0.0012811902
-0.00036721884
1.5495735e-06
0.0021487711
0.0034999368
0.0051112511
0.0068890912
0.0079710983
0.0056358996
0.0056323542
0.0068773334
0.0088797198
0.0085063403
0.0080744216
0.0076706106
0.0068983657
0.0039408922
0.0021858151
0.00051264832
0.00010048049
0.0016540747
0.0049356008
0.0052292642
0.0065866776
0.0073852278
0.0071468348
0.0037427012
0.0024261349
0.0013887814
0.0022936738
0.0031364602
0.0029339628
0.0032409419
0.0035070614
0.0034842857
0.0022561206
0.0021220562
0.0016240626
0.0020341434
0.0022567641
0.0027441547
0.0021132409
0.0026544845
0.0020408984
0.0024262296
0.0026717327
0.0035575803
0.0045720129
0.0057689835
0.0053127176
0.0056737842
0.0067510624
0.0098285731
0.012682065
0.014042853
0.012232816
0.01290654
0.010641954
0.010916911
0.0094932869
0.0084444782
0.0077084235
0.0065160318
0.0062406359
0.0050619413
0.0027379464
0.0016076409
0.0020471217
0.000414561
0.00057965034
-0.00063487126
-9.9070323e-05
0.00053478949
0.0013788178
0.0013693746
0.0016967813
0.001937238
0.0019914338
0.0018663983
0.0023654325
0.001951457
0.0015630281
-4.7396787e-05
-0.0012112407
-0.0039267511
-0.0057561006
-0.00587408
-0.0055454967
-0.004057036
-0.0037411667
-0.0044583426
-0.0033150964
-0.0021185206
-0.0016569428
-0.0015876462
-0.001165519
-0.0012702203
-0.00024226122
-0.0008154823
-0.0029913
-0.0043803794
-0.0052446286
-0.0043165574
-0.0049610901
-0.010854768
-0.014253699
-0.014405727
-0.01236687
-0.011123802
-0.013591957
-0.014432871
-0.016223341
-0.017146495
-0.017974256
-0.019715276
-0.020053441
-0.018266306
-0.016436773
-0.013351383
-0.0097199896
-0.0088735807
-0.0078436971
-0.0066730091
-0.0051551201
-0.0037364196
-0.0025199637
-0.0017129196
-0.0006915697
0.0016231075
0.0047727517
0.0067085643
0.008345966
0.0083301211
0.0082276559
0.0090085861
0.010010493
0.01205454
0.013211476
0.015339432
0.016196697
0.016598576
0.01498312
0.012874887
0.012005334
0.010483949
0.012628146
0.011882344
0.013619415
0.012855602
0.012433452
0.012566364
0.01338528
0.011288188
0.0089807653
0.007423997
0.005342636
0.0034976918
0.002417127
-0.00012545805
0.00010839841
-0.00080317088
-0.0017721147
-0.0023662717
-0.001364604
0.0021604609
0.0039730118
0.0053102351
0.0064941254
0.0066695414
0.0054172703
0.0037253794
0.0010819552
0.0011946699
0.00092279737
0.00235579
0.0025269763
0.0031365589
0.0035308679
0.0029495136
0.0023171041
0.0018930061
0.0021090758
0.001648958
0.0014649277
0.0025695191
0.0025110837
0.0027147702
0.0025116735
0.0032976621
0.0033913032
0.0042762171
0.0041483258
0.0043929709
0.0032340572
0.0057194821
0.0099798182
0.009523274
0.011730555
0.0078615406
0.0090700117
0.011380121
0.0092241857
0.0081889617
0.0064542325
0.0047403535
0.0028943889
0.00207842
0.0014187205
0.0024309306
-0.0015553436
-0.0023115941
-0.0017067456
-0.00064374878
-0.00011211716
-7.8648288e-05
0.00066042893
0.0017775916
0.0021178334
0.002578826
0.0019310916
0.0022758152
0.001623553
0.0022999914
0.0014414623
0.0015660795
0.0007659743
-0.00023365916
-0.0029269016
-0.0033242134
-0.0035596435
-0.0068078156
-0.0085737084
-0.0071728992
-0.0055129905
-0.0071130805
-0.0073966867
-0.0061001641
-0.0060642589
-0.0035981024
-0.0035282205
-0.0060734461
-0.0065190556
-0.0091945117
-0.0090075303
-0.010716748
-0.010343515
-0.01190986
-0.014836185
-0.01761238
-0.02119762
-0.022618521
-0.019188608
-0.021373901
-0.023659923
-0.026077091
-0.028382557
-0.029791562
-0.031611123
-0.032881624
-0.029169303
-0.024789693
-0.021940562
-0.019575687
-0.013717095
-0.0081126833
-0.0091444856
-0.0069785111
-0.0053123738
-0.0024502723
-0.0012547834
-0.00070898601
0.0013640453
0.005083127
0.0068153522
0.0073805661
0.0087065194
0.010124356
0.010683295
0.011824913
0.01458415
0.019834424
0.025464256
0.028393838
0.028453947
0.028394559
0.028449009
0.026513217
0.024181561
0.022699163
0.025651965
0.023763155
0.022950034
0.0196228
0.016919344
0.017583634
0.014024824
0.011265702
0.0089161048
0.0067578166
0.0046360486
-0.000774228
-0.0024090184
-0.0018892483
-0.0022469092
-0.0039074634
-0.0027828156
-0.0029005927
-0.0015088449
-0.00042536097
0.00085885345
0.0021502831
0.0013056978
0.0016279721
0.0013413136
0.0012110179
0.00025484208
0.00062625539
0.0007080542
0.0023432384
0.0022062022
0.0023491659
0.002359013
0.0015931191
0.00077591551
0.00088101561
0.001231251
0.0021524571
0.0017271681
0.0018481494
0.002447207
0.0021850804
0.0022618008
0.0024120598
0.002382399
0.0034857145
0.0044158851
0.0041564707
0.0034451674
0.0041344719
0.0046798741
0.0025201583
0.002083139
0.0044024837
0.0073242048
0.0093526956
0.0075139416
0.0045567317
0.0023698858
0.00066036463
-0.001569644
-0.0048144428
-0.0062068869
-0.0060872852
-0.0070790186
-0.0045735896
-0.0018579933
-0.00027636179
0.00011636304
0.00025285919
0.00096024683
0.0020279658
0.002418244
0.0031190343
0.0021696812
0.0024421916
0.0016711701
0.0020928305
0.00070058727
0.00046247624
-0.0004079716
-0.00069187368
-0.003373023
-0.0030185163
-0.0019485614
-0.0069511286
-0.0073298647
-0.010026176
-0.012349996
-0.012995162
-0.012704436
-0.011718817
-0.0085982499
-0.0050223322
-0.0043888259
-0.0078921597
-0.011072825
-0.014164827
-0.015999675
-0.016505833
-0.018332512
-0.022030878
-0.025377643
-0.027555589
-0.033215557
-0.037167885
-0.036493402
-0.034891936
-0.037759269
-0.041847216
-0.041958859
-0.043446018
-0.043925761
-0.044999144
-0.041422949
-0.036903895
-0.034196205
-0.029961489
-0.021385027
-0.015980611
-0.01257154
-0.012343894
-0.011406805
-0.010124306
-0.0081654592
-0.0061334208
-0.0026011069
0.0021187626
0.0030745316
0.0034118468
0.0031696044
0.0043594267
0.0091893977
0.01178201
0.016773779
0.023808617
0.028082421
0.033333316
0.032408701
0.033900599
0.034711876
0.03421014
0.036335151
0.033826983
0.035201458
0.032081631
0.030619495
0.027924901
0.025806449
0.021798989
0.015737283
0.012923858
0.0055644196
0.0028314492
-0.0011270329
-0.0027990611
-0.0022193206
-0.0023525898
-0.0032706322
-0.0043254069
-0.0021741488
-0.0049413959
-0.005363299
-0.0037353747
-0.0032589164
-0.0013586407
-0.0036334218
-0.0029899907
-0.00074894628
-0.0017879951
-0.0013424243
-0.00098002941
-0.00043206388
0.00083985476
0.0014785489
0.0017921621
0.0018771897
0.0016388821
-3.1374104e-05
-0.00038872727
5.5384788e-05
0.0012242623
0.00043721612
0.001542633
0.0022542681
0.0021250427
0.0021192118
0.0025433004
0.0039382147
0.0051786719
0.0054166096
0.0049212582
-0.00040829907
-0.0017100941
-0.0007892842
0.0016506044
0.0012451254
0.0039172241
0.005288211
0.0048505245
0.0035689643
0.0015232273
-0.0021671388
-0.0042327076
-0.0058444599
-0.0090672262
-0.010417654
-0.01059382
-0.0087083625
-0.0059599282
-0.0037605067
-0.0022720801
-0.00088682765
-0.00057788502
-0.00024940078
0.00090792646
0.0016780895
0.0031302195
0.0025931754
0.0017034415
0.0014520127
0.0011401557
-0.00084887953
-0.00033759291
-0.00036534591
-0.0015296244
-0.004057149
-0.0012878046
-0.0014256068
-0.005288513
-0.008462703
-0.014353795
-0.018488992
-0.018517813
-0.022827711
-0.019096847
-0.013908565
-0.0063507321
-0.0056931287
-0.011484226
-0.014141124
-0.018306254
-0.022183494
-0.024079003
-0.029325407
-0.032729981
-0.035775792
-0.038569808
-0.041862167
-0.045330316
-0.047083541
-0.04729789
-0.048734011
-0.05078541
-0.053388315
-0.055247872
-0.05367798
-0.056492838
-0.056790417
-0.053400754
-0.049803117
-0.040498769
-0.03336768
-0.02983928
-0.026499237
-0.023358846
-0.023907844
-0.024859306
-0.022129602
-0.016974748
-0.014380474
-0.010623244
-0.0082953408
-0.0087158737
-0.0059465241
-0.0036402767
-0.0012844343
0.0031958015
0.0082311879
0.0090471478
0.018497928
0.024128711
0.024779337
0.032393867
0.036324466
0.036197219
0.037428375
0.035341279
0.036185343
0.034873529
0.033500207
0.030153081
0.027805196
0.023756293
0.017100958
0.011109867
0.0065144716
0.0025144921
-0.0018818163
-0.0017760507
-0.0021365257
-0.0038971195
-0.0041702841
-0.0037498843
-0.0043574116
-0.0052162061
-0.005683697
-0.0064343578
-0.0048334539
-0.0037787139
-0.0025000263
-0.0019793202
-0.0015976529
-0.0015579558
-0.0023825416
-0.0017827745
-0.00078858757
7.7802052e-05
0.0018805687
0.0016735027
0.0020454194
0.0014330552
0.0010334371
0.0010378769
0.0012799333
0.0013272116
0.0021437024
0.0022430828
0.0024205048
0.0032752846
0.0039787787
0.0050398615
0.0063109448
0.0065503873
0.0055094143
-0.0010862798
-0.0024754233
8.1497783e-05
0.00013249368
0.0001288722
0.0012649893
0.0041361508
0.0024371568
0.002023877
0.00075243472
-0.0011710041
-0.0047954842
-0.0082780727
-0.0074240506
-0.010590006
-0.010081606
-0.011866179
-0.010123686
-0.0063958878
-0.0052381139
-0.004049045
-0.0031645317
-0.0012679746
-0.0015562772
-0.00071232133
0.00067770567
0.0021544868
0.0023762448
0.0012527684
-0.0012139049
-0.0010088952
-0.0016468625
-0.0021409713
-0.0033391992
-0.0056151437
-0.0039250852
-0.0025120119
-0.0014969577
-0.0072285309
-0.01215412
-0.01691388
-0.022309557
-0.024609189
-0.026547522
-0.023650051
-0.018193747
-0.0079548059
-0.004637776
-0.01273417
-0.017744641
-0.022342108
-0.025196976
-0.029454454
-0.034318483
-0.036048815
-0.038935276
-0.042385144
-0.049335461
-0.052901842
-0.053519262
-0.055642016
-0.058970528
-0.061482471
-0.065021559
-0.065226409
-0.064500393
-0.065516787
-0.067583933
-0.065250433
-0.060214348
-0.05053141
-0.045481531
-0.038494506
-0.041109094
-0.040507355
-0.038825634
-0.035733849
-0.033180061
-0.028559529
-0.024384496
-0.025192756
-0.023093284
-0.02063821
-0.012423859
-0.0041692199
-0.00055891013
-0.0016361649
0.00026855334
0.0054784874
0.018929473
0.022940218
0.024908619
0.022896366
0.024365732
0.033153431
0.036412004
0.036614628
0.03312808
0.035698078
0.031963668
0.028176682
0.022794467
0.020100028
0.014698328
0.012285955
0.007285958
0.0037638938
0.0013608003
7.8361012e-05
0.0010510858
0.0011037251
-0.00020754081
-0.0011404765
-0.0026736477
-0.0034426282
-0.0036354502
-0.002984027
-0.0019200476
-0.0020120989
-0.00046943412
0.0002264006
0.0012785149
-0.00067818519
-0.00083654275
0.00052231696
0.0004270374
0.0016099575
0.0034899691
0.004542307
0.0050329143
0.0058686464
0.0048752398
0.0040373417
0.0038028186
0.0039332893
0.0033790908
0.0031249393
0.0044794636
0.0041648119
0.0063768225
0.0076412559
0.0081009675
0.0079379848
0.0039433129
-0.0040167034
-0.0015906099
-0.0015498877
0.00050757516
0.0015776756
0.0023991645
0.0015468237
0.0031638985
0.0022816847
-0.00020554981
-0.0043105936
-0.0089258607
-0.0090489661
-0.0084734387
-0.01232358
-0.011189443
-0.012092338
-0.011580625
-0.010138732
-0.0068138967
-0.003420383
-0.0018423356
-0.0008987749
-0.0016511071
-0.001835009
-0.0013474278
6.8375757e-05
-0.00064445482
0.00061434323
-0.0012962162
-0.0025520158
-0.0027334017
-0.0044932846
-0.006825897
-0.0073456692
-0.0066253136
-0.0031122687
-0.0059723648
-0.0095317721
-0.013334033
-0.014575485
-0.019638126
-0.022496431
-0.02278319
-0.0275113
-0.024746606
-0.011466129
-0.0080540811
-0.013938275
-0.01790715
-0.019485119
-0.023998734
-0.026822969
-0.030694533
-0.033765421
-0.039291231
-0.046732584
-0.050882867
-0.054263537
-0.059639545
-0.062956356
-0.068496046
-0.071361991
-0.074978788
-0.076356705
-0.07396182
-0.070309484
-0.069680785
-0.065331332
-0.058663733
-0.048791008
-0.046419399
-0.042349875
-0.042442457
-0.044413921
-0.04569816
-0.046590404
-0.041815142
-0.041066914
-0.028815378
-0.034421217
-0.030175472
-0.025160083
-0.018019422
-0.012138498
-0.011915981
-0.0049068504
0.0070076737
0.010721129
0.01620062
0.022725435
0.026354592
0.02529977
0.033125019
0.035958822
0.037548789
0.035987199
0.03589639
0.032267391
0.028463642
0.024915452
0.021234156
0.018859226
0.01432614
0.0099943508
0.0092086297
0.00901207
0.0067335905
0.0065133815
0.0051830478
0.0053844552
0.0054309142
0.003315566
0.00019425261
-0.00057236804
-0.002487138
-0.00071344878
-0.00037151859
0.00069467409
0.00021775245
0.0015445328
0.0025141169
0.0026245978
0.0031881811
0.0033215157
0.0034574296
0.0041942763
0.0048418317
0.0035239907
0.0026304614
0.002871377
0.0032907738
0.0042937962
0.0042912192
0.0061102898
0.0062775045
0.005371291
0.0062542964
0.0064907823
0.004701344
0.0054694091
0.0074951934
0.0073815212
-0.00052918635
-0.0051879089
-0.0020788196
0.0019591507
0.0011068674
0.00067885188
0.001920474
0.0013433729
-0.00052745059
0.0017545286
-0.0008062665
-0.0048095299
-0.0080428836
-0.009681401
-0.0098338383
-0.012020349
-0.010705564
-0.0085801476
-0.0031474707
-0.0010434371
-0.00010129709
4.1248988e-06
-9.2805242e-05
3.7180351e-05
0.00067053448
3.0355143e-05
-0.0010199046
0.0002191416
-0.00090598096
-0.00085313256
-0.0027563186
-0.0035670643
-0.0074715699
-0.0091296325
-0.0097220008
-0.01344876
-0.0098112673
-0.0094152851
-0.010274613
-0.014939271
-0.013280225
-0.014617014
-0.017318279
-0.021692599
-0.02322021
-0.024896242
-0.027943405
-0.017273679
-0.013487048
-0.016898207
-0.02159214
-0.021717788
-0.023992518
-0.028562571
-0.032915971
-0.04007789
-0.047129387
-0.054613435
-0.057784185
-0.062407959
-0.068484784
-0.074043762
-0.077800502
-0.079584014
-0.079258511
-0.07985311
-0.078795334
-0.077246073
-0.071291013
-0.062628123
-0.05282923
-0.047562994
-0.045254484
-0.045109236
-0.042805529
-0.045264697
-0.044560746
-0.049705039
-0.041229123
-0.038508493
-0.039537295
-0.037651729
-0.035312881
-0.028718679
-0.027385926
-0.019340143
-0.013712338
-0.0036133763
0.0048226765
0.0081446225
0.015539458
0.021705241
0.022869273
0.026940041
0.028354492
0.033224258
0.034247274
0.033725471
0.03105334
0.028613122
0.02618369
0.023809707
0.021233578
0.01718149
0.015506465
0.014503481
0.012188554
0.011667563
0.010471156
0.012211028
0.011569377
0.010611642
0.00812742
0.0057177016
0.0028544534
0.0023569642
0.0011423651
0.0018098138
0.0015900166
0.0023965985
0.0043947085
0.0051335835
0.0054815364
0.0064753086
0.0067293158
0.006598915
0.0067617005
0.0082345707
0.0075435334
0.0061052527
0.0051054076
0.0043732669
0.0044626256
0.0057487903
0.0058773206
0.005177691
0.0047913043
0.0047282166
0.005859248
0.0061061754
0.0035984906
0.003563786
0.0042546931
0.0052677761
-0.00075183397
-0.0057359242
-0.0029803376
-0.0011759051
0.0014130174
0.00041532394
0.0011964213
0.0014280168
-0.0021443935
-0.00029665601
-0.0039377727
-0.0049857507
-0.0060761245
-0.0049617405
-0.0018196909
0.0013882926
0.0035381322
0.0051518145
0.0059856223
0.0038658415
0.0020749246
0.0021780701
0.0024903841
0.0014954055
-3.8889866e-05
-0.0016897625
-0.00097616081
-0.0014365334
-0.0017443865
-0.0028688839
-0.0046293305
-0.0063713477
-0.012989579
-0.014914769
-0.017230889
-0.022167575
-0.018408418
-0.016328737
-0.017259454
-0.016737564
-0.017339682
-0.016987947
-0.020644266
-0.022776052
-0.026737769
-0.028732546
-0.027761732
-0.02045936
-0.018444235
-0.018645548
-0.022149607
-0.022088974
-0.024620118
-0.031882008
-0.040720454
-0.049423565
-0.056943028
-0.063472607
-0.066846927
-0.072654401
-0.076691627
-0.078588146
-0.081460682
-0.083804097
-0.084965876
-0.086283022
-0.081834252
-0.078478135
-0.070842822
-0.059385836
-0.045582779
-0.04418023
-0.049650147
-0.044300113
-0.043608599
-0.043408719
-0.043948444
-0.048134188
-0.039965142
-0.041791871
-0.042249206
-0.040372871
-0.037658634
-0.034282131
-0.026945548
-0.019993798
-0.014569013
-0.0080749211
-0.0028764871
0.0016462136
0.0078229224
0.015721544
0.018609193
0.020821117
0.022696828
0.025791017
0.028299008
0.026824179
0.022324499
0.023551455
0.02085356
0.019667071
0.017289153
0.017773473
0.018623983
0.016197854
0.016184418
0.014645189
0.016281991
0.016222547
0.017634013
0.014383984
0.009049946
0.0056026299
0.0055699104
0.0049350166
0.0047090187
0.0049989603
0.0043844579
0.0046437687
0.0043202868
0.0052107263
0.0065982105
0.0063244626
0.008482578
0.010473946
0.010915432
0.010128167
0.010588281
0.010703981
0.010981783
0.010475116
0.0086191746
0.0081245848
0.0089906734
0.0092071357
0.0089573905
0.010077754
0.0084123103
0.0070089897
0.0053433727
0.004285328
0.0036709153
0.0030704186
0.00068912631
-0.0028250917
-0.0032826958
-0.0018529587
-0.00063161863
0.0041071212
0.0031825605
0.00046379272
0.0011009649
-0.00076723898
-0.0010105068
-0.0031007904
0.00010906441
0.005722809
0.006378924
0.007990018
0.009849425
0.0094215253
0.010827782
0.011471966
0.0093592288
0.010780506
0.011083752
0.011593856
0.0085924385
0.004984973
0.0049359548
0.0036567092
0.00044831593
-0.0015090224
-0.0067157444
-0.010120205
-0.013114578
-0.015491689
-0.0182382
-0.022642371
-0.017321933
-0.014899417
-0.014064738
-0.015162396
-0.016717015
-0.015816638
-0.021510481
-0.022534802
-0.02945389
-0.032240159
-0.026983249
-0.020350362
-0.018133114
-0.020621645
-0.02291363
-0.022508011
-0.024005614
-0.032391622
-0.041063744
-0.050932892
-0.059520522
-0.067171041
-0.071718316
-0.072824428
-0.076575249
-0.077832537
-0.084350188
-0.080681355
-0.080201125
-0.078873366
-0.081888036
-0.076586688
-0.067440722
-0.049191377
-0.043330242
-0.042842295
-0.040260114
-0.035893819
-0.036618046
-0.036192362
-0.033577741
-0.032240645
-0.029992383
-0.031682197
-0.031698911
-0.027413276
-0.023470358
-0.021769048
-0.017023446
-0.013165042
-0.0085713645
-0.0054488597
-0.0032622082
0.0002641968
0.0018876549
0.0052148641
0.01065498
0.012816611
0.01571582
0.018900496
0.021544873
0.019366775
0.018174289
0.01721714
0.016324992
0.017329905
0.014867731
0.014043264
0.016258306
0.014185038
0.013442385
0.015878472
0.016756104
0.016698222
0.017528665
0.013760408
0.011463603
0.0084342211
0.009257046
0.0068372495
0.0054466553
0.0080895249
0.0076283627
0.0097114913
0.010647697
0.0078972228
0.010639505
0.0099125253
0.01212997
0.011083112
0.012627829
0.015016268
0.013252227
0.013529526
0.015827576
0.013309379
0.013120624
0.011594003
0.0092526849
0.0095158774
0.011145406
0.013213606
0.013131938
0.011803236
0.011338551
0.0097037228
0.0053649437
0.0051613443
0.0017510112
0.0084504699
0.0083111323
0.0031471383
0.007104386
0.0042683369
0.0060484266
0.004665712
0.0039155292
0.0022866458
0.0028056156
0.0022004028
0.004232326
0.0055483237
0.0088308886
0.0099900844
0.010474085
0.011192515
0.009200161
0.012281773
0.013756127
0.012984285
0.012734033
0.011319189
0.010721183
0.0081515835
0.0052290403
0.0010124074
-0.0034026343
-0.0023751819
-0.0040811131
-0.010169588
-0.005042013
-0.0081047552
-0.01072699
-0.01112253
-0.0078873387
-0.0078843294
-0.010320534
-0.012394058
-0.013009469
-0.013156624
-0.017303071
-0.017774774
-0.022264365
-0.022666972
-0.022829183
-0.017563882
-0.017799226
-0.020109971
-0.023337063
-0.025338867
-0.026806636
-0.029783337
-0.03343164
-0.041781488
-0.051917288
-0.061037108
-0.065798529
-0.069470626
-0.072718685
-0.072673632
-0.075115641
-0.069466239
-0.067396708
-0.074247116
-0.072673482
-0.067952053
-0.05744565
-0.040744263
-0.032040958
-0.030782921
-0.026787124
-0.020072615
-0.012549705
-0.012313841
-0.01007703
-0.0083525845
-0.0069834667
-0.0074941224
-0.0067327557
-0.0091928262
-0.0089046547
-0.0068270889
-0.0021432414
0.0009785907
0.0031617298
0.0057236535
0.0073758619
0.010060758
0.011183464
0.01263076
0.015513747
0.016661182
0.01728267
0.016393934
0.01880903
0.016981981
0.014562827
0.014603234
0.011646453
0.010098518
0.0097921316
0.0083470998
0.011543066
0.0088802023
0.00932213
0.010944117
0.012873205
0.011726277
0.012713088
0.013687257
0.012493735
0.010766082
0.0095878117
0.013863899
0.011984127
0.010792421
0.0092895177
0.012140597
0.012970656
0.016241504
0.01685013
0.014988896
0.014562215
0.015883712
0.015820461
0.016152017
0.016203488
0.017579909
0.020500578
0.018984797
0.018443992
0.019137961
0.019691074
0.015792899
0.015219801
0.015993644
0.015718819
0.014175021
0.016503849
0.012817044
0.006413919
0.0043029349
0.0020655867
0.0083932676
0.010419568
0.010453037
0.0083489354
0.0096948225
0.0083471933
0.007625151
0.0076797248
0.0097566963
0.0095977561
0.0064657164
0.0067756589
0.0075777333
0.0092722242
0.010006008
0.011218806
0.011177329
0.010876174
0.012787295
0.01318798
0.0118788
0.01050663
0.0098558173
0.0083984675
0.0053655442
0.0019657459
-0.00078599872
-0.0014489765
-0.0018029441
-0.0013053567
-0.0035733056
0.0011071181
6.5001672e-06
0.00047600563
-0.00040296371
-0.0027240758
-0.0043724396
-0.0033427808
-0.0089942346
-0.014477435
-0.015031388
-0.014078777
-0.01310146
-0.017780879
-0.01868684
-0.020894936
-0.012791606
-0.013777148
-0.020244065
-0.023014017
-0.028232406
-0.02757749
-0.03067189
-0.031385889
-0.038322494
-0.044163432
-0.052854548
-0.057588776
-0.063659687
-0.066487724
-0.065874362
-0.057473731
-0.055082413
-0.057697771
-0.059776936
-0.056389379
-0.047538233
-0.036465733
-0.022733561
-0.0089041614
-0.0032279915
-0.0049640675
0.0015298234
0.0035848907
0.003571901
0.0053698454
0.014708528
0.018109683
0.01971555
0.013437458
0.013194991
0.0084936465
0.011157998
0.015930019
0.015947627
0.019014893
0.017053164
0.018516849
0.018799268
0.019710588
0.02107407
0.02117357
0.01846776
0.020152442
0.015381917
0.014055049
0.01175215
0.0083885644
0.0065189299
0.0033648909
0.0026774702
0.0040284883
0.0032483586
0.0012714226
0.0024109687
0.0050846714
0.0072782316
0.0076420138
0.010003385
0.012430482
0.012625204
0.013011882
0.013604665
0.013208845
0.012541838
0.01259776
0.012365978
0.014050474
0.015357313
0.017062368
0.018768943
0.021036884
0.022017497
0.020746525
0.020500487
0.019509093
0.021722365
0.023998175
0.027954194
0.03120031
0.031803637
0.031129087
0.031506038
0.030268245
0.021788402
0.017243549
0.014813619
0.011278477
0.0068534876
0.005646151
0.0061517253
-0.00089797007
0.0028535295
0.0077665336
0.0087453182
0.0078658215
0.0081947164
0.0085425125
0.007039938
0.0073480306
0.0060042319
0.0077115172
0.0084419495
0.0088288782
0.0085276365
0.0093204302
0.0094755265
0.010727748
0.010750718
0.011438187
0.011548742
0.011765866
0.011556284
0.012978458
0.01307722
0.011937437
0.01108793
0.0094871709
0.006866066
0.0036740389
0.0033320486
0.0019950559
0.0031308808
0.0015056111
0.0022303357
0.0050408258
0.0046956021
0.0026351697
0.00090516313
-0.00049624685
-0.0019822032
-0.0025946502
-0.0046307448
-0.008683556
-0.012605881
-0.015091789
-0.015128192
-0.015868747
-0.018022074
-0.022602669
-0.013795435
-0.010883912
-0.020240317
-0.020655054
-0.021582906
-0.022938802
-0.0251728
-0.028430263
-0.033305194
-0.036095211
-0.041963703
-0.046955961
-0.049044039
-0.052072043
-0.048919808
-0.033884389
-0.035505045
-0.037704582
-0.038521082
-0.033703379
-0.0232038
-0.012732464
-0.0022308551
0.012201394
0.020784267
0.0125951
0.010937464
0.012014502
0.01016149
0.01634613
0.027012069
0.031992847
0.033849831
0.031218323
0.024985233
0.021960955
0.023920919
0.02434169
0.023344545
0.022735596
0.022665317
0.02239181
0.020529509
0.018236718
0.017204213
0.015026382
0.011935967
0.012064232
0.0090879407
0.0096437906
0.005735171
0.0020913149
-0.001474852
-0.0030934077
-0.0060614169
-0.0047985288
-0.0045550795
-0.0044026289
-0.004885264
-0.001668218
0.0026232249
0.0038653944
0.0047329388
0.0074166893
0.006926053
0.0066055788
0.0088163857
0.011268626
0.012580531
0.012894504
0.014324879
0.016264728
0.016849644
0.017928321
0.020979142
0.020690035
0.021538589
0.022288111
0.021780198
0.02246902
0.025416089
0.027555674
0.031526874
0.036923707
0.038144284
0.036764667
0.035953101
0.031284618
0.025493564
0.022362757
0.017102797
0.01259687
0.007911203
0.0064088478
0.00067589733
-0.0033572016
0.0018291256
0.0036954186
0.0051951726
0.0037583412
0.003643617
0.0025664582
0.0030562773
0.0012672079
0.0019507561
0.0038979185
0.0051312815
0.006405553
0.0090940651
0.0094122851
0.010808612
0.010803343
0.012132919
0.0126999
0.012861786
0.01255813
0.012564134
0.01189551
0.013437487
0.01396169
0.013011115
0.011712213
0.010934925
0.0089351373
0.0091631602
0.0077676548
0.00952945
0.0073133126
0.0054180125
0.0081965798
0.0072455927
0.0029101273
0.002450966
0.00029322947
-0.00053176062
-0.00036563707
-0.0012629832
-0.0048868476
-0.00777869
-0.010258797
-0.010692933
-0.010858442
-0.010932953
-0.011283084
-0.0082576459
-0.007399407
-0.010961845
-0.016124717
-0.019064718
-0.01938405
-0.021361424
-0.02370422
-0.026396521
-0.026936539
-0.029973018
-0.032911972
-0.034177103
-0.03348028
-0.027354486
-0.021678151
-0.027358876
-0.021661097
-0.01899478
-0.012434208
-0.0038810806
0.0038507616
0.0076307833
0.016439062
0.023158645
0.015861627
0.013192143
0.018325999
0.02071642
0.022439915
0.027553988
0.030754922
0.034310944
0.033355143
0.026050796
0.027801492
0.027431332
0.023454219
0.021306845
0.019953793
0.018767379
0.016870865
0.013012752
0.011179707
0.011299221
0.0090272909
0.0079150099
0.0051249472
0.0021258219
0.0014229333
-0.0023567315
-0.0060726515
-0.0085806698
-0.010222438
-0.011316465
-0.012289632
-0.012294207
-0.012354462
-0.0097249643
-0.0079998715
-0.0054378531
-0.0037643374
-0.00022770528
0.0010462669
0.0021910967
0.0012316449
0.00073460794
0.0026517238
0.0037153506
0.0065585221
0.011341716
0.014102873
0.015579283
0.017469984
0.01919836
0.021401588
0.023563507
0.022562642
0.020000245
0.020830295
0.023853867
0.026493547
0.026737657
0.029129161
0.030479349
0.032271667
0.028900427
0.026178908
0.019698904
0.016571662
0.010123248
0.0048782715
0.0033688553
0.0017892924
0.0045130339
0.0029709131
0.0029650973
0.0020532736
0.0006039707
-0.0011401376
0.00017737606
-0.00084503132
3.5113046e-06
0.0022063121
0.0018923313
0.0022110546
0.0054765065
0.0061085649
0.0070711567
0.0072022543
0.008770853
0.0094894589
0.010656378
0.011619349
0.011720095
0.012140285
0.013855295
0.013847603
0.01337101
0.013596426
0.014264821
0.014362897
0.013998852
0.013612207
0.012612599
0.01271818
0.013949377
0.011907535
0.0097830027
0.011610154
0.006890483
0.0063646709
0.0048862166
0.0025743045
0.003364097
0.0032541694
0.00080613757
0.0010182658
-0.00054515352
-0.0013012712
-0.0026779092
-0.0037235838
-0.0028659549
-0.0040285538
-0.0028310387
-0.0014364202
-0.00057282924
-0.0045951001
-0.0096149275
-0.014058188
-0.015031982
-0.016178338
-0.015998117
-0.016361208
-0.017509006
-0.017376143
-0.016000287
-0.013721268
-0.0079637615
-0.0086041689
-0.014777524
-0.015756511
-0.010162486
-0.0015629315
0.0041167587
0.012606567
0.012507349
0.014739255
0.015510791
0.011054507
0.011437085
0.016997973
0.017678546
0.017134491
0.01925887
0.022992923
0.025963373
0.025920236
0.024235682
0.02147781
0.021659173
0.019451862
0.015855762
0.013667687
0.011426315
0.010711438
0.0093566412
0.0065821325
0.0053169128
0.0038760961
0.0029187991
0.0020963603
0.0013275031
0.00012171022
-0.0024509015
-0.0053858894
-0.0091986441
-0.011636055
-0.013502496
-0.01394024
-0.012218431
-0.013248811
-0.012227887
-0.010426493
-0.00907052
-0.0078457605
-0.0058124431
-0.0052805151
-0.0033125566
-0.0018097429
-0.0017793126
-0.0026325918
-0.001677129
0.0012658626
0.0032670046
0.0060106966
0.0087627033
0.012539303
0.014005768
0.016400006
0.018932144
0.01920133
0.01783093
0.018041012
0.018297816
0.020169897
0.021533293
0.023244736
0.022317286
0.022188625
0.019204521
0.015531953
0.01175005
0.0097659044
0.0078969462
0.0051623016
0.0041173756
0.0043392528
0.0090162657
0.0068004162
0.005453666
0.0047683552
0.0015783502
-0.00012976029
-0.0032804826
-0.0037881535
-0.0016094969
-0.001107455
0.0011786559
0.001944494
0.0032545063
0.0048526506
0.0051084121
0.0043693353
0.0047633627
0.0057129748
0.0070443733
0.0088129189
0.0087984494
0.0094032697
0.011549036
0.012676609
0.012948701
0.012565824
0.012659016
0.012750025
0.014578462
0.015225963
0.01638572
0.014611493
0.014287415
0.015805462
0.014132681
0.016177898
0.014729848
0.012483923
0.009546521
0.0089656133
0.0078220896
0.0086357304
0.0063627998
0.0038529959
0.0045345659
0.0032436495
0.0037478082
0.0036739731
0.0026492547
0.0033007302
0.0028308019
0.0078218234
0.0066664373
0.0022633455
0.00038897342
-0.0046266312
-0.0075359638
-0.010282202
-0.0091090472
-0.0092223736
-0.0090811861
-0.0073889853
-0.0041124961
0.00019473565
0.0033253866
-0.00075880088
-0.0058043514
-0.0050201245
-0.00511156
-0.0041128451
0.001210445
0.00512268
0.0090498672
0.010129787
0.0085890133
0.0053924266
0.0066178284
0.0065009974
0.0075144914
0.0062669342
0.0053966272
0.0083609711
0.013118907
0.01677614
0.015644896
0.015017266
0.013827831
0.014068657
0.01273107
0.0093514738
0.0079043539
0.0060311844
0.005847911
0.0044809287
0.0016309092
0.00058024035
0.0013028758
0.0017304674
0.0019868847
0.0010473795
-0.00046869649
-0.00359748
-0.006597375
-0.0088242363
-0.0099016324
-0.010292576
-0.011057381
-0.010835792
-0.010659077
-0.010547809
-0.0095201905
-0.006728555
-0.0071017795
-0.0058466148
-0.0044237982
-0.0040520983
-0.0026311838
-0.0026265594
-0.0011395365
-0.0010022389
2.2806891e-05
0.0023597785
0.0040224805
0.0069150195
0.010024213
0.011571145
0.013306251
0.014092292
0.015049465
0.014487005
0.013342749
0.013094778
0.014810411
0.015065892
0.013941993
0.014001177
0.013479295
0.011626878
0.011624916
0.011535052
0.0093267303
0.0062618164
0.005600318
0.0081890919
0.0095167747
0.0078699623
0.0052858273
0.0057564817
0.0042057722
0.0025001831
0.0023133586
0.0022164499
0.00016813191
0.00013705655
0.00042169026
0.0013666868
0.0013480172
0.0024248551
0.0022042734
0.0021752129
0.0022525175
0.0033099752
0.004455364
0.0055556455
0.0061242498
0.0061195877
0.0057586693
0.0082300531
0.00962672
0.010573323
0.010595293
0.010515174
0.011779673
0.015340739
0.01800473
0.016806439
0.016677171
0.018347607
0.018138383
