0.0021761009
0.001667626
0.0017845533
0.0011752643
0.0012493775
0.00038707651
0.0024262078
0.002198725
0.00087834927
-6.3553003e-07
0.00082301907
0.00036746792
-0.0010403567
-0.0013570806
-0.00037738532
0.00038288053
0.002395801
0.0034744453
0.0033862985
0.0024564825
0.0018086879
-0.0011967426
-0.0025740041
-0.001995699
-0.0035221885
-0.0039478598
-0.006035294
-0.0069879616
-0.0051032401
-0.0057546831
-0.0070380238
-0.0071298417
-0.0082031358
-0.0085737171
-0.0098723698
-0.0090177529
-0.0087600887
-0.010533246
-0.011050305
-0.010543655
-0.011850333
-0.013901962
-0.013949951
-0.014391947
-0.017037487
-0.01772922
-0.018790174
-0.017860247
-0.016308177
-0.013352936
-0.01001585
-0.0094275893
-0.0066219288
-0.0039186086
-0.0025964912
-0.0020095183
-0.00084782519
-0.00012732455
-0.0018955302
-0.0037045485
-0.0031209673
-0.0010586856
-0.0023463566
-0.0049275144
-0.0081063505
-0.0080229963
-0.0081254625
-0.006032491
-0.0044816679
-0.0029650377
-0.0019624649
-0.0018625975
0.0023465239
0.0048202627
0.0059684341
0.0073216075
0.0099121359
0.012615307
0.014341961
0.013609443
0.012838676
0.010887871
0.007604626
0.0051245874
0.0060899329
0.0043689338
0.0035141808
0.0041169909
0.0064639761
0.0074478269
0.0067128888
0.0053692866
0.0041293082
0.0036196861
0.0026796717
0.0030293717
0.0036459475
0.003580095
0.0021323431
0.0035887364
0.0036691082
0.0037713134
0.002762011
0.0029768383
0.0037406298
0.0044272115
0.0040072661
0.0035172487
0.0031600582
0.0034792361
0.0035175103
0.003490947
0.0045538493
0.0063953282
0.0065898677
0.0073997567
0.0088793909
0.008133974
0.011861239
0.013593665
0.012438257
0.012119123
0.012434066
0.013634246
0.0096349157
0.0086735455
0.0099840349
0.009824919
0.0090984251
0.0076906367
0.0055360796
0.0024036573
0.0017082325
0.00082381456
-0.00028683271
-0.0001885333
-0.00093579573
0.0003440503
0.0010074307
0.00092864969
0.0017785296
0.0020051278
0.0023961101
0.0024873441
0.0019471315
0.00150247
0.0012838932
8.1501874e-05
-0.0008361863
-0.0013415235
-0.0015300855
-0.0022832939
-0.0027064279
-0.0018554125
-0.0017702832
-0.0015636059
-0.0023955976
-0.0032184259
-0.0029127313
-0.00010433271
0.0014326639
0.0018972718
0.0019400537
0.00083059284
-0.0002293704
-0.00098466073
-0.0029491456
-0.0026991563
-0.0025633544
-0.0058357863
-0.0075560654
-0.0080133598
-0.0082727296
-0.0078119879
-0.0093305457
-0.010593381
-0.01151268
-0.012994594
-0.013274462
-0.01259397
-0.013563969
-0.014354286
-0.015222067
-0.013829148
-0.013001964
-0.012625611
-0.012064439
-0.011537736
-0.012086656
-0.010789498
-0.011702963
-0.010759866
-0.0079614008
-0.0038980724
-0.0027179108
-0.00064760347
0.00075538147
0.0035494367
0.0037401576
0.0040344055
0.0064837625
0.007138373
0.0069451773
0.0058861278
0.0071409669
0.0062342324
0.0054930509
0.0032284756
0.0013655289
-9.4606465e-05
0.0010943723
0.0017838621
0.0039104665
0.0049927068
0.0067037599
0.0089076309
0.010546659
0.0086249151
0.0086800048
0.0098271166
0.012178318
0.012090349
0.011256506
0.010138846
0.0087196897
0.0051425382
0.0031245289
0.00098094272
-9.9949939e-05
0.0012133716
0.0041555601
0.0046999145
0.0065181374
0.007340051
0.0072008542
0.0037830671
0.0021820049
0.0011567002
0.0022663346
0.0031743829
0.0031433254
0.0034990289
0.0037947509
0.0037323065
0.0025488677
0.0024440818
0.0020300067
0.00244795
0.0027323331
0.0033163387
0.0027393051
0.003296661
0.0026546337
0.0030460497
0.0033304638
0.0041095642
0.0051325193
0.0064139023
0.0062841302
0.0067385117
0.0073964834
0.010175405
0.013163677
0.014583952
0.012502905
0.013019026
0.010407986
0.01094643
0.0092636637
0.0081586611
0.0075345614
0.0060579194
0.0056539912
0.0045735718
0.0021293042
0.00087803826
0.0014006932
-0.00015080405
0.0001276451
-0.0010208141
-0.00037623976
0.00023755175
0.0010886037
0.0011616588
0.0014285241
0.0015936565
0.0016649675
0.0015130704
0.0021658055
0.0019869559
0.0015239551
0.00013591919
-0.0010983328
-0.0031949213
-0.0052533188
-0.0060948644
-0.0061571464
-0.0048826532
-0.0046476966
-0.005689167
-0.0045504682
-0.0033176859
-0.0033480427
-0.0031008452
-0.0022187205
-0.001916186
-0.00093752268
-0.0014910709
-0.0037106745
-0.0053282162
-0.0064392657
-0.0051690461
-0.0052056073
-0.011363515
-0.015035007
-0.015565711
-0.013795957
-0.012289564
-0.015215685
-0.016347115
-0.018360912
-0.019068246
-0.019504704
-0.021301238
-0.021735477
-0.020073126
-0.018451119
-0.015774086
-0.012599807
-0.011631334
-0.010265701
-0.0091186504
-0.0076590643
-0.0061335837
-0.0047779116
-0.0035626873
-0.0017260856
0.0010484998
0.0047729603
0.0070556075
0.008860016
0.0087869901
0.0090979013
0.010362148
0.011964511
0.0142834
0.015161225
0.016930059
0.017526643
0.017788015
0.01601138
0.014385567
0.014089979
0.012666072
0.015289265
0.014728882
0.016452473
0.015748525
0.015543604
0.016173574
0.017507357
0.015491737
0.013074345
0.01137863
0.0092064624
0.0073438268
0.0062422595
0.0026848655
0.0019070119
0.00015178087
-0.0011998388
-0.0022843433
-0.0022866624
0.0010353618
0.0029734231
0.0047458229
0.0062967217
0.0067282365
0.0054171846
0.0034360619
0.00084048217
0.0011109436
0.00082749465
0.0021206432
0.0025360967
0.0034192108
0.0040648472
0.0034751924
0.0029026269
0.0024823708
0.0028742974
0.0023705254
0.0022820849
0.0034706188
0.0034532236
0.0034870004
0.0032160282
0.0039149587
0.00395618
0.0048070094
0.0049455003
0.0049337073
0.0043223137
0.0066073145
0.010501156
0.0099972778
0.012303262
0.0080033117
0.0094162032
0.011763545
0.0095685869
0.0084887696
0.0061579565
0.0045226833
0.0021253087
0.0010814167
0.00021258303
0.0014830917
-0.0020891545
-0.0025959753
-0.0020909154
-0.00095382194
-0.00032661466
-0.000347569
0.00039666316
0.0016621436
0.0018271168
0.0023067374
0.0016038285
0.0020140115
0.0013770377
0.0021041505
0.0014683812
0.0016638824
0.001044457
0.00011966146
-0.0025943554
-0.0026286386
-0.0027217599
-0.0069332134
-0.009244115
-0.0079245508
-0.0064631461
-0.0085747119
-0.0091773649
-0.0080658243
-0.0081190104
-0.0051879655
-0.0045622461
-0.0068551745
-0.0071743529
-0.010026494
-0.0099783361
-0.0119872
-0.011848746
-0.012656714
-0.015366586
-0.018447049
-0.022302589
-0.024182733
-0.020999887
-0.022668044
-0.025420773
-0.02829683
-0.030885116
-0.032066612
-0.033614305
-0.035113502
-0.031647625
-0.027253084
-0.024421326
-0.022679563
-0.017482081
-0.011741329
-0.012251814
-0.0098973013
-0.008355429
-0.0054642885
-0.004135929
-0.0031614099
-0.00011089724
0.0043339027
0.0067223695
0.0078473105
0.0093650512
0.010993978
0.011574367
0.013172405
0.016750932
0.021644325
0.02720006
0.029638801
0.029256449
0.029477372
0.029993982
0.028384351
0.02666608
0.025812179
0.029420493
0.027687548
0.027396282
0.024471313
0.021989749
0.02298611
0.019499824
0.016215784
0.013872044
0.011422309
0.009322395
0.0038010094
0.0013002378
0.0012052498
-0.00018216403
-0.0029488708
-0.0024720102
-0.0032077678
-0.0021581972
-0.0010332906
0.00024725275
0.0021493975
0.0015245737
0.001768224
0.0012785412
0.00092721453
-1.6658991e-05
0.00050999017
0.00048860924
0.0023981816
0.0024459025
0.0027888364
0.003030169
0.0022741568
0.0014322928
0.0016191527
0.0020336599
0.0030639172
0.0026075572
0.0027465396
0.0032455919
0.0029012941
0.002815055
0.0028699226
0.0027280174
0.0039758241
0.004970102
0.0045067786
0.0039510533
0.0043577889
0.0050242743
0.0029986862
0.0022871622
0.0049093436
0.008111447
0.010112386
0.0076633116
0.0045734308
0.0021057292
0.00024933738
-0.0021839068
-0.0058703793
-0.007370462
-0.0070452224
-0.0076736653
-0.0049188047
-0.0018704942
-0.00022996566
0.00024871734
0.0002667472
0.001039394
0.0020173775
0.0022428782
0.0031013682
0.0021449535
0.0024128891
0.0016664359
0.0020607441
0.0008354457
0.00059301323
-0.0003638139
-0.00049701887
-0.0031252343
-0.0025667086
-0.0011259581
-0.0067450888
-0.0076938228
-0.010715729
-0.01343602
-0.014050925
-0.014152426
-0.01363749
-0.010122648
-0.006112898
-0.0047844396
-0.0079370307
-0.01130516
-0.014561805
-0.016559409
-0.017591665
-0.019516239
-0.022765511
-0.026477582
-0.028971159
-0.034837349
-0.039040157
-0.03844718
-0.036595164
-0.039361107
-0.043775718
-0.044411033
-0.046055733
-0.04639433
-0.047678818
-0.044041072
-0.039480294
-0.036780306
-0.033155515
-0.024974824
-0.019287882
-0.015862181
-0.015574995
-0.014671771
-0.013181697
-0.010668936
-0.0082159251
-0.0043455788
0.00089727684
0.0022792576
0.0029987567
0.0032472635
0.0048450874
0.0099765733
0.012929979
0.018185465
0.025014997
0.029136632
0.034603811
0.033506167
0.034990986
0.036124729
0.035943211
0.039145889
0.037250555
0.039225177
0.036578176
0.035774235
0.033449974
0.031702333
0.027902548
0.021723246
0.018642257
0.011310218
0.0081041509
0.003993766
0.001558146
0.0012303267
0.00045778591
-0.0010788671
-0.0030058974
-0.0016481864
-0.0044527587
-0.0050924472
-0.0032651142
-0.0028974986
-0.00081688168
-0.0030421648
-0.0025159732
-0.00034099922
-0.0014611437
-0.0010285631
-0.00067919536
-0.00018198042
0.0012886274
0.0020813955
0.0023689935
0.0025562862
0.0023855869
0.00057111421
0.00028487275
0.0008454499
0.0021656665
0.0014080812
0.0023969563
0.0030536341
0.0028726873
0.0027276757
0.0030037338
0.0042755356
0.0055785916
0.0057090705
0.0052367474
0.00017628783
-0.0012873175
-0.00053510855
0.0019078846
0.001640202
0.0047403064
0.006137524
0.0055143388
0.0041811758
0.0022814818
-0.0020990539
-0.0038477568
-0.0060303006
-0.0099728691
-0.011588166
-0.011613564
-0.0093326323
-0.0061376028
-0.0035635382
-0.0021172595
-0.00072981366
-0.00045804634
-6.8025107e-05
0.00095103274
0.0017070653
0.0031462857
0.0026822608
0.0017510694
0.0015872403
0.0012116909
-0.00083126252
-0.00024523904
-0.00012535205
-0.0014021859
-0.003864139
-0.00099165412
-0.00087473209
-0.0050550744
-0.0084804109
-0.014363306
-0.018997167
-0.019293378
-0.024460947
-0.020918051
-0.015380532
-0.0064622994
-0.0053342209
-0.010789566
-0.013321992
-0.017504991
-0.021991679
-0.02472578
-0.029973547
-0.033508005
-0.036675924
-0.039942204
-0.043709337
-0.046870231
-0.048792378
-0.049029583
-0.050211374
-0.052357912
-0.055094925
-0.057497043
-0.05582993
-0.058316772
-0.058591955
-0.055848874
-0.052465658
-0.04302823
-0.035709149
-0.03168182
-0.027740952
-0.02466973
-0.025778101
-0.027088512
-0.024179661
-0.017879181
-0.014738437
-0.010680988
-0.0080454059
-0.0080688874
-0.0048683807
-0.0020830598
0.00039004728
0.0051355765
0.0096695659
0.010247492
0.019265387
0.025311994
0.026517993
0.033895254
0.038302933
0.038164344
0.03995893
0.038856366
0.040092735
0.038982785
0.038193763
0.035437095
0.033357913
0.029084117
0.022566219
0.016024435
0.011188922
0.0071212343
0.0025458861
0.0018339441
0.0006386803
-0.0015579825
-0.0023796661
-0.0022122463
-0.0034237302
-0.0047214673
-0.0050919929
-0.0059210031
-0.0044498614
-0.0032652631
-0.0017741845
-0.0012677389
-0.00079376863
-0.001015169
-0.0018253222
-0.0013825733
-0.00050308889
0.00030767051
0.0024276777
0.0025579407
0.0030492267
0.0023757807
0.0019051937
0.0017220151
0.001972981
0.0019268858
0.0027872776
0.0028365335
0.0030879988
0.0040823004
0.004790202
0.0056382245
0.0068340926
0.0069744797
0.0063932056
-0.00041136635
-0.0023340504
0.00011841036
0.00049111138
0.00081346847
0.0018158116
0.0051723792
0.0034195138
0.0032835232
0.0017832239
-0.00012250414
-0.0040597952
-0.0079326303
-0.0070365022
-0.010575858
-0.010359829
-0.012520628
-0.010314381
-0.0059729203
-0.0047347421
-0.0035259273
-0.0029651555
-0.0013092769
-0.0014888615
-0.00070370544
0.00070972391
0.002351687
0.0025711496
0.0015273529
-0.00095257588
-0.00089016307
-0.001431437
-0.0020323052
-0.0033459467
-0.0056068657
-0.0037998999
-0.0022081942
-0.0010026922
-0.0067801426
-0.011784441
-0.016725517
-0.022495556
-0.025308268
-0.02801327
-0.025601629
-0.019864568
-0.0087954635
-0.0045677715
-0.012045639
-0.016954465
-0.021379032
-0.024391709
-0.029099099
-0.034107373
-0.035900083
-0.039225623
-0.043133724
-0.050190917
-0.053761352
-0.054626377
-0.057069472
-0.059925722
-0.062539238
-0.066236073
-0.066168446
-0.066035171
-0.066765471
-0.068674056
-0.066473424
-0.062126289
-0.052161175
-0.046075388
-0.038489745
-0.040722128
-0.040006876
-0.038468958
-0.035355567
-0.032412692
-0.027759192
-0.023548236
-0.024187165
-0.021331563
-0.018391997
-0.010521922
-0.002076075
0.0016613277
0.00017894459
0.0015248508
0.0062319809
0.019666822
0.024456811
0.026550979
0.02510042
0.026098808
0.035520838
0.039782758
0.040070302
0.037093069
0.039495548
0.036198928
0.032512827
0.026948277
0.023993523
0.018503139
0.016204122
0.010408779
0.0068238061
0.0040069992
0.0021581419
0.0029850088
0.0028222964
0.0014589829
0.00026608945
-0.0016044472
-0.0026708551
-0.0033713889
-0.002733531
-0.0015293442
-0.0015226442
0.00015308737
0.00074263876
0.0017544903
-0.00052623725
-0.00069298487
0.00062515061
0.0005911534
0.0018938714
0.0039408736
0.005206418
0.005988895
0.0068761804
0.0060029498
0.0050536834
0.0047235703
0.0046468848
0.0037682339
0.0034808177
0.0049899788
0.0047465741
0.0073926398
0.0086384989
0.0092146514
0.0088476249
0.0050631889
-0.0035175595
-0.0015082227
-0.0010061476
0.0011056089
0.0023909068
0.0032905454
0.0027416232
0.0046018796
0.0040758221
0.0015448972
-0.003362385
-0.0082027415
-0.0085745525
-0.0078572186
-0.011860262
-0.010898544
-0.012055217
-0.010829035
-0.0091965775
-0.0064994777
-0.0030377744
-0.0016318224
-0.00070396095
-0.0014804335
-0.0017344665
-0.0012327404
0.00034095941
-0.00024604456
0.0011031108
-0.00092279143
-0.0022951984
-0.0024593956
-0.004207283
-0.0069637975
-0.0074241975
-0.0065452967
-0.0026013369
-0.0056363825
-0.0088230773
-0.01227932
-0.013703212
-0.018852819
-0.022498138
-0.022858578
-0.028338775
-0.025984622
-0.012614339
-0.0082021651
-0.013307471
-0.017014474
-0.01839777
-0.022617654
-0.025498292
-0.02921038
-0.032611467
-0.038672536
-0.045966485
-0.050399276
-0.054121369
-0.059873921
-0.06324716
-0.068745082
-0.071537416
-0.075168062
-0.076632315
-0.074600286
-0.071462017
-0.070160047
-0.065941918
-0.059252126
-0.048583889
-0.045323046
-0.041668237
-0.040874975
-0.042512802
-0.044164324
-0.045424042
-0.040170796
-0.039427015
-0.02798994
-0.032065634
-0.028665905
-0.023621691
-0.015914105
-0.010453861
-0.010370416
-0.0041534268
0.0073704899
0.011862373
0.017458567
0.024198361
0.027713479
0.027217971
0.035110118
0.038264631
0.040133347
0.038643348
0.038779781
0.03522179
0.031524392
0.027864042
0.023742028
0.021162444
0.016374513
0.011837766
0.010827584
0.010568567
0.0076159896
0.0073483206
0.0060165074
0.0062758929
0.0062890137
0.0043329465
0.00082601686
-2.0196656e-05
-0.0021384847
-0.00050045767
-0.00010196875
0.00098451945
0.00053441234
0.0019297201
0.0027676494
0.0027381498
0.0033252584
0.0034851174
0.003849932
0.0047680808
0.0053640594
0.0039482385
0.0030462489
0.003251825
0.0038402591
0.004771694
0.0047913
0.0066089944
0.0067719905
0.0058913315
0.006861151
0.0070894176
0.005269236
0.0061621906
0.0084655945
0.0084277979
0.00060194895
-0.0042922268
-0.0014043358
0.0030382194
0.0021571633
0.0021215686
0.0035935459
0.0032505699
0.0015511255
0.0038637898
0.00082417638
-0.003816516
-0.0067662271
-0.0086204847
-0.0084609839
-0.011395403
-0.010527177
-0.0079734229
-0.0023758662
-0.00041659216
0.00051643589
0.00029331252
0.00035582784
0.00026279444
0.00099131493
0.00039913291
-0.00055235335
0.00076386646
-0.00026866027
-0.00028393105
-0.0024289716
-0.0034192106
-0.0070571705
-0.008680725
-0.0094694104
-0.012930789
-0.0089064368
-0.00797112
-0.0088292025
-0.013518327
-0.011736421
-0.013012519
-0.016071443
-0.020868186
-0.022604572
-0.024795378
-0.028562962
-0.018208064
-0.013916416
-0.016669624
-0.020812441
-0.020892102
-0.022737422
-0.026916052
-0.030948573
-0.038083271
-0.045425033
-0.053097875
-0.056620089
-0.061801083
-0.067732286
-0.073200101
-0.076868416
-0.078725642
-0.078720242
-0.079439358
-0.078839724
-0.077713137
-0.072067798
-0.063320319
-0.053240209
-0.047223715
-0.044740469
-0.044920692
-0.042002267
-0.044364839
-0.043365345
-0.048712552
-0.040240749
-0.037091986
-0.037954654
-0.035981613
-0.034250656
-0.027694599
-0.025909367
-0.018103791
-0.012408866
-0.0024745991
0.0055280009
0.0087849129
0.015946207
0.021763977
0.023277066
0.027509262
0.028968202
0.034090151
0.03526392
0.035017955
0.032816396
0.030500732
0.027899451
0.02537165
0.022320238
0.018138371
0.016119043
0.015280848
0.013115492
0.012665406
0.011003171
0.012585535
0.011890485
0.011078629
0.0087389548
0.0064480019
0.0033574609
0.0026868207
0.0014316542
0.0018802116
0.0017611102
0.0026518662
0.0046043138
0.0052403825
0.0057975024
0.0068754661
0.0071159728
0.006876771
0.0070128417
0.0086473585
0.0078442227
0.0063528608
0.005558206
0.0047816106
0.0049333136
0.0063775211
0.0064765415
0.005784941
0.005299356
0.0049614517
0.0060740127
0.0063660149
0.0038876894
0.0039541839
0.0049690036
0.0062666076
0.00048927434
-0.0044471287
-0.0019597053
-0.00028807962
0.0023898274
0.0019489019
0.0029798596
0.0031498527
-0.00075267744
0.0012591406
-0.0024328885
-0.0041981687
-0.0049077128
-0.0036569825
-0.00083158907
0.0020664978
0.0040825729
0.0059701573
0.0069873422
0.0050809313
0.0031881009
0.0029322253
0.0030280013
0.0019423645
0.00031330738
-0.0012299685
-0.00047945647
-0.00056570797
-0.00094349676
-0.0023018277
-0.0041819066
-0.0062496105
-0.011929856
-0.013724778
-0.015677619
-0.020368421
-0.016358544
-0.014122951
-0.015058633
-0.014245609
-0.015556782
-0.015017432
-0.019111559
-0.021335919
-0.025741902
-0.028496565
-0.028243442
-0.021176615
-0.018510535
-0.018716449
-0.022139279
-0.021479481
-0.02353681
-0.030141386
-0.038388581
-0.046791102
-0.054368388
-0.061245443
-0.064954276
-0.071122809
-0.075212287
-0.077276269
-0.080296676
-0.082829945
-0.083846258
-0.085459389
-0.081240147
-0.078514354
-0.071540041
-0.06037419
-0.045766041
-0.043802178
-0.049405681
-0.043948137
-0.043518686
-0.043374151
-0.043439179
-0.047262763
-0.038532273
-0.040569164
-0.041260688
-0.039893273
-0.037912354
-0.033982037
-0.026349351
-0.019399415
-0.014274305
-0.0081534719
-0.0035380731
0.00072869693
0.0067414979
0.014537214
0.017030581
0.019586679
0.021604231
0.025138336
0.028207509
0.027068247
0.022569697
0.02446627
0.022041279
0.020192151
0.017915651
0.017976982
0.018942888
0.016568988
0.016395361
0.014614743
0.016132938
0.01624154
0.017453083
0.014589717
0.0094040537
0.0058863072
0.0056397419
0.0051978067
0.0051084206
0.0050086386
0.004243708
0.0046701648
0.0043833683
0.0052104639
0.0067552145
0.0064128089
0.0083262361
0.0101484
0.010906145
0.010313906
0.010412427
0.010642219
0.010962551
0.010598166
0.0088315219
0.0082619149
0.0091354221
0.0092687777
0.0091047121
0.010518189
0.0086926769
0.0072120985
0.0059468537
0.0047098145
0.0043198309
0.0042868265
0.0019843688
-0.0011459146
-0.0018215266
-0.00067404411
0.00056807469
0.0056465685
0.0055223609
0.0021037331
0.0024741389
0.00071168894
0.00035444491
-0.0022567958
0.0011599446
0.0065151119
0.00709149
0.0088006958
0.01053721
0.010508722
0.012179507
0.012911401
0.01047456
0.011915783
0.012361473
0.013126823
0.010039544
0.0060810344
0.0059122685
0.004453407
0.0017463699
-0.00011033274
-0.0054241628
-0.0091608272
-0.010797407
-0.013335497
-0.015986223
-0.020203782
-0.015054217
-0.012936927
-0.012449303
-0.013126413
-0.014780635
-0.01390276
-0.019963282
-0.021282733
-0.028370266
-0.031763774
-0.02747454
-0.020990311
-0.018463138
-0.020902833
-0.023177314
-0.022644723
-0.023486637
-0.031188278
-0.039221975
-0.048033916
-0.056081232
-0.064154858
-0.069259215
-0.071277808
-0.075319174
-0.076707778
-0.083098097
-0.079895064
-0.07920751
-0.077931714
-0.081003519
-0.075836134
-0.067626598
-0.050716449
-0.044157183
-0.043454006
-0.040429478
-0.036335361
-0.037384971
-0.036942735
-0.034145129
-0.032554236
-0.029726038
-0.031698143
-0.032196082
-0.028320294
-0.024319774
-0.022364291
-0.017857269
-0.01415201
-0.0095448528
-0.0064325137
-0.0047410399
-0.001687176
-8.6106147e-06
0.0034175152
0.0083820662
0.010531178
0.013788948
0.017580586
0.020311411
0.018320162
0.017199208
0.016696511
0.015629933
0.016553778
0.014278103
0.013200748
0.01537949
0.013496743
0.012527331
0.014483968
0.015524232
0.015099565
0.015772773
0.012397459
0.010317779
0.0074830912
0.0080280827
0.0055777614
0.0044568791
0.0069460458
0.0065680333
0.0086988963
0.0095089362
0.0070850824
0.0097840076
0.0091545258
0.011360122
0.010281176
0.012170293
0.014668804
0.012701348
0.013181416
0.015564
0.012815628
0.012759819
0.011413363
0.0090246148
0.0092454271
0.0106619
0.012863585
0.013049442
0.011955288
0.011654752
0.010492073
0.0066011598
0.0059805944
0.0027436035
0.0086814201
0.0097071877
0.0045711138
0.0081060408
0.0058598272
0.0075918276
0.0062548027
0.0048164709
0.0031195074
0.0038701153
0.002937855
0.0047216505
0.0059894418
0.0089347144
0.010196086
0.010767502
0.011870528
0.0097418303
0.012920939
0.014592784
0.014101078
0.014091012
0.012925361
0.01234042
0.009959209
0.0069507312
0.0029947286
-0.001485741
-0.00034507692
-0.0022420431
-0.007963211
-0.0032556728
-0.0064090658
-0.0090060721
-0.0092231703
-0.0063836634
-0.0063851409
-0.0093127449
-0.011645106
-0.011718772
-0.011814602
-0.016337316
-0.017049405
-0.021427536
-0.022173325
-0.022468955
-0.017128148
-0.017688655
-0.020049914
-0.023384792
-0.025404568
-0.02663505
-0.029189416
-0.032268414
-0.039766116
-0.04910859
-0.057817325
-0.06270006
-0.066634677
-0.070374835
-0.070974835
-0.073806214
-0.068396279
-0.065918072
-0.07294392
-0.071715179
-0.067436563
-0.057883425
-0.042201655
-0.033514048
-0.031280025
-0.026964852
-0.02107773
-0.014146419
-0.013941816
-0.011602511
-0.0097179508
-0.0085587641
-0.009076547
-0.0087081846
-0.010260342
-0.0097073586
-0.0079504303
-0.0036995477
-0.0010128158
0.0010862309
0.0038468791
0.0054735651
0.0080992034
0.0096339853
0.011009819
0.013514735
0.01486617
0.015692438
0.014856852
0.017614049
0.016100862
0.013898569
0.013661124
0.010556413
0.0090043952
0.0085163984
0.0069648318
0.0093434346
0.0066762506
0.0069885695
0.0083497485
0.010310261
0.0091735357
0.01013541
0.011358405
0.010205774
0.0086483644
0.007268783
0.011462474
0.010048303
0.0089746098
0.0074155695
0.010312405
0.011241114
0.014675019
0.01527334
0.013824736
0.013456829
0.014662902
0.014164159
0.014325488
0.014709827
0.016225315
0.019224856
0.017893695
0.01704559
0.017425428
0.018409004
0.014635625
0.013918129
0.014885137
0.015022943
0.01372108
0.016431957
0.013152481
0.0070309423
0.0046474448
0.0021933292
0.0077333165
0.010937977
0.011567773
0.0094657581
0.010736394
0.0093600501
0.0083034912
0.0080576475
0.0097325419
0.0096709311
0.0065431865
0.0065893145
0.007404945
0.009290008
0.010115364
0.011135589
0.011359275
0.011262659
0.013079505
0.013579861
0.012766766
0.011947983
0.01144524
0.010314079
0.007231682
0.0037956743
0.00062145501
-0.0002579365
-0.00036601131
4.6428067e-05
-0.0020294883
0.0024125923
0.0013948331
0.0021728671
0.0011606165
-0.0013356249
-0.003134203
-0.0023384562
-0.0080454596
-0.013456154
-0.014062417
-0.013213322
-0.012294637
-0.016682417
-0.017408395
-0.019370491
-0.011502765
-0.012352348
-0.019419044
-0.022452698
-0.027623508
-0.027094988
-0.030160729
-0.030289675
-0.036477908
-0.041888808
-0.050154573
-0.054486378
-0.06012302
-0.063343265
-0.063266282
-0.056217363
-0.053821015
-0.056100164
-0.058524058
-0.0559604
-0.047992433
-0.037730628
-0.024795005
-0.011372426
-0.0048274612
-0.0060924316
-6.8002316e-05
0.0018923565
0.0015408668
0.0038240286
0.012480136
0.015198528
0.016648593
0.010623914
0.01162252
0.0069504852
0.0089629701
0.013203395
0.013157547
0.016150811
0.014225174
0.01620744
0.017021866
0.018213359
0.01962802
0.019834252
0.017333011
0.019254983
0.014776059
0.013532805
0.011767827
0.0088086628
0.0065957133
0.0031378582
0.0022614222
0.0031427576
0.0019671091
-0.00048994635
0.00060389233
0.0030082963
0.0052234691
0.0056018743
0.007665855
0.010092099
0.010246721
0.010720817
0.011549196
0.011215276
0.010646001
0.011098394
0.011036515
0.012975011
0.01410893
0.015818883
0.017872781
0.02016488
0.020834781
0.019476376
0.018948439
0.01736361
0.018913187
0.020844011
0.024870557
0.028507915
0.029283212
0.028430978
0.028743817
0.02775689
0.019864447
0.015742677
0.013768299
0.010757575
0.0068702489
0.0061632837
0.0068379308
-8.8828578e-05
0.0032046994
0.0079681817
0.0090358674
0.0089068256
0.0093617118
0.0098333765
0.0083267352
0.0085529453
0.0068910094
0.0081291094
0.0085475064
0.0088202801
0.0085621528
0.0091563494
0.0093298132
0.010576538
0.010681762
0.011548854
0.011761957
0.012075139
0.012165444
0.013629755
0.014034969
0.01343546
0.012951756
0.011398122
0.009048887
0.0054768292
0.00484338
0.0030825178
0.0043121536
0.0025904418
0.0033324066
0.0064381784
0.0061284945
0.0041859871
0.0022642919
0.001121643
-0.00075810871
-0.0013830181
-0.0032511595
-0.0073735173
-0.011263597
-0.014281563
-0.013927195
-0.014491851
-0.016120687
-0.020398032
-0.011374765
-0.0088549612
-0.01871184
-0.019441411
-0.020568484
-0.021973109
-0.024082876
-0.026987558
-0.031585036
-0.034018804
-0.039465356
-0.04414988
-0.045850114
-0.048798094
-0.04649143
-0.033256078
-0.034561802
-0.037311778
-0.038376196
-0.034257231
-0.024593047
-0.015042879
-0.0051214293
0.0085521446
0.017682793
0.010835071
0.0093282648
0.010718277
0.0088896771
0.014931912
0.024313233
0.028326609
0.029802854
0.027893106
0.022631877
0.020003337
0.021353794
0.022167273
0.020793308
0.020084521
0.019897134
0.020003919
0.018757334
0.016946814
0.016085698
0.01445433
0.01151056
0.011945088
0.0092035201
0.0097644163
0.006028172
0.0023628464
-0.0015218146
-0.0033085622
-0.0063311401
-0.0057883681
-0.0060253057
-0.0060701988
-0.0067109805
-0.0039503954
0.00032418918
0.0016421548
0.0025897695
0.0052496759
0.0049231675
0.0046043063
0.0066297407
0.0094078153
0.010845971
0.011437534
0.01301158
0.015257126
0.016173992
0.017348963
0.02013379
0.019858658
0.020850723
0.021349942
0.020730014
0.020908377
0.023393796
0.024788882
0.028931309
0.03368573
0.034626433
0.033287844
0.033016893
0.028905893
0.023249407
0.020651338
0.016254628
0.012428253
0.0083463828
0.0071531417
0.0017334108
-0.0023314041
0.0023748712
0.0041936748
0.005940015
0.0051194758
0.005058896
0.0042352829
0.0046764181
0.0025793585
0.0030290225
0.0045782025
0.0053783602
0.0063844234
0.009041605
0.0093588359
0.010524447
0.010677234
0.011882195
0.012656788
0.01311727
0.01286219
0.013067038
0.012791814
0.014686184
0.015479168
0.014965165
0.014002727
0.013406758
0.011302227
0.011267791
0.0096688577
0.010990547
0.0086336272
0.0066058796
0.0097274305
0.0086444015
0.00457673
0.0040998039
0.001909407
0.0008672868
0.00083520362
0.00017159458
-0.0036980643
-0.0064021224
-0.0088383159
-0.0092527407
-0.0090912513
-0.008945021
-0.009296533
-0.0062230904
-0.0052721072
-0.0084962976
-0.013891339
-0.017282582
-0.017783764
-0.019914837
-0.021991473
-0.02467018
-0.024959232
-0.027765711
-0.030536568
-0.031783649
-0.031121401
-0.025915599
-0.021024657
-0.02653826
-0.021882781
-0.019719577
-0.014086568
-0.0066119977
0.00058788327
0.004328205
0.012915493
0.019879753
0.014399721
0.011893655
0.016418813
0.018709677
0.020137281
0.024867085
0.027536257
0.030888295
0.030410295
0.023924819
0.025388875
0.025073026
0.021364069
0.019299468
0.017779685
0.016664943
0.015480864
0.011842912
0.010423447
0.010745598
0.0088089257
0.0076571506
0.005199239
0.0025209382
0.0017885356
-0.0015878148
-0.0054234077
-0.0084323651
-0.010295651
-0.01171915
-0.013014193
-0.013329784
-0.013624703
-0.011534709
-0.0099751405
-0.0073955217
-0.0059015183
-0.0026254523
-0.0011538377
1.7419975e-05
-0.00074125988
-0.0012015822
0.00076061218
0.0021369953
0.0049834937
0.0099097069
0.012880219
0.014482695
0.016813978
0.018482558
0.020634853
0.022894631
0.022091645
0.01945838
0.019965607
0.02255708
0.024794498
0.024710688
0.026580836
0.027487514
0.029212762
0.026574775
0.024163506
0.018343966
0.015601349
0.010079886
0.0055724656
0.0042399825
0.0028545881
0.0054375715
0.0037527886
0.0038201403
0.0032485656
0.0018763348
8.8014968e-05
0.0014132135
0.00065439912
0.0016389841
0.0035975714
0.0030672147
0.0031651626
0.006140553
0.0065900722
0.0072147485
0.0071366556
0.0086258817
0.0091725031
0.010419078
0.011359371
0.01158247
0.012169129
0.014093399
0.014299394
0.014199025
0.014898229
0.016074027
0.016597711
0.016683352
0.016606505
0.015479284
0.015216721
0.016154099
0.013915393
0.011436764
0.013395498
0.0086855251
0.0081392232
0.006598313
0.0041146396
0.004790135
0.0048048205
0.0023838411
0.0025613208
0.00088833373
-8.1789495e-05
-0.0010329911
-0.0019284253
-0.001097723
-0.0022953633
-0.00095066531
0.00084469729
0.0018083667
-0.0020981484
-0.0072538474
-0.011907503
-0.013232778
-0.01452956
-0.014405916
-0.014702188
-0.015842076
-0.015730703
-0.014510963
-0.012675846
-0.0073383728
-0.0079182088
-0.014238039
-0.015986784
-0.011157763
-0.0035183518
0.0015295534
0.0094597523
0.009468339
0.012323646
0.013476621
0.010035116
0.010245982
0.015113619
0.015843681
0.014978707
0.016774802
0.020347554
0.023317631
0.023605199
0.022358523
0.019604653
0.020139653
0.018012515
0.014600625
0.012498722
0.010216783
0.009701691
0.0089281816
0.0063827315
0.0052336049
0.0039361055
0.0028228906
0.0020386149
0.0013890634
0.00027561339
-0.0020450933
-0.0048865243
-0.0091046254
-0.011904865
-0.014007987
-0.01480147
-0.013359784
-0.014380273
-0.0136996
-0.012093478
-0.010927092
-0.0095900398
-0.0074111891
-0.0070581336
-0.005033383
-0.0036878814
-0.0034329812
-0.0042757718
-0.0032892864
-0.00016907402
0.0019680101
0.0048766376
0.0079758017
0.012096996
0.013554677
0.016082126
0.018673056
0.018967965
0.017604856
0.017746769
0.017519751
0.019181537
0.02032908
0.02189268
0.020716986
0.020439999
0.017866726
0.014716146
0.011468819
0.0098314484
0.0080218792
0.005759632
0.0047346998
0.0052782681
0.0094888005
0.0073925143
0.0064842245
0.0060215369
0.003062663
0.001303484
-0.0016459113
-0.0022977623
-0.00022378618
0.00010858552
0.0022744368
0.0028611442
0.0039082904
0.0053005861
0.0055254142
0.0046344908
0.0047582682
0.0056359504
0.0069895798
0.0085674588
0.0088031999
0.0095793762
0.011789441
0.012886276
0.013317922
0.013102247
0.013708603
0.014207733
0.01641669
0.017502216
0.01863526
0.016941781
0.016441282
0.017868977
0.016143846
0.01776132
0.016072776
0.014018666
0.011205313
0.01052795
0.0092105552
0.009965554
0.0078474842
0.0054541978
0.0062410021
0.0049904134
0.0054614602
0.0056401547
0.0045343911
0.0051237688
0.0048605999
0.01005978
0.0090285048
0.0047508706
0.0029204153
-0.0018632765
-0.0052015927
-0.0083035373
-0.0075284985
-0.0078171421
-0.0076557754
-0.0062523264
-0.0035114321
0.00036262844
0.0033745428
-0.0003317202
-0.0053751618
-0.0055735984
-0.0057478562
-0.005526294
-0.00069381995
0.0029614229
0.0070871674
0.0088645553
0.0075406643
0.0043818485
0.0054180639
0.0051695482
0.0058962167
0.004689585
0.003794782
0.0065993039
0.010984227
0.014701863
0.014213177
0.0136153
0.012957314
0.013177402
0.011870949
0.0086887258
0.0072570039
0.0057346885
0.0055760039
0.0042216437
0.0016343586
0.00062015698
0.0011960932
0.0014635486
0.0014649904
0.00055195764
-0.0007906144
-0.0036863573
-0.0067748973
-0.0092960178
-0.010533502
-0.011060574
-0.011852542
-0.01163982
-0.01158204
-0.011472224
-0.010589097
-0.0078846917
-0.0081707228
-0.0070799
-0.0057912978
-0.0054987569
-0.0039871774
-0.0037187032
-0.0022585128
-0.002014372
-0.00094431358
0.0015074468
0.0033902251
0.0064832024
0.0097704575
0.011749748
0.013540252
0.014555611
0.015547639
0.014986421
0.013707153
0.013077925
0.014529369
0.0147439
0.013723281
0.013736055
0.013341151
0.011557907
0.011327789
0.011253743
0.008792387
0.0060774124
0.0057550115
0.0084617902
0.0098683651
0.008080336
0.0058411347
0.0064742195
0.0052892455
0.0035178894
0.0032362802
0.0032779119
0.0010051493
0.00094472557
0.0010899541
0.0019535797
0.0019119832
0.0029565728
0.002692111
0.0025378123
0.002473123
0.0034629077
0.0046111428
0.0056644262
0.0064112434
0.0065080666
0.0063677666
0.0087650068
0.010100783
0.011002728
0.011138757
0.011144269
0.012766949
0.016360184
0.019100002
0.018111818
0.017995224
0.019785367
0.019833393
