0.0021880693
0.001980155
0.0015562782
0.00091911122
-0.00024793981
-0.0010541405
-0.0010187522
0.00041474081
0.0011287498
0.00054480846
-0.0011031379
-0.0034879936
-0.0040847736
-0.0040089171
-0.0028200334
-0.0014502007
0.00041385344
0.00036594697
-0.0012268764
0.00024518648
0.0015525505
-0.00065505918
-0.0014472674
-0.0018691879
-0.0016433853
-0.0012594388
-0.0017473761
-0.0026569221
-0.0025312975
-0.0027513647
-0.0024182462
-0.0021490053
-0.0031671655
-0.0033191883
-0.0037760373
-0.0039895834
-0.0039957216
-0.0050641137
-0.0046732767
-0.004695678
-0.0043748411
-0.0032335407
-0.0025455226
-0.0024438298
-0.0029090404
-0.0034157699
-0.0050055601
-0.0060933986
-0.0054040995
-0.0064004581
-0.0053592539
-0.005983013
-0.0050814159
-0.0047698533
-0.0047247003
-0.0054874133
-0.0054878938
-0.0062975488
-0.0085259404
-0.0092421777
-0.0078175779
-0.0046016996
-0.0045256521
-0.0058302813
-0.0065203349
-0.0075189264
-0.0088833129
-0.0089789746
-0.00838559
-0.007209845
-0.0055801596
-0.0050994628
-0.0019159011
-0.0012883261
-0.0014304295
-0.0014957289
-0.00062818409
0.00067734201
0.0014510008
0.0012938058
0.002205853
0.0040570157
0.0043240834
0.0038501454
0.0018498509
0.0029777732
0.0030019358
0.0044104591
0.0051051821
0.0047261152
0.0056892623
0.0040732988
0.0036349788
0.0040075264
0.0035041108
0.003442011
0.0027638303
0.0025313775
0.0032458613
0.0046910178
0.003863272
0.0039449223
0.0037723192
0.0031446111
0.0039398031
0.0035997499
0.0028516596
0.0026284856
0.0027967613
0.003185723
0.0037106503
0.003805807
0.0045066444
0.0051810416
0.0052998565
0.0065640813
0.010728562
0.011531417
0.013391162
0.014919394
0.014885401
0.014558204
0.012887696
0.01231716
0.0091815871
0.0089234847
0.0085395435
0.0073287313
0.0047472345
0.0025902503
0.0012348179
0.0019574131
0.0018094992
0.00084551903
1.1572964e-05
2.5018522e-05
-0.0005880732
0.00025157751
0.0016739829
0.0018548113
0.0012417033
0.0016640473
0.0021550803
0.0030212431
0.0020370801
0.0013053651
0.00046795694
-0.00060037598
-0.0013473538
-0.0015116791
-0.0010355414
-0.00049298724
-0.0014075539
-0.0018266719
-0.00259525
-0.0036237092
-0.0038927855
-0.0038945815
-0.0035161126
-0.001515567
-7.4675894e-05
0.00020195042
1.1688845e-05
0.00061220045
0.00072085561
-0.00067890179
-0.0015619383
-0.0026866117
-0.0020339243
-0.0027584767
-0.0026719049
-0.0026849378
-0.0030322201
-0.0034071762
-0.0036388986
-0.0042255968
-0.004646957
-0.0050008581
-0.0044735988
-0.0046948213
-0.0059292257
-0.0060777087
-0.0053930285
-0.0026687201
-0.001994401
-0.0012232433
4.5306187e-06
0.00087685942
0.0008082942
0.00025049264
-0.0019793485
-0.002291451
-0.0020636744
-0.002640607
-0.002153016
-0.0021382956
-0.0018316318
-0.0012358264
-0.0015318781
-0.001666412
-0.0012548246
-0.0018498166
-0.0035154938
-0.0032936732
-0.0012888963
0.00036845124
-0.00020746719
-0.0022271205
-0.0040381595
-0.0051118154
-0.0064522679
-0.0066611
-0.0066247668
-0.0046048812
-0.0039647226
-0.0024494146
-0.0021734342
-0.0041377619
-0.0029803081
-0.0013411911
6.0944277e-05
-0.00053846846
-7.9238271e-05
0.0019382203
0.0024277793
0.0030848942
0.0028976607
0.0017328217
0.0025102425
0.0025263059
0.0045574041
0.00415986
0.0038794225
0.0052270826
0.0053194343
0.0033191355
0.0030245127
0.0018194397
0.0016556922
0.0016994011
0.0016864591
0.002258743
0.002424731
0.0024697457
0.0020506194
0.0018755395
0.0015664706
0.001849482
0.0013478357
0.00064923756
0.00094182225
0.0010614494
0.0014116838
0.0021671059
0.0025763283
0.0030741409
0.0039303173
0.0043580416
0.0045519273
0.0074064536
0.010754532
0.014581141
0.016079839
0.015658247
0.013389382
0.012304704
0.010272221
0.0081764722
0.0069127242
0.0075556097
0.0058801415
0.0048264774
0.0046771387
0.002463854
0.0020805493
0.0023374871
0.001612297
0.00083606447
0.00035468361
-0.00091864691
-0.00072431724
-2.2280176e-05
0.00064820443
0.00083978276
0.0022790026
0.0025632836
0.0027156661
0.0026851024
0.00084491322
-0.00059354844
-0.0005806468
-0.0020025445
-0.0018831719
-0.0026346986
-0.0021388963
-0.001694554
-0.0027511509
-0.0034610448
-0.00442977
-0.0040456377
-0.0036104768
-0.0030454376
-0.0025716103
-0.0025706525
-0.0021704317
-0.0011918249
-2.4401156e-05
-0.0011963663
-0.0015471321
-0.0022819289
-0.0027172947
-0.0031846388
-0.0030084254
-0.0032901442
-0.0047649839
-0.005532225
-0.005802424
-0.0071167112
-0.0079227638
-0.0089203588
-0.0095385362
-0.010335137
-0.011160175
-0.011497312
-0.010923454
-0.010036942
-0.0075730476
-0.0050687404
-0.0020110409
-0.00098832082
0.00034955819
0.0019609482
0.0032797088
0.0022993509
0.00083311078
-0.00030673058
-0.0014139761
-0.0011759716
6.4459284e-05
0.00026822296
0.00060064813
0.00038779111
-0.0008238813
-0.00066459659
0.00026602304
0.00057303961
0.0019740426
0.0033333422
0.0038305655
0.0035858035
0.0031440703
0.00070639712
-0.0023462918
-0.0031977941
-0.0039410439
-0.0030859248
-0.0032035678
-0.0044310836
-0.005467321
-0.0058502671
-0.0058679311
-0.004967136
-0.0040150754
-0.0039757491
-0.0038501384
-0.0041943434
-0.0048482809
-0.0025990727
-0.00073689357
0.00011253106
-0.00025300601
-0.0021870686
-0.00043247843
0.001316042
0.0022668256
0.0031485176
0.003414131
0.0030233327
0.0028507844
0.0021254702
0.00036405336
-0.00067563432
-0.00092019457
0.00026967822
1.5610046e-05
-0.00014569217
-0.00073037022
-0.0014067055
-0.00086700961
-0.00058117014
-0.00065379429
-0.00077159263
-0.0013039298
-0.00048335277
-0.00027415836
-0.00038884992
-0.00013119494
0.00027898071
0.00098107401
0.0016967491
0.0010401368
0.0028989684
0.0028700556
0.0074939482
0.01221479
0.012198593
0.010805701
0.0089756265
0.0076616119
0.0073199531
0.0045654966
0.0053218225
0.0045804662
0.0016600562
0.0021140812
0.0018323968
0.0026673802
0.0018605474
-0.00028937593
-0.0002353153
-0.00027948672
-0.00074420457
-0.0012723442
-0.00096575748
-0.0013326919
4.8152234e-05
0.00070204636
0.00082638722
0.0010278978
0.0013434537
0.0010193758
0.00082102668
-0.0015289235
-0.0021193698
-0.0028727339
-0.0036198032
-0.0043303112
-0.0041847949
-0.0036705216
-0.0047176433
-0.0055974473
-0.0060631384
-0.007053931
-0.0068303534
-0.0070921721
-0.0060889573
-0.0047879408
-0.0037100689
-0.0042882681
-0.0036713161
-0.0045185925
-0.0051851638
-0.0054383775
-0.0061705075
-0.0067806802
-0.0077068709
-0.0075197912
-0.0073672167
-0.0076871008
-0.010890442
-0.012274527
-0.015177599
-0.016860518
-0.01846726
-0.019866185
-0.021899274
-0.022101412
-0.022760438
-0.019026564
-0.017420306
-0.014823135
-0.0085806166
-0.0044089172
5.7703312e-05
0.0004544006
0.0016943419
0.0015657721
0.0018860854
0.00038344827
-0.00064719602
-0.0017744273
-0.0010554877
-0.0015996946
-0.00088897943
-0.00036393102
-8.2487754e-05
-0.00079221191
-0.00056422884
0.00096056622
0.0036587461
0.0058713671
0.00652697
0.005821625
0.0065732391
0.0052660924
0.00066851094
-0.0027828485
-0.0028512964
-0.0021208051
-0.0041350882
-0.0059425598
-0.0074653299
-0.0070227024
-0.0057291346
-0.0080736865
-0.0083584594
-0.0085537988
-0.0075431639
-0.011144395
-0.012391664
-0.010634287
-0.0079924156
-0.0063997015
-0.0056273069
-0.0058823368
-0.0063973688
-0.002904499
-0.0015427545
-0.00056162663
-0.0014372359
-0.0016463365
-0.0017382907
-0.0013740985
-0.0026581674
-0.0036557312
-0.0037517781
-0.0036616384
-0.0045513955
-0.0049579038
-0.0055635171
-0.0055021221
-0.0052348011
-0.004474444
-0.003911003
-0.0036343805
-0.0029579437
-0.0029454584
-0.0029525194
-0.0027991553
-0.0027353291
-0.0020559952
-0.0018961766
-0.0015753152
-0.0015654298
0.00028939745
0.00013605984
0.0033994979
0.0041113505
0.0040624941
0.0025373906
0.0030573149
0.00045277811
-0.00051437238
0.00050685577
0.0010085605
0.00064059381
-0.0001349397
-0.0011817182
-0.0046480054
-0.0043825342
-0.0032222603
-0.0033527644
-0.004851539
-0.0044342222
-0.0041564925
-0.0038422812
-0.004483993
-0.0035032611
-0.0027850905
-0.0021494993
-0.0012880054
-0.00123151
-0.001248424
-0.00091875353
-0.00099936602
-0.0011530835
-0.0040375203
-0.0046054078
-0.0046021237
-0.0050354918
-0.0058072386
-0.0061566328
-0.0066459075
-0.0080638176
-0.0088091983
-0.010883014
-0.010711127
-0.010963638
-0.011495636
-0.010534311
-0.0065995881
-0.0052015288
-0.0069197589
-0.0085386925
-0.0094643132
-0.0098844621
-0.010981
-0.011717033
-0.013710651
-0.015295327
-0.014458003
-0.014699349
-0.01535065
-0.01671745
-0.020805656
-0.024276766
-0.026892261
-0.029295955
-0.031623831
-0.033947995
-0.033293585
-0.032556169
-0.029227548
-0.026168677
-0.023880709
-0.016414803
-0.010779095
-0.0081016348
-0.0052305326
-0.0042921165
-0.004456973
-0.0034259064
-0.003567071
-0.0040396374
-0.0031094135
-0.0024702023
-0.002798567
-0.0026299546
-0.0031026201
-0.0042411035
-0.0043599775
-0.0031909145
-0.00082878267
0.0034127647
0.0057966551
0.0069954113
0.0041647731
0.0045952908
0.002526667
0.00062675312
0.00017870648
-0.0021297305
-0.0033894683
-0.004771152
-0.0060311915
-0.0077994269
-0.0050651782
-0.0059935471
-0.0094946251
-0.010243254
-0.011883478
-0.01285061
-0.014331145
-0.013582365
-0.012618132
-0.011136669
-0.0093022071
-0.010060707
-0.010229593
-0.011772259
-0.0097095097
-0.0087862295
-0.007247175
-0.006548727
-0.0071391631
-0.0068908523
-0.0070693146
-0.0071581732
-0.0068439796
-0.006932768
-0.0068001144
-0.0072107486
-0.0076953657
-0.0075814169
-0.008089361
-0.0070237039
-0.006747323
-0.0063321193
-0.0057086837
-0.0046593803
-0.0049284386
-0.0039779358
-0.0037572955
-0.0035519906
-0.0035598839
-0.0029231872
-0.002604655
-0.00087442415
-0.00090099476
-0.0014390553
-0.0028503132
-0.0018944138
-0.00033581861
-0.00092650452
-0.003187293
-0.005669845
-0.0070447563
-0.0058759535
-0.0051634392
-0.0063051371
-0.0068249793
-0.0088767096
-0.0099024661
-0.0095001819
-0.0076430098
-0.0083680087
-0.0089285004
-0.0085811582
-0.0075592476
-0.0071856921
-0.0064112964
-0.0055943208
-0.0046258972
-0.0037384163
-0.0029283734
-0.0025195115
-0.0030121978
-0.0033931739
-0.003360883
-0.0034300558
-0.0051016301
-0.0051381754
-0.0048433041
-0.0051002152
-0.0059463871
-0.0062056561
-0.0099047268
-0.012892457
-0.013841284
-0.014986836
-0.013411898
-0.01445608
-0.014245717
-0.011857744
-0.0090758911
-0.008133979
-0.0096891777
-0.011680856
-0.013346
-0.01643621
-0.017662752
-0.018165439
-0.021156286
-0.021545649
-0.021452921
-0.01949014
-0.018308808
-0.021943041
-0.024480989
-0.028591742
-0.029948829
-0.033038934
-0.038516251
-0.040918567
-0.041713104
-0.043310416
-0.045112965
-0.041796785
-0.036573653
-0.030388115
-0.026779583
-0.024266179
-0.021606912
-0.018461405
-0.017636893
-0.014845106
-0.01319899
-0.013031845
-0.011108882
-0.011246617
-0.0096832683
-0.011278997
-0.011649965
-0.011214217
-0.011736469
-0.010384277
-0.0057326718
-0.0059992215
-0.00083214074
-0.0029302689
-0.0055339527
0.0004455776
0.0046320799
0.0031382914
0.0016869986
0.00091879728
0.00034588045
-0.0031732809
-0.005372703
-0.0044272985
-0.0035897195
-0.0039107403
-0.0056777197
-0.0044282731
-0.0055117169
-0.0096709617
-0.010596229
-0.0089606971
-0.0084893529
-0.0084911833
-0.0082576332
-0.0091185096
-0.0094395632
-0.008692227
-0.0086727794
-0.0079470021
-0.0070890673
-0.0064155788
-0.0069924881
-0.0067810549
-0.0066168332
-0.0058241261
-0.0060171597
-0.0057042353
-0.005377998
-0.0054009318
-0.0061848665
-0.0068546388
-0.006406222
-0.005987397
-0.0048449281
-0.003985844
-0.0031732073
-0.0023601329
-0.0023317583
-0.0015982643
-0.0018823937
-0.0012588181
-0.001632451
-0.00083127385
-0.00036985856
-0.0005318974
-0.0042724878
-0.0054134394
-0.0048567924
-0.0018645874
-0.0037303887
-0.0059196152
-0.0069229028
-0.0088448477
-0.0092757092
-0.010589298
-0.0099689232
-0.011364799
-0.011775804
-0.013226343
-0.013958592
-0.013293802
-0.01246566
-0.011589949
-0.011820895
-0.011163191
-0.010439287
-0.0081553844
-0.0066151371
-0.004994765
-0.0042518402
-0.0034520707
-0.0034141815
-0.0036168238
-0.0040027897
-0.004606243
-0.0049332532
-0.0047166058
-0.0050141896
-0.0052842564
-0.0051610533
-0.0053221328
-0.0057320832
-0.0076356014
-0.011678678
-0.016968568
-0.019100245
-0.017310168
-0.017387352
-0.017026341
-0.014455066
-0.012545925
-0.010357943
-0.0074025633
-0.009073044
-0.012315107
-0.015781395
-0.018510251
-0.02074011
-0.021134834
-0.022026576
-0.02029889
-0.018510261
-0.020239905
-0.023670367
-0.024075257
-0.025559736
-0.030098024
-0.037085103
-0.04159216
-0.049062968
-0.053157905
-0.054554629
-0.058259578
-0.060769576
-0.059786906
-0.057299038
-0.053603059
-0.051422859
-0.040882949
-0.041748911
-0.039447506
-0.036058007
-0.033461586
-0.032270652
-0.026568196
-0.025389605
-0.024360113
-0.023124561
-0.023232814
-0.019882053
-0.017593074
-0.018051281
-0.018324805
-0.014803681
-0.0082889959
0.0015317633
-0.0010523633
-0.0040886468
-0.0065106058
-0.0010018633
-0.0014141931
0.0044030201
0.0040681886
0.0032778222
0.0038873615
0.0018531644
0.0028615945
0.0020993724
0.0053622016
0.0056187732
0.0045023571
0.0033318882
4.9405138e-06
-0.0001229748
0.00028018984
0.0011679343
-5.4012553e-06
-0.001011196
-0.0027157439
-0.0030305144
-0.0039222103
-0.0029087984
-0.0024581689
-0.0026634268
-0.0033516028
-0.0027598035
-0.0026250207
-0.0023853043
-0.0028163351
-0.0020184359
-0.0021102096
-0.0023897578
-0.0021887719
-0.002042934
-0.0019149083
-0.001426636
-0.0010521208
-0.00094370779
-0.00029613041
-7.7967541e-05
-0.0002326892
3.3633255e-05
-0.00032129245
-0.00042862187
-0.0005523932
-0.00063873566
0.0001321935
-0.00021202972
-0.0014903202
-0.0087896336
-0.0084516341
-0.0051012873
-0.0044666935
-0.0052528698
-0.0073863923
-0.0080262535
-0.012908745
-0.011393998
-0.013167772
-0.014062289
-0.014766942
-0.014966486
-0.015334412
-0.01553617
-0.015530695
-0.015247724
-0.014150069
-0.013787302
-0.010001222
-0.0061390249
-0.0054388945
-0.004587403
-0.0033822549
-0.0034848977
-0.0035298391
-0.0035103534
-0.0029928769
-0.003888248
-0.0041124625
-0.0050763526
-0.005175474
-0.0062313494
-0.0067310646
-0.0080113964
-0.0076715765
-0.0085375461
-0.010550406
-0.016862861
-0.017551009
-0.018648903
-0.018307889
-0.019212185
-0.017886916
-0.016232086
-0.016478151
-0.011082688
-0.0056173123
-0.0073788116
-0.011904853
-0.015614697
-0.017277114
-0.019923246
-0.021599117
-0.021787881
-0.018511626
-0.01888026
-0.024328618
-0.026224164
-0.02645722
-0.030454873
-0.036953639
-0.045498497
-0.052784408
-0.058182698
-0.06170943
-0.063999999
-0.064512143
-0.066898157
-0.063337633
-0.063309231
-0.064272779
-0.062128018
-0.052100187
-0.056758729
-0.057390784
-0.056964619
-0.050825044
-0.049221942
-0.042816852
-0.033026561
-0.0385407
-0.028886389
-0.030558868
-0.029329405
-0.024658969
-0.027060465
-0.015555783
-0.0069921531
-0.0074955328
-0.0041141243
0.00036471245
0.0065575182
0.0035739994
0.011472468
0.011591552
0.014065281
0.013398835
0.012956079
0.010531449
0.0092158617
0.011031972
0.011681732
0.011271286
0.012715491
0.011215396
0.010944344
0.010913507
0.010442468
0.0086992462
0.0083796325
0.0060878232
0.0048593676
0.0028745652
0.0025944496
0.0025694787
0.0017520901
0.0018802675
0.002052872
0.0017007319
0.00075855076
0.00085660468
0.00163093
0.0014167812
0.0019063329
0.0015032317
0.0016516117
0.0015828124
0.0019374963
0.0016214603
0.0021353333
0.0016377082
0.0016382801
0.0015186923
0.001263934
0.0016975179
0.0018069127
0.0012046767
0.0015238137
0.00043091368
-0.00025658286
-0.0010003972
-0.0013018187
-0.0027938674
-0.011013165
-0.01032055
-0.0069869028
-0.0049920343
-0.0056992841
-0.0098372463
-0.012632138
-0.015531542
-0.015719782
-0.015931569
-0.01505592
-0.015304985
-0.01607133
-0.015685793
-0.016242753
-0.012858153
-0.011582206
-0.010120403
-0.0067284381
-0.004183827
-0.0034443646
-0.0027561203
-0.003987352
-0.0039055469
-0.0030977193
-0.0034558947
-0.0042652598
-0.0038870073
-0.0047035246
-0.004630083
-0.0052259499
-0.0051201485
-0.0083751911
-0.0083552352
-0.009760863
-0.011752111
-0.013108029
-0.017731999
-0.019968668
-0.021225172
-0.018558047
-0.017581686
-0.016584333
-0.018417313
-0.017257468
-0.017402873
-0.013430899
-0.0037699285
-0.0053266819
-0.010739461
-0.014730377
-0.01570729
-0.017051866
-0.022618315
-0.02522734
-0.025040383
-0.024736674
-0.028755171
-0.02932597
-0.030508904
-0.037626795
-0.045274032
-0.052837375
-0.058520063
-0.06194271
-0.065025818
-0.068047495
-0.068677326
-0.06615499
-0.063354974
-0.060655082
-0.062897926
-0.05415507
-0.055344111
-0.057381042
-0.059049957
-0.05980083
-0.05785493
-0.045933647
-0.044175963
-0.042060794
-0.039168461
-0.03395533
-0.034809982
-0.034589578
-0.024222562
-0.02334
-0.013229093
-0.004856003
-0.0017182738
0.0055677344
0.01111554
0.014093677
0.019032845
0.020394913
0.023661404
0.023684378
0.021914488
0.018991558
0.016784321
0.017008
0.018184416
0.017492435
0.018467798
0.018391
0.01834241
0.016172577
0.014877767
0.015531622
0.015454217
0.012437383
0.0099500329
0.0072175199
0.0064382068
0.0052131219
0.0056474521
0.005173887
0.0057527763
0.0045521188
0.0047370855
0.0047853579
0.004833604
0.0041973502
0.0043782457
0.0043276617
0.0045940012
0.0048124797
0.0049917028
0.0050385665
0.0048825146
0.003279837
0.0035121903
0.0030747822
0.0028744499
0.0027135732
0.0027425699
0.00177778
0.0020008099
0.0014138544
0.00069745775
-0.0015715248
-0.0022154044
-0.0036351417
-0.0053817407
-0.012851106
-0.011966037
-0.0070074085
-0.0071545877
-0.0067260345
-0.0097546362
-0.012315099
-0.016041152
-0.015506534
-0.012681325
-0.012048975
-0.011225863
-0.013981341
-0.0091459237
-0.0062487896
-0.0059754821
-0.0047366579
-0.0027227834
-0.0030971383
-0.0033453404
-0.0039196558
-0.0032460578
-0.0031018293
-0.0039710403
-0.0050128103
-0.0051909167
-0.004865638
-0.00615358
-0.0051019583
-0.0055167612
-0.0049759053
-0.007389886
-0.013319527
-0.015060252
-0.018984218
-0.021302693
-0.021235906
-0.022571461
-0.021517284
-0.020466952
-0.019124792
-0.016695479
-0.018302779
-0.022006215
-0.021496183
-0.018555796
-0.0090595282
-0.004882873
-0.0077991964
-0.0093286864
-0.013669969
-0.016336907
-0.017723265
-0.023655367
-0.030963398
-0.034691101
-0.035265935
-0.036050469
-0.03843017
-0.040610324
-0.046207782
-0.048330029
-0.052777409
-0.058773204
-0.063055684
-0.065644256
-0.066034936
-0.064510423
-0.059644816
-0.054744879
-0.052877926
-0.055724484
-0.053180769
-0.050614552
-0.046990384
-0.04836973
-0.048026908
-0.049438187
-0.03808917
-0.034904532
-0.030512326
-0.026644433
-0.022543957
-0.028057849
-0.021468435
-0.013072933
-0.0054144789
-0.00032703576
0.0054700473
0.011890332
0.016180221
0.02236976
0.027730065
0.02956807
0.029391798
0.029787911
0.028718378
0.026451714
0.023540345
0.021742861
0.020733578
0.021897719
0.020935138
0.024113974
0.023256153
0.024275882
0.022853674
0.024036956
0.023585902
0.020573084
0.020099257
0.016197633
0.010445185
0.0099654866
0.01061885
0.0095669809
0.0090485896
0.0098027563
0.0093648483
0.0096371485
0.0086521436
0.0086269307
0.0080189796
0.0070095645
0.0091669258
0.0087367783
0.010488911
0.0096079674
0.0092871346
0.0096641614
0.0089635956
0.0075750215
0.0072915836
0.0076735204
0.0065544469
0.0058830472
0.0044294529
0.0033047724
0.0028553761
0.001312784
-0.00061074725
-0.0017085445
-0.00384899
-0.0082849614
-0.015840733
-0.013987651
-0.012462035
-0.0096229251
-0.0075586448
-0.0077852177
-0.011434026
-0.012750214
-0.014538847
-0.0093370814
-0.008562057
-0.0076215691
-0.0051827253
-0.001616992
-0.00096098452
0.00028574093
-0.00093856788
-0.003582873
-0.004912937
-0.0047073278
-0.0057652155
-0.0054456354
-0.0053555645
-0.0066676985
-0.0077189684
-0.0073479949
-0.0064891435
-0.0064740052
-0.007917826
-0.0091914931
-0.010943257
-0.01113309
-0.019302912
-0.020181378
-0.025370551
-0.021150243
-0.01905388
-0.021620015
-0.019932747
-0.018204799
-0.019321407
-0.020059916
-0.020381764
-0.02168221
-0.025867554
-0.021283628
-0.011968817
-0.0084027427
-0.0090849885
-0.010503124
-0.012744838
-0.015570736
-0.020141656
-0.026652605
-0.0342283
-0.042678056
-0.046798833
-0.048784089
-0.049665391
-0.050923603
-0.055292208
-0.055323184
-0.056929983
-0.055120294
-0.054659819
-0.053404488
-0.059018641
-0.057064261
-0.046911172
-0.035087296
-0.039603317
-0.04633645
-0.041046562
-0.035389136
-0.031870656
-0.030301922
-0.026447261
-0.022594421
-0.020219434
-0.015203414
-0.0091527474
-0.0080871965
-0.0034905772
-0.0015048437
0.0028134833
0.0094466124
0.017251196
0.019767579
0.02386601
0.028284192
0.027341681
0.027861157
0.033368331
0.034107824
0.031147338
0.031315004
0.034983055
0.031861983
0.028040241
0.028375683
0.026899091
0.02877604
0.030132755
0.029408862
0.030980898
0.032075701
0.03350695
0.034302437
0.03250893
0.031124835
0.029225544
0.024333138
0.020634383
0.016759581
0.018382064
0.016579036
0.01303853
0.014206914
0.012629736
0.013779739
0.01427122
0.012179575
0.013330628
0.011787783
0.011645104
0.012258208
0.013374027
0.013009079
0.012902964
0.011026115
0.012417961
0.011019534
0.009991745
0.0093619417
0.0091797432
0.0071396233
0.0067183079
0.0050314939
0.0054604265
0.0027879028
-0.0014263314
-0.0030312782
-0.0089744874
-0.0094037139
-0.0098283576
0.0035804329
-0.0063446905
-0.0091357558
-0.0042250007
-0.0083752117
-0.0086887421
-0.01036015
-0.0084365821
-0.007128106
-0.0059615195
-0.0046844783
0.0012147107
0.0020335854
0.0015612647
0.00018250164
-6.8958716e-05
-0.0055737524
-0.0063815532
-0.0051312443
-0.0080621264
-0.009807676
-0.0091723624
-0.011564773
-0.011831512
-0.013868047
-0.014309007
-0.015150753
-0.017388355
-0.016205699
-0.017125121
-0.019141811
-0.016871707
-0.015426288
-0.016698732
-0.01640833
-0.016116431
-0.013588328
-0.011303366
-0.013932297
-0.015808371
-0.016756144
-0.019056338
-0.017249555
-0.021637602
-0.015921747
-0.017060346
-0.013851746
-0.010500248
-0.01138931
-0.013846822
-0.016123884
-0.020989404
-0.02662693
-0.032772657
-0.042301984
-0.050877016
-0.056950215
-0.058880505
-0.061050267
-0.060427131
-0.055403373
-0.050143293
-0.039799989
-0.044295031
-0.045856202
-0.046409244
-0.0459825
-0.037795495
-0.024304106
-0.019929922
-0.026233299
-0.019942044
-0.0056420413
0.0048673561
0.0080999535
0.012937809
0.014354275
0.018416664
0.021957338
0.023737909
0.014552775
0.016674287
0.027129952
0.033229833
0.037733149
0.042525172
0.043479216
0.04579026
0.04678652
0.045286297
0.042845887
0.043376889
0.040648626
0.038596765
0.037213714
0.038749777
0.036472194
0.033722257
0.034083642
0.033675626
0.033871973
0.033340627
0.03574824
0.039841833
0.03571374
0.037280048
0.039009328
0.036718482
0.033276589
0.0341399
0.032234505
0.027478779
0.025220121
0.025171155
0.026548886
0.022086291
0.020993496
0.020170079
0.020141117
0.023170924
0.02370931
0.02330794
0.022911686
0.020743122
0.020793355
0.023125816
0.022284912
0.021872372
0.021207533
0.022269433
0.021403991
0.021103626
0.018163349
0.016149272
0.014821377
0.015945211
0.016163315
0.014479959
0.012999942
0.012266133
0.001966297
-0.0072897188
-0.0079761152
-0.00026087362
0.0078125103
-0.00051136382
-0.002524332
-0.0033033615
-0.0019310538
-0.0023378851
-0.0028720278
-0.0029825259
-0.00061202651
0.0014161163
0.00306125
0.0059973527
0.0068131403
0.0064106166
0.0037723366
0.0054815557
0.0011841585
0.00036589716
-0.00095246658
-0.0029106269
-0.0055308758
-0.0082755315
-0.0082026285
-0.010946122
-0.012062773
-0.012724383
-0.013145305
-0.013839213
-0.01504395
-0.016418055
-0.016773533
-0.010287896
-0.011971549
-0.010562132
-0.0096813889
-0.011794972
-0.010198446
-0.0092617965
-0.012492153
-0.011511218
-0.012357536
-0.014998924
-0.014978031
-0.017140103
-0.020247753
-0.023901412
-0.020242344
-0.017811721
-0.017121254
-0.016707941
-0.017094384
-0.019725992
-0.023067889
-0.028949566
-0.036333762
-0.043128647
-0.051765335
-0.058585064
-0.062716776
-0.061530051
-0.051438126
-0.034186164
-0.0311393
-0.034675496
-0.033348364
-0.02734287
-0.019305465
-0.0069382354
0.0048661201
0.015217285
0.011916546
0.011442373
0.025694053
0.024596824
0.027579436
0.036356868
0.049446648
0.057826008
0.055209784
0.048358803
0.0407662
0.042711206
0.057800698
0.061695808
0.059081879
0.060436492
0.059518106
0.057464848
0.054383192
0.053132448
0.050189688
0.046872169
0.044176876
0.042959029
0.038602644
0.036954739
0.032717695
0.028496405
0.02959535
0.028057906
0.028131637
0.030717346
0.031989276
0.029656681
0.029153833
0.030329843
0.031080208
0.030111073
0.031208993
0.032496933
0.031621566
0.030971174
0.028085481
0.027974418
0.025657631
0.025747432
0.028711046
0.028610368
0.033519068
0.034052412
0.03276274
0.037927812
0.039705995
0.037477268
0.036875588
0.037346158
0.04000057
0.04086423
0.038399996
0.036328694
0.035023087
0.032097398
0.025756883
0.022841432
0.016175356
0.010660596
0.0076848908
0.00014437756
-0.0057413469
-0.0067174321
-0.0082559031
-0.010649962
0.0043875761
0.0099173786
0.0037053339
-0.0052675793
-0.0051856648
-0.003519454
-0.0058413278
-0.0023938907
-0.0014514187
0.0012230748
0.0022847366
0.0018186893
0.0026059314
0.0058422614
0.0064747859
0.0068023892
0.0064990129
0.0061086115
0.0053351934
0.0022997474
0.00042032655
0.0012867799
0.00028680251
-0.002170413
-0.0043012505
-0.0065859154
-0.0085682999
-0.0076692807
-0.0056197543
-0.0067136268
-0.011538317
-0.012822497
-0.012401783
-0.0078679345
-0.0075951322
-0.0070618407
-0.010147049
-0.011243604
-0.010471944
-0.011722448
-0.0095927737
-0.0096605969
-0.011627495
-0.013896134
-0.01736782
-0.020307453
-0.024192431
-0.028252748
-0.022895866
-0.019687425
-0.018918431
-0.014891505
-0.014454191
-0.015954709
-0.018550282
-0.024395875
-0.028972815
-0.033504284
-0.03973421
-0.045042552
-0.04822584
-0.049919126
-0.032538442
-0.011187005
-0.018575571
-0.0084873474
-0.0010717733
0.0073257454
0.017781228
0.02904919
0.037424782
0.046066524
0.04387241
0.027207967
0.023998971
0.027651187
0.028680462
0.042922749
0.059820673
0.070171252
0.075672455
0.064472649
0.047720133
0.054718472
0.065381799
0.065948499
0.062345609
0.058907161
0.056481088
0.054852191
0.049962928
0.044667499
0.043533788
0.037006221
0.034719163
0.031281192
0.02906735
0.026948692
0.024724216
0.023051204
0.022586534
0.01895903
0.017838868
0.020257482
0.021187483
0.021255873
0.02051744
0.022729677
0.023667323
0.023792146
0.024143375
0.023787748
0.022479116
0.021912593
0.022425188
0.023432752
0.024307063
0.023736919
0.026433373
0.028262819
0.029509564
0.033920449
0.035354164
0.037917662
0.03871153
0.040738419
0.040436663
0.04315525
0.046564964
0.045682651
0.044768603
0.044498078
0.037969575
0.031301947
0.021679027
0.014356279
0.010012123
0.0074432099
-0.0020967127
-0.0068931794
-0.011300692
-0.017037416
-0.021362058
-0.0071608814
0.0011793476
-0.0039942081
-0.0079638496
-0.012939496
-0.011728717
-0.010492212
-0.0080064494
-0.0063948014
-0.0037427548
-0.00099198298
0.0010295159
0.00082701017
0.00026623686
-0.00029888648
0.0018816302
0.002503134
0.0026663355
0.0012422794
0.0035120421
0.0016404136
0.0007845415
-0.00056680091
-0.0016913168
-0.0036906722
-0.0040753928
-0.0059647438
-0.0044255286
-0.0041981218
-0.0015949064
-0.0033785777
-0.0041701127
-0.009127808
-0.0066182812
-0.0036665936
-0.0049599316
-0.0074744604
-0.0065886823
-0.0086030801
-0.010713929
-0.010379144
-0.010728375
-0.01180161
-0.013876793
-0.014764201
-0.015885482
-0.020216127
-0.022047142
-0.022807229
-0.019353547
-0.015965104
-0.01849697
-0.019010477
-0.01718377
-0.015757851
-0.015315309
-0.017811211
-0.020695387
-0.023298351
-0.026535689
-0.030144424
-0.031027212
-0.028997724
-0.011782062
-0.0014770275
-0.0015395589
0.015654075
0.025570071
0.038722763
0.048919397
0.053192175
0.052200544
0.053762031
0.043342666
0.024554017
0.028185748
0.03596528
0.043001499
0.052496401
0.05816825
0.063019204
0.065954687
0.05577335
0.046363816
0.056013491
0.057247416
0.053363382
0.046925014
0.046412341
0.042462607
0.035474587
0.028821134
0.026809511
0.026240953
0.022076295
0.022202417
0.020076375
0.015424867
0.015194218
0.012381714
0.012856812
0.01228171
0.010912729
0.011218988
0.0120033
0.011748419
0.011147939
0.013031466
0.012553425
0.016700425
0.017136978
0.018697306
0.01854432
0.02076137
0.018465538
0.019675474
0.020887704
0.021318646
0.021788029
0.022914588
0.023414118
0.025250289
0.027372855
0.029753895
0.031846265
0.031724804
0.030993019
0.030865587
0.032717825
0.036104005
0.03823932
0.03524452
0.033681341
0.02942169
0.02222413
0.011947329
0.0048363318
-0.0026406355
-0.0056103336
-0.017519494
-0.023698099
-0.023229763
-0.020208551
-0.012490995
-0.0058652003
-0.0065716944
-0.012056768
-0.013995949
-0.015530569
-0.012066166
-0.012942943
-0.0098627535
-0.0068461465
-0.006454315
-0.0034107173
-0.0018151863
-0.0034651135
-0.00298493
-0.0030688142
-0.0016108695
-0.00038139685
0.0011522343
0.0015071484
0.0014967854
0.0020108972
0.0020150008
-0.00088059768
-0.0031121069
-0.0044247807
-0.004416928
-0.0057933906
-0.0063252771
-0.0064272252
-0.0023091396
-0.00069524668
-0.0017822841
-0.0037647519
-0.004364748
-0.0023240724
-0.0040928982
-0.0030162827
-0.0024084932
-0.0039654617
-0.0034043385
-0.0049893374
-0.0069821411
-0.0062027239
-0.0090813643
-0.0085488739
-0.011076563
-0.013252503
-0.014739045
-0.014127064
-0.013951357
-0.013589925
-0.011742333
-0.012971504
-0.014669458
-0.015052423
-0.011881893
-0.011309899
-0.011220861
-0.012334248
-0.012367796
-0.010779648
-0.0090752069
-0.0046384164
0.004790518
0.0073167792
0.011581479
0.02165432
0.035382915
0.048273064
0.053381408
0.055093546
0.04743636
0.036721301
0.026134511
0.017786236
0.02661855
0.034051732
0.038195788
0.044413851
0.047294361
0.048598414
0.046064375
0.039310464
0.034581962
0.037424919
0.034455965
0.031596887
0.025439653
0.021494598
0.019694993
0.016759279
0.012596381
0.0093738499
0.011150905
0.0083647588
0.0081024297
0.0060441832
0.0039131402
0.0054791644
0.0038706883
0.0048049721
0.0046505683
0.0046103398
0.0039407892
0.0058273201
0.0086109761
0.0054942358
0.0060282726
0.0058347971
0.0090648943
0.010416056
0.011125106
0.011531647
0.012628883
0.014792367
0.014751584
0.015731573
0.017006801
0.017226287
0.016626009
0.016535766
0.017853548
0.020610727
0.02171451
0.022664572
0.024051589
0.023835652
0.023134358
0.024390906
0.022786907
0.020721852
0.018229387
0.015840253
0.012259101
0.0061197424
-0.0033815392
-0.01229328
-0.018570334
-0.017174324
-0.015072989
-0.015706204
-0.017253861
-0.01330999
-0.0024687927
-0.0077627331
-0.010579678
-0.012284438
-0.016757678
-0.017088867
-0.017418697
-0.014699517
-0.011672876
-0.0097754088
-0.0081728232
-0.0045713946
-0.0015227254
-0.00066877104
-0.0026217358
-0.0041183529
-0.0035427759
-0.0022340909
-0.00084961415
0.00018106265
-0.00028381318
-6.1159473e-05
-0.00085749199
-0.0011843858
-0.002570504
-0.0032444469
-0.0039832233
-0.003453892
-0.0043728052
-0.0055823181
-0.0017323521
-0.0021718105
-0.0023165035
-0.0027422624
-0.0027556634
-0.0014855932
-0.0016348409
-0.0022045057
-0.0013403652
-0.00046934966
-0.0013742841
-0.0011760105
-0.0025010144
-0.0043006953
-0.0044145925
-0.0060796954
-0.0057216845
-0.0069354704
-0.0091912914
-0.010087269
-0.011339124
-0.0081543927
-0.00959823
-0.0094144648
-0.010091701
-0.01244921
-0.010558746
-0.0093553176
-0.0063148058
-0.0062070723
-0.0051784494
0.00048921904
0.0065575143
0.013501063
0.016047923
0.014593501
0.02147972
0.028339345
0.02722778
0.037706803
0.038833993
0.035672498
0.028177978
0.017892476
0.013980051
0.012941895
0.018040139
0.020233817
0.026060661
0.026189003
0.026887798
0.026890441
0.028961008
0.026757084
0.02013914
0.017680183
0.013456165
0.013334894
0.010915758
0.0079368364
0.005930144
0.0027951291
0.0027343614
0.00015454633
-0.0024101572
-0.0022596144
0.001630551
0.00051164781
0.00014691932
0.001202205
0.0014129719
0.00103006
-0.00095606736
0.0010148004
0.001877315
0.0030012902
0.0017630872
0.0015800222
0.00049785327
0.0008301299
0.0032834138
0.0049286211
0.0047763565
0.0044778667
0.0055336211
0.0072090756
0.008262034
0.0099913505
0.011357894
0.010223968
0.0096872882
0.010102026
0.010285542
0.012044755
0.013753229
0.013852432
0.015378985
0.016110636
0.015748628
0.014754273
0.013442187
0.010819474
0.0086654424
0.0040167697
-0.0016029448
-0.0053919242
-0.013997857
-0.013349705
-0.0072315427
-0.0067994404
-0.0049136338
-0.0068943562
-0.010896813
-0.007797839
-0.0039044357
-0.0068866591
-0.009701776
-0.01180602
-0.014328146
-0.014888933
-0.013067102
-0.011074219
-0.010400656
-0.0091908957
-0.0089709777
-0.0068104247
-0.0055463366
-0.0057300386
-0.0052453521
-0.0063486426
-0.0070445236
-0.0060034199
-0.00356356
-0.003434068
-0.0029808951
-0.0029374703
-0.0031055164
-0.0028320698
-0.0026313663
-0.002042147
-0.0024425674
-0.0020790529
-0.0029738309
-0.003410242
-0.00080517248
-0.0032113851
-0.0020538256
-0.0024902896
-0.0040770338
