0.0023033328
0.0018769677
0.002142111
0.0023437679
0.003146021
0.0042894255
0.0067221499
0.0057123844
0.0027013613
0.00037796964
0.00025385287
-0.0011350141
-0.0041324271
-0.0055745458
-0.0043658444
-0.0028175252
-0.0010987331
1.7677154e-05
0.0014644156
0.00057704629
-0.0013608943
-0.0057743618
-0.0061925325
-0.0052258899
-0.0067774182
-0.0072680717
-0.0098146776
-0.01060401
-0.0084628587
-0.0085310388
-0.010698448
-0.011473561
-0.012113552
-0.011750107
-0.012490886
-0.011507958
-0.011338401
-0.013890395
-0.014228752
-0.012923204
-0.013760539
-0.01546293
-0.016012705
-0.01652493
-0.018813437
-0.018153049
-0.016910887
-0.015058433
-0.01354772
-0.010604369
-0.0088968981
-0.0089967248
-0.0062702613
-0.0029308972
-0.00078907459
0.0012418127
0.0044273609
0.0064209548
0.0059493541
0.0039499354
0.0031465346
0.0038053602
0.0024337824
0.00047003182
-0.0010802992
-0.00095482511
-0.00079950505
0.00088128328
0.0035260439
0.0061034535
0.0086230612
0.010125799
0.014297837
0.016828345
0.01733207
0.018001293
0.019488752
0.021642952
0.022500296
0.020215946
0.018463394
0.015262579
0.011846608
0.0097545012
0.010649435
0.0068940802
0.005413043
0.0053329416
0.0076193806
0.010224544
0.010079005
0.0087933602
0.0071741481
0.0060328475
0.0046597305
0.0046260849
0.0046613236
0.0043065221
0.003225797
0.0044864882
0.0044406016
0.0047893311
0.0040832703
0.0048282939
0.0054709595
0.0064303122
0.006275396
0.0061516978
0.0053863614
0.0061536934
0.0060813054
0.0061030799
0.0071390433
0.0087803134
0.0082952573
0.008797123
0.0089084307
0.0084698368
0.01351635
0.0144295
0.013133557
0.012172634
0.011854481
0.012241059
0.0091743562
0.0087785596
0.010771266
0.010933426
0.0094755169
0.0076159883
0.0043564749
0.00099901928
-0.00024266742
-0.0013815733
-0.0015310564
-0.00085315848
-0.0010168673
0.00026422983
0.00068815257
0.0010588735
0.0017864748
0.0021314158
0.0025347821
0.0025467272
0.0012057321
0.00090852411
0.00074915146
0.00022640937
0.0004553354
0.0018878493
0.001749656
-0.0010544889
-0.0022883648
-0.0030073175
-0.0040030508
-0.0046000655
-0.0058985989
-0.0077178018
-0.009087749
-0.0051601846
-0.0038471421
-0.0022485612
-0.00098025328
-0.0019972653
-0.0045010546
-0.0069851045
-0.0082779792
-0.0054184899
-0.0056091788
-0.0098934692
-0.011890691
-0.011967693
-0.010483436
-0.011450908
-0.014617495
-0.016678668
-0.01650897
-0.017305208
-0.016965729
-0.015672986
-0.016502393
-0.018613739
-0.019730474
-0.01863535
-0.017989034
-0.017392494
-0.016771931
-0.016623421
-0.016745877
-0.013833242
-0.012052852
-0.0095452614
-0.0051473167
-0.00094715751
0.00018826459
0.0015419198
0.0024548726
0.0059338266
0.0072184419
0.0098313079
0.014499868
0.016135956
0.016914703
0.015777769
0.016020905
0.014839115
0.013428092
0.011957525
0.011065404
0.010011972
0.011702474
0.012051942
0.014377099
0.017105336
0.020347879
0.022172041
0.023106165
0.021766542
0.020793513
0.020679179
0.022828131
0.022488616
0.020843638
0.017350715
0.014288768
0.010260322
0.0075648054
0.0055049184
0.0032299561
0.0031203752
0.0045646899
0.0050870878
0.0074724138
0.0089650228
0.0089218991
0.0054377618
0.0031751872
0.0022744741
0.0030744774
0.0036734001
0.00374836
0.0036669976
0.0043595436
0.0044829636
0.0037124688
0.0042863293
0.0047622463
0.005006317
0.0053561787
0.0060545993
0.0054484107
0.0055702206
0.0049931309
0.0056285562
0.005982885
0.0066640913
0.0076869573
0.0087938134
0.0089120798
0.008629702
0.0091664731
0.012607029
0.01571151
0.015006993
0.012972433
0.014037357
0.010057513
0.010303724
0.0083519129
0.0080137373
0.007944896
0.0066547349
0.0042993366
0.00216289
-0.0011127909
-0.0018775888
-0.00091632667
-0.0019258741
-0.00085834301
-0.0013821222
-0.00063026068
-0.00039661657
0.00049374398
0.00063668132
0.00078215604
0.00059727657
0.00080576045
0.00090938793
-0.00022849311
-5.8170489e-05
-0.00050561622
-0.0015329258
-0.0026559388
-0.0024657721
-0.0038180525
-0.0057069726
-0.0072194109
-0.0064837859
-0.0080679184
-0.0099452699
-0.0097050816
-0.008494753
-0.010274885
-0.010561299
-0.011010421
-0.009595329
-0.0066872637
-0.0049605283
-0.0081778718
-0.012661535
-0.012689827
-0.010409367
-0.011406861
-0.017896731
-0.020096338
-0.019412408
-0.016943001
-0.017398075
-0.021927909
-0.024072367
-0.026296756
-0.02606929
-0.025750193
-0.026574954
-0.027320066
-0.0263166
-0.025400084
-0.023740667
-0.021622522
-0.020290225
-0.018221133
-0.01664706
-0.014162884
-0.011103964
-0.0079303404
-0.0042203207
0.00098175572
0.00592025
0.010141248
0.012865368
0.013564308
0.01344029
0.015028729
0.018549239
0.02333595
0.025075324
0.025347033
0.027910367
0.027931305
0.028405407
0.025770916
0.025620065
0.026832857
0.025770153
0.029529947
0.027821959
0.029608765
0.029462573
0.029740686
0.03072944
0.031057465
0.027363243
0.024174558
0.020529371
0.019938565
0.018766871
0.016465377
0.010629948
0.0076786109
0.0046194931
0.0026490722
0.00077863089
-7.6808191e-05
0.0017888394
0.002493414
0.0036406861
0.0055479439
0.0063148659
0.005087355
0.0028185448
0.00076172618
0.00091315851
0.00088332249
0.0018969024
0.0030226566
0.0042350806
0.0052611857
0.004994237
0.0053509856
0.0056218978
0.0061912509
0.0052835694
0.0054579578
0.0060631231
0.0057218722
0.005415611
0.004972338
0.0050029486
0.0053395082
0.0063377243
0.0068860463
0.0057434703
0.006975672
0.0098422856
0.01235442
0.010661627
0.01246907
0.0070771682
0.010087941
0.012474985
0.0090675498
0.0075888256
0.0049096267
0.0049447348
0.0011683549
-0.00046591136
-0.0021779142
-0.0024367061
-0.0055031321
-0.0048002655
-0.0042480314
-0.0018764937
-0.0013125435
-0.0010508749
-0.00066661283
0.00020662266
-0.00014247368
0.00038315263
-0.00035433256
0.00014266483
-0.00053304996
0.00025148337
-0.0017107393
-0.001387107
-0.0019223962
-0.0031974277
-0.0057553775
-0.0042794407
-0.0038439889
-0.0095240919
-0.012694976
-0.010872768
-0.011573498
-0.014452409
-0.01630082
-0.016739852
-0.017463374
-0.014065839
-0.01530347
-0.017069487
-0.014304747
-0.015354617
-0.016127224
-0.019726775
-0.01895115
-0.018578041
-0.021861294
-0.025639615
-0.027721372
-0.029160539
-0.027249177
-0.028703693
-0.032282581
-0.035170455
-0.038175116
-0.039022735
-0.039237744
-0.040840697
-0.038018992
-0.034561605
-0.032165302
-0.03336486
-0.029953468
-0.024617662
-0.024420791
-0.021058482
-0.017800435
-0.013381144
-0.0093781405
-0.0053430032
0.0022306506
0.0094558847
0.013400406
0.016267468
0.016910972
0.017918032
0.017695712
0.022604673
0.029145543
0.031545698
0.037111285
0.040649096
0.039129628
0.040932192
0.04220134
0.041850294
0.041722097
0.043363728
0.046503604
0.043923774
0.044488973
0.040957354
0.037736936
0.036572546
0.03240406
0.02858987
0.024455689
0.02119328
0.020562598
0.016057364
0.011746783
0.0085058182
0.004044759
-0.00039373298
-0.00096399317
-0.0030533484
-0.0029126628
-0.0022755906
-0.0015359151
-0.00017951032
-7.1450389e-05
0.00033110546
-0.00034134805
-0.00040687423
-0.00065908605
-0.0001232289
0.00016386027
0.0021705239
0.002575519
0.0034746737
0.0041163049
0.0041137489
0.0036885143
0.0040906986
0.0048517019
0.0058160148
0.0049760326
0.0046743808
0.0045318163
0.0040957785
0.0032412121
0.0031057915
0.0029448069
0.0047663974
0.0052248834
0.0049535597
0.0050360962
0.0034151329
0.003814238
0.00064633177
0.00045719116
0.0041201365
0.0083997322
0.0097809778
0.0051293268
0.0015755246
-0.0012026329
-0.0016302289
-0.0039380253
-0.0084664247
-0.010337567
-0.011063995
-0.010394331
-0.0065323022
-0.003094797
-0.00089253885
-1.8774131e-05
-0.00075941172
-0.00061956349
-0.00059516038
-0.00049564294
0.00061751271
-0.00050961069
-0.00040588461
-0.0011519228
-0.0010660137
-0.0021776833
-0.0022670337
-0.0036474391
-0.0043031684
-0.006781145
-0.0050810137
-0.0044135875
-0.011551135
-0.01342327
-0.017105066
-0.019927351
-0.020236256
-0.021704856
-0.023259028
-0.020595867
-0.016290069
-0.015429168
-0.01829776
-0.019419317
-0.021850951
-0.023617243
-0.025673631
-0.027212424
-0.029766428
-0.034247661
-0.036446568
-0.040980087
-0.044430567
-0.044498157
-0.04332953
-0.04583605
-0.050219692
-0.051530344
-0.053035149
-0.052600515
-0.052735676
-0.049297965
-0.046054989
-0.043737102
-0.042369019
-0.036489236
-0.029991315
-0.027301359
-0.026216147
-0.024106254
-0.019286067
-0.013904129
-0.0084401831
-0.0033507367
0.0040241189
0.0070544587
0.0094899698
0.012189144
0.015008837
0.021685388
0.025824894
0.031768025
0.036452158
0.04085289
0.045826552
0.043655396
0.046540686
0.050227672
0.052209737
0.056398795
0.05560919
0.057203173
0.054272468
0.054284976
0.05057576
0.046834115
0.04178727
0.034437083
0.030869704
0.023623528
0.01934752
0.015304925
0.010298085
0.0079597425
0.0044076067
0.0011932574
-0.0032402431
-0.0021368733
-0.0044152786
-0.0046224025
-0.0023859663
-0.003541913
-0.0015243298
-0.0038578065
-0.0029852987
-0.0010180492
-0.002034303
-0.0015873897
-0.0014732674
-0.00067398572
0.0013045452
0.0022475226
0.0028574149
0.0036982624
0.0037188514
0.0020683921
0.0024547087
0.0031971943
0.0039640537
0.0033905584
0.0037840245
0.0043189121
0.0036062955
0.0029128631
0.0025481585
0.0030726297
0.0042912418
0.0042305244
0.0036023179
-0.00060427639
-0.0016375105
-0.0019434912
1.7736135e-05
0.00024350036
0.0044927883
0.0055950837
0.0032392962
0.0015078097
-0.0010629818
-0.0048610861
-0.0050091938
-0.007971322
-0.012052705
-0.015367958
-0.015495428
-0.012155742
-0.0073022211
-0.0042287473
-0.0026368492
-0.0010095537
-0.0017809217
-0.0020905681
-0.0015920076
-0.00071653215
0.00039981829
3.5203306e-05
-0.0010494311
-0.0014292637
-0.0017663111
-0.0039375644
-0.0037754224
-0.0035352526
-0.005705036
-0.0076876875
-0.0054129186
-0.0068144938
-0.012245404
-0.016039985
-0.02113852
-0.024864256
-0.026266794
-0.033559664
-0.031736601
-0.025560564
-0.015724453
-0.014563531
-0.01666357
-0.018762437
-0.022700598
-0.028021399
-0.032534018
-0.037250183
-0.040952302
-0.043271787
-0.046418422
-0.050142581
-0.051654027
-0.054115456
-0.054421849
-0.055254864
-0.056508261
-0.058146652
-0.060338166
-0.058937113
-0.06113751
-0.060504985
-0.058868119
-0.055436248
-0.047339254
-0.039251462
-0.033121045
-0.026706131
-0.023541913
-0.026327646
-0.027873632
-0.022843931
-0.012572697
-0.0078301806
-0.0010956982
0.0010722646
0.0042124125
0.0090063488
0.013170454
0.017476142
0.021781564
0.022310823
0.021103274
0.030144593
0.038224612
0.040013573
0.047060863
0.05268653
0.052207796
0.054521303
0.054984669
0.056562978
0.055765796
0.053669591
0.050391542
0.046196108
0.040954128
0.033045251
0.025403861
0.019266799
0.01459239
0.0090515487
0.0053980633
0.0023822344
-0.00045033888
-0.0025724219
-0.0027516924
-0.0040033629
-0.0053263359
-0.0050627244
-0.0058577101
-0.0048182562
-0.0038405978
-0.0022537928
-0.0016769532
-0.0011527339
-0.0020081778
-0.0029994456
-0.0031740721
-0.0024041797
-0.0012783623
0.0014615082
0.0029468531
0.0035118125
0.0030936041
0.0027768035
0.0022937468
0.0026773965
0.0026610991
0.00412381
0.0037480285
0.00390557
0.0047585642
0.0048626626
0.0052126728
0.0052171544
0.0051330242
0.005543718
-0.0024385961
-0.0044525832
-0.0018101877
-0.00093258105
0.00015401307
0.0015959797
0.0057674561
0.0037692901
0.002834875
-0.00024226116
-0.0024543026
-0.0063126575
-0.0086107737
-0.0082463173
-0.013301196
-0.014077576
-0.01707404
-0.012428767
-0.0074022214
-0.0053884013
-0.0050715651
-0.0048562112
-0.0043115898
-0.0044105909
-0.0041880733
-0.002262946
-0.00076331567
-0.00047519332
-0.0016046562
-0.0036350871
-0.004216724
-0.0046539089
-0.0057587615
-0.008292525
-0.010068678
-0.0088125054
-0.0071682219
-0.0075079005
-0.013702953
-0.017784831
-0.02264153
-0.028198205
-0.0324267
-0.037066617
-0.036541159
-0.030932437
-0.018067941
-0.011619702
-0.016232933
-0.019879882
-0.023785632
-0.027402124
-0.033638279
-0.038025596
-0.039850479
-0.042877595
-0.047585175
-0.053703658
-0.056537147
-0.058316693
-0.060279493
-0.06134881
-0.063501992
-0.065446648
-0.062950547
-0.063483817
-0.06494715
-0.06505741
-0.062678801
-0.058716894
-0.047717252
-0.039291189
-0.030240008
-0.031195029
-0.029610183
-0.02829859
-0.025047587
-0.020272724
-0.014564962
-0.010955586
-0.011727217
-0.0055317045
-0.00012296482
0.008181459
0.016437484
0.017670441
0.014903192
0.014794752
0.017198035
0.03145963
0.036554853
0.039324591
0.039740375
0.039761949
0.050273143
0.054733732
0.053958223
0.052255021
0.053473604
0.048740972
0.044497626
0.037178939
0.031986024
0.026363458
0.023265275
0.014040443
0.01006808
0.0054400674
0.0029393631
0.0023987109
0.0012395799
0.00034340912
-0.0010470668
-0.0034251066
-0.0039844818
-0.0050670265
-0.0039000237
-0.0029833515
-0.0027428354
-0.0009220649
-0.00035141201
7.3112972e-05
-0.0022987347
-0.0025101374
-0.0014449059
-0.0012369024
1.3330958e-05
0.0022234061
0.0041572528
0.0053070637
0.005823018
0.0051219775
0.0042824104
0.0040504324
0.0040497474
0.0034206763
0.0038981261
0.0047102692
0.0043122712
0.0070150929
0.0086810552
0.0085247295
0.0074135954
0.0038918
-0.0057789157
-0.0039516016
-0.0029837182
7.3891581e-06
0.0011961077
0.0039212072
0.0040267921
0.005676002
0.0045998887
0.00036192074
-0.0056483332
-0.010203056
-0.010595491
-0.009398748
-0.014116976
-0.013962079
-0.015632526
-0.011738912
-0.0099645816
-0.0085121268
-0.0052235133
-0.0047352098
-0.0044497225
-0.0055304276
-0.0054607109
-0.0045421837
-0.0029493029
-0.0031599386
-0.0015041412
-0.0038543542
-0.0049304664
-0.0043835497
-0.0068846881
-0.010707886
-0.011396355
-0.0095596386
-0.0064581291
-0.010199842
-0.011969878
-0.015014162
-0.016975121
-0.022074841
-0.027028431
-0.029888743
-0.037076454
-0.033952594
-0.019482388
-0.013462187
-0.014539343
-0.017278811
-0.018029755
-0.021640458
-0.024771707
-0.029080836
-0.032626398
-0.039025301
-0.044163444
-0.048542129
-0.052828814
-0.05882622
-0.061505667
-0.066479721
-0.067163977
-0.069883953
-0.070272346
-0.066953828
-0.06495069
-0.062435032
-0.057840152
-0.050733318
-0.038082179
-0.033529109
-0.030256407
-0.028812628
-0.028748759
-0.031040162
-0.031159675
-0.023579615
-0.023346998
-0.014494746
-0.01407096
-0.013049529
-0.0083018402
-0.00062770424
0.0031680786
0.0021440952
0.0068158759
0.016755878
0.022879946
0.029469665
0.035738866
0.039477123
0.039271785
0.045471875
0.047456905
0.049860582
0.047414409
0.047967889
0.043054812
0.03999024
0.035234713
0.029486746
0.02583266
0.020491731
0.014479961
0.01212524
0.010288127
0.0055014816
0.0052253296
0.0039799364
0.0041765034
0.0033649618
0.0021263792
-0.001294654
-0.0021894739
-0.0029471108
-0.0016741785
-0.0010382866
-0.0004564373
-0.0010143358
0.00049426105
0.00073998488
0.00053585185
0.0013475284
0.0014448887
0.0022919016
0.0027991391
0.0027125249
0.0015514664
0.00054976754
0.0010191734
0.0020510766
0.0027756489
0.0032538486
0.0046536682
0.0050084533
0.0044819417
0.0057055
0.0057469364
0.0038529858
0.0051139128
0.0069316624
0.0070949203
-0.0010984418
-0.00624487
-0.0016040795
0.0020651161
0.0022301539
0.00373563
0.0058759613
0.006432392
0.0050685347
0.0060194504
0.001024276
-0.0041430804
-0.006548228
-0.0091697251
-0.0084695872
-0.014238475
-0.014466685
-0.01022164
-0.0043478969
-0.0022505516
-0.0014983304
-0.002054729
-0.001429334
-0.002090026
-0.0018884444
-0.0032015169
-0.0033561577
-0.0017606225
-0.0022744979
-0.0024454453
-0.0047648538
-0.0056232867
-0.0092115227
-0.011197621
-0.012977906
-0.014139047
-0.0090188469
-0.0084843849
-0.010198242
-0.012720613
-0.012128294
-0.013953271
-0.01730924
-0.024259343
-0.028682725
-0.032078327
-0.034230764
-0.023224297
-0.017870008
-0.018150359
-0.020270224
-0.020161654
-0.021080296
-0.024117372
-0.02780555
-0.033511599
-0.040277508
-0.046453686
-0.05085254
-0.056163132
-0.061606553
-0.066655798
-0.06952368
-0.071071884
-0.070942418
-0.070908106
-0.069639101
-0.068677681
-0.063681873
-0.055724297
-0.046153055
-0.038890417
-0.037183059
-0.037067304
-0.031770439
-0.033396267
-0.031733018
-0.035529243
-0.02600006
-0.02350109
-0.023471339
-0.022103282
-0.020250792
-0.013745812
-0.011628138
-0.0049458398
0.00062931916
0.0097848428
0.016031195
0.019622762
0.025600902
0.030417982
0.032565228
0.034375628
0.036227513
0.040062238
0.040497943
0.039818372
0.037759002
0.034773079
0.031705116
0.029047068
0.025200503
0.020805416
0.018143802
0.016764142
0.01396676
0.013565657
0.010223028
0.010764499
0.0095931188
0.0087197945
0.0065663081
0.0051870857
0.0022001273
0.0013227441
0.0008319398
0.001011145
0.0012829424
0.0021260959
0.003619923
0.0038792476
0.0048450682
0.0056630429
0.0052534948
0.004771731
0.0053086282
0.006461728
0.005339256
0.0038684369
0.0034729901
0.0024674554
0.0024326564
0.0035107119
0.0033939968
0.0030801582
0.002734072
0.0028236779
0.0038226989
0.0036816099
0.0011638803
0.0018037911
0.0037030268
0.0056046991
-0.00024999303
-0.0044231238
-0.0021796923
0.0012272711
0.0042788275
0.0041012194
0.0063704855
0.0051399455
0.0020095055
0.0045709468
-0.00018070034
-0.0037339153
-0.0037629474
-0.0032972497
-0.0026881202
-0.0012956825
0.00030149915
0.003093565
0.0046211391
0.0040466166
0.0028325405
0.0016114142
0.0015127503
5.3636066e-05
-0.0022561092
-0.0037481889
-0.0031894515
-0.0026463376
-0.0027096268
-0.0044996207
-0.0067282768
-0.0085545352
-0.013124612
-0.015243729
-0.015777334
-0.018776882
-0.013093356
-0.012313329
-0.013392771
-0.012416223
-0.014781294
-0.014627959
-0.018961059
-0.023799743
-0.030750955
-0.034667229
-0.034424816
-0.025185484
-0.020707909
-0.020544076
-0.022045274
-0.020345312
-0.021939266
-0.026149314
-0.031985058
-0.038260477
-0.045116815
-0.051610855
-0.054790437
-0.060882308
-0.064344277
-0.066252306
-0.069450556
-0.071496192
-0.071467403
-0.074102468
-0.071005836
-0.069376573
-0.063885826
-0.054127103
-0.041478433
-0.03913073
-0.042281677
-0.035285267
-0.035324879
-0.034408869
-0.03338015
-0.035171952
-0.026008143
-0.027036439
-0.029877743
-0.029871594
-0.027155341
-0.021616188
-0.014037553
-0.0079299021
-0.0040851295
0.001351414
0.004802106
0.0085232982
0.013192973
0.020336678
0.021740694
0.024237724
0.025670399
0.029203201
0.031560172
0.029775969
0.026126613
0.028452236
0.026026782
0.022614249
0.022288448
0.021180706
0.021964328
0.019496451
0.017661369
0.015176343
0.015727183
0.01523578
0.014933493
0.012494583
0.0086138869
0.005821049
0.0049175863
0.0046978297
0.0048179587
0.0046855677
0.0039603929
0.0048604774
0.0042951947
0.0048431884
0.0060446456
0.0058399453
0.0065548139
0.0078200983
0.0083640888
0.0076947713
0.0069291911
0.0072558282
0.0075111365
0.0068221287
0.0052266
0.0044769622
0.0052424977
0.005440328
0.0060686261
0.0080824798
0.0064807374
0.0052404754
0.0040081704
0.0028782335
0.0039710838
0.0050338931
0.0032796737
0.00072406625
0.00036113874
0.0028292176
0.0051299414
0.0099458571
0.01064373
0.0062238997
0.0061784757
0.0049241159
0.0034886276
0.00043563246
0.0035624994
0.0066907078
0.0059454537
0.007366366
0.0090685306
0.010842201
0.012985645
0.012792345
0.01003446
0.012109356
0.011876784
0.011273644
0.0077527114
0.0034436724
0.0026090952
0.0010799102
0.00067734053
-0.0019165291
-0.0068520695
-0.010938542
-0.0095509861
-0.01323522
-0.014888748
-0.018371127
-0.013829059
-0.012654016
-0.013444283
-0.014534341
-0.015511937
-0.015617554
-0.022613331
-0.024097533
-0.031909938
-0.036173055
-0.034012291
-0.026797675
-0.022760644
-0.023679585
-0.02466075
-0.022559255
-0.022502925
-0.028114132
-0.033088948
-0.037836588
-0.043821874
-0.051339541
-0.055336947
-0.058964099
-0.062661782
-0.063862101
-0.068029154
-0.06664686
-0.066233006
-0.066880942
-0.069610741
-0.066006518
-0.06034318
-0.047355593
-0.040742803
-0.038453009
-0.033786104
-0.029781008
-0.031953606
-0.030200251
-0.027197084
-0.024818099
-0.019964411
-0.022489476
-0.024546733
-0.021143508
-0.0181146
-0.015648019
-0.011264553
-0.0073698269
-0.0039168908
-0.00050963168
0.00062904809
0.0018680741
0.0045924482
0.0081866953
0.0096571782
0.011342802
0.01608997
0.020994189
0.022528002
0.019730342
0.019348755
0.019450348
0.017652965
0.018427412
0.015801902
0.014296981
0.016453267
0.014680161
0.011416575
0.012056532
0.01198554
0.010224756
0.010450604
0.0087027521
0.006555959
0.0042139707
0.0045275544
0.0025474001
0.0033273149
0.0054355207
0.0062379653
0.007750864
0.0076970995
0.0064598825
0.0081105897
0.0081100489
0.009804257
0.0085424961
0.010738282
0.011975809
0.0089134524
0.0095005067
0.010850959
0.0082774383
0.0093625536
0.0086291534
0.0061662123
0.0056170559
0.0070529871
0.0099537518
0.010352323
0.0099559605
0.0099572123
0.010190217
0.0084134518
0.0080214727
0.0050412534
0.0090377162
0.01219381
0.0081973142
0.011619117
0.011078656
0.012914051
0.011033966
0.0084247982
0.0071486448
0.0074719588
0.0062338481
0.0070894555
0.007604754
0.0093461668
0.01099797
0.011454694
0.012591426
0.011511809
0.013077356
0.014487948
0.014294919
0.014836389
0.013697029
0.012584028
0.01002236
0.0069597193
0.0030803593
-0.00031175873
0.00046673567
-0.0025406631
-0.0071071864
-0.0035166138
-0.0077632288
-0.010349448
-0.010589191
-0.0091235293
-0.0094212109
-0.012666186
-0.015770157
-0.014448206
-0.015205542
-0.0194651
-0.020528165
-0.022356483
-0.024092851
-0.025290725
-0.021208901
-0.021827326
-0.023461941
-0.025119057
-0.02488085
-0.024976623
-0.025897229
-0.027207921
-0.031806833
-0.038355634
-0.044074044
-0.047798117
-0.051145282
-0.054821984
-0.056052197
-0.058925475
-0.055085612
-0.053595608
-0.059426144
-0.058338073
-0.055423743
-0.048640878
-0.036712759
-0.030619525
-0.02552887
-0.019663553
-0.015935725
-0.011861377
-0.011195627
-0.0088732221
-0.0073531916
-0.0062413148
-0.0064464595
-0.0072515219
-0.0060128765
-0.0046971622
-0.0039895702
-0.0016391695
-0.00035022203
0.0027268767
0.0060656314
0.0083449146
0.0097841941
0.011436051
0.013345149
0.01368749
0.014219578
0.015986559
0.015247611
0.016973033
0.015264872
0.014115156
0.014196585
0.011071672
0.0096886964
0.0083275693
0.0069844693
0.0072061744
0.0044120249
0.0029426171
0.0023318759
0.0036237702
0.0022158831
0.0030940075
0.0042626409
0.0037278591
0.0028812796
0.0026507657
0.0066966394
0.0057611901
0.0052491805
0.0054688995
0.0092813274
0.010940772
0.013998882
0.013740409
0.012660875
0.0117133
0.011835259
0.011325184
0.012014796
0.011161588
0.012905614
0.015007866
0.013061637
0.011946149
0.012351167
0.013663976
0.0099173923
0.0097531744
0.011545214
0.012118123
0.011503771
0.012998761
0.010281813
0.0078046224
0.0065909301
0.0036434594
0.0060715203
0.013575516
0.015562813
0.01363357
0.014688967
0.013537111
0.011211692
0.010322467
0.01125673
0.0098931397
0.0073842225
0.0075793352
0.0084900986
0.010251398
0.011052838
0.011754751
0.012144405
0.012133122
0.013849979
0.014593726
0.014286892
0.014229436
0.012964169
0.011508792
0.0078599681
0.0040307951
0.0016057085
0.00036431681
0.00079382633
-2.7349536e-05
-0.0019881094
0.00070899136
0.00022390896
0.00012293137
-0.0016697588
-0.0031877958
-0.0053293053
-0.00651441
-0.011748919
-0.014742097
-0.014944532
-0.013707911
-0.013890109
-0.015915531
-0.016090234
-0.016329616
-0.011277516
-0.013777119
-0.019805766
-0.022461747
-0.024678089
-0.023179664
-0.025245424
-0.024257888
-0.028053795
-0.031556129
-0.037363138
-0.039814801
-0.044236316
-0.046537766
-0.047213463
-0.044211157
-0.042430607
-0.042642719
-0.044691657
-0.042809652
-0.037317217
-0.029786585
-0.020524064
-0.010324958
-0.0026110902
-0.0024011985
0.00076078836
0.0020790419
0.0026332363
0.0054296533
0.01044179
0.011096814
0.0112047
0.0083744004
0.010501998
0.006977808
0.008283815
0.010803433
0.010538122
0.012426402
0.012061931
0.015444128
0.016145806
0.017479339
0.019933354
0.018738016
0.017258071
0.019587674
0.015805712
0.014703641
0.012942895
0.010981796
0.0089816172
0.0051088088
0.0042080893
0.0035718024
0.0017770052
-0.00084583335
-0.00012211346
-0.00020396372
0.00019983964
0.00025277487
0.0011947513
0.0030430908
0.0034538027
0.0037111409
0.0055615378
0.0063671316
0.0071323967
0.0083915797
0.0090509337
0.011054531
0.013092277
0.015840422
0.018601895
0.019165846
0.018391523
0.017125529
0.01546321
0.013554442
0.014072578
0.014768712
0.018143972
0.021361918
0.021707752
0.020454142
0.019518866
0.018282
0.012513821
0.010219153
0.0095928424
0.0085152158
0.0066640862
0.0071690808
0.0079910089
0.0034006897
0.0062491364
0.0099937669
0.010709609
0.011863009
0.012934173
0.012901833
0.012172849
0.012541045
0.010480308
0.011066178
0.010916234
0.011245553
0.010182113
0.010128374
0.010274297
0.011490898
0.011848693
0.012639442
0.013611686
0.015188592
0.0165454
0.017550008
0.018087326
0.017812325
0.01696499
0.014606346
0.01156169
0.0073864873
0.0068599012
0.0041334704
0.0047691295
0.0026292001
0.0033057109
0.0060493705
0.0045495641
0.0020668179
0.0014087929
0.0012613593
-0.0015561886
-0.0019190872
-0.0041855529
-0.0074310572
-0.010434861
-0.012572735
-0.010779408
-0.009842316
-0.010076861
-0.012407522
-0.0051769132
-0.0062866743
-0.014719592
-0.015261235
-0.016154055
-0.017092234
-0.018171357
-0.019614662
-0.022209161
-0.023738833
-0.027512728
-0.030867101
-0.031900009
-0.033926541
-0.033070893
-0.026905325
-0.027888056
-0.02994428
-0.03007937
-0.027067774
-0.020336783
-0.014145086
-0.0064708816
0.0038986614
0.012434975
0.0085664883
0.0079047482
0.0097150852
0.0093401337
0.014545928
0.018555183
0.019972877
0.020510596
0.020119319
0.018520708
0.017081649
0.016837889
0.017450232
0.016342442
0.014927814
0.015025257
0.016797713
0.016327553
0.015242623
0.015397744
0.014918251
0.013000326
0.014473888
0.011796061
0.011239746
0.0080498151
0.0047458404
0.00094527886
-0.00067159092
-0.0036211609
-0.0042229604
-0.0051276714
-0.0058229938
-0.0071801734
-0.0059763455
-0.0029320509
-0.0018710124
-0.0016877878
0.00028774359
-0.0003815512
-0.0008910928
0.00098069184
0.0043272207
0.0064401351
0.0078879616
0.010127682
0.013784913
0.015792928
0.017954757
0.020066854
0.020686046
0.020792012
0.02040631
0.019098476
0.018059155
0.019392312
0.01960808
0.023075131
0.024755771
0.02405714
0.02233444
0.022205587
0.018581631
0.014084641
0.012328924
0.010906319
0.0099083947
0.0078231617
0.0084644555
0.0049443517
0.0024960723
0.0057936729
0.0071988114
0.008744542
0.0089130802
0.0088563969
0.0088518278
0.009572316
0.0076164255
0.007777465
0.0084111329
0.0087946029
0.0094936921
0.011601347
0.011204147
0.011043755
0.011380829
0.01256369
0.014143916
0.015494514
0.016376688
0.017699825
0.019073209
0.021385781
0.022384311
0.021946324
0.020664837
0.019274472
0.01643827
0.014543847
0.01193013
0.011914566
0.0089558262
0.0074156746
0.009597847
0.0067799507
0.0038380541
0.0036704831
0.0019544799
0.0013327464
0.0018337478
0.0018993377
-0.0010974908
-0.0024805432
-0.0043435382
-0.0041666507
-0.0030504591
-0.0026133609
-0.0033545773
-0.00045121123
-0.00069244125
-0.002886766
-0.0077975424
-0.010696248
-0.011138552
-0.012902218
-0.014097783
-0.01596374
-0.015471039
-0.017894189
-0.020223032
-0.02165948
-0.021179737
-0.019320869
-0.017282084
-0.021269536
-0.018966965
-0.017139862
-0.013999715
-0.010234307
-0.0047204115
-0.0011012421
0.0068595244
0.01297239
0.012004714
0.010068386
0.012516678
0.014834295
0.015471244
0.018201748
0.019743823
0.021702655
0.021876821
0.019744749
0.020424557
0.019366492
0.016684645
0.01533425
0.013713635
0.013390773
0.013674189
0.011550278
0.010757218
0.010846048
0.0094720816
0.0083448442
0.0071327567
0.0055104517
0.0040881328
0.0011957171
-0.0025254138
-0.0062082839
-0.0082762306
-0.010456375
-0.011855634
-0.012176792
-0.012671399
-0.011841487
-0.010683846
-0.0087485129
-0.0076915672
-0.0064491911
-0.0051822245
-0.0047214147
-0.0053613459
-0.0056279884
-0.003359829
-0.00083551104
0.0023380484
0.0078569028
0.011282606
0.013881694
0.016663605
0.018815262
0.020907747
0.022918476
0.0215169
0.018537644
0.018205948
0.019351777
0.020043564
0.020671571
0.021492994
0.020100892
0.020284711
0.018210047
0.016340084
0.011927708
0.010488539
0.007230812
0.006150459
0.0063130916
0.0063750093
0.0077838637
0.0068546307
0.0075274664
0.0074473436
0.0066707363
0.0054106774
0.006456073
0.0057466618
0.0071143641
0.0082817713
0.0073776331
0.0073420247
0.0096302979
0.0097348571
0.0099402132
0.010121494
0.010633078
0.010227373
0.011249922
0.01173817
0.012687804
0.014175633
0.017351916
0.01913559
0.020948631
0.022875582
0.024718289
0.02549843
0.025726498
0.02497496
0.021993013
0.019658731
0.018429921
0.015497294
0.012477318
0.015631438
0.011552002
0.010199163
0.0075688512
0.0053214693
0.0060838878
0.0064841734
0.0051438053
0.0053673173
0.0040171755
0.0034804691
0.0034844519
0.0031941652
0.0040095908
0.00255105
0.0037854347
0.0061478408
0.0060594876
0.0025369763
-0.0018424821
-0.0053878375
-0.0062490284
-0.0074298166
-0.0075759601
-0.0082934893
-0.0092943889
-0.010025775
-0.010412686
-0.0099898408
-0.0066770356
-0.0077938491
-0.012705244
-0.015465798
-0.012473657
-0.0083887421
-0.0059346993
-0.00063993931
0.0011512438
0.0058160224
0.0085581134
0.0081346352
0.0076421245
0.010389419
0.01148818
0.0093341152
0.010334328
0.013443377
0.015657854
0.016931588
0.017189829
0.014718017
0.016326023
0.014682008
0.012123606
0.011270739
0.010086129
0.010404197
0.0094194638
0.0069264924
0.0056332276
0.0042376493
0.003171811
0.0023225147
0.0016946582
0.00063491412
-0.0011789984
-0.0039923193
-0.0084621409
-0.010619442
-0.012567901
-0.013855547
-0.013280221
-0.014543929
-0.014281558
-0.013027557
-0.012010757
-0.010490563
-0.0090896302
-0.0091476621
-0.0077435009
-0.0071941122
-0.0065643458
-0.0071134789
-0.0055436642
-0.002228208
0.00044583431
0.0038182276
0.0080151391
0.011789194
0.013726638
0.016624152
0.018671536
0.018041732
0.016014917
0.015260623
0.014401165
0.015276455
0.01715848
0.018904438
0.017450105
0.016092373
0.014174833
0.012556795
0.010238866
0.0094146912
0.0074342836
0.0065222668
0.0057859454
0.0071333687
0.0099610435
0.0095329093
0.0097300801
0.0093151149
0.0072182027
0.0065471665
0.0039395572
0.0030347336
0.0047494316
0.0048351181
0.0067428653
0.0068296281
0.0073185392
0.0082977204
0.0083394306
0.0080124362
0.0072498765
0.0078132993
0.0086339439
0.0094745152
0.0099715787
0.011147111
0.013492149
0.015455899
0.01730446
0.019219494
0.021695892
0.02355511
0.025728412
0.027239812
0.027147244
0.024124505
0.021916238
0.02180491
0.019255575
0.020607109
0.019080361
0.017069156
0.014340368
0.012753605
0.011229303
0.01144147
0.0098794853
0.0080306445
0.0090368778
0.0080405214
0.0092441094
0.0097266576
0.0090218174
0.0093017488
0.0093980833
0.014016327
0.012691961
0.0085312788
0.0063198661
0.0023738747
-0.00093650873
-0.0039369105
-0.0035742374
-0.004433011
-0.004645852
-0.0045948493
-0.0043075009
-0.0025629734
-0.00049665428
-0.0029225641
-0.0071827107
-0.0093066434
-0.009660784
-0.010867987
-0.0084475756
-0.005499993
-0.00066441336
0.002420832
0.0023266892
0.0009122691
0.0018264599
0.0019913564
0.0017370249
0.00096701467
-0.00038971412
0.0025837571
0.0062900096
0.0096768434
0.010303248
0.0094540946
0.010054609
0.010341899
0.0092598953
0.0074388357
0.0072466481
0.0070668538
0.0065868324
0.0046605241
0.0027330334
0.0014358799
0.001594039
0.0011450767
0.00010030436
-0.00093682794
-0.0019097517
-0.004080992
-0.0068164388
-0.0087995523
-0.0099183011
-0.010441131
-0.01150169
-0.011509428
-0.011852572
-0.011580281
-0.01098526
-0.0089399342
-0.0092117649
-0.0081565577
-0.007640504
-0.0074771614
-0.0056962757
-0.0049520579
-0.0037989228
-0.0032836506
-0.0019885244
0.0012074712
0.0033610408
0.0060154009
0.0091339749
0.011843157
0.013382084
0.014418068
0.014286873
0.012624021
0.011511507
0.010709752
0.01223114
0.01331714
0.012846789
0.01252866
0.012592339
0.010755946
0.010054704
0.010594029
0.0066185912
0.0043423457
0.0049985984
0.0075868589
0.0086591645
0.0070653151
0.0069320865
0.0080678409
0.0075036193
0.0060984221
0.0053386295
0.0051727492
0.0037533534
0.0040421429
0.0047643793
0.0053856599
0.0053939403
0.0064816706
0.0061265259
0.0058576444
0.0052174185
0.0053218101
0.0063345545
0.0072719674
0.0079985002
0.0081336023
0.0084177957
0.010715598
0.012243856
0.014301732
0.016194578
0.017574046
0.020265562
0.024487666
0.025820768
0.02405381
0.023668752
0.02441703
0.023770485
