0.0016682745
0.0014488826
0.0010982797
0.0003475699
-0.00040021099
-0.001893858
-0.0010578619
0.00015373066
0.00049787153
0.00032199625
-0.00026189567
-0.0025409793
-0.0032299704
-0.0027633504
-0.0014654631
-0.00017273683
0.0013129197
0.0014047819
-0.00016237279
0.0012734395
0.0029523182
0.00064053894
-0.00048113235
-0.0013620629
-0.0018344619
-0.0018122757
-0.0023038084
-0.0029468822
-0.0026986615
-0.0031085595
-0.0027428883
-0.002857198
-0.0040435921
-0.0039069576
-0.0043542229
-0.0044337099
-0.0045885473
-0.0059807924
-0.006052978
-0.0059656303
-0.0064507205
-0.0059659686
-0.0052517014
-0.0055423015
-0.0061217787
-0.0063621408
-0.0081771224
-0.0091865159
-0.0087067175
-0.0094232383
-0.0083175695
-0.0087914423
-0.0078775127
-0.0070940051
-0.0067171622
-0.0071303341
-0.0074152115
-0.0073564688
-0.0091046192
-0.0097744341
-0.007253196
-0.0036176611
-0.0039289901
-0.0058739813
-0.0067383093
-0.0070569046
-0.008295062
-0.0078001758
-0.0073708941
-0.006339628
-0.0050292393
-0.0054646563
-0.0028367356
-0.0018832473
-0.0022265192
-0.0023463242
-0.00065627111
0.0012712462
0.0024468806
0.0020824138
0.0033668111
0.0046534561
0.0038439496
0.0029109974
0.0016840371
0.0018440501
0.002077953
0.0037981927
0.0056454455
0.0054470327
0.0060054034
0.0043674395
0.0036982226
0.0038807377
0.003635347
0.0037498182
0.0032834302
0.0031496545
0.0034583519
0.0050361173
0.0041855407
0.0040980042
0.0034629898
0.0029528787
0.003580657
0.0033197836
0.0024931745
0.0021139453
0.002254505
0.0028600901
0.0030227761
0.0031918484
0.0042060325
0.00536088
0.0051481868
0.0062342015
0.010482197
0.011540806
0.01305414
0.014380937
0.014079644
0.014410519
0.013131773
0.012633644
0.0095903934
0.0092867537
0.0083967347
0.0071234289
0.0048757516
0.0028627587
0.0011633352
0.00090928428
0.00093730784
-7.1320663e-05
-0.00054439608
-0.00056029573
-0.0013879592
-0.00011368863
0.0010389149
0.0012707236
0.0011012082
0.001334909
0.0017131222
0.0023403583
0.0018355749
0.00097297411
0.0004066066
-0.00058441825
-0.0013116576
-0.0019321955
-0.0013869342
-0.0005925097
-0.00077603661
-0.0005200382
-0.00089580975
-0.002068297
-0.002449047
-0.002707745
-0.0021506426
-0.00017564113
0.00087847976
0.0012001315
0.00052154009
0.0014807065
0.0020686958
-2.4958349e-05
-0.0015530358
-0.0029718575
-0.0026541927
-0.0036070166
-0.0032761469
-0.0031460609
-0.0035549281
-0.0038530716
-0.0039145346
-0.0046467083
-0.0050846492
-0.0053089691
-0.0047885905
-0.0051281614
-0.0069554358
-0.0074061439
-0.0067408119
-0.0040788414
-0.0036119141
-0.0029000682
-0.0021251821
-0.0013374251
-0.0016093194
-0.0017920052
-0.004294319
-0.0049201885
-0.0048465965
-0.0046875989
-0.0043154422
-0.003700666
-0.0033102012
-0.0025489761
-0.0029209472
-0.0026215741
-0.0019256632
-0.0017843211
-0.0027030162
-0.0023838548
7.0271326e-05
0.0019530758
0.0013144847
-0.0010186106
-0.0029182424
-0.0043494656
-0.0053676513
-0.0058380126
-0.0059417082
-0.0044532727
-0.0034176416
-0.0025094529
-0.0030481522
-0.0055459045
-0.004304306
-0.0025539602
-0.00073908942
-0.0011113986
-0.00066395461
0.00088120321
0.001638845
0.0017171665
0.0012287607
0.00012978262
0.0011225339
0.0013733669
0.0042969785
0.004388845
0.0047856507
0.0063087992
0.0065617572
0.004130521
0.0035648723
0.0023174901
0.0022771834
0.0023865342
0.0023544439
0.0026922158
0.0026920722
0.0027252635
0.0020590866
0.0018507816
0.001334521
0.0016397011
0.0011428061
0.00072810407
0.00093483242
0.0011144967
0.0012104083
0.0019583917
0.0022689045
0.0030449463
0.0039430952
0.0043814786
0.0041508304
0.0065720955
0.010308181
0.013459953
0.014811975
0.015981763
0.01404494
0.013431112
0.011173482
0.009664823
0.008064196
0.0080637843
0.0058872818
0.0047266344
0.0046607851
0.0029275458
0.0019551002
0.0017973883
0.0013294252
0.00048277723
0.00013698164
-0.0013060653
-0.0011363605
-0.00019987533
0.00042439576
0.0003693211
0.0017816826
0.0020563165
0.0021445564
0.0020998982
0.0011427684
-0.00024301914
-0.00023861834
-0.0020403963
-0.0020186259
-0.0030019442
-0.00270504
-0.0019985597
-0.0019962191
-0.0022832668
-0.0029959407
-0.002750308
-0.0024623328
-0.0018274594
-0.0012027643
-0.0016099638
-0.00092059278
-0.00035291488
0.00047479353
-0.00045049977
-0.0015500146
-0.0029844763
-0.0036866983
-0.0036854524
-0.0038260662
-0.0053515163
-0.0069907895
-0.0073093701
-0.0065820462
-0.0076934706
-0.0085819546
-0.009120962
-0.0097051384
-0.010448623
-0.011368936
-0.01231879
-0.0117023
-0.010204288
-0.0072869779
-0.0042869337
-0.00085823995
-0.0010287668
-0.00035865148
0.00032274309
0.0013247144
0.00077761089
-0.000323835
-0.0014503031
-0.0025429952
-0.0017119594
-0.00032883132
4.0501239e-05
0.00034013492
0.00048052579
-0.00094679218
-0.00036852967
0.00088631877
0.0020322006
0.0035513926
0.0054902436
0.0060262867
0.0062131031
0.0056884585
0.0035153238
0.00010671533
-0.0013650999
-0.0014379544
-0.0012620363
-0.0013254113
-0.0030042672
-0.0043426499
-0.0050743064
-0.0050508748
-0.0056843154
-0.0053088958
-0.0048059903
-0.0057367127
-0.0058282589
-0.0065856405
-0.0050785515
-0.0030978263
-0.0018525298
-0.0021799027
-0.0032846366
-0.0012935114
0.0013073835
0.0030180676
0.0045890046
0.0056417585
0.0050859624
0.0046102916
0.003435652
0.0010733446
0.00017830624
-0.00035731614
0.0012260434
0.00071972741
0.00073666525
0.00025623822
-0.0003837508
-0.00031888692
-0.0003846625
-0.00043302293
-0.00073403659
-0.0013541913
-7.7220634e-05
0.00024573941
0.00022827672
0.00039551177
0.00092667287
0.0014405122
0.0021083365
0.0012656467
0.0029871552
0.0021336192
0.006675895
0.011651493
0.011796104
0.011296069
0.0094987208
0.0094765151
0.008994223
0.0055842966
0.0053115735
0.0049019868
0.0019950495
0.0019235676
0.0015390764
0.0027778003
0.0022718921
-0.0010366619
-0.00076016689
-0.00024661219
-0.00061478234
-0.00099867327
-0.00064407727
-0.00084233663
0.0002002575
0.00097005268
0.00096994102
0.0010061724
0.0011219578
0.00091279246
0.0010193648
-0.0011478106
-0.0018062809
-0.0027924292
-0.003688473
-0.0045224648
-0.0047788576
-0.0045382741
-0.0052078191
-0.0056943535
-0.005479563
-0.0053815047
-0.0056870048
-0.0061479536
-0.0048349419
-0.004276802
-0.003080273
-0.0034485188
-0.0034368217
-0.0045014538
-0.0065217079
-0.0072797422
-0.0079642488
-0.0086383703
-0.0097820516
-0.010163807
-0.010281402
-0.011348055
-0.013186777
-0.013593155
-0.016646806
-0.018385627
-0.019868116
-0.020930403
-0.023255186
-0.022907326
-0.023315005
-0.019203448
-0.016728523
-0.012617911
-0.0067477702
-0.0018652285
0.0015745573
0.00023998332
0.00091870795
0.0011469074
0.0022484344
0.00055315177
-0.00043825547
-0.0015090917
7.5315375e-05
-0.00069965776
-7.636536e-05
0.00054697014
0.001201153
0.00057602212
0.0012565108
0.0029421511
0.0066423708
0.0096252471
0.010906394
0.010722292
0.011550497
0.010196862
0.0055999356
0.0018994997
0.0013723951
0.0024881416
0.0001896517
-0.0021882195
-0.0049613071
-0.0056694374
-0.0049303971
-0.0085195371
-0.0086487047
-0.0081425107
-0.0072348879
-0.011178591
-0.01350008
-0.011725275
-0.0088195224
-0.0074367788
-0.006352161
-0.0060382988
-0.0061584142
-0.0021087501
-0.00043458802
0.00089623091
0.00052262068
-5.9178451e-05
-0.00027984868
-0.00010022082
-0.0014574024
-0.0026308612
-0.0030155579
-0.0026254709
-0.0028366683
-0.00341272
-0.0040682728
-0.0042443844
-0.0041807139
-0.0036945669
-0.0032207742
-0.0031764537
-0.0026209321
-0.0025610861
-0.0023578122
-0.0021223227
-0.0019373092
-0.0012835297
-0.0012128932
-0.0010617678
-0.00095615462
0.00069894607
0.00053721275
0.0026214498
0.0032894366
0.0032693931
0.002055116
0.003387388
0.0015963424
0.0015623411
0.0028134851
0.0025950177
0.00087036733
0.00018902186
-0.0013068258
-0.0044636657
-0.0051365404
-0.0036645804
-0.0037704601
-0.0050132836
-0.0037233628
-0.0028846401
-0.0026641182
-0.0034330376
-0.0025480644
-0.001934168
-0.0013759947
-0.00051655094
-0.00037925725
-0.00078833793
-0.0004607224
-0.00068362142
-0.00065672517
-0.0034723562
-0.0044207258
-0.0045818199
-0.005214281
-0.0064285174
-0.007161281
-0.007887649
-0.0086525815
-0.0087577367
-0.010958772
-0.0111186
-0.011019201
-0.011196285
-0.010057113
-0.0070222174
-0.0045404576
-0.0060696972
-0.0083346512
-0.010473494
-0.012282579
-0.013982365
-0.014638249
-0.016887647
-0.019242424
-0.018399339
-0.018480084
-0.020380894
-0.021777175
-0.023996847
-0.026463443
-0.029331572
-0.031606086
-0.032930695
-0.035128659
-0.035088905
-0.034455378
-0.029759968
-0.025427027
-0.021744109
-0.014221732
-0.0076061007
-0.0057820274
-0.0039463276
-0.0043479873
-0.0041022915
-0.003046919
-0.0031476561
-0.0033268432
-0.002410084
-0.0014362348
-0.0015660126
-0.0018703553
-0.0026370226
-0.0033782237
-0.0016600022
-0.00017746818
0.0029030061
0.0075455402
0.010178037
0.012659128
0.010935373
0.011789562
0.0098961348
0.0081340507
0.0076121619
0.0047448647
0.0033600177
0.00156631
-0.00064035344
-0.0036961079
-0.0018968409
-0.0036073567
-0.0079782633
-0.009507136
-0.012128438
-0.013390408
-0.015707933
-0.013976629
-0.011960028
-0.010780137
-0.0093190269
-0.0094558002
-0.009079821
-0.010647267
-0.0084581303
-0.0073235581
-0.0056107185
-0.0045789782
-0.0061107544
-0.0061435484
-0.0060325036
-0.0061913539
-0.0058597478
-0.0059382432
-0.0054707426
-0.0055936806
-0.0058405852
-0.0059257164
-0.0062817425
-0.0058125939
-0.0058887116
-0.0057588453
-0.0053068805
-0.00422585
-0.0046658998
-0.0033658935
-0.0030458878
-0.0030262197
-0.002970767
-0.0025255347
-0.0018874226
-0.00011362326
0.00021925993
-0.00091911513
-0.0037845726
-0.003825316
-0.0014027612
-0.00048460867
-0.0024226447
-0.0038092651
-0.0045987522
-0.0039791163
-0.0041515789
-0.0055276397
-0.0062434129
-0.008772966
-0.010234941
-0.0096555218
-0.0081333592
-0.0087285687
-0.0085404004
-0.0074738157
-0.0064022948
-0.0057699263
-0.0049122406
-0.0042788968
-0.0038750392
-0.0027831252
-0.0019470458
-0.0013274166
-0.0020521543
-0.002412202
-0.0027355215
-0.0027196554
-0.0048525773
-0.0050816995
-0.004953358
-0.0057646543
-0.0070909267
-0.0065991257
-0.0096318483
-0.012454837
-0.014119669
-0.016535744
-0.016618888
-0.016808373
-0.016547549
-0.013665809
-0.010019033
-0.0074762334
-0.0087206925
-0.012571117
-0.015244628
-0.019597794
-0.02147389
-0.022174275
-0.025847758
-0.027358601
-0.027860659
-0.026027498
-0.025760145
-0.02873099
-0.030246195
-0.033773161
-0.035421277
-0.037584909
-0.041919943
-0.043337816
-0.043266179
-0.045311253
-0.046326064
-0.041972951
-0.036103752
-0.028676152
-0.025100787
-0.024029749
-0.021656128
-0.018960081
-0.019142668
-0.016810614
-0.014931311
-0.014094991
-0.012187488
-0.011595932
-0.010391282
-0.011918039
-0.011514068
-0.01081971
-0.0099853392
-0.0072728212
-0.0023837146
-0.0024173839
0.0030904825
0.0029362697
0.0014712367
0.007893446
0.011603659
0.010479158
0.0090070563
0.0066229012
0.0059293987
0.003303939
0.0011825634
0.00037043473
0.00071322781
-0.001303524
-0.0047886099
-0.0049543561
-0.0068199141
-0.011146092
-0.012269043
-0.0099950283
-0.0090246367
-0.0093875082
-0.0083793854
-0.0087558244
-0.0092449822
-0.008562665
-0.0087588874
-0.0079051474
-0.0063496269
-0.0057780759
-0.0062127557
-0.0062899989
-0.0062652721
-0.0057143266
-0.0059376102
-0.0053773128
-0.0048128429
-0.0046605403
-0.0051699214
-0.0059781114
-0.0055586785
-0.005445829
-0.0047762858
-0.004178088
-0.0035618973
-0.0026574472
-0.0024686368
-0.0018844357
-0.0021271224
-0.0014649756
-0.0015710957
-0.00063425402
2.0230566e-05
0.00049544428
-0.0030322838
-0.0057371601
-0.0057622747
-0.0024747596
-0.0038814408
-0.0058226995
-0.0059699197
-0.0070419692
-0.008113911
-0.0090216996
-0.0085719857
-0.010558991
-0.011525344
-0.012650955
-0.013250252
-0.013013773
-0.011684116
-0.011261356
-0.011590534
-0.011103599
-0.010153366
-0.007982179
-0.0061213636
-0.0042404724
-0.0038086461
-0.0028708982
-0.0026325152
-0.0026803506
-0.0029435159
-0.0039904962
-0.0048820596
-0.0044750801
-0.0054575172
-0.0056741556
-0.0060460578
-0.0066547572
-0.0066728536
-0.0073522375
-0.0096571341
-0.015983523
-0.019180823
-0.019766973
-0.021688387
-0.021513927
-0.018392743
-0.015036009
-0.011458961
-0.0066072681
-0.0079763837
-0.013505553
-0.018495337
-0.022198244
-0.024817792
-0.025872519
-0.028578282
-0.028012049
-0.027942392
-0.030270114
-0.033672015
-0.034439748
-0.035752667
-0.039635382
-0.045488661
-0.048593086
-0.053764162
-0.055850872
-0.056577399
-0.058335306
-0.060983102
-0.059009612
-0.055102375
-0.050529414
-0.049003224
-0.041350089
-0.043713497
-0.041936466
-0.038503921
-0.036141507
-0.034102918
-0.027802847
-0.026901447
-0.026489647
-0.024776294
-0.024490269
-0.018322441
-0.013714478
-0.014540065
-0.014088126
-0.010380308
-0.0038909602
0.0066914534
0.0039126965
0.0025172206
-0.00059574737
0.0044223452
0.0059790344
0.010111027
0.0095891495
0.0073929169
0.0083364579
0.0066097786
0.0059517267
0.0046143156
0.0068787459
0.0055995247
0.0035903351
0.001388826
-0.0024134418
-0.0023882003
-0.001604421
-0.00037168698
-0.00086682219
-0.0021969344
-0.0032873936
-0.004056936
-0.004958148
-0.0035879466
-0.0031274582
-0.0025898876
-0.0027956518
-0.0019843748
-0.0022583368
-0.0021054512
-0.002691183
-0.0020276735
-0.001940273
-0.0021587653
-0.0019056673
-0.0014980855
-0.0010642107
-0.0008919297
-0.00088297389
-0.0014483861
-0.0010731937
-0.00089331873
-0.00093482388
-0.00055809742
-0.00070604459
-0.00060901511
-0.00065937686
-0.0004771499
0.0002024917
9.9131955e-05
-0.00053593501
-0.0065734844
-0.0078693605
-0.0056001964
-0.0053885283
-0.0051852535
-0.0068817928
-0.0069581166
-0.010293419
-0.0090370791
-0.011057292
-0.011800552
-0.01329406
-0.01447333
-0.014579576
-0.015163952
-0.016052642
-0.015062776
-0.014501737
-0.015314299
-0.012095385
-0.0074442775
-0.0060187463
-0.0049476691
-0.0036843701
-0.0040138237
-0.0037953427
-0.0034703034
-0.0030997517
-0.0040633666
-0.0040225418
-0.005452891
-0.0056676817
-0.0065992086
-0.0075571154
-0.0086153369
-0.0083182451
-0.0084477407
-0.0091600849
-0.014574178
-0.017016837
-0.019092395
-0.020071707
-0.022581875
-0.021719997
-0.019574267
-0.020329887
-0.014190643
-0.0053016381
-0.0071143253
-0.013471917
-0.017989582
-0.019933741
-0.024014435
-0.026042832
-0.028669679
-0.027381442
-0.030022616
-0.036479677
-0.039320872
-0.039345621
-0.043215518
-0.048840067
-0.055805887
-0.06011603
-0.06374786
-0.065653877
-0.066127092
-0.064148379
-0.066736256
-0.063363219
-0.061738894
-0.060417759
-0.059328659
-0.051192765
-0.05508845
-0.05613529
-0.056781352
-0.051475903
-0.049531977
-0.042079105
-0.032370177
-0.039085129
-0.028301291
-0.028349197
-0.025225013
-0.020482546
-0.021383547
-0.010605459
-0.00074032063
-0.0010261851
0.002566827
0.0072911277
0.012471411
0.0085834818
0.017013658
0.017072599
0.018737512
0.017617874
0.017462851
0.014007478
0.011937237
0.01269575
0.012739135
0.01184278
0.01142647
0.0094813766
0.0086886337
0.0087294799
0.008186788
0.0070867351
0.0069692972
0.0055051317
0.0043012637
0.0016214202
0.0010503523
0.0011863167
0.00026681047
0.0011878427
0.0015954544
0.0015259939
0.00049907767
0.00045839759
0.0015296397
0.0012528837
0.0021059908
0.0021080511
0.0021537653
0.0021672628
0.0025407745
0.0025293691
0.0027949734
0.0020125208
0.0015529538
0.0015119433
0.0013802616
0.002084114
0.0018714092
0.0013884618
0.0022792021
0.0013019038
9.3842339e-05
-0.00036745363
-0.00015552444
-0.0013607929
-0.0085590249
-0.0090158935
-0.0062792939
-0.0043735419
-0.0058402568
-0.0084389938
-0.0097494958
-0.012987548
-0.013600923
-0.013927248
-0.013140016
-0.013850096
-0.015294367
-0.015714587
-0.016059876
-0.01400941
-0.012298571
-0.010892188
-0.0069964315
-0.0043544841
-0.003509053
-0.0023545572
-0.0037867982
-0.0035687861
-0.0027750345
-0.003148057
-0.0040883585
-0.0035881283
-0.0047456137
-0.0047783923
-0.0058207302
-0.0058317114
-0.0094922068
-0.0098085805
-0.010745301
-0.013114808
-0.013861148
-0.016885892
-0.019588382
-0.021937555
-0.019116835
-0.019919295
-0.019025033
-0.021969556
-0.021286998
-0.020901018
-0.018061237
-0.0067231266
-0.0075391723
-0.013696081
-0.018767995
-0.019768328
-0.022497443
-0.029545879
-0.033602703
-0.036203571
-0.038543302
-0.043913585
-0.044042875
-0.045281998
-0.05160169
-0.057828559
-0.063697889
-0.067618922
-0.068437153
-0.069823604
-0.071413739
-0.070757597
-0.066521763
-0.062388479
-0.05744485
-0.057458552
-0.052020413
-0.052923859
-0.053906645
-0.055357012
-0.056695773
-0.055555561
-0.044119466
-0.042310775
-0.040833011
-0.038351011
-0.032717702
-0.031498987
-0.030687
-0.02114442
-0.017603345
-0.0068577259
0.0012862257
0.0042847405
0.011163138
0.016673688
0.018948384
0.023086105
0.024055011
0.027432522
0.027193129
0.025181954
0.022709088
0.020108656
0.019693656
0.020091016
0.019161064
0.018420516
0.018104419
0.016697809
0.013961436
0.012956678
0.013609821
0.014082962
0.012026906
0.0099294874
0.0071072959
0.0057980451
0.0046424945
0.0050163147
0.004177285
0.004822087
0.0036621724
0.0040349327
0.0047240984
0.0050507276
0.0045720152
0.0050298963
0.0047812444
0.0051868799
0.0056723306
0.0061862739
0.0060094833
0.0058115834
0.0042784502
0.0041908195
0.0037176294
0.0035874446
0.0034603191
0.0035419006
0.0030924153
0.0035911263
0.0032073905
0.002456138
-0.00041852021
-0.00096429164
-0.0018124557
-0.0029713925
-0.010059874
-0.010012596
-0.0056855355
-0.0057753266
-0.005679602
-0.0080472823
-0.0096559351
-0.012996744
-0.01285803
-0.011227301
-0.011816834
-0.010571254
-0.013346486
-0.0092298021
-0.0056400157
-0.0040883211
-0.0026916083
-0.0012505535
-0.0018305366
-0.0022909921
-0.0029878847
-0.0019369279
-0.0017703398
-0.0026320611
-0.0043638471
-0.0048178108
-0.0043005441
-0.005643508
-0.0047661434
-0.0054661812
-0.0051301993
-0.0074521803
-0.014578911
-0.016906454
-0.020880845
-0.023701409
-0.022662157
-0.023328476
-0.022747539
-0.022602922
-0.021316482
-0.019984475
-0.021095353
-0.025540628
-0.025419699
-0.022703096
-0.014744077
-0.0089065206
-0.011393008
-0.012357293
-0.016942135
-0.020628924
-0.023318835
-0.031567708
-0.041078412
-0.046855618
-0.049777834
-0.051217225
-0.052805052
-0.05476642
-0.059623416
-0.060412474
-0.064444876
-0.069121419
-0.072263026
-0.073788863
-0.071651557
-0.068257275
-0.061875122
-0.054342276
-0.049003399
-0.051807322
-0.051367276
-0.04875182
-0.045612852
-0.046755156
-0.04631333
-0.047525041
-0.037560859
-0.036042058
-0.031753001
-0.027549477
-0.023802632
-0.026373213
-0.018975935
-0.010929105
-0.0032948489
0.0023935972
0.0082321165
0.014142133
0.01851594
0.024896301
0.029273016
0.030905257
0.029815294
0.031508688
0.030676568
0.02819227
0.024782439
0.023202712
0.021517057
0.022294866
0.021245007
0.023703982
0.023085696
0.022632369
0.021162504
0.022088274
0.022197736
0.019247778
0.019446228
0.015326603
0.0093333555
0.008619379
0.0090925464
0.008510796
0.0080782853
0.0086270486
0.00825923
0.0088592316
0.0083203248
0.0087802548
0.0082015323
0.007389309
0.0096417328
0.0098351389
0.011075352
0.010040071
0.010596434
0.011250804
0.01091248
0.0094439354
0.0087502362
0.0089407306
0.0082002821
0.0079466792
0.0068388749
0.0065334051
0.0059390262
0.0037982185
0.00096024742
-0.00035010677
-0.0030035994
-0.0065023694
-0.012314831
-0.011726726
-0.010084211
-0.008383644
-0.0069894188
-0.0061907684
-0.0091670931
-0.010558878
-0.011494185
-0.0088613905
-0.0077449601
-0.0075060511
-0.0055500913
-0.00030293418
0.0011240686
0.0016667435
0.0014954106
-0.0011043699
-0.0016170975
-0.0015046431
-0.0022333496
-0.001291732
-0.0019929772
-0.0031797685
-0.0049343508
-0.0057872334
-0.0050318315
-0.0049703276
-0.0071745767
-0.0084666822
-0.011030937
-0.011263242
-0.020701019
-0.021482664
-0.025190616
-0.023815295
-0.020630728
-0.02214646
-0.019715147
-0.019583682
-0.020635284
-0.021431843
-0.023602066
-0.025263995
-0.028961112
-0.02604416
-0.016682382
-0.011659968
-0.011416952
-0.013187147
-0.014688145
-0.017544631
-0.023298231
-0.03229177
-0.041331788
-0.05155217
-0.057545488
-0.060537605
-0.060560169
-0.061062995
-0.064898663
-0.064352367
-0.067068309
-0.0644784
-0.06478478
-0.062795998
-0.067118122
-0.06252495
-0.051475697
-0.035967888
-0.037539369
-0.041512199
-0.037906994
-0.032708702
-0.030751656
-0.029716705
-0.025059763
-0.021418008
-0.021271827
-0.017712844
-0.012748179
-0.0098377121
-0.0054114203
-0.0032667116
0.0023043473
0.008494978
0.01463324
0.017902962
0.020984464
0.024602334
0.023315905
0.024994654
0.030915017
0.031701087
0.029900557
0.030336664
0.033549699
0.030238347
0.02669809
0.026400081
0.02564989
0.027846454
0.027769107
0.027456677
0.03004642
0.029724179
0.030639044
0.031211712
0.02983232
0.028814034
0.027846234
0.022277152
0.018717419
0.014942261
0.016152808
0.014836283
0.011638098
0.013859775
0.012435102
0.014189138
0.015297129
0.013058188
0.014142584
0.012880606
0.01377242
0.013831907
0.014820401
0.014557751
0.014167734
0.013367034
0.015242564
0.014152815
0.013050284
0.012134888
0.011724853
0.0098250698
0.010152201
0.0093551852
0.0090188693
0.0063741851
0.0027777927
-0.0002869699
-0.0064099027
-0.0064515217
-0.0068905332
0.0055711879
-0.0029686523
-0.0070452917
-0.0018145968
-0.0064895051
-0.0057170482
-0.0071318346
-0.0050333602
-0.0048425121
-0.0045115084
-0.0032901502
0.001300521
0.0021533949
0.0032253089
0.0025190757
0.001952723
-0.0017817959
-0.0024677396
-0.00045070057
-0.0020102127
-0.0036724313
-0.0044204155
-0.0071729949
-0.0080114706
-0.010560573
-0.011107172
-0.013198259
-0.01543554
-0.014304955
-0.015900516
-0.019053122
-0.015846172
-0.015325002
-0.016849938
-0.016983515
-0.014458028
-0.012830669
-0.011507523
-0.014297083
-0.015657548
-0.016907262
-0.020204131
-0.018643471
-0.022682795
-0.018862796
-0.019755938
-0.015130083
-0.012964362
-0.012985185
-0.015533036
-0.017240742
-0.023026835
-0.02890177
-0.035333953
-0.045898118
-0.056250671
-0.063465411
-0.06587304
-0.067122344
-0.06633416
-0.061560071
-0.058312228
-0.049745397
-0.053051992
-0.055992936
-0.054175773
-0.050610917
-0.039337041
-0.022463681
-0.017487212
-0.02281455
-0.016802611
-0.003212221
0.0067621753
0.0079886535
0.011535378
0.013708987
0.017024237
0.017806255
0.018914462
0.010842048
0.012560432
0.020904339
0.028036337
0.032165573
0.036099631
0.036569848
0.038483411
0.038601161
0.037533185
0.036291875
0.037901378
0.035473525
0.034316373
0.033178276
0.034359686
0.03150808
0.029245268
0.030001731
0.02881227
0.029065595
0.028420857
0.031130673
0.035922075
0.032141737
0.033043695
0.034645827
0.032887259
0.029250412
0.029765744
0.028415517
0.023909631
0.021697229
0.021196233
0.023734938
0.019699111
0.019212509
0.017944893
0.01887437
0.021800257
0.023213823
0.023300387
0.022470846
0.021510186
0.022261742
0.023830217
0.023636852
0.022678585
0.022807529
0.024611821
0.024022554
0.023322167
0.022067557
0.020421645
0.017202911
0.017728831
0.017911919
0.016384947
0.014323103
0.014424132
0.0051497877
-0.0037986178
-0.0049888824
0.0010131933
0.0091648482
0.0019816066
0.00025857545
-0.0011956484
0.00031453511
0.00084542909
0.00051465891
7.3762778e-06
0.0024336721
0.0038192055
0.0035296128
0.0059330676
0.0064141994
0.0070962657
0.0055929734
0.0080195105
0.0043866228
0.0033114024
0.0032322126
0.0017337774
-0.0013407452
-0.0039649158
-0.0046842323
-0.0076974839
-0.0096603023
-0.012059647
-0.011671664
-0.011467694
-0.012548574
-0.013519355
-0.015232691
-0.0085675809
-0.0099056871
-0.0091030369
-0.0074891547
-0.0090033785
-0.0083312656
-0.006935995
-0.011579224
-0.012375019
-0.013515222
-0.015339402
-0.015625113
-0.019587555
-0.022333733
-0.024703433
-0.018596292
-0.018111854
-0.019212744
-0.018052193
-0.019441928
-0.021496357
-0.025653503
-0.030827586
-0.039665603
-0.047112464
-0.056551334
-0.062908534
-0.067516916
-0.065586186
-0.056982898
-0.041068171
-0.038516875
-0.041268821
-0.039914803
-0.032232551
-0.021933507
-0.0071894552
0.0066782208
0.017380931
0.014639782
0.013650725
0.02709188
0.02593775
0.027577455
0.03342501
0.046568942
0.054012652
0.051659361
0.043541857
0.036526978
0.035433271
0.047118039
0.052198996
0.050385007
0.05174023
0.049683072
0.047262994
0.044786137
0.043299733
0.04153901
0.03912701
0.036130908
0.034880639
0.030432602
0.028867155
0.02528768
0.022498475
0.023423514
0.022065639
0.022958793
0.026119815
0.02722039
0.025240027
0.025035856
0.026721361
0.027170842
0.026595652
0.027667209
0.029121034
0.028227161
0.027739209
0.024765062
0.024441327
0.022993659
0.023033623
0.024444179
0.025177757
0.029202839
0.030656877
0.03023036
0.03434593
0.035489959
0.033917906
0.034153503
0.03497076
0.038150522
0.039548984
0.039143517
0.039061499
0.038131878
0.036283658
0.03227735
0.029309513
0.020186712
0.014103
0.010143807
0.0033122953
-0.0025236514
-0.003597955
-0.004573874
-0.008613991
0.0041408601
0.0081653976
0.0043915582
-0.0032065319
-0.0027629408
-0.0016106031
-0.0030513845
0.00029599129
0.00071972331
0.0029458965
0.0045406517
0.0037898414
0.0042689038
0.0065931984
0.0070710218
0.0075540229
0.0078602125
0.0078136832
0.0070799586
0.0051730986
0.0034800786
0.0050360695
0.0040945165
0.0013655957
-0.00056593234
-0.0035848847
-0.006328684
-0.0066848474
-0.0041795259
-0.0042017455
-0.008109737
-0.0098761122
-0.0089982885
-0.0039938831
-0.0042867912
-0.0045658142
-0.0068013194
-0.0082225953
-0.0079523574
-0.0090562271
-0.0081575723
-0.0093367748
-0.01232421
-0.014723199
-0.018582963
-0.020800001
-0.025864754
-0.030213727
-0.023180599
-0.018708394
-0.020915309
-0.018282927
-0.017671342
-0.01902272
-0.021701324
-0.027544504
-0.032706271
-0.037382042
-0.044171811
-0.050003792
-0.052184835
-0.053628475
-0.038306663
-0.016744041
-0.023012104
-0.016196275
-0.0098115937
0.00055131978
0.013648136
0.026647844
0.036738288
0.04747
0.045589423
0.028513837
0.026279895
0.02823573
0.028711416
0.041867167
0.05836382
0.06714763
0.070815349
0.059437444
0.043156148
0.046527987
0.054495426
0.054232635
0.051645413
0.048993257
0.045974141
0.044296164
0.039121701
0.033922697
0.032848364
0.027146992
0.024333233
0.022362022
0.01994451
0.018655106
0.01614806
0.014949769
0.014770782
0.013189188
0.01284521
0.016124712
0.016753926
0.017494893
0.016972959
0.019963727
0.021624494
0.02178535
0.021694624
0.022071206
0.020484728
0.019592519
0.020895249
0.022254178
0.02305369
0.0224571
0.024426981
0.025669197
0.02676141
0.030302438
0.032103853
0.033210771
0.034315213
0.036060291
0.035454423
0.038734155
0.042323197
0.042154788
0.043151121
0.04607434
0.04228734
0.038318908
0.031002999
0.023707619
0.018246719
0.015220066
0.0048237506
3.3132607e-06
-0.0054850051
-0.010879532
-0.014965394
-0.0058773539
0.0010829085
-0.0026380257
-0.0053856276
-0.0098697829
-0.0083389119
-0.0079497623
-0.0058255845
-0.0049778993
-0.0028532328
-0.00034245581
0.001820933
0.0024434215
0.0033555615
0.0029653934
0.0054062005
0.0056583552
0.0061502396
0.0054344844
0.0069885982
0.0048262841
0.0035188819
0.0016469682
0.0015213049
0.00060865563
-0.00029916061
-0.0025496579
-0.0017249941
-0.0033405995
0.00026707366
-0.0018321898
-0.00094998028
-0.0052127391
-0.003423454
-0.00046715601
-0.0014510865
-0.004493859
-0.0041757078
-0.0061668863
-0.0083098572
-0.0078800658
-0.0087198231
-0.010106884
-0.012650838
-0.013718707
-0.015348522
-0.018529342
-0.021164801
-0.022002874
-0.018994917
-0.015809996
-0.019538745
-0.021937462
-0.020658598
-0.019422186
-0.018891078
-0.021926218
-0.024873508
-0.02726987
-0.030946956
-0.034744816
-0.035382494
-0.032524849
-0.017240222
-0.0070769476
-0.008877913
0.0067635677
0.014703304
0.028951828
0.041062946
0.048018636
0.048437437
0.051616164
0.044914607
0.02533499
0.027757251
0.035582245
0.042138468
0.049678353
0.055308097
0.060520851
0.06262125
0.052530765
0.041503262
0.048664179
0.048156703
0.042325903
0.036922363
0.036400843
0.032231963
0.025883661
0.020301792
0.018546218
0.017726621
0.013995847
0.013921784
0.011042467
0.007605477
0.0080023223
0.0049418503
0.0040008999
0.0040445584
0.0038598472
0.0049789645
0.0056490925
0.0057030774
0.0060205132
0.0096027014
0.010242924
0.01383253
0.014415762
0.016727782
0.016116165
0.017555354
0.015145298
0.01576167
0.016964295
0.017316682
0.019135418
0.021549485
0.021730834
0.023348393
0.025120549
0.027236313
0.029628827
0.029507093
0.028259691
0.027162072
0.02921227
0.033437958
0.034836118
0.032937807
0.034089716
0.032493427
0.028691678
0.01992773
0.013907769
0.0054625955
0.0021342456
-0.009335152
-0.015559081
-0.015516548
-0.014277515
-0.0065591911
-0.003958601
-0.0048270684
-0.0095429099
-0.011497043
-0.012924568
-0.0096262511
-0.010152024
-0.0076419702
-0.004427752
-0.0048816786
-0.0029051027
-0.00051228876
-0.0018596142
-0.00034219774
0.0001308324
0.0025223593
0.0038364893
0.0049657299
0.0051543843
0.0048065809
0.0047297604
0.0044891575
0.0024085171
-0.00013528649
-0.00042492291
-0.00031737289
-0.0016926215
-0.0028454988
-0.0033608963
-0.00032786053
0.0018275976
0.0020011327
-0.00054082969
-0.00063207579
0.00097296434
-0.0017736881
-0.00042452766
-0.00059166941
-0.0019689323
-0.0014358982
-0.0028322516
-0.0053512699
-0.0046549829
-0.0076067746
-0.0071290227
-0.0098324531
-0.011741931
-0.012627275
-0.012964248
-0.013016886
-0.012783857
-0.011595985
-0.014303075
-0.016708483
-0.017759834
-0.015046335
-0.014785783
-0.014384876
-0.015343558
-0.015804362
-0.014769015
-0.012906699
-0.0082430547
0.00081823282
0.001955096
0.0029119472
0.011514886
0.024850813
0.038583589
0.044901081
0.049077641
0.043165056
0.035766295
0.027603978
0.017883597
0.024774301
0.032421549
0.035886706
0.040255964
0.044160666
0.046032279
0.04414424
0.037646539
0.032682595
0.033360079
0.02973983
0.026261814
0.01940406
0.015578067
0.0133748
0.011318888
0.007334099
0.004587362
0.005698199
0.0027833775
0.0033335208
0.001663605
-0.00030281595
0.00097690508
-0.0015822692
-0.00096837788
-0.0016997275
-0.0017303275
-0.0018538287
6.2645487e-05
0.0026076739
0.00056239527
0.0023211704
0.0031662205
0.0061849077
0.0071738911
0.0083664095
0.0087720991
0.0098399429
0.011687975
0.01107102
0.011192024
0.012547287
0.013388262
0.013339887
0.013789724
0.015066735
0.018484523
0.019926835
0.021435204
0.023147579
0.022302575
0.021227023
0.022066657
0.021555378
0.021232822
0.01989928
0.01839571
0.015948899
0.012207445
0.0045696171
-0.0035091075
-0.0097520625
-0.0097397432
-0.0083024962
-0.0098561512
-0.011230158
-0.0090258011
0.00048921217
-0.0041755877
-0.0067016182
-0.0083104452
-0.013521919
-0.014505694
-0.016000245
-0.013273929
-0.0091922179
-0.0073798077
-0.0056346142
-0.0035199804
-0.0010189618
-3.5142855e-05
-0.0010456233
-0.0019557833
-0.00099692215
8.0380725e-05
0.0013459402
0.002683194
0.0020990538
0.0021304576
0.0023626511
0.0024692307
0.00094889034
0.0003509585
0.0001146132
0.00062653746
-0.000670517
-0.0018193954
0.0018100233
0.00058305438
0.0010812426
0.0011379039
0.00064629478
0.0019166147
0.002252106
0.0011883007
0.0012031413
0.0019896267
0.0012441478
0.001292842
-0.00058463421
-0.0032216926
-0.0031662885
-0.0049071731
-0.0043030389
-0.0055713261
-0.0075323954
-0.0079745648
-0.0093710857
-0.0061738835
-0.0077027369
-0.008432164
-0.0099356074
-0.012945067
-0.011957102
-0.01145034
-0.0085684358
-0.0085200465
-0.0076486792
-0.0029434294
0.0028468703
0.0089823358
0.011769567
0.0085477798
0.01168728
0.016834955
0.017410123
0.027619038
0.030846317
0.030332633
0.026552681
0.018925873
0.014738514
0.012511005
0.01721232
0.018738802
0.022595303
0.022644388
0.023725309
0.025037994
0.028681668
0.026852305
0.020171127
0.017673953
0.013235088
0.012244132
0.008809199
0.0055859269
0.0035597731
3.2750728e-05
-5.7482563e-05
-0.001758518
-0.0048095387
-0.0043766304
-0.00073605659
-0.00092190433
-0.0008730943
-0.00036627205
-0.0014445196
-0.0027728782
-0.0042373215
-0.0029620133
-0.0019423818
-0.00088065742
-0.0024529061
-0.0023673914
-0.0031915449
-0.0026390682
-0.00028949347
0.0018026584
0.0018929536
0.0025094168
0.0037689838
0.0053747326
0.0058339516
0.0069006308
0.0082073164
0.0075609413
0.0074361058
0.0082043311
0.0083069041
0.01048253
0.012660314
0.013315084
0.014807058
0.015276825
0.014896952
0.013612957
0.012508692
0.011316815
0.010798007
0.0075847326
0.0035625953
0.0013440588
-0.0054435944
-0.0060802285
-0.0010052399
-0.0010045547
0.00074274455
-0.0027119986
-0.0058176249
-0.0033342706
-0.00042676601
-0.0022989526
-0.0055121233
-0.0066069885
-0.009733742
-0.010832273
-0.01037323
-0.0089802051
-0.0083951228
-0.0067176865
-0.0061264771
-0.0048505692
-0.0043593802
-0.0041747133
-0.003874564
-0.0047238315
-0.0051504689
-0.0035004329
-0.001826873
-0.0015805526
-0.0011907457
-0.0011131948
-0.0014041707
-0.00039568635
0.00010699063
0.00084523593
0.00052920268
0.00067797241
4.439141e-07
0.00093289752
0.0031428049
0.00052978594
0.0018833377
0.0018250202
0.00077529295
