0.0012894228
0.0011436468
0.00060083782
-5.5170971e-05
-0.00091008403
-0.0020567857
-0.0017415398
-0.00061641108
-0.00049966112
-0.0008099296
-0.0017508845
-0.0041407711
-0.0044484949
-0.0037052025
-0.0020910093
-0.00057978722
0.0010976896
0.00091482591
-0.00068156427
0.0011653428
0.00225832
-0.00013212918
-0.0010487679
-0.0019758206
-0.0021375009
-0.0019558707
-0.0025350484
-0.0030543242
-0.0029246912
-0.0033341399
-0.0029671998
-0.0031224767
-0.0045214469
-0.0045369155
-0.0049739632
-0.0050071357
-0.0049502207
-0.0060230382
-0.0056223353
-0.0053024954
-0.0053150844
-0.0046523618
-0.0040205133
-0.0041194913
-0.0045137883
-0.0045372909
-0.006194643
-0.0068108605
-0.0062504604
-0.0070785676
-0.0063153633
-0.0072657324
-0.0064348968
-0.0060977427
-0.0056166574
-0.0061167152
-0.0062495312
-0.0068827518
-0.0089173947
-0.009286775
-0.0066713586
-0.0032003618
-0.0036128296
-0.0051942045
-0.0058442977
-0.0066128397
-0.0078991797
-0.007484395
-0.0070632758
-0.0060192437
-0.004618144
-0.0043384028
-0.0015388589
-0.0012442229
-0.0016089947
-0.0017461984
9.1348411e-05
0.0018975707
0.0029416073
0.0028502869
0.0045234841
0.0060430988
0.0052531622
0.0042363137
0.0029585674
0.003812179
0.0039054212
0.0055827276
0.0067584221
0.0063916948
0.0068683519
0.0050590492
0.0046448182
0.0047106132
0.0044868726
0.0042568315
0.0037704081
0.0036273672
0.0043885243
0.0057883572
0.0046081601
0.0043878492
0.0038539905
0.0034608973
0.0041722016
0.0038274207
0.0030160916
0.0028587207
0.0031287355
0.0037912957
0.0040463199
0.0042530782
0.0051894181
0.006174299
0.0059725113
0.0074434706
0.011713811
0.012446096
0.013896998
0.0147991
0.014647732
0.014700204
0.013365599
0.012566798
0.0091977663
0.0087338426
0.007657066
0.0062323716
0.0035406469
0.0017744128
0.0003204548
0.00044843509
0.00054424428
-0.00036916998
-0.00066676997
-0.00071302917
-0.0013886357
-0.00014840154
0.0010351808
0.0012081471
0.00084657892
0.0011890187
0.0015259125
0.0021233884
0.0013606368
0.00051620516
-0.00015022715
-0.0011535053
-0.0016965398
-0.0023205743
-0.0018820215
-0.0012745102
-0.0017876503
-0.0017743053
-0.0025212752
-0.0035072699
-0.0035656495
-0.0035030924
-0.0025390637
-0.00026216802
0.00069300465
0.0009435569
0.00036496101
0.0014370322
0.00161314
-0.0002221909
-0.0016114444
-0.0029205301
-0.0025481093
-0.0034270589
-0.0030127633
-0.0030799657
-0.0036011776
-0.0041330791
-0.0041940606
-0.0051332748
-0.005715926
-0.0057183657
-0.0049238485
-0.0051999145
-0.0065713112
-0.0065210102
-0.0051933031
-0.0022742346
-0.0017351232
-0.0011126878
-0.00030519842
0.00037586916
1.2841145e-05
-0.00035065525
-0.0026482689
-0.0029426898
-0.002666305
-0.0029650827
-0.0028459804
-0.0027193161
-0.0024706714
-0.0017961848
-0.0020667843
-0.0017360978
-0.0013187284
-0.0018229754
-0.003112836
-0.002596013
-4.4259403e-05
0.0017056827
0.00073231431
-0.00161658
-0.0036379271
-0.0051618901
-0.0061447418
-0.0067704427
-0.0066919785
-0.0047681911
-0.0038563488
-0.0025148028
-0.0032160112
-0.0052560078
-0.0038192167
-0.0018474601
0.00019917859
-0.00016190373
0.0004757498
0.0024108364
0.0030905286
0.0034473493
0.0027441415
0.0019194887
0.0033266086
0.0033885452
0.0058410826
0.0054360864
0.0056320809
0.0066641624
0.0065629318
0.0043329143
0.0038835804
0.0025193105
0.0025730621
0.0025788617
0.0026991096
0.0030508551
0.0030783955
0.0029954528
0.0023326687
0.0021168724
0.0017266803
0.0021431998
0.0015727864
0.0010677426
0.0015850431
0.0018540057
0.0021730633
0.002918852
0.0033541902
0.004043748
0.0048898737
0.0051854333
0.0052042214
0.0080545456
0.011679532
0.014755513
0.015694042
0.016090904
0.013913367
0.013306144
0.011008981
0.0091227088
0.0073467749
0.0073288455
0.0050161407
0.0039719195
0.0036942722
0.0017596169
0.0013244497
0.0015250121
0.0010026086
0.00033078074
-0.0001219086
-0.0015420908
-0.0012513649
-0.00027922515
0.00036747815
0.00036954583
0.0018502816
0.0020127101
0.0019882095
0.0018450244
0.00048332088
-0.00090493
-0.00093274394
-0.0025599451
-0.0023072997
-0.0034870023
-0.0030680364
-0.0026060811
-0.0029725661
-0.0034816169
-0.0044138066
-0.0037075847
-0.0033062035
-0.0024012538
-0.0018071276
-0.0019250298
-0.001322676
-0.00056507797
0.00019149091
-0.0010503227
-0.0015910225
-0.0028718768
-0.0035852423
-0.0039079508
-0.0039639449
-0.0050169265
-0.0062869162
-0.0065976969
-0.00653205
-0.008079299
-0.0087860909
-0.0095287653
-0.010214129
-0.010715195
-0.011135915
-0.011238556
-0.010110529
-0.0083264833
-0.0052413248
-0.0023051512
0.00093660418
0.00075522826
0.0013598424
0.0020424662
0.002923334
0.0020897262
0.00075772386
-0.00024472942
-0.0011873849
-0.00044101782
0.0005332265
0.0006283964
0.00062261701
0.0006636245
-0.00036158862
-3.3937517e-05
0.00098411269
0.0015637441
0.0032257638
0.0047629362
0.0053073404
0.0048682819
0.0038075599
0.0013284542
-0.0023026048
-0.0035025429
-0.0040128125
-0.0037477541
-0.0039677302
-0.0052098393
-0.0059987591
-0.0065106311
-0.0061857512
-0.0061855186
-0.0049319691
-0.0042294232
-0.0048859579
-0.0050573789
-0.0053206508
-0.002850176
-0.0011729981
-5.2205328e-05
-0.00055219401
-0.0015139435
0.0007113066
0.0028471033
0.0038714018
0.0049776104
0.0054378598
0.004580846
0.0041541868
0.0029960737
0.00092919266
7.9355155e-05
-0.00018824804
0.0011921575
0.00063705506
0.0005362306
-5.40556e-07
-0.00052766454
-0.00026635682
-0.00021567429
-0.00030818729
-0.0005810648
-0.00098530237
0.0003322743
0.00057739501
0.0006159003
0.00098741968
0.0014602619
0.0021734164
0.0026486111
0.0018665143
0.0036179388
0.0031225619
0.0080202062
0.012609932
0.012399344
0.011038304
0.0093563991
0.0094042322
0.0085297643
0.0050326344
0.0051688128
0.0040153162
0.0010636048
0.0013978912
0.0010908137
0.0022609466
0.0011805149
-0.0014948272
-0.00081135173
-0.00029880041
-0.00076312252
-0.0013043383
-0.0010525374
-0.0010847232
8.5767148e-05
0.00071627484
0.00075261825
0.00075280029
0.00091176978
0.00050387424
0.00060452352
-0.0019747721
-0.0027042963
-0.0037869331
-0.0045925632
-0.0052003036
-0.0055271615
-0.005734597
-0.0063518875
-0.0067699878
-0.0067992968
-0.0072150148
-0.0070780051
-0.0073361713
-0.0059340685
-0.0050266262
-0.0037370937
-0.0043768578
-0.0042573592
-0.0054713099
-0.0069930964
-0.0075036657
-0.0081131728
-0.0088742327
-0.0099272894
-0.0099559287
-0.0098615545
-0.010538879
-0.012754094
-0.013815572
-0.016643373
-0.018177666
-0.019696514
-0.02094805
-0.022791431
-0.021740909
-0.021384608
-0.016596877
-0.01421182
-0.010098964
-0.0040830261
0.00038809936
0.0034195133
0.0021675394
0.0026162456
0.0025376071
0.0032060706
0.001447894
0.00047215005
-0.00057644829
0.00075897273
-0.00010448551
0.0003414188
0.00075807705
0.0012934254
0.00045412758
0.0011268163
0.0027299678
0.0060912705
0.0083918881
0.0089499333
0.0080539509
0.0084303669
0.0062095698
0.0012774906
-0.0022284813
-0.0026021399
-0.0016838996
-0.0040667579
-0.0061461584
-0.0080923134
-0.0077705589
-0.007063087
-0.0099914042
-0.009343746
-0.0083580734
-0.0075330873
-0.011756177
-0.013138243
-0.010624021
-0.0072944252
-0.0062008579
-0.0053122647
-0.0051348833
-0.0051752234
-0.0014908361
-0.00034054052
0.00051998074
-0.00032046701
-0.00063321035
-0.00076476213
-0.00047516535
-0.0019948671
-0.0030714783
-0.0033496936
-0.0031760578
-0.0036572408
-0.0042321622
-0.0047986202
-0.0048482646
-0.0045951789
-0.0038248082
-0.0033608682
-0.0033056974
-0.0025992645
-0.002592195
-0.0023297759
-0.002137222
-0.0018740056
-0.0012010182
-0.0010536804
-0.00094580892
-0.00079736931
0.00081499918
0.00074453954
0.0031643613
0.0035518008
0.0033927567
0.0018796139
0.0032446596
0.0010457501
0.0011098337
0.0020736138
0.0017859508
0.00014870038
-0.00064761454
-0.0025300871
-0.0056675047
-0.0056787849
-0.0041558471
-0.0043480595
-0.005331246
-0.0040416495
-0.0033820958
-0.0033033192
-0.0041611176
-0.0030387278
-0.0023676365
-0.0018687924
-0.0010284048
-0.0010924965
-0.0014230838
-0.0011384622
-0.0013508869
-0.0014848436
-0.004895155
-0.0058676007
-0.0060089301
-0.0067588083
-0.007921788
-0.0086585166
-0.0098043389
-0.010639226
-0.010782292
-0.012742957
-0.012556454
-0.012551392
-0.01263836
-0.011250156
-0.007844659
-0.0060908093
-0.0084257582
-0.010543949
-0.012029876
-0.013333022
-0.014899775
-0.015488555
-0.017576712
-0.019704622
-0.018515234
-0.018501874
-0.019396013
-0.020739402
-0.023287573
-0.025918305
-0.028801255
-0.031025587
-0.032764953
-0.034354757
-0.033118666
-0.031526609
-0.026398905
-0.021852833
-0.01834441
-0.010662767
-0.0048350958
-0.0032718452
-0.0016797462
-0.0022587577
-0.0020405486
-0.0012526757
-0.0016970091
-0.0017921753
-0.0010241953
-0.00023132823
-0.00074657804
-0.001320056
-0.002132235
-0.0030981315
-0.0018747727
-0.00031704274
0.0024334816
0.0066071711
0.0085677877
0.010287188
0.0077226332
0.0078596802
0.0052974205
0.003630097
0.0029805381
0.00030589023
-0.0010412223
-0.0031520348
-0.0050776048
-0.0071786138
-0.0048183646
-0.0068966527
-0.010491746
-0.0112169
-0.01309812
-0.014031149
-0.016118391
-0.014029288
-0.01235931
-0.010815985
-0.0095530026
-0.01000877
-0.010128664
-0.011621228
-0.0092543443
-0.008273267
-0.0063149143
-0.0054968872
-0.006706623
-0.0066557003
-0.0066051454
-0.0066437452
-0.0062613067
-0.0066104483
-0.0061875736
-0.006525954
-0.0068180826
-0.0068617966
-0.007242592
-0.0065707376
-0.0064263023
-0.0062111564
-0.0054976226
-0.0044882099
-0.0047786928
-0.0035328561
-0.0033507248
-0.0032160199
-0.0031439972
-0.002735308
-0.0021857503
-0.00066240888
-0.0006192391
-0.0018509533
-0.0041901329
-0.0037870239
-0.0015474336
-0.0013840915
-0.0037618788
-0.0052387332
-0.0060786814
-0.0055156708
-0.005377307
-0.0066713675
-0.0076695327
-0.01007124
-0.01119571
-0.010478625
-0.008918836
-0.0095192068
-0.0094288764
-0.0081386345
-0.007144994
-0.0066620006
-0.0058568361
-0.0051880694
-0.0044996955
-0.003575529
-0.0027527387
-0.0024492957
-0.0032642523
-0.0036498573
-0.003980225
-0.0041067466
-0.0067155386
-0.0070008523
-0.0070438597
-0.0080525943
-0.0092253157
-0.0093522269
-0.012863515
-0.015512926
-0.01705482
-0.018440635
-0.017715253
-0.018140761
-0.017406617
-0.014454039
-0.011423213
-0.010174559
-0.012345221
-0.015274922
-0.017757073
-0.021550578
-0.022796928
-0.023520817
-0.026932228
-0.027777916
-0.027613831
-0.025292936
-0.024849695
-0.027629756
-0.029130595
-0.032883712
-0.034712037
-0.037282194
-0.041586088
-0.042552085
-0.042318246
-0.043443043
-0.04349933
-0.03818646
-0.032101729
-0.024803678
-0.021590688
-0.020679391
-0.018487037
-0.015652343
-0.015859378
-0.013159261
-0.011617128
-0.010924514
-0.009237761
-0.0089527907
-0.0081173933
-0.0097222925
-0.0094926762
-0.0088899542
-0.0086199148
-0.0060066924
-0.0016610396
-0.0017656903
0.0031320146
0.0019728281
0.00075511653
0.0067115086
0.0090412595
0.0074297755
0.0059448866
0.0041683197
0.0032425429
-6.090706e-05
-0.0018877886
-0.002200367
-0.0016030471
-0.003731104
-0.0067204538
-0.0059941825
-0.0077407151
-0.012067001
-0.012510891
-0.010215879
-0.0091743542
-0.0095831476
-0.0090173812
-0.0098167342
-0.010024536
-0.0091863179
-0.009232887
-0.0082398569
-0.0066990818
-0.0062631975
-0.0066872734
-0.0067018758
-0.0064498896
-0.0059701088
-0.006217387
-0.0058567178
-0.0054430217
-0.0054838014
-0.006086508
-0.0067830505
-0.0062912359
-0.0059728718
-0.0050265074
-0.0044257875
-0.0036376719
-0.0028626001
-0.0027341503
-0.0021373019
-0.002374423
-0.0019017376
-0.0020813892
-0.001388334
-0.0010185353
-0.0011070059
-0.0047865949
-0.0070085381
-0.0064510083
-0.0034716233
-0.0055334173
-0.0076293098
-0.0078858265
-0.0090954002
-0.0099366237
-0.011124173
-0.010188156
-0.012310614
-0.013086516
-0.014277327
-0.014679361
-0.01411589
-0.012889667
-0.012235343
-0.012577667
-0.011883347
-0.011023102
-0.0087301999
-0.0067456315
-0.0050376127
-0.0046439368
-0.0038679779
-0.0038790784
-0.0042618223
-0.0047881536
-0.0058667819
-0.0064693591
-0.0062185232
-0.007599533
-0.0079939065
-0.0085974045
-0.0090885426
-0.0093341934
-0.01054819
-0.013872405
-0.019971788
-0.02199585
-0.021378332
-0.022476456
-0.021876887
-0.018404943
-0.015844176
-0.012890007
-0.0096407296
-0.011805388
-0.016831865
-0.02116562
-0.024689166
-0.026665448
-0.027245619
-0.02917843
-0.02782998
-0.027012726
-0.02978539
-0.033083258
-0.032937923
-0.034657155
-0.039240833
-0.045319256
-0.048234475
-0.053379571
-0.055537079
-0.055945993
-0.057914994
-0.059620291
-0.056835037
-0.0525397
-0.048051007
-0.045992141
-0.037550928
-0.040153039
-0.037340505
-0.03377499
-0.031145046
-0.029009801
-0.022623782
-0.022708423
-0.021814379
-0.020197294
-0.019510404
-0.014041898
-0.01036244
-0.011454109
-0.010833705
-0.0073853071
-0.00056591691
0.0085939461
0.0046514447
0.0026518405
-0.00024809673
0.0046930233
0.0055052162
0.010198015
0.0089479093
0.0074987572
0.0076104557
0.0055407333
0.0052721125
0.0040742877
0.0065040414
0.0051888818
0.003414265
0.0011546531
-0.0022668788
-0.0019141142
-0.00092168028
-2.3263621e-05
-0.001155307
-0.0024656144
-0.0035191019
-0.0042109094
-0.0050379358
-0.0037813646
-0.0032545754
-0.0028885143
-0.0030908737
-0.0022640857
-0.0024669498
-0.0024423526
-0.0031112353
-0.0022302688
-0.0023746134
-0.0026267739
-0.0024481491
-0.0021551313
-0.0019512976
-0.0016682192
-0.0016620957
-0.0020863317
-0.0015533308
-0.0013509309
-0.0014491809
-0.0011126377
-0.0014142717
-0.001445447
-0.0016334599
-0.0016665201
-0.0011701808
-0.0014842208
-0.0027413506
-0.0092438136
-0.0094986569
-0.0068089314
-0.0068318599
-0.0070724943
-0.0089049483
-0.0096161498
-0.013269968
-0.011697002
-0.013993364
-0.014403148
-0.015885858
-0.016310863
-0.016316931
-0.016620408
-0.017216789
-0.016007969
-0.015345758
-0.015706679
-0.011784921
-0.0073995195
-0.0064989272
-0.0053539542
-0.0044113797
-0.004944359
-0.005009524
-0.004972331
-0.0048418903
-0.0060408341
-0.006204665
-0.0076315939
-0.0075096547
-0.0090847855
-0.010177119
-0.011254717
-0.010889378
-0.01079359
-0.01267532
-0.018180056
-0.020062349
-0.021991454
-0.02234401
-0.024111033
-0.02221045
-0.020258961
-0.020463463
-0.014099913
-0.0072973142
-0.010179217
-0.015998126
-0.020123525
-0.022173066
-0.025895682
-0.027518798
-0.029064575
-0.027054956
-0.02956943
-0.035858696
-0.038167998
-0.038330119
-0.042422884
-0.048605083
-0.055448515
-0.059769201
-0.063130599
-0.064052871
-0.063861035
-0.062737286
-0.064618934
-0.060591199
-0.059818953
-0.05933693
-0.057494849
-0.04850528
-0.053007593
-0.052659002
-0.052142656
-0.045431676
-0.044031871
-0.034983895
-0.026943988
-0.032640363
-0.021469202
-0.022778757
-0.019647228
-0.015259833
-0.016366004
-0.0046144131
0.0035382383
0.0027390276
0.0060077081
0.010340244
0.015085417
0.011179607
0.018976739
0.017956338
0.019793943
0.01856285
0.017764614
0.014197814
0.012349593
0.013272555
0.013302065
0.012145876
0.012300497
0.010403324
0.0097929636
0.0095387982
0.0089991431
0.0076449881
0.0072401973
0.0053863652
0.0041037775
0.0014114542
0.0010628398
0.0010867778
0.00046074063
0.0013015217
0.0017850398
0.0015223496
0.00055181007
0.0005335438
0.0015749224
0.0011293107
0.0017896895
0.0015558912
0.0016282912
0.0015146761
0.0017880305
0.0016041793
0.0019683083
0.0011600576
0.0010201228
0.00065232394
0.00060841102
0.0010345116
0.00076478555
0.000211491
0.00079261763
-0.0004302672
-0.0013114311
-0.0019474995
-0.0018755698
-0.0039825005
-0.011416366
-0.010890387
-0.0078801247
-0.0062754585
-0.0079742069
-0.010806634
-0.012643521
-0.015831685
-0.015950185
-0.01628141
-0.015421021
-0.016011805
-0.016814177
-0.017224251
-0.017140481
-0.014250618
-0.01284945
-0.011113218
-0.0071716941
-0.0048842673
-0.0043228328
-0.0034535045
-0.0046501519
-0.0044320175
-0.0039484293
-0.0048086274
-0.0057261995
-0.0055626334
-0.0069981245
-0.0071082197
-0.0081357872
-0.0081304126
-0.011910131
-0.011979231
-0.013594363
-0.01568309
-0.016205626
-0.019942625
-0.022392583
-0.02400642
-0.020972416
-0.0216463
-0.020575574
-0.023088022
-0.021720934
-0.021762574
-0.017690796
-0.0070724459
-0.0098278197
-0.015723432
-0.020191721
-0.021010454
-0.023931025
-0.030574095
-0.033905111
-0.035400824
-0.037058488
-0.042001952
-0.041787559
-0.043246055
-0.049977154
-0.05616366
-0.061923395
-0.065098318
-0.065978814
-0.067019867
-0.068322313
-0.0669074
-0.062420235
-0.058948161
-0.055058585
-0.055375234
-0.04878029
-0.050006002
-0.051016273
-0.051971592
-0.052341511
-0.049485211
-0.037473324
-0.03593779
-0.033699124
-0.031018994
-0.025110743
-0.024966923
-0.023452164
-0.013606282
-0.010820738
0.00021060214
0.0075092924
0.010354127
0.01685516
0.021242903
0.0235835
0.026987871
0.027320282
0.029803727
0.028907732
0.026632641
0.023569316
0.021272778
0.021051773
0.021186946
0.020322559
0.020027807
0.019735518
0.018585711
0.015776383
0.014496831
0.014964433
0.014615817
0.011900169
0.009466767
0.0066077228
0.0056085782
0.0048601186
0.0051722377
0.0046112573
0.0052345242
0.0040733609
0.00449224
0.004991582
0.0050348668
0.0045351716
0.0048687617
0.0046512341
0.0048919122
0.0051442741
0.0053180337
0.0051432186
0.0047579715
0.0033110553
0.0033788462
0.0028364527
0.002708805
0.00253738
0.002495039
0.0016714622
0.0020564712
0.0014723349
0.00068458065
-0.0018997115
-0.0022632158
-0.0035666517
-0.0053907011
-0.012588419
-0.011302702
-0.0071926922
-0.0071425951
-0.0072714958
-0.010103107
-0.011851688
-0.015184603
-0.014249629
-0.012330574
-0.01271115
-0.01159292
-0.014053501
-0.00926063
-0.0060662897
-0.0051689522
-0.0036713409
-0.0023557845
-0.0030902819
-0.0035409074
-0.0042789428
-0.0031185967
-0.0034027696
-0.0041832096
-0.0059394117
-0.0062921434
-0.0063284112
-0.0077940193
-0.0069166817
-0.0077217103
-0.0076356452
-0.010108849
-0.016881137
-0.019115077
-0.023356901
-0.025760274
-0.02455511
-0.02526239
-0.024352078
-0.023937465
-0.022051954
-0.020891363
-0.022353424
-0.026247231
-0.025599238
-0.022013929
-0.013478217
-0.0092636264
-0.012845486
-0.014323377
-0.018675948
-0.021751095
-0.024566235
-0.032449173
-0.041139693
-0.045477644
-0.04719849
-0.047943307
-0.049298875
-0.051164071
-0.055900292
-0.056400291
-0.059957679
-0.064411539
-0.066997042
-0.067546242
-0.065690596
-0.061778106
-0.05553732
-0.048936789
-0.045653921
-0.048426936
-0.046796041
-0.043222262
-0.039574984
-0.041045248
-0.040609137
-0.04018814
-0.029387582
-0.026900011
-0.0223482
-0.018352395
-0.014701488
-0.017940653
-0.0097288471
-0.0019475372
0.0055576086
0.010476213
0.016370971
0.021533041
0.025090321
0.030908564
0.03476219
0.035818851
0.03381029
0.034196208
0.03271613
0.02970553
0.026539017
0.02464434
0.023611904
0.024550636
0.023572784
0.026287301
0.025497595
0.025313177
0.023413317
0.024238424
0.023440135
0.020203327
0.019627783
0.015028888
0.0092414129
0.0089755181
0.009823886
0.0089177518
0.0085703751
0.0090187293
0.0088578239
0.009218428
0.0085595005
0.0088150572
0.008000452
0.0073671416
0.0095111125
0.0091945527
0.010593232
0.0092778376
0.0095263927
0.010008866
0.0094702148
0.0077527147
0.0073076163
0.0077357928
0.0070034937
0.0062469507
0.0048169196
0.0041314389
0.0037164103
0.0015557518
-0.00062642208
-0.0018618154
-0.0043567969
-0.0088728645
-0.014864
-0.012940627
-0.011292004
-0.0091333131
-0.0078800844
-0.0080122481
-0.010839743
-0.011966396
-0.012646056
-0.0090067669
-0.0082227873
-0.0075194165
-0.0051137709
-0.00048501465
0.00016557395
0.00074060728
-0.00016715321
-0.002777712
-0.0035354525
-0.0034678479
-0.004378927
-0.003659077
-0.0042947926
-0.005441596
-0.0071863843
-0.0076240908
-0.0073259412
-0.0078141803
-0.010045153
-0.011429209
-0.013873904
-0.013864114
-0.022448042
-0.023397158
-0.026887029
-0.024081216
-0.021347556
-0.023285584
-0.02074098
-0.020470811
-0.021244615
-0.022579616
-0.023966288
-0.025586093
-0.028806322
-0.023902736
-0.01479012
-0.011431438
-0.012413689
-0.014172752
-0.015787353
-0.018529476
-0.024531823
-0.033243882
-0.041834501
-0.050956584
-0.055538576
-0.057149858
-0.056054236
-0.056562938
-0.059937354
-0.058769026
-0.059686896
-0.056239211
-0.055752423
-0.05355325
-0.057705353
-0.052188919
-0.040819826
-0.027696859
-0.031716158
-0.035946368
-0.031068757
-0.024916903
-0.022348922
-0.020943351
-0.016906956
-0.012817035
-0.012014927
-0.0072466952
-0.0018860772
0.00030642346
0.0050150023
0.0069911615
0.012334769
0.018348639
0.024103996
0.026455522
0.029353859
0.032469316
0.030742654
0.032071113
0.037033193
0.036846832
0.033940413
0.034086388
0.03707208
0.033049581
0.029311382
0.029442911
0.028528599
0.03058187
0.030939539
0.030693859
0.032955888
0.032570302
0.03353292
0.033519548
0.0311135
0.029971163
0.028280895
0.022574305
0.018921205
0.015390942
0.016887239
0.014827878
0.011946704
0.013926574
0.012576298
0.014624845
0.014912999
0.012363047
0.013129526
0.011805627
0.01248662
0.012665344
0.013444837
0.012915251
0.012442771
0.011473391
0.012996686
0.011812608
0.010929783
0.010064045
0.010204555
0.0080648307
0.0083960671
0.0071352731
0.0070814768
0.0036134188
0.00036029051
-0.0024248771
-0.0079071631
-0.0075988051
-0.0073264469
0.004929166
-0.0057046461
-0.0081880458
-0.0034621566
-0.0078939977
-0.0072919216
-0.0085301538
-0.0060562607
-0.0053846211
-0.0046079253
-0.0032229198
0.0015766158
0.0018234048
0.0022077127
0.0010890037
6.7766478e-05
-0.0044148998
-0.0046533668
-0.0030621467
-0.0058057017
-0.0073345671
-0.0076759992
-0.010477504
-0.011057656
-0.013428422
-0.013785729
-0.016238053
-0.018436783
-0.017105057
-0.018931992
-0.021642445
-0.01723447
-0.016553824
-0.018061685
-0.018006818
-0.015879926
-0.013989977
-0.012480662
-0.015341925
-0.016335058
-0.017798659
-0.020837338
-0.019093532
-0.022557821
-0.017680933
-0.019058454
-0.014690961
-0.012961112
-0.013328414
-0.015900497
-0.017315843
-0.023184784
-0.029256403
-0.036459355
-0.046813076
-0.056177774
-0.061794053
-0.062485727
-0.062366754
-0.059828959
-0.053439592
-0.048078525
-0.038839287
-0.043038023
-0.043800184
-0.042172233
-0.038184645
-0.026627635
-0.011076643
-0.0084415778
-0.01376563
-0.0058321012
0.008964669
0.017875492
0.018849824
0.02181087
0.023271998
0.026281246
0.02750812
0.027691261
0.019199185
0.022381628
0.031623081
0.037919887
0.041504147
0.044854786
0.044338901
0.046040342
0.04539988
0.043472838
0.041830297
0.042799762
0.039296088
0.037640046
0.036457383
0.037689286
0.034775777
0.032726924
0.033327491
0.03219966
0.032247667
0.031632381
0.034857516
0.038805353
0.034575018
0.035926589
0.036967664
0.03433145
0.030555566
0.031169827
0.028940565
0.024304
0.022363399
0.02282207
0.024335125
0.019949736
0.019659447
0.018711841
0.019976182
0.023152834
0.023632422
0.023161116
0.022003709
0.021079839
0.021816992
0.023239487
0.022788012
0.021837713
0.021813007
0.023191182
0.022585871
0.022123353
0.020064288
0.01830142
0.015914523
0.016899935
0.016640527
0.014626551
0.01239811
0.011695885
0.0018571689
-0.0059931598
-0.0058747569
0.0015073426
0.0084153921
4.1398634e-05
-0.0014723384
-0.0027216821
-0.00083583231
-0.00031705082
-0.00039735279
-0.00079946295
0.0016521136
0.0029877007
0.0030752512
0.0053507646
0.0058857384
0.0059312885
0.0041528516
0.0064473489
0.0020868816
0.0012565118
0.00052642442
-0.0013891692
-0.0045673052
-0.0071124413
-0.0076750695
-0.0107157
-0.012538272
-0.014316115
-0.014179616
-0.014121767
-0.015338599
-0.016001405
-0.017370698
-0.009697675
-0.010987437
-0.010280048
-0.0090855145
-0.010635619
-0.0093560793
-0.0084728106
-0.012464663
-0.012024903
-0.013518589
-0.015722099
-0.015855018
-0.01932056
-0.022160118
-0.024476815
-0.018463119
-0.017979926
-0.018442337
-0.017434006
-0.017759796
-0.020337895
-0.024489108
-0.030316066
-0.038910095
-0.045995416
-0.054222359
-0.059237477
-0.06178951
-0.057389839
-0.045889179
-0.028944059
-0.026651899
-0.028775456
-0.026320127
-0.017892727
-0.0076512762
0.0067850112
0.019682226
0.028932066
0.024153948
0.024938381
0.038360924
0.036108638
0.038066146
0.044747852
0.056832136
0.062880293
0.058243275
0.049297631
0.042378893
0.043412068
0.056450234
0.059523541
0.057165965
0.057478033
0.055168788
0.052140222
0.049438357
0.047400738
0.044691918
0.042020187
0.038915401
0.037165609
0.032571311
0.031578227
0.027815972
0.025356366
0.026463718
0.025188229
0.025927958
0.028871463
0.029843652
0.027392232
0.027205056
0.028795828
0.028883603
0.028076655
0.02937199
0.030123057
0.02931882
0.028747123
0.026197624
0.025916527
0.024536998
0.024974021
0.026754674
0.027109534
0.031640767
0.032507098
0.03171784
0.036043388
0.036691865
0.035051455
0.034995714
0.035731555
0.038471332
0.038997164
0.037777815
0.036483548
0.035182891
0.032471673
0.027597915
0.024281057
0.015263788
0.010021351
0.0061818546
-0.00057358226
-0.006017314
-0.006536358
-0.00743499
-0.0093497622
0.0049442876
0.0081907548
0.0029350735
-0.0052299114
-0.0040931095
-0.0029775892
-0.0042197403
-0.00038416902
0.00046360395
0.0027763998
0.0038028585
0.0031666127
0.0038973342
0.0064596861
0.0067377673
0.0072012945
0.0071362131
0.007039043
0.0059879084
0.0035201834
0.0017920063
0.0032794567
0.0020245672
-0.00090693818
-0.002978445
-0.0061160939
-0.008715358
-0.0081200201
-0.0058076815
-0.0066107895
-0.011073438
-0.012081807
-0.010965849
-0.006037582
-0.0059143025
-0.0061102284
-0.0088768918
-0.0099963255
-0.0092821814
-0.010182919
-0.0088188568
-0.009830964
-0.012413917
-0.015107644
-0.018846662
-0.021294597
-0.025759629
-0.029053635
-0.021734766
-0.018097585
-0.018805136
-0.015293374
-0.01491385
-0.016666566
-0.019450813
-0.025621483
-0.030233865
-0.034612999
-0.040334885
-0.044738707
-0.045321754
-0.044543247
-0.025240075
-0.0046764897
-0.011617628
-0.0018991515
0.0050318824
0.01547966
0.027315805
0.039497876
0.048524289
0.05722938
0.05146322
0.034084772
0.03258251
0.035291527
0.036668221
0.051303336
0.06691418
0.07421066
0.075720554
0.061421551
0.045258918
0.0512524
0.059645518
0.058612461
0.055120279
0.05194095
0.048915953
0.046559632
0.041215972
0.035822096
0.034523724
0.028532713
0.026234916
0.023593758
0.021265259
0.01984807
0.01802221
0.016856959
0.01691614
0.015135319
0.015004063
0.018234791
0.018626667
0.018961506
0.018528864
0.021342312
0.022641795
0.022560166
0.022414571
0.02221603
0.020887915
0.020584655
0.022010108
0.023566126
0.024269394
0.023737093
0.026077012
0.027245975
0.028427428
0.032263815
0.033470578
0.034608388
0.035249681
0.036947759
0.036245221
0.039857619
0.043049838
0.041786281
0.041965718
0.043184014
0.0373963
0.032172925
0.023613276
0.016229929
0.011167144
0.0081423615
-0.0021075757
-0.0062387021
-0.011107243
-0.015694797
-0.018673479
-0.0067705794
0.00032532739
-0.0042607116
-0.0074054221
-0.012133659
-0.010422949
-0.0091035689
-0.006495263
-0.0047400972
-0.0022995595
0.00024753797
0.0020867048
0.002318645
0.0028094122
0.0024632162
0.0048127305
0.0051488049
0.0053834695
0.0042024742
0.0060429431
0.0037883078
0.0025105883
0.00047175054
-3.7446692e-06
-0.001391039
-0.0021908407
-0.0046415532
-0.0033935157
-0.0042530513
-0.0011699807
-0.003597751
-0.0036713139
-0.0080905306
-0.0055741337
-0.002596058
-0.0038490063
-0.0061903178
-0.0056073159
-0.0076249085
-0.0094442068
-0.0091495651
-0.0097376013
-0.011016649
-0.013360876
-0.014072799
-0.015722668
-0.01911564
-0.021135658
-0.021391889
-0.017836125
-0.014607677
-0.018144869
-0.019348805
-0.017380634
-0.016267977
-0.015851497
-0.018968114
-0.021374052
-0.023384093
-0.026142313
-0.028724342
-0.028006763
-0.023437704
-0.0058972803
0.0038518523
0.0041326393
0.02148164
0.029500324
0.042958313
0.053390906
0.058136692
0.056645776
0.057923837
0.047270842
0.028073654
0.032963904
0.040928052
0.048148327
0.055657525
0.060064734
0.064044371
0.064511071
0.052043198
0.042417993
0.05061838
0.049068972
0.04320624
0.037430028
0.037341032
0.032345312
0.025784775
0.02023874
0.018796613
0.01786897
0.013995703
0.014247892
0.011507663
0.0080287723
0.0084113989
0.005717094
0.005972351
0.005952602
0.005900168
0.0072425799
0.0081900611
0.007839379
0.0082292236
0.01120953
0.01179825
0.015217884
0.015692655
0.017402553
0.016687394
0.018286977
0.016017334
0.017254237
0.018700172
0.019151992
0.020668321
0.022624085
0.022790889
0.024492589
0.026006608
0.028152793
0.029931054
0.028998218
0.027505959
0.026747153
0.02878313
0.032931302
0.03365915
0.031010523
0.030837699
0.02786347
0.022183805
0.01236984
0.0057901544
-0.0020204658
-0.005031393
-0.01666281
-0.021297333
-0.020199719
-0.017453585
-0.0094781784
-0.0059027317
-0.006715722
-0.011582267
-0.013336057
-0.014116075
-0.010615708
-0.011050468
-0.0078478111
-0.0047154693
-0.0048005831
-0.0024495769
-0.00044323947
-0.0018404709
-0.00025721171
0.00051740367
0.0027520392
0.0037601142
0.0046889885
0.0046409663
0.0042591063
0.0040223357
0.0034786296
0.000796576
-0.0017349779
-0.0023953624
-0.0020723713
-0.0035463933
-0.0044362128
-0.0047992943
-0.0013824558
0.00039134547
-1.8518407e-05
-0.0027041062
-0.0029528662
-0.00088954106
-0.003051175
-0.0014792203
-0.0016182395
-0.0029542064
-0.0021968911
-0.0038714732
-0.0059841132
-0.0054870412
-0.0083974221
-0.0077499352
-0.010749766
-0.012426458
-0.013200559
-0.01270848
-0.012512493
-0.012146862
-0.010807622
-0.012911147
-0.014816145
-0.01513175
-0.011957633
-0.011633618
-0.011104151
-0.011945654
-0.011429759
-0.0094253608
-0.0066756176
-0.00095611433
0.008412631
0.0098283135
0.012784799
0.023032916
0.036995707
0.049246738
0.053715106
0.055051948
0.046638827
0.037200079
0.027853934
0.019545725
0.028305847
0.035479497
0.039396386
0.04416092
0.047251667
0.047698322
0.04435916
0.03654222
0.031502421
0.032852788
0.028624445
0.02459705
0.017436914
0.014070814
0.01229841
0.010144022
0.0060484264
0.0035310143
0.0050491685
0.0022943072
0.0027862305
0.0011505143
-0.00052569076
0.00094813191
-0.0012729735
-0.00043322757
-0.00059209803
6.807642e-05
0.00016381211
0.0027214329
0.0048792441
0.0023201356
0.0038100133
0.0043510448
0.0075453849
0.008557999
0.0096794147
0.0099938865
0.011016972
0.012635318
0.01208682
0.012647829
0.014223232
0.014821599
0.014566771
0.015141976
0.016495808
0.019790503
0.020553533
0.021454918
0.022466742
0.020902842
0.019620169
0.020535761
0.019397462
0.018418244
0.016647563
0.014591752
0.011319603
0.0062466099
-0.0026002302
-0.010485464
-0.01589065
-0.014566422
-0.012682575
-0.013265236
-0.01444043
-0.010796202
-0.0011260902
-0.0068191205
-0.0089714064
-0.010717102
-0.015625481
-0.016087636
-0.016891319
-0.013887555
-0.0097805492
-0.0077488228
-0.0056174274
-0.0028625255
-0.0002920654
0.00039432961
-0.00073785457
-0.0014841864
-0.00035846007
0.00070424168
0.0017582267
0.0027056588
0.0018691772
0.0016280833
0.0010855718
0.00097795965
-0.00065739271
-0.0012059654
-0.0014453136
-0.00066057559
-0.0020602838
-0.0029613084
0.00061637324
-0.00052193127
5.6770705e-05
-0.00061531445
-0.0010988044
0.00022810102
0.00023685161
-0.0004396228
9.5122865e-05
0.00097517618
0.00012020462
7.5797327e-05
-0.0018432692
-0.0039279829
-0.0039012521
-0.0056767993
-0.0049485561
-0.0064198126
-0.0081391876
-0.0084757417
-0.009363199
-0.0063383886
-0.0084536487
-0.0083180741
-0.0096893295
-0.011902593
-0.0099203305
-0.0089173889
-0.0058499398
-0.0056824177
-0.0041328924
0.0014897569
0.0079288903
0.014250321
0.016297321
0.01376167
0.01897112
0.024047375
0.024171219
0.034819141
0.035861064
0.033660612
0.027424233
0.018863036
0.014835924
0.01362787
0.018597616
0.020434071
0.024649587
0.024948514
0.026415251
0.027335489
0.029666308
0.025934139
0.018597101
0.016043599
0.011382442
0.010386217
0.0063919748
0.0032574572
0.0015637902
-0.0013989693
-0.0015451142
-0.0035574676
-0.005812669
-0.0045867348
-0.00083622628
-0.0015157746
-0.0013299177
-0.00070739809
-0.001485194
-0.0030580185
-0.0040103264
-0.0019204616
-0.00054323733
0.00061839684
-0.00074728902
-0.00080629196
-0.0019002314
-0.0012862918
0.0011942893
0.0030578591
0.0029854818
0.0034118169
0.0046425248
0.006053065
0.0066542466
0.0078599169
0.0091475801
0.0083493595
0.0082148627
0.009008083
0.0093886647
0.011659225
0.013481213
0.013512032
0.014514918
0.014535236
0.013548342
0.011976398
0.010581368
0.0089744267
0.0076356801
0.0038498969
-0.00054156779
-0.0034465828
-0.010567611
-0.010176721
-0.0048476148
-0.0048658019
-0.0024646088
-0.0056336474
-0.0084372671
-0.0053207551
-0.002256435
-0.0046728239
-0.00759729
-0.0092980095
-0.012396348
-0.012869911
-0.012001626
-0.010589199
-0.0097544766
-0.0079695613
-0.0071308012
-0.0054222125
-0.0044739448
-0.0042005566
-0.003586574
-0.004322681
-0.0049890727
-0.0033673771
-0.0015080912
-0.0016487371
-0.0013552995
-0.001519639
-0.0017973437
-0.00099327872
-0.00064604794
0.0001223794
-0.00013086256
0.00016158384
-0.00054659891
1.4934895e-06
0.0019881745
-0.00088588752
0.00081004977
0.00028034635
-0.0010818803
