0.0023244904
0.0019011564
0.0021329421
0.0018559986
0.0021138698
0.0019266376
0.0038806077
0.0033251616
0.0015070614
5.710381e-05
0.00066082633
0.00026000731
-0.0018207174
-0.0030248091
-0.0023659738
-0.0012307596
0.0010765539
0.0021386155
0.003011168
0.0023778829
0.001698349
-0.0014062267
-0.0026782772
-0.0018632629
-0.0035828509
-0.0040718064
-0.0068330258
-0.00811309
-0.0064057828
-0.0067108192
-0.0079266946
-0.0081212725
-0.008921599
-0.0091899838
-0.010385721
-0.0096223437
-0.0093114555
-0.01133129
-0.0120152
-0.011226452
-0.012189928
-0.01428102
-0.014816638
-0.015609784
-0.018502991
-0.0191217
-0.019760295
-0.018420209
-0.01673165
-0.013513013
-0.010242768
-0.0099843684
-0.0073257406
-0.0041305975
-0.0028173967
-0.0020345705
-7.0101295e-05
0.0010441445
-0.00046500401
-0.0024557948
-0.0023396278
-0.0004691935
-0.0015076553
-0.0038698587
-0.0070382505
-0.0068896742
-0.0072331165
-0.0056593762
-0.0041493043
-0.0023229125
-0.00075284461
-0.00027638537
0.0042551073
0.0071424857
0.0084659084
0.0097559296
0.012028075
0.014419797
0.015982625
0.014646419
0.01385723
0.011674204
0.0082879768
0.0056164632
0.0066005309
0.004254083
0.0031240553
0.0036832605
0.005931288
0.0075854083
0.0072142679
0.0062107064
0.004879075
0.0044236157
0.003370538
0.0035775575
0.0040715443
0.0041074635
0.00257859
0.0038579289
0.0039304009
0.0039622393
0.0029685187
0.0031884623
0.0039122661
0.0047375453
0.0045692515
0.0042847569
0.00364622
0.0039791107
0.0040703049
0.0040301619
0.0049988859
0.0069019434
0.006986058
0.0076570607
0.0084921366
0.0074181131
0.012199736
0.01348919
0.012008454
0.01183679
0.012537502
0.013713903
0.0098200598
0.0091637203
0.010773084
0.010505605
0.0097110938
0.0083011313
0.0057030801
0.0022865412
0.0012514162
0.00040373722
-0.00057407157
-0.00052936512
-0.0010736566
0.00024948627
0.00093317144
0.00096233723
0.0018451258
0.0020780269
0.0025186912
0.0025778438
0.0019473877
0.0016553295
0.0015623722
0.00044135407
-0.00016678135
-0.00010564654
-0.00041519948
-0.0017276077
-0.0025544161
-0.002219235
-0.0027789164
-0.0025524012
-0.0033246223
-0.0045996756
-0.0052402692
-0.0019509373
6.4386614e-05
0.00068887635
0.0013209981
0.00047276444
-0.00076192894
-0.0018007716
-0.0036514981
-0.0026307224
-0.0025489898
-0.00660496
-0.0090663119
-0.0098702649
-0.0098192226
-0.0093978532
-0.0108839
-0.01233515
-0.013086749
-0.014176792
-0.0144326
-0.013561264
-0.014387984
-0.015661699
-0.01701713
-0.015876432
-0.014945621
-0.014591622
-0.014394817
-0.014343298
-0.01515615
-0.013751375
-0.013836981
-0.0122746
-0.0088810368
-0.0043112498
-0.003023478
-0.0010342876
0.00025631809
0.0030069906
0.003131552
0.0038955665
0.007224529
0.0081802333
0.00821875
0.0071845076
0.0085239814
0.0080839661
0.0073709385
0.0053324695
0.0036558856
0.0020412952
0.0031686457
0.0034201676
0.005059138
0.006488544
0.0090982681
0.011612386
0.013243827
0.011761347
0.011765779
0.012519237
0.01494431
0.01460133
0.013418076
0.011868007
0.0098894526
0.0061358686
0.0037465094
0.0013415343
-0.00013067344
0.00086870674
0.0038562974
0.0045015672
0.0064356942
0.0073716164
0.007579263
0.0044539944
0.0026082385
0.0015971166
0.0025505692
0.003555016
0.003706608
0.0039733459
0.0042787993
0.0041669554
0.0028796574
0.002680051
0.0024521158
0.0027928342
0.0031779409
0.0039072745
0.0034275746
0.0038244043
0.0032041214
0.0036241807
0.0039473097
0.0045061305
0.0055002687
0.0067678284
0.0070952353
0.0071898595
0.0071561695
0.0097725445
0.013255518
0.014537035
0.012160693
0.013271623
0.010815541
0.011419688
0.0093786202
0.0085535303
0.0080485831
0.0065827385
0.0058569625
0.0044916408
0.0017535636
0.00021707665
0.00093719278
-0.0005559388
-0.0001846726
-0.001134423
-0.00040240189
0.00017076906
0.0010098267
0.0011413054
0.0013650664
0.001456703
0.0015238802
0.0014209644
0.0020224649
0.0020584837
0.0016978261
0.00046379374
-0.00079979917
-0.0021526051
-0.0044497372
-0.0058267535
-0.0065324382
-0.0053164381
-0.0052977746
-0.006909129
-0.00597279
-0.0047482463
-0.0053177431
-0.0049098241
-0.0041042168
-0.0036318778
-0.0023874127
-0.0018880683
-0.0038800211
-0.0062283548
-0.0073960184
-0.0058414024
-0.0060021507
-0.012937065
-0.016950565
-0.017713982
-0.01585237
-0.014456784
-0.017603518
-0.018951617
-0.021244252
-0.021519526
-0.021721631
-0.023440322
-0.024043866
-0.022813074
-0.02152299
-0.019355011
-0.016428402
-0.01542318
-0.014162484
-0.0132626
-0.011926354
-0.0099341567
-0.0080035477
-0.005782873
-0.0027865767
0.00046561172
0.0045902277
0.0070822443
0.0086905722
0.0084770476
0.0091488046
0.010631335
0.012910756
0.015198856
0.015682957
0.017967264
0.019218034
0.020121898
0.018483335
0.017121942
0.017272328
0.015661524
0.018514752
0.017483366
0.018874442
0.018504193
0.018646863
0.019487991
0.021239267
0.018968292
0.016599876
0.014240203
0.012140024
0.01032596
0.0091156753
0.0047124549
0.0029369172
0.00076567901
-0.00073210771
-0.0022070831
-0.002540471
0.00082943195
0.0030213552
0.0048003997
0.0064369765
0.0071455614
0.0058264839
0.0037084648
0.0011347698
0.0012401491
0.0010559655
0.0023255131
0.0031320856
0.0041368052
0.0047516111
0.0040691004
0.0035602236
0.0033755946
0.003871495
0.0032094685
0.0032084674
0.0042747922
0.0040832346
0.004113747
0.0038734912
0.0044368424
0.0044361757
0.0052464187
0.0055813642
0.0053181052
0.0051078526
0.0072765677
0.010847324
0.0098205948
0.012270926
0.0077601589
0.0094766021
0.012437344
0.010199818
0.009064216
0.0062141018
0.0052389414
0.0023481528
0.0010969279
-0.00021224812
0.0008207879
-0.0025110972
-0.0029863932
-0.0026871142
-0.0012714772
-0.00069810174
-0.0005208733
0.00031495588
0.0015275074
0.0015444087
0.0020691957
0.0013872846
0.0018815095
0.0012039853
0.0019728708
0.0013364199
0.0016866974
0.0011357589
0.00019370822
-0.002559306
-0.0021366972
-0.0021144033
-0.0072646315
-0.0099007065
-0.0084966618
-0.0072689194
-0.0098155873
-0.010577136
-0.0099871828
-0.010264512
-0.0072526852
-0.0062484036
-0.0087980704
-0.0087334991
-0.011081491
-0.010831751
-0.013240358
-0.012992268
-0.013381511
-0.0166262
-0.020304523
-0.024310348
-0.02654312
-0.02382516
-0.025467442
-0.028641272
-0.031332802
-0.033976569
-0.034708856
-0.036026634
-0.037791499
-0.034960171
-0.030578046
-0.027757895
-0.027307545
-0.022944051
-0.017097011
-0.017545388
-0.01528568
-0.013766465
-0.010504501
-0.0084451075
-0.0063073458
-0.0018838266
0.0034908204
0.0063357445
0.0080788641
0.0093569081
0.01099297
0.010982003
0.012870843
0.017003613
0.02109179
0.026846716
0.030125453
0.030233565
0.031461401
0.032498352
0.031428291
0.030351705
0.030339367
0.034206141
0.032140714
0.032329037
0.029363354
0.026750071
0.027328594
0.023903541
0.020772703
0.018225
0.015134826
0.013570823
0.007907867
0.0048123359
0.0036161254
0.0012095385
-0.0023315413
-0.002120658
-0.00320006
-0.0024410506
-0.0013357235
0.0001416878
0.002276795
0.0015511183
0.0019525279
0.0012982775
0.00097727433
0.00024133545
0.00074579614
0.00079695755
0.002903309
0.0029692779
0.0035260405
0.0037551024
0.0031115006
0.0023613012
0.0025412153
0.0029270616
0.0040073978
0.0035631305
0.0036859129
0.0040235422
0.0037456647
0.003496694
0.0034907829
0.0031794417
0.0046786425
0.0054257117
0.0052881048
0.0049353105
0.0045727483
0.0055585659
0.003122125
0.0020249025
0.0048372228
0.0086859148
0.010839978
0.0077197869
0.0045968117
0.0017879367
7.6977501e-05
-0.0023414794
-0.0062109582
-0.0078922015
-0.0080768546
-0.0084822873
-0.0054332111
-0.002225874
-0.00039054324
0.00033378507
0.00025802355
0.00091913229
0.0016428313
0.0017682776
0.0028637764
0.0018870198
0.0021792046
0.0014114938
0.0018635812
0.00090720633
0.00074943852
-0.00024468619
-0.00031470748
-0.002957375
-0.0021294506
-0.00034905321
-0.006994783
-0.0084599872
-0.011516118
-0.014342021
-0.015015587
-0.01556142
-0.015709743
-0.012260164
-0.0079531863
-0.0063472986
-0.0097466201
-0.01269311
-0.015759606
-0.017586574
-0.018918781
-0.020562454
-0.024137324
-0.028375747
-0.031097051
-0.036929732
-0.041139975
-0.041127714
-0.039423828
-0.042153501
-0.046989314
-0.048204222
-0.049582187
-0.049618203
-0.050519968
-0.047233372
-0.04287419
-0.040588651
-0.038253411
-0.030880953
-0.024915833
-0.021732424
-0.021401614
-0.020237779
-0.01804215
-0.014646634
-0.011369817
-0.0072592877
-0.0011379979
0.00070607507
0.0017731768
0.0026092876
0.0042701426
0.0094910304
0.012685401
0.017866645
0.024261549
0.028766071
0.034904585
0.034229788
0.036379649
0.038324243
0.039157631
0.043315805
0.042103831
0.044409495
0.041915562
0.041418203
0.039870748
0.037985685
0.034026218
0.027537862
0.024725048
0.017324219
0.013437527
0.0091365266
0.0056794992
0.0042276084
0.0026668025
0.00044966444
-0.0026934707
-0.0014824559
-0.0038320198
-0.0046707594
-0.0023029588
-0.0021350545
4.5158517e-05
-0.0023516367
-0.0020726721
3.7842591e-05
-0.0011895014
-0.00058226432
-0.00031758399
0.00016674178
0.0018791639
0.0027186893
0.002953704
0.0033652495
0.0031856493
0.0013915499
0.0011355914
0.0018164371
0.0030165776
0.0023659095
0.0031580168
0.0039529455
0.0037251094
0.0034919326
0.0036374741
0.0047212311
0.0060315621
0.0059676548
0.0059692052
0.0009242431
-0.0005724666
3.031124e-05
0.0021135604
0.0017490719
0.0053771486
0.007317523
0.0061352746
0.0047548449
0.0023624892
-0.002019422
-0.0035204007
-0.0060360258
-0.010015409
-0.012305235
-0.012796705
-0.010289991
-0.0065742734
-0.0037788037
-0.0022882799
-0.00067829397
-0.00042664004
-0.0002140216
0.0005283719
0.0013843206
0.0028572972
0.0025659315
0.0016895842
0.0015305685
0.0011999633
-0.00073362039
-0.00012124633
6.9997414e-05
-0.0012576181
-0.0036737857
-0.00077520948
-0.00062567557
-0.0054330776
-0.0089383099
-0.01489977
-0.019592033
-0.020045406
-0.026177358
-0.02342277
-0.017620556
-0.007989784
-0.0069432556
-0.011460062
-0.013687751
-0.017705591
-0.022448153
-0.025794747
-0.031031263
-0.034820944
-0.038108987
-0.04156899
-0.045727606
-0.048475288
-0.051148086
-0.051458265
-0.052441104
-0.05452311
-0.057279067
-0.059797227
-0.058142145
-0.060560086
-0.060792796
-0.058729208
-0.055726226
-0.047047104
-0.039289002
-0.034618988
-0.030394235
-0.027154495
-0.028814762
-0.030452949
-0.02736561
-0.019862672
-0.016502045
-0.011574225
-0.0088076582
-0.0081881096
-0.0042799226
-0.0013962311
0.0011931753
0.0060659527
0.0097421844
0.0095058959
0.018055189
0.025401434
0.027098544
0.034415171
0.039975301
0.040280498
0.042706479
0.042727902
0.044543319
0.044351579
0.044013814
0.042007078
0.039369619
0.035093585
0.028318692
0.021439988
0.016286656
0.011798812
0.0068507188
0.004835715
0.0028876017
0.00029584595
-0.0011004484
-0.0015158114
-0.0028028107
-0.0039361191
-0.0039911365
-0.0049589451
-0.0035932307
-0.0024805073
-0.0011540264
-0.00072979292
-0.0002049391
-0.00066080402
-0.0014376193
-0.0014067471
-0.00058623896
0.00016166633
0.0024890661
0.0031126811
0.0037463116
0.0029620755
0.0025627537
0.0021647515
0.0025113019
0.0023142129
0.0034731196
0.0035771457
0.0038817226
0.0049577505
0.0057414543
0.006558202
0.007597773
0.0074586508
0.0075078006
0.00037128092
-0.0021690433
0.00030862522
0.00096475398
0.001262513
0.0024157512
0.0066154754
0.005312327
0.0051351785
0.0030786887
0.0010337847
-0.0031532506
-0.0071478289
-0.0061658061
-0.010197972
-0.010528564
-0.01330426
-0.010773286
-0.0062093
-0.0047065178
-0.0036274786
-0.0032761202
-0.0017030774
-0.0018022967
-0.001307815
0.0003065265
0.0020657703
0.0024112869
0.0015616626
-0.000761613
-0.00090728613
-0.0011116477
-0.0016785897
-0.0033553921
-0.0055510855
-0.0039601457
-0.0021398838
-0.0010219037
-0.0069128258
-0.011546922
-0.016574901
-0.022378895
-0.025750962
-0.029531917
-0.028064221
-0.022361496
-0.010822913
-0.0055034239
-0.011890752
-0.016535722
-0.020617564
-0.023793563
-0.028705687
-0.03380913
-0.035828179
-0.039344244
-0.043536699
-0.050574489
-0.054139334
-0.055941268
-0.058440228
-0.06083179
-0.063546268
-0.06714259
-0.066940483
-0.066828005
-0.067335265
-0.069044868
-0.067173469
-0.063590597
-0.053113455
-0.046527529
-0.038786763
-0.040701176
-0.039827557
-0.038437258
-0.035417798
-0.032001623
-0.027688111
-0.023188698
-0.024002287
-0.020657027
-0.016892602
-0.0094969908
-0.00075211785
0.0028909937
0.00084122798
0.0018277593
0.0053380659
0.018909271
0.024816517
0.027336893
0.026884325
0.027361886
0.037788131
0.042780373
0.04356142
0.04157726
0.044647862
0.041877861
0.038137149
0.032503077
0.028908618
0.023140496
0.020606442
0.013881148
0.0098359514
0.0065369321
0.0041968817
0.0047145131
0.0040821094
0.0025763952
0.0012315777
-0.0010210656
-0.002133382
-0.002960589
-0.0022662619
-0.00098175368
-0.0010442903
0.00056449552
0.00088450194
0.0018200871
-0.00049692237
-0.00076017634
0.00048066408
0.00053708538
0.0017069489
0.0039528226
0.0053936093
0.0065921114
0.0074057596
0.006713302
0.0056110476
0.0051812174
0.0049336696
0.0041836221
0.0042009512
0.0058452267
0.0054563356
0.0081514576
0.0096748251
0.010526129
0.0098039906
0.0066677728
-0.002700861
-0.0013250545
-0.00061330938
0.0013336394
0.0027620277
0.0044943517
0.0048039948
0.0068796109
0.0066952301
0.0034721694
-0.0019181465
-0.0069132949
-0.0079005222
-0.0069403768
-0.01125977
-0.010577454
-0.012112221
-0.010519555
-0.0089520198
-0.0068516251
-0.0032462086
-0.0020862284
-0.0010147721
-0.0018360039
-0.0021246299
-0.0016032323
9.7387152e-05
-0.00034708369
0.0012612918
-0.00074770614
-0.001994748
-0.0015344856
-0.0033334837
-0.0064308509
-0.0072200303
-0.0063996927
-0.0023825667
-0.0051961285
-0.0078636083
-0.01115041
-0.012589666
-0.017434178
-0.021789028
-0.022539436
-0.029333805
-0.027925229
-0.014073554
-0.0088885215
-0.012458899
-0.015587448
-0.016611817
-0.020291234
-0.023136449
-0.026910556
-0.030857695
-0.037111986
-0.04413714
-0.048922013
-0.052815499
-0.059091653
-0.062301088
-0.067689804
-0.070458592
-0.074106025
-0.075881949
-0.073862548
-0.070835983
-0.069345917
-0.06539436
-0.058825161
-0.047540689
-0.043880328
-0.04065878
-0.038901499
-0.040607915
-0.042318687
-0.044340751
-0.038072105
-0.037734746
-0.02745074
-0.02956501
-0.027861178
-0.022966815
-0.015213453
-0.0101094
-0.010199346
-0.0053551927
0.0060893514
0.011594972
0.017502043
0.024397956
0.028491418
0.0288287
0.036462142
0.039553112
0.042080708
0.041150249
0.041948702
0.038743288
0.035420004
0.031637479
0.02703379
0.024066782
0.019036092
0.014232177
0.012712802
0.01210717
0.0083643008
0.0082731915
0.0068975958
0.0071370897
0.0069911736
0.0052153299
0.0015534681
0.00052034241
-0.0015908685
4.2772611e-05
0.00046237562
0.0015677989
0.00080748237
0.0022009989
0.0028880242
0.002809876
0.003522901
0.0038245699
0.004306225
0.0051636406
0.005429351
0.0042243829
0.0031272245
0.0032688486
0.0040542666
0.0049559778
0.0050982891
0.0067347001
0.0070124217
0.0063388083
0.0073600141
0.0075730924
0.0056742083
0.0068241673
0.0093109487
0.0095668421
0.0020716119
-0.0037309152
-0.00080851802
0.0034289156
0.0025630198
0.0033888559
0.0052339307
0.0057727502
0.0043738133
0.0064670245
0.0029337141
-0.0019825813
-0.0046638925
-0.0072568685
-0.0069555821
-0.011015081
-0.01075227
-0.0079714206
-0.0025420211
-0.0003998045
0.00053029741
0.00035672245
0.00053267111
0.00047672006
0.0012086597
0.00055784036
-0.00020328483
0.0012655466
0.00039087972
0.00023325623
-0.0019775642
-0.0029494559
-0.0060564175
-0.0078033718
-0.0088967388
-0.012116965
-0.0076612909
-0.0065558408
-0.0075444287
-0.01155498
-0.010125555
-0.011027809
-0.01408101
-0.019442329
-0.022294457
-0.025359117
-0.029663835
-0.019678761
-0.01482069
-0.016244021
-0.019543253
-0.019436694
-0.020627645
-0.024086498
-0.027936798
-0.03497805
-0.042232451
-0.049834885
-0.053845822
-0.059279818
-0.065076047
-0.070413869
-0.074228025
-0.076451291
-0.076749918
-0.077885648
-0.077234727
-0.076235531
-0.07118415
-0.062895996
-0.053044937
-0.046564938
-0.044278826
-0.044407802
-0.040478273
-0.042751083
-0.041901258
-0.04734858
-0.038916553
-0.035315945
-0.036664554
-0.034988123
-0.033971897
-0.027403317
-0.025404214
-0.018167412
-0.012504664
-0.0031582951
0.0046183794
0.0080122034
0.015200199
0.021055234
0.023522377
0.027453666
0.029222309
0.034264017
0.035862821
0.036058065
0.034404449
0.032352953
0.029573346
0.027089666
0.023879629
0.019551253
0.01705703
0.01655961
0.014161799
0.013549905
0.011455173
0.012711369
0.012072971
0.011367762
0.0091818673
0.0071120072
0.0040792661
0.0031419352
0.0019101903
0.002305582
0.002310662
0.0030628675
0.0049129563
0.0055265836
0.0063047988
0.0074251377
0.007617539
0.0072357305
0.0073553861
0.0088831166
0.0080241079
0.0066638679
0.0059620682
0.005159354
0.0050728391
0.0064509189
0.0066027972
0.0059987104
0.0051955763
0.0048279208
0.006000452
0.0064746331
0.0039898223
0.0041889254
0.0055860217
0.0072988867
0.0018423144
-0.0032616294
-0.0015928471
0.00027420512
0.0034206429
0.0034233295
0.005015777
0.0052255031
0.00134665
0.0037678242
9.8357231e-05
-0.0023948365
-0.0027626574
-0.0019035035
-6.1851125e-05
0.0022660065
0.0043212265
0.0062169235
0.0074716169
0.0059145763
0.00430787
0.0036260329
0.0036308336
0.0026528906
0.0010828913
-0.00051211225
0.00028817773
0.00060287703
0.00028528933
-0.0012806382
-0.0032692238
-0.0054188919
-0.0098874333
-0.011746642
-0.013220164
-0.017949907
-0.013704385
-0.011621815
-0.01276649
-0.011835944
-0.013569112
-0.012743705
-0.01734359
-0.020044983
-0.0256446
-0.028899388
-0.02980733
-0.022636537
-0.019127818
-0.01913208
-0.021641109
-0.020055121
-0.021271766
-0.027051686
-0.03437189
-0.042313494
-0.049960645
-0.057259745
-0.061214042
-0.067533523
-0.071535721
-0.073705446
-0.076915824
-0.07963601
-0.080461193
-0.082477037
-0.078979567
-0.076723088
-0.07099226
-0.060541003
-0.046336543
-0.044166454
-0.049504823
-0.043551182
-0.042668721
-0.042423215
-0.042049
-0.04558727
-0.037229344
-0.039008454
-0.040372682
-0.040406315
-0.038655534
-0.034181812
-0.026719394
-0.020065138
-0.015424098
-0.0097218569
-0.0054550269
-0.0013086644
0.0044391809
0.01239165
0.015036208
0.018042212
0.020225553
0.024284413
0.027890701
0.026889049
0.022811549
0.025273095
0.023187754
0.020683877
0.018908288
0.018433938
0.019510876
0.017050804
0.016469218
0.014392362
0.015793588
0.016098265
0.017025291
0.014592066
0.0097878051
0.0063139827
0.005941152
0.005563815
0.0052328257
0.0050536736
0.0042738274
0.0048802773
0.0044944341
0.0052536821
0.0067679072
0.0065250191
0.0081004299
0.0099508482
0.010954904
0.010167733
0.0099585992
0.010172342
0.010530455
0.01020322
0.0083342416
0.007662383
0.0084848587
0.0086506729
0.0086493581
0.010395497
0.0085232403
0.0072335757
0.0061879678
0.0046073807
0.0047730365
0.00545042
0.0034794051
0.00045088909
-0.00076629806
0.00030417747
0.0018957148
0.0074191193
0.0082836163
0.0045164954
0.004885126
0.0033496239
0.0025954855
-0.00023330832
0.0030635027
0.0078357229
0.0079112492
0.0093234024
0.011116193
0.011796939
0.013860837
0.014478819
0.011888864
0.013454291
0.014230079
0.014953094
0.012005402
0.0076937605
0.0075222584
0.0063074518
0.0041867572
0.0023319669
-0.0028690271
-0.0071188705
-0.0071236489
-0.010262676
-0.012955934
-0.017365526
-0.013203874
-0.010981679
-0.010777833
-0.011629959
-0.013496705
-0.012608352
-0.019268616
-0.02083324
-0.0279555
-0.032285562
-0.029129797
-0.022546791
-0.019673352
-0.02171715
-0.023679878
-0.022463397
-0.022048289
-0.028689289
-0.035859429
-0.043512553
-0.051311768
-0.059841299
-0.065233738
-0.06788443
-0.072065087
-0.07332302
-0.079396346
-0.076820261
-0.076120426
-0.075331199
-0.078411431
-0.073922983
-0.067799512
-0.052485802
-0.045517376
-0.044699506
-0.041285894
-0.03675234
-0.037912809
-0.037149539
-0.034371242
-0.032965594
-0.029348874
-0.031477478
-0.032789833
-0.029388738
-0.02560753
-0.023817663
-0.019718851
-0.015999269
-0.011642889
-0.0090092377
-0.0071737008
-0.0046208043
-0.0025412687
0.0011967478
0.0054496097
0.007763878
0.011424654
0.016102882
0.019059829
0.017205004
0.016467259
0.016499119
0.015168684
0.016377074
0.014226907
0.012716309
0.014780534
0.013238379
0.011265406
0.012754141
0.013525283
0.012579006
0.01357516
0.010965004
0.0091617554
0.0062705279
0.0065222959
0.0040087876
0.0030793148
0.0051698358
0.0054212368
0.0075356225
0.0083441252
0.0063735729
0.0088988013
0.0083047002
0.010536877
0.0095065871
0.01158457
0.013988931
0.011455682
0.011787021
0.013885155
0.011186168
0.011274669
0.010325771
0.0079160013
0.0078628857
0.0088259101
0.011294254
0.011888655
0.010999795
0.010658151
0.010234754
0.0072007138
0.0066096052
0.0035454866
0.008352822
0.011080696
0.0057558043
0.0093483991
0.0077708387
0.0098333506
0.0086810886
0.0068317578
0.0051031816
0.005695516
0.0046884787
0.0059582039
0.0068524735
0.0094206349
0.011143066
0.011915343
0.01321306
0.011265823
0.014206478
0.015924228
0.015693977
0.016294146
0.015526561
0.015069859
0.012923531
0.010233922
0.0064214739
0.0017655299
0.0030334513
0.0012507428
-0.004227865
-0.00043450447
-0.004054104
-0.0069540958
-0.0074509121
-0.0053174383
-0.0057110585
-0.0088566012
-0.01144819
-0.011212473
-0.011818873
-0.016564448
-0.01762271
-0.021297385
-0.022052147
-0.02238436
-0.017422768
-0.018174407
-0.020608354
-0.023767528
-0.025361865
-0.025958038
-0.027528881
-0.029930433
-0.036372013
-0.045114748
-0.053369762
-0.058631758
-0.062750627
-0.06675471
-0.067595047
-0.070564612
-0.065885237
-0.063277388
-0.070242267
-0.069718452
-0.066439105
-0.058248707
-0.043789569
-0.035549842
-0.032473321
-0.027565405
-0.022393182
-0.016071724
-0.015487525
-0.013208026
-0.011591637
-0.010474944
-0.010941738
-0.010915279
-0.01133068
-0.010868212
-0.0097868137
-0.0065472599
-0.0043523519
-0.0021735281
0.00082019899
0.0024993229
0.0051546406
0.0069212711
0.0083909089
0.010893536
0.012225106
0.013556619
0.012949463
0.01551537
0.014281414
0.012334764
0.012115061
0.0091527873
0.0075670522
0.0073126068
0.0054391224
0.0070560848
0.0045811789
0.0043779247
0.0052655804
0.0069884578
0.0056480776
0.0066469112
0.0079192512
0.0071461238
0.0057062617
0.0042983161
0.0085927244
0.0075748923
0.0065826746
0.0052499054
0.0084316476
0.0097225565
0.013302095
0.013825123
0.012252988
0.011693369
0.012698528
0.011915068
0.012476907
0.012796555
0.014425232
0.017184901
0.015481804
0.014431682
0.014868196
0.016210425
0.01262922
0.011967823
0.013433219
0.013862339
0.012789192
0.015265209
0.012134368
0.0070422677
0.0051552716
0.0021697937
0.0059459286
0.01112591
0.013030209
0.010867798
0.012398247
0.011275766
0.0098435428
0.0094533383
0.011050182
0.010704158
0.0076252943
0.0075871367
0.0083793093
0.010293774
0.011131278
0.01211494
0.012689918
0.012416995
0.014386175
0.015120367
0.014891968
0.014479782
0.013962694
0.012911208
0.0098218995
0.0063017394
0.0030353843
0.0021915621
0.0021584992
0.002475085
0.0006080765
0.0040633319
0.0030197205
0.0036280815
0.0021423797
-0.00047900776
-0.0024121624
-0.0020469035
-0.0079259981
-0.012879751
-0.013827598
-0.013005089
-0.012152739
-0.015795932
-0.016294512
-0.017762203
-0.010359927
-0.011288514
-0.018538545
-0.021600879
-0.0267081
-0.026063209
-0.028651947
-0.028167617
-0.033583528
-0.038574653
-0.046361663
-0.050308574
-0.055939187
-0.059552572
-0.060291041
-0.054944334
-0.052476328
-0.054259944
-0.057018118
-0.055453919
-0.048658615
-0.039633844
-0.027827344
-0.014986268
-0.0072183927
-0.0078378868
-0.0025345333
-0.0008817783
-0.00080914157
0.0016835326
0.0089390263
0.011306767
0.012579754
0.0075940622
0.0094311365
0.004723045
0.0057720089
0.009360122
0.0094095651
0.012345619
0.010844162
0.013497056
0.014502416
0.015916276
0.017760207
0.018034933
0.015834299
0.018205224
0.014120055
0.012963851
0.011877861
0.0087482893
0.0063399228
0.0024329994
0.0012581454
0.001580234
0.00029281112
-0.0023340229
-0.0012242481
0.00052113607
0.0024176452
0.0025466769
0.0042253846
0.0063730508
0.0065823257
0.0069641645
0.008190546
0.0082160937
0.0081739861
0.0090245939
0.0091876517
0.010969882
0.012095454
0.01401304
0.016536003
0.018155244
0.018226126
0.016977778
0.016032836
0.014068792
0.015433728
0.017015155
0.021064686
0.025074521
0.025741314
0.024987467
0.025359082
0.02484012
0.017811381
0.014242103
0.012806159
0.010662891
0.0074881239
0.0067887764
0.0073876369
0.00086006193
0.0032471718
0.0080381699
0.0092929063
0.0097129434
0.010501124
0.011165629
0.0097428883
0.010089164
0.0081239132
0.0093440027
0.0094248939
0.009833032
0.0095254307
0.0098881383
0.010053289
0.01122501
0.011495313
0.012519601
0.012748001
0.013588268
0.014261241
0.015873154
0.016765727
0.016324915
0.015874674
0.014310635
0.01205486
0.0079991325
0.0073121683
0.0048000613
0.0057067755
0.0042387523
0.0052784295
0.0081790083
0.0073622394
0.0049867557
0.0029394269
0.0024873642
3.0845308e-05
-0.00036500961
-0.002456568
-0.006595116
-0.010472576
-0.013500897
-0.012683359
-0.012936527
-0.013899448
-0.017429435
-0.0088458403
-0.0066844137
-0.01664661
-0.017776894
-0.019015682
-0.020272135
-0.022190272
-0.024642211
-0.028741139
-0.030880109
-0.036051044
-0.040617457
-0.04227207
-0.045233078
-0.044266189
-0.033561191
-0.034710185
-0.037705106
-0.03883631
-0.035837114
-0.027576087
-0.019352773
-0.010000954
0.0030588008
0.013436175
0.0079975534
0.0068852922
0.0082949913
0.0066232122
0.011847511
0.019440414
0.023056712
0.02471544
0.023475295
0.01979457
0.017367706
0.018150706
0.01921372
0.017628589
0.016963999
0.016795956
0.01783671
0.017145315
0.015843663
0.015171516
0.014182046
0.011632932
0.012685606
0.010118716
0.010485206
0.0068845603
0.0031289106
-0.00111058
-0.0030538303
-0.0064239142
-0.0067288873
-0.0070608356
-0.0072111849
-0.0080200454
-0.0059795592
-0.002165594
-0.00086807504
-8.9902247e-05
0.0021736962
0.0019534593
0.0014503848
0.0031877923
0.0061973277
0.0080850632
0.0090926425
0.010912867
0.01350926
0.014703183
0.015935448
0.018581747
0.018622708
0.019250545
0.01930717
0.018549608
0.018179414
0.020258743
0.021340847
0.025517697
0.029420509
0.03034718
0.029217324
0.029620456
0.026239649
0.021237429
0.019151017
0.015784221
0.012810256
0.009134825
0.0084854385
0.0037295302
-0.00092532273
0.0027451825
0.0049461461
0.0070279093
0.0066407871
0.0064069851
0.0056685066
0.0061245214
0.0040785374
0.0043232987
0.005429449
0.0062092979
0.0070742989
0.0097000603
0.0099988158
0.010763932
0.010996882
0.012157585
0.013355533
0.014013875
0.014107759
0.014914919
0.015295169
0.017629198
0.018788152
0.018661525
0.017879103
0.017321917
0.015107136
0.014430144
0.011967019
0.012456964
0.010066316
0.0085055742
0.011238131
0.009547308
0.0056185247
0.0049645176
0.0027430439
0.0016226612
0.001691064
0.0013845361
-0.0023992869
-0.0046933224
-0.0070820754
-0.0075335388
-0.0070605292
-0.0064461574
-0.0069570026
-0.0038601001
-0.0025968771
-0.0054874778
-0.010941996
-0.014798005
-0.015358524
-0.017582067
-0.019497051
-0.022240633
-0.022333517
-0.025139633
-0.027763202
-0.029317625
-0.028718467
-0.025093346
-0.021315723
-0.026992599
-0.02388716
-0.021875023
-0.017606999
-0.011573806
-0.0049209291
-0.0010880992
0.0076168942
0.015444075
0.01204044
0.009645012
0.013408207
0.015631461
0.016472348
0.020437876
0.022893857
0.026123458
0.026452432
0.021353406
0.022746228
0.022700902
0.019270449
0.017351979
0.015898659
0.015387297
0.015043427
0.012173221
0.011015957
0.011129324
0.0093189135
0.0081195694
0.0061570027
0.0040719793
0.0033371867
6.5920189e-05
-0.0041279659
-0.0077506546
-0.0099644389
-0.011932534
-0.013635768
-0.014037908
-0.014501644
-0.013066349
-0.011633099
-0.0094588697
-0.008225451
-0.0054930823
-0.0040449358
-0.0030438532
-0.0038185249
-0.0044536482
-0.0024905564
-0.00053295232
0.0024787679
0.0077233485
0.011005007
0.012986732
0.015660977
0.017231866
0.019385571
0.021579795
0.020838206
0.017976239
0.018021054
0.020143902
0.021991688
0.02189848
0.023694407
0.024208583
0.026073994
0.024162429
0.022389294
0.017500642
0.015081261
0.010516079
0.006825459
0.0059418988
0.004834784
0.0066483935
0.0045922895
0.0050333755
0.0047581665
0.0035104089
0.0017175058
0.0028570417
0.0020349861
0.003042849
0.0046680516
0.0039722481
0.0036933622
0.0063720266
0.0068755338
0.0074106663
0.0075773302
0.0090630602
0.0093454463
0.010694148
0.011372878
0.011657715
0.01244492
0.014921283
0.015745935
0.016444102
0.017796637
0.019616496
0.020698002
0.021272558
0.021422657
0.019765371
0.018519004
0.018444705
0.015802045
0.013166602
0.015779318
0.011111764
0.010051934
0.0080745583
0.0052938725
0.0059098422
0.0060685349
0.0037996244
0.0038466629
0.0022224817
0.0013767788
0.00089380752
6.7654859e-05
0.0011391722
-0.00018276906
0.0012644755
0.003537343
0.004746676
0.00087548744
-0.0042425598
-0.0089766544
-0.010552041
-0.012124985
-0.012237165
-0.01280335
-0.014105594
-0.014382481
-0.013631088
-0.012324118
-0.0075092485
-0.0083087982
-0.014701731
-0.017544895
-0.014024152
-0.0077711606
-0.00351472
0.0037837967
0.0045884961
0.0081451784
0.010399268
0.0084012561
0.0081571344
0.012441722
0.013548944
0.012124275
0.013218826
0.01671124
0.019749225
0.020782499
0.020095132
0.01748269
0.01864528
0.016758521
0.013626736
0.012030373
0.010386253
0.010495213
0.010174487
0.0078553786
0.0064468464
0.0048707959
0.0035793159
0.0029261771
0.0024935828
0.0015436814
-0.00058826966
-0.0037788894
-0.0086876053
-0.011600209
-0.013772551
-0.014990175
-0.013988854
-0.015191323
-0.014874864
-0.013450788
-0.012642888
-0.011206754
-0.0093590487
-0.0092014983
-0.0073903143
-0.0065291669
-0.0061844046
-0.0069552864
-0.0058242988
-0.0023710406
0.00016207458
0.0034256182
0.0071025393
0.011375399
0.012833733
0.015304793
0.017793655
0.017886487
0.016401609
0.016296216
0.015639854
0.016966616
0.018174675
0.01997356
0.018899771
0.018662921
0.016687957
0.01444355
0.012045343
0.010680057
0.0088694459
0.0070220845
0.0058248713
0.00618202
0.0096445118
0.0082167439
0.007820504
0.0075449178
0.004747142
0.0031961709
0.00033564099
-0.00086417228
0.00093831582
0.00097770929
0.0028501365
0.0032703938
0.003954108
0.0053781433
0.0055893301
0.0049497308
0.0049088316
0.0058147047
0.0070381307
0.0084537998
0.0088517362
0.0096124554
0.011760498
0.013062764
0.014086407
0.014582526
0.015973357
0.017138297
0.019772401
0.021618095
0.022760671
0.020969492
0.019784662
0.020725196
0.018729886
0.020192131
0.018294473
0.01659621
0.013573709
0.012351697
0.01077652
0.011408491
0.0094648681
0.0070820499
0.0078560144
0.0066148845
0.0071843927
0.0076604346
0.0067234757
0.0073949848
0.0071976372
0.012511542
0.012179376
0.0079068962
0.0060187986
0.0013096231
-0.002582451
-0.0060993945
-0.0059865234
-0.006402128
-0.0066258303
-0.0058792799
-0.0041640226
-0.001032666
0.0019240893
-0.0010507296
-0.0062559466
-0.0074684724
-0.0078045353
-0.0085950538
-0.0048224375
-0.0011038262
0.0033622816
0.0059228668
0.0050741134
0.0025727276
0.0034796613
0.0034484082
0.0038992909
0.0028720463
0.0015893843
0.0040574128
0.0082760049
0.012454528
0.012546097
0.01189489
0.011901603
0.01200763
0.011044394
0.0083597523
0.0075013627
0.0066690087
0.0065403142
0.0050786579
0.002674901
0.0015267994
0.0018419241
0.0018174074
0.0015965867
0.00073890858
-0.00036374401
-0.0030052462
-0.0064143192
-0.0090994795
-0.010382287
-0.011052702
-0.012030024
-0.012075854
-0.012360044
-0.01217947
-0.011589471
-0.0091275947
-0.0095768974
-0.0087627617
-0.0075234689
-0.0075507908
-0.0060136893
-0.0057346446
-0.0042423085
-0.0037131294
-0.0024948139
0.00032020719
0.0027122188
0.0059102876
0.0094629483
0.011553131
0.013283381
0.014387322
0.015025654
0.014167474
0.012689936
0.011832728
0.013176603
0.013794793
0.01304587
0.012942602
0.013050891
0.011593005
0.011065411
0.011286427
0.0084992864
0.0058308957
0.0057406975
0.0084507462
0.0097841398
0.0080402135
0.0064572576
0.007195986
0.0063601386
0.0045146068
0.003864602
0.003689585
0.0015184247
0.0013847852
0.0015198553
0.0023868331
0.0023654265
0.0033217406
0.0030321977
0.0028395641
0.0027026719
0.0035393267
0.00465449
0.0058321422
0.0065986246
0.0066411235
0.0064313389
0.0085590855
0.0099642318
0.011092811
0.011765226
0.012251399
0.014430064
0.018591575
0.021831366
0.020904721
0.020820384
0.02267163
0.022901714
