0.0019905678
0.0015565712
0.0018115686
0.0019103936
0.0026511177
0.0036310407
0.0059967711
0.0046880568
0.0015972316
-0.00068579149
-0.00076709967
-0.0019664347
-0.0048034935
-0.0058512487
-0.0043628193
-0.0025368456
-0.00081182451
0.00037018826
0.0015674702
0.00037168236
-0.0013447991
-0.0057677544
-0.0061983257
-0.0054254005
-0.0070442189
-0.0074238433
-0.0098463049
-0.010449854
-0.0082817484
-0.0084222225
-0.01046143
-0.011163407
-0.01185322
-0.011622175
-0.012508471
-0.011500599
-0.011359976
-0.013826624
-0.014058383
-0.01269752
-0.013557441
-0.015284816
-0.015742316
-0.016395333
-0.018787494
-0.018346389
-0.017304078
-0.015301094
-0.013629893
-0.010405148
-0.0085055928
-0.008450415
-0.0054695334
-0.0021762388
-0.00012444672
0.0020451315
0.0049285555
0.0066188624
0.0058290068
0.0039737174
0.00348298
0.0041640383
0.0027113801
0.00064546384
-0.001051966
-0.00076575015
-0.00065523701
0.0011900741
0.0036487472
0.006144719
0.0084387579
0.0099334723
0.014235822
0.016721371
0.017233833
0.017936044
0.019379763
0.021371259
0.022185443
0.020048866
0.018440551
0.015115882
0.011574006
0.0094646819
0.010389429
0.0066751454
0.0053662456
0.0052789113
0.0074196011
0.0097669209
0.0095056137
0.0082559608
0.006603652
0.0054558403
0.0042420286
0.0043973797
0.0046447107
0.004314964
0.0032140228
0.0044588368
0.0043785007
0.0046861102
0.0039791502
0.0046795683
0.0053694127
0.0063299288
0.0061966815
0.0060785372
0.005389724
0.0061927348
0.0061334091
0.0061573677
0.0072116759
0.0088694536
0.008445483
0.0090352798
0.0091104052
0.0086971808
0.013656451
0.01448662
0.013241783
0.012199601
0.011737307
0.011735593
0.0085842847
0.0081469515
0.0098423952
0.010018444
0.0087302697
0.0070270982
0.003849783
0.00043979605
-0.00067649167
-0.0017524584
-0.0018943885
-0.0011304044
-0.0012179591
0.00011433465
0.00051440848
0.00082815513
0.0015608964
0.0018679132
0.0022785718
0.0022321422
0.00097314552
0.00062557681
0.00043681125
-0.00020366245
4.4321676e-05
0.0014310994
0.00095011627
-0.0019151104
-0.0033191297
-0.0040035432
-0.0047781317
-0.004959137
-0.0062959109
-0.0079727634
-0.0086772754
-0.0045738428
-0.0032443361
-0.0017559829
-0.00076722815
-0.0020148129
-0.0042897144
-0.0066465409
-0.0080205585
-0.0054344031
-0.0056336061
-0.0098402639
-0.011594168
-0.01168769
-0.010346564
-0.011137786
-0.014161596
-0.016097193
-0.015976532
-0.016842751
-0.016542154
-0.015404354
-0.016195574
-0.018173403
-0.01910027
-0.017856277
-0.017086193
-0.016473853
-0.015761659
-0.015759925
-0.015998275
-0.013247179
-0.011704191
-0.0091447974
-0.0047293036
-0.00037397798
0.00074130998
0.0022681736
0.0032471034
0.006703666
0.0077288365
0.010326895
0.01471233
0.016181346
0.016802875
0.015909258
0.016320384
0.014970444
0.013503775
0.011910861
0.010837718
0.0097963378
0.01136675
0.011819379
0.014050038
0.016668784
0.019871278
0.021720969
0.022667134
0.021362254
0.020389676
0.02019314
0.022300926
0.021737071
0.020012712
0.016606287
0.013644101
0.0095162832
0.0069215796
0.0049230225
0.0028497171
0.003103834
0.0046259991
0.0050436889
0.0073499331
0.008690552
0.00863079
0.0050138942
0.0027393251
0.0018889773
0.0029777811
0.0036937998
0.0038033393
0.0037356459
0.0043619587
0.0043657035
0.0035212801
0.0040774766
0.0045095794
0.0048349164
0.0051813016
0.0058797715
0.0053113054
0.0055132608
0.0050021257
0.0055942034
0.0059073368
0.0066074783
0.0076523699
0.0087673198
0.0088317495
0.0085958755
0.0091895001
0.012420341
0.015560066
0.014905456
0.012902418
0.013638913
0.009446866
0.0095974975
0.0075329717
0.0070291568
0.0067706015
0.0056531436
0.0036515798
0.0018065247
-0.0014085125
-0.0021373711
-0.0011851692
-0.0022312876
-0.0011375934
-0.0016356237
-0.00081218354
-0.00058179316
0.00026093459
0.00038651733
0.00055179109
0.00038330319
0.00056495271
0.00065188905
-0.00035055493
-0.0001956358
-0.0007349331
-0.0017879004
-0.0028729885
-0.0027930963
-0.0045341929
-0.0066269166
-0.0081125408
-0.0072712428
-0.0086272368
-0.010276018
-0.0097302752
-0.0085399242
-0.010087181
-0.010123256
-0.010299853
-0.0089104647
-0.0060586569
-0.0047369528
-0.0080919455
-0.012194394
-0.012294386
-0.01012747
-0.010968662
-0.017484013
-0.019684208
-0.018965049
-0.016555256
-0.016839922
-0.021201225
-0.023177911
-0.025220449
-0.024885499
-0.024654216
-0.025567675
-0.02619012
-0.024866564
-0.02382633
-0.022026626
-0.019763412
-0.018413251
-0.016362476
-0.014904743
-0.012620416
-0.0096474976
-0.0066681534
-0.0031656556
0.0018267046
0.0066603712
0.010925908
0.01358637
0.014301841
0.014103255
0.015532911
0.018756584
0.023304862
0.025079926
0.02540834
0.028109745
0.028227853
0.028493205
0.025586702
0.025355969
0.02626596
0.025013256
0.0286284
0.027039806
0.028877127
0.028658042
0.028995674
0.030092297
0.030553881
0.026854372
0.023476939
0.019837611
0.019002574
0.017510873
0.01521381
0.0093456183
0.0065968629
0.0037003943
0.0020591335
0.00036654059
-0.00016564968
0.0018915084
0.0026555748
0.0038905979
0.0056795457
0.0061722991
0.0047973865
0.0025130945
0.00048989451
0.00092326687
0.0009130577
0.0020398867
0.0031234586
0.0042753149
0.0052052097
0.0048717412
0.0051320116
0.0053685586
0.0058697714
0.0049849493
0.005172752
0.0058629709
0.0056146172
0.0053499657
0.0049244235
0.0049790834
0.0052261518
0.0062305552
0.0066911736
0.0056604929
0.0067431864
0.0095381477
0.01197726
0.010460327
0.012316654
0.0069359322
0.010009463
0.011985291
0.0084648402
0.0066529988
0.0039063916
0.0036836668
2.9199939e-05
-0.0012806611
-0.0025905235
-0.0025052617
-0.0056296588
-0.0049461837
-0.0043873671
-0.0020952946
-0.0014550905
-0.0011643342
-0.00076939184
9.4344983e-05
-0.00024831293
0.00026470312
-0.00047834166
6.0768286e-06
-0.00069501486
0.0001178926
-0.0017636954
-0.0014717763
-0.0021147785
-0.0033333781
-0.0058863518
-0.004457353
-0.0044740967
-0.010197198
-0.013256563
-0.011341142
-0.011890201
-0.0148057
-0.016445769
-0.016705422
-0.017273931
-0.013489275
-0.014525373
-0.016423755
-0.013942745
-0.015324372
-0.016015359
-0.019430715
-0.018649992
-0.018465731
-0.021576582
-0.02509642
-0.027302987
-0.028669848
-0.026595855
-0.028152735
-0.031595817
-0.034361607
-0.036878012
-0.037543292
-0.037741752
-0.039268647
-0.036194083
-0.032289105
-0.029812979
-0.030717439
-0.026817319
-0.021626951
-0.021510549
-0.018339479
-0.015386631
-0.011106
-0.0074486514
-0.0036192229
0.0035028538
0.010456211
0.014242029
0.016979344
0.01777854
0.018723196
0.01836727
0.023030964
0.02931645
0.032161083
0.037719746
0.041044063
0.039531401
0.041085643
0.042036365
0.041420871
0.041091602
0.042591876
0.045643218
0.042971846
0.043403764
0.039803708
0.036933611
0.035908796
0.031632744
0.027644891
0.023465028
0.020265551
0.01918866
0.014326349
0.010247118
0.0072839154
0.0030684245
-0.0012190001
-0.0013455313
-0.0032664508
-0.0029290618
-0.0023524521
-0.0014142447
-1.2379253e-05
1.0642785e-05
0.00036831595
-0.00034847529
-0.00037535193
-0.0006590052
-9.2635354e-05
0.00024453875
0.0022807922
0.0026326936
0.003464265
0.0039754594
0.0039482358
0.0034551694
0.0038454777
0.0045822119
0.0055768975
0.004758153
0.0045495853
0.0043983359
0.0039666488
0.003159268
0.0029773124
0.0028030584
0.0046147239
0.0050293986
0.0047418269
0.0045323166
0.0031288391
0.0035731835
0.00040361522
0.0004014939
0.0040781372
0.0081574435
0.0091818885
0.0044230933
0.00094619193
-0.0019817589
-0.0025438968
-0.0047314051
-0.0090825871
-0.010622213
-0.010983956
-0.01024938
-0.006402812
-0.0030303319
-0.00095748594
-0.00013194862
-0.00088944095
-0.00067601661
-0.00059067067
-0.00047615957
0.00059135593
-0.00057404142
-0.00045600586
-0.0012087011
-0.0010737864
-0.0023681516
-0.0025998976
-0.0040046683
-0.0046275887
-0.007124075
-0.0055415251
-0.0050197822
-0.012335718
-0.013904591
-0.017466508
-0.020169782
-0.020451442
-0.021797893
-0.023075359
-0.01992685
-0.015499186
-0.01471009
-0.017730212
-0.0193395
-0.021883471
-0.023716259
-0.025627632
-0.027244715
-0.029960684
-0.034239319
-0.036412536
-0.040901583
-0.044231454
-0.04402136
-0.042651272
-0.045224816
-0.049341641
-0.050150826
-0.051329981
-0.050636624
-0.050708505
-0.046950034
-0.043396226
-0.041085099
-0.039251604
-0.03293642
-0.026552706
-0.023938275
-0.022931622
-0.021025952
-0.016675096
-0.011602802
-0.0066437819
-0.0016516697
0.0054461872
0.0082610071
0.010560876
0.013087476
0.015853252
0.022369962
0.026366371
0.032284395
0.037281545
0.041705578
0.04656942
0.04436945
0.046860257
0.050043223
0.051696462
0.055767058
0.054978512
0.056542631
0.053426297
0.0532611
0.049516333
0.045714367
0.040449095
0.033276611
0.029641694
0.02217488
0.017883979
0.013734269
0.0089652821
0.0066827204
0.0034041454
0.00034838581
-0.0037052308
-0.002385909
-0.0046735988
-0.0047737523
-0.0025584142
-0.0036583692
-0.0016684347
-0.0040634308
-0.0030900046
-0.0011562391
-0.0019848325
-0.0014279995
-0.0012967883
-0.00051567661
0.0014614075
0.0023347328
0.0028641829
0.0035871423
0.0035162135
0.0018415261
0.0022321459
0.0029753747
0.0037828844
0.0032277544
0.0037056413
0.0042244965
0.0035285608
0.0028500715
0.0025201218
0.0030777866
0.00418053
0.0040929335
0.0032289115
-0.001227715
-0.0021236897
-0.0023338637
-0.00039634667
-1.2402434e-05
0.0043719996
0.0053250471
0.0028408049
0.00080376134
-0.001609032
-0.005577085
-0.0057802324
-0.0087320245
-0.012789845
-0.015649484
-0.015391816
-0.011920006
-0.0071914863
-0.0042615185
-0.0027449172
-0.0011683725
-0.001949072
-0.0021692347
-0.0015791928
-0.00067147628
0.00040994894
-5.6545382e-05
-0.0011665349
-0.0014955724
-0.001902021
-0.0043544066
-0.004317191
-0.0041161465
-0.0063984185
-0.0083624561
-0.0060412578
-0.007522017
-0.012889009
-0.016629027
-0.021780238
-0.025328265
-0.026614492
-0.03357796
-0.031175363
-0.024633294
-0.014831756
-0.014126187
-0.016756514
-0.018977287
-0.02313439
-0.028568791
-0.032966507
-0.037677388
-0.041337771
-0.043517321
-0.046723867
-0.050267827
-0.051748296
-0.053987892
-0.053922102
-0.054651103
-0.055771855
-0.057278709
-0.059132392
-0.057410629
-0.059349729
-0.058376521
-0.056359119
-0.052641584
-0.044125969
-0.036238096
-0.030461744
-0.024438443
-0.021576806
-0.024374475
-0.025919427
-0.020976807
-0.011026817
-0.0065218575
-1.9426272e-05
0.0021350931
0.0050039758
0.0095119563
0.013495163
0.017675525
0.022141747
0.022952798
0.022157187
0.031275184
0.038921097
0.040630962
0.047763548
0.052927856
0.052215904
0.054574206
0.05482561
0.056399179
0.055214726
0.052987577
0.049357894
0.045090935
0.039741979
0.031900429
0.024360224
0.01819707
0.013433454
0.0078169618
0.0044801072
0.0015763036
-0.0012632029
-0.0031688919
-0.0031509937
-0.0043596119
-0.0055027459
-0.0053435158
-0.0060309054
-0.0049652113
-0.0039476701
-0.0023595
-0.0017564515
-0.0012197538
-0.0019695904
-0.002924292
-0.0029439715
-0.0021207107
-0.0010238282
0.0017115511
0.003090787
0.0035615057
0.0030907413
0.0027614429
0.002255395
0.0026010496
0.0026265734
0.0040852958
0.0036916906
0.0038383387
0.0047761596
0.0047904684
0.0050695631
0.0050607702
0.0049735201
0.0050718283
-0.0030705838
-0.0049412962
-0.0021732999
-0.0012408217
-0.000118982
0.0014315908
0.0056160954
0.0033075916
0.002402672
-0.00086551927
-0.0031146921
-0.0072074265
-0.0095609275
-0.0089871078
-0.013889879
-0.014438859
-0.017218764
-0.012448918
-0.0075911929
-0.0056835365
-0.005397781
-0.0050071056
-0.0044544603
-0.0044960895
-0.0042211638
-0.0023018764
-0.0008788386
-0.00066492267
-0.0019101595
-0.0040042188
-0.0045654784
-0.0053089196
-0.0065444593
-0.0091464678
-0.010919611
-0.0095277902
-0.0077202952
-0.0081008467
-0.014353997
-0.018590918
-0.023529729
-0.028898138
-0.032999603
-0.037061912
-0.036093211
-0.030023019
-0.017203473
-0.011479801
-0.016822524
-0.020668371
-0.024658063
-0.028294164
-0.034478947
-0.038892282
-0.040792339
-0.043834912
-0.04844401
-0.054507278
-0.057115414
-0.058541724
-0.060444504
-0.061398186
-0.063344924
-0.065196599
-0.062481747
-0.062534577
-0.063598763
-0.063469875
-0.060810678
-0.056529651
-0.04563929
-0.037674935
-0.028956079
-0.030202723
-0.028485056
-0.027193663
-0.024050451
-0.019521381
-0.013889501
-0.010173403
-0.011065409
-0.0049093872
0.00023611569
0.0083797366
0.016706695
0.017966418
0.015343141
0.015591444
0.018383943
0.032669739
0.037276167
0.039729039
0.039963967
0.040247608
0.05058207
0.054872639
0.053971134
0.05209365
0.053228919
0.047942211
0.043410867
0.036124204
0.030923287
0.025276305
0.022283852
0.013182477
0.0092450628
0.0046337267
0.0022396749
0.001908122
0.00075735245
-0.00012235939
-0.0014187377
-0.0037338072
-0.0042101867
-0.005338115
-0.0040104188
-0.0031034304
-0.0028003377
-0.00095079549
-0.00035264351
7.335744e-05
-0.0023433398
-0.0024226931
-0.0012639959
-0.0010359517
0.00039117475
0.0025410601
0.0044867906
0.0056052971
0.0060795179
0.0052465016
0.0043473448
0.0040361574
0.0040599516
0.003356864
0.0038704999
0.004633067
0.0041880225
0.006864868
0.0084091649
0.008148495
0.0069504465
0.0031785739
-0.0064361145
-0.0043423117
-0.0032328126
-0.00035526463
0.0010596391
0.0035386851
0.0035867976
0.0050187697
0.0036748217
-0.00055738166
-0.0066457293
-0.011175099
-0.011397444
-0.010274129
-0.014788911
-0.014412724
-0.016069261
-0.012026737
-0.010293547
-0.0087409215
-0.0056087683
-0.0050655973
-0.0047419653
-0.0057859457
-0.0057977321
-0.0048314525
-0.0033308809
-0.0035619422
-0.0020490717
-0.0044918842
-0.0055728938
-0.0053729096
-0.007928818
-0.011735304
-0.012339798
-0.01026229
-0.0069367169
-0.010836791
-0.012817787
-0.015945004
-0.017890771
-0.023139208
-0.027864238
-0.030274655
-0.037232423
-0.033373207
-0.018936243
-0.013629252
-0.015238423
-0.018155701
-0.019087275
-0.022946787
-0.026106375
-0.030575339
-0.034264254
-0.040765937
-0.045982862
-0.050181746
-0.054305317
-0.06005855
-0.062647045
-0.067322834
-0.067729515
-0.070141183
-0.070241469
-0.066570182
-0.064125566
-0.061308866
-0.05640008
-0.049250618
-0.037009806
-0.032905731
-0.029651556
-0.028332698
-0.028409866
-0.030825414
-0.030876813
-0.023244993
-0.022986728
-0.013800668
-0.014015732
-0.012634555
-0.0076310113
0.00013879771
0.003970614
0.0029298518
0.0080999022
0.018275216
0.024090851
0.030402682
0.03652735
0.03999385
0.03970189
0.045924533
0.047836072
0.049966277
0.047377606
0.047856081
0.042760079
0.039299743
0.03441712
0.028608412
0.02490809
0.019625039
0.013707465
0.01161164
0.0098819234
0.0051543271
0.0049133235
0.0036986857
0.003986132
0.0032530503
0.0019184501
-0.0015371891
-0.0024205404
-0.0031447489
-0.0017566102
-0.0011465444
-0.00053242474
-0.0010755151
0.00050747625
0.00076715612
0.00058247108
0.0013469273
0.0014251337
0.0023056482
0.0029014006
0.0028475942
0.0016388579
0.00062571011
0.0011436006
0.0021494734
0.0029086353
0.0033322496
0.0047263073
0.0049921365
0.0044172856
0.0055280468
0.005481021
0.0035976579
0.0048936745
0.0067250844
0.0066362164
-0.0017292015
-0.0066177078
-0.0018731186
0.0018411321
0.0018711166
0.0033316558
0.0054490267
0.0055830409
0.0042155452
0.0050135223
-6.0154648e-05
-0.0052664705
-0.0076794446
-0.010095947
-0.0095375025
-0.014954301
-0.014869209
-0.010483409
-0.0044780609
-0.0026588059
-0.0019214976
-0.0025019032
-0.0019859398
-0.0025771316
-0.0024056224
-0.0036491434
-0.0038818025
-0.0023825842
-0.0031249842
-0.0033195182
-0.0057079356
-0.0065126485
-0.010305038
-0.012238322
-0.014032816
-0.015208484
-0.0099257514
-0.0093778368
-0.011104595
-0.013955275
-0.013090498
-0.015108777
-0.018626973
-0.025442974
-0.029166765
-0.032373926
-0.034452779
-0.023378022
-0.018390052
-0.018950243
-0.021294413
-0.021239194
-0.022401012
-0.025699105
-0.029689293
-0.035606617
-0.042563228
-0.048773369
-0.052953473
-0.058025181
-0.063148663
-0.067934983
-0.070540841
-0.071654078
-0.071195176
-0.070904902
-0.069330901
-0.068048765
-0.062625208
-0.054483933
-0.044934944
-0.037806177
-0.036171988
-0.036052186
-0.031233533
-0.033132631
-0.03145567
-0.035231684
-0.025447037
-0.023188948
-0.023036744
-0.021625853
-0.019606703
-0.013011603
-0.010888423
-0.0040084789
0.0015046314
0.01079442
0.017197359
0.020688673
0.026732629
0.031321664
0.033332545
0.035139012
0.036834769
0.040645373
0.040819137
0.040055728
0.037899253
0.034756365
0.031520862
0.028620564
0.024612275
0.020201901
0.017726471
0.016410308
0.013659932
0.013314264
0.01017992
0.010823235
0.0096336749
0.0087330708
0.0065051636
0.0051349454
0.0020735873
0.0012586903
0.0007806759
0.0010944156
0.0013358522
0.002215842
0.003729514
0.0040205091
0.0049185134
0.0057268379
0.0052893526
0.0047905533
0.0053039826
0.0064822229
0.0053740182
0.0038783144
0.0034338429
0.0024760005
0.0024855892
0.0036250542
0.0034618781
0.0030529176
0.0026636904
0.0027482833
0.0037742105
0.003639391
0.0010762661
0.0017802249
0.0036304779
0.0053231338
-0.00074059541
-0.0047994438
-0.0022759021
0.0010794
0.0039875385
0.0037033375
0.0059148517
0.0046711317
0.0013847113
0.0038169042
-0.0010680812
-0.0044534466
-0.0045896982
-0.0041436703
-0.0032597539
-0.001465222
3.2311794e-05
0.0027482183
0.0040691911
0.003258764
0.0019630085
0.00082285598
0.00075423719
-0.00065999013
-0.0029819416
-0.0044594942
-0.0037718879
-0.0034178615
-0.0037241208
-0.0055545052
-0.0077823219
-0.0096482347
-0.014642942
-0.016740492
-0.017488589
-0.020323355
-0.01462637
-0.013818035
-0.014835564
-0.013876733
-0.016200046
-0.01623836
-0.020496803
-0.025031615
-0.031604275
-0.03517225
-0.03480582
-0.025692355
-0.021461002
-0.021432153
-0.023058035
-0.021429699
-0.02331312
-0.027855392
-0.034140961
-0.040663259
-0.047640625
-0.053925002
-0.056969617
-0.062837553
-0.066030251
-0.067601475
-0.070578955
-0.072381287
-0.072187842
-0.074339867
-0.07070152
-0.068788385
-0.062922143
-0.052983966
-0.040324417
-0.038181521
-0.041331298
-0.034247022
-0.034703875
-0.034044702
-0.033203652
-0.034883599
-0.025623185
-0.026908859
-0.029398914
-0.029266353
-0.026413586
-0.020858971
-0.013081421
-0.0070165055
-0.0030360966
0.0024193158
0.0058732953
0.0097419952
0.014586585
0.021556435
0.022829946
0.025200803
0.026551211
0.029985617
0.032138827
0.030230596
0.026440922
0.028708041
0.026146869
0.022663893
0.021981767
0.020952526
0.021711868
0.019164536
0.017652991
0.015281699
0.015948119
0.015474134
0.015218306
0.012638399
0.0085812802
0.005819873
0.0050631458
0.0047799073
0.0049963159
0.0048884967
0.0041489887
0.0050339102
0.0045456375
0.0051054235
0.0062430755
0.0060304736
0.0068610745
0.0081717035
0.0086344188
0.007961693
0.0073196286
0.0075401682
0.0078105771
0.0070902617
0.0054601343
0.0047552809
0.0055740035
0.005680331
0.0062657608
0.0081707485
0.0065259369
0.0053049697
0.0042448552
0.0029894643
0.0040282263
0.0050019832
0.0029257576
0.00044745351
0.00014698926
0.0027917855
0.0050563397
0.009833534
0.010279677
0.0058307559
0.005810895
0.0044130488
0.0029612338
-4.1185524e-05
0.0030916902
0.0063394889
0.0057626574
0.0073040226
0.009067094
0.010693041
0.012681031
0.012333802
0.0096077948
0.011570488
0.011257427
0.01075631
0.007064004
0.0026567929
0.0018068497
8.8361257e-05
-0.00060895827
-0.0032853478
-0.0084532806
-0.012516226
-0.011334249
-0.01498694
-0.016676525
-0.020082562
-0.015263089
-0.014157833
-0.014850621
-0.015867416
-0.016874022
-0.017020252
-0.023966574
-0.025332523
-0.032979406
-0.036811161
-0.034176778
-0.026960679
-0.023181031
-0.024350109
-0.025298572
-0.023310148
-0.023440383
-0.029483528
-0.034775399
-0.040024804
-0.046162465
-0.053739238
-0.057483886
-0.060936735
-0.064312903
-0.065335746
-0.069365481
-0.067474792
-0.066593417
-0.066830592
-0.069260637
-0.065232646
-0.059157506
-0.045851909
-0.039414502
-0.037310094
-0.032660168
-0.02872893
-0.031046766
-0.029416372
-0.026608903
-0.024265599
-0.019557148
-0.022060015
-0.024039647
-0.02057229
-0.017352009
-0.014887976
-0.010460936
-0.0064416013
-0.0030265108
0.00030925653
0.0014706816
0.002914809
0.0055689537
0.0092242289
0.010849234
0.012461473
0.017029301
0.021834645
0.023288678
0.020422563
0.019726239
0.019772167
0.017993995
0.018744687
0.016015217
0.01455412
0.01654247
0.014650109
0.011592263
0.012408048
0.012257658
0.010747334
0.010955661
0.0089705129
0.0069121216
0.0045950395
0.0049142277
0.002900455
0.0036997947
0.0060734434
0.0068262512
0.0084362514
0.0082709099
0.0070152885
0.0085692875
0.0084389851
0.010163665
0.0090054037
0.01133012
0.012458913
0.0093860223
0.010109532
0.011460857
0.0087483751
0.0097385654
0.0089881877
0.0065780539
0.0061231178
0.0075524352
0.010549223
0.010850826
0.010411479
0.010307944
0.010512514
0.0085373799
0.008136026
0.0051423277
0.0093963973
0.012238164
0.0080686203
0.011644465
0.01094014
0.012640151
0.010624119
0.008102739
0.006642466
0.0072546927
0.0059268913
0.006737628
0.007287539
0.0092831107
0.010869142
0.011393651
0.012325327
0.011109303
0.012868499
0.014128551
0.014004488
0.014403802
0.013136762
0.012082523
0.0093106638
0.0061020836
0.0018578564
-0.0015635406
-0.00077896393
-0.0040628967
-0.0088176115
-0.0047539457
-0.0089421305
-0.011414457
-0.011637411
-0.010175228
-0.010626889
-0.013856035
-0.01681194
-0.015509
-0.016178813
-0.020423881
-0.021419436
-0.023169978
-0.024645255
-0.025648112
-0.02135062
-0.022236333
-0.023884893
-0.025631616
-0.025489988
-0.025602588
-0.02675989
-0.02836045
-0.033373609
-0.040234952
-0.046090048
-0.049806969
-0.052942406
-0.056400505
-0.057302881
-0.059923985
-0.055642406
-0.053989939
-0.059719836
-0.058171261
-0.054772389
-0.047362743
-0.034976975
-0.028869672
-0.024043968
-0.018424859
-0.014680895
-0.010613381
-0.010245347
-0.0081873504
-0.0067560529
-0.0055428689
-0.0060294854
-0.0067513358
-0.0056609788
-0.00445319
-0.0037064104
-0.0010297482
0.00042113611
0.0034666781
0.0067903772
0.0088986356
0.01063511
0.012125433
0.014000562
0.014391097
0.014804797
0.016492775
0.01579904
0.017560355
0.015600196
0.014236307
0.014308522
0.011194565
0.0098620017
0.008574145
0.0071333993
0.0075751502
0.0048660782
0.0035895351
0.0031200959
0.0044788457
0.0030108192
0.0038606707
0.005068273
0.0045412884
0.0035383514
0.0034818651
0.0074901837
0.0065515116
0.0060072694
0.0062333969
0.0099538802
0.011535795
0.014584601
0.014114756
0.013158156
0.012519731
0.012717386
0.011999026
0.012717984
0.011941473
0.013734154
0.015795509
0.013827776
0.012740675
0.013086611
0.014377185
0.010510855
0.010329097
0.012074342
0.01256092
0.011983206
0.013486664
0.010607792
0.0079386916
0.0066719323
0.0037728583
0.0066984348
0.014077525
0.015568528
0.013568255
0.014566693
0.01324218
0.010959023
0.010107621
0.011136823
0.0098027826
0.0071209815
0.0073222003
0.0081621088
0.0099291755
0.010706049
0.011404314
0.01174442
0.011680483
0.013359796
0.014003329
0.013608384
0.013410343
0.012204701
0.010693598
0.0070790075
0.0030837438
0.00054446164
-0.000674944
-0.0002837277
-0.0010881683
-0.0031869289
-7.8844045e-05
-0.00059772117
-0.00066382677
-0.0024744578
-0.0042945955
-0.00642945
-0.007488272
-0.01278921
-0.015759226
-0.015832948
-0.014405682
-0.014461908
-0.016680372
-0.016783929
-0.017054421
-0.01157749
-0.01420415
-0.020430864
-0.023241928
-0.025526744
-0.024022969
-0.026130196
-0.025283693
-0.029363433
-0.033044523
-0.03900473
-0.041469795
-0.045910795
-0.048025844
-0.048356182
-0.044686222
-0.042792495
-0.043015086
-0.044904409
-0.042547224
-0.036436572
-0.028437401
-0.018709087
-0.0082235247
-0.0010392295
-0.0011642625
0.0022210433
0.0032686948
0.0035279454
0.0063215349
0.01136735
0.012123655
0.012166348
0.0088617537
0.010981323
0.0071183882
0.0085985371
0.011126579
0.011126674
0.013111254
0.012554576
0.015875351
0.01667944
0.018011999
0.02018032
0.018983036
0.017323391
0.019544494
0.015516138
0.014587456
0.012714378
0.01053153
0.0085339272
0.0048712448
0.0041873398
0.0037341281
0.0019898553
-0.00051843219
0.00026196518
0.00047269584
0.001039974
0.0010807316
0.0021141831
0.0040596152
0.004457663
0.0047246443
0.0064351969
0.0071764615
0.0077971315
0.0089879874
0.0096947077
0.011860002
0.013704239
0.016334544
0.018951902
0.01951724
0.018842214
0.01763965
0.016122142
0.014372229
0.015001152
0.015767402
0.019372495
0.022524203
0.022737635
0.021416573
0.020565313
0.019165282
0.012974634
0.010522614
0.0097802925
0.0084574413
0.0065296085
0.007015802
0.0077768516
0.0030877613
0.0062838871
0.010123766
0.010832364
0.011876573
0.012831341
0.012784906
0.011960591
0.012297439
0.010257119
0.010810416
0.010621378
0.010970327
0.0099107227
0.0098518507
0.010088885
0.011297472
0.011664054
0.012511209
0.013379088
0.014841421
0.015979854
0.017055531
0.017404834
0.016921424
0.016040532
0.013656799
0.010532802
0.0063845569
0.0057356715
0.0031618262
0.0039677822
0.0017933959
0.0025156563
0.0051805135
0.0037637024
0.0012109629
0.00046899084
0.00024269422
-0.0026089923
-0.0029840402
-0.0052727755
-0.0085125204
-0.011483939
-0.013491951
-0.011703974
-0.010722425
-0.010907237
-0.013267403
-0.0056637446
-0.006865614
-0.015617579
-0.016081323
-0.017028744
-0.017931291
-0.019060265
-0.020530539
-0.023342165
-0.02502435
-0.028938124
-0.032164514
-0.033097716
-0.034974236
-0.03375529
-0.026985744
-0.027982204
-0.029872585
-0.029847784
-0.026297332
-0.019123524
-0.012488547
-0.0045054725
0.0061300661
0.014240734
0.0097757396
0.009027677
0.010557864
0.010111737
0.015409484
0.019901982
0.021361663
0.021724957
0.021017832
0.01898224
0.017352425
0.017324307
0.017813644
0.016630924
0.01534814
0.015459163
0.01699319
0.016538799
0.015506549
0.015475852
0.014832147
0.012733472
0.014088209
0.011406684
0.010900964
0.0074159659
0.004029051
0.00017832644
-0.0012501988
-0.0040044937
-0.004308523
-0.0050592557
-0.0055898246
-0.0068969434
-0.0055163322
-0.0023586517
-0.0012009606
-0.00089122137
0.0012541239
0.00066187916
0.00016469013
0.0020982638
0.005433746
0.0074667757
0.0087650102
0.011014611
0.014542073
0.016396762
0.018504536
0.020548864
0.020944606
0.021089781
0.020814457
0.019530851
0.018692267
0.020298831
0.02058095
0.024110945
0.025865898
0.025143589
0.023484769
0.023402293
0.019511027
0.014748475
0.01282622
0.011029632
0.0096777217
0.0074825767
0.0080245152
0.0041962925
0.0017655414
0.0054332034
0.0070488411
0.0086156028
0.0086334022
0.0084704035
0.0084356316
0.0091510361
0.0071801447
0.0074085281
0.0081422744
0.0085969853
0.0093004961
0.011451842
0.011115489
0.011157145
0.011556928
0.012725815
0.014213634
0.015453234
0.016230315
0.017392603
0.018584714
0.02086568
0.021684754
0.021023397
0.019612273
0.018135227
0.015148452
0.013376266
0.010796795
0.011020291
0.0080756849
0.0065697631
0.0088504927
0.0060653602
0.0030175732
0.0028505846
0.0011767161
0.00051927842
0.00095783265
0.00098118913
-0.0021716014
-0.0035194317
-0.0052873486
-0.0050629127
-0.0038542033
-0.0034582925
-0.0040806796
-0.0010837509
-0.0013054118
-0.0037671796
-0.0089840656
-0.011851845
-0.012282157
-0.013999616
-0.015131169
-0.017052928
-0.016642328
-0.019045208
-0.021292805
-0.022579441
-0.021813498
-0.019580795
-0.017483801
-0.021503463
-0.018698826
-0.016645416
-0.013025485
-0.0087881601
-0.003165951
0.0004262782
0.0084810862
0.014374153
0.012868069
0.010998852
0.013460941
0.015512332
0.016250197
0.019234032
0.020873009
0.022873421
0.022711921
0.02018362
0.021010221
0.019696144
0.016686814
0.015265764
0.01372142
0.013359007
0.013499758
0.011226338
0.010360439
0.010433031
0.0089471659
0.0078138736
0.0065142382
0.0048214583
0.0033189575
0.00029894497
-0.0034312747
-0.0070336482
-0.0088991579
-0.01092995
-0.012133118
-0.012302701
-0.012629822
-0.011650871
-0.010463304
-0.0084078767
-0.0072213478
-0.0057249235
-0.0043954831
-0.0038270364
-0.0044474312
-0.0045789457
-0.0021759411
0.00031195116
0.0035492479
0.0089848584
0.012207094
0.014686578
0.017319598
0.019317432
0.021382875
0.02337134
0.021910655
0.018947319
0.018706353
0.020085473
0.020925841
0.021478115
0.022288203
0.021031879
0.021301195
0.019118521
0.017016635
0.012356331
0.010796736
0.0072124818
0.0058779052
0.00600334
0.0059504605
0.0073276518
0.0063812231
0.0071590043
0.0070373058
0.0061078054
0.0048250448
0.0059195991
0.0052413424
0.0067174016
0.0079207225
0.0069726014
0.0070031997
0.0093685418
0.009596522
0.0098552677
0.010091314
0.010702139
0.01044801
0.011555873
0.01204432
0.012919614
0.014384402
0.017466611
0.018986619
0.020596601
0.022437759
0.024232334
0.02477342
0.024824549
0.023936691
0.020830143
0.01857087
0.017587454
0.014686467
0.011700592
0.014891756
0.010671652
0.0093794034
0.0067961816
0.0046119937
0.0054405846
0.0057570674
0.004270477
0.0045280274
0.0031312405
0.0026987843
0.002680974
0.0024576227
0.0032625932
0.0019373155
0.0032295039
0.0055779808
0.0054294828
0.0016417937
-0.0028935213
-0.0065813682
-0.0074176644
-0.0085672897
-0.0085591646
-0.0091863947
-0.010184621
-0.010764277
-0.010890937
-0.010254725
-0.0067782465
-0.0080529461
-0.013076286
-0.015626645
-0.012178574
-0.0076111463
-0.0046524135
0.00072488393
0.0023000691
0.0069330945
0.009408797
0.0087210034
0.008327023
0.011069923
0.011922965
0.0098250451
0.01103223
0.014214774
0.016473595
0.017483047
0.017554768
0.015186061
0.016636592
0.01463872
0.011883714
0.010880943
0.0095877871
0.0098964302
0.0089487303
0.0063671194
0.0049852808
0.0035955097
0.0026412322
0.0018875418
0.0012602929
8.3941391e-05
-0.0018962444
-0.0047964624
-0.0092433252
-0.011307706
-0.013168359
-0.014260841
-0.01345409
-0.014624046
-0.014166864
-0.012855829
-0.011854136
-0.010259999
-0.008698058
-0.0085990892
-0.0071257114
-0.0064423965
-0.0057049512
-0.0061942449
-0.0045348671
-0.0011239741
0.0015735367
0.004882535
0.0088918342
0.012486489
0.014152939
0.017005959
0.019117946
0.018498739
0.016529123
0.015795281
0.014956469
0.015999064
0.017834751
0.019533539
0.018003763
0.016685038
0.014716179
0.012965043
0.010537395
0.0096766908
0.007566304
0.0064958374
0.0055849451
0.0069721267
0.0099106539
0.0092689039
0.0094517372
0.0089682819
0.0066219918
0.0057610836
0.0032108232
0.0024937227
0.0042195428
0.004369462
0.0063399183
0.00642725
0.0070507739
0.0081683201
0.0082802456
0.0079454255
0.0073388818
0.0080416786
0.0089654564
0.0098444378
0.010279358
0.011515558
0.013872253
0.015744824
0.017430736
0.019050086
0.021377666
0.023108393
0.025276964
0.026668181
0.026522375
0.023348363
0.021135956
0.021141628
0.018594093
0.020022464
0.018404972
0.016293559
0.013496887
0.011974535
0.010532632
0.010776021
0.0090461209
0.0072230218
0.0082493693
0.0072432557
0.0084710886
0.0089607207
0.0082250855
0.0085958725
0.0088044093
0.013564251
0.012037716
0.0076123732
0.0053825162
0.0012123719
-0.0021199636
-0.0050506338
-0.0045713104
-0.0052409452
-0.0053956304
-0.0052300086
-0.0046779579
-0.0026107655
-0.00056058879
-0.0032460659
-0.0075843453
-0.009459552
-0.0097630305
-0.0106599
-0.0078973261
-0.0047509289
0.00012476228
0.003162807
0.0029367005
0.0012989461
0.0021599933
0.0021696876
0.0019343493
0.0010978065
-0.00021934892
0.0028521704
0.0067900102
0.010167873
0.010571072
0.0097884395
0.010348705
0.010581791
0.0093598971
0.0072022205
0.0068575697
0.0064695649
0.0060264426
0.004063392
0.0021548073
0.00094710991
0.001079845
0.00067099859
-0.00025768402
-0.0012768012
-0.0022750918
-0.0045846602
-0.0073803848
-0.0094212056
-0.010442457
-0.010864601
-0.011747668
-0.011610918
-0.011819406
-0.011467809
-0.010754494
-0.0086785896
-0.0089682776
-0.0078134933
-0.0071669762
-0.0069148681
-0.0050393218
-0.0042471783
-0.0029210919
-0.0024604401
-0.0010675266
0.0021930729
0.004239581
0.0067867881
0.009764593
0.012217042
0.013741827
0.014807817
0.014771673
0.013053419
0.01188781
0.011133965
0.012697775
0.013771915
0.013258024
0.013011684
0.01304711
0.011142787
0.010510551
0.010947336
0.006834466
0.0045518397
0.0052069624
0.0078873217
0.0088423668
0.0070492924
0.006651756
0.0077589324
0.0071625586
0.0056012394
0.0049095898
0.004788245
0.003251538
0.0036066101
0.0043697116
0.0050272526
0.0050021086
0.0061882411
0.0059020374
0.0057554746
0.0052477156
0.0055510152
0.0066075593
0.0075507408
0.0082092234
0.0083592927
0.008642785
0.011073539
0.012570159
0.014530778
0.016193214
0.017500585
0.020163042
0.024340356
0.02568258
0.02379179
0.023367896
0.02402152
0.023260495
