0.0022305996
0.0017083859
0.0018187369
0.0011647377
0.0012194733
0.00026576182
0.0022591341
0.0021162369
0.00085541236
4.3693777e-05
0.00092116149
0.00045185339
-0.00092755534
-0.0011726088
-0.00013995298
0.00060894871
0.0025722755
0.0036470881
0.0035209421
0.0026187857
0.0019866563
-0.00099155564
-0.0024029869
-0.0018670808
-0.0034099041
-0.0038868728
-0.005905191
-0.0068232411
-0.0049127383
-0.0055309333
-0.0068296836
-0.0069153843
-0.0080509657
-0.008438594
-0.0097391851
-0.0088944551
-0.008611151
-0.010374253
-0.010894877
-0.010402202
-0.011734419
-0.013796277
-0.013797282
-0.014174694
-0.016756487
-0.017452809
-0.018558664
-0.017718393
-0.016221712
-0.013368144
-0.010055598
-0.0094736175
-0.0066813463
-0.0040267436
-0.0027470492
-0.0021865212
-0.0010979539
-0.00040966482
-0.0021908735
-0.0039738746
-0.0033133598
-0.001171831
-0.0024689889
-0.005113612
-0.0082893346
-0.0082320583
-0.0083488351
-0.0062337188
-0.004657956
-0.0031584473
-0.0022003273
-0.0021605313
0.0019903795
0.0043908617
0.0054789446
0.0067868039
0.0093968063
0.01214858
0.013897287
0.013251347
0.012546986
0.010696961
0.0074838509
0.0050222212
0.0059604881
0.0043250671
0.0035529825
0.0041698143
0.0065402463
0.0074623362
0.0067098345
0.0053273343
0.0041024628
0.003601082
0.0026304609
0.0029633815
0.0035669139
0.0035085101
0.0020519762
0.0035370594
0.0036130081
0.0037114587
0.0027069433
0.0029130388
0.0036775507
0.0043475735
0.0039067638
0.0033772036
0.0030311747
0.0033505278
0.0033863327
0.0033535704
0.0044160427
0.0062398815
0.0064153064
0.0072297455
0.0087978896
0.0081451561
0.01172341
0.013477793
0.012438593
0.012201122
0.012481099
0.01369362
0.0096993518
0.0087070146
0.0099590347
0.0098219372
0.0091356487
0.0076902822
0.005620775
0.0025354705
0.0018708091
0.00099370454
-0.00017327262
-8.6801561e-05
-0.00085638347
0.00040657252
0.0010790151
0.00098087146
0.0018174242
0.002045437
0.0024446341
0.0025368737
0.0020132967
0.0015559685
0.0013151015
0.00010350686
-0.00084662126
-0.0014535743
-0.0016040725
-0.0022495643
-0.0026197337
-0.0017362085
-0.0015722154
-0.0013806889
-0.0022201163
-0.0030244179
-0.0026524828
0.00011633463
0.0015920923
0.0020324841
0.002070163
0.00099147417
-5.1220598e-05
-0.00078109634
-0.0027499376
-0.002619615
-0.0025531214
-0.00578143
-0.0074105438
-0.0077805965
-0.0080473016
-0.0075454855
-0.0090279054
-0.010303321
-0.011238891
-0.012786564
-0.013095789
-0.012430241
-0.013434206
-0.014202802
-0.015047746
-0.013605632
-0.01277648
-0.012411169
-0.011854784
-0.011252354
-0.011761948
-0.010461489
-0.011430241
-0.010580965
-0.0078990719
-0.0039371407
-0.0027871568
-0.00072113742
0.00065580157
0.0033999852
0.0036122469
0.0038427861
0.0062077536
0.0068093852
0.0066150202
0.0055948655
0.0069225118
0.006033639
0.0052729925
0.0029692631
0.0010405444
-0.00042991647
0.0007067581
0.0013839522
0.0035646186
0.0046818839
0.0063276548
0.0084441028
0.01004182
0.0080756109
0.0081277217
0.0093135473
0.011624289
0.011550742
0.010825479
0.0098242177
0.0085187736
0.0050300695
0.0030481147
0.00097198212
-4.3533935e-05
0.0012945373
0.0042657106
0.0047536128
0.0065186632
0.007358862
0.0072119915
0.0037948943
0.0022179555
0.0011687064
0.0022407296
0.0031452196
0.0030753
0.0034337275
0.0037206185
0.0036706869
0.0024789577
0.0023797913
0.0019447863
0.0023662585
0.0026407192
0.0032118294
0.0026168434
0.0031803393
0.0025388795
0.0029265798
0.0032008627
0.0039966039
0.0050158757
0.0062949168
0.0061069349
0.0065567846
0.0073055558
0.01014785
0.013108331
0.014552817
0.01254813
0.013089748
0.010511831
0.010996382
0.0093793069
0.0082590517
0.0076211654
0.0061642221
0.0057666093
0.0046862231
0.0022753345
0.0010358419
0.001542478
-3.0290265e-05
0.00023150017
-0.00093668913
-0.00031830081
0.00030163813
0.0011506873
0.0012145445
0.0014902891
0.0016687495
0.0017397245
0.0015912745
0.0022350003
0.0020266674
0.0015721934
0.00014916293
-0.0010783208
-0.0032809854
-0.0052732456
-0.0060024693
-0.005996138
-0.0047026533
-0.0044627676
-0.0054625141
-0.004333656
-0.0031046859
-0.0030579302
-0.0028589537
-0.0020301441
-0.0017594788
-0.00076527383
-0.0013418583
-0.0035846132
-0.005161082
-0.0062627627
-0.0050690232
-0.005159914
-0.011221586
-0.014849506
-0.015327472
-0.013546306
-0.012045792
-0.014893715
-0.016012094
-0.017992127
-0.018763881
-0.01926775
-0.021070792
-0.021521525
-0.019855877
-0.018199805
-0.015459206
-0.01222283
-0.011288995
-0.0099603526
-0.008796022
-0.007312586
-0.0058067128
-0.0044917667
-0.0033790404
-0.0017223179
0.00095129509
0.0045872491
0.0068289032
0.0086317402
0.008589439
0.0088300614
0.010036747
0.011548127
0.013857995
0.014837366
0.016662103
0.017270506
0.017515969
0.015730493
0.014002004
0.01361984
0.012178448
0.01473027
0.014187457
0.015945658
0.015251728
0.014994269
0.015568025
0.016849641
0.014876203
0.012491598
0.010857655
0.0087120425
0.0068587511
0.0057965699
0.0024047679
0.0017868251
0.00014821137
-0.0011796774
-0.0021910994
-0.002097045
0.0012123019
0.003103275
0.0047989505
0.0063235914
0.0067360896
0.0054470255
0.0035062497
0.00088248595
0.0011281899
0.00084499939
0.0021363514
0.0025018794
0.0033308249
0.0039580407
0.0033779291
0.0028064242
0.0023711092
0.0027337094
0.0022460375
0.0021367256
0.0033151762
0.0033165395
0.0033808187
0.00311089
0.0038226111
0.0038705503
0.0047203736
0.0048307416
0.0048503318
0.0041563884
0.0064632361
0.010421231
0.0099561024
0.01228932
0.008056658
0.0094257316
0.011779431
0.0095977701
0.0085437156
0.006306584
0.0046366138
0.0022982892
0.0012629209
0.00039412348
0.0016501188
-0.0019749705
-0.0025295052
-0.0019963851
-0.000885847
-0.00025985961
-0.00027329499
0.00045364577
0.0017089279
0.001904777
0.0023829236
0.0016856882
0.0020820131
0.0014475057
0.0021674734
0.0015279806
0.0017070559
0.0010669316
0.00014778715
-0.0025616262
-0.0026593275
-0.0027397343
-0.0067768163
-0.0090215059
-0.0077202489
-0.0062249034
-0.0082569722
-0.0088543226
-0.007718814
-0.0077780876
-0.0049241947
-0.0043483367
-0.0066501222
-0.0069610662
-0.0098022917
-0.0097622209
-0.011738518
-0.0116067
-0.012539032
-0.015234541
-0.018242868
-0.022053082
-0.023893149
-0.020677037
-0.022383319
-0.025026672
-0.02787587
-0.030460196
-0.031726213
-0.033350232
-0.034851089
-0.031375098
-0.027004168
-0.024196291
-0.022334157
-0.017041227
-0.011312406
-0.011877668
-0.0095328199
-0.0079563026
-0.0050795733
-0.0037873812
-0.0029334719
-8.1745531e-05
0.0042196357
0.0065153484
0.0075444512
0.0090507289
0.010660824
0.011270364
0.012803079
0.016278497
0.021279262
0.026905143
0.029414895
0.029066976
0.029188638
0.029623855
0.027961675
0.026138451
0.025156811
0.028678204
0.026980086
0.026614544
0.023682416
0.02117691
0.02220279
0.018775016
0.015564306
0.013225423
0.010864463
0.0087559094
0.0032662119
0.0008672699
0.00088387577
-0.00031638193
-0.0029337157
-0.0023999993
-0.003074224
-0.0020065594
-0.00088541403
0.00036919019
0.0021783544
0.0015536031
0.0018090471
0.0013509314
0.0010181824
4.2154027e-05
0.00054465539
0.00052318947
0.0023757743
0.0024055719
0.0027094613
0.0029325576
0.0021778404
0.0013292441
0.0015003637
0.0019089847
0.0029308484
0.0024882749
0.0026223253
0.0031510742
0.002814752
0.0027530954
0.0028173703
0.0026935299
0.0039044252
0.004914148
0.0044759248
0.0038657765
0.0043494465
0.004986909
0.0029633452
0.0022911914
0.0048741621
0.0080391047
0.010059814
0.0077439133
0.0046759933
0.0022589972
0.0004174032
-0.0019973076
-0.0056475101
-0.0071833951
-0.0068804705
-0.0075662226
-0.0048709437
-0.001856506
-0.00021254415
0.00025233031
0.00029164484
0.0010549493
0.0020625831
0.0023139978
0.003150233
0.002202161
0.0024700496
0.0017279207
0.002126005
0.00089313947
0.00065727905
-0.00029093924
-0.00044058552
-0.003070065
-0.002551261
-0.0011476465
-0.0066285834
-0.0074839805
-0.010463402
-0.013165982
-0.013807186
-0.013857325
-0.013297056
-0.0098554464
-0.0059023049
-0.0046398465
-0.0077604163
-0.011076804
-0.014324318
-0.016313131
-0.017284918
-0.019237419
-0.022537975
-0.026156374
-0.028614335
-0.034450438
-0.038673568
-0.038074745
-0.03624899
-0.039006014
-0.043400586
-0.043966315
-0.045640511
-0.046034433
-0.047373605
-0.043803471
-0.039261465
-0.036571588
-0.032845325
-0.024585228
-0.018924255
-0.015473526
-0.015173029
-0.014273936
-0.012845917
-0.01043681
-0.0080758839
-0.0042675262
0.00087843494
0.0021867141
0.0028468544
0.0030025804
0.004536517
0.0096307082
0.012544068
0.017778749
0.024692746
0.028853659
0.034301315
0.033254025
0.034695921
0.035779684
0.035497457
0.038536344
0.036540283
0.038444263
0.035770504
0.034925993
0.032566446
0.030793204
0.027041869
0.020928853
0.017895167
0.010548457
0.0074277656
0.0033343086
0.0010184179
0.00083539431
0.00018011717
-0.0012681897
-0.0030316355
-0.001580279
-0.0044142194
-0.0050535948
-0.0032738522
-0.0029078801
-0.0008502388
-0.003078494
-0.0025377576
-0.00035503638
-0.0014576212
-0.0010439718
-0.0006937687
-0.0002034823
0.001229786
0.0019996047
0.0023038449
0.0024649927
0.0022995642
0.0004956826
0.00019178166
0.0007260039
0.0020424424
0.0012839461
0.0022939304
0.0029605977
0.0027890185
0.0026662932
0.0029574529
0.0042482403
0.0055477049
0.0057188703
0.005246539
0.0001517779
-0.0012964022
-0.00054997293
0.0019025918
0.0016194534
0.0046667278
0.0060369476
0.0054765165
0.0041640322
0.0022976683
-0.0019797172
-0.0037963303
-0.0058668786
-0.0097731519
-0.011388399
-0.011446351
-0.0092273375
-0.0061140033
-0.0035730041
-0.0021079791
-0.00072068832
-0.00044292649
-5.6010023e-05
0.00099362345
0.0017554564
0.0032007343
0.0027388662
0.0018104186
0.001640784
0.0012759052
-0.00073550475
-0.00015947758
-4.8576788e-05
-0.0012943365
-0.0037784629
-0.00091905157
-0.00080508587
-0.0048966327
-0.0082818069
-0.014156172
-0.018756435
-0.019040987
-0.024109895
-0.020578281
-0.015121513
-0.0063895426
-0.0052024094
-0.010684749
-0.013215309
-0.017366864
-0.0217625
-0.024389331
-0.029644805
-0.033174985
-0.036325071
-0.039538521
-0.043252574
-0.046507403
-0.048396817
-0.048632593
-0.049858406
-0.052016852
-0.054752477
-0.057134869
-0.055533059
-0.058079203
-0.058412656
-0.055625225
-0.052271
-0.042846738
-0.0355332
-0.031612461
-0.027734091
-0.024634274
-0.025645715
-0.026930736
-0.024084786
-0.017988076
-0.0148951
-0.010907698
-0.0083119024
-0.0083994007
-0.0052963919
-0.0025735102
-0.00011213478
0.0045992358
0.0092476617
0.0098791674
0.018980611
0.024955781
0.026092193
0.033513054
0.037864354
0.03772417
0.03944242
0.038203205
0.039407568
0.038269303
0.037415005
0.034581658
0.032528763
0.028332994
0.02182602
0.015394863
0.010573188
0.0065455134
0.0019887742
0.0014255049
0.00036469872
-0.0017639072
-0.0025242976
-0.0022939349
-0.0034157483
-0.0046937317
-0.0051138887
-0.0059551117
-0.0044831505
-0.0033278206
-0.001852999
-0.0013320136
-0.00087307717
-0.001048329
-0.0018723032
-0.0013982354
-0.00050457953
0.00030540216
0.0023815219
0.0024643777
0.0029341631
0.0022853083
0.0018196766
0.0016696875
0.0019123751
0.0018846772
0.0027301752
0.0027820038
0.0030165191
0.0039953368
0.0047137932
0.0055881907
0.006797708
0.0069693221
0.0063387928
-0.00039850933
-0.0022667764
0.00017930103
0.00048932191
0.00078967989
0.0017988793
0.0050745759
0.0033162073
0.0031313572
0.0017094099
-0.00018067196
-0.0040468946
-0.0078904713
-0.007013384
-0.01050459
-0.010260171
-0.012370887
-0.010273958
-0.0059941445
-0.0047625714
-0.0035339274
-0.0029237134
-0.0012378145
-0.0014408225
-0.00063157171
0.00077433947
0.002405302
0.002638864
0.0015952565
-0.00088962914
-0.00080323138
-0.001333695
-0.0019213608
-0.0031966759
-0.0054658092
-0.0036705265
-0.0021022986
-0.00088292381
-0.0065961269
-0.01160727
-0.016526019
-0.022280287
-0.025047761
-0.027679211
-0.025216518
-0.019548194
-0.0085854925
-0.0044078885
-0.011935965
-0.016853424
-0.021293132
-0.024266411
-0.028901174
-0.033918191
-0.035691204
-0.038953761
-0.042798313
-0.04986222
-0.053483695
-0.054301916
-0.056698382
-0.059658023
-0.062259445
-0.065993993
-0.065991975
-0.065820594
-0.066636456
-0.068632203
-0.06646559
-0.062059177
-0.052200381
-0.0462755
-0.038747361
-0.040995195
-0.040326845
-0.038776882
-0.035671873
-0.032817116
-0.028172047
-0.023952958
-0.024631666
-0.021884654
-0.019036694
-0.011121452
-0.0026892043
0.0010761427
-0.00031801082
0.00108164
0.0058514214
0.019301321
0.024026699
0.026130252
0.024596801
0.025650833
0.034955991
0.039117071
0.039448602
0.0363997
0.03882497
0.035481362
0.031819666
0.026287686
0.023399144
0.017941557
0.015655236
0.010001366
0.0064363754
0.003701743
0.0019115295
0.0027600677
0.0026465537
0.0013094267
0.00015517594
-0.0016595552
-0.0026941908
-0.003344371
-0.0027442605
-0.0015635105
-0.0015808905
7.9425075e-05
0.00069409193
0.0017339209
-0.00050606421
-0.00069131505
0.00063761193
0.00058023658
0.0018670927
0.0038899249
0.0051271877
0.0058683677
0.006759439
0.0058835284
0.004956015
0.0046517117
0.0046103187
0.0037757859
0.0034501009
0.0049315589
0.0046773172
0.0072898345
0.0085517798
0.0091140197
0.0088058143
0.00501028
-0.0034917519
-0.0014520485
-0.0010235257
0.0010993037
0.0023740823
0.0032530078
0.0026151981
0.004439224
0.0038655311
0.0013927024
-0.0033704428
-0.0082205304
-0.0085562346
-0.0078579035
-0.011841494
-0.010866624
-0.011993885
-0.010898419
-0.0092727957
-0.0064813114
-0.0030157839
-0.0015675762
-0.00063574236
-0.00141059
-0.001651995
-0.0011553357
0.00041249904
-0.00018322433
0.001159611
-0.00083360774
-0.0022052622
-0.0023742318
-0.0041065198
-0.0068203014
-0.0072889433
-0.0064456543
-0.0025242801
-0.0054964124
-0.0087645549
-0.012250259
-0.013642106
-0.018781992
-0.022361288
-0.022724354
-0.028098866
-0.025716585
-0.012380169
-0.0080374422
-0.013229641
-0.016990539
-0.018392101
-0.022651956
-0.02552991
-0.02925344
-0.03257057
-0.038538218
-0.045880332
-0.050279969
-0.053972672
-0.059673749
-0.063060314
-0.068615691
-0.07146611
-0.075137202
-0.076626341
-0.074592372
-0.071466538
-0.070315211
-0.066117091
-0.059474273
-0.048934891
-0.045767202
-0.042034857
-0.041375595
-0.043040403
-0.04463919
-0.04588101
-0.040743454
-0.04004132
-0.028454612
-0.032785338
-0.029260953
-0.024209268
-0.016573937
-0.011006473
-0.010906331
-0.0045679841
0.0070174655
0.011399767
0.01697778
0.023725608
0.027278466
0.026679806
0.034571882
0.037751046
0.039618942
0.038151465
0.03825899
0.03472832
0.031017794
0.027390386
0.023353217
0.020819897
0.016084389
0.011583359
0.01059787
0.010371758
0.0075422813
0.007262701
0.0059237096
0.0061748691
0.0062030174
0.0042384859
0.00077603787
-6.3383293e-05
-0.0021659554
-0.00053541797
-0.00014640278
0.00092370087
0.00048024974
0.0018676478
0.0027364843
0.002724364
0.0033021286
0.0034466164
0.0037679287
0.0046656068
0.005301449
0.0038993363
0.0029987364
0.0032191939
0.0037756211
0.004719559
0.0047236798
0.0065568088
0.0067356933
0.0058418235
0.0067985138
0.0070438378
0.0052364346
0.0061025678
0.0083703547
0.0083525562
0.00051113516
-0.0043462935
-0.0014707603
0.0029368665
0.0021064394
0.0019868638
0.0034338932
0.0030479469
0.0012901402
0.0036183383
0.00069331229
-0.0038691441
-0.0068913284
-0.0087164155
-0.0085886401
-0.011402783
-0.010481615
-0.008019099
-0.0024290915
-0.00042878654
0.00051884453
0.00034406268
0.00038575067
0.00032223513
0.0010314702
0.00045773245
-0.00051597692
0.00079934649
-0.00024136777
-0.00022827206
-0.0023329869
-0.003300143
-0.0070015282
-0.0086259866
-0.0093718281
-0.012892276
-0.0089421449
-0.0080672511
-0.0088722247
-0.013602683
-0.011827355
-0.013082795
-0.016108809
-0.020853945
-0.022564278
-0.024637937
-0.028341334
-0.017964658
-0.013683472
-0.01652761
-0.020760164
-0.020847096
-0.022736423
-0.026975597
-0.031036048
-0.038155241
-0.045459872
-0.053143329
-0.056625075
-0.061750365
-0.067738325
-0.073251375
-0.076982462
-0.078863198
-0.078856378
-0.079571226
-0.078957715
-0.077865072
-0.072244932
-0.063543074
-0.053492551
-0.047569514
-0.045053166
-0.045192086
-0.042392688
-0.04478455
-0.043824609
-0.049164942
-0.040760502
-0.037659576
-0.038557294
-0.036563038
-0.034765612
-0.028201102
-0.026507845
-0.01865191
-0.012974563
-0.0029864708
0.0051082857
0.0083946988
0.015590547
0.021487551
0.022918311
0.027171839
0.028623158
0.033744113
0.034950933
0.034678252
0.03244804
0.030139906
0.027595058
0.025103012
0.022129831
0.017958612
0.015995117
0.015127564
0.012940657
0.012504759
0.01091387
0.012531026
0.011853112
0.011024559
0.0086760174
0.0063680879
0.0032980218
0.0026404926
0.0013890222
0.0018476275
0.0016995941
0.0025704592
0.0045413476
0.005190135
0.0057115602
0.0067806213
0.0070333245
0.0068129925
0.0069466836
0.0085709573
0.0078092376
0.0063110962
0.0054916973
0.0047151622
0.0048626318
0.0063022703
0.0064207489
0.0057220233
0.0052723187
0.0049722129
0.0060829596
0.0063759004
0.0038980519
0.0039396841
0.004902663
0.0061708603
0.00038216414
-0.004590355
-0.0020551048
-0.00036166598
0.0022872548
0.0017871984
0.002765274
0.0029566734
-0.00091366922
0.0010544421
-0.0026200986
-0.0042974188
-0.0050948266
-0.0038666702
-0.0009699625
0.0020025552
0.004038341
0.0059014046
0.0069223325
0.0050063685
0.0031226548
0.0029185512
0.0030569972
0.0019813641
0.0003630967
-0.0012026459
-0.00045249613
-0.00059351844
-0.00094348536
-0.0022683337
-0.0041132942
-0.006151738
-0.011966361
-0.013774774
-0.015792039
-0.020541092
-0.016588749
-0.014355848
-0.015275548
-0.014488004
-0.015682169
-0.015178843
-0.019190407
-0.021402563
-0.025698673
-0.028368682
-0.028017142
-0.020917665
-0.018329345
-0.018489241
-0.02194201
-0.021386238
-0.023496781
-0.030188679
-0.038518326
-0.046992932
-0.054565883
-0.061417229
-0.065090146
-0.071234704
-0.075363647
-0.077457987
-0.080482118
-0.083043721
-0.084119015
-0.085768107
-0.081548037
-0.078793571
-0.071779856
-0.060598048
-0.046053521
-0.044059951
-0.04965164
-0.044241218
-0.04378343
-0.043679105
-0.043819027
-0.04776163
-0.039106342
-0.041080052
-0.041778577
-0.040278727
-0.038222033
-0.034414284
-0.026842043
-0.019856774
-0.014671785
-0.0084692286
-0.0037582135
0.00054330884
0.0065927927
0.014434483
0.016989555
0.019500113
0.021502874
0.024983502
0.027993935
0.026870535
0.022376737
0.024178214
0.021750308
0.020005167
0.017698371
0.017821421
0.018784344
0.016414111
0.016284224
0.014548608
0.016090779
0.016184279
0.017443652
0.014551302
0.0093435629
0.0058121595
0.00558383
0.0051021653
0.0050159795
0.0049697573
0.0042084334
0.0045955324
0.0043057647
0.0051392348
0.0066782693
0.006343389
0.0082912008
0.010134503
0.010834503
0.010244274
0.010397746
0.010622996
0.010948078
0.010575397
0.0088138557
0.0082622163
0.0091403724
0.0092946896
0.0091091596
0.010485606
0.0086956895
0.0072218183
0.0058956454
0.004713073
0.0042708253
0.0041568532
0.0018428091
-0.0013557909
-0.0019864541
-0.00081770582
0.00040121802
0.0054263343
0.0052139329
0.0018874499
0.0022712405
0.00047097402
0.00014867023
-0.0024153146
0.00092980428
0.0063486872
0.0069535818
0.0086865025
0.010447454
0.010359421
0.01198555
0.01275607
0.010370252
0.011810475
0.012244201
0.013001574
0.009953556
0.006043609
0.0059076901
0.0044611312
0.0016667495
-0.00018065067
-0.0054858377
-0.0091805362
-0.011071267
-0.01358402
-0.016243889
-0.020514417
-0.015302629
-0.013112469
-0.012601394
-0.013310244
-0.014930325
-0.014019319
-0.019992817
-0.021266
-0.028339409
-0.03167616
-0.027250434
-0.020763437
-0.018246904
-0.020671475
-0.022946448
-0.022430833
-0.02336421
-0.031164948
-0.039308896
-0.048295304
-0.056425619
-0.064432048
-0.069499432
-0.071405873
-0.075462545
-0.0768783
-0.083365071
-0.080154411
-0.07954749
-0.078278606
-0.081395828
-0.076293438
-0.067944284
-0.050830606
-0.044322627
-0.043621014
-0.040645791
-0.036523613
-0.03752982
-0.037134906
-0.034393563
-0.032820696
-0.030079253
-0.032017544
-0.0324462
-0.028532749
-0.024543626
-0.022605967
-0.018056807
-0.014325014
-0.0097160704
-0.0065403006
-0.0047667211
-0.0016472772
2.3052143e-05
0.0034007069
0.0084795582
0.010632309
0.013834344
0.017534165
0.02027283
0.018292363
0.01716757
0.016589949
0.01557165
0.016480704
0.014180775
0.013133734
0.015345048
0.013429234
0.012534678
0.014575435
0.015626048
0.015304028
0.016002658
0.01256027
0.010421504
0.0075616263
0.0081394962
0.0057045609
0.0045200876
0.0070515421
0.0066479685
0.0087527624
0.0095974794
0.007099975
0.0098100847
0.009168013
0.011384137
0.010295166
0.012120505
0.014623991
0.012713365
0.013172503
0.015593417
0.012894963
0.012818179
0.011455812
0.009056615
0.0092899223
0.010744234
0.01293756
0.013087156
0.011974432
0.011674743
0.010460599
0.0064913716
0.0059147309
0.0026172175
0.0086898149
0.0095557102
0.0044136942
0.0079848836
0.0056533045
0.0073861561
0.0060445642
0.0046965202
0.0029750504
0.0037001224
0.0027991751
0.0046097412
0.0059096955
0.0089122264
0.010163501
0.010700827
0.011776426
0.0096492866
0.012815745
0.014492992
0.013980138
0.013938658
0.012745725
0.012161895
0.0097774378
0.0067621681
0.0027735398
-0.0016939423
-0.0005728899
-0.0024313381
-0.0082226831
-0.0034891655
-0.0066132743
-0.009216637
-0.0094471779
-0.0065354113
-0.0064728556
-0.0093161176
-0.011620193
-0.011792661
-0.011837714
-0.016288516
-0.016948358
-0.021363943
-0.022090263
-0.022404182
-0.017070166
-0.017547452
-0.019894879
-0.023196975
-0.025233672
-0.026488718
-0.029138119
-0.032300771
-0.039934694
-0.049393816
-0.058195482
-0.063077941
-0.066991904
-0.070701114
-0.071265772
-0.07412007
-0.068737252
-0.066290164
-0.073350378
-0.07214737
-0.067837896
-0.058187946
-0.042376429
-0.033635306
-0.031525663
-0.027258692
-0.021258936
-0.014201931
-0.013991425
-0.011679163
-0.0097915873
-0.0085907991
-0.0090920177
-0.0086564864
-0.010374103
-0.009871827
-0.0080610875
-0.0037187094
-0.00093733225
0.0011671186
0.0039074816
0.0055529699
0.0081969184
0.0096847386
0.011098244
0.013655091
0.014997788
0.015795574
0.01492443
0.017653467
0.016153819
0.013932617
0.013750477
0.010650784
0.0091024566
0.0086187097
0.0070736844
0.009591968
0.0069170271
0.0072505362
0.0086669919
0.010629479
0.0095332853
0.01049142
0.011702268
0.010538685
0.0089494645
0.0075779255
0.011763268
0.010286566
0.009203246
0.0076303761
0.010496734
0.011390895
0.014785563
0.01539559
0.013898341
0.013557393
0.01479209
0.014381273
0.014521461
0.014861768
0.016346284
0.019349748
0.018043798
0.017278433
0.017685371
0.018623182
0.014850268
0.014141007
0.015052368
0.015136456
0.01379364
0.016483627
0.013227419
0.0070486864
0.0046473476
0.0021774555
0.0078855525
0.010921184
0.01143545
0.0093396674
0.010612391
0.0092356035
0.0082299243
0.0080230531
0.0097143624
0.009654595
0.0065343824
0.0065951628
0.0073933314
0.0092505335
0.010076253
0.011126623
0.011304426
0.011196388
0.013031462
0.013515084
0.01262879
0.011726655
0.011224812
0.010074352
0.0070238338
0.003602735
0.00048588899
-0.00039869055
-0.00054779521
-0.00011206663
-0.002213434
0.0022420631
0.001209418
0.0019641128
0.0010141736
-0.0014320873
-0.0032000261
-0.0023430641
-0.00800489
-0.013469405
-0.014071897
-0.013213203
-0.012266497
-0.016709362
-0.017482327
-0.019513911
-0.011624675
-0.012424133
-0.019410008
-0.022414527
-0.027616263
-0.027068906
-0.03016552
-0.030392686
-0.036691657
-0.042176796
-0.050524268
-0.054963254
-0.060679687
-0.06388968
-0.063780423
-0.056546193
-0.054156137
-0.056517331
-0.058944126
-0.056330152
-0.048282087
-0.037920859
-0.024859021
-0.011348297
-0.0048928184
-0.0062343624
-0.00013071418
0.001915391
0.0016011797
0.003761706
0.012588271
0.015435602
0.016967767
0.010885266
0.011691413
0.0070369154
0.0091206353
0.013496145
0.013446366
0.01647199
0.01452793
0.016413235
0.01716249
0.018346671
0.019756066
0.019972963
0.017438394
0.019322395
0.014800844
0.013543955
0.01168606
0.0086997408
0.0065471666
0.0031261729
0.0022717786
0.0032400191
0.0021317074
-0.00027706204
0.00078690376
0.0032311789
0.0054604414
0.0058573375
0.007966951
0.010412818
0.010578441
0.011057786
0.011863308
0.0115059
0.010888621
0.01126349
0.011155886
0.013057415
0.014222267
0.015913396
0.017903752
0.020228657
0.02100682
0.019664179
0.019203728
0.017710535
0.019331221
0.021288554
0.025303531
0.028886671
0.029688325
0.028885935
0.029224211
0.028221502
0.020256661
0.016053047
0.014012181
0.01089709
0.0068912996
0.0060922708
0.0067820718
-0.0001960029
0.0031463729
0.0079468621
0.0090017666
0.0087845202
0.0092216231
0.0096767529
0.0081693592
0.0083975207
0.0067969538
0.0080766188
0.0085395426
0.0088150083
0.0085419601
0.0091663719
0.0093225517
0.010571038
0.010661466
0.011498266
0.011712992
0.012010222
0.012033551
0.013481833
0.013826782
0.013157022
0.012655676
0.011113252
0.0087469948
0.0052387941
0.0046346116
0.002930884
0.004177856
0.0024791233
0.0031696226
0.0062411289
0.0059532502
0.004037875
0.0021782226
0.00097742079
-0.00082530457
-0.0014608378
-0.0033219999
-0.007414261
-0.011299028
-0.014272673
-0.01400905
-0.014616337
-0.01633061
-0.02071538
-0.01173727
-0.0090663102
-0.018871891
-0.01957329
-0.020677514
-0.022084694
-0.024229021
-0.027187199
-0.03185768
-0.034356104
-0.039880077
-0.044643939
-0.046432164
-0.049424812
-0.047052223
-0.033504776
-0.034816798
-0.037525487
-0.038623204
-0.03445395
-0.024675646
-0.014957698
-0.0049429569
0.0088724135
0.017951057
0.010942326
0.0093805776
0.010743835
0.008893548
0.014955672
0.024605558
0.02880796
0.030344987
0.028377712
0.022959305
0.020260225
0.021709769
0.022486455
0.021186153
0.020484976
0.020323472
0.020350311
0.019015388
0.017133658
0.016243486
0.014543772
0.011565506
0.011927124
0.0091434138
0.0097191596
0.0059755525
0.0023156423
-0.001520553
-0.0033049769
-0.0063277963
-0.0056737118
-0.0058567523
-0.0058978327
-0.0065313374
-0.0037324819
0.00056156333
0.0018782931
0.0028184759
0.0055013419
0.0051681893
0.0048517463
0.0069070312
0.0096475888
0.011065701
0.011600684
0.013140401
0.015322064
0.016193628
0.017352041
0.020196129
0.019896397
0.020892414
0.021461482
0.02088198
0.021140181
0.023704817
0.025193007
0.029293182
0.034199666
0.035215487
0.033882121
0.033545388
0.029383109
0.023692428
0.021008261
0.016486366
0.012529596
0.0083613486
0.0071026654
0.0016032599
-0.0024971317
0.0023077958
0.0041288003
0.0058268111
0.0049258909
0.0048780098
0.0040217019
0.0044814987
0.0024182699
0.0028820192
0.0045020713
0.0053484056
0.0063668109
0.0090270774
0.0093416351
0.0105444
0.010674204
0.011901538
0.012627664
0.013053754
0.012796752
0.012955731
0.012597602
0.014424814
0.015178192
0.014610977
0.013606024
0.013000554
0.010909872
0.010917463
0.0093809496
0.010799257
0.0085039658
0.0064461688
0.0095401173
0.0085087507
0.004417386
0.0039517515
0.0017884024
0.00078005181
0.00076746269
7.3134883e-05
-0.0037600507
-0.0065223284
-0.0089801133
-0.0094148814
-0.0093013007
-0.0092055776
-0.009573421
-0.0065003165
-0.0055561059
-0.0088120855
-0.014171887
-0.017526985
-0.018016798
-0.020149188
-0.022276585
-0.024969955
-0.025309369
-0.028148557
-0.030968638
-0.032241484
-0.031617277
-0.026296234
-0.021235168
-0.026785954
-0.021968611
-0.019761324
-0.014012111
-0.0063546643
0.00094687673
0.0047159461
0.013332879
0.02029139
0.014540509
0.011983091
0.016603642
0.01892378
0.020402202
0.025240665
0.028010074
0.031422881
0.030918393
0.024289482
0.025784535
0.025480583
0.021745603
0.019675375
0.018183843
0.017026427
0.015732439
0.012031007
0.010514993
0.010826694
0.0088582919
0.0077177957
0.0052016661
0.0024565899
0.0017165452
-0.0017077432
-0.005514739
-0.0084466262
-0.010294096
-0.011669081
-0.012923521
-0.013209113
-0.01350281
-0.011339405
-0.0097821315
-0.0072004398
-0.0056757297
-0.0023580901
-0.00089584396
0.0002828546
-0.00048519885
-0.00094729443
0.0010131361
0.0023313703
0.005155554
0.01004756
0.012990345
0.014550857
0.016812442
0.018499585
0.020657811
0.022920627
0.022125578
0.019521227
0.020088003
0.022755885
0.025072498
0.0250419
0.026984767
0.027974501
0.029723275
0.027001503
0.024559069
0.018627299
0.015816269
0.010164784
0.0055227536
0.0041307678
0.0026588304
0.0052799129
0.0036452891
0.0036779391
0.0030608151
0.0016877964
-0.00011202833
0.0012030114
0.00042346162
0.0013838742
0.0033913086
0.0029044286
0.0030334848
0.0060706877
0.0065459725
0.0072122639
0.0071380206
0.0086176166
0.0091893591
0.010409333
0.011362713
0.011572881
0.012138015
0.014026518
0.014193747
0.014012257
0.014618266
0.015710511
0.016170557
0.01618937
0.016065166
0.014975575
0.014782285
0.01581299
0.01365099
0.011236351
0.013135368
0.0084064184
0.0078791598
0.0063787815
0.0039374094
0.0046270998
0.0046404186
0.0022147332
0.0024068151
0.00075867144
-0.00020614145
-0.0012365385
-0.0021519772
-0.0013345726
-0.0025359093
-0.0012141031
0.00052030305
0.0014783592
-0.0024216611
-0.0075631062
-0.012212498
-0.013525622
-0.014817527
-0.014703106
-0.01500581
-0.016149746
-0.016034422
-0.014783319
-0.01289255
-0.00749725
-0.008045905
-0.014354154
-0.016016838
-0.011090511
-0.0032717262
0.0018891712
0.0099536136
0.009946488
0.012705551
0.013814668
0.01017584
0.01040742
0.015388274
0.016108414
0.015289222
0.017162638
0.020770764
0.023768302
0.024016431
0.022712223
0.019967473
0.020452509
0.018332295
0.014904587
0.012783372
0.010471701
0.0098721239
0.0090073893
0.0064155876
0.0052455409
0.0039505937
0.002862902
0.0020643759
0.0013860007
0.00025340563
-0.0021132773
-0.0049508276
-0.0090771484
-0.011840473
-0.013935135
-0.014709277
-0.013236386
-0.01426015
-0.013540487
-0.011927624
-0.01073212
-0.0094282647
-0.0072533164
-0.0068651369
-0.00484628
-0.0034495922
-0.0032132157
-0.0040489154
-0.0030840559
7.7143942e-06
0.0021012303
0.004969683
0.0079822807
0.012055909
0.013519737
0.016031764
0.018632999
0.018959168
0.017617612
0.017795192
0.017653739
0.019360718
0.020551379
0.022134546
0.021002794
0.02075115
0.018127217
0.014887195
0.011528025
0.0098089568
0.0079920867
0.0056435137
0.004614541
0.0050960434
0.0094208268
0.0073020698
0.0063080932
0.0058289392
0.0028566057
0.0010874069
-0.0019111277
-0.0025494949
-0.00044558454
-8.4816313e-05
0.0021149112
0.0027352266
0.0038341101
0.0052487687
0.0054851347
0.0046020364
0.0047468388
0.0056163755
0.0069644725
0.0085698573
0.0087608849
0.0095137195
0.011731567
0.012843819
0.013246029
0.012981341
0.013488182
0.013907204
0.016056335
0.017068537
0.018199736
0.016509838
0.016042046
0.017517427
0.015821711
0.017480549
0.01584384
0.013754057
0.01092361
0.010291711
0.0090143892
0.0097866489
0.0076642971
0.0052490492
0.0060272454
0.0047809598
0.0052447866
0.0053915927
0.0042919969
0.0048708801
0.0045611914
0.0097396813
0.0087070189
0.004402295
0.0025811636
-0.0022388889
-0.0055111867
-0.008593037
-0.0077588885
-0.0080462594
-0.007888762
-0.0064389796
-0.0035950338
0.00036642461
0.0034372038
-0.00032600016
-0.0053735167
-0.0054348486
-0.0056027578
-0.0052797252
-0.00032919238
0.0033692157
0.0074600048
0.0091534981
0.0078189339
0.0046199433
0.0056655669
0.0054248371
0.0061842125
0.0049651007
0.004069358
0.0069095614
0.011345493
0.015052999
0.014476968
0.013904942
0.013160443
0.013409928
0.012107192
0.008896471
0.0074339573
0.0058259482
0.0056455132
0.0042939404
0.0016531873
0.00062786402
0.0012258404
0.0015306156
0.0015730852
0.00065614823
-0.00071837573
-0.0036538905
-0.0067211392
-0.0092018533
-0.010438804
-0.010966845
-0.011775636
-0.011567769
-0.011490576
-0.011394146
-0.01050667
-0.0077811541
-0.0080696257
-0.0069365619
-0.0056383098
-0.0053280373
-0.0038314126
-0.0035851842
-0.00211163
-0.0018797973
-0.00082951974
0.0015892548
0.0034131399
0.0064683944
0.0097197119
0.011640146
0.01344031
0.014421573
0.01544438
0.014927455
0.01369607
0.013128858
0.014623892
0.014837947
0.013791253
0.013822921
0.013404214
0.011584013
0.011377806
0.011293861
0.0088749733
0.0061124527
0.0057281576
0.0084109186
0.0098298658
0.0080847333
0.0057685724
0.0063748101
0.0051381413
0.0033780823
0.00310931
0.003168501
0.00092468528
0.00085777125
0.0010223692
0.0018885408
0.0018471586
0.0028890996
0.0026371642
0.0024887336
0.0024365204
0.003423939
0.0045744835
0.0056173571
0.0063340485
0.0064186909
0.0062511453
0.0086785302
0.010037059
0.010946051
0.011061095
0.011031395
0.012584765
0.01615519
0.018858388
0.017846813
0.017719931
0.019494641
0.019508483
