0.0022888527
0.0017548169
0.0018589328
0.0011646113
0.0012003655
0.00016477205
0.0020958275
0.0020259587
0.00082183595
6.9835388e-05
0.0010100041
0.00053442284
-0.00082138221
-0.0010034144
8.1712746e-05
0.00082949886
0.0027430876
0.0038032718
0.0036385593
0.0027802875
0.0021731763
-0.00077367366
-0.0022093967
-0.0017136536
-0.0032739716
-0.0038146773
-0.0057745236
-0.0066599643
-0.0047299062
-0.0053059524
-0.0066133858
-0.006692322
-0.0078911376
-0.0083029651
-0.0096012514
-0.008769042
-0.0084535078
-0.010206752
-0.010735549
-0.010255372
-0.011608082
-0.013680571
-0.013637257
-0.013953334
-0.016463776
-0.017157267
-0.018294578
-0.01753685
-0.016089634
-0.013338323
-0.010057143
-0.0094860414
-0.0067135799
-0.0041021608
-0.0028689651
-0.0023441912
-0.0013282224
-0.00067508517
-0.002473546
-0.0042341235
-0.0034952547
-0.0012654596
-0.0025600096
-0.0052744084
-0.0084462334
-0.0084088658
-0.0085412915
-0.0064116657
-0.0048147036
-0.0033264068
-0.0024051694
-0.0024204638
0.0016779718
0.004002999
0.0050220195
0.0062688014
0.0088841026
0.011678486
0.013438537
0.012864288
0.012224228
0.010478493
0.0073464074
0.004912454
0.005816588
0.0042543964
0.0035742656
0.0042127812
0.0066128059
0.0074767398
0.0067092587
0.0052919496
0.004082085
0.0036007766
0.0025990579
0.0029126853
0.0034944866
0.0034460942
0.0019799787
0.0034936586
0.0035663295
0.0036569439
0.0026576374
0.0028558015
0.0036198885
0.0042729334
0.0038131382
0.0032462721
0.002905948
0.0032251511
0.0032580601
0.0032205198
0.0042817536
0.0060880378
0.0062337594
0.0070480006
0.0086943685
0.0081391763
0.011578045
0.013333117
0.012402869
0.012263523
0.012514668
0.01373759
0.0097505188
0.0087340681
0.0099278197
0.0098096355
0.0091746588
0.0076828354
0.0056933367
0.0026637216
0.0020303204
0.001168149
-5.402953e-05
1.6326207e-05
-0.00077373935
0.00047223099
0.0011540005
0.0010378807
0.0018585317
0.002086614
0.0024971761
0.0025901448
0.0020822116
0.0016119939
0.0013504006
0.0001267616
-0.00084677691
-0.0015614407
-0.0016860178
-0.0022246182
-0.0025358043
-0.0016210319
-0.001377992
-0.0011998389
-0.0020460603
-0.0028274111
-0.0023951775
0.00033708626
0.0017497144
0.0021574312
0.0021868762
0.0011563737
0.00013779662
-0.00056772866
-0.0025316457
-0.0025093011
-0.0025238404
-0.0057312978
-0.0072807181
-0.0075634522
-0.0078321559
-0.0072910646
-0.008723188
-0.010007205
-0.010956682
-0.012567752
-0.012909455
-0.012254658
-0.013289082
-0.01403918
-0.01487038
-0.013377966
-0.012539101
-0.012179528
-0.011638076
-0.010966491
-0.011434205
-0.01012919
-0.011138783
-0.010368436
-0.0077954754
-0.003934693
-0.0028178481
-0.0007555746
0.00059451606
0.0032773917
0.0035029302
0.0036685637
0.0059501877
0.0064919592
0.0062836149
0.0053018563
0.0067106898
0.0058628072
0.0050882607
0.0027526559
0.00075443389
-0.00072646085
0.00035284781
0.00099731963
0.0032156276
0.0043781768
0.005978757
0.0080079976
0.0095448728
0.0075267581
0.0075700117
0.008787566
0.011050541
0.010968638
0.010343361
0.0094655748
0.008275841
0.0048856885
0.002942355
0.00093869322
2.7627883e-06
0.0013673843
0.0043809097
0.0048151475
0.0065146389
0.007370323
0.0072172575
0.0038057578
0.0022605679
0.0011936609
0.0022238554
0.003123631
0.0030161027
0.0033732553
0.0036523174
0.0036140111
0.0024124386
0.0023144825
0.0018602144
0.0022823876
0.0025468634
0.0031054861
0.002494383
0.003060176
0.0024201606
0.0028041104
0.0030690147
0.0038804703
0.0048956426
0.006168734
0.005923542
0.0063598252
0.0071896714
0.010095868
0.013034812
0.014494198
0.012559063
0.013134433
0.010605379
0.011037
0.0094819445
0.0083562735
0.0077051659
0.0062791469
0.0058906742
0.0048015812
0.0024198525
0.0011925247
0.0016845479
9.06694e-05
0.00033403218
-0.00085124979
-0.00025932398
0.00036590661
0.0012138214
0.0012670093
0.0015524311
0.0017446918
0.0018150098
0.0016712622
0.0023018051
0.0020611637
0.0016191529
0.00015932382
-0.0010603651
-0.0033737117
-0.0053102946
-0.0059194663
-0.0058440992
-0.004522128
-0.0042734671
-0.0052287588
-0.0041094985
-0.0028853532
-0.0027590103
-0.0026039439
-0.0018426516
-0.0016151869
-0.00060401189
-0.0011876303
-0.0034420734
-0.00498144
-0.0060635568
-0.0049438117
-0.0051095381
-0.011094528
-0.014680509
-0.015103359
-0.013299454
-0.011818121
-0.014582303
-0.015677434
-0.017623668
-0.018451281
-0.019026048
-0.02083253
-0.021294067
-0.019627361
-0.017940711
-0.015135892
-0.01182811
-0.010924578
-0.0096434855
-0.0084674703
-0.0069646431
-0.0054721567
-0.0041874897
-0.0031609277
-0.0016715444
0.0009036391
0.0044450743
0.0066393059
0.0084299623
0.0084128433
0.008581911
0.0097209142
0.011137574
0.013422454
0.014489691
0.016384897
0.017026482
0.017276715
0.015497882
0.013667593
0.013191142
0.011727476
0.014199895
0.01365499
0.015436613
0.014751287
0.014445482
0.014949486
0.016167882
0.014218675
0.011863934
0.010278855
0.0081579816
0.0063100103
0.0052775983
0.0020558226
0.001604132
9.6677728e-05
-0.0011942141
-0.0021290218
-0.0019121815
0.0013981578
0.0032514007
0.0048652936
0.0063509423
0.00674057
0.0054729156
0.0035790635
0.00093213879
0.0011481418
0.00086636401
0.0021637755
0.0024825095
0.0032568366
0.0038561768
0.0032824527
0.0027086357
0.0022638915
0.0025948678
0.0021198762
0.0019899811
0.0031546238
0.0031653622
0.0032626353
0.0029974523
0.0037220854
0.0037777783
0.0046278106
0.0047050515
0.0047595243
0.003977276
0.0063075988
0.010332504
0.0098935596
0.012245277
0.0080861614
0.0094107666
0.011776316
0.0096079547
0.0085773051
0.006440083
0.0047477778
0.0024799482
0.0014627258
0.00059811548
0.0018266058
-0.001857917
-0.0024650119
-0.0019086119
-0.00081982372
-0.00020092216
-0.00020352056
0.0005114195
0.001751322
0.0019793952
0.0024567268
0.0017671731
0.0021503482
0.001516458
0.0022288306
0.0015777173
0.0017423057
0.0010777007
0.00015873439
-0.0025468205
-0.0027110296
-0.0027875466
-0.0066509448
-0.0088180707
-0.0075246288
-0.0059942092
-0.0079406766
-0.0085184303
-0.0073596457
-0.0074194717
-0.0046502056
-0.0041376893
-0.0064620699
-0.0067688943
-0.0095866383
-0.0095411714
-0.011480028
-0.0113394
-0.012402899
-0.015105909
-0.018050035
-0.021814206
-0.023605879
-0.020356049
-0.022120065
-0.024660022
-0.027460177
-0.030028817
-0.031367297
-0.033065528
-0.034562916
-0.031076159
-0.026724946
-0.023938307
-0.021966372
-0.016574261
-0.010857259
-0.011489829
-0.0091635008
-0.0075531436
-0.0046831719
-0.0034157145
-0.0026626472
6.9437474e-07
0.0041643466
0.0063605578
0.0072920188
0.0087753649
0.010358796
0.01098376
0.012445103
0.015802623
0.020894419
0.026583479
0.029188395
0.02890036
0.028945572
0.029299927
0.027587176
0.025658309
0.024551364
0.027972496
0.02629031
0.025843311
0.02288331
0.020341801
0.021365605
0.017979601
0.014853489
0.012516575
0.010231322
0.0081216237
0.0026585034
0.0003740449
0.00049463169
-0.00051882449
-0.0029704226
-0.0023612995
-0.0029605297
-0.0018653463
-0.00074961882
0.00049007764
0.0021997539
0.0015626685
0.0018338529
0.0014106581
0.0011061033
0.00010680114
0.00058197896
0.00056685668
0.0023642938
0.0023710851
0.002636234
0.0028333637
0.0020797961
0.0012271125
0.001380936
0.0017807958
0.002790537
0.0023601982
0.002488804
0.0030439995
0.0027194146
0.0026831968
0.0027596514
0.0026532636
0.003831573
0.004846375
0.0044431983
0.0037853559
0.0043341364
0.0049484184
0.0029142253
0.0022810965
0.0048190508
0.0079473758
0.0099874295
0.0078008046
0.0047590981
0.0023917539
0.00057325367
-0.0018152281
-0.0054162322
-0.0069775537
-0.0067094311
-0.0074581153
-0.0048208849
-0.0018488876
-0.00020219494
0.00025061223
0.00031193573
0.0010647038
0.0020975892
0.0023772499
0.003191233
0.0022502165
0.0025186248
0.0017784101
0.0021817319
0.00093904353
0.00071053339
-0.00022646055
-0.0003953718
-0.0030289263
-0.0025495179
-0.0011884025
-0.0065430652
-0.0073004779
-0.010229481
-0.012899577
-0.013565325
-0.013560538
-0.012947808
-0.0095826276
-0.0056934253
-0.0045134153
-0.0076319891
-0.010891615
-0.014120288
-0.016091065
-0.016990311
-0.018954759
-0.022324501
-0.025858478
-0.02827296
-0.034076301
-0.038304491
-0.037705052
-0.035913294
-0.038667143
-0.043034408
-0.043528227
-0.045216635
-0.045660229
-0.047028787
-0.043523831
-0.039004154
-0.03632899
-0.032510437
-0.024176305
-0.018544017
-0.015075263
-0.01476554
-0.013865083
-0.012488087
-0.01017802
-0.0078994454
-0.0041525713
0.00090427109
0.00213993
0.0027381515
0.0028018535
0.0042639136
0.0093136585
0.012179752
0.017383582
0.024370648
0.028577731
0.034008923
0.033018247
0.034438018
0.03547804
0.035114212
0.037983649
0.035883616
0.037702165
0.034983426
0.034074095
0.031676967
0.029860493
0.026134374
0.02007347
0.017096284
0.0097335394
0.0066941574
0.002617815
0.00041924208
0.00038104907
-0.00015885719
-0.0015141237
-0.0031206915
-0.001554826
-0.0044042994
-0.0050362393
-0.0032975073
-0.0029286359
-0.00089506274
-0.0031290408
-0.0025741885
-0.00038056524
-0.0014661633
-0.0010645122
-0.00071344246
-0.00022630567
0.0011708493
0.0019153908
0.0022333342
0.0023715402
0.0022065968
0.0004180542
9.6062949e-05
0.00060423402
0.0019087874
0.0011489701
0.0021783651
0.0028572886
0.0026952861
0.0025960291
0.0029052882
0.0042148071
0.0055093237
0.005714508
0.0052491877
0.00011509765
-0.0013142247
-0.00056508957
0.0018922989
0.0015890931
0.0045786066
0.0059333468
0.0054231992
0.0041309287
0.0022769722
-0.0018834504
-0.0037663981
-0.0057232034
-0.0095632748
-0.011173305
-0.011271757
-0.0091206563
-0.0060892908
-0.0035919754
-0.002108752
-0.00071866841
-0.00043321601
-5.2598182e-05
0.0010247626
0.0017930728
0.0032451171
0.0027837413
0.0018606529
0.001682296
0.0013294933
-0.00065335293
-8.7638716e-05
1.0380543e-05
-0.0012043209
-0.0037081921
-0.00086369056
-0.00076080024
-0.0047732577
-0.0081141393
-0.013983139
-0.018535782
-0.018800369
-0.023761715
-0.020239193
-0.014860529
-0.0063357857
-0.0051257412
-0.010635036
-0.013168175
-0.017291243
-0.021586989
-0.024091671
-0.029352736
-0.032876475
-0.036008375
-0.039159033
-0.042809844
-0.046150577
-0.048017181
-0.04825169
-0.049520797
-0.051683018
-0.054412291
-0.056755588
-0.055211064
-0.057822891
-0.058205036
-0.055362074
-0.052027742
-0.042633818
-0.035327134
-0.031505872
-0.027706352
-0.024577932
-0.025489289
-0.026740293
-0.023950613
-0.018057223
-0.015027588
-0.011099229
-0.0085479624
-0.0086993281
-0.0056869413
-0.0030360217
-0.00058978132
0.0040816688
0.0088390344
0.0095165478
0.018699762
0.024617091
0.025677073
0.033145577
0.037444044
0.037310253
0.038949257
0.037565766
0.038729413
0.037569335
0.036640087
0.033725216
0.031672146
0.027550413
0.021040559
0.014718043
0.0099150393
0.0059151414
0.0013755867
0.00095232629
3.1291034e-05
-0.0020263723
-0.0027161352
-0.0024312516
-0.0034520425
-0.0046895351
-0.0051488545
-0.0059982904
-0.0045208518
-0.0033947953
-0.0019453548
-0.0014121957
-0.00096860595
-0.0010969032
-0.0019318953
-0.0014303545
-0.00051972218
0.00029210073
0.0023215036
0.002355657
0.00280399
0.0021757275
0.0017179864
0.001600473
0.0018376586
0.0018264484
0.0026616986
0.0027182635
0.0029362421
0.0038959186
0.004623271
0.0055299111
0.0067538047
0.0069523465
0.0062662713
-0.00041083936
-0.0022143825
0.00023312614
0.00048135503
0.00074770547
0.0017704637
0.0049681828
0.0032135001
0.002975357
0.0016184466
-0.00026120058
-0.004059126
-0.0078610572
-0.00699925
-0.010438907
-0.010164243
-0.012222952
-0.010233288
-0.0060309067
-0.0048068543
-0.0035642421
-0.0029009496
-0.0011790014
-0.0014044915
-0.00057743068
0.00082403341
0.0024400225
0.0026868298
0.0016427462
-0.00084428601
-0.00073447092
-0.0012567168
-0.0018280534
-0.0030700969
-0.0053444205
-0.003564031
-0.0020194044
-0.00079843336
-0.0064584378
-0.011467047
-0.016359056
-0.022086091
-0.024799586
-0.027350043
-0.024836326
-0.019236487
-0.0083919991
-0.0042843021
-0.011869052
-0.016796667
-0.021253912
-0.024190526
-0.028746062
-0.033764785
-0.035523283
-0.038715707
-0.042488345
-0.049550943
-0.053213331
-0.053995704
-0.056340711
-0.059398848
-0.061987964
-0.065743308
-0.065808922
-0.065579405
-0.066473726
-0.068545777
-0.066409359
-0.061934059
-0.052166507
-0.046414454
-0.03896062
-0.041236345
-0.040610428
-0.039048682
-0.035952382
-0.033179474
-0.028549578
-0.024320622
-0.025040795
-0.022415394
-0.019657349
-0.011694458
-0.0032781809
0.00050579351
-0.00080444673
0.0006627488
0.0054908912
0.018955239
0.023606817
0.025719963
0.024107546
0.025221705
0.034418182
0.038457292
0.038825504
0.035705453
0.038164677
0.034770505
0.031123019
0.025624546
0.02279367
0.017362494
0.015075928
0.0095620698
0.006008228
0.0033532069
0.0016317235
0.0025009856
0.0024325065
0.0011179558
5.5752333e-06
-0.0017518001
-0.0027486072
-0.0033334755
-0.002761236
-0.0016049325
-0.001645912
-5.5866286e-06
0.00063079922
0.0016938584
-0.00049698235
-0.00069773524
0.00064112343
0.00056451815
0.0018305672
0.0038291505
0.0050353943
0.0057343583
0.0066248103
0.0057425379
0.004835472
0.0045553503
0.0045494987
0.0037679625
0.0034174769
0.0048697441
0.0046016848
0.0071666665
0.0084467591
0.0089962886
0.0087413232
0.0049353211
-0.0034821029
-0.0014040667
-0.001055619
0.0010703878
0.0023286013
0.0031963647
0.0024854304
0.0042697448
0.0036466551
0.0012112154
-0.0034019037
-0.0082502002
-0.0085538556
-0.0078737567
-0.011838294
-0.010848181
-0.011940536
-0.010979913
-0.0093746733
-0.006486767
-0.0030187792
-0.0015292643
-0.00058990287
-0.0013625964
-0.0015915661
-0.0010998053
0.00045781674
-0.00014868553
0.0011875567
-0.00077271981
-0.0021374968
-0.0023014057
-0.0040201096
-0.0066820998
-0.0071621799
-0.0063544001
-0.0024735285
-0.0053823381
-0.0087267376
-0.012253483
-0.013610951
-0.018734692
-0.022231189
-0.02259783
-0.027868078
-0.025459616
-0.012148508
-0.00789639
-0.013177483
-0.016987538
-0.018409897
-0.022709354
-0.025582026
-0.029324205
-0.032565985
-0.038433528
-0.045816408
-0.050181459
-0.053835332
-0.059485077
-0.062875049
-0.068476326
-0.071378481
-0.07508464
-0.076596643
-0.074543997
-0.071402581
-0.070404164
-0.066223645
-0.059622621
-0.049218205
-0.046163149
-0.042355294
-0.041831552
-0.043540129
-0.045078948
-0.046298776
-0.041264962
-0.040605809
-0.028870493
-0.03345787
-0.029818713
-0.024764157
-0.017213658
-0.011544347
-0.011424279
-0.0049677322
0.0066878654
0.010959
0.016519158
0.023266784
0.026865079
0.026168796
0.034055958
0.037239515
0.0390994
0.037654517
0.037737586
0.034229174
0.030509866
0.026911326
0.022957126
0.020467897
0.015780966
0.011314969
0.010355111
0.010153068
0.0074453283
0.0071626034
0.0058175323
0.0060599891
0.0061002507
0.0041235522
0.00071215447
-0.00011958335
-0.0022009666
-0.00056922787
-0.00019014803
0.00086733047
0.0004233794
0.001800994
0.0026993107
0.0027085581
0.0032793851
0.0034133937
0.0036908142
0.0045614695
0.0052269506
0.0038428147
0.0029410385
0.0031746505
0.0037001738
0.0046576915
0.0046491769
0.0064921434
0.006686016
0.005783233
0.0067261329
0.0069861966
0.0051890191
0.0060314775
0.0082597707
0.008258712
0.00040455541
-0.004422741
-0.0015469149
0.0028108811
0.0020210451
0.0018265732
0.0032451438
0.0028264209
0.001017288
0.0033515648
0.0005363806
-0.0039349744
-0.0070234623
-0.0088255828
-0.0087377978
-0.011432874
-0.010453611
-0.0080794697
-0.0025080995
-0.00046723013
0.00049333201
0.00037344562
0.00039313323
0.0003643271
0.0010539102
0.00049209226
-0.00050150739
0.00081143602
-0.00023753073
-0.00019954184
-0.0022613444
-0.0032012059
-0.0069559729
-0.0085847459
-0.0092878692
-0.012865352
-0.0089874948
-0.0081852543
-0.0089509963
-0.013705182
-0.011948234
-0.013184142
-0.016165374
-0.020852842
-0.022547467
-0.02451594
-0.028142661
-0.017738373
-0.013479807
-0.016410244
-0.020732689
-0.020826136
-0.022762422
-0.027060436
-0.031156216
-0.038264283
-0.045524369
-0.053206535
-0.056646166
-0.061701111
-0.067741558
-0.073294328
-0.077081342
-0.078985148
-0.078968188
-0.079681284
-0.07903401
-0.077949725
-0.072343856
-0.06368966
-0.053678882
-0.047861854
-0.045331559
-0.045419234
-0.042733142
-0.045151491
-0.044239982
-0.049568865
-0.041220306
-0.038172858
-0.039115485
-0.037115804
-0.035246496
-0.028673441
-0.027074034
-0.019174854
-0.013513972
-0.0034819855
0.0047076878
0.0080221496
0.015259569
0.021241131
0.022602243
0.026863164
0.028312895
0.033417781
0.034651128
0.034350497
0.032080174
0.029775116
0.027283876
0.024828292
0.021940622
0.017784173
0.01587447
0.014981263
0.012767474
0.012335715
0.010819315
0.012469231
0.011809887
0.010962262
0.0086014628
0.0062766434
0.0032330323
0.0025917191
0.0013449086
0.0018221748
0.0016480462
0.0024961108
0.0044824191
0.0051470639
0.0056323982
0.0066908509
0.0069540714
0.0067530152
0.0068863947
0.0084934898
0.0077700072
0.006271048
0.0054223764
0.0046477532
0.0047857339
0.0062128328
0.0063495228
0.0056459234
0.0052258982
0.0049690856
0.0060806351
0.0063745759
0.0038961733
0.0039149481
0.0048253854
0.0060612351
0.00025657365
-0.0047496101
-0.002173794
-0.00045524005
0.0021711968
0.0016038343
0.0025349027
0.0027471981
-0.0010835558
0.00084729263
-0.0028123125
-0.004391526
-0.0052735537
-0.0040758194
-0.0011177819
0.0019225057
0.0039826217
0.005813524
0.0068315244
0.0049016705
0.0030340347
0.0028827545
0.0030656101
0.0020037622
0.00040002973
-0.0011898608
-0.00044041255
-0.00063929802
-0.00096236315
-0.0022503095
-0.0040624679
-0.0060615073
-0.012013947
-0.013840682
-0.015917765
-0.020728207
-0.016831854
-0.014609987
-0.01552006
-0.014766412
-0.015838841
-0.015366396
-0.01929664
-0.021499437
-0.025703822
-0.028277901
-0.027829581
-0.020690396
-0.018183608
-0.01830274
-0.021770282
-0.021315951
-0.023478717
-0.030262114
-0.038675644
-0.047218422
-0.054788364
-0.061609765
-0.065242995
-0.071354207
-0.075511362
-0.077624741
-0.080648304
-0.083227269
-0.084356216
-0.086026056
-0.081806311
-0.079003817
-0.071943795
-0.060745196
-0.046291966
-0.04429748
-0.049871015
-0.044499491
-0.044001903
-0.043922916
-0.044139932
-0.048192897
-0.039633551
-0.04154635
-0.042249639
-0.040639865
-0.038489558
-0.034799973
-0.0272944
-0.020285851
-0.015042788
-0.0087620083
-0.0039491229
0.00039206768
0.0064758663
0.014364549
0.016992903
0.019459419
0.021447251
0.024870702
0.027815095
0.026690432
0.022205571
0.023907726
0.021468879
0.019832516
0.017501849
0.017688966
0.0186466
0.016275611
0.016184376
0.01449108
0.016058094
0.016134576
0.017440156
0.014511757
0.0092839061
0.0057434232
0.0055377939
0.0050165246
0.0049225907
0.0049376695
0.0041862374
0.0045359495
0.0042388988
0.0050789068
0.0066058616
0.0062820083
0.0082661456
0.010137159
0.010779568
0.010178735
0.010389489
0.010605662
0.010933163
0.010548639
0.0087847715
0.0082497452
0.0091310489
0.0093075186
0.0091036854
0.010441334
0.0086853382
0.0072231629
0.0058317959
0.004695439
0.004209193
0.0040097147
0.001689616
-0.0015817272
-0.002172408
-0.00097374354
0.00022643616
0.005198686
0.004889352
0.0016663666
0.002074558
0.00024055337
-5.4104736e-05
-0.0025564596
0.00071835104
0.0061947849
0.0068212283
0.0085643931
0.010352615
0.010204975
0.011786435
0.012582412
0.010253243
0.011692102
0.012114845
0.012854447
0.0098447867
0.0059854659
0.0058813459
0.004460291
0.0015785749
-0.00026569147
-0.0055572754
-0.0092095787
-0.011351439
-0.013842031
-0.016514298
-0.020841672
-0.015586989
-0.013319809
-0.012772518
-0.013528994
-0.015122954
-0.014181902
-0.020075468
-0.021298081
-0.028354441
-0.031631638
-0.027065671
-0.020564822
-0.018067304
-0.02047549
-0.022749351
-0.022243939
-0.023264206
-0.031162042
-0.039415969
-0.048580198
-0.05680574
-0.064746307
-0.069765966
-0.071545949
-0.075603168
-0.077032311
-0.083602198
-0.080371457
-0.079839667
-0.078582282
-0.081735369
-0.076689766
-0.068214119
-0.050888972
-0.04444762
-0.043757162
-0.040837514
-0.036676289
-0.037631234
-0.037270255
-0.034582486
-0.033041179
-0.030386014
-0.03229078
-0.032651467
-0.028693416
-0.024717966
-0.022811065
-0.018221316
-0.014462491
-0.0098528733
-0.0066347318
-0.0047675624
-0.0015768455
9.0875484e-05
0.0034274222
0.0086135045
0.010776932
0.013924685
0.017531854
0.0202766
0.018296937
0.017172219
0.016520919
0.015547865
0.016453819
0.014125641
0.013106893
0.015344061
0.013397398
0.012560584
0.014688212
0.015737116
0.015509097
0.016243349
0.012740894
0.010548819
0.00765699
0.0082705826
0.0058483409
0.0046028322
0.0071685846
0.0067491213
0.0088301501
0.0097099016
0.0071415789
0.0098606382
0.0092043089
0.01143084
0.010338615
0.012097121
0.014600084
0.012737683
0.013168124
0.015611517
0.012966002
0.012867252
0.011490109
0.0090829466
0.0093247415
0.010813736
0.012997398
0.013109361
0.011972998
0.011665212
0.01039607
0.0063507956
0.0058309274
0.0024761664
0.008679471
0.0093879439
0.0042352153
0.0078574157
0.0054351695
0.0071740904
0.0058298789
0.00458338
0.0028462442
0.003536497
0.0026745685
0.0045111821
0.0058346334
0.0088949132
0.010140566
0.010650234
0.011688553
0.0095714329
0.012720013
0.014394032
0.013854808
0.013782938
0.012562089
0.011981508
0.0095886897
0.0065763659
0.0025486785
-0.001907738
-0.00080769253
-0.0026222336
-0.0084843091
-0.0037229058
-0.0068247433
-0.0094387654
-0.0096941272
-0.0067150537
-0.0066048375
-0.0093576475
-0.011626914
-0.011900561
-0.011914302
-0.016293274
-0.016903495
-0.021347539
-0.022043294
-0.022364071
-0.017043892
-0.017439578
-0.019773809
-0.023042785
-0.025088119
-0.026365558
-0.029097661
-0.03234488
-0.04011681
-0.049702821
-0.058598211
-0.063484192
-0.067375605
-0.071042713
-0.071552037
-0.074408656
-0.069046109
-0.066641334
-0.073721409
-0.072535638
-0.068197459
-0.058443997
-0.042493417
-0.033710103
-0.031736398
-0.02751903
-0.021399901
-0.014218904
-0.013992991
-0.011705835
-0.0098256616
-0.0085829901
-0.0090708698
-0.008563335
-0.010440617
-0.0099963555
-0.0081368757
-0.0037124622
-0.0008395344
0.0012754732
0.0039931008
0.0056541253
0.0083185582
0.0097507176
0.011197911
0.013817446
0.015147064
0.015921717
0.015023075
0.017708008
0.016205427
0.013962592
0.013839525
0.01075438
0.0092063626
0.0087387507
0.0071962617
0.0098570049
0.0071803181
0.0075301299
0.009000016
0.01096156
0.0098939507
0.010853911
0.012045722
0.010878211
0.0092582821
0.0079007379
0.012087306
0.010542558
0.0094462037
0.0078670537
0.010709989
0.011577764
0.014934873
0.015555296
0.013996171
0.013668828
0.014929418
0.01460704
0.014745949
0.01503419
0.016488385
0.019489338
0.018186928
0.017499508
0.017946599
0.018831388
0.015053682
0.014358414
0.01522252
0.015246995
0.013862794
0.016513465
0.013259042
0.007031993
0.0046375488
0.0021550135
0.0080138092
0.010882957
0.011292118
0.0092001332
0.010480805
0.0091077715
0.0081545225
0.0079938443
0.0097192411
0.009652449
0.0065373022
0.0066224861
0.0074057785
0.0092315202
0.01005292
0.011136604
0.011271631
0.011141454
0.012998399
0.01346838
0.01250805
0.011516601
0.011006567
0.0098269396
0.0068033553
0.0033949913
0.0003415472
-0.0005340971
-0.00072853895
-0.00027059566
-0.0023973305
0.0020668523
0.001017681
0.0017354094
0.00083500986
-0.0015654817
-0.003304007
-0.0023889509
-0.0080113057
-0.013518328
-0.014120105
-0.013249448
-0.012277954
-0.01676969
-0.017585594
-0.019680803
-0.011767945
-0.012532133
-0.019428807
-0.022395008
-0.027625335
-0.027056691
-0.03017261
-0.030497333
-0.036912108
-0.042474304
-0.050904837
-0.055447983
-0.061254436
-0.064447934
-0.064301989
-0.056875396
-0.054486492
-0.056925647
-0.059345785
-0.056669436
-0.048532371
-0.038071392
-0.024882268
-0.011285347
-0.0049222307
-0.0063421005
-0.00016190098
0.0019533947
0.0016946546
0.0037356475
0.012713519
0.015696973
0.017304254
0.011180175
0.011782982
0.0071402566
0.009296782
0.013800904
0.013755397
0.016812108
0.014857785
0.016650005
0.01732295
0.018488433
0.019898485
0.020122516
0.017556531
0.019406193
0.014840702
0.013568957
0.011618256
0.0085859085
0.0064964297
0.0031126081
0.0022779549
0.0033290723
0.0022926373
-5.6835065e-05
0.0009873303
0.0034675818
0.0057050361
0.0061134484
0.0082709549
0.010731812
0.010909144
0.011386313
0.012170154
0.011797016
0.011143539
0.011442926
0.011293592
0.013151392
0.014347355
0.016025267
0.017952801
0.020293609
0.021166754
0.019842031
0.01944373
0.01804752
0.019757234
0.021750207
0.02575319
0.029279525
0.030091266
0.029338947
0.029703085
0.028683675
0.020641678
0.016358281
0.014249716
0.01103752
0.0069199538
0.0060209847
0.0067132585
-0.00030809943
0.0030800447
0.0079172398
0.0089606918
0.0086443814
0.0090641456
0.009504525
0.0079969262
0.0082309684
0.0066895596
0.008026949
0.0085379486
0.0088243885
0.0085361706
0.0091935456
0.0093357835
0.010584315
0.010660635
0.011466577
0.011676749
0.011963621
0.011927465
0.01336278
0.013652399
0.012901123
0.012367775
0.010831498
0.0084405636
0.0049953705
0.0044280334
0.0027826726
0.0040326279
0.0023616834
0.0030155523
0.0060429036
0.0057636949
0.003856496
0.0020536387
0.000803087
-0.00092705148
-0.0015668519
-0.003433632
-0.0074979209
-0.011379393
-0.01429091
-0.014112017
-0.014757943
-0.016559101
-0.021038155
-0.012116269
-0.0093067992
-0.019047391
-0.019716703
-0.020793961
-0.022198371
-0.024374265
-0.027387387
-0.032126028
-0.034690899
-0.040295234
-0.045139343
-0.047020914
-0.050057811
-0.047615902
-0.033758927
-0.035084355
-0.037740259
-0.038856579
-0.034633092
-0.024744579
-0.014865594
-0.0047534096
0.0092076147
0.018245455
0.011061771
0.0094522988
0.010779222
0.0089101102
0.014980869
0.024885927
0.029286483
0.030898437
0.028863598
0.02329365
0.02051976
0.022070677
0.022804807
0.021581273
0.020893422
0.020759043
0.020717114
0.019290741
0.017335235
0.016414967
0.014641391
0.011632724
0.01193009
0.0091009394
0.0096853827
0.005928993
0.0022717601
-0.001515195
-0.0032910285
-0.006318911
-0.0055544776
-0.0056724873
-0.0057028477
-0.0063250385
-0.003481961
0.00082412227
0.002136805
0.0030658828
0.0057646607
0.0054191995
0.0051017264
0.0071870054
0.0098851148
0.011288068
0.011770494
0.013281055
0.015401859
0.016224282
0.017362717
0.020265991
0.019950256
0.020936384
0.021566944
0.021022563
0.021363181
0.02400903
0.025606372
0.029664257
0.034712587
0.035806206
0.034479891
0.034074515
0.029852234
0.024136117
0.021364754
0.016715959
0.012632743
0.008370461
0.0070505048
0.0014798884
-0.0026587882
0.0022310213
0.0040607804
0.0057136476
0.0047227908
0.0046810422
0.0037874065
0.0042626316
0.0022411515
0.0027243462
0.0044149822
0.0053212632
0.0063616272
0.0090269731
0.0093403225
0.010580366
0.010685006
0.01193543
0.012619288
0.013004386
0.012747166
0.012867824
0.012432967
0.01419431
0.01490722
0.014281168
0.013228699
0.012606882
0.010531812
0.01057889
0.009092598
0.010598241
0.0083594914
0.0062908253
0.0093386218
0.0083472324
0.0042248024
0.0037656304
0.0016246646
0.00065261982
0.0006671751
-5.8457263e-05
-0.0038492097
-0.0066613999
-0.0091389376
-0.0095915416
-0.0095299249
-0.0094786271
-0.0098620612
-0.0067925376
-0.0058524619
-0.0091468724
-0.014467531
-0.017778635
-0.018251344
-0.020378601
-0.022559031
-0.025269224
-0.025659943
-0.028538309
-0.03140575
-0.032706929
-0.03211386
-0.026679669
-0.021454861
-0.02704783
-0.022074538
-0.019809589
-0.013942246
-0.0061048067
0.0012970873
0.0050947316
0.013749472
0.020711518
0.01468612
0.012076209
0.016791998
0.01914074
0.02066547
0.025600927
0.028476485
0.031949144
0.031416472
0.02464925
0.0261807
0.025890266
0.022126498
0.020050514
0.01859245
0.017407045
0.016001895
0.01224942
0.010638957
0.010929506
0.0089205228
0.0077907319
0.0052176883
0.0024081005
0.0016632686
-0.0018183574
-0.0056042741
-0.0084581507
-0.010287685
-0.0116168
-0.012830218
-0.013078807
-0.013363358
-0.011123733
-0.0095610706
-0.0069840445
-0.0054288477
-0.0020710367
-0.00062514426
0.00055655691
-0.00022856928
-0.00069649866
0.0012599341
0.0025236391
0.0053331244
0.010196241
0.013113605
0.014640087
0.016828862
0.018532075
0.020698363
0.022958063
0.022159709
0.019577942
0.020201227
0.022946289
0.025342793
0.025369176
0.027393667
0.028467933
0.030243892
0.027431145
0.024958028
0.018918345
0.01603779
0.010250019
0.0054737182
0.0040315485
0.0024813303
0.0051295034
0.0035368601
0.003540333
0.0028712311
0.001495389
-0.00031200926
0.00099121903
0.00018053787
0.0011149491
0.0031676036
0.0027242326
0.0028835176
0.0059816539
0.0064891954
0.007204452
0.0071474636
0.0086239043
0.0092223226
0.010419194
0.011381652
0.011575707
0.012117024
0.013973351
0.014107503
0.013853393
0.014369584
0.015376936
0.01577158
0.015722197
0.015547849
0.014489528
0.014359081
0.015466198
0.013368658
0.01102085
0.01287268
0.0081279219
0.0076084686
0.0061381451
0.0037333703
0.0044394253
0.0044472994
0.0020183766
0.0022224559
0.00060145789
-0.00034650404
-0.0014546493
-0.0023943746
-0.0015820723
-0.0027871599
-0.0014894945
0.00018298593
0.0011353332
-0.002763388
-0.0078872607
-0.012524433
-0.013815625
-0.015101956
-0.014996736
-0.015313383
-0.016465788
-0.016353231
-0.015076199
-0.013125356
-0.0076685198
-0.0081958516
-0.014492756
-0.01606644
-0.011046583
-0.0030548343
0.0022184185
0.010413338
0.01040394
0.013065715
0.014138377
0.010311201
0.010556931
0.015656362
0.016373025
0.015598203
0.01754038
0.021185508
0.024208348
0.024421645
0.02305897
0.0203218
0.020759346
0.018645039
0.015200282
0.013065907
0.010742486
0.01007491
0.0091149477
0.0064782367
0.0052825059
0.0039780184
0.002916226
0.0021054308
0.0014005992
0.00024972714
-0.0021640107
-0.0050099226
-0.0090534653
-0.011772545
-0.013850427
-0.014598609
-0.013092812
-0.01412354
-0.013361333
-0.011736369
-0.010513655
-0.0092402364
-0.0070801408
-0.0066580863
-0.0046490167
-0.0032083512
-0.0029969347
-0.0038273863
-0.0028804631
0.00018552554
0.0022445503
0.0050782318
0.0080133816
0.012034088
0.013504633
0.015998116
0.018604094
0.018951583
0.017624252
0.017829697
0.017775674
0.019525998
0.020762934
0.022372354
0.021288743
0.021067133
0.018392756
0.015067696
0.011605572
0.009805581
0.0079785888
0.0055415342
0.0045069781
0.0049197911
0.0093481834
0.0072155542
0.006135828
0.0056336104
0.0026410159
0.0008696305
-0.0021776159
-0.0028086954
-0.00068051443
-0.00029206657
0.0019367339
0.0025914986
0.0037403738
0.005184822
0.0054320123
0.0045657448
0.0047390393
0.0056067562
0.006947461
0.0085836752
0.0087290465
0.0094534604
0.011672855
0.012801711
0.013179928
0.012877568
0.013289705
0.013632403
0.01571983
0.016662284
0.017793831
0.01610314
0.015661516
0.017175548
0.015501431
0.017212748
0.015624944
0.013502069
0.010647414
0.010048142
0.0088081931
0.0095953126
0.00746485
0.0050254597
0.0057922243
0.0045475263
0.0050091423
0.0051212265
0.0040329849
0.0046091907
0.0042527582
0.0094043318
0.0083750418
0.0040422554
0.0022267794
-0.0026333265
-0.0058396949
-0.0088956623
-0.0080046463
-0.0082847827
-0.0081390243
-0.0066486472
-0.0037100788
0.00033463765
0.0034604871
-0.0003552569
-0.0054128731
-0.0053315296
-0.0054934876
-0.0050665555
-1.0395915e-05
0.0037398964
0.0078009176
0.0094048689
0.008058662
0.004833095
0.0058925204
0.0056669891
0.006463546
0.0052348985
0.0043321082
0.0072046706
0.011698318
0.015404908
0.014736428
0.014184695
0.013354628
0.01362741
0.012331983
0.0090944783
0.0076155002
0.0059308422
0.0057324282
0.0043827894
0.0016882112
0.00064771997
0.0012660942
0.0016051092
0.0016910848
0.00077178709
-0.00063376471
-0.0036099027
-0.0066616764
-0.0091000163
-0.010328903
-0.010851945
-0.011676113
-0.011476178
-0.011383704
-0.011298126
-0.010405647
-0.0076622922
-0.0079600154
-0.0067895825
-0.0054756104
-0.0051518666
-0.0036706545
-0.0034570277
-0.0019717681
-0.0017515597
-0.00071524651
0.0016762593
0.0034496257
0.0064661976
0.0096867736
0.011541584
0.013347467
0.01429207
0.015331464
0.014845829
0.013656937
0.013154786
0.014697774
0.014919757
0.013850813
0.013898977
0.013463074
0.011614625
0.011434093
0.011343194
0.0089650241
0.0061488692
0.0057002816
0.008358907
0.0097811802
0.0080788747
0.0056918962
0.006270457
0.0049785359
0.0032281115
0.0029694144
0.0030319898
0.00082350416
0.00075162501
0.00093872781
0.001811269
0.0017720951
0.0028129836
0.0025729517
0.0024354124
0.0023987325
0.0033863329
0.0045379946
0.0055775394
0.0062614186
0.0063305472
0.006127768
0.0085787048
0.009958863
0.010878461
0.010977413
0.010922029
0.012408676
0.015967254
0.01864623
0.017607296
0.017471736
0.019229942
0.019208279
