0.0022308105
0.0017636911
0.0015600981
0.0005903478
0.00030552829
-0.0010502291
0.0009699977
0.001467962
0.00121495
0.0008239421
0.0016125242
0.00081473024
0.00030580869
0.00093524241
0.0018257159
0.0021238983
0.0034654158
0.0036485421
0.0021352148
0.002005026
0.0026207333
0.00029736794
-0.00072401562
-0.00056302128
-0.0016727379
-0.0025662601
-0.0039052022
-0.004623164
-0.003214336
-0.0036248201
-0.0040706038
-0.0040660855
-0.0053315608
-0.0058421566
-0.0069175817
-0.0066781491
-0.0066401927
-0.0082314511
-0.0088949065
-0.0089063435
-0.010381364
-0.011558652
-0.010782257
-0.010732159
-0.011728582
-0.012299025
-0.014012334
-0.014359679
-0.013593624
-0.012412321
-0.0099624987
-0.0092437674
-0.0072647195
-0.0056503641
-0.0047869749
-0.0048651321
-0.0050369858
-0.0046390181
-0.0064748755
-0.008198225
-0.0064646815
-0.0034118762
-0.0042352125
-0.0069651528
-0.0088735822
-0.008236185
-0.0082389309
-0.0057207198
-0.0040190279
-0.0033336316
-0.0030249344
-0.0041834884
-0.00071398496
0.0010233857
0.00099552301
0.0014635583
0.0032654864
0.0058119456
0.0070774909
0.0062171638
0.0058280749
0.0055582174
0.003560978
0.0022317227
0.0026890926
0.0017279609
0.0023301524
0.0038323965
0.0063288132
0.0061591028
0.0054965554
0.0038493065
0.0026917086
0.0028759232
0.0025286273
0.0030096163
0.0029141416
0.0026166922
0.0019659711
0.0039721544
0.0039260514
0.0037827142
0.0026461333
0.0026740115
0.0032575087
0.0034473819
0.002407354
0.0016416284
0.0016736561
0.0021204854
0.0021282337
0.002345741
0.0036656855
0.0053918729
0.0049282053
0.005391683
0.0085963212
0.0090268911
0.011014863
0.012274433
0.011164595
0.011992379
0.011877897
0.012728032
0.0091757466
0.0084952994
0.0083280753
0.0076454579
0.0067396234
0.0051329195
0.0034594673
0.0016449846
0.0015855916
0.0010745734
0.00020969843
0.00033880662
-0.00052412193
0.00078457068
0.0016339005
0.0016780807
0.0021811137
0.0023028458
0.0025918835
0.0028475772
0.0022525451
0.0014154127
0.00088576583
-0.00054647271
-0.0014492814
-0.0022306712
-0.0020198805
-0.00131501
-0.0007717509
0.00061479309
0.0017078672
0.0012510786
0.00012977727
-0.00047782561
-8.8914599e-05
0.0019062475
0.0025635349
0.002303951
0.0017321441
0.0014232027
0.0015711728
0.00054267185
-0.001102606
-0.0017849526
-0.0016952481
-0.003941791
-0.0044644226
-0.0043680953
-0.0048111171
-0.0045291059
-0.0051579622
-0.0058350028
-0.006602453
-0.0083655426
-0.0089735242
-0.0089111916
-0.0106755
-0.011019398
-0.011115736
-0.0089176953
-0.0082051356
-0.0071337449
-0.0065308009
-0.0055245612
-0.0056502815
-0.0049897836
-0.0071803592
-0.0076070931
-0.0068469361
-0.0043320929
-0.003423712
-0.0012121575
-0.00019073078
0.0013869777
0.0012460188
0.00087982784
0.0018737374
0.0019619758
0.0010314268
0.00023647486
0.0019754489
0.0026580373
0.0021151777
3.8390245e-05
-0.0017003062
-0.002688651
-0.0014613038
-0.00088023994
0.0002021572
0.00083764705
0.0016162949
0.0026969574
0.0029765812
-0.00028510694
0.00026651518
0.0013130561
0.0024595795
0.0016187565
0.0013197314
0.0014724904
0.0017688238
0.00040695564
-0.00061026069
-0.0020245909
-0.0011331405
0.00027457274
0.004229114
0.0044320974
0.0057020937
0.0068480348
0.0062728126
0.0032134198
0.0024263488
0.0015722543
0.0021131935
0.0024672353
0.0021435314
0.0025221169
0.0028154063
0.0030441975
0.0021169115
0.0018427711
0.0010966703
0.0013482373
0.0013468706
0.0014047438
0.00091285304
0.0013975259
0.00091262983
0.0014861832
0.0015946967
0.0028208539
0.0038813635
0.0048499361
0.003762284
0.0047471947
0.0075523963
0.010743254
0.012160891
0.013259376
0.011692782
0.011853174
0.0098724
0.010105067
0.0091488492
0.0080276859
0.0067571209
0.0055543793
0.0054196183
0.0041849431
0.0021074001
0.0014641864
0.0016416244
0.00037956484
0.00062370383
-0.00063781291
-0.00023940015
0.00068918128
0.0014769764
0.0013643285
0.0020680207
0.0023715984
0.0023748599
0.0021425305
0.0021460414
0.0010415902
0.00071721968
-0.0011221265
-0.0018041471
-0.0040688924
-0.0046588859
-0.003744864
-0.0029920554
-0.0019534588
-0.0017933355
-0.0018641525
-0.0010990687
-0.00058356109
-1.9129428e-05
-0.00026061074
0.00019846256
-0.00044103182
0.00010710186
-0.0005564947
-0.0025563367
-0.0034523914
-0.0037885872
-0.0027841062
-0.0035525291
-0.0077113872
-0.010581064
-0.01063201
-0.0086541914
-0.0085364969
-0.010452945
-0.010741571
-0.011788837
-0.013356149
-0.014895429
-0.016371022
-0.01627848
-0.014189998
-0.01133007
-0.0077130094
-0.0035952195
-0.0029539567
-0.002380376
-0.0017275415
-0.00050683548
-0.00016332961
-0.00012599029
-0.00083966743
-0.0013983993
0.00095735563
0.0036218704
0.0050446152
0.0062357517
0.006164663
0.005424244
0.005994283
0.0062163814
0.0076169337
0.0088917105
0.010588042
0.010983927
0.011661323
0.010917939
0.0091527486
0.0075833474
0.0060903833
0.0078699902
0.0072382017
0.0083916207
0.0067516249
0.0053945001
0.0045597087
0.0045556369
0.0022166325
0.00038773048
-0.0004191011
-0.0029881421
-0.0040998908
-0.0059092848
-0.0064277541
-0.0046886039
-0.0043416778
-0.0048259727
-0.0049599829
-0.0027397212
0.0010414674
0.0032588789
0.0050745265
0.0063646094
0.0060084659
0.0048918294
0.0035566125
0.00097808301
0.00077381046
0.00016377015
0.0017142318
0.0015087945
0.0020268843
0.001992696
0.0015975373
0.0010673521
0.00059310389
0.00067039054
0.00022879738
-0.00017550079
0.001054551
0.001098702
0.0010766479
0.00094215651
0.0018247968
0.0019955994
0.0030997294
0.0023993758
0.0032193998
0.0018754588
0.0052251706
0.010097422
0.009807808
0.010557986
0.0072638177
0.0084019563
0.0095631933
0.0074523023
0.0067105276
0.0060401294
0.0034604114
0.0025903919
0.0018612017
0.0022853402
0.0029166616
-0.0016753322
-0.0020493248
-0.001212486
-0.00050660282
0.00019488777
0.00012119933
0.00077550971
0.0017591245
0.002338462
0.0025209771
0.0020427475
0.0021916127
0.0016042887
0.0019674312
0.00060091638
0.00049180646
-0.00029942268
-0.0013151984
-0.0033627178
-0.0036352259
-0.0038110407
-0.0055462042
-0.006376101
-0.0053189355
-0.0037510507
-0.004974531
-0.0051564466
-0.0034217784
-0.0035743663
-0.0018430665
-0.0021782329
-0.0042376792
-0.0053309462
-0.0081441612
-0.0085847223
-0.0096965264
-0.0088208864
-0.010012236
-0.012263002
-0.013867696
-0.016893913
-0.017467963
-0.014832661
-0.018070967
-0.020459559
-0.022586579
-0.024362679
-0.026650625
-0.028056584
-0.028479833
-0.024035192
-0.02016608
-0.015735507
-0.011151585
-0.0046674683
0.00025142561
-0.0015661338
-0.00041727084
0.00054147906
0.0022869746
0.0019220644
0.0016024087
0.002068417
0.005213416
0.0060477349
0.0063744367
0.0072517069
0.0084832491
0.0091123207
0.0097066202
0.011135835
0.016116899
0.020452189
0.022259804
0.022565114
0.022357596
0.021938759
0.019187612
0.015738322
0.013785569
0.016574732
0.014313757
0.012653495
0.0089260672
0.0064180988
0.0065898622
0.0018554575
-4.488211e-05
-0.0012317072
-0.0028929097
-0.0060773977
-0.010804639
-0.010748227
-0.0084152834
-0.0074338836
-0.0073803918
-0.0061490223
-0.0050332123
-0.0018586042
-0.00020614394
0.0010930581
0.0016206314
0.00058819888
0.00059262801
0.00055669512
0.00013947403
-0.00070776644
-0.00060131455
-0.00030208994
0.00078554028
0.00035480465
0.00029734787
0.00010406435
-0.00085170583
-0.0012429119
-0.00089384162
-0.00057252217
2.6841436e-05
-0.00035106688
-0.00029603336
0.00024050894
2.8873816e-05
0.00040507861
0.00065203402
0.00080175298
0.0014732231
0.0025284875
0.0022640209
0.0027941381
0.0035952832
0.0034375266
0.0015312757
0.0021043315
0.0029172488
0.0045662508
0.0069467524
0.0064380914
0.0035665464
0.0022943038
0.00067840684
-0.0021436987
-0.004513769
-0.0046050262
-0.0043984763
-0.0059993599
-0.0035217502
-0.0012641307
-0.00031090793
-0.00036922533
0.00021459556
0.00075223422
0.0017176171
0.0022184196
0.0025817929
0.0015426151
0.0017906874
0.0011031712
0.0014261762
-0.00020645448
-0.00057140565
-0.0011690897
-0.001781339
-0.0038893804
-0.0040217762
-0.0039568583
-0.0067466165
-0.0070173863
-0.0093741919
-0.011042383
-0.010974291
-0.010764189
-0.0089830834
-0.0065893905
-0.0032380225
-0.0032189487
-0.0072574835
-0.010441841
-0.013702804
-0.015532681
-0.015793237
-0.017300781
-0.020027121
-0.021659139
-0.023145613
-0.028375312
-0.030848693
-0.030433117
-0.030372171
-0.033793682
-0.037077789
-0.037514238
-0.03969887
-0.040541385
-0.040977676
-0.036535879
-0.031139645
-0.026697976
-0.020439609
-0.011819854
-0.0075472598
-0.0049249236
-0.0055596753
-0.0054519837
-0.0040467584
-0.0030810765
-0.0018234248
0.0005538649
0.003648016
0.0046148424
0.0041807546
0.0034599499
0.0041692317
0.0078738937
0.01007958
0.014142905
0.020075985
0.023277841
0.026971909
0.025761931
0.026477257
0.026139517
0.025074222
0.025464932
0.021760347
0.022603226
0.01998387
0.017795305
0.013854084
0.012607765
0.008694204
0.0026195991
-0.00044549186
-0.0063926904
-0.0082650958
-0.011665768
-0.011336237
-0.0090378258
-0.0085276681
-0.0075463336
-0.0073475597
-0.0052884937
-0.0073446659
-0.0064141892
-0.005298988
-0.0041422524
-0.002577756
-0.0048296419
-0.004564004
-0.0028657085
-0.0037017894
-0.0033524599
-0.0030657926
-0.0025141044
-0.001636489
-0.0010943726
-0.00098580005
-0.00097060511
-0.0012168641
-0.0023379573
-0.0023471994
-0.0020730867
-0.0010377778
-0.0019661561
-0.000670386
-0.00029660081
-0.00030261574
-0.00027034359
0.00044632866
0.0017274
0.0032115235
0.0036419226
0.0031567804
-0.0016690736
-0.003058962
-0.0014258185
0.001078261
4.6887833e-05
0.00066869953
0.0018197768
0.0023805087
0.0011779157
-0.00059805185
-0.0030324642
-0.0053093325
-0.0069041292
-0.0087400025
-0.0087166598
-0.0085923747
-0.007365582
-0.0052881466
-0.0034440687
-0.0023379439
-0.0011946256
-0.00084822112
-0.00068163767
0.00036654485
0.0011471176
0.0022990261
0.0015285001
0.00077629494
0.00043981157
0.00023464891
-0.0015724202
-0.00098008384
-0.0013147474
-0.0024714566
-0.0050941237
-0.0026193262
-0.0041359062
-0.0073684141
-0.010065785
-0.01539056
-0.018453657
-0.01789755
-0.019691172
-0.015726264
-0.010842232
-0.0048661626
-0.0051488702
-0.011968803
-0.015060291
-0.019586604
-0.022803762
-0.023274944
-0.028319893
-0.030865221
-0.033126767
-0.034044414
-0.036215971
-0.039789131
-0.040850193
-0.042060685
-0.044206553
-0.046357844
-0.049539801
-0.050994068
-0.049586067
-0.05253923
-0.05326019
-0.048374591
-0.042812188
-0.033867857
-0.028296677
-0.025626432
-0.022699042
-0.020117045
-0.019891384
-0.019515595
-0.016759138
-0.013669249
-0.011791393
-0.0094223184
-0.0072207629
-0.0084453819
-0.006484709
-0.0045662181
-0.002590535
0.0011545011
0.0065003615
0.0069017507
0.014603476
0.018046617
0.017733396
0.024377404
0.027357732
0.026555089
0.026458114
0.023141678
0.023268141
0.021673853
0.019645294
0.016300284
0.014589262
0.010629515
0.0045587864
-0.00016635649
-0.003363175
-0.0068488193
-0.010196512
-0.0086070627
-0.0075560014
-0.0085250961
-0.0070978959
-0.0062135557
-0.0070305971
-0.0070529249
-0.0074524896
-0.0077816362
-0.0056936338
-0.0046727124
-0.0039081758
-0.0038274092
-0.0037356386
-0.0032320087
-0.003800093
-0.0029512845
-0.0020326318
-0.0011502985
-0.00035153328
-0.0012737003
-0.00092609292
-0.0012035473
-0.0013388527
-0.0010560827
-0.00088216974
-0.0004715546
3.6256822e-05
0.00011012881
0.00023819209
0.00099232389
0.00154016
0.002667112
0.0040342238
0.0044068662
0.0026643412
-0.0024968773
-0.0031805404
-0.00098628824
-0.0013202851
-0.0019137179
-0.0017975762
-0.00032039069
-0.0021873044
-0.0022754615
-0.0027500233
-0.0044610684
-0.0068167348
-0.0092587753
-0.0087114399
-0.010438264
-0.0093893635
-0.0098869757
-0.0086410282
-0.0068014904
-0.0057561088
-0.0045719292
-0.0037081701
-0.0015877499
-0.0017938425
-0.00088516776
0.00013671154
0.0010568922
0.0010944586
-0.00021790002
-0.0024282769
-0.0016939688
-0.0030571971
-0.0031186356
-0.0037892501
-0.0058140317
-0.0052307626
-0.0045959901
-0.0040377336
-0.010469537
-0.01522701
-0.019445937
-0.023806912
-0.024610985
-0.023501785
-0.019355683
-0.014071728
-0.0054858416
-0.0048751151
-0.013743467
-0.01927985
-0.023765447
-0.02669237
-0.029864961
-0.034210713
-0.035408818
-0.037345244
-0.039598634
-0.045573949
-0.048201543
-0.048454669
-0.050787297
-0.055159642
-0.058252527
-0.061904182
-0.062516102
-0.061547458
-0.062681203
-0.065454274
-0.063210858
-0.0570155
-0.048641748
-0.045113154
-0.038542125
-0.041587285
-0.041295719
-0.038329559
-0.035333266
-0.033252617
-0.027373963
-0.024392574
-0.025048476
-0.023539446
-0.022069466
-0.013412984
-0.0060234622
-0.0039743198
-0.004872322
-0.0020451769
0.0036865333
0.016356418
0.017524194
0.018430878
0.015074906
0.017260689
0.02332627
0.02555628
0.02507765
0.020749988
0.023019387
0.020133564
0.016820874
0.012624748
0.011863879
0.00792734
0.0051712493
0.0018654859
-0.0011999804
-0.0027160253
-0.0026637801
-0.0013145821
-0.00091980065
-0.0023040779
-0.0030909265
-0.0042979359
-0.0049955965
-0.0043489844
-0.0038172165
-0.0026121629
-0.0026115726
-0.0012152413
-0.00055949054
0.00021958989
-0.0011563282
-0.0010055649
0.00010146187
-2.534926e-05
0.00086359553
0.0020788492
0.0025853576
0.0025837422
0.0031904318
0.0021955246
0.0018571581
0.0016520282
0.0016783393
0.0017167201
0.001458256
0.0025485876
0.0029062709
0.0043685888
0.0049207196
0.0048931237
0.0049606157
0.00033892129
-0.0049743
-0.0024459959
-0.0030773834
-0.0011632075
-0.0015430179
-0.0014840495
-0.0024983244
-0.0015702462
-0.0030160663
-0.004495968
-0.0073891517
-0.010861317
-0.010122761
-0.009919864
-0.012727776
-0.011208794
-0.01105575
-0.012112116
-0.010851045
-0.0066017614
-0.0036332989
-0.0024085188
-0.0016402913
-0.0024141639
-0.0021334193
-0.001612969
-0.00062493555
-0.0017626956
-0.0010620224
-0.0029076927
-0.0037855464
-0.0041866404
-0.0058650781
-0.0074322444
-0.0077499585
-0.0079934299
-0.0060221239
-0.0095946015
-0.012903342
-0.016828033
-0.018280072
-0.023508569
-0.02462183
-0.023195779
-0.025436508
-0.021033207
-0.0082296789
-0.0074764968
-0.01544703
-0.020038476
-0.021926144
-0.026521389
-0.029203072
-0.033204217
-0.034633884
-0.039231984
-0.046209862
-0.049854569
-0.052031468
-0.056145363
-0.060182407
-0.066807084
-0.069711047
-0.073233947
-0.074442651
-0.0724045
-0.068089847
-0.068948558
-0.064542585
-0.05818496
-0.050481225
-0.049486429
-0.044202598
-0.046217919
-0.048261684
-0.049551609
-0.048279258
-0.044994821
-0.041188825
-0.028785631
-0.03670911
-0.028573802
-0.024368222
-0.018691519
-0.012821887
-0.012458685
-0.0044862225
0.0068484456
0.0079920224
0.012881868
0.018633462
0.022196413
0.019685236
0.027904718
0.029170732
0.029736558
0.02798009
0.027573963
0.024076026
0.02002043
0.017706207
0.015851334
0.013791623
0.010522844
0.0074187155
0.0070192644
0.0069443118
0.0057599685
0.0051608042
0.0045545372
0.0040283434
0.0036105233
0.0010044612
-0.00090188321
-0.0013680005
-0.0027866201
-0.00091327077
-0.00053909815
0.00026550959
0.00010789161
0.00093532816
0.0020264646
0.0022162299
0.0027621894
0.0028789182
0.0029904795
0.0034555597
0.0041622349
0.0031326295
0.0029964572
0.0029344447
0.0028486588
0.0033958069
0.003462129
0.0051873633
0.0051403
0.004300859
0.0055009394
0.0052019367
0.0035408125
0.0036454775
0.0047885414
0.0041863887
-0.0027965634
-0.0058000499
-0.0029312267
0.00027061257
-0.0013160208
-0.0027490586
-0.0024626748
-0.0041100327
-0.0061384482
-0.0043790066
-0.0056166674
-0.0079568525
-0.010670973
-0.01157943
-0.012147637
-0.012418319
-0.010561696
-0.0091397332
-0.0048190446
-0.0025054451
-0.0016823393
-0.0012115408
-0.0016730331
-0.0012798109
-0.00026401097
-0.00097883022
-0.001944145
-0.00091596845
-0.0021292396
-0.002502392
-0.0039982315
-0.0046197864
-0.0083341354
-0.0095135203
-0.0097305225
-0.013986733
-0.012442314
-0.013507427
-0.015278882
-0.019221456
-0.01692111
-0.018866172
-0.020588535
-0.024179531
-0.024477573
-0.024456152
-0.025454012
-0.013415583
-0.011843323
-0.017987533
-0.023488061
-0.023658801
-0.026712068
-0.032677036
-0.037274547
-0.04382053
-0.049388857
-0.056111948
-0.057833054
-0.061147175
-0.067267298
-0.072871355
-0.077211679
-0.079535722
-0.078550819
-0.07903374
-0.078575966
-0.076507719
-0.069622562
-0.061064046
-0.052196551
-0.048968958
-0.046348948
-0.046330724
-0.045532979
-0.047407695
-0.047602884
-0.050761994
-0.041707114
-0.039320369
-0.039026107
-0.037414927
-0.033235134
-0.027613434
-0.026641684
-0.018266655
-0.012702916
-0.0026673526
0.0055967449
0.0087185439
0.016230834
0.021902452
0.022671393
0.026671556
0.027602468
0.032069661
0.031746249
0.0305383
0.027345355
0.024768919
0.02281379
0.021116965
0.019339844
0.015910593
0.015108578
0.013542356
0.01124953
0.010649419
0.010697415
0.012317819
0.011102102
0.0095769436
0.0068921497
0.0043646171
0.0020539962
0.0023202788
0.0010594958
0.0019257788
0.0014348657
0.0021441916
0.0039321768
0.0048468924
0.00484356
0.0058132547
0.0058842499
0.0062811903
0.0067661378
0.0080141311
0.0072236487
0.0061424141
0.0049424361
0.0045132191
0.0047178552
0.0052858184
0.0051072954
0.0048694081
0.0048202161
0.0049342809
0.0055058464
0.0052008271
0.0027268854
0.0025067458
0.0025460627
0.0028882233
-0.0035290469
-0.0072486682
-0.0034995116
-0.0029186527
-0.0010593509
-0.0031074946
-0.003735277
-0.004816045
-0.006775024
-0.0054508735
-0.0079942588
-0.0073009716
-0.0092559242
-0.0073101078
-0.0033815517
-0.00023750815
0.0015107389
0.0029595154
0.002860801
0.00091354313
-0.00096147587
3.9690604e-05
0.00069204976
-0.00020233874
-0.0015492138
-0.0025511264
-0.0018817843
-0.0028312762
-0.003047018
-0.0037585657
-0.0050798255
-0.006413763
-0.013938943
-0.015761871
-0.019237181
-0.024058188
-0.021289505
-0.02021445
-0.02103036
-0.021043275
-0.02044395
-0.020020558
-0.022908242
-0.025753991
-0.028072393
-0.028269705
-0.023659202
-0.016725984
-0.016815125
-0.018192517
-0.023162548
-0.024762921
-0.028028955
-0.036462346
-0.046385664
-0.054661889
-0.060861865
-0.065745595
-0.068374219
-0.073181625
-0.077551463
-0.078738406
-0.081652394
-0.08379126
-0.085855654
-0.087070267
-0.082293093
-0.077556941
-0.068112087
-0.055907494
-0.044006954
-0.044849829
-0.049384784
-0.045806321
-0.044250333
-0.043547615
-0.044464251
-0.047893746
-0.039631426
-0.040696368
-0.038624101
-0.035160443
-0.031762964
-0.029757096
-0.022796699
-0.015241453
-0.0093067908
-0.002958649
0.0029522917
0.0083045572
0.014580538
0.021584021
0.024597391
0.025957036
0.027053802
0.028951908
0.029739599
0.027874587
0.023258118
0.02313518
0.019965505
0.019759693
0.017862407
0.019352265
0.01968227
0.017781811
0.017380316
0.016809075
0.018176239
0.017210943
0.018210239
0.014112037
0.0082549059
0.005717547
0.006145412
0.0057796643
0.0052804419
0.0055206761
0.0050886456
0.0054455814
0.0049694229
0.0065195005
0.0071168731
0.0067082417
0.0092104487
0.010769007
0.011516005
0.010554351
0.011559486
0.011926226
0.011873812
0.0109777
0.0090939787
0.0087382362
0.0093461406
0.0094804277
0.0090981239
0.009456918
0.0078952114
0.0063432681
0.0037228716
0.0030084644
0.0013590282
-5.7165263e-05
-0.0032378422
-0.0062916197
-0.0058913994
-0.0048704461
-0.0036288998
-0.00066896953
-0.0034708564
-0.005646673
-0.004861005
-0.0054730277
-0.0048412371
-0.0060480736
-0.0034033482
0.0025690715
0.0042657574
0.0052170411
0.0063902277
0.0050112245
0.006110159
0.006631807
0.0050105609
0.0065344097
0.0061236243
0.0058503716
0.0031708257
0.00067362574
0.0010920598
0.00049933127
-0.0026834031
-0.0046881116
-0.0092429749
-0.011200289
-0.016375194
-0.017536323
-0.020521975
-0.02408675
-0.019355478
-0.018334923
-0.016438579
-0.017922931
-0.018759875
-0.018181449
-0.023436084
-0.024999504
-0.031315306
-0.031901077
-0.02426467
-0.017766984
-0.01624905
-0.019409772
-0.022064468
-0.022960887
-0.026547576
-0.036003884
-0.045317544
-0.056189941
-0.064696629
-0.071311294
-0.07461213
-0.07475299
-0.078385551
-0.079295115
-0.085121131
-0.080857345
-0.081155179
-0.079641999
-0.082736725
-0.075979162
-0.063948166
-0.043536271
-0.040082741
-0.040059647
-0.038835021
-0.034728145
-0.034230031
-0.033544483
-0.030318478
-0.028343253
-0.027903165
-0.027643001
-0.025120808
-0.020179915
-0.01600271
-0.014042277
-0.008966472
-0.0042293674
0.0006353135
0.0038650787
0.0060116987
0.0096366567
0.010241976
0.013382871
0.020030078
0.021538371
0.022554085
0.023517103
0.025932339
0.023524356
0.021652127
0.02018621
0.019371054
0.01995505
0.018004262
0.018628631
0.021752328
0.020025669
0.020619112
0.023122409
0.023169538
0.022660974
0.023111102
0.017680761
0.014611539
0.01120959
0.012632365
0.011159438
0.0089699389
0.011456313
0.0101637
0.012021661
0.013486336
0.010892004
0.013318783
0.012785858
0.014509035
0.013553194
0.015065916
0.016659188
0.015771514
0.015640728
0.017863689
0.015230653
0.014788887
0.012812971
0.010952374
0.01093968
0.012726752
0.013940585
0.013145047
0.011169999
0.0094719915
0.0060519865
0.00053223307
0.00060792839
-0.0011870429
0.0079759187
0.0040314758
-0.0013749411
0.0029367159
-0.00093847301
0.00018513906
-0.0012939039
-0.00078859821
-0.0015141872
-0.0015136019
-0.0011605145
0.0021359385
0.0034546254
0.0066389582
0.0072257472
0.0076092574
0.0071379095
0.0054900021
0.0084677901
0.0091934372
0.0072091584
0.0062387794
0.0041103332
0.0036062698
0.00063938811
-0.0016334637
-0.0045920654
-0.0080638829
-0.0073118865
-0.0086327341
-0.013871102
-0.0095974663
-0.010742341
-0.012823743
-0.013469706
-0.0095387558
-0.0095907736
-0.0113307
-0.013270677
-0.014231025
-0.014458103
-0.018712943
-0.019029558
-0.024239119
-0.023390648
-0.023336646
-0.017796383
-0.017466912
-0.01916929
-0.022803289
-0.02459353
-0.027754689
-0.031563173
-0.036323756
-0.046095927
-0.057318031
-0.066638046
-0.070912259
-0.074101212
-0.076088346
-0.074979344
-0.075820405
-0.0692224
-0.069603777
-0.076114071
-0.072863786
-0.066846355
-0.054127144
-0.034518231
-0.025914975
-0.027571458
-0.02441502
-0.014880932
-0.0050335689
-0.0048444751
-0.0024521055
-0.00076264219
0.0018011075
0.0015143346
0.0032233216
-0.0019320776
-0.0011706099
0.0030078974
0.0093314037
0.012556265
0.015130236
0.016914424
0.018597395
0.020303588
0.020409157
0.02119135
0.024147562
0.024604771
0.023750737
0.02243256
0.024038995
0.021437354
0.01904262
0.019222574
0.016321332
0.015320558
0.014854739
0.015373888
0.020474334
0.018184352
0.019211595
0.020895236
0.021741272
0.019779133
0.020386551
0.020169245
0.017875634
0.015627151
0.014552131
0.01877821
0.01542455
0.014316744
0.012562838
0.015159965
0.016347671
0.019447916
0.02032465
0.018616531
0.017822882
0.019533228
0.019868716
0.019962151
0.019417976
0.020386707
0.023353888
0.021941377
0.021730791
0.022147948
0.02152916
0.0171815
0.01700307
0.017572321
0.017185598
0.01529019
0.017110309
0.011183273
0.0026849424
0.00089420021
0.0020464126
0.010404994
0.0073668551
0.005801724
0.0036686844
0.004729766
0.0043201782
0.0042397266
0.004379486
0.0069633796
0.0073654673
0.0048029127
0.0059639907
0.0066314394
0.0082950678
0.0085081565
0.010406418
0.0092435702
0.0083477927
0.0097347731
0.0095069157
0.0069605047
0.0045919046
0.0038670499
0.0020305812
-0.00070395925
-0.0040548585
-0.0054162819
-0.0053035019
-0.0059547148
-0.0052538646
-0.0081230067
-0.0031191966
-0.0038558914
-0.0032591835
-0.0032483984
-0.0051986989
-0.0064988764
-0.0050172249
-0.011048462
-0.016002336
-0.015979529
-0.015646327
-0.015145775
-0.020089327
-0.021740389
-0.024201623
-0.015410712
-0.017016744
-0.021762586
-0.023496646
-0.02795045
-0.02741899
-0.03085292
-0.032959657
-0.041433133
-0.048229135
-0.057751862
-0.063048416
-0.069339165
-0.070479822
-0.067322238
-0.05628549
-0.055019818
-0.058861803
-0.059741776
-0.05365237
-0.042598108
-0.028257632
-0.012469095
0.00094390289
0.0035765507
0.00089604378
0.010366335
0.012140555
0.012453531
0.01481774
0.026055121
0.031276397
0.032815853
0.025453079
0.022426282
0.017745881
0.023385559
0.02925463
0.028769443
0.03135979
0.028608081
0.02836319
0.027251344
0.02733292
0.027942886
0.02717198
0.024376392
0.024298436
0.019277946
0.017629153
0.014393504
0.011683792
0.010897921
0.0083402495
0.008535391
0.011267766
0.01106253
0.0098757385
0.011103903
0.014189348
0.016122111
0.015969419
0.017999689
0.020161101
0.019504271
0.019451234
0.018470123
0.017521874
0.016548564
0.016253068
0.016188616
0.017665742
0.019294349
0.021354998
0.022675051
0.025584775
0.026120608
0.02458657
0.024854768
0.024884093
0.027908694
0.030625195
0.033391243
0.035553013
0.035600498
0.034914624
0.034238962
0.032311288
0.022972587
0.017805926
0.014537105
0.0096358422
0.0048833417
0.0038579934
0.0035248548
-0.0035302794
0.0025113807
0.0067249209
0.0074237002
0.0041590616
0.0034518402
0.0038050954
0.0022632348
0.0036343194
0.0031389305
0.0057294345
0.0073605538
0.0072127954
0.0071210107
0.0081911747
0.0081553348
0.0093480961
0.0094405965
0.0097795824
0.009655165
0.0092891256
0.008187837
0.0095670388
0.0091325466
0.0075226898
0.0061648874
0.0039677368
0.0012055434
-0.0013397884
-0.00036994459
-0.00032988304
-0.00064767504
-0.0027514093
-0.0022433324
0.0011702046
0.0011274815
-0.00031250163
-0.0020778654
-0.0044259392
-0.0052504657
-0.0062036446
-0.0071945499
-0.010791574
-0.014552403
-0.016420775
-0.017694794
-0.01897677
-0.022882807
-0.02793464
-0.019012879
-0.015278681
-0.022803645
-0.022468306
-0.022695831
-0.024147525
-0.026483274
-0.030671607
-0.035759875
-0.039177017
-0.045597469
-0.051063467
-0.05339005
-0.055977721
-0.048719695
-0.029995352
-0.034361465
-0.035676095
-0.034120632
-0.026192944
-0.012967224
-0.00019558192
0.011074711
0.025682831
0.031533917
0.01941674
0.017684591
0.018267318
0.016925289
0.025237246
0.038901137
0.045366062
0.048539642
0.043414814
0.032740979
0.030332299
0.033972008
0.034086891
0.03283368
0.03196537
0.030557973
0.029413983
0.025917177
0.022140152
0.02085286
0.01729411
0.013824228
0.013606071
0.010809621
0.011173009
0.0073054737
0.0044128998
0.001970592
0.00095484994
-0.00092069602
0.0018658337
0.0027142384
0.0038261344
0.0035200968
0.0077163895
0.011506028
0.012348439
0.012706995
0.014930642
0.013412357
0.012824116
0.015000801
0.016484329
0.017121269
0.016793227
0.017799405
0.019443066
0.01972802
0.021298084
0.024234534
0.024159345
0.025516443
0.026351926
0.02581313
0.027459477
0.030700388
0.032870462
0.036454277
0.042543634
0.042913472
0.041044606
0.038030045
0.031892461
0.026104416
0.022886989
0.015652294
0.010456686
0.004822648
0.0016013587
-0.0036052914
-0.0047557796
0.00083326522
0.0017288468
0.0022022742
-1.5862605e-05
-0.00026562625
-0.0020461892
-0.0013433077
-0.0023997557
-0.00071829754
0.0018495501
0.0036365187
0.0054008652
0.0078134538
0.0078557085
0.0095280505
0.0090714469
0.010455989
0.010554502
0.010490063
0.0094886221
0.0089271651
0.0074219335
0.0082261029
0.0084857708
0.0073113525
0.0055775295
0.00474595
0.0028831411
0.0050776012
0.0037020417
0.0058996994
0.002646173
0.001218899
0.0045675966
0.0040795267
-0.00054061667
-0.00087674996
-0.0032134587
-0.0044552558
-0.004231651
-0.0056688322
-0.0084461315
-0.011236784
-0.013174754
-0.013666151
-0.014937521
-0.016060279
-0.016673484
-0.01378867
-0.012502626
-0.016246231
-0.020833955
-0.022451501
-0.022016331
-0.023187673
-0.025859061
-0.028426878
-0.029528589
-0.032808394
-0.036044701
-0.036923393
-0.035736955
-0.025936092
-0.018605767
-0.024028508
-0.015325962
-0.011174042
-0.0012233705
0.0095367029
0.018571899
0.021603909
0.029567098
0.033238037
0.020433697
0.018431422
0.025439307
0.028758087
0.032098538
0.038044932
0.042321083
0.045749376
0.041739743
0.031874559
0.034684351
0.034318713
0.029414955
0.026496215
0.024870068
0.022695035
0.018995587
0.014533059
0.012913908
0.012600218
0.0094472757
0.0082993385
0.0050577023
0.00181231
0.0019508983
-0.0021292294
-0.0052057613
-0.0065766204
-0.0074796129
-0.0075457681
-0.0074815862
-0.0070253295
-0.0060690822
-0.0022120419
-0.00054417859
0.0027415493
0.0044514125
0.0083559351
0.0085937777
0.0094365292
0.0079092908
0.007283952
0.0085455378
0.0088458272
0.01141471
0.015652339
0.016968431
0.018420216
0.019803065
0.021720875
0.024371859
0.026230828
0.024733976
0.02219004
0.023639179
0.027032955
0.029347429
0.029192507
0.032317544
0.033920929
0.03503422
0.029863139
0.025465583
0.01768749
0.014637125
0.0063613394
3.9963981e-05
-0.0020965793
-0.0028895608
0.0018224984
0.00034438524
-0.00038519827
-0.0017457315
-0.0029810841
-0.0047287417
-0.0027986502
-0.0039856511
-0.0032233392
-0.00046810547
-0.0003911068
0.00045910699
0.0036548829
0.0035279789
0.0047631476
0.0051882416
0.0072827538
0.0083167014
0.0092747711
0.010069796
0.0098121994
0.009579793
0.01034255
0.0096709223
0.0080010585
0.0075993152
0.0074602159
0.0070860618
0.0061120327
0.0059883402
0.0065985184
0.0080674835
0.0094289403
0.0074763369
0.0059672497
0.0068956873
0.0029648169
0.0032476313
0.0018583697
-1.0967516e-05
0.00072692749
3.0037807e-05
-0.002321094
-0.0019026344
-0.0040335276
-0.0044004151
-0.0065564743
-0.0079724411
-0.0076331971
-0.0085730224
-0.0077734043
-0.0070819676
-0.0061081136
-0.0099341747
-0.014546308
-0.017891109
-0.017684183
-0.018117101
-0.017730715
-0.017968415
-0.018805918
-0.018079168
-0.016221527
-0.013014204
-0.0062658133
-0.0071257966
-0.011816734
-0.0096134907
-0.0010284485
0.010454742
0.016878479
0.025094214
0.023241899
0.022732768
0.020442826
0.013248991
0.015437299
0.022725904
0.023394422
0.024645344
0.027990346
0.031532204
0.033276183
0.031262332
0.027948925
0.025642211
0.024610812
0.022437629
0.017432784
0.014276104
0.01157341
0.010445857
0.0079505657
0.0054986767
0.0046919577
0.0024851667
0.0018557824
0.0002968153
-0.00042128308
-0.0012045312
-0.0037886609
-0.0052174737
-0.0080880393
-0.0099557454
-0.011443982
-0.010630785
-0.0080887996
-0.0088218412
-0.0069108062
-0.0048338282
-0.0026148819
-0.0015133575
0.00055876699
0.0013829102
0.0033961107
0.0052665764
0.0045420678
0.0033427752
0.0042732249
0.0061817748
0.0071416601
0.008827927
0.010940317
0.014564642
0.016613805
0.018897132
0.021102532
0.021061313
0.019147968
0.019273932
0.019872576
0.021149527
0.021750925
0.022712303
0.021946498
0.021820002
0.017525211
0.011820711
0.0064765668
0.0045717109
0.0035946676
0.0012771414
0.00068410501
0.00084542894
0.0065432986
0.0033520821
0.001600789
0.00083233992
-0.0031147433
-0.0049466391
-0.0078920675
-0.0070927295
-0.0039738512
-0.0029253232
-0.00069000669
0.00013423287
0.0015526159
0.0027707119
0.0029788029
0.0023046806
0.0033650347
0.0042472761
0.0056864991
0.0072597626
0.0068120023
0.0070651011
0.0087868795
0.0091827775
0.0086529782
0.007833887
0.0073060441
0.006806194
0.0074575592
0.0070782607
0.0095536869
0.0079275817
0.0086640578
0.009872229
0.0085375991
0.010853389
0.010350438
0.0081842826
0.005961728
0.0059062175
0.0049981737
0.0056225421
0.0032787731
0.00052758944
0.0011699064
-0.000281741
-7.6100467e-05
-0.0008765856
-0.002173197
-0.0017183899
-0.0025741223
0.0017887513
0.0005966872
-0.0026420265
-0.0043666133
-0.0093894044
-0.011362343
-0.012590443
-0.01067244
-0.010693302
-0.010028527
-0.0072612106
-0.0024270325
0.0029045173
0.005589834
6.0948105e-05
-0.0035795596
-0.00033216886
0.00022553847
0.0050805049
0.010975849
0.013680491
0.015596493
0.013543835
0.010465262
0.0070125781
0.0094135634
0.0096142673
0.012029685
0.010590517
0.010755243
0.013588646
0.018833668
0.020936485
0.018533814
0.017049688
0.014485919
0.014278588
0.012229801
0.0084094216
0.0065462291
0.0034497583
0.0037172551
0.0026685026
-0.00090831577
-0.001755197
-1.9337854e-05
0.00071243034
0.0013965239
0.00071498221
-0.001272269
-0.0037203839
-0.0061591219
-0.0074402742
-0.0080369799
-0.0080537934
-0.0090529067
-0.008467356
-0.0082777033
-0.0079166563
-0.0058166429
-0.0027973142
-0.0026880015
-0.0011496948
0.00034435335
0.0013341618
0.0022708356
0.0023817941
0.0034467269
0.0033931713
0.0036740387
0.0051787092
0.005996018
0.0087358717
0.011753132
0.013004388
0.014292286
0.014687169
0.015255298
0.014305349
0.013066755
0.013026935
0.014446187
0.013560065
0.011978644
0.011694652
0.0093031665
0.0074762682
0.0086967732
0.0083647702
0.0081120128
0.0049011236
0.0032351194
0.0055744797
0.006890092
0.005586678
0.0024314691
0.0027272723
0.00022202947
-0.0010250383
-0.00086561197
-0.00070419574
-0.0023100773
-0.0018367955
-0.0013944176
-0.00061369363
-0.00072361529
0.00022070739
0.00015052855
0.00024701591
0.00055356594
0.0016612991
0.0027705105
0.0036167347
0.0039036119
0.0038515599
0.003270211
0.0052828993
0.0061264292
0.0069653546
0.0064946816
0.0061697571
0.0063340965
0.0088175141
0.011333025
0.01027783
0.010541677
0.01198197
0.011680046
