0.0019804234
0.0015504016
0.0017957689
0.0017853331
0.0024367508
0.0031925606
0.0055416017
0.004290937
0.0012464295
-0.00094743597
-0.0010551281
-0.0021190196
-0.004889227
-0.0058612125
-0.0043353195
-0.002334339
-0.00047292114
0.00080758675
0.0020456507
0.00068071683
-0.00074485684
-0.0050459019
-0.0056801448
-0.0050267779
-0.0068055617
-0.0071876848
-0.0096237689
-0.010198597
-0.0080408018
-0.0081350239
-0.010024164
-0.010628428
-0.011358102
-0.011239127
-0.012286865
-0.011346606
-0.011198543
-0.013627818
-0.013918148
-0.012599909
-0.01347813
-0.015286926
-0.015727128
-0.016442
-0.018995826
-0.018883073
-0.018238406
-0.016287492
-0.014607123
-0.011258404
-0.0091616566
-0.0091115771
-0.0060346127
-0.0027924353
-0.00093046814
0.0013178228
0.0041039325
0.0056374934
0.0047018657
0.0029176198
0.0027157207
0.0035396761
0.0020877239
-5.468346e-05
-0.0019961782
-0.0016652826
-0.0016781294
0.00021839625
0.0025468161
0.0049666275
0.0070624336
0.0084364789
0.012867732
0.015459841
0.016125572
0.016937497
0.018501806
0.020449016
0.021401126
0.01953675
0.018303636
0.015115843
0.011485662
0.0092648628
0.010299955
0.0067951632
0.0055409381
0.0055306715
0.0075054628
0.0096139594
0.0092712791
0.0080665454
0.0064311095
0.005272556
0.0040875201
0.0043237143
0.0047318526
0.004451875
0.0032561581
0.0044714205
0.0043379872
0.0045844602
0.0038412947
0.004445231
0.0051386153
0.0060956823
0.0059845124
0.0058513267
0.0052092032
0.0060141184
0.0060204699
0.0060380588
0.0070839247
0.0087951498
0.0084777603
0.0091554494
0.0092658164
0.0087947206
0.013753309
0.014643547
0.013609729
0.012726784
0.012327337
0.01213861
0.0088267965
0.0083419494
0.0097172669
0.0097713593
0.008596508
0.0070065987
0.0039783039
0.00052458576
-0.00052908979
-0.0016129789
-0.0019222976
-0.0011667654
-0.0012105631
0.00016512446
0.00058689701
0.00082282537
0.001579102
0.0018412409
0.0022671962
0.0022051054
0.0010502498
0.00070502328
0.00048910659
-0.00026281245
-0.00013805999
0.001219098
0.00073309696
-0.0020763735
-0.003612703
-0.0042970849
-0.005058997
-0.0049202526
-0.0061939913
-0.0079397313
-0.0083759294
-0.004145512
-0.0026779599
-0.0012880138
-0.00034162781
-0.0016928997
-0.003737645
-0.0059193963
-0.00746749
-0.0052935014
-0.0054185824
-0.0095606725
-0.011264828
-0.011410278
-0.010215272
-0.010695648
-0.013520317
-0.015435231
-0.015413553
-0.01634829
-0.016166984
-0.015162753
-0.015965517
-0.017869225
-0.018824538
-0.017562397
-0.016801239
-0.016309324
-0.015617519
-0.015633245
-0.016126906
-0.01364472
-0.012456817
-0.010077745
-0.0058151354
-0.0013148046
-0.00019238446
0.0014340201
0.0023872747
0.0057659832
0.0066026856
0.0090898582
0.013332272
0.014756634
0.015345685
0.014627858
0.015396343
0.014073911
0.01259943
0.010926026
0.0097185683
0.0085932746
0.010018737
0.010504651
0.012693502
0.015172815
0.0183175
0.020289507
0.021409538
0.020281322
0.019540734
0.019346034
0.021492555
0.021000474
0.019454384
0.016333499
0.013552578
0.0094113378
0.006790749
0.0048224605
0.0028652128
0.0033610879
0.0050276229
0.0052913364
0.0075044444
0.008717347
0.0087731839
0.0051665597
0.0028284637
0.0018679506
0.0030426786
0.0038865785
0.003990802
0.003938831
0.0044404175
0.0043675847
0.0033815321
0.0038527058
0.0042061984
0.0046151715
0.0049784288
0.005685513
0.0051512642
0.0054031788
0.0049509632
0.0055099469
0.0057769994
0.0064529395
0.0075195179
0.0086995835
0.0088091578
0.0085518368
0.0091392137
0.012235299
0.015578823
0.015208566
0.013300003
0.014100892
0.0098922546
0.0098899105
0.007740821
0.0070809237
0.0065419825
0.0054004521
0.0036545857
0.0020196957
-0.001111786
-0.0019569902
-0.00098860549
-0.0021519069
-0.0011235495
-0.0016235428
-0.0007497399
-0.00048814284
0.00030860159
0.00042939198
0.00060661389
0.00047063241
0.0006017858
0.00068167559
-8.2359202e-05
5.7282815e-05
-0.00050368209
-0.0015932878
-0.0026492797
-0.0027037841
-0.0046055299
-0.0068087531
-0.0083233347
-0.0074667307
-0.0086364854
-0.010242008
-0.0094724938
-0.0083123508
-0.0096879793
-0.0095637055
-0.0094750328
-0.0082857831
-0.0055438231
-0.0043382828
-0.0076506389
-0.011524045
-0.011857115
-0.0098654845
-0.010504905
-0.016990274
-0.019443523
-0.01882581
-0.01646145
-0.01638934
-0.020526162
-0.02244113
-0.024471728
-0.024147923
-0.024007947
-0.025054672
-0.025695265
-0.024282926
-0.023180518
-0.02140845
-0.019137618
-0.017960311
-0.016018785
-0.014670374
-0.012609221
-0.009842155
-0.0071176764
-0.0039655081
0.00057662984
0.0052162076
0.0095635598
0.012236862
0.013128322
0.012878591
0.014120248
0.016969665
0.021267604
0.023341241
0.023744199
0.026568746
0.027003809
0.027312875
0.024363378
0.023938402
0.024752605
0.023305729
0.02676033
0.025338102
0.027225544
0.027092807
0.027443873
0.028730036
0.029601385
0.026272497
0.023043431
0.019492611
0.018487086
0.016929734
0.014878315
0.0091427557
0.0064636429
0.0036574219
0.002102971
0.00053251721
0.00010787621
0.0023813688
0.0032080574
0.004483005
0.0062096574
0.006587867
0.0050731318
0.0027333847
0.00056729033
0.0011077763
0.0011153839
0.0022427734
0.003264154
0.0043077701
0.0051693823
0.0047697768
0.0049348585
0.0051387837
0.0056400819
0.0047879757
0.0049670546
0.0057227913
0.0055866409
0.0053952803
0.005014256
0.0051057198
0.0052390871
0.0061996232
0.0066515506
0.0057186184
0.0065681302
0.0093004046
0.011815901
0.010493983
0.012567293
0.0073202228
0.010336445
0.012329695
0.0088845523
0.0069278502
0.0039979806
0.0035451387
-0.00016193167
-0.0014329634
-0.0026013933
-0.0021514829
-0.0052918934
-0.0047619742
-0.0042301037
-0.002117704
-0.0014038671
-0.0010636739
-0.00063868684
0.00025457658
-4.9643802e-05
0.00044978624
-0.00028061479
0.0001887701
-0.00052609844
0.00030277519
-0.0013976187
-0.0011034503
-0.0017822561
-0.0029055149
-0.0054611862
-0.0040960258
-0.0043208427
-0.0099613969
-0.013043434
-0.011183275
-0.011446546
-0.014394162
-0.015926105
-0.016146603
-0.016771417
-0.012873215
-0.013393147
-0.015623449
-0.01346912
-0.015050529
-0.015654948
-0.018976529
-0.018337282
-0.018344311
-0.021349346
-0.024746096
-0.027168615
-0.028570246
-0.026340941
-0.027855222
-0.031134975
-0.033922578
-0.036223036
-0.036829274
-0.037136123
-0.038694536
-0.035693928
-0.03154099
-0.029010089
-0.029770703
-0.025712121
-0.02057895
-0.020609165
-0.017663456
-0.015072505
-0.011025278
-0.0077802692
-0.0043394455
0.0021451443
0.0087376941
0.012382955
0.015050084
0.016064521
0.017146209
0.016637257
0.020792322
0.026826658
0.03021584
0.035887995
0.039255388
0.038023155
0.039476342
0.040386153
0.039643878
0.039189785
0.040546891
0.043738579
0.041225455
0.041719567
0.03828217
0.035756052
0.035216793
0.031185509
0.02731706
0.023270448
0.020157489
0.018846562
0.013773757
0.0099632854
0.0072910564
0.003396172
-0.00093382163
-0.00088264578
-0.0026740723
-0.0022540922
-0.0017187267
-0.00075128148
0.0006812553
0.00056114773
0.00091631783
7.2641178e-05
-6.486013e-06
-0.00039082277
0.00015200359
0.0004336298
0.00243669
0.0027435292
0.0035242907
0.0039238125
0.0038602894
0.0033348232
0.0036885241
0.0043977695
0.0054794828
0.0047551307
0.0046446023
0.004554265
0.004140691
0.0034215496
0.0031847283
0.0029469445
0.0046844342
0.0051803074
0.0048999744
0.0045329225
0.0033245614
0.0038528813
0.00072156693
0.00061024525
0.0043063861
0.0083406883
0.0093976233
0.0047230048
0.0012710689
-0.0017536405
-0.0026615285
-0.0047879831
-0.009029365
-0.010588196
-0.010759959
-0.010049482
-0.0063003274
-0.002959606
-0.00097730609
-0.00013842
-0.00082110242
-0.00055169089
-0.00035195659
-0.00025223036
0.0008266048
-0.00032562598
-0.00017296751
-0.00091431131
-0.00069662274
-0.0020001602
-0.0023027805
-0.0036565083
-0.0042356448
-0.0067225733
-0.0052774369
-0.0046304683
-0.011984632
-0.01347576
-0.016853612
-0.019618781
-0.019951058
-0.021220033
-0.022396264
-0.019137352
-0.014582318
-0.013687627
-0.016701127
-0.01870234
-0.021364479
-0.023279491
-0.025135018
-0.026873781
-0.02977015
-0.033897641
-0.036236687
-0.040773842
-0.044196655
-0.043937692
-0.042430457
-0.045013468
-0.049160154
-0.049687892
-0.050733205
-0.050011581
-0.050224832
-0.04645605
-0.042649374
-0.040499555
-0.038512317
-0.03200433
-0.025728331
-0.023085525
-0.022172485
-0.020426518
-0.016659983
-0.011935762
-0.0075476423
-0.0027877656
0.0039709753
0.0065511275
0.0086284948
0.010931672
0.013542162
0.019832091
0.023716183
0.029611933
0.035036203
0.039646487
0.044803065
0.042924923
0.045142597
0.047999979
0.049454383
0.053559496
0.052921923
0.054775374
0.051848162
0.051864033
0.048614124
0.045013068
0.039889258
0.032943311
0.02943035
0.021927253
0.017667807
0.01349125
0.0090023398
0.0067571445
0.0037544304
0.00077161167
-0.0030629746
-0.0017689157
-0.0040389501
-0.0042736183
-0.0019866034
-0.0030568608
-0.0011570658
-0.0036887519
-0.0028225182
-0.00098788941
-0.001764792
-0.0011481393
-0.0010017305
-0.00030830751
0.0016296426
0.0024552911
0.0029313851
0.003566238
0.0034900362
0.0017857439
0.0021210367
0.0028869834
0.0037711983
0.0032569079
0.0038399958
0.0044066037
0.0037894841
0.0031728809
0.0028838506
0.0034894278
0.0045173803
0.0044879517
0.0036164793
-0.0011066546
-0.0019854693
-0.0021338574
-0.00031521165
2.9372076e-05
0.0045293758
0.0056096151
0.0032632675
0.0010225358
-0.0013212212
-0.0053894392
-0.0058423461
-0.008630136
-0.0128537
-0.015592215
-0.015286837
-0.01177998
-0.0072106647
-0.0042922315
-0.0028357343
-0.0012129662
-0.0019061822
-0.0020772065
-0.0014357962
-0.0004740258
0.00065439806
0.00021483057
-0.00088718363
-0.0011463916
-0.0015433141
-0.0040052898
-0.0040040608
-0.003825106
-0.0060273544
-0.0081209463
-0.0056747158
-0.0070454095
-0.012281953
-0.015998682
-0.021260425
-0.024829416
-0.025973822
-0.032798061
-0.030334693
-0.023768817
-0.013964896
-0.013224161
-0.016218304
-0.018395683
-0.022570444
-0.0279657
-0.032385094
-0.037151669
-0.040932718
-0.043186615
-0.046497138
-0.050137304
-0.051758889
-0.053999312
-0.053813976
-0.054520972
-0.055727238
-0.057298213
-0.059070908
-0.057254223
-0.059103688
-0.058207177
-0.056036897
-0.052417326
-0.043751187
-0.036015969
-0.030634178
-0.024915387
-0.022076242
-0.024752691
-0.026394484
-0.021933092
-0.012469634
-0.0081948549
-0.0019452776
0.00027262719
0.0027967973
0.0070900731
0.010766989
0.014797306
0.019468743
0.020776056
0.020230018
0.029359735
0.036880533
0.038645147
0.045906799
0.051189454
0.05049569
0.052990776
0.053355011
0.055215447
0.054237629
0.052337241
0.048818421
0.044667064
0.039514151
0.031891603
0.024624028
0.018532644
0.01382381
0.0082261056
0.0051062285
0.0022744356
-0.0006374925
-0.0025787159
-0.0025120388
-0.0037305813
-0.0048300821
-0.0048295131
-0.0055556817
-0.0045330145
-0.0036238649
-0.0021310742
-0.0015443633
-0.0010173344
-0.0016647707
-0.0026160865
-0.0026174023
-0.0017865511
-0.00079633459
0.0018763024
0.0032141025
0.0036871522
0.003195736
0.0029010534
0.0024164293
0.0027315215
0.0027596909
0.0042267876
0.0039343118
0.0040676092
0.0051280306
0.0052173657
0.0054728639
0.0055026155
0.0053987912
0.0054813837
-0.0026672143
-0.004738766
-0.0019874002
-0.0011317957
-9.9197545e-06
0.0016001767
0.0059389792
0.0036468353
0.0028126001
-0.00035440575
-0.0027068555
-0.0069101685
-0.0096452785
-0.0088549407
-0.013675442
-0.01418256
-0.01699498
-0.012432693
-0.0076344142
-0.005744703
-0.0054149183
-0.0049362636
-0.0042526524
-0.0043031613
-0.0039439111
-0.0020569691
-0.00059223286
-0.00034836637
-0.0015490146
-0.0036776315
-0.0041847537
-0.0049451724
-0.0061641201
-0.0087795243
-0.010682379
-0.0093119369
-0.0073373611
-0.0074718178
-0.013602687
-0.017932268
-0.022967959
-0.028266027
-0.032355435
-0.036213599
-0.035111385
-0.029077143
-0.016436551
-0.01084219
-0.016517619
-0.020456133
-0.024425864
-0.027955479
-0.03399542
-0.038577107
-0.040596905
-0.04378338
-0.048364488
-0.054568865
-0.057306061
-0.058633473
-0.060592909
-0.061745372
-0.063667362
-0.065814782
-0.063263605
-0.062977518
-0.063861017
-0.063858745
-0.061222675
-0.05700226
-0.046346615
-0.03890951
-0.03042251
-0.031757899
-0.030044175
-0.028643368
-0.02567467
-0.021493957
-0.016077242
-0.012112366
-0.013164672
-0.0073315076
-0.002403189
0.0054425138
0.013988563
0.015607811
0.013140532
0.013665138
0.016662473
0.030928856
0.035707319
0.037950526
0.038164032
0.038623314
0.048972538
0.053513738
0.053055685
0.051240162
0.052849967
0.047634043
0.043079242
0.036046315
0.03099259
0.025283117
0.022563522
0.013842697
0.0098791049
0.0054127754
0.0029112279
0.0026967738
0.0014649887
0.00043658763
-0.00080982479
-0.0031493431
-0.0036519384
-0.0048842834
-0.0036536092
-0.0027401261
-0.0025444794
-0.00072406765
-0.00012552585
0.00041133423
-0.0020525338
-0.0021528085
-0.00096008909
-0.00080768205
0.00071130551
0.0028456951
0.0047662591
0.0059612943
0.006501837
0.0056724707
0.0047162214
0.0043499817
0.0043794243
0.0036694838
0.0041443766
0.0050152512
0.0044725116
0.0071736803
0.0087275901
0.0085672854
0.0073754914
0.003639081
-0.0061022271
-0.0041030233
-0.0029697459
-0.00024591256
0.0013902948
0.0037780112
0.003874126
0.0053393115
0.0039506728
-0.00011859873
-0.0062129972
-0.010928666
-0.011258287
-0.01015104
-0.014604376
-0.014101952
-0.015935687
-0.012095477
-0.010222434
-0.0085674898
-0.0054974172
-0.0048769449
-0.0044402116
-0.0054334359
-0.0055277926
-0.0045905121
-0.0030808314
-0.0032961756
-0.0017793583
-0.0041833545
-0.0052726986
-0.0052732317
-0.0077545897
-0.011555496
-0.012318877
-0.010307662
-0.0065568933
-0.01030522
-0.012446413
-0.015551597
-0.01739969
-0.022680276
-0.027422513
-0.029437414
-0.036514038
-0.032720806
-0.018342909
-0.013306192
-0.015185711
-0.018134043
-0.019060984
-0.022971479
-0.026102411
-0.030591807
-0.03444382
-0.041017928
-0.04659434
-0.050720957
-0.054799499
-0.06051078
-0.063222482
-0.067977266
-0.06863056
-0.071006121
-0.071295131
-0.067663234
-0.065046091
-0.062305318
-0.057365159
-0.050332761
-0.038471176
-0.034599494
-0.031283426
-0.029965806
-0.030198948
-0.032621573
-0.033067231
-0.025424759
-0.025202494
-0.015804721
-0.016408102
-0.014937908
-0.00981497
-0.0019974195
0.0021782511
0.0011342408
0.0063833167
0.01691086
0.022596285
0.0288065
0.035010099
0.038592881
0.038373646
0.044766028
0.04693912
0.049234932
0.046853604
0.047436844
0.04268284
0.03901915
0.034298158
0.028584584
0.024911719
0.019790817
0.014059641
0.012066237
0.010587626
0.0059603434
0.005649344
0.0043393879
0.0046186707
0.0039613497
0.0025417065
-0.00093849052
-0.0019725305
-0.0028488921
-0.0014069001
-0.00085902791
-0.00021767777
-0.00080889723
0.0007857156
0.0011086741
0.00092230064
0.0016605782
0.0016842839
0.0025097797
0.0032143629
0.0032514157
0.0020657997
0.00098141786
0.0014933344
0.0024657056
0.0032700885
0.0036391765
0.0050674678
0.0053113329
0.0047111791
0.0057429694
0.0057130129
0.0038410339
0.0051578693
0.0070668921
0.0070140375
-0.0013477393
-0.0064444858
-0.001878625
0.0019302268
0.0019469151
0.0033460382
0.0055877341
0.0056103221
0.0042444291
0.0051821752
0.00020640627
-0.0050297875
-0.0076305118
-0.0099889427
-0.0095348306
-0.014685626
-0.014621322
-0.010495608
-0.0043358845
-0.0025259813
-0.0017684013
-0.0022809868
-0.0018840735
-0.00229822
-0.0021310194
-0.0032364193
-0.0036066219
-0.0021073409
-0.0030223989
-0.0031960587
-0.0055836123
-0.0063702198
-0.010258285
-0.012113722
-0.013890953
-0.015425143
-0.010138519
-0.0094075054
-0.010885851
-0.014039596
-0.012916185
-0.014819892
-0.018427907
-0.025145748
-0.02854698
-0.031612007
-0.034070305
-0.023204813
-0.018308157
-0.01898494
-0.021451106
-0.021379002
-0.022575994
-0.025939204
-0.030109368
-0.036185292
-0.043243041
-0.049720347
-0.053798857
-0.058891624
-0.063886158
-0.0687018
-0.071438675
-0.072506307
-0.072068898
-0.071877457
-0.07026565
-0.069000786
-0.063550385
-0.055409071
-0.045929166
-0.038943258
-0.037128274
-0.037021811
-0.032501856
-0.034741136
-0.033186763
-0.037160626
-0.027413652
-0.025073193
-0.025111745
-0.023524371
-0.021667651
-0.014932984
-0.012866829
-0.0058685483
-0.00044470481
0.0088654389
0.015573271
0.019127144
0.025389844
0.0300934
0.032170138
0.034264448
0.035930131
0.040033651
0.040334256
0.039686216
0.037690485
0.034655358
0.031382991
0.028516519
0.024432809
0.01998577
0.017621715
0.016469924
0.013713329
0.013430919
0.01053841
0.011290538
0.010163394
0.009280624
0.0069952831
0.0055895845
0.0025107148
0.0015773634
0.0010206444
0.001370202
0.0015540558
0.0024333892
0.003997548
0.0043271923
0.0051855861
0.006020709
0.0056296916
0.0050551603
0.0054958723
0.0067341829
0.005728608
0.0042425031
0.0037453772
0.0028095402
0.002805592
0.0040385623
0.0039067037
0.0033908417
0.0029254201
0.002989402
0.0040551903
0.0040309817
0.0014107934
0.0020658371
0.0038559354
0.0055399092
-0.00052290008
-0.0048196259
-0.0023199622
0.0010102404
0.0039747819
0.0037132825
0.0058809456
0.0049163462
0.0014671032
0.0038937936
-0.00086184633
-0.0041729746
-0.004467347
-0.0041144895
-0.0031314279
-0.0010763019
0.00038300162
0.0029084447
0.004242262
0.003231882
0.0019512817
0.000869332
0.00086485538
-0.00041623481
-0.0026464873
-0.0041875739
-0.0033856163
-0.0030879054
-0.0035419536
-0.0054053385
-0.0076065136
-0.009585951
-0.014533011
-0.0166026
-0.017670788
-0.020728694
-0.015180739
-0.014175364
-0.015168315
-0.014150102
-0.016303034
-0.016449964
-0.020672137
-0.024842165
-0.031107863
-0.03454891
-0.03448644
-0.025732944
-0.021651685
-0.021586853
-0.023314759
-0.021610247
-0.023554752
-0.028274657
-0.034788191
-0.041564297
-0.048652202
-0.055023221
-0.058084998
-0.063896569
-0.06711278
-0.068630671
-0.071538993
-0.073439844
-0.073320336
-0.075373035
-0.071613131
-0.069634625
-0.063816016
-0.053857803
-0.041231034
-0.039038737
-0.042367194
-0.035174292
-0.035600911
-0.035385295
-0.034762937
-0.036741119
-0.027509275
-0.028770951
-0.031039336
-0.030924413
-0.028196756
-0.022818706
-0.015020577
-0.0088290165
-0.0047590758
0.00079580804
0.004342813
0.0083306478
0.013417315
0.020479596
0.021889306
0.024310883
0.025792128
0.029336377
0.031594677
0.029787443
0.025949318
0.028162777
0.025734277
0.022313992
0.021335486
0.020366113
0.021176491
0.018625162
0.017415632
0.015190683
0.016011792
0.015677493
0.015558064
0.012983628
0.0087746733
0.0059501614
0.0052797455
0.0048611055
0.0050402734
0.0049785831
0.0042079565
0.0050529276
0.0046383497
0.0052469431
0.0063692422
0.006137025
0.0070549584
0.0084347691
0.0088966847
0.0082013032
0.0077039459
0.0078515955
0.0081624809
0.00745728
0.0058308887
0.0051326454
0.0059835342
0.0060380658
0.0065386842
0.0084027586
0.0067550032
0.0054962295
0.0045340346
0.0032290893
0.0041167942
0.0051299767
0.0028523096
0.00030007826
-0.0001700874
0.0024508594
0.0048245338
0.0097222819
0.010238961
0.0058586558
0.005860739
0.0044037742
0.0030258086
3.425237e-05
0.0030745865
0.0064077207
0.0059269921
0.0075157306
0.0093481186
0.010868033
0.01285827
0.012571829
0.0098795975
0.01183808
0.011639014
0.011333171
0.0077486848
0.0033083599
0.0025686017
0.00070879755
-0.00028018425
-0.0028313808
-0.0081508765
-0.012353863
-0.011283575
-0.01497066
-0.016828188
-0.020418825
-0.015592839
-0.014341647
-0.015048992
-0.015922161
-0.016994
-0.017005807
-0.02393175
-0.025242741
-0.032695812
-0.036506301
-0.033730999
-0.026770945
-0.023165124
-0.024506864
-0.025477058
-0.023541791
-0.023582013
-0.029849634
-0.035420355
-0.041084715
-0.04732674
-0.055033543
-0.058826223
-0.062182876
-0.065602522
-0.066613623
-0.070838607
-0.068791376
-0.067763303
-0.067677101
-0.070115943
-0.066040518
-0.059957067
-0.046426805
-0.04004967
-0.038160899
-0.033547284
-0.029398942
-0.031744816
-0.030395806
-0.027823577
-0.025666699
-0.02108372
-0.023376137
-0.025338978
-0.021972792
-0.018726848
-0.016332897
-0.011974231
-0.0078590624
-0.0044042338
-0.0010423915
0.00027097029
0.001882869
0.0044853327
0.0082430834
0.010288026
0.011842455
0.016208763
0.021079631
0.02274618
0.020081078
0.01916314
0.019168224
0.017505431
0.018339099
0.015672493
0.014187883
0.016121324
0.014227413
0.011371987
0.012344247
0.012226588
0.01093187
0.011206002
0.0090122156
0.0070000513
0.004605271
0.0048513304
0.0027364301
0.003261743
0.0058267393
0.0065954776
0.0083790794
0.008293495
0.0069790743
0.0085651927
0.0082749869
0.010015863
0.0088517672
0.011279446
0.012529218
0.0094944624
0.010240407
0.011768247
0.0090003359
0.009802682
0.0090999159
0.0067660139
0.0063635538
0.0076710887
0.010739752
0.011050271
0.010538362
0.010418359
0.010643778
0.0085258993
0.0080816114
0.0051132372
0.0094330472
0.012215438
0.0078343816
0.011497087
0.010748989
0.012523078
0.010511145
0.0081162085
0.0064049278
0.0071936298
0.0059061796
0.006666911
0.007232161
0.009398386
0.010959312
0.011559194
0.012447025
0.011089364
0.013095571
0.014337283
0.014320134
0.014827628
0.013518257
0.012646331
0.0099371633
0.0068076382
0.0023771802
-0.0012533401
-0.00029195141
-0.0036251783
-0.0086660297
-0.0045332965
-0.0086833405
-0.011191936
-0.011435739
-0.009981168
-0.01055243
-0.013770595
-0.016690336
-0.015576262
-0.016129537
-0.020358645
-0.02136491
-0.023209582
-0.024416698
-0.025379377
-0.020987096
-0.021998387
-0.023822082
-0.025709762
-0.025779653
-0.025831165
-0.027114315
-0.028897827
-0.034144465
-0.041297709
-0.047406662
-0.051285233
-0.054378725
-0.057797682
-0.058609355
-0.061278763
-0.056894083
-0.055072294
-0.060984756
-0.059456625
-0.055905695
-0.048265368
-0.035527852
-0.029218251
-0.024683146
-0.019129172
-0.015214938
-0.01095694
-0.010796689
-0.0089668544
-0.0076245476
-0.006311628
-0.0069161244
-0.00761507
-0.0068206036
-0.0057407826
-0.0050499167
-0.0021897125
-0.00053486704
0.0023516975
0.0057684478
0.0077754242
0.009848088
0.011373138
0.013262357
0.013983601
0.014350132
0.015983504
0.01536307
0.017360403
0.015430933
0.013827251
0.013885491
0.010832765
0.0096009636
0.0084764127
0.0068952588
0.0075459853
0.0049226596
0.0039039737
0.0035576229
0.0049082626
0.0034351948
0.0041670798
0.0053743713
0.0048467255
0.0036410617
0.0034741368
0.0074944805
0.0066051406
0.005965113
0.0060019812
0.0096378365
0.011166728
0.014323849
0.013811626
0.012823726
0.012485765
0.012892907
0.012099065
0.012793182
0.012235982
0.013961596
0.016116619
0.01426048
0.013258688
0.013556953
0.014929599
0.011122422
0.010795384
0.012470687
0.012845054
0.012253341
0.013923098
0.010990948
0.0080232237
0.0066622517
0.0037675818
0.0068849498
0.014188219
0.015584938
0.013524744
0.0146336
0.013268769
0.011099659
0.010242069
0.011326812
0.010162513
0.0073512283
0.007449782
0.0082469017
0.0099992566
0.010781009
0.011486357
0.011784019
0.011686084
0.013386132
0.01398631
0.013636217
0.01337295
0.01235261
0.010901196
0.0075039496
0.0034809622
0.00080821655
-0.00044070406
-0.00011685134
-0.00077133392
-0.00294727
0.00031001555
-0.00036472979
-0.000301687
-0.0020940016
-0.0041086192
-0.0062705038
-0.0072144125
-0.012648956
-0.015874256
-0.016025979
-0.014519308
-0.014346496
-0.016795977
-0.016904498
-0.017304588
-0.011432936
-0.013835406
-0.020303574
-0.023363576
-0.026035995
-0.024522003
-0.026703032
-0.025952546
-0.030237119
-0.034071888
-0.040237631
-0.042845628
-0.047407876
-0.049641596
-0.04997138
-0.045922863
-0.043972852
-0.044409075
-0.046345162
-0.044008097
-0.037599116
-0.029336326
-0.019219517
-0.0083621203
-0.001290684
-0.0015631408
0.0021112373
0.0031267225
0.0031126506
0.005807653
0.011096059
0.0120357
0.012194572
0.008457761
0.010496806
0.0063749503
0.0077849356
0.010415968
0.010550404
0.012770547
0.012007194
0.01522633
0.016189624
0.01762756
0.019637282
0.018717539
0.016902936
0.019163751
0.01503732
0.014220545
0.012408937
0.0099463043
0.0079408526
0.0043553027
0.0038166446
0.0036229766
0.0019583539
-0.00052619885
0.00029682923
0.00080495479
0.0015256172
0.0015423977
0.0025509668
0.0044834179
0.004892413
0.0051584968
0.0066766358
0.007305586
0.0077702523
0.0088364165
0.0094397564
0.011661541
0.013417361
0.015907084
0.018512334
0.019160582
0.018678223
0.017560219
0.016249392
0.014586378
0.01539594
0.016227829
0.020014251
0.023278993
0.023592237
0.022373157
0.021743127
0.020428321
0.014022852
0.011251438
0.010389075
0.0087888852
0.006601153
0.0069235398
0.007668982
0.0027069997
0.0059686515
0.01006486
0.010793583
0.011763261
0.012683208
0.012693321
0.011815617
0.012188796
0.010225598
0.010796693
0.010556987
0.010927201
0.0099558067
0.0098369342
0.010076176
0.011280229
0.011642696
0.012511002
0.013273464
0.014640524
0.015639589
0.016862041
0.017212285
0.016652881
0.015889777
0.013654557
0.010598345
0.0064571238
0.005665287
0.0031016803
0.0041100548
0.0020184748
0.0027578349
0.0053514939
0.0040107248
0.0014623066
0.0005273284
0.00027305144
-0.0025833848
-0.0030352379
-0.0053643852
-0.0087291377
-0.011777739
-0.013862448
-0.012224326
-0.011339184
-0.011409112
-0.01387419
-0.0059831626
-0.0066974745
-0.015860019
-0.01641717
-0.017462764
-0.018404703
-0.01967675
-0.021191714
-0.024174875
-0.025984805
-0.030135891
-0.033415728
-0.034384549
-0.036337055
-0.03509653
-0.027815515
-0.028838682
-0.030772391
-0.030896987
-0.027192591
-0.01973076
-0.012712871
-0.0044439468
0.0065738964
0.014715212
0.0099908031
0.0091063614
0.010423606
0.0097565472
0.015058338
0.020173952
0.021952402
0.022291256
0.021385813
0.018995379
0.017169993
0.017349602
0.017794345
0.016557426
0.015451148
0.015526723
0.016883838
0.016391899
0.015462645
0.015346233
0.014721223
0.012513406
0.013794309
0.011186135
0.010810395
0.0071872604
0.0036904161
-0.00028215372
-0.001725746
-0.0044025418
-0.0045151037
-0.0051146951
-0.0055310086
-0.0067952145
-0.0054043955
-0.0022142488
-0.0010131647
-0.00066874554
0.0015205617
0.0010976885
0.00054658028
0.0024392981
0.0057083448
0.0077029228
0.0088307942
0.010949811
0.014306164
0.016063109
0.01812389
0.020262597
0.020509571
0.020762512
0.020629383
0.019499054
0.01875445
0.020590252
0.021034504
0.024711248
0.026799671
0.026234451
0.024694081
0.024824928
0.021020116
0.016071154
0.013957963
0.011778901
0.010043341
0.0076005046
0.0080031325
0.0038690999
0.0010931232
0.0050243597
0.0068390338
0.0084420657
0.008334857
0.008077655
0.0079794289
0.0087570657
0.0067868856
0.0070134949
0.0078215571
0.0083429295
0.0090255224
0.011228573
0.010966745
0.01113815
0.011571469
0.012744898
0.014130707
0.015278616
0.015970793
0.017049541
0.01806882
0.020415565
0.021256788
0.020626064
0.019249296
0.017882959
0.014812298
0.013112936
0.010483182
0.010922683
0.0081401952
0.0066625718
0.0090846183
0.0064023488
0.0032130373
0.0029485288
0.0012391739
0.00049259838
0.00080987095
0.00078258831
-0.002515432
-0.003994442
-0.0057618662
-0.0055956916
-0.0043527606
-0.0039152484
-0.0045079094
-0.0013837891
-0.0013540748
-0.0039420607
-0.0093515074
-0.012420923
-0.012856775
-0.014684225
-0.015808477
-0.017816936
-0.017527735
-0.019962439
-0.022218485
-0.023534914
-0.022717348
-0.020251832
-0.018032415
-0.022268567
-0.019232118
-0.017133669
-0.013275368
-0.008575656
-0.0027709093
0.00083395858
0.0089878497
0.014916753
0.012983431
0.011202966
0.013744847
0.015610018
0.016329496
0.019573377
0.02141637
0.023619085
0.023372424
0.020416098
0.021462061
0.020213401
0.016944435
0.015411026
0.013952795
0.013543707
0.01357633
0.011174045
0.010201445
0.010271686
0.0087559797
0.0076435312
0.0063366649
0.0046714327
0.0031845387
5.0056528e-05
-0.003751169
-0.0073778097
-0.0092009663
-0.011154519
-0.012339205
-0.012453157
-0.012755027
-0.011684051
-0.010551565
-0.0085107992
-0.0072677821
-0.0055538155
-0.0042296385
-0.0035932751
-0.0042389112
-0.0043775185
-0.0019548913
0.00046924779
0.0036459759
0.0090136815
0.012099729
0.014502465
0.017073917
0.018948276
0.021005139
0.023092265
0.021797915
0.018886376
0.018720877
0.020283376
0.021341196
0.021878366
0.02288358
0.021894571
0.022381118
0.020267464
0.018164352
0.013313583
0.011595371
0.0077571177
0.0059742014
0.0059550947
0.0057000891
0.0070169553
0.0059942859
0.0068702314
0.0067195239
0.0056629389
0.0042718809
0.005353208
0.0046638155
0.006134158
0.0074633431
0.0064987196
0.0065081748
0.0089210077
0.0092587047
0.0095810433
0.009845108
0.010567086
0.010396711
0.011558484
0.012032099
0.012825809
0.014208833
0.017219113
0.018553862
0.019993193
0.021791417
0.023690745
0.024238229
0.024276616
0.023461864
0.02040777
0.018180769
0.01743983
0.014677396
0.011801847
0.01502294
0.010652175
0.0093921902
0.0068999736
0.0046678843
0.0054590591
0.005714452
0.0040363226
0.0042771832
0.0028318647
0.0023855797
0.0023088288
0.0021021562
0.0029187587
0.0016818256
0.0030233245
0.005436659
0.0054754596
0.0015456942
-0.0031042736
-0.0070331491
-0.0079617229
-0.0091777414
-0.0091347037
-0.009699419
-0.010723034
-0.011220281
-0.011153207
-0.010410544
-0.0067776285
-0.0080892993
-0.013268412
-0.015852109
-0.012288968
-0.0073681355
-0.0040061119
0.0016024518
0.0029346926
0.0074727199
0.0098784675
0.0089222738
0.0086886332
0.011545
0.012303651
0.010205338
0.011451483
0.014721536
0.017117002
0.01798176
0.017875631
0.01564056
0.017056482
0.015003211
0.012118469
0.01100628
0.0095764365
0.0098136737
0.0089787559
0.006363826
0.0048932353
0.0034563247
0.0025351697
0.0019138107
0.0013566276
0.00017214323
-0.0019422049
-0.0049299687
-0.0094040074
-0.011535367
-0.013421293
-0.014509033
-0.01358979
-0.014710115
-0.014209227
-0.012895311
-0.011989155
-0.010423749
-0.0088064347
-0.0086149058
-0.0071563512
-0.0064146074
-0.0056090421
-0.0060474298
-0.0044161724
-0.00096993172
0.0017144062
0.0049819502
0.0088570689
0.012445304
0.013861743
0.016614247
0.018843137
0.018423013
0.016600494
0.015958078
0.015078219
0.016204208
0.017987858
0.019767575
0.018345603
0.017199578
0.015265283
0.013505723
0.0110122
0.010107445
0.0079860491
0.0066883824
0.0055674914
0.0067777732
0.0098752596
0.0091014313
0.0092703888
0.0087998088
0.0062745471
0.0051773486
0.0025741069
0.0018707512
0.0036074868
0.0037242736
0.0057363984
0.0058524601
0.006516531
0.0077377162
0.0079326556
0.0076047557
0.0071266527
0.0078930282
0.0088912635
0.009833669
0.010198058
0.011387891
0.013741234
0.015539507
0.017127568
0.018478483
0.020670856
0.022355887
0.02463644
0.026064999
0.026095456
0.023052515
0.020875089
0.021014757
0.018630626
0.020043927
0.018419707
0.016285016
0.013407581
0.011901577
0.010497306
0.010799384
0.0089728905
0.0070428385
0.0080334175
0.0070003781
0.0081468207
0.0087041584
0.0079250486
0.0083387802
0.0085780304
0.013559926
0.012202345
0.0076314663
0.0054241029
0.0010602281
-0.0023745883
-0.005363768
-0.0049227931
-0.0054666749
-0.0056150688
-0.0053545814
-0.0046390015
-0.002317003
-0.00010875011
-0.0029199454
-0.0073538328
-0.009070881
-0.0094326548
-0.01025986
-0.0072624616
-0.0040596173
0.00073750134
0.0037612728
0.0035080193
0.0017516652
0.002556984
0.0025339364
0.0023372299
0.0014510617
6.4325032e-05
0.0029985136
0.0070718819
0.010515513
0.010793989
0.010081709
0.010599201
0.010861788
0.009748895
0.0074051111
0.0069153804
0.0063398335
0.005900684
0.0039701959
0.0020238881
0.00091054187
0.00099902918
0.00065653527
-0.00014306649
-0.0011384029
-0.0021435214
-0.0045420429
-0.0074306048
-0.0095684758
-0.010680991
-0.011123141
-0.01195792
-0.011776293
-0.01190243
-0.011537525
-0.010801546
-0.008684916
-0.0090405976
-0.0079069778
-0.0071833149
-0.0069730136
-0.0050973317
-0.0042639542
-0.0027722458
-0.0023053901
-0.00094427264
0.0023630765
0.0044550935
0.006988482
0.0098551423
0.012094025
0.013625546
0.01472408
0.01489531
0.013270173
0.01201305
0.011258889
0.012753195
0.013816833
0.01327983
0.013164737
0.013288674
0.01147796
0.010875343
0.011384044
0.0073517959
0.0049438563
0.0054812151
0.0081955377
0.0091975514
0.0073254655
0.0066234139
0.0076121099
0.0070261376
0.0053236413
0.0045772729
0.0045024389
0.0028141817
0.0030901432
0.0038223416
0.0045532089
0.0044542473
0.0056324747
0.00540167
0.0053402654
0.0049902285
0.0054240801
0.0065213527
0.0074832659
0.0080864798
0.0082117868
0.0084272317
0.010893064
0.012414238
0.014243222
0.015745433
0.016944653
0.019608227
0.023790927
0.025441376
0.023606496
0.023262758
0.023986452
0.023272681
