0.0019302528
0.0016971814
0.0014160114
0.00063025763
-5.4775059e-05
-0.0015696879
-0.0005248691
0.00060235515
0.00096398708
0.00070813907
0.0002744882
-0.0019376246
-0.0027858991
-0.0024040296
-0.0012405589
-7.0958523e-05
0.0013568935
0.0015863657
4.1072684e-05
0.0013345962
0.0031911933
0.00094445862
-0.00015132716
-0.00096720706
-0.0015956594
-0.0016281236
-0.0021036613
-0.002815063
-0.0024792081
-0.0028807983
-0.0025191183
-0.002587086
-0.0036760441
-0.0036058157
-0.0041053339
-0.0042804163
-0.0045313042
-0.0060397493
-0.0063236425
-0.0063003502
-0.0069007398
-0.0065137935
-0.0058265521
-0.006183847
-0.0067857565
-0.0070854898
-0.0088584121
-0.0099275163
-0.0093419082
-0.0099352896
-0.0086364516
-0.0089585652
-0.0080158166
-0.0071434062
-0.0068207744
-0.0071699692
-0.0074851227
-0.0071715501
-0.0088978732
-0.0097854725
-0.0074389512
-0.003808088
-0.0041056629
-0.0061085828
-0.006956727
-0.0070566436
-0.0082963225
-0.0077611642
-0.0072680389
-0.006309314
-0.0051551737
-0.0058818797
-0.0032814252
-0.0021208152
-0.0025445407
-0.0027389529
-0.00121068
0.00072595796
0.0019087152
0.0014568465
0.0025734341
0.0039228497
0.0031432962
0.0022675744
0.0010986307
0.0010872214
0.0014907505
0.0032338942
0.005345603
0.0051857557
0.0057697799
0.0041518049
0.0033921154
0.0036266529
0.0034124094
0.0036583199
0.0031394344
0.0029688214
0.0030811453
0.004786215
0.004117868
0.0040407151
0.0033031363
0.0027806129
0.0033366884
0.0031310281
0.0022732868
0.0017856505
0.0018685596
0.0024403704
0.0025670277
0.0027254651
0.0037498998
0.0049742578
0.0047422242
0.005604494
0.0097888638
0.010969241
0.012530148
0.013966276
0.013524671
0.014004266
0.012829388
0.01259723
0.0097841641
0.0095447474
0.0087902977
0.0076763634
0.0055878372
0.0034570003
0.0017120118
0.001230889
0.0012180758
0.0002050337
-0.00032048225
-0.00027796563
-0.0011372346
0.00010728061
0.0012141636
0.0014779888
0.0013567045
0.0015491243
0.0019227977
0.0025528924
0.0021240789
0.0012547885
0.00074046675
-0.00026690488
-0.001029948
-0.0015715844
-0.0010736799
-0.00027766292
-0.00038323641
-2.4939788e-05
-0.00024498086
-0.0014857186
-0.0020288526
-0.0024154919
-0.002067948
-0.00017280095
0.00093815985
0.0012100962
0.00055193778
0.0014775392
0.0022040619
0.00010471548
-0.0013320654
-0.002770707
-0.0024650307
-0.003462604
-0.0031519893
-0.0029354104
-0.0032967378
-0.0035438666
-0.0036248683
-0.0042371132
-0.0047135317
-0.0051618109
-0.0048479967
-0.0052386023
-0.0072267959
-0.0078907534
-0.0074606496
-0.0048562578
-0.0043298893
-0.0035338381
-0.0027748785
-0.0019545846
-0.0021800171
-0.0023110574
-0.0047901694
-0.0054843818
-0.0053738348
-0.004923912
-0.004461281
-0.0037006461
-0.0032870621
-0.002512473
-0.0029213674
-0.0026361253
-0.0017881628
-0.0014857276
-0.0023504608
-0.0022476911
6.6044547e-05
0.0019909136
0.0015294741
-0.00068667573
-0.0024530259
-0.0039015141
-0.0048779377
-0.0052469065
-0.0054951603
-0.0041707932
-0.0031893768
-0.0024747609
-0.0029532776
-0.0056691123
-0.0045577389
-0.0030198813
-0.0013573031
-0.0017412463
-0.0014057708
-1.2549244e-05
0.00081998776
0.00089570872
0.0005108788
-0.00072410472
0.00026565185
0.00071480911
0.0038299193
0.004121216
0.0046088553
0.00627733
0.0065229903
0.0040364759
0.0034643663
0.0022870737
0.0021994759
0.0023466118
0.0022175989
0.0025591847
0.0025506468
0.0026508397
0.0019741368
0.0017521535
0.001167578
0.0014201215
0.00096706262
0.0005547133
0.00060618847
0.00077616822
0.00078596064
0.0015280676
0.0017698697
0.0026148096
0.0035120231
0.0040283019
0.0036359734
0.0058349122
0.0095517908
0.012728603
0.014218379
0.015557432
0.013713358
0.01317561
0.011079623
0.0098136487
0.008441356
0.0084523279
0.0064262793
0.0052398406
0.0052089719
0.0034867713
0.0022125131
0.0019285273
0.0015221976
0.00064284159
0.00038077306
-0.0010367714
-0.000937001
-4.7908876e-05
0.00057826533
0.00050522787
0.0018597248
0.0022077562
0.0023274297
0.0023117769
0.0014944016
0.00011937872
0.0001350207
-0.0017212507
-0.0017272224
-0.002613484
-0.0024555743
-0.001682243
-0.0016038182
-0.0017533712
-0.0024482701
-0.0024146703
-0.0021358196
-0.0016333336
-0.00101108
-0.0014929416
-0.00075746684
-0.00031369697
0.00059543362
-0.00022564882
-0.0015342238
-0.0028810555
-0.0035107886
-0.0033925628
-0.0036374431
-0.0053662072
-0.0071211116
-0.0073437923
-0.0063306633
-0.0073466547
-0.008346944
-0.0087813597
-0.0094179772
-0.01041842
-0.011622796
-0.012849447
-0.012404392
-0.010970934
-0.0080744718
-0.0050221412
-0.0014953505
-0.0015024419
-0.00082415166
-0.00016307386
0.00083462772
0.00041320768
-0.00059227371
-0.0017051373
-0.0027941949
-0.0018501754
-0.00030161297
0.00014438222
0.00059511887
0.00064845648
-0.00082088892
-0.00013519482
0.0011516911
0.0023883153
0.003750601
0.0057776328
0.0063206902
0.0068697343
0.0065001456
0.0045379665
0.0012571213
-0.00034091769
-0.00020378019
-0.0001915654
-0.00024240756
-0.0020888617
-0.0035881844
-0.0044450708
-0.0046243829
-0.005582283
-0.0055943578
-0.0050395119
-0.0060919651
-0.006234524
-0.0073319914
-0.0061028612
-0.0039300756
-0.0025900362
-0.002806657
-0.0039535486
-0.0019415929
0.00088452214
0.0028407618
0.0045496124
0.0057754692
0.0052323805
0.004715319
0.0035418227
0.001105695
0.00021043848
-0.00038605482
0.001241562
0.00078506426
0.00083764941
0.00036098171
-0.00031706573
-0.00032470362
-0.00043925339
-0.00046718971
-0.00081830676
-0.0015207966
-0.00027624284
7.957982e-05
-3.8748776e-06
0.00010583247
0.00066515831
0.001126819
0.0018957047
0.0010301812
0.0026744687
0.0016805079
0.0059577037
0.011041494
0.011389932
0.011191522
0.0091930385
0.009251982
0.0090808846
0.0058249803
0.0054926829
0.0054698992
0.0025724701
0.0023438722
0.0019065531
0.003108262
0.0027941005
-0.00084882707
-0.00075751567
-0.00020382415
-0.00045853958
-0.00073364964
-0.00040643366
-0.00066629557
0.00034583473
0.0011345497
0.0011675755
0.0012049494
0.0013400495
0.0011798791
0.001269613
-0.00070918923
-0.0012782603
-0.0022188477
-0.0031324628
-0.004028967
-0.0041441456
-0.0038914257
-0.0046761602
-0.0051769468
-0.0048509222
-0.0045900225
-0.0051244237
-0.0056172293
-0.0043713369
-0.0039739886
-0.0027878236
-0.0030225152
-0.0031155439
-0.0041231485
-0.006310102
-0.0071468126
-0.0078280852
-0.0083963057
-0.0096105855
-0.010191705
-0.010432213
-0.011671734
-0.013212749
-0.01327605
-0.016436486
-0.018187969
-0.019641984
-0.02074635
-0.023386495
-0.023431868
-0.024105931
-0.020230149
-0.017627567
-0.013503258
-0.0077165236
-0.0026267973
0.0010429782
-0.00025441012
0.00048110023
0.00077544598
0.0019876112
0.00035983122
-0.00057089195
-0.0015809382
0.00012233886
-0.00050202985
0.00016899428
0.00080442837
0.0015008882
0.0009910804
0.0016423956
0.0032811634
0.0070411406
0.010275432
0.011836485
0.011958682
0.012855532
0.01182682
0.0074168205
0.0036901617
0.0029576926
0.0041455952
0.0018395473
-0.00064782551
-0.0036607747
-0.0047238445
-0.0040640325
-0.0079606642
-0.0084572174
-0.0080197591
-0.0070193226
-0.010857741
-0.013652117
-0.012244737
-0.0093817422
-0.0077393408
-0.0066005205
-0.0062026589
-0.0062684949
-0.0021332891
-0.0003153335
0.0011287541
0.00081126811
6.9178849e-05
-0.00017547124
-2.8877714e-06
-0.0012087168
-0.002396082
-0.0027669414
-0.0023220015
-0.0024340691
-0.0030087414
-0.0036800915
-0.0038960029
-0.0039638913
-0.0036124642
-0.0031169877
-0.0030996164
-0.0025988768
-0.0025275224
-0.0023627437
-0.0020916691
-0.001957055
-0.0013160516
-0.0012491416
-0.0010540168
-0.00097387594
0.00066247097
0.00044282213
0.0023874798
0.0031726133
0.0032158148
0.0020131705
0.0032600497
0.0017322224
0.0016682428
0.0031669771
0.0031024323
0.001413446
0.00084584147
-0.00048018797
-0.0037138675
-0.0046811274
-0.0033595257
-0.0034637155
-0.0048648017
-0.0035555205
-0.002608554
-0.0022905024
-0.0030238145
-0.0022606377
-0.0016554553
-0.001066402
-0.00020454456
2.5678864e-05
-0.00043633445
-8.8455086e-05
-0.000313715
-0.0002043453
-0.0027145534
-0.0036033289
-0.0037692366
-0.0043185067
-0.005569038
-0.0062123835
-0.0068047502
-0.0077130655
-0.0078907567
-0.010113906
-0.010374046
-0.010282093
-0.010504782
-0.0094537689
-0.006581257
-0.0038379467
-0.0050267531
-0.0075300767
-0.0098662265
-0.01180106
-0.013511973
-0.014254155
-0.016464297
-0.01892885
-0.018367598
-0.018598068
-0.020902788
-0.022251835
-0.024215582
-0.02643413
-0.029253613
-0.03151173
-0.032811761
-0.035390584
-0.035863248
-0.035538158
-0.031118179
-0.026767139
-0.022898879
-0.015521547
-0.008608208
-0.0065807961
-0.0045891062
-0.0049355813
-0.0047333553
-0.0034681013
-0.003504313
-0.003668827
-0.0026674301
-0.0015432251
-0.0013973201
-0.0016022975
-0.0023899583
-0.0030390547
-0.0012677991
0.0002178161
0.0033286049
0.0080916535
0.010894143
0.013618767
0.012288867
0.013273634
0.011561437
0.0097974577
0.0094224342
0.0064810094
0.0052689625
0.0036117716
0.0012380946
-0.0020897103
-0.00052777858
-0.0021945868
-0.0069819311
-0.0087383851
-0.011597842
-0.012860953
-0.015302872
-0.013802331
-0.01165636
-0.010603469
-0.0089604344
-0.0089503134
-0.0083468634
-0.010020243
-0.0079721385
-0.0069105867
-0.0053350895
-0.0042278636
-0.0058491467
-0.0059448466
-0.0057557943
-0.0059801898
-0.0056167414
-0.0055921325
-0.0051545562
-0.0051633819
-0.0053879936
-0.0054691146
-0.0057960862
-0.005453126
-0.0056239939
-0.0055376739
-0.0051959544
-0.004100553
-0.0045927495
-0.0032710024
-0.002894613
-0.0029055581
-0.0028132314
-0.0023425671
-0.0016421748
0.00019726616
0.00062746459
-0.00043282368
-0.0034846504
-0.0037287946
-0.0013617839
-0.00010241611
-0.0018720317
-0.0032384766
-0.0038458175
-0.0031473652
-0.0034353456
-0.0047121907
-0.0053241438
-0.0078849536
-0.0094372975
-0.0090204529
-0.007671553
-0.0082877074
-0.0081358651
-0.0071559883
-0.0059866131
-0.0053328154
-0.0044224828
-0.0038461304
-0.0035222619
-0.0023871684
-0.001540796
-0.00076863347
-0.001455076
-0.0017929747
-0.0020873592
-0.0020159037
-0.0039586341
-0.0040828572
-0.0039169285
-0.0046513867
-0.0061028905
-0.0053512586
-0.0082411287
-0.011055979
-0.012847563
-0.015694659
-0.016013233
-0.016113394
-0.016097749
-0.013191946
-0.009335658
-0.0063204185
-0.0073516103
-0.011544211
-0.014235256
-0.018777045
-0.020857583
-0.021495966
-0.025313856
-0.027173475
-0.028001325
-0.026477221
-0.026373904
-0.02937289
-0.030721839
-0.033947733
-0.035541897
-0.037621028
-0.042021631
-0.043625905
-0.043642624
-0.046036631
-0.047460447
-0.043418553
-0.037559768
-0.030131401
-0.026277012
-0.025076697
-0.022716115
-0.020111413
-0.020192594
-0.018017081
-0.015977929
-0.01506965
-0.013082867
-0.012303325
-0.010925599
-0.012414303
-0.011938339
-0.011180331
-0.010184981
-0.0075549542
-0.0025923877
-0.0026274208
0.0030403634
0.0032031919
0.0017565507
0.0083786429
0.012535709
0.011423676
0.01001569
0.0075147461
0.0071520996
0.0047300261
0.0025797613
0.0015912173
0.0018633609
-7.7068072e-05
-0.0038568552
-0.0045044144
-0.0063230502
-0.010608868
-0.012028761
-0.0098980113
-0.008910216
-0.0091564482
-0.0079849936
-0.0081953814
-0.0088385031
-0.0082424888
-0.0084818613
-0.0077916319
-0.0062173258
-0.005607196
-0.0060116642
-0.0061190293
-0.0061526329
-0.0055433175
-0.0057538336
-0.0051273537
-0.0045316621
-0.0043139492
-0.0047769004
-0.0056188493
-0.0052501845
-0.0052158857
-0.0046460971
-0.004057716
-0.0035157405
-0.0025791478
-0.0023518954
-0.0017905756
-0.0019625842
-0.0012254685
-0.0012593191
-0.00021970633
0.00057609222
0.0012184005
-0.0021359825
-0.005053648
-0.0052950204
-0.001951466
-0.0031559505
-0.0050194453
-0.0051952448
-0.0061477888
-0.0071943355
-0.0080083099
-0.007724684
-0.0095112531
-0.010570489
-0.011654575
-0.012380189
-0.012234733
-0.010999551
-0.010656253
-0.010998384
-0.010574158
-0.0096371578
-0.0076061141
-0.0058526023
-0.0038746383
-0.0034340826
-0.002443549
-0.0020554491
-0.0019237079
-0.00210043
-0.0031306884
-0.0041588233
-0.0036441118
-0.0045300932
-0.0046760542
-0.0049630661
-0.0057299816
-0.0057067685
-0.0061926306
-0.0080189661
-0.014397312
-0.017988256
-0.019043878
-0.021184666
-0.021221717
-0.018191497
-0.014553614
-0.010786902
-0.0054638675
-0.006549121
-0.012235545
-0.017368102
-0.021140109
-0.024053988
-0.025287807
-0.028327553
-0.028175105
-0.028363839
-0.030393699
-0.034050412
-0.035085402
-0.036004424
-0.039550004
-0.0453038
-0.048596938
-0.053698935
-0.055739882
-0.056563023
-0.058262846
-0.061339068
-0.0597236
-0.055974647
-0.051231242
-0.049898623
-0.042490882
-0.044819299
-0.043538178
-0.040137411
-0.037816778
-0.035874129
-0.029545903
-0.028228154
-0.028114448
-0.026393288
-0.026293258
-0.019888684
-0.014934682
-0.015514552
-0.01516723
-0.011444201
-0.0052197986
0.0058516927
0.0035926087
0.0024396827
-0.00061866865
0.0041760542
0.0059285187
0.0098901012
0.0097413128
0.00739532
0.0087728652
0.0071311693
0.006350991
0.0048654083
0.007032126
0.0057245699
0.0035987691
0.0014221466
-0.0024648814
-0.0025926938
-0.0018681982
-0.00045538915
-0.00072795493
-0.0020609661
-0.0031623673
-0.0039272623
-0.0048443041
-0.0035128288
-0.0031317078
-0.0025280915
-0.0027855834
-0.0019205788
-0.0021581962
-0.0018899219
-0.0025229746
-0.001945638
-0.0017345941
-0.001939696
-0.0016703706
-0.001201455
-0.00070554812
-0.00058661589
-0.00054280414
-0.0011565016
-0.00088650755
-0.00069583216
-0.00072548622
-0.00029298178
-0.00037444987
-0.00019030458
-0.00015666431
0.00015368565
0.00087797172
0.0008919582
0.0005168605
-0.0052210243
-0.0070525655
-0.0049057295
-0.004666871
-0.0043771407
-0.0059041488
-0.0057929573
-0.0089316327
-0.0077663435
-0.0096688252
-0.01057657
-0.012042645
-0.013589108
-0.013665087
-0.014305468
-0.015362008
-0.014498766
-0.013917401
-0.01495173
-0.012124514
-0.0074225267
-0.0057941628
-0.0047506574
-0.0032911626
-0.0035609667
-0.003199205
-0.0027948924
-0.0023170761
-0.0032281767
-0.0031187467
-0.0045765961
-0.0048914062
-0.0056028699
-0.0065665026
-0.0076560798
-0.0075292331
-0.0077281195
-0.0079279545
-0.013226243
-0.015653049
-0.017904538
-0.019098935
-0.021989448
-0.021580762
-0.019325972
-0.020245373
-0.014321011
-0.0047448615
-0.0061487582
-0.012585604
-0.017102518
-0.018952608
-0.023143323
-0.025326754
-0.028373181
-0.027394337
-0.030060174
-0.036535886
-0.039566826
-0.039594421
-0.043328399
-0.048675349
-0.055773884
-0.060069726
-0.063903499
-0.06623156
-0.066727636
-0.064320885
-0.067180751
-0.063992504
-0.061986228
-0.060242672
-0.059627345
-0.051961439
-0.055677925
-0.057245208
-0.058323978
-0.053554916
-0.051461287
-0.044742964
-0.034268561
-0.041524848
-0.030925462
-0.030401306
-0.027315525
-0.022424668
-0.023234184
-0.012991544
-0.002552632
-0.0026939854
0.0010690392
0.0058152432
0.011169338
0.007411127
0.015947323
0.016379551
0.017919155
0.017018668
0.017216957
0.01391634
0.011753854
0.012365659
0.012430202
0.01155429
0.010866718
0.0089154459
0.0081097467
0.0082260667
0.0076915956
0.006769131
0.0067468029
0.0054371774
0.0043206587
0.0016862061
0.00097300003
0.0010620699
6.6360734e-06
0.00093243169
0.0013280958
0.0013509529
0.0004066842
0.00037273474
0.0014420354
0.0012697611
0.0021372704
0.0021940953
0.002243436
0.0023039773
0.0027178167
0.0027134836
0.002940381
0.0022039513
0.0017143219
0.0018168814
0.0016391092
0.0025133771
0.0023217938
0.0018588584
0.0028329507
0.0019755413
0.00068604872
0.00032897047
0.00065586561
-0.00014934361
-0.0072528771
-0.0081121801
-0.005529026
-0.0035420245
-0.0049440744
-0.007427088
-0.0084654208
-0.011638796
-0.012423172
-0.012738445
-0.012061572
-0.012851564
-0.014503514
-0.014920043
-0.015532664
-0.013777606
-0.012005172
-0.010828827
-0.0069722758
-0.0042285473
-0.0032788523
-0.0021196403
-0.0035454801
-0.0032024908
-0.0022026817
-0.0024244081
-0.0033731361
-0.0026883257
-0.0037666722
-0.00384294
-0.0048756007
-0.0049715822
-0.0084578876
-0.0089030911
-0.0095599705
-0.01227006
-0.012990468
-0.015673265
-0.018405092
-0.021011904
-0.018287481
-0.019091769
-0.018439182
-0.021542972
-0.021081233
-0.020537224
-0.018435859
-0.0068151402
-0.0069039207
-0.013150501
-0.018315793
-0.019248201
-0.021807741
-0.028896148
-0.033160742
-0.036264823
-0.038861106
-0.044430724
-0.044770146
-0.045915929
-0.052125385
-0.05836104
-0.064328771
-0.068503083
-0.069248554
-0.070790639
-0.072461635
-0.072090997
-0.067798599
-0.063340798
-0.0580526
-0.057957557
-0.053072363
-0.053821629
-0.054787958
-0.056409587
-0.058129017
-0.057708111
-0.046685975
-0.044708477
-0.043439599
-0.041074376
-0.035648355
-0.033897182
-0.033420297
-0.024120796
-0.020401495
-0.0099123488
-0.0015025179
0.0015464774
0.0086952087
0.014521153
0.016731686
0.021143756
0.02235507
0.026073731
0.026010008
0.024261967
0.022055482
0.019349791
0.018943399
0.019350994
0.018372709
0.017413699
0.017120174
0.01572674
0.013156224
0.012289782
0.01303548
0.013831349
0.011993184
0.010019466
0.0072238986
0.0057008356
0.0044214117
0.0047990214
0.0038541577
0.0045000579
0.0033648046
0.003688717
0.0044861716
0.0049453927
0.0044682581
0.004976775
0.0047314808
0.0052139189
0.0057628945
0.0063820487
0.0061721396
0.0060010835
0.0044497649
0.0043463816
0.0039151556
0.0038069666
0.0037019714
0.0038802808
0.0035493295
0.0040564735
0.003749784
0.003042915
0.00012803374
-0.00035734069
-0.00095617479
-0.0018015786
-0.0088423396
-0.0093364701
-0.0050315108
-0.0052314597
-0.0049280371
-0.0071913934
-0.0087312903
-0.012002902
-0.012164568
-0.010628047
-0.011330899
-0.010123515
-0.012948724
-0.0092236089
-0.0054803852
-0.0037226045
-0.002356311
-0.00084085158
-0.0013846529
-0.0018310547
-0.0025901448
-0.0015137564
-0.0011480555
-0.0019953153
-0.0035773419
-0.0040422945
-0.0033149069
-0.0046500159
-0.0038367445
-0.0044751622
-0.004156924
-0.006364901
-0.013425606
-0.015678991
-0.019496517
-0.022675044
-0.02175622
-0.022333682
-0.021916646
-0.021959722
-0.020878048
-0.019428895
-0.020550049
-0.02510779
-0.025260125
-0.023006533
-0.01531228
-0.0088856722
-0.010993463
-0.011910967
-0.016613768
-0.020253706
-0.02278839
-0.031054642
-0.040760272
-0.04703643
-0.050364932
-0.052192574
-0.053868004
-0.055975275
-0.060977791
-0.06200133
-0.0661656
-0.070769743
-0.074207135
-0.076004946
-0.073826826
-0.070671274
-0.064125122
-0.056221632
-0.050171498
-0.052930126
-0.053107872
-0.050923205
-0.047869639
-0.048707573
-0.048512164
-0.050358453
-0.040863061
-0.039692981
-0.035404205
-0.031256927
-0.027426441
-0.029667589
-0.022674838
-0.014554832
-0.0070300142
-0.0011526031
0.0046679521
0.010904441
0.01551818
0.022103572
0.026617388
0.028508654
0.027953715
0.029983279
0.029399576
0.0271294
0.023655478
0.022219342
0.020247011
0.02098114
0.019920545
0.022211662
0.021773501
0.021315986
0.020118102
0.021063214
0.021512328
0.018789441
0.019305677
0.015351216
0.0093810674
0.0083646923
0.0087539655
0.0083098805
0.0078288129
0.008376924
0.0079067198
0.008580118
0.008043676
0.0086257536
0.008137584
0.0072401357
0.0095322181
0.0098558369
0.011020949
0.010118726
0.010725733
0.011408272
0.011199388
0.0098374059
0.0089575714
0.0090223304
0.0084467193
0.0084226697
0.0074545116
0.0072215386
0.0065719601
0.0044971043
0.0014964521
0.00029935088
-0.0022139503
-0.0052275911
-0.011027907
-0.011026247
-0.0094042368
-0.0078933878
-0.0064078338
-0.0054204001
-0.0085120166
-0.010034372
-0.011073921
-0.0087797863
-0.007616773
-0.0075690363
-0.0058164588
-0.00033226447
0.0013385344
0.0019146826
0.002019697
-0.0005256412
-0.00088770458
-0.00070193221
-0.0013834081
-0.00032607329
-0.0010202584
-0.0020963964
-0.0037636436
-0.0047247291
-0.0037642133
-0.0035725045
-0.0058103738
-0.0071343475
-0.0097702649
-0.010193398
-0.019631416
-0.020370821
-0.024157742
-0.023418457
-0.020160731
-0.021475193
-0.019177118
-0.019115278
-0.020203235
-0.020683651
-0.023313472
-0.024973642
-0.029012465
-0.026856271
-0.017407815
-0.011814612
-0.011303555
-0.013188559
-0.014751736
-0.017428639
-0.022748235
-0.031657098
-0.040773978
-0.051267077
-0.057809513
-0.061486021
-0.062055958
-0.062500867
-0.066630797
-0.066520063
-0.070030407
-0.06765537
-0.068243433
-0.066398214
-0.070760754
-0.066547395
-0.055595779
-0.039249902
-0.039847434
-0.043699265
-0.040720032
-0.035973937
-0.034109209
-0.033106037
-0.028406213
-0.025064777
-0.024993525
-0.022051531
-0.017171496
-0.014055938
-0.009643878
-0.0073446796
-0.0017745143
0.0044888178
0.010708213
0.014237535
0.017378234
0.021080749
0.020032665
0.021915044
0.028256338
0.029431207
0.028114477
0.028533295
0.031728933
0.028767147
0.025364115
0.024889875
0.024220912
0.026297954
0.025954755
0.025686683
0.02847248
0.028227589
0.029092628
0.03012223
0.02916346
0.028124667
0.027468406
0.022031661
0.018536666
0.01466183
0.015820202
0.01478704
0.011454345
0.01373233
0.012239292
0.013852241
0.015367308
0.013303895
0.014391058
0.013145832
0.014068142
0.014052521
0.015028084
0.014873993
0.014518476
0.01374252
0.015692395
0.014536833
0.013440611
0.012433383
0.011843639
0.010164038
0.010568559
0.0100697
0.0097210572
0.0073698264
0.003639494
0.00066435335
-0.0056350038
-0.0057504107
-0.006442796
0.0059610156
-0.0017006305
-0.0063930988
-0.0011066211
-0.0058322404
-0.005033753
-0.0066226553
-0.0047137904
-0.0046716313
-0.0044593317
-0.0033234663
0.0011682973
0.0022265424
0.003524777
0.0030913886
0.0027489609
-0.00064336645
-0.0014674865
0.00068261794
-0.00037717911
-0.0022364929
-0.0030525792
-0.0057574161
-0.0066684486
-0.0091895585
-0.0096759595
-0.011530707
-0.013931685
-0.012926758
-0.01438299
-0.017760973
-0.015116209
-0.014517423
-0.016073242
-0.016334355
-0.0138272
-0.012341448
-0.011223243
-0.013927882
-0.015406938
-0.016345798
-0.019835335
-0.018455693
-0.02274261
-0.019328187
-0.020013033
-0.015350626
-0.013174297
-0.01321625
-0.015834265
-0.01755259
-0.022931639
-0.028434154
-0.034439393
-0.04496797
-0.055648453
-0.063596834
-0.066788786
-0.068694054
-0.068737157
-0.064774352
-0.062390402
-0.054112475
-0.057155039
-0.06096732
-0.058997185
-0.055686966
-0.044532533
-0.027191824
-0.021304913
-0.026721946
-0.021598404
-0.0085019339
0.0020758867
0.0034648345
0.0072099154
0.0095086376
0.013017741
0.01367672
0.015208419
0.0073412478
0.0085013036
0.016400376
0.023866813
0.028175275
0.03232253
0.033166928
0.03513881
0.035605738
0.034744284
0.033691652
0.035671321
0.033754975
0.032660016
0.031455147
0.03262016
0.029839609
0.027582206
0.028442512
0.027177109
0.027393895
0.026644365
0.029074019
0.034163884
0.03066374
0.031482348
0.033320775
0.031986837
0.02842928
0.028886679
0.027826435
0.023419394
0.021072958
0.02026631
0.023281152
0.019328198
0.018693768
0.017262829
0.018026016
0.02088604
0.022683782
0.023075668
0.022318434
0.02122371
0.02202554
0.023549166
0.023429135
0.022506628
0.022634557
0.02455496
0.023941324
0.023305322
0.022402662
0.020834207
0.017375725
0.017870754
0.018356698
0.017033154
0.015072104
0.015418956
0.0065257589
-0.0027379078
-0.0043739919
0.0010207681
0.0097074322
0.0030516948
0.0011486811
-0.00052119002
0.00079065105
0.0013115184
0.00091693259
0.00049378484
0.0028688631
0.0042648861
0.00381464
0.0061244799
0.0065143415
0.0074544511
0.0060514231
0.0086141508
0.0053709843
0.0042026219
0.0044211261
0.0031121793
8.1626983e-05
-0.0025704442
-0.0033845414
-0.0063002118
-0.0082940731
-0.010849229
-0.010425836
-0.010259555
-0.011345065
-0.01240289
-0.014179768
-0.0081727991
-0.0092923928
-0.0084671107
-0.0068160942
-0.0083849953
-0.007969627
-0.0064649552
-0.01132426
-0.012589169
-0.013460084
-0.015158897
-0.015494212
-0.019551486
-0.022182769
-0.024683305
-0.018531566
-0.018075969
-0.01956771
-0.018613084
-0.020421721
-0.021966677
-0.025986488
-0.030733377
-0.039579107
-0.047175654
-0.057060519
-0.063858073
-0.069365409
-0.068557684
-0.061116833
-0.045863192
-0.04334105
-0.04629043
-0.045426393
-0.038110115
-0.027928941
-0.01327559
0.00091992273
0.012269221
0.010342206
0.0087056177
0.022081649
0.021597332
0.02322491
0.028651922
0.041945057
0.049842526
0.048667841
0.040868232
0.033900492
0.031822094
0.042902787
0.048704326
0.047180653
0.049047967
0.047065098
0.044952779
0.042538821
0.041367312
0.039862251
0.037639794
0.034802482
0.033774417
0.029216458
0.027443719
0.024038209
0.021156395
0.022107445
0.020647549
0.021528172
0.024641816
0.025804468
0.023983186
0.023746534
0.025498393
0.026166027
0.025562075
0.026590459
0.028212201
0.027223994
0.026746316
0.023744387
0.023430665
0.021950393
0.021905685
0.023201806
0.024059709
0.027705859
0.029473161
0.029135722
0.033126848
0.034355048
0.032844616
0.033201212
0.034022551
0.037362972
0.039101403
0.039045344
0.039470059
0.038722092
0.037340217
0.033715393
0.03103363
0.021983165
0.015691621
0.011815102
0.0050563322
-0.00077424412
-0.0021237312
-0.0032187999
-0.0080728573
0.0038431078
0.0082034586
0.0051328172
-0.0021066594
-0.0020751615
-0.00097239428
-0.0025661951
0.00051215806
0.00081613629
0.0030953392
0.0048687581
0.0040598998
0.0044201914
0.006604132
0.0070813812
0.0076302814
0.0080927102
0.0080902104
0.0075553019
0.0058848548
0.0041917421
0.0057328842
0.0049976104
0.0023968432
0.00055177069
-0.0023341783
-0.0052157981
-0.0059692716
-0.0034149679
-0.0031903335
-0.006863449
-0.009041862
-0.0082542669
-0.0033043749
-0.0036334448
-0.0039051758
-0.0059089944
-0.0075271275
-0.0074649648
-0.0086433355
-0.0078882888
-0.0091920783
-0.012225313
-0.014425171
-0.018262395
-0.020411031
-0.025673877
-0.030388721
-0.023546026
-0.018856913
-0.021725126
-0.019465346
-0.018707271
-0.019886126
-0.022455458
-0.028061689
-0.033438935
-0.038203785
-0.045354281
-0.051682752
-0.054539974
-0.056847852
-0.043297031
-0.021531379
-0.027506743
-0.021912799
-0.015852453
-0.0056279404
0.0076909046
0.020766169
0.031222769
0.042937453
0.042757056
0.026049771
0.023540188
0.025198736
0.025358773
0.037726166
0.054469323
0.06376948
0.068404611
0.058324356
0.042102662
0.044187919
0.05190038
0.0519821
0.049777004
0.047391235
0.044553716
0.0430981
0.038132307
0.033102297
0.032006569
0.026511042
0.023548427
0.021907706
0.019399989
0.018113796
0.015442938
0.014230628
0.01375175
0.012299495
0.011803648
0.015052981
0.015828818
0.016687677
0.016094188
0.019081438
0.020898527
0.02119153
0.021090751
0.021622856
0.019828631
0.018695891
0.019940486
0.021267115
0.022175802
0.021609791
0.023385089
0.024740697
0.025728247
0.029091979
0.03113015
0.032190786
0.033411694
0.035065269
0.034466778
0.037513251
0.04133137
0.041674218
0.043026748
0.046725253
0.043845013
0.040383631
0.033704788
0.02653706
0.020995964
0.017926739
0.0077157
0.0026151194
-0.0030711447
-0.0087029164
-0.013139563
-0.0055474736
0.0013384136
-0.0018396302
-0.0042573409
-0.0085394346
-0.0073397822
-0.0074638267
-0.0056023244
-0.0051153617
-0.0029978959
-0.0004584518
0.0018286935
0.0025431689
0.0036285121
0.0032590666
0.0056679839
0.0058274041
0.006515626
0.0059619093
0.0073290404
0.0053043817
0.0041031029
0.0023384015
0.0023248572
0.0016114195
0.00067097105
-0.0014522895
-0.00096976015
-0.002667832
0.00099688438
-0.00093156641
0.00020542669
-0.004050155
-0.0027399362
0.00036550675
-0.00053204014
-0.0038113554
-0.0036027297
-0.0056038116
-0.0077807176
-0.0072971604
-0.0082449748
-0.0096637601
-0.012266465
-0.013469802
-0.014998582
-0.018088259
-0.020949064
-0.022027459
-0.019285289
-0.016111665
-0.019793652
-0.022662127
-0.021660908
-0.020410118
-0.019905222
-0.022939734
-0.026094511
-0.02861404
-0.032612214
-0.036773365
-0.037949349
-0.035850301
-0.021669764
-0.011525352
-0.014010911
0.00087842006
0.0088204844
0.023021578
0.035518575
0.043343272
0.044504051
0.048535994
0.043630122
0.024164749
0.025511806
0.033225163
0.03955515
0.047093198
0.053104958
0.058717087
0.061478639
0.05248967
0.041003344
0.047685069
0.047493028
0.041758221
0.036539619
0.03589605
0.032192396
0.025969671
0.020537366
0.018671694
0.017959438
0.014246073
0.013943241
0.011061209
0.0075829686
0.0079395884
0.0046801451
0.0033100561
0.0033365496
0.0030143924
0.0039916484
0.0046351423
0.0048661244
0.0051573208
0.0088661627
0.009523584
0.013133384
0.013762683
0.01632392
0.015692673
0.016918011
0.014451949
0.014771658
0.015876724
0.016262069
0.01817005
0.020828055
0.021020666
0.022699977
0.024526036
0.02666066
0.029296757
0.029550658
0.028319393
0.027050101
0.028947637
0.033156307
0.034899278
0.033391883
0.035074903
0.034093338
0.031159984
0.022931124
0.017132392
0.0085082612
0.005107889
-0.0061615546
-0.012968529
-0.013349905
-0.012717745
-0.0053162834
-0.0032148553
-0.0040756973
-0.0084960674
-0.010502825
-0.012156558
-0.0090006785
-0.0096467812
-0.0074840377
-0.0043036832
-0.0047673211
-0.0029555782
-0.00047937922
-0.0017688942
-0.00033763324
0.00012496037
0.0026128841
0.004076373
0.0052717097
0.0055534564
0.0052842814
0.0052415817
0.005146042
0.0033405529
0.00084694366
0.00055953756
0.00050787785
-0.00077610108
-0.0020353317
-0.0025167565
0.0001984054
0.0024663387
0.0029272302
0.00053144467
0.0003425518
0.0017325262
-0.0012200842
5.6707191e-05
-0.00014384044
-0.0016137828
-0.001144752
-0.0023881448
-0.0049538558
-0.0041636156
-0.0071209601
-0.0066927282
-0.0092893907
-0.011340347
-0.012278637
-0.012942537
-0.01302102
-0.012779007
-0.011641436
-0.014529285
-0.017109529
-0.018502214
-0.016003823
-0.015815305
-0.015531103
-0.016586319
-0.01747
-0.01678082
-0.015296214
-0.01109045
-0.0022900804
-0.0012918298
-0.0011404959
0.0067219287
0.019813193
0.03400212
0.04095125
0.046221213
0.041330868
0.034797178
0.027225229
0.017110892
0.023116783
0.03086612
0.034172245
0.038400918
0.042590351
0.045112059
0.043859686
0.038069202
0.033160378
0.033531882
0.030241943
0.027036886
0.020341711
0.016360897
0.014038909
0.012110157
0.0082374011
0.005415647
0.006319405
0.0033735186
0.0038006415
0.0020602021
5.9764602e-05
0.0011795558
-0.0014685248
-0.0010431455
-0.0021198481
-0.002401522
-0.0026365366
-0.00090531066
0.0018319522
-9.0974758e-06
0.0018110915
0.0027579495
0.0056217381
0.0065860763
0.0077918315
0.0082708131
0.0093226123
0.011200923
0.010521348
0.010418488
0.011649956
0.012654558
0.012652047
0.013118346
0.014427257
0.017959135
0.019756385
0.021501916
0.023474377
0.022913207
0.021761793
0.022485545
0.022220669
0.022112489
0.021024192
0.019850403
0.017791608
0.014695905
0.0075916458
-0.00050368436
-0.0069833858
-0.007580089
-0.0064447225
-0.0082895863
-0.0095898402
-0.0080928081
0.0012069646
-0.0029807033
-0.0056214905
-0.0070999049
-0.012290534
-0.013489005
-0.015218487
-0.012784089
-0.0088539268
-0.0071876841
-0.0056080899
-0.0037148586
-0.00126352
-0.00019421519
-0.0011026711
-0.0019764412
-0.0010088164
0.00016687256
0.0015325635
0.0030094638
0.0025400672
0.0026685553
0.0031230974
0.003226178
0.0017803446
0.001117317
0.00080902668
0.0011620415
-2.2294837e-05
-0.0012573961
0.0023798287
0.0011325276
0.0016930117
0.0020540885
0.0015092306
0.0028437163
0.0031849649
0.0019612645
0.0017224538
0.0024228541
0.0017341534
0.0018138085
-3.3692835e-05
-0.0028335976
-0.0027426533
-0.0044393172
-0.0039490788
-0.0051211293
-0.0071730826
-0.0076029657
-0.0091387807
-0.005779169
-0.0071037086
-0.0082267131
-0.0097361921
-0.01314159
-0.012591606
-0.012235279
-0.0095279562
-0.0095796502
-0.0090177077
-0.0047718905
0.00070835474
0.0067863516
0.0098006403
0.0062666498
0.0085201225
0.013791359
0.014494705
0.024405334
0.028522511
0.028700254
0.02591646
0.018752895
0.014492199
0.011934614
0.01639954
0.017710062
0.021452204
0.021366359
0.022402994
0.023999931
0.028255323
0.027210716
0.020941281
0.018514119
0.014308659
0.013330852
0.010173766
0.0068208774
0.0046977893
0.0010799257
0.0010207487
-0.00061368289
-0.0039951183
-0.0039123646
-0.00036348152
-0.00042450295
-0.00037852321
5.9465028e-05
-0.0011014571
-0.0024285499
-0.0042085965
-0.0032792941
-0.002415536
-0.0014246714
-0.0029776518
-0.0027712917
-0.0034554714
-0.002978081
-0.00069640935
0.0014633166
0.0016250433
0.0023113771
0.0035761579
0.0051570379
0.0055374621
0.0065290156
0.0077909953
0.0072489705
0.0070985464
0.0078316132
0.0078623522
0.010067555
0.012493357
0.013478566
0.015108931
0.015739582
0.015556193
0.014352227
0.013284585
0.012284748
0.012112348
0.0091210052
0.0053510427
0.0033931368
-0.0031013229
-0.0041369478
0.00063852255
0.0005070084
0.0020053147
-0.0013443315
-0.0045592962
-0.0023452487
0.00039309701
-0.0012074624
-0.0043614693
-0.0052149031
-0.0084025235
-0.0096799566
-0.0093150897
-0.0080469876
-0.0076812426
-0.006204918
-0.0057384308
-0.0046386033
-0.0043288919
-0.0041253717
-0.0039268477
-0.0046369411
-0.0048345758
-0.0032662809
-0.0016203212
-0.0012060026
-0.00082454498
-0.00069507789
-0.0010718813
-2.5555901e-05
0.00048841587
0.0011943817
0.00088196004
0.00098426004
0.00037021223
0.001425371
0.0037061567
0.0012803634
0.0024430483
0.0027113796
0.0018145228
