0.0005669732
0.00060018248
0.00012692433
-0.00031212831
-0.0015257784
-0.0012148025
-0.0015163295
-5.1511019e-05
-2.9981019e-05
-0.0011139863
-0.0034287224
-0.0050650595
-0.0050587607
-0.0051262353
-0.0041396301
-0.0028364354
-0.0012991584
-0.0022322317
-0.003310234
-0.0019373
-0.0015294671
-0.0033753495
-0.0036214551
-0.0038124577
-0.0030675717
-0.0028489457
-0.0035439259
-0.0042279424
-0.0040661221
-0.0038140055
-0.0034116518
-0.0028648362
-0.0038351663
-0.0040556372
-0.0044380563
-0.004385421
-0.0039721257
-0.004221468
-0.0034363678
-0.0035855196
-0.002289735
-0.0011474209
-0.00068632076
-0.00033888952
-0.0010273186
-0.001889052
-0.0033749081
-0.0041267793
-0.0034751017
-0.0040319423
-0.0031500065
-0.0034684424
-0.0021871917
-0.0028273715
-0.0032211043
-0.0046519781
-0.0046635235
-0.0064457019
-0.0088374222
-0.0093007983
-0.008349817
-0.0056993004
-0.0056335161
-0.0061690065
-0.0066794433
-0.0073755316
-0.007836505
-0.0075269014
-0.0057840291
-0.0039232574
-0.0017379371
-0.0004237508
0.0027740733
0.0028413562
0.0024199901
0.0018705267
0.0019761841
0.001986044
0.0025235932
0.0023980494
0.0032088715
0.0046150831
0.0046497117
0.0045437734
0.002762598
0.0047590107
0.004996469
0.0066761402
0.0069309842
0.0065717521
0.0069018491
0.0053300292
0.0047522903
0.0050075101
0.0046360613
0.0041860393
0.0032739741
0.0030647224
0.0039761784
0.0047802508
0.0043789413
0.0049169208
0.004937581
0.0045022391
0.0052330175
0.0046682192
0.0040937343
0.0041296874
0.0042583389
0.0047159465
0.0052457356
0.0051390971
0.0057545256
0.0060836062
0.0064400048
0.0082285262
0.011558723
0.011652561
0.0141288
0.013826472
0.013174841
0.011843002
0.010047465
0.0089006142
0.005747752
0.0055279634
0.0046871961
0.0037112813
0.0015374813
2.2632634e-05
-0.00033880932
0.0018918781
0.0015104968
0.00092779556
0.00036206995
0.00055503664
-0.00021134308
0.00052003148
0.0020126811
0.0014552556
0.00050744325
0.0010172887
0.0012608543
0.001600743
0.00022083522
-0.00029704468
-0.0011523994
-0.0020760194
-0.0021656456
-0.0018148551
-0.0014637076
-0.0014296578
-0.0028891343
-0.0032674752
-0.0039533502
-0.0048060262
-0.0047522462
-0.0048680445
-0.0047736766
-0.0025468406
-0.0014870544
-0.0018282858
-0.0013398835
-0.00098078392
-0.0015627407
-0.0023255607
-0.0029481354
-0.0037593734
-0.0034139435
-0.0041072761
-0.0042280773
-0.0043915344
-0.0040233429
-0.0041257554
-0.0043210658
-0.0045976456
-0.0046853025
-0.0049569685
-0.0046667021
-0.0042919463
-0.0042324997
-0.0038285197
-0.0028473426
-0.00044926469
7.6979268e-06
0.00087517869
0.0022627265
0.0028102481
0.0023113224
0.0013154139
-0.00059483725
-0.00025364153
-0.00058879651
-0.0015254449
-0.0010235174
-0.00074578116
-0.00022099773
2.5285446e-05
-0.00063098903
-0.0015205974
-0.001572861
-0.0032709096
-0.0050878263
-0.0047600336
-0.0036039972
-0.003016557
-0.0038566482
-0.0049355994
-0.0059500326
-0.0058305188
-0.0057050495
-0.0050672649
-0.0040987054
-0.0013129575
-0.00022683778
0.0017828103
0.0017771014
7.6723686e-05
0.00088194107
0.0018221648
0.0019015334
0.00096463716
0.0013024279
0.0032208713
0.0031724158
0.0041148539
0.0034455419
0.002890475
0.0038315921
0.0042153791
0.0060344062
0.0054190259
0.0054936582
0.0063609968
0.0059005773
0.0036233205
0.0031982029
0.0019859965
0.0024042029
0.0021769545
0.0021167771
0.0025992169
0.0026720055
0.0027181371
0.0026347434
0.0026659443
0.0027124026
0.002888898
0.0024193513
0.0019050795
0.0024055286
0.0025706088
0.0030876988
0.0036961091
0.0040128116
0.0044574907
0.0054388972
0.0058227863
0.0066260593
0.009916352
0.012643863
0.016251006
0.015619202
0.011765503
0.0092821985
0.0079756365
0.0061319882
0.0041114638
0.003256297
0.0041614677
0.0027400284
0.0019348097
0.0019128098
0.00030506332
0.00094891211
0.001558717
0.00082360897
0.00076792289
0.00020491197
-0.00097811112
-0.00066892975
-8.7572788e-05
0.00040847479
0.00066862417
0.0016385739
0.0013454029
0.0015105964
0.00094493974
-0.0012142053
-0.0024349815
-0.0024325351
-0.0033721538
-0.0028088815
-0.0035504822
-0.0024436123
-0.0027812299
-0.0046942439
-0.0052396169
-0.0057946578
-0.0050778689
-0.0047996395
-0.0043317194
-0.0040307845
-0.0037611574
-0.0036140918
-0.002844241
-0.0016871072
-0.0026321042
-0.0028518262
-0.0034022025
-0.0036822628
-0.0045968018
-0.0045473481
-0.0047290151
-0.0062744372
-0.0071756432
-0.0078713248
-0.0085153159
-0.0091411622
-0.0098046435
-0.0099442174
-0.011138173
-0.010954922
-0.01005556
-0.0090101885
-0.0078446246
-0.0055243384
-0.002889303
-2.1287039e-05
0.0015381857
0.0029289892
0.004578261
0.0052535726
0.0034279121
0.001937167
0.00048273406
-0.0007105045
-0.00072802234
0.00035994393
0.00087413003
0.0012691562
0.0011003425
-0.00087371041
-0.00096900845
-0.00075271238
-0.0010435241
-0.00032363173
-0.00028573746
-0.00079807817
-0.0024085634
-0.0027845287
-0.0046725352
-0.005845378
-0.00495291
-0.0042437404
-0.0032525631
-0.0030389967
-0.0026986367
-0.0026160574
-0.0027773634
-0.0030170036
-0.0014423025
-0.0013447387
-0.0020966884
-0.002381435
-0.0035163199
-0.0034255238
-0.00085885642
0.00063367207
0.0010317243
0.00048121706
-0.00099209684
0.0013783296
0.0025287327
0.0033160972
0.0034748685
0.0030745575
0.0030726251
0.0025760421
0.001635056
-6.7147866e-05
-0.0011502861
-0.00097188008
-1.6973072e-05
-0.00015138052
-0.00034285231
-0.00082549668
-0.0011387039
-0.00013509203
0.00012979903
0.0001100254
3.4653884e-05
-0.00016684898
0.00048548266
0.0005118183
0.00037284308
0.000804152
0.0011971908
0.0021309317
0.0026108665
0.0023504325
0.0042502737
0.0048858584
0.010139653
0.013282432
0.010619491
0.0072047567
0.0052973996
0.0036427629
0.003205045
0.001659153
0.0032044191
0.001464064
-0.00089140964
0.00028686801
0.00037700985
0.00098277092
-0.00010401171
-0.0010885916
-0.00091928886
-0.0011379809
-0.0012131438
-0.0019640005
-0.0018672351
-0.0019668335
-0.00069549741
-0.00043128317
-0.00018363285
-6.9764761e-05
-1.2280197e-05
-0.00074916358
-0.00096122528
-0.0034328254
-0.0039916784
-0.0046383863
-0.0052776113
-0.0058038712
-0.0053174308
-0.0046631723
-0.0061363808
-0.0076441355
-0.0089100702
-0.0095466462
-0.0087167241
-0.0082531549
-0.0074209559
-0.0059718431
-0.0056771989
-0.0067244515
-0.0062395787
-0.0071447248
-0.0069189939
-0.0069831685
-0.0077561293
-0.0082066266
-0.0090786908
-0.0091366801
-0.0094632494
-0.010143701
-0.013952075
-0.014940321
-0.017317487
-0.01879627
-0.019960501
-0.021020183
-0.021817096
-0.021448807
-0.020690028
-0.016011623
-0.015109489
-0.011985256
-0.0056970044
-0.0019552303
0.0026062513
0.0030796327
0.0039334014
0.0028141836
0.0027097444
0.00094141991
-0.00047009203
-0.0017017071
-0.0011441174
-0.0014943449
-0.00091600434
-6.7818166e-05
-0.0001697787
-0.0018823678
-0.0021567785
-0.00097778786
0.00042169469
0.00055740778
0.00022394456
-0.0015929497
-0.0019951508
-0.0030852457
-0.0063229233
-0.0088681887
-0.0070819986
-0.0053607706
-0.0074715626
-0.0076970122
-0.0068863273
-0.0053448598
-0.0043842418
-0.0067347484
-0.0075338234
-0.0087227706
-0.0094233397
-0.012466125
-0.011565211
-0.0099884131
-0.0074595412
-0.0058223979
-0.0051921913
-0.0057413616
-0.0051569864
-0.0018460551
-0.00091985092
-0.00090871494
-0.0019897152
-0.0018042236
-0.0018747251
-0.0021081678
-0.0036011147
-0.0043672863
-0.004127096
-0.004404567
-0.0053237963
-0.0054762847
-0.0054498477
-0.0050159902
-0.0047109904
-0.003877704
-0.0034453514
-0.0029088267
-0.0022050265
-0.0024452261
-0.0023208802
-0.002421913
-0.0021900684
-0.0016967242
-0.001236901
-0.00095664872
-0.00066013205
0.00065235395
0.00058980827
0.0040239369
0.0038274973
0.002064025
0.00017021083
0.00034218777
-0.0029869609
-0.0042593387
-0.0029451706
-0.0012625307
-0.0018789472
-0.0023305419
-0.0038329082
-0.0062195384
-0.0052428217
-0.0040480075
-0.0044018113
-0.0057581799
-0.0055702216
-0.0055433061
-0.0055162935
-0.0058338179
-0.0044809385
-0.0039035957
-0.0033723343
-0.0027355603
-0.0028483311
-0.0027013734
-0.0026038175
-0.0027603212
-0.0030873041
-0.0062979668
-0.0066952545
-0.0068325054
-0.0075278507
-0.0079943741
-0.0082468551
-0.0093638249
-0.011189262
-0.012140392
-0.013749706
-0.012110809
-0.012856701
-0.0130687
-0.01175686
-0.0083610109
-0.0089924124
-0.011027493
-0.012549499
-0.011888296
-0.012235553
-0.012878738
-0.01332206
-0.014809384
-0.015946105
-0.015734386
-0.017041589
-0.017684382
-0.019953997
-0.024634547
-0.028435046
-0.030436764
-0.03202327
-0.033607384
-0.033790644
-0.031765033
-0.029233924
-0.026405181
-0.02367768
-0.020421969
-0.012691275
-0.0076256311
-0.0040839628
-0.0017453338
-0.00096973012
-0.0020701223
-0.0013741271
-0.0017393248
-0.0019713904
-0.0018928134
-0.0018137013
-0.0024917238
-0.0025796649
-0.0030510703
-0.0046060812
-0.0053624258
-0.0046328862
-0.0030637139
-0.00057854772
0.0011413111
3.146099e-05
-0.0052918344
-0.0053846219
-0.0068565212
-0.0071066016
-0.0072459099
-0.0074904797
-0.0081861186
-0.0092117593
-0.0089417638
-0.0090338257
-0.0069827673
-0.0082521398
-0.011119
-0.01177556
-0.013252364
-0.014249662
-0.014467165
-0.014204394
-0.014066346
-0.011124814
-0.0096906952
-0.010248779
-0.010372712
-0.010813377
-0.0087034542
-0.0082736245
-0.0068765101
-0.006782228
-0.0069222759
-0.0066239154
-0.0071181626
-0.0073816622
-0.0071639771
-0.0072756456
-0.0072665382
-0.0078461298
-0.0080496459
-0.0076438181
-0.0077384385
-0.0064562261
-0.0061074184
-0.0055483597
-0.0048555103
-0.0041905011
-0.0043861344
-0.0037979181
-0.0038037416
-0.0036906757
-0.0035539819
-0.0026598519
-0.0025737468
-0.001288664
-0.0018943603
-0.0027422304
-0.0035843361
-0.0023726462
-0.0036310183
-0.0053800032
-0.0074514788
-0.010422978
-0.010935192
-0.0087169207
-0.0078678245
-0.0087155693
-0.0094298472
-0.011333156
-0.011748794
-0.010969977
-0.0090078805
-0.0095806428
-0.010153053
-0.0099722249
-0.0089503892
-0.0088923975
-0.0079838516
-0.0071016319
-0.0057938747
-0.0053390689
-0.0047545784
-0.0049480922
-0.005387247
-0.0059457837
-0.0057066806
-0.0059543956
-0.0079279052
-0.0079033157
-0.0081642964
-0.0086673361
-0.0098888165
-0.01039612
-0.015338876
-0.016693744
-0.016629433
-0.015956859
-0.013315102
-0.015508064
-0.014393693
-0.013100591
-0.011490103
-0.012713441
-0.014349374
-0.014775801
-0.015591448
-0.017707073
-0.018050988
-0.018337222
-0.020140028
-0.019670036
-0.020808929
-0.019386428
-0.019205123
-0.02418604
-0.027450222
-0.03210599
-0.033174786
-0.037219912
-0.041576418
-0.042773214
-0.042409105
-0.042302754
-0.042835441
-0.037149489
-0.030865129
-0.02516249
-0.020911492
-0.016876817
-0.01344539
-0.010347055
-0.0099924971
-0.0075683388
-0.0076325361
-0.0072561291
-0.006470546
-0.0067970928
-0.0057446862
-0.0078288435
-0.0086815092
-0.0090305261
-0.0099542783
-0.0089170015
-0.0057408536
-0.0072171419
-0.0019352476
-0.0068011815
-0.0098738831
-0.0038717721
0.00048391087
-0.00096734885
-0.002018378
-0.0016623065
-0.0023034765
-0.0069567561
-0.0088670425
-0.007130824
-0.0066066428
-0.0062552105
-0.0071059195
-0.0059893481
-0.0068734893
-0.010458343
-0.010497272
-0.009923517
-0.0099519462
-0.0091053879
-0.0091650345
-0.0094158375
-0.0093332826
-0.0083755688
-0.0079641007
-0.0074973617
-0.0067115694
-0.0062891503
-0.0066465417
-0.006177129
-0.0061709651
-0.0056364889
-0.0062891922
-0.0059528263
-0.0059939675
-0.0059324402
-0.0068588318
-0.0072077451
-0.0064224849
-0.0056351923
-0.0044321288
-0.0036176116
-0.0028565059
-0.002623458
-0.0025498179
-0.0020856801
-0.002538816
-0.0023618743
-0.0027844188
-0.0023125647
-0.0023164021
-0.0035008485
-0.0070943559
-0.0076861303
-0.006974278
-0.0055758139
-0.0084954587
-0.010430808
-0.011730325
-0.013145118
-0.012532161
-0.013497274
-0.012968341
-0.013649545
-0.014049476
-0.015955312
-0.016269908
-0.015419768
-0.014306257
-0.012814742
-0.012488109
-0.011418981
-0.01060527
-0.0083658921
-0.0075515544
-0.0062664602
-0.0058488293
-0.0054194112
-0.0059693234
-0.0065049196
-0.0070496963
-0.0073194089
-0.0074801712
-0.0074077413
-0.0080814696
-0.0084909738
-0.0086592413
-0.0096055901
-0.010870002
-0.01350823
-0.017564261
-0.019699935
-0.019660687
-0.016541211
-0.015691104
-0.015412905
-0.013572741
-0.013567273
-0.012103861
-0.011857923
-0.013513311
-0.014977027
-0.01666413
-0.018327566
-0.019479304
-0.019325124
-0.018609424
-0.017566494
-0.016606195
-0.020187791
-0.023391308
-0.024139088
-0.027109157
-0.033079294
-0.041200948
-0.045356026
-0.053475578
-0.056467757
-0.056350312
-0.060625714
-0.060104388
-0.057220553
-0.051802816
-0.047053277
-0.041224641
-0.02878787
-0.029446409
-0.026911943
-0.024213527
-0.02107878
-0.021225941
-0.015740319
-0.015738289
-0.014344789
-0.014795686
-0.014621953
-0.012881618
-0.011806598
-0.0132979
-0.013482727
-0.0093895169
-0.0031525967
0.0050982794
0.00063855323
-0.0043417506
-0.0041887361
0.0014036338
0.00044838071
0.0069793822
0.0043381158
0.0044197114
0.0031141583
0.0011499487
0.0030584221
0.0017235829
0.0053246487
0.0048931297
0.0039214679
0.0031326142
0.00048384516
0.00039394978
0.00039299333
0.00051971464
-0.00078502025
-0.0012509851
-0.003062729
-0.0027377992
-0.002899197
-0.0020252795
-0.0017082111
-0.0025032183
-0.0028245305
-0.0022632812
-0.0019297231
-0.0020781039
-0.0025162573
-0.0019665445
-0.0023266089
-0.0025785714
-0.0023573454
-0.0025944675
-0.0027867081
-0.0020247968
-0.0013595071
-0.0010633981
-0.00071098956
-0.00074228931
-0.00084766047
-0.00087087136
-0.0013873039
-0.0016216104
-0.0019531163
-0.0023336981
-0.0021059088
-0.0031687209
-0.005547065
-0.013087986
-0.010570777
-0.007460018
-0.0082917792
-0.010466229
-0.011823685
-0.013117597
-0.017647396
-0.014993937
-0.016389834
-0.016440243
-0.017092998
-0.016457916
-0.016685117
-0.015957773
-0.015948771
-0.015245745
-0.01350853
-0.011899668
-0.0072708699
-0.0050044167
-0.005439
-0.0052593796
-0.0045486752
-0.0050198191
-0.0055143116
-0.0058059694
-0.0058517596
-0.0067716325
-0.0070385784
-0.0076666453
-0.007694739
-0.0089349328
-0.0096189932
-0.011184304
-0.011638678
-0.012996918
-0.015891592
-0.020763073
-0.01811176
-0.018351721
-0.016872337
-0.017526051
-0.01543852
-0.015282834
-0.014111001
-0.0095673681
-0.0078056555
-0.010256226
-0.013095405
-0.015568726
-0.016345256
-0.017992914
-0.019247549
-0.017602716
-0.013827054
-0.015557194
-0.022143923
-0.023504965
-0.025512733
-0.030464564
-0.039179363
-0.049339883
-0.057245049
-0.061067164
-0.06413435
-0.065262141
-0.065229105
-0.064650866
-0.059365109
-0.058288364
-0.057915967
-0.051066262
-0.040070594
-0.047093461
-0.045874797
-0.04402209
-0.037060736
-0.03563638
-0.028387351
-0.020296427
-0.024577515
-0.017216792
-0.020093772
-0.018529623
-0.014648905
-0.01746559
-0.0041501237
0.00074354091
0.0011120065
0.004174943
0.0081697845
0.012899548
0.0099300476
0.016550482
0.01453356
0.017110321
0.014396093
0.013316451
0.011470028
0.010536897
0.013750654
0.013603355
0.013260478
0.014760276
0.012641359
0.012239237
0.01138394
0.010301207
0.007979007
0.0072947665
0.0045506622
0.0042904281
0.0030679997
0.0033370345
0.0034547693
0.0032951457
0.0027039499
0.0026428889
0.0018788027
0.0017134566
0.0017991402
0.0020802283
0.0015317784
0.0015103957
0.0008568934
0.0011756094
0.00076031298
0.00088071175
0.00027724161
0.0012237353
0.00076285562
0.00080336909
0.00026977489
0.00021208098
0.00017702597
0.00041905251
-0.000627168
-0.00055323606
-0.0019601867
-0.0022086186
-0.0038053512
-0.0046055134
-0.0077344456
-0.015504153
-0.012321714
-0.0087974441
-0.0084554082
-0.0098141484
-0.014542092
-0.016532692
-0.018748665
-0.017909796
-0.016703866
-0.015727558
-0.015980948
-0.016602627
-0.015414188
-0.014723061
-0.01061211
-0.010095558
-0.0078451443
-0.0054325635
-0.0037613476
-0.0035946908
-0.0037575293
-0.0050044067
-0.0049462863
-0.0045729607
-0.0055989335
-0.0061568538
-0.0062973432
-0.0068679905
-0.0068043495
-0.007224282
-0.0075104345
-0.0099896611
-0.010278567
-0.012930729
-0.014018344
-0.015511079
-0.020219591
-0.020176411
-0.019877931
-0.017502148
-0.015442701
-0.015516212
-0.015956822
-0.01443652
-0.014479694
-0.0080000831
-0.002170389
-0.0070887659
-0.011299563
-0.013530205
-0.013990644
-0.015224865
-0.019780074
-0.020545459
-0.018702423
-0.018512257
-0.022939672
-0.024899181
-0.028507188
-0.037331952
-0.046265247
-0.054677292
-0.060151444
-0.063581238
-0.065743846
-0.06709645
-0.065344232
-0.062145458
-0.057572733
-0.055446329
-0.055507581
-0.043253615
-0.04578093
-0.047305495
-0.049025678
-0.04754097
-0.043117352
-0.029970117
-0.02880973
-0.025455561
-0.023201615
-0.01864593
-0.021308208
-0.018769976
-0.0092380058
-0.010050029
0.00062362062
0.0074495
0.011303622
0.017675826
0.021944924
0.02390974
0.027022115
0.02701953
0.028129387
0.026714044
0.022942031
0.019350164
0.01817717
0.018800532
0.020015478
0.019576445
0.020205493
0.019554764
0.019554203
0.016562974
0.015034264
0.015062503
0.013460554
0.0098202378
0.0078178552
0.006193983
0.0059599557
0.0049636864
0.0058050658
0.0057909261
0.0060172168
0.00477102
0.0046336807
0.0045355094
0.0043726007
0.0034112789
0.0032903755
0.0033061533
0.0035250758
0.0034122545
0.0032116464
0.003176195
0.0026517046
0.0013088532
0.001836701
0.0014331672
0.00093270626
0.00053357969
0.00035640403
-0.00085365676
-0.00081980785
-0.0015685818
-0.0023804398
-0.0044798753
-0.0052438807
-0.0074375569
-0.009778353
-0.017370692
-0.013784179
-0.00862526
-0.0091878718
-0.0091779326
-0.013530507
-0.015243112
-0.017450924
-0.014630518
-0.011355738
-0.010580766
-0.011030076
-0.012812926
-0.0073996932
-0.0062543279
-0.0057879149
-0.004160214
-0.0026316454
-0.0038067878
-0.0041291084
-0.005094838
-0.0047175907
-0.0050412907
-0.0055097702
-0.0063738299
-0.0065266567
-0.0066649833
-0.0075104077
-0.0070883993
-0.0075479314
-0.0074943541
-0.0093321752
-0.012658496
-0.015409328
-0.019260977
-0.020221065
-0.019324444
-0.020469508
-0.018450818
-0.016166584
-0.015374389
-0.013525625
-0.016086278
-0.017829357
-0.016805048
-0.012414882
-0.0020185637
-0.0026262122
-0.0075965302
-0.01009465
-0.013274327
-0.014406432
-0.015835008
-0.020312919
-0.025440695
-0.026722347
-0.026049781
-0.027796664
-0.031866278
-0.035434972
-0.042337
-0.044473547
-0.048877888
-0.053601677
-0.057601442
-0.058869913
-0.058149247
-0.054813368
-0.049017566
-0.044719104
-0.044850919
-0.044851638
-0.039969227
-0.035748217
-0.032026506
-0.033303249
-0.032897685
-0.032477856
-0.01798782
-0.014198504
-0.010591219
-0.0070899423
-0.005127604
-0.011604489
-0.0033030988
0.0045530368
0.010666056
0.014476594
0.020730955
0.026183936
0.029766616
0.035020126
0.038098643
0.037357263
0.036139002
0.033209087
0.031093658
0.028639601
0.026274422
0.024221328
0.024090766
0.025346304
0.024632469
0.026492055
0.02468303
0.025600584
0.023705331
0.024436728
0.022048148
0.018676487
0.016885294
0.012480728
0.0081772983
0.0094817314
0.0093831335
0.0080521675
0.0080022278
0.0090788835
0.008849628
0.0084526558
0.0073703369
0.0073501448
0.0063373633
0.0056294498
0.0071870879
0.0063951612
0.0085196648
0.0068296988
0.0064214938
0.0060048777
0.0051236749
0.0038349668
0.0036678203
0.0039359949
0.0024621072
0.0016077106
0.00027243551
-0.0014961508
-0.0016685607
-0.0028483733
-0.0044422623
-0.0053858048
-0.0078231968
-0.013722631
-0.019601975
-0.016776138
-0.014318474
-0.010760716
-0.0084606504
-0.010779247
-0.013451315
-0.013117784
-0.013170528
-0.0068019407
-0.0074186669
-0.0054117215
-0.0036955039
-0.0021106744
-0.001871837
-0.0009327495
-0.0032171009
-0.0053451998
-0.0067820414
-0.0068126297
-0.0084742533
-0.007659471
-0.0074956188
-0.0087975386
-0.0089606208
-0.0081489379
-0.008005423
-0.0076227064
-0.0091881874
-0.010444797
-0.011273706
-0.010700149
-0.016230025
-0.018808464
-0.022691465
-0.016099703
-0.016294179
-0.018728615
-0.01699563
-0.014465346
-0.016084351
-0.016793133
-0.016005574
-0.018000815
-0.019956668
-0.011559972
-0.0047672262
-0.0048740261
-0.0067164691
-0.0097558108
-0.012524052
-0.014814581
-0.018305218
-0.023121934
-0.029221136
-0.035544569
-0.037246398
-0.038138857
-0.039076642
-0.040930801
-0.04390045
-0.043363549
-0.043163266
-0.040863273
-0.040118133
-0.040196
-0.044173485
-0.039025312
-0.028146179
-0.019686142
-0.028110757
-0.031332853
-0.022577281
-0.015942506
-0.011319994
-0.010002283
-0.0070720791
-0.0031448416
0.00170221
0.0089707503
0.013971978
0.013471031
0.017447029
0.01777083
0.021317054
0.028514775
0.035286976
0.036257207
0.039996106
0.042468311
0.041623561
0.040880962
0.043828173
0.042053924
0.03788792
0.037577379
0.039805136
0.035429397
0.032666358
0.033370193
0.032234658
0.033518127
0.035241168
0.034087025
0.034364646
0.03505024
0.035255543
0.034782857
0.031301902
0.029408997
0.025796191
0.021024776
0.016517824
0.014773187
0.016924045
0.014283362
0.011684744
0.011931233
0.010731645
0.011287436
0.011223086
0.0099576408
0.010695977
0.0086747737
0.0078922435
0.0090360782
0.0099091008
0.0094204014
0.0085283511
0.0060914712
0.0073492848
0.0058464182
0.0049871037
0.0043986623
0.0049083823
0.0027901926
0.0023116189
0.00067216838
0.0010861654
-0.0026278829
-0.0059837557
-0.0082067253
-0.012202477
-0.012608921
-0.010107503
0.00093893016
-0.012033496
-0.010570885
-0.0057758464
-0.010371645
-0.010906807
-0.01062089
-0.0089875453
-0.0058371219
-0.0045910681
-0.0025212715
0.0027369803
0.0018876148
-0.00075246857
-0.0022503937
-0.0036236532
-0.0091910261
-0.0086711209
-0.0091174635
-0.012447149
-0.013210252
-0.011303573
-0.013395912
-0.013062864
-0.014416297
-0.01440714
-0.014698897
-0.015717758
-0.014966634
-0.015760559
-0.016639024
-0.014405953
-0.013504157
-0.014441358
-0.013824534
-0.014801355
-0.012088072
-0.0093930436
-0.012655823
-0.01399043
-0.014419173
-0.015488926
-0.014113459
-0.016887096
-0.0098677496
-0.012023066
-0.0087221584
-0.0066028237
-0.0095456376
-0.012725873
-0.014676326
-0.018758588
-0.023741174
-0.029233793
-0.036540143
-0.041980239
-0.044951668
-0.044982179
-0.045706503
-0.042712375
-0.036721863
-0.028478127
-0.0204633
-0.027571587
-0.026637313
-0.027423067
-0.023317399
-0.013828378
-0.001967248
-0.00015403338
-0.0051364317
0.0040743143
0.019305078
0.027836115
0.031168074
0.034250322
0.033945878
0.039215425
0.0430868
0.042364397
0.032244082
0.037622211
0.048990095
0.052732479
0.056226623
0.059272269
0.059301244
0.060392801
0.059858452
0.057231842
0.054003928
0.051793364
0.04729238
0.044032764
0.042971802
0.043653436
0.041221472
0.038544139
0.039277305
0.039039842
0.038721848
0.038292516
0.040889913
0.042546773
0.03834982
0.040515443
0.040176024
0.036882932
0.034306793
0.034279415
0.030290277
0.026371558
0.02486533
0.025729063
0.025292522
0.020650148
0.020527255
0.020205871
0.019868417
0.022106346
0.021708473
0.020931761
0.019500921
0.016643506
0.01727578
0.019175057
0.017397112
0.01703001
0.015728603
0.016669861
0.015861803
0.015281844
0.010897841
0.010468341
0.010990747
0.012351489
0.012133824
0.010592961
0.0094414579
0.0057236971
-0.0053628741
-0.01168257
-0.009565198
0.0001204569
0.0049120017
-0.004637722
-0.0062408016
-0.0048277356
-0.0033365034
-0.0045753401
-0.0040908745
-0.003121925
-0.00024545073
0.0017871149
0.004320629
0.0062592543
0.0062884757
0.0034002984
0.00017777969
0.00085296475
-0.0042584897
-0.004449132
-0.0069538201
-0.0083115618
-0.0099443739
-0.011308489
-0.011156607
-0.013548551
-0.013338748
-0.012828799
-0.013030482
-0.013495556
-0.014838983
-0.015806702
-0.015405493
-0.008588272
-0.01045221
-0.0087746051
-0.0089071038
-0.010786243
-0.0095912278
-0.009304212
-0.011331752
-0.0090872456
-0.010749197
-0.012822351
-0.012138495
-0.012956805
-0.015929062
-0.018800692
-0.015270566
-0.012009233
-0.011249335
-0.012009598
-0.010863641
-0.013917183
-0.016475273
-0.022803549
-0.027786532
-0.033259619
-0.039686606
-0.043927782
-0.04435203
-0.040496585
-0.026172425
-0.0094284264
-0.011567413
-0.014406483
-0.0097767583
-0.0012519759
0.0074535135
0.019529995
0.029872616
0.038090148
0.032988342
0.034742948
0.04697678
0.044029145
0.049877188
0.05963504
0.069369126
0.074413159
0.068588806
0.061934285
0.054557363
0.061411647
0.077483442
0.076861555
0.072665795
0.072327003
0.07048653
0.066361234
0.061941589
0.059486069
0.056019105
0.050957977
0.048512572
0.046102026
0.041989006
0.039696932
0.034452171
0.031516704
0.033516554
0.031923507
0.03243892
0.034159793
0.034940041
0.032982261
0.032726367
0.033590989
0.033444801
0.032034942
0.03321996
0.033233778
0.031584676
0.031169177
0.028639193
0.029037578
0.026838709
0.028560828
0.03162213
0.030659741
0.035767262
0.035329104
0.034700037
0.038352965
0.038394605
0.034505259
0.033048238
0.034105848
0.03553821
0.033935845
0.029070746
0.024741842
0.0230215
0.018792298
0.012091879
0.010236557
0.0053560867
0.0014685202
-0.00084458506
-0.0079699995
-0.012168298
-0.011575009
-0.013076232
-0.011320397
0.0063449213
0.0099273352
0.00032225106
-0.0086175559
-0.0071629746
-0.0060506842
-0.007138996
-0.0031994799
-0.00080108296
0.0014533364
0.0012626768
0.0018266561
0.0022903533
0.0049000563
0.0041137187
0.0041333859
0.0023970761
0.0022099088
0.0010019322
-0.0027736307
-0.0037128594
-0.0025389159
-0.0042864641
-0.0062808465
-0.0082601603
-0.0096985841
-0.010260057
-0.008524415
-0.0073462194
-0.0087915337
-0.012381904
-0.012548512
-0.011340373
-0.0082094743
-0.006560366
-0.0065021034
-0.0098278916
-0.010407893
-0.0096728541
-0.010498847
-0.007240012
-0.0074798941
-0.0091934667
-0.011115948
-0.013968281
-0.016378786
-0.017767915
-0.020523146
-0.01420449
-0.012952844
-0.0089594909
-0.0048478545
-0.0054087942
-0.0073397773
-0.0098890132
-0.014944779
-0.017405205
-0.021132118
-0.024919643
-0.027917449
-0.029633426
-0.027082436
-0.0042646862
0.010865947
0.0030409867
0.017958578
0.025624394
0.03334349
0.042227388
0.050724993
0.05523201
0.0609433
0.054274366
0.037627151
0.03651166
0.040972307
0.044346162
0.060845111
0.074885949
0.082766174
0.084661416
0.070121645
0.05604114
0.068401565
0.077691187
0.076025831
0.069693767
0.064865507
0.061149582
0.057758513
0.051458942
0.046511926
0.04438176
0.037448946
0.035427344
0.031531077
0.03011911
0.027508964
0.025822742
0.024149777
0.02409157
0.020085261
0.019913828
0.022111384
0.023713149
0.023347075
0.023237935
0.025076522
0.024734034
0.024110257
0.02463609
0.023855651
0.022978036
0.02226894
0.022514282
0.024039918
0.025128457
0.025157325
0.028978834
0.031016214
0.032665762
0.036878591
0.037752414
0.040391672
0.039555809
0.041505878
0.040584399
0.042355256
0.043404753
0.039767067
0.035656738
0.030807619
0.021508469
0.012801956
0.0018326263
-0.0040557013
-0.0058781067
-0.0085206653
-0.015991852
-0.018582521
-0.021113758
-0.025220335
-0.026079737
-0.0052967907
0.0019941512
-0.0050820127
-0.01029229
-0.015890053
-0.014803734
-0.012227798
-0.0085607649
-0.0054408115
-0.002587884
-7.7923101e-05
0.0010099568
-7.5060056e-07
-0.0024128151
-0.0030960106
-0.0016140995
-0.000469379
-0.00081794261
-0.001651389
0.00091423254
-0.00061911579
-0.0018285631
-0.0029649828
-0.0053106055
-0.0073530249
-0.0072376954
-0.0082098535
-0.0057883917
-0.0049531344
-0.0035053771
-0.005600478
-0.0069757435
-0.010179873
-0.0065591026
-0.0053435151
-0.0061535482
-0.0075598977
-0.006807975
-0.0091109341
-0.010473533
-0.010119177
-0.0094911266
-0.0098832978
-0.011663595
-0.012107967
-0.013474911
-0.016776844
-0.015870271
-0.015593027
-0.01041663
-0.0082518509
-0.0091568808
-0.0073983127
-0.0050140391
-0.0038657441
-0.0041850811
-0.0058606596
-0.0078771408
-0.0095636226
-0.011561948
-0.012499776
-0.011235188
-0.0065917751
0.013664316
0.020627569
0.024856197
0.04290475
0.052636877
0.061638452
0.067154795
0.066475015
0.062202732
0.060803114
0.044765038
0.030152935
0.037298726
0.044631875
0.051475316
0.060831716
0.064527118
0.067932008
0.068832158
0.056772611
0.051386939
0.062154193
0.062141534
0.05741102
0.049466593
0.04780492
0.042057503
0.034114185
0.027275232
0.026416904
0.025264296
0.021678782
0.022405192
0.019922103
0.014935183
0.015232991
0.013381762
0.015749214
0.014220603
0.013204339
0.013500254
0.014328918
0.013783992
0.013735122
0.014429936
0.014781423
0.019433822
0.019375716
0.02022105
0.020218851
0.022541418
0.019621492
0.021767969
0.022751529
0.022758395
0.022391747
0.023560144
0.024330253
0.026633151
0.028466031
0.030441659
0.030761068
0.030601459
0.029901011
0.03031322
0.031804935
0.033539292
0.03385067
0.027464369
0.022166276
0.014091601
0.0036506163
-0.0078051308
-0.0140346
-0.018496413
-0.020470866
-0.030654679
-0.033236935
-0.029508484
-0.02321385
-0.015988995
-0.0057420395
-0.0081122959
-0.013360862
-0.014803212
-0.016591642
-0.01413408
-0.015031217
-0.010630026
-0.007239978
-0.004736104
-0.0018726651
-0.0018624662
-0.0033959338
-0.003731302
-0.004418304
-0.0035007625
-0.0024537397
-0.00089025418
-0.00044959844
-4.8707551e-05
0.00080975531
-0.00026822698
-0.0040205986
-0.0058760863
-0.0076857822
-0.0070570401
-0.0080937892
-0.0079070513
-0.0070613534
-0.0024729661
-0.0032074305
-0.0047680634
-0.0054368445
-0.0065359491
-0.0033622422
-0.0035054591
-0.0023469294
-0.0020630215
-0.0042039751
-0.0031624365
-0.0053505126
-0.0060871641
-0.00536447
-0.0076238839
-0.0073074963
-0.0097983107
-0.011043125
-0.011355447
-0.0090847793
-0.0078919942
-0.0066068725
-0.004668502
-0.0045454321
-0.0052664282
-0.0041506385
-0.00083138279
-0.00033738052
-3.4008146e-05
-0.00032090161
0.0013009051
0.0043799341
0.0071133517
0.012701952
0.021642032
0.02446741
0.032277235
0.042960755
0.055460723
0.063088475
0.063300406
0.058872654
0.047681765
0.034489381
0.024454844
0.021377259
0.033770047
0.038650686
0.042070135
0.047752962
0.047420609
0.047221454
0.044165392
0.036616187
0.033395877
0.037587472
0.03382108
0.0317187
0.024640032
0.020392298
0.017766878
0.013388862
0.0091130443
0.0068033286
0.0088066558
0.0064045022
0.006583505
0.0044883097
0.0035843469
0.0056219584
0.0059618383
0.0080737175
0.008574037
0.0082735487
0.0069546507
0.009405091
0.010425398
0.0066631026
0.0069866341
0.0075973879
0.011778484
0.013285831
0.014171003
0.014529013
0.015707963
0.017481786
0.017277665
0.018108474
0.018775139
0.017866018
0.01729228
0.017631219
0.019080979
0.020982802
0.020883641
0.020744081
0.020895659
0.020413923
0.019361694
0.020045897
0.017135688
0.013601842
0.0095687173
0.0054219429
-0.00094195809
-0.0096959339
-0.019584361
-0.027252073
-0.030090077
-0.024804201
-0.021308003
-0.020297459
-0.020681505
-0.013704094
-0.0055388841
-0.011848968
-0.013622829
-0.015667136
-0.019114816
-0.018355737
-0.017805069
-0.014525164
-0.011710148
-0.0089365028
-0.0060439272
-0.0019891412
0.00065319208
0.00097562083
-0.001639577
-0.0035209399
-0.0031410019
-0.0021038489
-0.0012317433
-0.00090418953
-0.0017196681
-0.001415115
-0.0029983472
-0.0033041319
-0.0044580013
-0.004873458
-0.0061422917
-0.0053025244
-0.0059113044
-0.0061675067
-0.0023708796
-0.0029253599
-0.0040336032
-0.0049050274
-0.0039149228
-0.0015419841
-0.0017407968
-0.0017499102
-0.00040567908
-0.00045318139
-0.0012623626
-0.0014682974
-0.0021960795
-0.003489042
-0.0034404054
-0.0050344069
-0.0046368927
-0.0061222212
-0.0077035105
-0.0079539758
-0.0074604601
-0.004615761
-0.0061968893
-0.0040604122
-0.0045982531
-0.0053756543
-0.0025556299
-0.00066686046
0.0028107619
0.0034115952
0.0061357556
0.013239886
0.020486268
0.027132521
0.027248097
0.027201512
0.036313992
0.040940436
0.037731604
0.046878392
0.041726378
0.03466767
0.023262792
0.012771186
0.011732162
0.013908552
0.019700516
0.023258636
0.028879445
0.026954469
0.026765136
0.024389644
0.025207054
0.020392638
0.014617606
0.012088885
0.0096647851
0.011772632
0.0094993927
0.0059211286
0.0029445615
-0.00010873815
-0.00043463414
-0.0025999639
-0.0040065059
-0.0033820275
0.0010523647
-0.00075186722
-0.00055660029
0.00089368637
0.0025172801
0.0030623179
0.0026223448
0.0045632061
0.0041094067
0.0051255138
0.0038285262
0.0035392678
0.0021872475
0.0031104408
0.0058823083
0.0073252853
0.0072827363
0.0073481203
0.008254569
0.009994572
0.011655653
0.013014527
0.013215254
0.010996168
0.010529679
0.011260622
0.011292335
0.012485346
0.012976172
0.012058697
0.012681868
0.012875285
0.011873319
0.010136661
0.0083709178
0.004837763
0.00093072263
-0.0051105634
-0.012552847
-0.017765102
-0.025656939
-0.020984386
-0.013848085
-0.011789082
-0.0095420803
-0.011133544
-0.014182895
-0.0094134285
-0.0075326663
-0.011551605
-0.013684191
-0.016089853
-0.017789309
-0.016681265
-0.013698912
-0.011322097
-0.010239676
-0.0092605695
-0.0079451138
-0.004893922
-0.0032973527
-0.0037037267
-0.0033047182
-0.0045994447
-0.0059113271
-0.0055526777
-0.0028939416
-0.003333471
-0.0031153479
-0.0031916766
-0.0034160928
-0.0038323842
-0.0034631444
-0.0026584747
-0.0032795269
-0.0031245075
-0.004218448
-0.0048219051
-0.0018120426
-0.003941677
-0.0030818638
-0.0045886105
-0.0054888067
