0.00079717636
0.0012898562
0.0013938876
0.0015455524
0.00092974962
0.0027473158
0.0032620904
0.0034800021
0.002177623
-0.0009326362
-0.0038765832
-0.0061032619
-0.0063898243
-0.0075317758
-0.0073052208
-0.0059865571
-0.0047595022
-0.0047600895
-0.0048131467
-0.0048072153
-0.0053182907
-0.0061803407
-0.005695219
-0.0057866906
-0.0050701225
-0.004792915
-0.0054069521
-0.0054768908
-0.0048945891
-0.0040787003
-0.0040501554
-0.0035448243
-0.0045403703
-0.0045708437
-0.0044944721
-0.0052700878
-0.0049043948
-0.0050563026
-0.0039295163
-0.0039440328
-0.0023398335
-0.0013724813
-0.0011749079
-0.00076442669
-0.0012743529
-0.0024619906
-0.0036329032
-0.0048511324
-0.0048606362
-0.0051700699
-0.0035237362
-0.0025205626
-0.0011393713
-0.0023640488
-0.0032711054
-0.0049525192
-0.0046447185
-0.0062301637
-0.008123635
-0.0081819648
-0.0077919489
-0.0059711074
-0.0055714274
-0.0054413237
-0.0056311843
-0.0061401373
-0.0063450595
-0.0060095225
-0.0040577088
-0.0019299752
6.1149038e-05
0.0013699882
0.0039111298
0.0044660503
0.0030182393
0.002286582
0.0015595661
0.00099885832
0.0023860501
0.0023985626
0.0039925047
0.0051792535
0.0058929601
0.0067704127
0.0044203895
0.0051238482
0.0055125776
0.007559231
0.0084705155
0.0084398716
0.0073109258
0.0058446982
0.0043584974
0.0045575755
0.0049105731
0.0045210057
0.0035753354
0.0034584388
0.0039393448
0.0041938605
0.0046896286
0.0050996638
0.0051590398
0.0047134496
0.0050326374
0.0044900153
0.0042160555
0.0045374066
0.0045522879
0.005163906
0.0054389544
0.0050501797
0.0053404311
0.0053917737
0.0059676522
0.0076866767
0.010555468
0.01060828
0.015136173
0.013644862
0.012213173
0.011981164
0.0096395165
0.0095722572
0.0067489176
0.0059974858
0.0042059056
0.0024495844
-4.1472015e-05
-0.00083526275
-0.00064338295
0.0024141495
0.0015020222
0.0009948394
0.00084036592
0.0011302221
0.00041345171
0.00099660893
0.0023408197
0.0017586554
0.00075070259
0.00080557016
0.0010869082
0.0014967916
2.0650129e-05
0.00019463537
2.4747195e-05
2.0671181e-05
0.00024633799
0.0022945952
0.0026900598
0.0011087804
-0.00086124796
-0.0021146805
-0.0028251537
-0.0052879109
-0.0059928576
-0.0067972259
-0.0084243482
-0.0068675655
-0.0063320426
-0.0052112232
-0.0039248183
-0.0042796782
-0.0055637249
-0.0057922384
-0.0052226721
-0.0051832987
-0.0052280375
-0.0059439713
-0.0061560762
-0.0060308871
-0.0050730534
-0.004981806
-0.0054963455
-0.0057576842
-0.0060562348
-0.0060857732
-0.0059507003
-0.0057124699
-0.0053850909
-0.0047179043
-0.0031100825
-0.0010431424
-0.00095077748
-0.00019735274
0.0011637404
0.0016308432
0.0012475812
0.00065549056
-0.00039900554
-3.5033421e-05
-0.0010030136
-0.0023682446
-0.0016165075
0.00034208279
0.0013093355
0.00055758197
-0.0010914303
-0.0022633176
-0.0019184424
-0.0033257711
-0.0044698638
-0.0039549556
-0.0035730963
-0.0033598724
-0.0035567931
-0.0045532857
-0.0047779062
-0.00335048
-0.00225342
-0.0016389654
-0.00054271712
0.0014965921
0.0027250497
0.0041807193
0.0048898969
0.0027197996
0.0022423313
0.0022726373
0.0012304588
0.00083480119
0.0013903599
0.0034406547
0.0043460708
0.0055581435
0.0052771511
0.0040382058
0.0040704703
0.0040899559
0.0059977907
0.0058430368
0.0059955033
0.0056904942
0.0054086174
0.0037347016
0.0033375632
0.0024435566
0.0029061839
0.0028650585
0.002396894
0.002683241
0.0025640679
0.0028482142
0.0025912447
0.002712
0.0028891171
0.0027816207
0.0022882049
0.0020218026
0.002291384
0.0025017608
0.0030537946
0.0034785867
0.0036516279
0.0040599053
0.0049239145
0.0053885586
0.0063213221
0.0098326286
0.01184716
0.015968087
0.015398453
0.010185458
0.0086632354
0.0069693757
0.0055813525
0.0045084368
0.0036846765
0.0041574817
0.0024430945
0.00046254382
0.00027959622
-0.00038598577
0.00057955542
0.0012144995
0.00048975234
0.00091293265
0.00016060605
-0.00025185382
-0.0002001916
0.00023468384
0.00059325463
0.00080642959
0.0013017527
0.0008360383
0.0011579009
0.00063146507
-0.0016124745
-0.002077696
-0.0019347883
-0.0017892193
-0.00071521518
-0.00029647911
0.00081479974
-0.0010939976
-0.003260566
-0.0046933781
-0.0064337208
-0.0057646218
-0.0071498163
-0.0071299845
-0.0076518823
-0.0078215011
-0.00688246
-0.0055174098
-0.004252731
-0.0060205032
-0.0066661742
-0.0063681654
-0.0056269016
-0.0064453247
-0.0063242877
-0.006987017
-0.0087245527
-0.0098765143
-0.010544965
-0.010654022
-0.011481991
-0.011949381
-0.01185773
-0.012279715
-0.011459688
-0.010403527
-0.0089976057
-0.0075893531
-0.0050899162
-0.0028951118
-0.00045948166
0.00091167015
0.0018147786
0.0032483803
0.0041380441
0.0026346548
0.0021441998
0.00090361953
0.00010650931
-0.00058213976
0.00060340049
0.0026610212
0.0033424073
0.0031989771
0.00024765781
-0.00053526379
5.2464689e-05
-0.00038514046
-0.00081619089
-0.001360243
-0.0024650254
-0.0038756366
-0.0040847537
-0.004274088
-0.0035350863
-0.0014615775
-0.00016387378
-8.4337203e-05
0.00052434918
0.00076528788
0.00099401035
0.001184362
0.0007571485
0.0021611194
0.00086301462
-0.00055605079
-0.0010855781
-0.0025344935
-0.002165404
-5.7665376e-05
0.0015976669
0.0016485723
0.00016215825
-0.0011856828
0.0012639559
0.0023212447
0.0022874815
0.0020498716
0.0016403441
0.0024660819
0.0024435293
0.0013037592
0.00034605487
-0.00091122616
-0.00080120905
0.00020592812
0.00010600962
-0.00049046347
-0.00097624776
-0.0010673802
-5.4150762e-05
0.00027081765
0.00042108514
8.0056813e-05
-2.7764021e-05
0.00042601634
0.00030784344
2.074193e-05
0.00038126277
0.00061770017
0.0015672909
0.0021247323
0.0024918822
0.0034901461
0.0045895586
0.010999069
0.013574743
0.0096671202
0.0057293588
0.0041324933
0.0024497835
0.0025593327
0.0023875837
0.0042498158
0.0023109304
-0.00083203928
-0.0010814416
-0.0018082734
-0.00079904028
-0.0017864674
-0.0022327068
-0.0018558165
-0.001705431
-0.00089660784
-0.0017353729
-0.0013507033
-0.0016383133
-0.00092324438
-0.00087251342
-0.00054644334
-0.00043772515
-0.00035730654
-0.0011681618
-0.0014430108
-0.0035626777
-0.0038965388
-0.0040481396
-0.0042259341
-0.0045117097
-0.0037425356
-0.0020966243
-0.0041524041
-0.0068595961
-0.0089350946
-0.010736577
-0.010781001
-0.010981282
-0.011210051
-0.010148406
-0.0089742899
-0.0094036562
-0.0086106018
-0.0093100126
-0.0096550862
-0.0093902388
-0.0097342928
-0.01040163
-0.010499253
-0.011103552
-0.012454092
-0.01406094
-0.017840469
-0.018809807
-0.019945953
-0.020851386
-0.021486334
-0.021916599
-0.021322324
-0.020472239
-0.018838599
-0.014191457
-0.013534442
-0.010144386
-0.0045733258
-0.0019206871
0.00120873
0.0018314218
0.0027840663
0.0019777134
0.0024661084
0.0019638537
0.0013809664
0.00026893658
0.00085679122
0.0010881052
0.0017157279
0.0030376961
0.00230553
-0.0006119946
-0.00075273857
0.00027108098
7.2582411e-05
-0.0011056365
-0.0010403088
-0.003658128
-0.0038709701
-0.0031223905
-0.0044428722
-0.0059839562
-0.0030051369
-0.0010857625
-0.0028223381
-0.001974651
-0.0022696373
-0.001901131
-0.00039191874
-0.0030567985
-0.0045808955
-0.0056776156
-0.007177234
-0.0093827124
-0.0084607261
-0.0083661337
-0.0062893061
-0.0057441957
-0.0061757385
-0.0074845049
-0.006291338
-0.002672113
-0.001631904
-0.0018681659
-0.0027718917
-0.002129506
-0.0018299346
-0.0023158405
-0.0034628029
-0.0039925796
-0.0035950201
-0.0040420272
-0.0049955786
-0.00539446
-0.005012908
-0.0046424956
-0.0044381611
-0.0036074897
-0.0032389763
-0.0026430581
-0.0021223495
-0.0023519269
-0.0021459373
-0.0023526949
-0.0021133882
-0.0020018482
-0.0013683926
-0.00074202046
-0.00034547646
-0.00010382795
-0.00091637438
0.0027809863
0.0031966416
0.0013046248
-0.00012555915
-0.00071071393
-0.003079275
-0.0049764375
-0.0028106504
-8.9316814e-06
-0.0019827642
-0.001993017
-0.0038667799
-0.0058043542
-0.0064178179
-0.0051022362
-0.0054564341
-0.005808956
-0.0058613048
-0.0055239574
-0.0054110251
-0.0053028056
-0.0043626879
-0.0039347625
-0.0037675242
-0.003011584
-0.0030243431
-0.0027139754
-0.0027425395
-0.0029702735
-0.0033804161
-0.0060557859
-0.0062697246
-0.0066360818
-0.0071337128
-0.0074412065
-0.0072266301
-0.0080668101
-0.010430079
-0.012109938
-0.013586094
-0.011238056
-0.01343852
-0.015173422
-0.014304356
-0.01119471
-0.011688382
-0.012074978
-0.013054602
-0.01183626
-0.012166683
-0.013329046
-0.014143231
-0.015626313
-0.017130206
-0.017967759
-0.02041968
-0.021866931
-0.024300503
-0.028669198
-0.033483999
-0.034415879
-0.034874663
-0.034776796
-0.033195413
-0.029842997
-0.026862898
-0.025034984
-0.021229666
-0.016737171
-0.010627766
-0.0061460673
-0.0029885799
-0.0012834035
-0.0013681151
-0.0023199684
-0.0017648054
-0.00024146722
0.00013826838
0.0002902292
0.00094342781
-0.00031411173
-7.0408567e-05
-0.00049875852
-0.0022099226
-0.0036107548
-0.0033282464
-0.0030481535
-0.0016111948
0.00047855059
-0.0013459155
-0.0068493698
-0.0055235533
-0.0048784232
-0.004425886
-0.0038171352
-0.0035698223
-0.0032870921
-0.0038200499
-0.0035472447
-0.0040748611
-0.0034999776
-0.0041709748
-0.0070139013
-0.007913478
-0.0092361328
-0.011081512
-0.010836346
-0.012227956
-0.013173175
-0.010068032
-0.0095367648
-0.010276396
-0.010222802
-0.0091232488
-0.0077882255
-0.0076879197
-0.0067281276
-0.006342845
-0.0065914041
-0.0061106796
-0.0066765045
-0.0067687251
-0.0067410652
-0.0070680729
-0.0071668373
-0.0075325936
-0.0074659968
-0.0068678939
-0.0069281807
-0.0055096656
-0.0049687652
-0.0043273664
-0.0039120006
-0.0033128882
-0.0033737208
-0.0029751825
-0.0032649829
-0.0034739307
-0.0031779268
-0.0022813311
-0.0023023125
-0.0012818127
-0.0027105807
-0.0042088093
-0.0046022131
-0.0027849104
-0.0048497263
-0.0070295547
-0.0075601968
-0.010771636
-0.010499767
-0.0073650521
-0.0070506721
-0.0081394874
-0.0085663937
-0.0094613187
-0.011820588
-0.011504842
-0.009909654
-0.0095412978
-0.0095227623
-0.0089397007
-0.0081001354
-0.0084291923
-0.0075798991
-0.0068962784
-0.0059562521
-0.005596285
-0.0050867607
-0.0052016752
-0.0054253335
-0.0059642927
-0.0055126278
-0.0057028956
-0.0076100102
-0.0077114895
-0.0082192919
-0.0084061213
-0.0096263103
-0.0094246505
-0.013358613
-0.014494178
-0.014372159
-0.013492984
-0.010803491
-0.014578232
-0.01443815
-0.013464493
-0.01131087
-0.012201187
-0.012567928
-0.012253418
-0.012960513
-0.014830628
-0.015775179
-0.017256443
-0.019491463
-0.019280781
-0.022477492
-0.023473406
-0.024081409
-0.029059825
-0.033327502
-0.038434688
-0.039891429
-0.043655232
-0.045971799
-0.045193181
-0.044380707
-0.042670161
-0.041819382
-0.034939273
-0.027308214
-0.022251227
-0.016713446
-0.01152336
-0.0087552542
-0.0066730257
-0.0062253053
-0.0049617726
-0.0046869359
-0.0030508806
-0.002668758
-0.0020950489
-0.0023519369
-0.0045230224
-0.0054585612
-0.0067120146
-0.0074991256
-0.0085082515
-0.0059484339
-0.0080839747
-0.0015290856
-0.0053934769
-0.0093818498
-0.0021204356
0.0028614192
0.0016138999
0.0010070218
0.00083108936
0.0013023089
-0.0022183067
-0.0048095039
-0.0025656023
-0.0020398146
-0.0012003573
-0.0032278549
-0.0031003446
-0.0042499849
-0.0076793914
-0.0077983042
-0.0086006334
-0.0091996639
-0.0070492211
-0.0078341475
-0.0081515013
-0.0084702744
-0.0076900952
-0.0069912388
-0.0067353528
-0.0059899182
-0.0057222202
-0.0057877834
-0.0053073054
-0.0053900768
-0.0049465149
-0.0054263719
-0.0054405509
-0.0059126865
-0.0055616581
-0.0061435424
-0.0062143328
-0.005578706
-0.0045180812
-0.003506399
-0.0025575639
-0.0019248349
-0.0016161898
-0.0015015141
-0.0013116245
-0.0017321356
-0.0017895985
-0.0024160075
-0.0020126938
-0.0023670092
-0.0036686162
-0.0073279145
-0.0083238869
-0.0079868495
-0.0066392973
-0.0089737125
-0.011623887
-0.011423623
-0.012282133
-0.010558341
-0.010694395
-0.010642739
-0.01137779
-0.011410169
-0.013995946
-0.015945537
-0.01595546
-0.01499397
-0.012619879
-0.011267483
-0.010085873
-0.0091875883
-0.0073721571
-0.0072997511
-0.0066911002
-0.0063174933
-0.0057790158
-0.0062742433
-0.0066690986
-0.0070046021
-0.0069614721
-0.007031863
-0.0067824857
-0.0074919059
-0.0074198792
-0.0080454338
-0.0089784162
-0.010324874
-0.011781889
-0.013865422
-0.014872012
-0.015490013
-0.012449419
-0.011439419
-0.012806775
-0.012413213
-0.012893766
-0.01121616
-0.011404829
-0.010889993
-0.011370122
-0.012445201
-0.013403521
-0.014430636
-0.015776487
-0.015668408
-0.017200522
-0.017764176
-0.024256672
-0.02766473
-0.030660532
-0.034443669
-0.041587786
-0.050096491
-0.053463503
-0.059753194
-0.060964526
-0.05923579
-0.062732857
-0.059316083
-0.056000862
-0.049479272
-0.043199859
-0.03604317
-0.022256505
-0.022065128
-0.021170346
-0.018864651
-0.015423273
-0.016377267
-0.012094979
-0.011461247
-0.0094891085
-0.011003039
-0.01178716
-0.0094725793
-0.0092726408
-0.012006596
-0.012109813
-0.0079195817
-0.003523991
0.0057831939
0.0024338931
-0.0038755153
-0.00089347542
0.0037480484
0.0031746455
0.010146508
0.007514678
0.0082536169
0.0061742727
0.0043478935
0.0063452668
0.0051111627
0.0084626634
0.0066295461
0.0055561148
0.0040239249
0.0025041463
0.0022936355
0.0020766187
0.0012322041
0.0010041571
0.00059764722
-0.0011708298
-0.0011856393
-0.001223293
-0.00072446805
-0.00041910366
-0.0012510088
-0.0013125879
-0.0010536827
-0.00077032643
-0.0010955023
-0.0016061285
-0.0012357802
-0.0017098491
-0.0022062694
-0.0019274318
-0.001934125
-0.0020273127
-0.0015098096
-0.00060429338
-7.0054074e-05
0.00041037365
0.00022503776
0.00044280164
0.00031264204
2.8864548e-08
-0.00026293022
-0.00047672858
-0.0012499563
-0.0012973128
-0.0024920236
-0.004322191
-0.011921861
-0.010561761
-0.0068771535
-0.0083136031
-0.011221559
-0.011536526
-0.011590866
-0.015138444
-0.012472843
-0.013926177
-0.013976825
-0.015144317
-0.015291862
-0.015889944
-0.015340458
-0.015204713
-0.014394247
-0.011478735
-0.0091362477
-0.0052335273
-0.0044948199
-0.0048046654
-0.0053476678
-0.0046683922
-0.0053542637
-0.0056133371
-0.0060713881
-0.006148261
-0.0066427895
-0.0066968984
-0.0069967027
-0.0068880511
-0.0074352532
-0.0078126175
-0.0099481623
-0.010596099
-0.011933903
-0.014169446
-0.018032621
-0.013024392
-0.013199747
-0.011039277
-0.01251306
-0.012790409
-0.014073175
-0.012445707
-0.0074440777
-0.0067919863
-0.0080123876
-0.0092384618
-0.010561499
-0.011391261
-0.013136578
-0.016129147
-0.015261021
-0.013424428
-0.017199266
-0.025752794
-0.029095693
-0.031905336
-0.036936759
-0.046388454
-0.056174674
-0.062505986
-0.065094028
-0.068467097
-0.067429013
-0.067069474
-0.064708713
-0.058327133
-0.053908294
-0.052482845
-0.04294286
-0.030767038
-0.038737217
-0.039440186
-0.039444115
-0.032594385
-0.030087839
-0.025157398
-0.016776907
-0.019150671
-0.015366753
-0.018561408
-0.017952752
-0.013784741
-0.016727833
-0.0036837847
0.00041716333
0.0032725223
0.0071732255
0.01122528
0.015090972
0.012128069
0.018365871
0.01589994
0.017555011
0.014816646
0.014534612
0.013163247
0.013588904
0.016131436
0.015584532
0.014409284
0.01514966
0.012550492
0.01109918
0.01023826
0.0089210658
0.0069652242
0.0066682287
0.0042970819
0.0046111312
0.0040427895
0.0044724603
0.0053913521
0.0052163193
0.0037786865
0.0032444491
0.0022409126
0.0024156947
0.0021193798
0.0022658631
0.0018219944
0.0018108644
0.0013410515
0.0015427642
0.00089602653
0.000829364
0.00071060944
0.0019850504
0.001750959
0.0015811064
0.0010827952
0.0011661173
0.0011206209
0.0012929454
0.00036584347
0.00045388946
-0.000450567
-0.0008470628
-0.0023139621
-0.0034438099
-0.006212593
-0.01358445
-0.010782579
-0.0074373481
-0.0076667571
-0.0084018151
-0.012984634
-0.013389705
-0.014776815
-0.013850598
-0.013095527
-0.01298027
-0.013845975
-0.014847228
-0.013165974
-0.012392969
-0.0087592006
-0.0080705671
-0.0054331023
-0.0040005716
-0.0028100978
-0.0028752823
-0.0030766265
-0.004513706
-0.0043147921
-0.004565073
-0.0055201605
-0.0058550021
-0.0060511064
-0.0061851044
-0.005770007
-0.0060668832
-0.0062432626
-0.0078853581
-0.0084884544
-0.011237725
-0.010826725
-0.012401526
-0.01656814
-0.015834797
-0.014295841
-0.01265402
-0.010617188
-0.012524913
-0.013462251
-0.012964541
-0.013558923
-0.0053487589
-0.0018199631
-0.0063057035
-0.0088894313
-0.0093869589
-0.01023968
-0.011870588
-0.017340911
-0.018120629
-0.016778333
-0.01856534
-0.024125151
-0.028486405
-0.035195419
-0.045040576
-0.054608257
-0.062127205
-0.067710975
-0.070978141
-0.07265108
-0.071343271
-0.067640172
-0.063990364
-0.056887264
-0.052949797
-0.051599934
-0.036958006
-0.038727625
-0.039992422
-0.044737749
-0.043430304
-0.038633173
-0.024347006
-0.022608806
-0.020701137
-0.018305026
-0.015516603
-0.019333983
-0.017019262
-0.0082051488
-0.0080805298
0.0018396489
0.0087680076
0.01464048
0.019675714
0.02442336
0.026212447
0.029843294
0.028224691
0.027649066
0.025322176
0.021955084
0.018921273
0.019284841
0.020119665
0.020686168
0.019584927
0.018970618
0.01784057
0.017419102
0.014395622
0.012677373
0.012703903
0.01122113
0.008010723
0.0069310453
0.0056807723
0.0058922791
0.0049235016
0.006175104
0.0061339367
0.0058707762
0.0046166778
0.0040440189
0.0039780453
0.0034755637
0.0022025342
0.0018303904
0.002183714
0.0027314682
0.0025926044
0.0021780882
0.0023237968
0.0023856941
0.001368608
0.0016856069
0.001211914
0.00086766828
0.00079636179
0.00077726453
-2.2150954e-05
-0.00029317462
-0.0007396291
-0.0013712283
-0.0030997825
-0.0036975268
-0.0055742341
-0.0075634456
-0.014998835
-0.011915456
-0.0075548816
-0.0077318287
-0.0077188028
-0.011753953
-0.013126816
-0.014201432
-0.011554779
-0.0090963359
-0.0085757518
-0.010909972
-0.01144745
-0.0062251144
-0.0057090259
-0.0048587423
-0.0029994349
-0.001855757
-0.0024270792
-0.0021067468
-0.0033287309
-0.003322179
-0.0043239899
-0.0044893927
-0.0054870592
-0.0059196776
-0.0059720847
-0.0063825498
-0.0061191102
-0.0060653321
-0.0062032532
-0.0070922636
-0.0089044879
-0.012541318
-0.013988213
-0.013656306
-0.012429741
-0.014173229
-0.012385496
-0.010291698
-0.011658
-0.010304755
-0.013033632
-0.015828864
-0.016128383
-0.012039989
-0.00050554238
-0.0023172984
-0.0074179652
-0.010296665
-0.011440167
-0.011768529
-0.013556127
-0.017562074
-0.02138554
-0.023463566
-0.025141876
-0.03025145
-0.036924424
-0.04263045
-0.051460939
-0.053776041
-0.057416369
-0.059654755
-0.063275547
-0.062911978
-0.060055397
-0.055829331
-0.048749555
-0.043584755
-0.043055742
-0.039639069
-0.03303929
-0.028837379
-0.025550321
-0.026855744
-0.027542536
-0.027972971
-0.010495912
-0.006377346
-0.0042903343
-0.00069025374
-0.00072438669
-0.0086190468
0.0013350489
0.0079772802
0.013398036
0.017889485
0.024509333
0.029194333
0.032326751
0.036811293
0.039641317
0.03856762
0.037308396
0.03237468
0.030038542
0.028733065
0.026337031
0.025776294
0.025291627
0.025524436
0.02445235
0.024977105
0.022634621
0.022488786
0.021137302
0.021592976
0.018549226
0.015596586
0.014371174
0.010721093
0.0075292781
0.009095763
0.0078309831
0.0070371389
0.0074459538
0.0080300787
0.0078097923
0.0073731008
0.0062737564
0.0057982054
0.0043293932
0.0039115155
0.0043356998
0.004193
0.0060187406
0.0046061792
0.0040911822
0.0035826725
0.0029352448
0.0024768345
0.0020130897
0.0023081884
0.0014300929
0.0015246199
0.00081006317
-0.0010417784
-0.0011701252
-0.0016405577
-0.0032907199
-0.0034569515
-0.0055952241
-0.010973753
-0.015904954
-0.012523612
-0.011554078
-0.0087306738
-0.0066846247
-0.0088249602
-0.011339974
-0.010101377
-0.01017049
-0.0049828073
-0.0067100727
-0.004621755
-0.0032030997
-0.0025308889
-0.00219755
-0.0010878998
-0.0022950359
-0.0029322904
-0.00435276
-0.0051596042
-0.0060214516
-0.0052527826
-0.0057479293
-0.0073537573
-0.007499729
-0.0061588122
-0.0056038738
-0.0043489394
-0.0051593964
-0.0062526544
-0.0066825101
-0.0058671102
-0.011196106
-0.016339841
-0.017932887
-0.011098191
-0.012990706
-0.014796034
-0.014174975
-0.011558105
-0.014811192
-0.015490685
-0.014844107
-0.016479775
-0.018743732
-0.0079905297
-0.002998482
-0.003833604
-0.0049759466
-0.0097940372
-0.011396984
-0.012895549
-0.01582426
-0.020049374
-0.026019872
-0.032348225
-0.036463743
-0.039884554
-0.043002268
-0.047313449
-0.050438863
-0.048872277
-0.047854966
-0.044558731
-0.043379266
-0.044642371
-0.045069875
-0.038502446
-0.027762409
-0.018055277
-0.024319279
-0.023989736
-0.014925137
-0.0091395696
-0.0040830886
-0.0031097131
0.00019305634
0.0036360801
0.010077557
0.01772563
0.021510533
0.020299315
0.022911274
0.022351421
0.026607266
0.034384125
0.038877988
0.040952274
0.043960393
0.045292416
0.045835728
0.04437612
0.045972115
0.042568076
0.038496858
0.036728071
0.037799931
0.03432758
0.031668297
0.032573787
0.032257588
0.032257657
0.033589451
0.032600607
0.032476385
0.031155096
0.030863103
0.030734767
0.026300002
0.024771071
0.02268511
0.019917486
0.014357919
0.013514778
0.014666233
0.013089339
0.012126657
0.010625605
0.010195541
0.0096646262
0.010479771
0.0089077178
0.0090670235
0.0070572617
0.0059834439
0.00733734
0.0082866043
0.0075739286
0.005885153
0.0036563791
0.0042898185
0.0041819823
0.0032185883
0.0030640435
0.0039804049
0.0028470864
0.002100208
0.0020530625
0.0016086424
-0.00079355454
-0.0039013491
-0.0061702061
-0.008872286
-0.0087790305
-0.0062121942
0.0039668451
-0.0084056979
-0.0081210377
-0.0024135227
-0.0071722653
-0.0084896519
-0.0079686158
-0.0073351477
-0.0052728036
-0.0039047119
-0.0018550754
0.0023992635
0.0017847774
-0.0014726568
-0.002057643
-0.0028647784
-0.006469933
-0.0058760442
-0.0068517695
-0.008440981
-0.010052979
-0.0074214622
-0.010253662
-0.0094503226
-0.010256877
-0.0091134974
-0.0093991348
-0.0095314337
-0.0099169821
-0.010766262
-0.010794943
-0.011181349
-0.011494904
-0.012184524
-0.011148244
-0.012835241
-0.011168542
-0.0086526551
-0.011973374
-0.013369828
-0.013285183
-0.014697146
-0.013488027
-0.014580813
-0.0076083598
-0.0087313096
-0.0062763086
-0.0042542731
-0.0076067481
-0.011027734
-0.01288923
-0.016728347
-0.021701137
-0.026738619
-0.033253677
-0.039201658
-0.043423378
-0.046297481
-0.048606937
-0.04681405
-0.0414586
-0.033088106
-0.025933457
-0.032209357
-0.029621381
-0.027839189
-0.021251999
-0.011216752
-0.00028983961
0.0021372105
-4.1345897e-05
0.0082754438
0.022643097
0.03053676
0.035599606
0.039587694
0.040269631
0.046904874
0.049983212
0.049026762
0.038923629
0.042872806
0.053450697
0.058058794
0.0603745
0.063439596
0.063300232
0.063715818
0.061891612
0.0600749
0.058259622
0.053738055
0.047283014
0.04329164
0.041622301
0.041365961
0.040062001
0.0380656
0.038727404
0.039349456
0.037301658
0.037066061
0.040199177
0.041051672
0.036769505
0.03731961
0.03646819
0.033077119
0.031255214
0.031760665
0.028601473
0.026531419
0.026065375
0.025454037
0.023861273
0.019975787
0.020911627
0.020063878
0.019258621
0.02191663
0.021207836
0.019477179
0.017579732
0.013983746
0.014915537
0.017901567
0.015991601
0.015576365
0.014052193
0.01477769
0.015050338
0.014213379
0.010717258
0.010227879
0.012184121
0.013764361
0.014288324
0.012433995
0.012291144
0.0070039005
-0.0021333569
-0.0075344924
-0.0057222878
0.0024244759
0.0068587546
-0.0017139833
-0.0063733832
-0.0028559403
-0.0020592277
-0.0043133449
-0.0034427861
-0.0021593545
-3.2553274e-05
0.0020966632
0.005599883
0.0063579897
0.0068594671
0.0032619226
0.00053358261
0.00073587083
-0.0046271073
-0.0041539544
-0.0063893779
-0.0065554318
-0.0073400252
-0.0075429704
-0.0079477916
-0.010701061
-0.011105415
-0.0095346196
-0.0096176896
-0.0093726598
-0.0116852
-0.012162674
-0.011569254
-0.0070341953
-0.0089111511
-0.0072776971
-0.0068905576
-0.008733238
-0.0089420905
-0.009507781
-0.0098550946
-0.0079658492
-0.011006764
-0.012771047
-0.011730158
-0.010162192
-0.01122772
-0.013600527
-0.011761552
-0.0088421971
-0.0080663662
-0.0090780691
-0.0079855289
-0.011293945
-0.015169228
-0.021599111
-0.026496107
-0.031762437
-0.039276393
-0.044941912
-0.046467162
-0.042354319
-0.029569709
-0.014481249
-0.01689714
-0.018429294
-0.010029458
0.00081375161
0.009881304
0.022618143
0.031340329
0.040424507
0.036926673
0.038356334
0.049064156
0.047099354
0.053864225
0.063084426
0.0731167
0.079115521
0.074271207
0.068393784
0.059776882
0.065506825
0.081155597
0.079607278
0.075922417
0.074500979
0.072051873
0.0668469
0.061969269
0.058970667
0.056741969
0.051738962
0.048259088
0.045340924
0.040196647
0.037682196
0.033820971
0.031579829
0.033967483
0.032473756
0.03319736
0.033001105
0.034493487
0.034214102
0.032921717
0.032662395
0.032724945
0.031523575
0.032289702
0.032619502
0.029970626
0.030114355
0.028570483
0.028857224
0.027741128
0.031143182
0.034056687
0.032079366
0.036757839
0.035455853
0.03411791
0.035211031
0.035263473
0.031330279
0.029623154
0.0316198
0.03375572
0.030392903
0.025386719
0.02013643
0.019135106
0.015387339
0.009031628
0.0090243143
0.0062579177
0.0016331358
-0.00071785817
-0.0068253553
-0.010543117
-0.0092014781
-0.011507049
-0.0090902406
0.0091788079
0.014325044
0.0037035707
-0.0056711065
-0.0047103967
-0.0051886443
-0.0063924161
-0.0021440601
0.0013661848
0.0029420576
0.0017513152
0.0027929639
0.002332242
0.005050447
0.0044368155
0.0042367756
0.0014522393
0.00087915558
0.00042285604
-0.0038661401
-0.0039747946
-0.0011896764
-0.0036982977
-0.0065010857
-0.0081184985
-0.0092973376
-0.009288006
-0.0069275105
-0.0058385853
-0.0074930114
-0.011462572
-0.011303963
-0.0094808478
-0.0086109578
-0.0069679385
-0.0065577285
-0.0070785921
-0.0079312056
-0.0081704766
-0.0085837441
-0.0048337781
-0.0054321213
-0.0074686535
-0.0091845379
-0.011726038
-0.013579996
-0.013333607
-0.015911318
-0.0099446933
-0.0099591319
-0.0058924365
-0.0023861804
-0.0036694568
-0.0060807279
-0.0095612258
-0.01447979
-0.017293768
-0.021103726
-0.025528718
-0.029845382
-0.032666201
-0.028877102
-0.0082343665
0.0035216314
-0.0011873624
0.014068175
0.024960765
0.034055277
0.042603344
0.050454846
0.054625827
0.062373897
0.056534421
0.040891418
0.039235596
0.042961565
0.047511409
0.062872658
0.075824767
0.084599177
0.087713832
0.073471601
0.059573834
0.07214567
0.081538713
0.078186339
0.071010513
0.064418928
0.059841768
0.055859919
0.04856527
0.043964634
0.041915506
0.035914121
0.033696558
0.030418888
0.028686593
0.025311144
0.024772587
0.023521704
0.024346391
0.021265898
0.02058841
0.022231757
0.024646816
0.024608859
0.024469154
0.026030183
0.025234507
0.024199442
0.024753169
0.023741354
0.02194313
0.020483473
0.02029985
0.022897985
0.025708702
0.027046126
0.031837227
0.033741291
0.03375984
0.037991528
0.037811624
0.041262092
0.038679863
0.041136649
0.040740615
0.042356944
0.042643346
0.039094513
0.032799277
0.025771733
0.015715626
0.0065894557
-0.0045431881
-0.0083325612
-0.0089897954
-0.011288075
-0.016907219
-0.019191785
-0.020501326
-0.024409897
-0.025642549
-0.0017798414
0.0088854593
0.0016465029
-0.0060633962
-0.0147216
-0.015007434
-0.011534828
-0.0073068103
-0.0044248589
-8.3234183e-05
0.0012408635
0.001521241
0.00018188919
-0.0024362752
-0.0037544977
-0.0027833667
-0.0016218491
-0.0019945616
-0.0022399197
0.00023099169
-0.00070575632
-0.002366304
-0.002134307
-0.0043995391
-0.0074636676
-0.0072132065
-0.0082446416
-0.0052188568
-0.0047032007
-0.0041506467
-0.0067098198
-0.0084663428
-0.0095603657
-0.0064101738
-0.0070783296
-0.007106352
-0.0073394617
-0.0061049552
-0.0076190031
-0.0080781372
-0.0079904092
-0.0064362048
-0.0068751539
-0.0085741167
-0.010087393
-0.011272555
-0.014525701
-0.012992321
-0.012870969
-0.0069125219
-0.0051372291
-0.0051373975
-0.0035405886
-0.0021080247
-0.0014105541
-0.0032356742
-0.0052628896
-0.0080118221
-0.010620637
-0.013948709
-0.015714432
-0.014654517
-0.010623217
0.0086771444
0.015487457
0.022200227
0.038113252
0.050448149
0.057706281
0.063139091
0.063821772
0.06209075
0.06281914
0.046588899
0.033992805
0.03790634
0.043723961
0.049629826
0.060639087
0.064679025
0.06802314
0.069711936
0.058723293
0.054738046
0.06393885
0.064929178
0.059697437
0.049808322
0.046840364
0.039640217
0.030716657
0.023816141
0.023366046
0.021941591
0.018962785
0.019451449
0.017656126
0.013734483
0.015071888
0.015026926
0.018122958
0.014916929
0.014346087
0.014154463
0.01446194
0.01439356
0.013815267
0.014591258
0.015129332
0.019341006
0.018922375
0.019200315
0.019857092
0.021063493
0.018054214
0.020679656
0.021909033
0.023351225
0.023535815
0.024859389
0.025478315
0.027582883
0.029628339
0.030445664
0.028979763
0.029140294
0.029202351
0.030010811
0.031999913
0.034007341
0.033330639
0.025957972
0.018502796
0.0085664779
-0.0032122359
-0.013489072
-0.018738255
-0.02132361
-0.022310889
-0.03022861
-0.031976123
-0.027856697
-0.021192368
-0.015278792
-0.00110126
-0.0018826684
-0.0063432756
-0.010471079
-0.014848197
-0.015953161
-0.016273543
-0.01175668
-0.0083418171
-0.0034375903
-1.4463904e-05
-0.0013429667
-0.002156489
-0.0028796983
-0.0047053585
-0.0040669024
-0.0029926579
-0.0021701594
-0.00093747839
-0.00032075536
0.0013360298
-5.3510608e-05
-0.0041103527
-0.0055820836
-0.0075506639
-0.0071568404
-0.0088420748
-0.0078035155
-0.0057804637
-0.0018790651
-0.004856776
-0.0067840889
-0.0072712471
-0.0084689748
-0.0049960329
-0.0036188744
-0.0030564281
-0.0021773708
-0.0035747457
-0.0025546957
-0.0039532836
-0.0044829564
-0.0038846633
-0.0059402157
-0.006244651
-0.0083139226
-0.0096431766
-0.0099826374
-0.0077456507
-0.0060664974
-0.0037063008
-0.0025492082
-0.0023502809
-0.0030979739
-0.0021111569
4.3475192e-05
-0.00084959926
-0.0017767597
-0.0032452608
-0.0028280366
-0.0011905361
0.0004390373
0.0066730541
0.016465978
0.020980842
0.030503649
0.040875337
0.052285385
0.057713853
0.058550508
0.054397158
0.047415015
0.03665109
0.027481299
0.025106367
0.035476628
0.037685883
0.040872027
0.04661868
0.045565277
0.046342508
0.043993509
0.037400358
0.03564111
0.039792677
0.037016806
0.035480492
0.027743105
0.021646786
0.01682999
0.010774526
0.0049046734
0.0024519497
0.0036740585
0.0021022298
0.0034953232
0.0019987532
0.0021651847
0.0049015195
0.0071102166
0.0094735521
0.010861174
0.011095498
0.009024759
0.0095221967
0.0091404405
0.0057915534
0.0060117178
0.0070358172
0.010863752
0.01261952
0.013473246
0.013653511
0.014376177
0.016571894
0.016776719
0.017270175
0.018230891
0.017822085
0.01765193
0.017710202
0.019128627
0.020532045
0.019637823
0.018579675
0.018025615
0.018558642
0.017937083
0.018243816
0.015689489
0.012132657
0.0072179414
0.0016139101
-0.0058138469
-0.015733377
-0.023638179
-0.030410837
-0.031778339
-0.025107013
-0.021841766
-0.020478179
-0.020724955
-0.012730195
-0.0047140772
-0.0088938959
-0.0096842887
-0.011188296
-0.015692853
-0.016146347
-0.017399661
-0.014730483
-0.012432869
-0.009406589
-0.0059664328
-0.0012468097
0.0028747502
0.0027513977
0.00020893198
-0.0023191195
-0.0024911665
-0.0015076267
-0.0016907844
-0.001389981
-0.0018611772
-0.0004353854
-0.0014459415
-0.002296273
-0.0031232304
-0.0038908935
-0.0058693447
-0.005421327
-0.0060466232
-0.0052219659
-0.0020382005
-0.0028677066
-0.0053056461
-0.0062257555
-0.0054824051
-0.0017418174
-0.0015252697
-0.002155525
-0.00083760924
-0.0014045139
-0.0013190749
-0.00098922031
-0.0009396368
-0.0027239583
-0.0026393871
-0.0041542995
-0.0033422858
-0.0047191115
-0.0064654112
-0.0067321475
-0.0055414965
-0.0034128658
-0.0046208564
-0.0028222974
-0.0040109518
-0.0043310057
-0.0024518734
-0.0016882063
0.00075695382
0.00061995381
0.0026118735
0.0083344985
0.013762018
0.019673213
0.021886043
0.024375134
0.033700443
0.03844691
0.035674724
0.043787423
0.037874321
0.031691006
0.024051865
0.014523145
0.01440355
0.016659926
0.020645843
0.024372758
0.02928588
0.027239897
0.026323852
0.023441756
0.02418163
0.019929926
0.016614063
0.014249458
0.013047182
0.015308213
0.014111549
0.0092222349
0.0046431024
0.00043355478
-0.002162584
-0.0050927491
-0.0073730664
-0.007112453
-0.0020764911
-0.0037081396
-0.0025690828
-0.00072512656
0.0019547617
0.0040819147
0.0054203028
0.0073303486
0.0051366321
0.0050791309
0.0033462311
0.0023403723
0.0010701164
0.0031201592
0.0052983204
0.0073037932
0.008600563
0.0081464561
0.0078692113
0.0091106566
0.011999611
0.013946657
0.013011069
0.010280384
0.010298154
0.010896313
0.010833668
0.011391164
0.011179729
0.0098568283
0.010533703
0.011317203
0.01057875
0.0086978652
0.0068668732
0.0033132708
-0.00083950308
-0.0070026936
-0.016007095
-0.02191686
-0.029292201
-0.022705328
-0.014807429
-0.0117494
-0.011371377
-0.012732105
-0.015395367
-0.010366363
-0.0092906082
-0.011294266
-0.011246275
-0.012993107
-0.013945507
-0.013483259
-0.012634294
-0.010462463
-0.0097263258
-0.0085590419
-0.006584473
-0.0026595045
0.00040818692
-0.00025097879
-0.00072066568
-0.00216791
-0.0039870304
-0.0057781099
-0.0034770662
-0.0035280621
-0.0028108696
-0.0022453987
-0.0012665163
-0.0014783722
-0.0016407075
-0.0011474118
-0.0024127468
-0.0025078827
-0.0038068709
-0.0050550261
-0.0031158062
-0.0043186761
-0.0040945452
-0.0049995697
-0.0060261188
