0.0008805219
0.0014870097
0.0017843905
0.0021580151
0.0019004941
0.0046311203
0.0066013359
0.0066473818
0.0044229186
0.00031865915
-0.0029159148
-0.0057896039
-0.0065401005
-0.007767384
-0.0076658194
-0.006684517
-0.0058514033
-0.0053599036
-0.0052666592
-0.0056793738
-0.0061548343
-0.006850617
-0.0062640187
-0.0066224354
-0.0058428638
-0.0055093536
-0.0062017831
-0.0064189757
-0.0057825338
-0.0048441644
-0.0046918802
-0.0039178648
-0.0047346119
-0.0046417478
-0.00428451
-0.005295192
-0.0050162498
-0.0051208211
-0.0041666586
-0.0041312275
-0.0024230586
-0.0014772499
-0.0015392512
-0.0014037641
-0.001924816
-0.0033867549
-0.004573122
-0.0063684275
-0.0070997584
-0.0072362095
-0.0051241908
-0.003011085
-0.0011451056
-0.0018880407
-0.0027372072
-0.00462817
-0.0046268565
-0.0067004505
-0.0087892623
-0.0087283631
-0.0085198561
-0.0071306412
-0.0065649432
-0.0063300992
-0.0063658993
-0.0070544044
-0.0072633944
-0.0070851377
-0.0048502709
-0.0020958802
0.00027062273
0.0017807072
0.0043979799
0.0050170844
0.0031713778
0.0023274597
0.0011943121
0.00014300322
0.0021430365
0.0022255321
0.0042265125
0.0059363252
0.0071076961
0.0085413805
0.0063504202
0.0060143543
0.0062298457
0.0078479101
0.009196434
0.0099225307
0.0090078743
0.0078838952
0.0059826112
0.0056033815
0.0056613687
0.0053097656
0.0041296739
0.0041202721
0.0045110957
0.0044088071
0.0047840139
0.0051777313
0.0052371816
0.0050610178
0.0053991683
0.0049205988
0.0046494819
0.0051585042
0.0050425848
0.0056656218
0.005871615
0.0054992293
0.0054958286
0.0056351967
0.0062596014
0.008259677
0.011387292
0.011799091
0.017449744
0.015859986
0.014003909
0.014240321
0.011597909
0.012050243
0.0089126827
0.00741534
0.0050265386
0.002698546
-0.00065975011
-0.0014863389
-0.0014421948
0.0018661829
0.00092223724
0.00044709404
0.00050635458
0.00080020814
0.0001944056
0.00074763531
0.0019513469
0.0016363973
0.00095849816
0.00064804533
0.00094843632
0.0014735075
-0.0001972102
0.00023143187
9.1538023e-05
0.00061280633
0.00087344781
0.0044634099
0.0062145593
0.0034450947
0.00086934317
-0.00074055183
-0.0016145395
-0.0046213355
-0.0059051969
-0.0064324086
-0.0085100825
-0.0079561669
-0.0075448239
-0.0059088708
-0.0045831405
-0.0049214693
-0.00616977
-0.0067479746
-0.0060253859
-0.0058146531
-0.0058021272
-0.0065867977
-0.0071189973
-0.0072970561
-0.0064482171
-0.0058794954
-0.0060293808
-0.006116674
-0.0063798959
-0.0062444646
-0.0060001798
-0.0058764878
-0.0054832511
-0.0047075807
-0.0031822842
-0.0011565012
-0.0010864954
-0.00067458274
0.00039236753
0.0007657573
0.00042307108
-6.1477119e-05
-0.0013680483
-0.0012403627
-0.0024704213
-0.00403678
-0.0031661367
-0.00021650382
0.0019621626
0.001087498
-0.00078260614
-0.0024590081
-0.0024667323
-0.0039461732
-0.0050924385
-0.0049555076
-0.0046317239
-0.0044064943
-0.004111062
-0.0053255883
-0.0057155705
-0.0043869978
-0.003126784
-0.0020919226
-0.00062778617
0.0015834538
0.0034977711
0.0049889543
0.0061152709
0.0038889147
0.0025613451
0.0023085003
0.0010512386
0.00077704288
0.0017758967
0.0039577575
0.0051059321
0.0066484229
0.0066084562
0.0050643752
0.0043342223
0.0039804585
0.0056877296
0.0060063792
0.0066987853
0.0065523035
0.0064897054
0.0049911105
0.0046605424
0.0035394817
0.00378201
0.0037594299
0.0029542126
0.0031888201
0.0028476115
0.0029350326
0.0024151318
0.0026355126
0.0028446488
0.0028523378
0.0022837078
0.0021457017
0.0023408315
0.0025804395
0.0031116997
0.0035514747
0.0037711259
0.0039724896
0.0047048199
0.0052498086
0.00625003
0.010018657
0.012372461
0.017126963
0.017002371
0.012235151
0.010689327
0.0087808846
0.007601612
0.0060701658
0.0048853353
0.0045007618
0.0023688023
-0.00049124129
-0.0011706218
-0.0013708624
-0.00044321195
0.00017183359
-0.00041645284
-8.1852182e-05
-0.00082103324
-0.0005339283
-0.00038659578
0.00010649343
0.00051064603
0.00076316805
0.0012243517
0.00079648494
0.0010159706
0.00046489624
-0.0019591041
-0.0023018788
-0.0020630173
-0.0016682922
-0.00041627159
0.0014618926
0.0037018718
0.00057853978
-0.0019831378
-0.0035361693
-0.0060840589
-0.005522545
-0.0073571804
-0.00748028
-0.0079544094
-0.0082386449
-0.0071435523
-0.0054788439
-0.0046963655
-0.0067197384
-0.0072309465
-0.0067097053
-0.0062443615
-0.0070531094
-0.0069095783
-0.007668431
-0.009960576
-0.010935434
-0.011632791
-0.011380184
-0.012063931
-0.012738807
-0.012588388
-0.012196855
-0.011257344
-0.010056038
-0.0086944597
-0.007293784
-0.0051028634
-0.0030624972
-0.00086783387
0.00032695688
0.0009099435
0.0022625503
0.0032278239
0.0018640932
0.0017617877
0.00052494552
-0.00033229663
-0.0015877779
-0.00068538567
0.0025158039
0.0037816361
0.0040842337
0.0010849046
-0.0010413509
-0.00040844742
-0.00044569451
-0.0015500709
-0.0022116152
-0.0035138744
-0.0046393502
-0.0049669432
-0.0051364675
-0.0041651034
-0.0028373032
-0.0010303269
-0.00049584292
0.00070286176
0.00074639243
0.0016355625
0.0024768931
0.001900553
0.0026805855
0.00095220573
-0.00017635493
-0.00026896345
-0.0013752726
-0.0010354
0.000609711
0.0025562147
0.0025273748
0.00072147032
-0.0011952278
0.00078029147
0.0017223506
0.0018402169
0.0018658962
0.0018068224
0.0029273635
0.0030495145
0.0020244948
0.0012865157
-0.00018386052
-0.00016415875
0.00057823028
0.00031284201
-0.00044603177
-0.00092430942
-0.0011258482
-0.00016077287
0.00011099223
0.00034900501
-1.3387162e-05
-3.1905733e-05
0.0002730776
0.00021182924
-0.00024703769
0.00028668401
0.00036694505
0.0013175574
0.001728355
0.0022008604
0.0026964817
0.0041148086
0.011462104
0.015080493
0.011511276
0.0078627545
0.0062694881
0.0040531965
0.0036856254
0.0035251337
0.0053666745
0.0027645913
-0.00083375759
-0.0023223142
-0.0036687679
-0.0025864115
-0.002818727
-0.0036418216
-0.0033408187
-0.0029341281
-0.0018893467
-0.0025514829
-0.0017190675
-0.0016672501
-0.0010519287
-0.0011311426
-0.00090761349
-0.00066508937
-0.00062778988
-0.0015137185
-0.0018733859
-0.0038860165
-0.0040416235
-0.0041767826
-0.0041848924
-0.004279325
-0.0026922437
-0.0001249409
-0.0025787307
-0.0059219962
-0.0080898495
-0.010584978
-0.01113227
-0.011688883
-0.011974922
-0.010753174
-0.0089549888
-0.0090223902
-0.0084368172
-0.0093330453
-0.010014445
-0.0094212368
-0.0097680448
-0.010903601
-0.010962332
-0.011525395
-0.013379701
-0.015465162
-0.019539189
-0.020289522
-0.021035358
-0.021837166
-0.02203306
-0.021903332
-0.020446125
-0.019580913
-0.017848394
-0.013765138
-0.013080743
-0.0099606161
-0.004678983
-0.002131448
0.00069753042
0.0014528236
0.0021624831
0.0015170672
0.002262352
0.0023319175
0.0021593763
0.00097615426
0.0014582676
0.0021374407
0.0027407476
0.0038735535
0.0032003
-0.00025203386
-0.00065759456
0.00043091817
-6.761499e-05
-0.0018070677
-0.0013646794
-0.0040054206
-0.0042157379
-0.003673272
-0.0045229723
-0.0061599805
-0.0036837876
-0.00089103524
-0.0020000706
-0.0010830866
-0.0015797106
-0.0012212172
-0.00015093737
-0.0031931035
-0.004562933
-0.0046445917
-0.0059477548
-0.0076525807
-0.0069166248
-0.0074171512
-0.0053086621
-0.0048683369
-0.0056270529
-0.0071561643
-0.0064122955
-0.0031454983
-0.0020131908
-0.0019405718
-0.002486767
-0.0018184971
-0.0013473577
-0.0018809563
-0.0029339044
-0.0036721132
-0.0035293279
-0.0039700887
-0.0048824356
-0.0055055839
-0.0050618825
-0.0046601433
-0.0045046614
-0.0036533141
-0.0032905312
-0.0027534624
-0.0023005154
-0.0024408114
-0.0021554337
-0.0023955451
-0.0021517973
-0.0021395218
-0.0015951021
-0.00079971275
-0.00047778878
-0.00048819651
-0.0017641273
0.0025669628
0.0040201743
0.0030139661
0.0018504632
0.00070646634
-0.0016624788
-0.0035906279
-0.0019591272
0.00092324121
-0.0015220369
-0.0019073962
-0.0041705768
-0.0063687308
-0.0075377447
-0.0061911631
-0.0062092136
-0.0066144635
-0.0066665675
-0.00602283
-0.0057051643
-0.0053485787
-0.0045070832
-0.0040055597
-0.0040282052
-0.0034014633
-0.0032482162
-0.002961132
-0.002953027
-0.0033141397
-0.003635982
-0.0059077443
-0.0061323784
-0.0065234653
-0.0068333834
-0.0071103135
-0.0061823283
-0.006350958
-0.0092202268
-0.011245215
-0.012961575
-0.0104313
-0.013067326
-0.015535034
-0.014729682
-0.011442421
-0.011636971
-0.011301576
-0.012416438
-0.011459964
-0.011446947
-0.012913553
-0.013951812
-0.01557461
-0.017423136
-0.018418119
-0.020779009
-0.02304343
-0.026114592
-0.030356586
-0.035200334
-0.035769077
-0.036008094
-0.035193739
-0.033151248
-0.029307711
-0.026663526
-0.025068047
-0.021291511
-0.016379626
-0.010722731
-0.0060076021
-0.0026209399
-0.00072197821
-0.0013768739
-0.0021063198
-0.0014014776
0.00055135379
0.0014141924
0.001840313
0.0030770458
0.0019170403
0.0017372326
0.00059718299
-0.0014776609
-0.0029872229
-0.0024357357
-0.0027945882
-0.0019006972
0.00029441638
-0.0011489626
-0.0064947753
-0.0045470192
-0.0044366863
-0.0041326769
-0.0027590629
-0.0028866395
-0.001977453
-0.0022428591
-0.0025292837
-0.0026155938
-0.0023715803
-0.0031056515
-0.0060498595
-0.006525778
-0.0075147996
-0.0096014869
-0.009808945
-0.011550951
-0.012780005
-0.010046664
-0.0091921799
-0.010383145
-0.010242804
-0.0086276538
-0.0073042628
-0.0075713304
-0.0069194808
-0.0059503598
-0.0062285235
-0.0055796121
-0.0062301334
-0.0064988592
-0.0065412713
-0.0070326765
-0.0071115949
-0.0074069349
-0.0073294966
-0.0068344502
-0.0068469168
-0.0053005602
-0.0045677695
-0.0039180022
-0.00361202
-0.0028784562
-0.002873755
-0.0025592055
-0.0028757751
-0.0030710764
-0.0028640705
-0.0018907277
-0.0021494296
-0.0011549023
-0.0026825899
-0.0039197407
-0.0040089209
-0.0014271584
-0.0032628815
-0.0059249706
-0.0057192293
-0.0090112083
-0.0090043192
-0.0057292597
-0.0059320189
-0.0074246198
-0.0078053514
-0.0083131256
-0.011222534
-0.011792522
-0.010663828
-0.0098980797
-0.009513768
-0.0088816654
-0.0080644416
-0.0083538919
-0.0075887932
-0.006822276
-0.0060680619
-0.0058093623
-0.005381913
-0.0053870089
-0.0055390809
-0.0059998094
-0.0054938886
-0.0056383505
-0.0073917016
-0.0073877554
-0.0079445492
-0.0080420989
-0.0092854641
-0.0083687212
-0.011831623
-0.013843437
-0.013304075
-0.012382778
-0.0093632085
-0.013685447
-0.014637037
-0.013375741
-0.011116519
-0.011122784
-0.011314581
-0.010994762
-0.011698741
-0.01340348
-0.014760198
-0.017033554
-0.020283798
-0.019975079
-0.022807536
-0.024446852
-0.025119696
-0.030559812
-0.035813097
-0.040802785
-0.042782
-0.046941515
-0.048943951
-0.046914145
-0.046351958
-0.044243308
-0.042582895
-0.035641313
-0.027611045
-0.022313599
-0.016091437
-0.010310065
-0.0076231312
-0.0064288349
-0.0058572916
-0.0043182729
-0.0033399277
-0.00142396
-0.00097361357
0.00010468765
-0.00017859889
-0.0029723534
-0.003914508
-0.0054023718
-0.0064637909
-0.0080384011
-0.0053003282
-0.0077716365
-0.0014285737
-0.0038593791
-0.0081577933
-0.0011744845
0.0035365488
0.0025285346
0.00233489
0.001500672
0.001674134
-0.0011626531
-0.0031299338
-0.00035020242
-0.00028191121
6.1039229e-06
-0.0025611744
-0.0026276155
-0.0034266439
-0.0068978859
-0.0070982226
-0.0084325857
-0.0097254089
-0.0069460503
-0.0073137798
-0.007902345
-0.0082947533
-0.0078549785
-0.0070424238
-0.0068305032
-0.0061783119
-0.005922276
-0.0058470653
-0.0052314081
-0.0050849227
-0.0047776145
-0.0050697266
-0.0052240009
-0.0057479282
-0.0053773194
-0.0058470364
-0.0058797536
-0.0053796849
-0.0042619691
-0.0032263082
-0.0023027774
-0.0016825389
-0.0013873476
-0.0011141486
-0.00079577445
-0.0010368182
-0.0012285795
-0.0019412471
-0.0015894462
-0.0020670817
-0.0033235975
-0.006780807
-0.0082144909
-0.007622745
-0.0058561842
-0.0076803211
-0.01071116
-0.01011941
-0.010587999
-0.0089686054
-0.0087856136
-0.0090957949
-0.010136246
-0.0098107184
-0.01252733
-0.015020072
-0.015194496
-0.015168185
-0.012884319
-0.011174869
-0.0099937121
-0.0090649546
-0.0072702008
-0.0071871322
-0.0067441638
-0.006413674
-0.0059636991
-0.0064043248
-0.0067790245
-0.007049856
-0.0067767386
-0.0069370915
-0.0065519357
-0.007081009
-0.0067933832
-0.0074715706
-0.0081439663
-0.0097553945
-0.010718027
-0.012595452
-0.014111329
-0.014318349
-0.011487917
-0.0099708082
-0.011883145
-0.011867041
-0.013249354
-0.01104733
-0.011056467
-0.0098877005
-0.010289574
-0.011202392
-0.012269178
-0.013681187
-0.015857728
-0.016181004
-0.017771696
-0.018235799
-0.025319943
-0.028491628
-0.032256546
-0.036787186
-0.044765999
-0.053755442
-0.056706358
-0.062933874
-0.063659638
-0.061484036
-0.064067636
-0.060058266
-0.056909091
-0.049879396
-0.04262413
-0.035747579
-0.021257239
-0.021047458
-0.020345491
-0.017995808
-0.013819323
-0.01508196
-0.011001088
-0.0096069342
-0.0079229973
-0.0092897797
-0.010845209
-0.0086570321
-0.0083031207
-0.011233307
-0.011768975
-0.0071412951
-0.0039444459
0.0058550559
0.0037781769
-0.0025275191
0.00071479086
0.0044220715
0.0043398458
0.011072124
0.008111603
0.0091572906
0.0071948348
0.0052727798
0.0073814926
0.0057010908
0.0086140932
0.0066445938
0.0060012317
0.0042168953
0.0029681929
0.0029075638
0.0022882451
0.0012994893
0.0014934672
0.0010573352
-0.00069640404
-0.0011289414
-0.0012761934
-0.0011224024
-0.00074919914
-0.0014762731
-0.0014333831
-0.00096900543
-0.00065151595
-0.00083409752
-0.0013904163
-0.0009730319
-0.0014549819
-0.0019955198
-0.0017292139
-0.001702613
-0.0017994007
-0.001284544
-0.00043563053
0.00022514109
0.00084897765
0.00062270918
0.00091424631
0.00085268335
0.00073737071
0.00059251821
0.00027889549
-0.0005964212
-0.00069532834
-0.0017752438
-0.0032843831
-0.010868889
-0.010757026
-0.0062627996
-0.0075180326
-0.010705855
-0.010718741
-0.010455499
-0.012939557
-0.010531458
-0.012811604
-0.013139285
-0.014232729
-0.014713327
-0.01523893
-0.015042062
-0.014803725
-0.01455557
-0.011566867
-0.0091922924
-0.0055603341
-0.0051841132
-0.0051974671
-0.0055437379
-0.0047746206
-0.0054656051
-0.0055495827
-0.0060006408
-0.0061801895
-0.0065108722
-0.0065045848
-0.0067883299
-0.0064990563
-0.0069702508
-0.007432532
-0.0092433841
-0.010005796
-0.011962696
-0.013707695
-0.018032076
-0.012488107
-0.012171458
-0.0095256671
-0.01131332
-0.01198587
-0.013476852
-0.01279559
-0.0077546122
-0.0066843899
-0.0076192452
-0.0083797857
-0.0096214294
-0.0105869
-0.012354008
-0.015738764
-0.01563252
-0.014186103
-0.018242727
-0.026716473
-0.030438104
-0.033350394
-0.038633294
-0.048365358
-0.058429068
-0.064480644
-0.06680757
-0.070492973
-0.069128757
-0.068282584
-0.065033314
-0.058521226
-0.052612521
-0.051370095
-0.041290036
-0.028383018
-0.036125599
-0.037412813
-0.038856761
-0.032910015
-0.029291605
-0.024951539
-0.015888976
-0.017584684
-0.014638442
-0.017740557
-0.017633155
-0.013780775
-0.016523073
-0.0047952629
-0.00066450255
0.0025838001
0.0076123961
0.011623403
0.015396968
0.01262894
0.018731433
0.016414326
0.017543679
0.015207208
0.014713617
0.01288906
0.013396168
0.015382182
0.014633897
0.013409531
0.014251632
0.011713548
0.010013362
0.0091661197
0.0078114217
0.0062152775
0.0061233142
0.0043375658
0.0047958667
0.0042111873
0.0044197439
0.0055424044
0.005541776
0.0040442128
0.0033260452
0.0023074799
0.0022921719
0.0019301229
0.0021910317
0.0019451239
0.0018739881
0.001561151
0.0016299379
0.00092347511
0.00073813961
0.00072841545
0.0020046384
0.0018832076
0.0018394182
0.0014732745
0.0015881196
0.0016130074
0.001786932
0.0010418149
0.0010630822
0.00044481948
1.8022413e-05
-0.0013017374
-0.0026276122
-0.0048714581
-0.012621501
-0.010605265
-0.0072764993
-0.0069633938
-0.0069930597
-0.011761249
-0.012330396
-0.013166085
-0.012532377
-0.012194687
-0.012949317
-0.014182125
-0.014595706
-0.013182524
-0.012472833
-0.0091232191
-0.0084778385
-0.0058820373
-0.0047029414
-0.0035219042
-0.0033663396
-0.003344312
-0.0044758614
-0.0043722248
-0.0046690452
-0.0055836276
-0.0058885946
-0.0061306528
-0.006094483
-0.0054957944
-0.0058515386
-0.0058612483
-0.0077187105
-0.0084726047
-0.011081486
-0.010614582
-0.012405634
-0.016555873
-0.015465288
-0.013287312
-0.011856518
-0.0095345534
-0.011586435
-0.013169293
-0.01262337
-0.01423992
-0.0063828816
-0.0029016882
-0.0069994546
-0.0093053405
-0.0090808418
-0.009840446
-0.011581428
-0.017311992
-0.018399794
-0.017453408
-0.019629943
-0.02491755
-0.029942159
-0.037181187
-0.047226542
-0.057042144
-0.064818452
-0.071406604
-0.074175506
-0.076047867
-0.07471477
-0.070272178
-0.066338805
-0.058378466
-0.052819522
-0.051208868
-0.03647312
-0.03762771
-0.038200577
-0.043087507
-0.043135613
-0.039107902
-0.024861778
-0.022286351
-0.02078837
-0.017852396
-0.015475463
-0.019483076
-0.017937116
-0.009258468
-0.0091732749
0.00020832242
0.0069511529
0.01298884
0.018240484
0.023345294
0.025630159
0.029174629
0.02753428
0.027050828
0.025025495
0.022214513
0.01900295
0.019281677
0.019849522
0.020071244
0.018715509
0.017986183
0.016826093
0.016628922
0.013572644
0.011559732
0.011627879
0.010167874
0.0071995297
0.0062459221
0.0053903911
0.0059193195
0.0049848114
0.006363041
0.0064070967
0.0059859765
0.004520502
0.0039419349
0.0035936587
0.003100178
0.0019482926
0.0015974216
0.0019494029
0.0025227298
0.0024317262
0.0019389451
0.0020144632
0.0022971923
0.001381191
0.0016531323
0.001120252
0.00093178924
0.00099261342
0.0012275221
0.00053465443
0.00027317019
-0.00022642464
-0.00056010584
-0.002050332
-0.0024836646
-0.0041690358
-0.006028996
-0.013868206
-0.011878172
-0.0078529858
-0.0072461128
-0.0066019128
-0.010905081
-0.012580578
-0.014165165
-0.012177522
-0.009704447
-0.0093195152
-0.011967688
-0.012085352
-0.0069213728
-0.0064520497
-0.0057602503
-0.0039450466
-0.0024958914
-0.0026509803
-0.002039945
-0.0032337223
-0.0031840534
-0.0042254342
-0.0044955368
-0.0053484683
-0.0060748987
-0.0060718709
-0.0064469571
-0.0059944048
-0.0057832806
-0.0057095128
-0.006700883
-0.008260255
-0.011647146
-0.012776769
-0.012644321
-0.011983787
-0.013366682
-0.011790548
-0.0091289632
-0.011083191
-0.0095076789
-0.012675553
-0.015834309
-0.016878373
-0.013094899
-0.0016190035
-0.0035742981
-0.008389296
-0.011646943
-0.01226974
-0.0121489
-0.01350877
-0.017876956
-0.021298432
-0.023890505
-0.026577269
-0.032791085
-0.040338581
-0.046750341
-0.056249015
-0.059152289
-0.062509762
-0.064619176
-0.067880441
-0.066548798
-0.063574601
-0.059393951
-0.051868061
-0.045839633
-0.043944235
-0.040372444
-0.03321009
-0.029100788
-0.025375574
-0.025831701
-0.026762535
-0.027693214
-0.010052971
-0.0063736406
-0.0040215137
5.6304883e-05
-0.00020641814
-0.0083864305
0.0011792022
0.0073246141
0.012393951
0.016857434
0.023228167
0.027730143
0.031048498
0.034957241
0.03876996
0.038454544
0.037251723
0.031891181
0.030410345
0.029277318
0.025919243
0.026117686
0.025240799
0.02533536
0.024623581
0.024711684
0.022448963
0.022176574
0.020450365
0.020704188
0.017870467
0.015026293
0.013894093
0.010841796
0.0079879844
0.0094109825
0.0081218237
0.0075375514
0.0076385508
0.0077887857
0.007342154
0.0072909081
0.0062939467
0.0056893657
0.0039446497
0.0039882109
0.0039653246
0.0038320107
0.0056012067
0.0042550402
0.0035391085
0.0030139792
0.0023600907
0.0020880022
0.0013149053
0.001782298
0.0011949126
0.001781707
0.0012374916
-0.00039233722
-0.00056627972
-0.00075601147
-0.0023650168
-0.0022112927
-0.0039157641
-0.0091718479
-0.0144987
-0.010679206
-0.010985865
-0.0086860752
-0.006564636
-0.008453616
-0.011066072
-0.010427817
-0.010476065
-0.0054870991
-0.0074900665
-0.0054551152
-0.0036497007
-0.0034129507
-0.003064467
-0.0020935762
-0.0028769756
-0.002877121
-0.0035945262
-0.0046742436
-0.0053040355
-0.0050812559
-0.0054571394
-0.0074353283
-0.0075814727
-0.006047846
-0.0056688209
-0.0042215899
-0.0047395676
-0.0057364552
-0.0064218608
-0.0055256389
-0.0087609194
-0.014322165
-0.016172596
-0.0097572006
-0.012284315
-0.014638143
-0.014003316
-0.011152332
-0.014896339
-0.015099554
-0.015409087
-0.017084527
-0.020106322
-0.0093200705
-0.0041656878
-0.0048287951
-0.0053295646
-0.010571035
-0.012465994
-0.014054072
-0.016619123
-0.020292334
-0.026345159
-0.032971728
-0.038824165
-0.043726136
-0.048421202
-0.053609157
-0.057304838
-0.054791861
-0.053563915
-0.049501375
-0.04829852
-0.049668576
-0.048999864
-0.042274546
-0.031950213
-0.021729461
-0.026019554
-0.024889087
-0.015918826
-0.010278114
-0.0049795726
-0.003858022
0.0001954
0.0043789553
0.010476869
0.017221268
0.021230369
0.020646822
0.023203398
0.022851941
0.027155014
0.034235822
0.037731973
0.03942157
0.042763613
0.044220263
0.045391854
0.044101546
0.045693222
0.041586152
0.038202037
0.036164476
0.037099965
0.03379166
0.030882147
0.031711468
0.031761245
0.03142306
0.032759069
0.031674432
0.03167307
0.030517944
0.029937414
0.030418954
0.025416469
0.023670539
0.022503225
0.020810183
0.015637017
0.014438739
0.014908192
0.013285449
0.012468257
0.010366083
0.010325215
0.0095073554
0.010638464
0.0090661172
0.0084148125
0.0067577498
0.0056164159
0.0068305314
0.0079474387
0.007207705
0.0054402907
0.0034281537
0.0031368374
0.0033536128
0.0025374428
0.0028529855
0.003511474
0.0029747767
0.0020012608
0.0021606301
0.0016829522
-0.00032186949
-0.0028554666
-0.0048110784
-0.0074190671
-0.0074947127
-0.0054576186
0.0051241853
-0.006607118
-0.0077543583
-0.0018094118
-0.0066873396
-0.0086248062
-0.0086307659
-0.0078243585
-0.0062796669
-0.0049229252
-0.00319167
0.0011870853
0.00098335492
-0.001917806
-0.0021028338
-0.0024743838
-0.0057612525
-0.0048248473
-0.0060631603
-0.0070163091
-0.0086952029
-0.0056642605
-0.0084173054
-0.0081023115
-0.0092933941
-0.0081069695
-0.0082992229
-0.0082124877
-0.0086107812
-0.0093381832
-0.0088394926
-0.0091971526
-0.0096660577
-0.0109277
-0.009933515
-0.012103958
-0.011615144
-0.0096612029
-0.012788949
-0.014235257
-0.014469729
-0.016402125
-0.015576895
-0.016093642
-0.0087459555
-0.0088288591
-0.0067734443
-0.0046020657
-0.0078553881
-0.011659074
-0.014312314
-0.018526138
-0.023315345
-0.028519346
-0.034897487
-0.041308511
-0.046678629
-0.051289284
-0.054601381
-0.053503983
-0.048701506
-0.040374766
-0.032792563
-0.038240822
-0.035836949
-0.033452798
-0.026470653
-0.016036428
-0.0049389344
-0.0018772537
-0.0025373361
0.0042360283
0.018069531
0.026892581
0.032654177
0.038045912
0.039839469
0.047023496
0.049482128
0.049020947
0.039390466
0.042443864
0.052204073
0.057871519
0.059603143
0.062434198
0.062202621
0.062812512
0.060738059
0.05931009
0.058868328
0.053864029
0.047039175
0.042842464
0.041053323
0.040044536
0.039113644
0.037171448
0.037082582
0.038037488
0.035383156
0.035204165
0.037954315
0.039032547
0.035517205
0.035666949
0.0351087
0.0311089
0.028917136
0.030632343
0.02830065
0.026976674
0.026841297
0.025825825
0.024358105
0.020009573
0.020505756
0.01976372
0.019069891
0.022248001
0.021124579
0.019121197
0.016986584
0.013226319
0.013937003
0.016659553
0.015312408
0.015407808
0.013928657
0.0141408
0.01420077
0.013154141
0.010168502
0.0093757884
0.011639414
0.013261814
0.014294513
0.01257782
0.012932675
0.0074571147
-0.0014949806
-0.0062439108
-0.0048660681
0.0026218798
0.007322541
-0.00077103636
-0.0066591293
-0.0030478206
-0.0028741724
-0.0058198059
-0.0048898625
-0.0031611765
-0.00096842641
0.00065827468
0.0046212157
0.0055056428
0.0065598385
0.0035343634
0.00097307587
0.0013592007
-0.0038493283
-0.0032283633
-0.0051390292
-0.005659137
-0.0059792771
-0.005661399
-0.0059270756
-0.0092034382
-0.0096392301
-0.008829841
-0.0088671326
-0.0079680317
-0.010749596
-0.01043338
-0.0091734081
-0.0065309104
-0.0084066736
-0.0070669856
-0.0074064734
-0.0091329811
-0.0090871526
-0.010228688
-0.010417578
-0.0085334772
-0.012471722
-0.014483942
-0.012940189
-0.010476953
-0.011453596
-0.013724929
-0.012055927
-0.0093712273
-0.0089565611
-0.010275379
-0.0099863673
-0.013336177
-0.018073624
-0.024228548
-0.029792388
-0.03493771
-0.04320675
-0.049343449
-0.051558576
-0.048350216
-0.037358344
-0.023233888
-0.024506771
-0.026723604
-0.017878255
-0.0059688565
0.0042046598
0.017011177
0.026828492
0.036459265
0.033791632
0.035131697
0.046274494
0.044445342
0.050998645
0.060533678
0.070910058
0.078442994
0.073777819
0.068624752
0.060673723
0.064179702
0.079389317
0.078173949
0.075602727
0.073877318
0.07148478
0.066975808
0.06219929
0.058727483
0.056451828
0.051886465
0.047986638
0.045628596
0.039881722
0.037020993
0.033907804
0.031429829
0.033506048
0.031910199
0.03202734
0.031128761
0.032898298
0.033265853
0.031390603
0.030852545
0.031325878
0.03053073
0.0310249
0.031865225
0.02880901
0.029247475
0.028439253
0.028100204
0.02756262
0.031469761
0.034674305
0.032127327
0.036085473
0.034961237
0.033393844
0.033353181
0.032723198
0.028597336
0.027055619
0.029091068
0.031729946
0.028617353
0.023887214
0.018467173
0.017201944
0.014011354
0.0079197669
0.0087364784
0.006644657
0.0020122331
-0.0006671051
-0.0058927352
-0.0096998538
-0.0085451461
-0.011428288
-0.0097635278
0.0090841725
0.015698388
0.005709907
-0.0040008066
-0.0036458275
-0.0041538366
-0.0066194244
-0.002578654
0.00057718492
0.0030065404
0.0020476409
0.0032163795
0.0025875409
0.0056396251
0.0056330957
0.0049471273
0.0020806692
0.0012820035
0.0005845875
-0.0045925159
-0.0042992402
-0.00052361506
-0.0029893132
-0.0065220391
-0.0073611096
-0.008980063
-0.0086717942
-0.0067454495
-0.0054022316
-0.0071035992
-0.011796005
-0.012175588
-0.0096720962
-0.0090276664
-0.0075612543
-0.0069319294
-0.0070588647
-0.0076234262
-0.0080344927
-0.0082917524
-0.0047381642
-0.0056039077
-0.0078848917
-0.010032003
-0.012427406
-0.013932182
-0.013020874
-0.015617491
-0.010117055
-0.010600448
-0.0071261073
-0.0042454432
-0.0061053074
-0.0085471687
-0.012302076
-0.017631498
-0.021178216
-0.024797787
-0.02957658
-0.034356732
-0.037105795
-0.03351085
-0.015375795
-0.0049779929
-0.0085993881
0.0038965037
0.016371176
0.026754459
0.03597808
0.044400547
0.049923398
0.059412654
0.055289601
0.040737705
0.03898716
0.042691529
0.046819646
0.060536603
0.073507216
0.082643506
0.086627642
0.073847387
0.059510376
0.070927429
0.080973738
0.078122451
0.071075342
0.064268233
0.059724649
0.056426603
0.048864847
0.044121759
0.041687099
0.036379232
0.033911984
0.030939604
0.028920188
0.024268005
0.02418337
0.023423894
0.02390644
0.021245769
0.020064163
0.020833853
0.023145328
0.024020649
0.023830001
0.025166884
0.024125083
0.023712861
0.024281133
0.023080789
0.021489293
0.019771229
0.019122475
0.021609375
0.025212256
0.027470057
0.032539727
0.034952264
0.033703287
0.037238933
0.036013806
0.039753237
0.036837915
0.038768411
0.038656658
0.040756333
0.041131683
0.038245061
0.031889973
0.024882188
0.014766619
0.0065126199
-0.0045551221
-0.007436719
-0.0081496745
-0.010358297
-0.015704636
-0.018185198
-0.019001103
-0.023243745
-0.025681181
-0.0019585832
0.010710543
0.0037800397
-0.0039535645
-0.013523548
-0.014549268
-0.011231933
-0.0074957316
-0.004594169
0.00044864021
0.0015245796
0.0019984847
0.00073845119
-0.0011784129
-0.0023591888
-0.001273475
-0.0008788503
-0.0013476964
-0.0015454276
0.00039506284
-0.0011318668
-0.0028215668
-0.0020296337
-0.0038856591
-0.0071866819
-0.006886729
-0.0082400753
-0.0046940595
-0.0041861661
-0.0037464294
-0.0067571994
-0.0088685561
-0.0099698858
-0.0073027051
-0.0079658601
-0.0081096241
-0.0075129602
-0.0062287562
-0.0072735723
-0.0077230835
-0.0079653286
-0.0066305835
-0.007423536
-0.0085222325
-0.010431601
-0.01173032
-0.015432435
-0.0135464
-0.013628558
-0.0077861013
-0.0059650642
-0.0060166046
-0.0053278313
-0.004513431
-0.0038071303
-0.0057364002
-0.0081423823
-0.01157164
-0.014723763
-0.018574429
-0.020740199
-0.019953529
-0.016096546
0.0018200625
0.0082979703
0.014747951
0.027895774
0.041175414
0.04892138
0.055035413
0.058179711
0.058564578
0.061779808
0.04736633
0.035481353
0.037877175
0.043139427
0.048366887
0.059543763
0.063426157
0.066481509
0.068777431
0.058660521
0.054394508
0.062947859
0.064742118
0.06006711
0.050103881
0.047115616
0.040335877
0.031692611
0.024582633
0.024417335
0.022539007
0.019370954
0.01942061
0.017952794
0.013970657
0.015009844
0.015220476
0.01835406
0.01467785
0.013624831
0.013162724
0.013170493
0.013484569
0.013041054
0.013893593
0.014579466
0.018194562
0.017528977
0.017702769
0.018721027
0.019221254
0.01629609
0.018983946
0.020441821
0.022731705
0.02360744
0.025146134
0.02581281
0.028135019
0.030155607
0.030084286
0.028018488
0.028156054
0.02856462
0.029135326
0.031505165
0.033941162
0.03303352
0.026265849
0.019102252
0.0095064785
-0.0015055569
-0.011892544
-0.017039103
-0.019394388
-0.020164695
-0.027673374
-0.029206514
-0.025752788
-0.019083143
-0.014195565
0.00020132436
0.0013817233
-0.0037215722
-0.0088967135
-0.014028189
-0.015938594
-0.01661605
-0.012248079
-0.0094786629
-0.0038371282
0.00024217748
-0.00091712817
-0.0010407975
-0.001402625
-0.0035883796
-0.0027280739
-0.0017359006
-0.001398843
3.0510923e-05
0.00033027482
0.0017254119
0.0006475595
-0.0034083489
-0.0049096987
-0.0072946774
-0.0068258983
-0.0089704372
-0.0073191721
-0.0049668357
-0.00098218803
-0.0046987887
-0.0070662916
-0.0080700522
-0.0095697674
-0.005875884
-0.0042954466
-0.0041631524
-0.0030979534
-0.0040634576
-0.0031086568
-0.0042422143
-0.0052985605
-0.0048024418
-0.0069398832
-0.0069950449
-0.0086759378
-0.010413907
-0.01067138
-0.008763679
-0.007253062
-0.0044714988
-0.0031895759
-0.0034920372
-0.0048992368
-0.0041805176
-0.0023117694
-0.0035346224
-0.0051147615
-0.0074515086
-0.0078675168
-0.0067521584
-0.0057683271
0.00055099062
0.010600594
0.01505499
0.024559818
0.034125445
0.045206759
0.050772589
0.052852635
0.050250774
0.046915306
0.038260551
0.029318062
0.026981336
0.035376057
0.037200184
0.040557934
0.046090194
0.044979911
0.046099321
0.043831759
0.037532499
0.035392198
0.039439799
0.037038242
0.0356794
0.028586229
0.02230946
0.017533455
0.012081239
0.0063439962
0.0038886539
0.0046822038
0.0026258082
0.0033405082
0.0018693517
0.0016956404
0.0041013806
0.0065200784
0.0091225462
0.010525532
0.011077498
0.0091637618
0.0090871462
0.0084231773
0.0050651036
0.0055868651
0.0065921039
0.0096086644
0.011317394
0.012240711
0.012428253
0.012503901
0.014550867
0.015311902
0.015755845
0.017172762
0.017636444
0.017655013
0.017985277
0.019671415
0.020650795
0.019394965
0.018344135
0.01771099
0.018426242
0.018073065
0.018229163
0.015996957
0.012785298
0.0079933706
0.0031119729
-0.0031804532
-0.012779467
-0.020604711
-0.027129749
-0.028666531
-0.023054087
-0.020116656
-0.01871271
-0.019049826
-0.011114902
-0.003324772
-0.0061257566
-0.0065849933
-0.0082915059
-0.014126343
-0.015521634
-0.017327309
-0.015680349
-0.013843171
-0.010985798
-0.0075560173
-0.0022563884
0.0028411379
0.0031673412
0.0012006145
-0.0011466074
-0.0017680564
-0.0010121459
-0.0016626512
-0.0012338449
-0.0013743279
3.5584163e-06
-0.00051949526
-0.0018290116
-0.0024963894
-0.0035344355
-0.0055216511
-0.0055156988
-0.006160042
-0.0050441027
-0.0017152948
-0.0023288473
-0.0050497931
-0.0063551334
-0.0058689926
-0.0021680676
-0.0018494956
-0.0027427897
-0.0015753568
-0.0023973635
-0.0021774552
-0.0016994766
-0.0018287936
-0.0034154456
-0.0035145355
-0.0049211324
-0.0037983302
-0.0048050484
-0.0067086891
-0.0072277054
-0.0060202541
-0.0036274246
-0.0047741505
-0.0033094484
-0.0048396696
-0.0057272178
-0.004301427
-0.0039342533
-0.0023343328
-0.0030631371
-0.0021945132
0.0025261839
0.0067578902
0.012535466
0.015977715
0.019277924
0.028480239
0.033300594
0.031353179
0.039488213
0.034724893
0.030361298
0.025933112
0.017401238
0.016156113
0.01742364
0.020599893
0.024213529
0.029394917
0.027769597
0.026898438
0.023913216
0.024169394
0.020445298
0.017223238
0.014390594
0.013599814
0.015352846
0.014560624
0.0096461784
0.0054565322
0.0015895526
-0.0013852227
-0.0045009215
-0.0071053309
-0.0076509875
-0.0034178698
-0.0054910358
-0.0042931111
-0.0022864026
0.0008424694
0.0035476008
0.004852432
0.0071706275
0.0050893706
0.0053116172
0.0038011383
0.0021904992
0.00081497512
0.0031643966
0.0044735008
0.0065979762
0.0082105898
0.0074496344
0.0067697252
0.0077200816
0.01046184
0.012818781
0.012068073
0.0099734821
0.010150548
0.01093687
0.011397246
0.011724469
0.01135792
0.0098065197
0.010673137
0.011742648
0.010926857
0.0087825443
0.007065382
0.0043141999
0.00078880628
-0.0047143223
-0.012954919
-0.018413391
-0.026064981
-0.019623375
-0.012450763
-0.010294389
-0.010557084
-0.011926125
-0.014596295
-0.0094685966
-0.0087570323
-0.010351148
-0.0096967945
-0.011834933
-0.012904141
-0.013314512
-0.013474637
-0.011983777
-0.012110513
-0.01058446
-0.0081023052
-0.0035056967
0.0005742652
0.00038366377
-3.9409674e-05
-0.0015540045
-0.0032691898
-0.0060829821
-0.0042076153
-0.0039125115
-0.0028407637
-0.0021353139
-0.00058068522
-0.00054857056
-0.0011330041
-0.00095661869
-0.0025058255
-0.0028086318
-0.0040861964
-0.0054840852
-0.0034376353
-0.0043507459
-0.004311335
-0.0047809532
-0.0057306262
