0.00048798327
0.00061372083
0.0003058087
-2.3076182e-05
-0.0011848653
-0.00052772029
-0.00079536587
0.00052790712
0.00051478663
-0.00091004963
-0.0032166178
-0.0047851728
-0.0046262796
-0.0050138885
-0.0044143187
-0.0031965897
-0.0015747804
-0.0023727343
-0.0032444832
-0.0023844715
-0.002162701
-0.0038074634
-0.0040053851
-0.0040743781
-0.0033603458
-0.0031677417
-0.0039701337
-0.0046369157
-0.0042754466
-0.0038292909
-0.0034671113
-0.0028122766
-0.003672298
-0.0037646957
-0.0040578734
-0.0042588796
-0.0039770008
-0.0042328476
-0.0033399219
-0.0035209086
-0.0022744093
-0.0011669503
-0.00074101511
-0.0002406059
-0.0007607721
-0.0017095678
-0.0030945098
-0.003920408
-0.0034091561
-0.0039268013
-0.0028542362
-0.0030159051
-0.0018414325
-0.0027319064
-0.0033534718
-0.0049487613
-0.0047843611
-0.0065275146
-0.0087497584
-0.0091264471
-0.0082981519
-0.0058302396
-0.0055148856
-0.0058045139
-0.0061921044
-0.00669901
-0.00706189
-0.0065607203
-0.0047499781
-0.0028262951
-0.00074187372
0.00045553855
0.0035101522
0.0036336731
0.0031106228
0.0026503584
0.0022865516
0.0022259562
0.0028022086
0.0026029867
0.0033508342
0.0044945844
0.0046393826
0.0047497898
0.0028360751
0.0046612871
0.0049989178
0.0068039874
0.0072196181
0.0069170302
0.0069030974
0.0052804708
0.0045428341
0.004799747
0.0044393362
0.003891975
0.0030653074
0.0029319559
0.0038578495
0.0045814138
0.0043163247
0.0048628782
0.0050266667
0.0046257451
0.0052488208
0.0046421763
0.0041307634
0.0042553931
0.0044242769
0.004899884
0.0054270152
0.0052238264
0.0058566419
0.0060905518
0.0064782113
0.0082032427
0.011342113
0.011354505
0.014079275
0.013424311
0.012880382
0.011922495
0.010171993
0.0093573222
0.0063954954
0.0063789818
0.005280246
0.0037559231
0.0013163968
-0.00027596805
-0.00081829919
0.0016135068
0.0011196979
0.00067283566
0.00012581443
0.00049697795
-0.00024846603
0.00050257423
0.0020879282
0.0014628273
0.00044709501
0.00085596492
0.0011356938
0.0015349286
-1.171426e-05
-0.00033136107
-0.0010900506
-0.0018449377
-0.0018959481
-0.0011222134
-0.00099773281
-0.0010224748
-0.0024764758
-0.0028265073
-0.0031548536
-0.0042258546
-0.0044083127
-0.00472695
-0.0051356698
-0.0029657738
-0.0019899077
-0.0021518926
-0.0015651099
-0.0015607901
-0.0021581856
-0.002781792
-0.0031930029
-0.0039195445
-0.0037664317
-0.0045378728
-0.0047543355
-0.0049111677
-0.0042373768
-0.0041259383
-0.0042398532
-0.0043967094
-0.0044383809
-0.0047123629
-0.0045685328
-0.0043403581
-0.0042662819
-0.0037513991
-0.0027154089
-0.00044297437
-0.000157428
0.00061466003
0.0020768894
0.0027270261
0.0023364221
0.0014190343
-0.00026024571
0.00011022199
-0.00029335642
-0.0013104164
-0.00077825025
-0.00020950779
0.0003308036
0.00024269838
-0.00060576049
-0.0015997114
-0.0016444837
-0.0034148384
-0.0050337095
-0.0046052164
-0.0036472933
-0.0030758744
-0.0036470499
-0.0045974293
-0.0053749741
-0.0048152779
-0.0042804759
-0.003508587
-0.002476594
-7.3911106e-05
0.00081913062
0.002684703
0.0028137938
0.00083668521
0.0015902103
0.0022009677
0.0018694827
0.00099974093
0.0014448118
0.003246838
0.003209632
0.0040784034
0.0035403842
0.0028596803
0.0035587198
0.0040147728
0.0059665896
0.0054613848
0.0054749949
0.0061334968
0.0056841434
0.0035972582
0.0031494953
0.0019724101
0.0023253179
0.0021628598
0.002069893
0.0026360923
0.0026649306
0.002693675
0.0026017491
0.0026492842
0.0027813678
0.0028944134
0.0024575234
0.0020371959
0.002439547
0.0026045066
0.0031442506
0.0037646819
0.004008743
0.0044780702
0.0055342229
0.0059073792
0.0067332253
0.010026312
0.012515526
0.016029904
0.015390426
0.011265373
0.009171817
0.0077812943
0.0060208756
0.0045439391
0.0038743808
0.004792917
0.003093954
0.0015989344
0.0012207119
-0.00043154844
0.00025905349
0.00099932038
0.00030013047
0.00036160396
-4.0804549e-05
-0.00086962076
-0.00054872235
5.1522698e-05
0.00044676512
0.00073945803
0.0015728188
0.0012158283
0.0014085277
0.00082481291
-0.0013894628
-0.0024676264
-0.0024462219
-0.0030972681
-0.0025510651
-0.0031758444
-0.0022117668
-0.0024474044
-0.004270886
-0.0048072631
-0.0052342683
-0.0044629685
-0.004508308
-0.0043748527
-0.0042680879
-0.0041005469
-0.0039187335
-0.0032370037
-0.0020784479
-0.0031415301
-0.0033698393
-0.0038314003
-0.0039535292
-0.0049222337
-0.0049911419
-0.0052447194
-0.0069335398
-0.007917899
-0.0084435325
-0.0086727617
-0.0091730311
-0.0096964443
-0.0096664516
-0.010735312
-0.010560706
-0.0098870472
-0.0088775035
-0.0076552577
-0.0053600276
-0.0029259535
-0.00030049705
0.0013881076
0.0027804932
0.0045645132
0.0052993015
0.0035384425
0.0024203796
0.0010922983
-0.00021038966
-0.00044025481
0.00066427643
0.0014966543
0.0018776702
0.0015992992
-0.00041710757
-0.00075216387
-0.00046405693
-0.00090571961
-0.00023284258
-0.00026682153
-0.00090926164
-0.002481712
-0.0027974143
-0.004458842
-0.0049655035
-0.0036423751
-0.0025816453
-0.0015940517
-0.0015555006
-0.0015148103
-0.0015407171
-0.0017941822
-0.0022406723
-0.00068852213
-0.00090772492
-0.0020579674
-0.0020993684
-0.0033308602
-0.0033551576
-0.00091920229
0.00059357607
0.00094537012
2.3194588e-05
-0.0014133744
0.0009864775
0.0021790738
0.0029300234
0.0030688018
0.0026547982
0.0030484931
0.0026822919
0.0016738127
9.0867586e-06
-0.001182655
-0.00095636336
1.8639237e-05
-0.00011080101
-0.00041641988
-0.00096217943
-0.0011985802
-8.5549796e-05
0.00023570204
0.00028111658
0.00016383035
-3.261122e-05
0.00052077815
0.0004656683
0.00027600015
0.00070272951
0.0011017389
0.0020775921
0.0026939495
0.0025810045
0.0043119326
0.0048953876
0.01021778
0.013122268
0.01009612
0.0066401915
0.0049640664
0.0033970287
0.0032300806
0.0021020065
0.0039793997
0.0023496779
-0.00037584073
3.1927262e-05
-0.00035888159
0.00021294612
-0.00099129183
-0.001665818
-0.00129221
-0.0015415936
-0.0013547062
-0.001982892
-0.0017656736
-0.0019028147
-0.00069804877
-0.00051135955
-0.00026580928
-0.00012692141
-6.9877e-05
-0.000891819
-0.0011467148
-0.0034217102
-0.0038723326
-0.0043570904
-0.0049457575
-0.0055632431
-0.0050843075
-0.0042639837
-0.0056102501
-0.0072499072
-0.0086050074
-0.0092229236
-0.0084869042
-0.0079604803
-0.007269625
-0.0060918564
-0.0059324278
-0.0070415073
-0.006590935
-0.0074066061
-0.0071689814
-0.0071095316
-0.0080701594
-0.008566685
-0.0093604304
-0.0096072691
-0.010224677
-0.01122541
-0.014836207
-0.015517608
-0.017522215
-0.018682421
-0.019717013
-0.020527607
-0.021100283
-0.020921509
-0.020064557
-0.015361641
-0.014660796
-0.011542638
-0.0053649439
-0.0019661726
0.0023292286
0.0029067549
0.0039977229
0.0027854556
0.0029038719
0.0016155778
0.00025779467
-0.0010047658
-0.00056951662
-0.00087234587
-0.0003581262
0.00062988024
0.00047442414
-0.0012658136
-0.0016132977
-0.00055523387
0.00046580904
0.00055428672
0.00022354754
-0.0017374842
-0.0022753256
-0.0030971455
-0.0058652653
-0.008182577
-0.0058979044
-0.0040301493
-0.006088138
-0.006246316
-0.0060153969
-0.0048312123
-0.0037359892
-0.0059858338
-0.0070269331
-0.0086029953
-0.0094466141
-0.012191646
-0.011144673
-0.0097111406
-0.0074602672
-0.0060276587
-0.0055341116
-0.0063769444
-0.0056782948
-0.002344833
-0.001241108
-0.0013725412
-0.0021997271
-0.0018874769
-0.0017233481
-0.0020799659
-0.0035421735
-0.0043106066
-0.0039838948
-0.004309198
-0.0052654479
-0.0054423338
-0.0053298111
-0.0048724424
-0.0046100409
-0.0037460384
-0.0033050102
-0.0027366311
-0.0021329143
-0.0024162335
-0.0023125969
-0.0024157026
-0.002214572
-0.0017783321
-0.0012227382
-0.00086093443
-0.00047345251
0.00063454107
0.00026020992
0.0035832747
0.0033782245
0.0014383741
-0.00012729871
-3.0256485e-05
-0.0031088931
-0.0041994055
-0.0027089077
-0.00057797902
-0.0013310898
-0.0017470712
-0.003794581
-0.0063758794
-0.0056879312
-0.0045146613
-0.004690695
-0.005851865
-0.0056637627
-0.0055843033
-0.0054691852
-0.0056937822
-0.0043998684
-0.0038748168
-0.0033134082
-0.0027123857
-0.002849651
-0.0026475214
-0.0025964239
-0.0027842835
-0.0031410368
-0.0060901347
-0.0063345363
-0.0065234318
-0.007224878
-0.0077110698
-0.0078785489
-0.009057043
-0.011091145
-0.012246732
-0.013664869
-0.011950601
-0.012595286
-0.012909161
-0.011530734
-0.0083267507
-0.0092162143
-0.010938145
-0.012489987
-0.011638391
-0.012002621
-0.012808193
-0.013618871
-0.015111378
-0.01607727
-0.016098542
-0.017713767
-0.018800619
-0.020879433
-0.025553765
-0.029422127
-0.031050614
-0.032308497
-0.033486
-0.033278614
-0.031060267
-0.028666591
-0.026028952
-0.023387153
-0.019888849
-0.012440559
-0.007763122
-0.0041309284
-0.0016444096
-0.00097440171
-0.001885314
-0.0011437344
-0.0011561965
-0.0013199792
-0.0011892203
-0.0011469582
-0.0019824018
-0.0021258041
-0.002508319
-0.0040442237
-0.0048480443
-0.0043008168
-0.0030697822
-0.00066304986
0.0013523042
-4.3232239e-05
-0.0056131042
-0.005563913
-0.0066538982
-0.0066420443
-0.0069249457
-0.0070223336
-0.0075144907
-0.0085073565
-0.0082710044
-0.008630057
-0.0069603744
-0.0080062297
-0.010815966
-0.011650456
-0.013159098
-0.014231114
-0.014238286
-0.014139448
-0.01419673
-0.011052588
-0.0097774107
-0.010382312
-0.010456865
-0.010504666
-0.0085308517
-0.0081913396
-0.0068815116
-0.0068214985
-0.0068657578
-0.0064941596
-0.0070605924
-0.0073658264
-0.0071216545
-0.0071361481
-0.0071531775
-0.0077171786
-0.0078299708
-0.007445155
-0.0075021763
-0.0061515818
-0.0057699082
-0.0051594501
-0.0045499983
-0.0039750297
-0.0041642747
-0.0036360604
-0.0036437793
-0.0036131644
-0.0034667916
-0.0025272509
-0.0023926669
-0.0012273167
-0.002020627
-0.0032463288
-0.0040758876
-0.0025476851
-0.0039541079
-0.0058674701
-0.0077709993
-0.010588865
-0.010725452
-0.0081113887
-0.0072971453
-0.0082909848
-0.0089432841
-0.011051244
-0.012017283
-0.011276777
-0.0092260109
-0.0095187765
-0.0099169651
-0.0098135991
-0.0088028326
-0.0087825121
-0.0077726702
-0.0069113351
-0.0057145845
-0.0052804769
-0.0047320264
-0.0049243014
-0.0053281455
-0.0058610569
-0.0055704332
-0.0057755767
-0.0076452355
-0.0076573741
-0.0080020114
-0.0083099756
-0.0097249292
-0.010236341
-0.015227392
-0.016396048
-0.016108976
-0.015491207
-0.012638841
-0.01522909
-0.013994456
-0.01262336
-0.011093983
-0.012370067
-0.013779777
-0.014228111
-0.015066704
-0.017282966
-0.017738414
-0.018243808
-0.020064751
-0.019106425
-0.020722502
-0.019969763
-0.019939639
-0.024893544
-0.028425725
-0.033368366
-0.034194825
-0.038178891
-0.04189156
-0.04296282
-0.042488574
-0.042351638
-0.042932488
-0.037068994
-0.030498842
-0.025149887
-0.020809662
-0.016365343
-0.012716167
-0.0092611554
-0.0085321058
-0.0060997251
-0.0063429722
-0.0060172395
-0.005256965
-0.0056861336
-0.0048710428
-0.0068461345
-0.0075848524
-0.0082133642
-0.0092264206
-0.0084969124
-0.0055066077
-0.007256781
-0.001503283
-0.0064814653
-0.010012224
-0.0038435989
0.00071059461
-0.00076445486
-0.0017768422
-0.0013393322
-0.0020347788
-0.0063449582
-0.0084860972
-0.0066640225
-0.0062452877
-0.0056384049
-0.0066240909
-0.0058329473
-0.0067300613
-0.0099765561
-0.0099364284
-0.00943056
-0.0097012383
-0.0084535289
-0.0087424371
-0.0090274298
-0.0089629688
-0.0081397188
-0.0076827541
-0.007312177
-0.0065025926
-0.0060165493
-0.0063707912
-0.0058612676
-0.005881966
-0.0053113791
-0.0059254734
-0.0056288376
-0.0057309808
-0.0056351354
-0.0065533574
-0.0069085847
-0.0060892113
-0.0052859654
-0.0040702523
-0.0031804894
-0.0025000286
-0.0023258745
-0.0022633536
-0.0018509356
-0.0022642363
-0.0021262365
-0.0025288351
-0.0020391789
-0.0021933001
-0.0035442678
-0.0072262133
-0.0079619745
-0.0072055587
-0.0059069407
-0.0087838019
-0.010626758
-0.011894792
-0.013201227
-0.0120451
-0.012799297
-0.012523975
-0.013003008
-0.013234495
-0.015537765
-0.016277455
-0.015621263
-0.014451983
-0.012708362
-0.012106551
-0.011003842
-0.010155969
-0.0080374526
-0.0074360658
-0.0062169646
-0.005862913
-0.0053891332
-0.0059194375
-0.0064345646
-0.006996647
-0.0071374991
-0.0072039385
-0.0070422182
-0.0077253978
-0.0080677135
-0.0082500679
-0.0093252575
-0.010760823
-0.013479294
-0.017144872
-0.018736253
-0.018656171
-0.015284365
-0.014308624
-0.014470188
-0.013021134
-0.012866096
-0.011565002
-0.011348294
-0.012744218
-0.013939515
-0.015672114
-0.017044574
-0.018149415
-0.018201559
-0.017232438
-0.016641522
-0.015950937
-0.020115921
-0.023620459
-0.024795375
-0.027812478
-0.034053262
-0.042412972
-0.046730716
-0.054698451
-0.05739158
-0.056756191
-0.061161265
-0.060219747
-0.057163004
-0.051383895
-0.04653548
-0.040144067
-0.027321019
-0.027187855
-0.024685884
-0.022113095
-0.018991592
-0.019411165
-0.014333114
-0.014261986
-0.012647148
-0.013560795
-0.013411193
-0.011807302
-0.011156509
-0.012700187
-0.012863085
-0.0089837047
-0.0029036905
0.0055617763
0.0011508092
-0.0043555448
-0.0035082552
0.0020188222
0.0011306946
0.0080165295
0.0051238302
0.005241221
0.0037643484
0.0017008539
0.0037626795
0.0024864391
0.0061076402
0.0053695889
0.0042542482
0.0034859974
0.0010935342
0.00086919232
0.00082678493
0.00068663674
-0.00029987319
-0.00073959984
-0.0025802895
-0.0022600207
-0.0024137701
-0.0016033524
-0.0012116516
-0.0021325151
-0.0024325854
-0.0019211478
-0.0015364908
-0.0016518348
-0.0020557767
-0.0015031541
-0.001973007
-0.0023010687
-0.0020528989
-0.002186929
-0.0023764262
-0.0016542459
-0.00087511715
-0.00051553802
-0.00018750449
-0.00032225063
-0.00037583102
-0.00047210571
-0.00095358179
-0.0011853739
-0.0014444045
-0.0018559454
-0.0017179853
-0.0028610212
-0.0053079413
-0.013033548
-0.010658634
-0.0072901535
-0.0080650778
-0.010482173
-0.011694978
-0.012648606
-0.017266419
-0.014471595
-0.015844706
-0.015830232
-0.016465672
-0.015907661
-0.016272436
-0.015616717
-0.015474623
-0.014715084
-0.012716477
-0.010867864
-0.0063267935
-0.0043575094
-0.0049106366
-0.00498446
-0.0043011032
-0.0048414135
-0.0053438594
-0.0056962652
-0.0056621734
-0.0065790005
-0.006775162
-0.0071695264
-0.0072999246
-0.0086175984
-0.0092698164
-0.010913855
-0.011648345
-0.013215376
-0.015962405
-0.020500301
-0.016918423
-0.016743243
-0.015262786
-0.01588188
-0.014463451
-0.01446129
-0.01313465
-0.0085037142
-0.0071331568
-0.0093841449
-0.012042544
-0.014236361
-0.014893777
-0.016205995
-0.017937303
-0.016231277
-0.012766812
-0.014756042
-0.021536702
-0.023234604
-0.025679553
-0.030773535
-0.039474551
-0.050018036
-0.058078337
-0.061684432
-0.065103301
-0.065950251
-0.065902186
-0.064937635
-0.059393568
-0.05766159
-0.056842839
-0.049136663
-0.037751025
-0.04478354
-0.043952224
-0.042453447
-0.035452642
-0.033825887
-0.027045693
-0.019286792
-0.022875097
-0.016565657
-0.019707427
-0.018261178
-0.014304794
-0.017181468
-0.0038866873
0.00071812991
0.0016464881
0.0047811462
0.0089142472
0.01357574
0.011004633
0.017641596
0.015847943
0.01822553
0.015002204
0.013703168
0.011853502
0.011318449
0.014360067
0.01420396
0.013647625
0.015127167
0.01286655
0.012262406
0.011494312
0.010189093
0.0078506602
0.0073400013
0.0045584841
0.0043511523
0.0033746277
0.0037151627
0.0040276726
0.0038330406
0.0030125187
0.0028795465
0.0020903317
0.0020374401
0.0021476378
0.0023130948
0.001860514
0.0017834367
0.0011909998
0.0014939513
0.0010205193
0.0010374797
0.00054199873
0.0016382716
0.0012818327
0.0012514835
0.00066141868
0.00059597018
0.00054132468
0.00071809346
-0.00031642051
-0.00021291714
-0.001580703
-0.0019293984
-0.0035334619
-0.0044269252
-0.0075885821
-0.015205466
-0.012048092
-0.0084897372
-0.0081645148
-0.0093689155
-0.014164675
-0.015848848
-0.017602658
-0.016981385
-0.015856191
-0.014957578
-0.015129064
-0.015933333
-0.014514175
-0.013816591
-0.009777885
-0.0092143917
-0.0068991078
-0.0047024328
-0.0032367356
-0.0031496891
-0.0033797741
-0.0047263501
-0.0046899329
-0.0044046195
-0.0055335217
-0.0059552685
-0.0060687716
-0.0064799714
-0.006309792
-0.0067023166
-0.0071613746
-0.0095395858
-0.0099609987
-0.01270404
-0.013521134
-0.015240486
-0.019643405
-0.019282786
-0.018327113
-0.016110883
-0.014008472
-0.014496261
-0.014880055
-0.013498735
-0.013577349
-0.0063823783
-0.0011436663
-0.0061321416
-0.010276152
-0.012235007
-0.012744272
-0.013999081
-0.018490258
-0.019217297
-0.017278853
-0.01707197
-0.021800935
-0.024257554
-0.028991048
-0.038340604
-0.047578788
-0.055736116
-0.061365793
-0.064972886
-0.06707927
-0.067922985
-0.065731211
-0.062646195
-0.057552071
-0.055300285
-0.055171074
-0.041732655
-0.044057173
-0.045493055
-0.048107599
-0.046333944
-0.041952431
-0.02849156
-0.027201552
-0.024126525
-0.022038892
-0.018125495
-0.020806076
-0.018159717
-0.00885418
-0.009689467
0.00076443757
0.0076015595
0.011953112
0.018112385
0.022785347
0.024788535
0.028328571
0.028347694
0.029271131
0.027618813
0.023701632
0.019824599
0.018754937
0.019196039
0.020415279
0.019733738
0.020199101
0.019412341
0.019195612
0.016254654
0.014614042
0.014635926
0.012946308
0.0092500189
0.0076320317
0.006064988
0.0058814921
0.0048183572
0.005816264
0.0058062625
0.0058703987
0.0046407568
0.0044949898
0.0043449882
0.0041938345
0.0032009346
0.0030372395
0.0030884421
0.003392061
0.0032921413
0.0029902695
0.0029315405
0.002636404
0.0013540174
0.001842521
0.0014376778
0.00092902311
0.00060029054
0.00039493342
-0.00075850397
-0.00081642924
-0.0014604522
-0.0023182542
-0.0043507933
-0.0052211383
-0.0073362261
-0.0096304827
-0.017071934
-0.013703172
-0.0085768309
-0.0093391538
-0.0091436625
-0.013182128
-0.014954791
-0.016790139
-0.014049901
-0.010804031
-0.0098456265
-0.010591549
-0.012064229
-0.006661483
-0.0058585571
-0.0055311943
-0.0037999515
-0.0023604239
-0.0033854233
-0.0035997022
-0.0046284441
-0.0045021021
-0.0050601811
-0.0054082455
-0.0063387338
-0.006519125
-0.006576634
-0.0072540525
-0.006946421
-0.0072276757
-0.0073002222
-0.0088311827
-0.011419262
-0.014521712
-0.018027701
-0.018767092
-0.017719931
-0.01887203
-0.016828652
-0.014330589
-0.014064897
-0.01227457
-0.015182436
-0.016812547
-0.01571546
-0.011311677
-0.00051034778
-0.0015485607
-0.0067764717
-0.0095304267
-0.012622718
-0.013440525
-0.015023811
-0.019185205
-0.023687226
-0.025025089
-0.024736813
-0.027344749
-0.032300124
-0.036660329
-0.043865358
-0.046129104
-0.050528255
-0.054517471
-0.058431328
-0.059713574
-0.058555403
-0.054720973
-0.048514866
-0.044185478
-0.044395357
-0.043728412
-0.038276517
-0.034260884
-0.030423907
-0.031597408
-0.031473764
-0.031317416
-0.016209507
-0.012202664
-0.008981503
-0.0054604698
-0.0039864663
-0.010893281
-0.0025096888
0.0052767157
0.011167256
0.015157629
0.021516918
0.026968958
0.030759984
0.036137654
0.039277765
0.038300007
0.037483813
0.034259831
0.03207208
0.029473871
0.026983091
0.025054016
0.024613252
0.025604124
0.024674215
0.026142691
0.024095181
0.024870035
0.023123049
0.02390997
0.021347132
0.018066473
0.016289383
0.012095565
0.0079271288
0.0093115175
0.0089584535
0.0076174506
0.0076735719
0.0085957634
0.0083767282
0.007987286
0.0067725807
0.0068214256
0.005763302
0.0051016747
0.0064465448
0.0057743815
0.0079445888
0.0061720665
0.005763742
0.0052843234
0.00444985
0.003388618
0.0031255255
0.0033806649
0.0020492569
0.0013238666
0.0001284553
-0.0016823578
-0.0018288878
-0.0027624151
-0.0045274816
-0.005297089
-0.0076569443
-0.013533477
-0.019134818
-0.01622895
-0.014137814
-0.010843594
-0.0083752391
-0.010479852
-0.01322725
-0.012752539
-0.012708066
-0.006491173
-0.007095741
-0.0048486586
-0.0031473912
-0.0021024192
-0.0018434638
-0.0008957156
-0.0031702086
-0.0049303164
-0.0064948967
-0.0068255423
-0.0083543715
-0.0075706917
-0.0075005623
-0.0090036787
-0.0090392512
-0.0078521257
-0.0075950709
-0.0070098701
-0.008417766
-0.0095241404
-0.010147649
-0.0094775297
-0.014159056
-0.017570681
-0.021332429
-0.014506058
-0.0151985
-0.017523283
-0.016075536
-0.01358656
-0.01528792
-0.015979025
-0.015123388
-0.01690517
-0.018990279
-0.010046696
-0.003306798
-0.0037647802
-0.0056356697
-0.0093248953
-0.01209157
-0.014342254
-0.017637649
-0.022115065
-0.028072352
-0.03432135
-0.036449758
-0.037925445
-0.039449616
-0.0419809
-0.044817055
-0.043986056
-0.04353974
-0.041017143
-0.040576052
-0.040998081
-0.044242098
-0.038663426
-0.02768304
-0.01898725
-0.027271157
-0.029564052
-0.020832759
-0.014409424
-0.0097506939
-0.0084178414
-0.0050194564
-0.0012596521
0.0037690144
0.011375773
0.016216316
0.015486368
0.019033382
0.01911806
0.022382111
0.029751523
0.036342736
0.037764315
0.041519658
0.043734624
0.043200951
0.042559623
0.045234254
0.043016345
0.03903328
0.038423507
0.040457217
0.036180598
0.033466465
0.033826592
0.032426066
0.033517636
0.03507884
0.034049617
0.034237549
0.034634512
0.034784237
0.034464822
0.030658323
0.028492826
0.025195679
0.020823889
0.015769205
0.014212167
0.016443138
0.0138389
0.011323006
0.011097089
0.0098921846
0.010385042
0.010557076
0.0094790787
0.010501583
0.0083621838
0.0073873442
0.0085104363
0.0094520565
0.0089361484
0.0077899218
0.0051096296
0.0065110334
0.0052542761
0.0043113462
0.0035444858
0.0043355528
0.0026837265
0.0018657075
0.00043821087
0.00076673269
-0.0026577681
-0.0058001646
-0.0082272575
-0.012071999
-0.012372169
-0.00982064
0.00090529446
-0.011813513
-0.010414838
-0.0055720318
-0.010099055
-0.010707665
-0.010399813
-0.0091695702
-0.0060892405
-0.004868887
-0.0023221902
0.0029300066
0.0021510023
-0.00068068933
-0.0022153248
-0.0034108887
-0.0086632936
-0.0085511266
-0.0091646199
-0.012092871
-0.013143747
-0.010888932
-0.013255112
-0.012647364
-0.013736539
-0.013199058
-0.013279246
-0.013974579
-0.013201162
-0.013752219
-0.014384631
-0.013201901
-0.012565895
-0.013451199
-0.012874592
-0.014165079
-0.011510202
-0.0089395695
-0.01219605
-0.013577976
-0.014121911
-0.01492101
-0.013531149
-0.016177167
-0.0089795378
-0.01085568
-0.0078057728
-0.0056470398
-0.0090295458
-0.012442784
-0.014508623
-0.018461362
-0.023351166
-0.028510792
-0.035286707
-0.040710725
-0.043905075
-0.044531333
-0.046021968
-0.043229829
-0.037482722
-0.0288078
-0.020526502
-0.027891551
-0.026835297
-0.027552339
-0.02288915
-0.013442148
-0.001759467
0.00048103648
-0.0040140261
0.0049662767
0.020015803
0.028350925
0.032023167
0.035813446
0.035759257
0.041386811
0.045482031
0.044698559
0.034135743
0.039290056
0.050834741
0.054308524
0.057512343
0.060693593
0.060797471
0.061828672
0.06102473
0.058802073
0.055865329
0.052921617
0.048258726
0.044592139
0.043549139
0.044165508
0.041993396
0.038986215
0.039525504
0.03931885
0.038769173
0.038560382
0.041182258
0.042726348
0.03820669
0.040010939
0.039692019
0.036473834
0.034115166
0.034221676
0.030041095
0.026440707
0.02543657
0.025746222
0.024891598
0.020182297
0.020414267
0.019974736
0.019698068
0.021793916
0.021407029
0.020519385
0.018793073
0.015358638
0.016194533
0.018588368
0.016749111
0.016293419
0.014796977
0.015829522
0.015335125
0.014750645
0.010162974
0.0098242493
0.011081122
0.012375366
0.012260601
0.010831991
0.0099890415
0.0059875019
-0.0052498045
-0.01150864
-0.0095217882
0.00022468659
0.0049012009
-0.0047102307
-0.0065647585
-0.0044765512
-0.0031692939
-0.0049311945
-0.0044324518
-0.0032525425
-0.00059288206
0.0017525378
0.0047878051
0.00676895
0.007102196
0.0039057398
0.00071356518
0.0010094004
-0.0042660693
-0.0042125402
-0.0070239499
-0.0082554965
-0.0098435942
-0.010898425
-0.010763076
-0.013211335
-0.012838261
-0.011796167
-0.012223547
-0.012518602
-0.013949921
-0.014710345
-0.014107475
-0.0080908058
-0.010042588
-0.0082360442
-0.0084717453
-0.010253243
-0.0093729758
-0.0094506116
-0.010998307
-0.0090219136
-0.010801206
-0.012866413
-0.011865695
-0.012089788
-0.014744073
-0.017323664
-0.01434819
-0.011164467
-0.010357976
-0.011446392
-0.010519571
-0.013423848
-0.016069572
-0.02227763
-0.02676493
-0.031963016
-0.038487425
-0.043147345
-0.044028385
-0.040090852
-0.026241443
-0.0097080773
-0.011920021
-0.014965492
-0.0096466485
-0.0010141623
0.0074611403
0.019820053
0.029724697
0.037919864
0.033562766
0.035061244
0.04671985
0.04426725
0.050489747
0.060476831
0.070780055
0.07606735
0.070533224
0.064254091
0.05645721
0.063325281
0.079788156
0.078549945
0.074369525
0.073793132
0.071979178
0.067474796
0.062765782
0.060207658
0.057154059
0.052091342
0.049600419
0.046978712
0.042659202
0.040277332
0.035071676
0.031807619
0.033529482
0.031598904
0.032350144
0.034093746
0.034750789
0.03317064
0.032705176
0.03344077
0.033464859
0.032138732
0.033385429
0.033680724
0.031688114
0.031328736
0.028895381
0.029283117
0.027197711
0.029181396
0.032570807
0.031031956
0.036153847
0.035215856
0.034508119
0.037730514
0.037646655
0.033588731
0.031623469
0.032800478
0.034574281
0.03259302
0.027511112
0.023153427
0.021838463
0.017774319
0.010671643
0.0094171383
0.0055563213
0.001740314
-0.00074198835
-0.0075189243
-0.011610774
-0.010926439
-0.013043204
-0.01121339
0.0063840733
0.010388404
0.00076911732
-0.0084031099
-0.0067384049
-0.0056515502
-0.0069527311
-0.0029759851
-0.00033676218
0.0018944635
0.0013643067
0.0019445623
0.0025616726
0.0055103959
0.0048111991
0.0046876239
0.0025899037
0.0020098449
0.00090969294
-0.0030848381
-0.0039519537
-0.0027349557
-0.0047941686
-0.0067445462
-0.0088145538
-0.0098830671
-0.010087288
-0.0080807924
-0.0068881045
-0.0086041596
-0.012379507
-0.012296646
-0.010990116
-0.0086001086
-0.0067776977
-0.0066444324
-0.0093065341
-0.0098060943
-0.0093603071
-0.010242751
-0.006794778
-0.007234919
-0.0089032347
-0.010728956
-0.013296032
-0.015879754
-0.016971315
-0.019228811
-0.012989734
-0.012113275
-0.0081580402
-0.0041190985
-0.004932256
-0.006909689
-0.0096050175
-0.014463713
-0.016522245
-0.019979863
-0.023774708
-0.027050128
-0.029137009
-0.026513568
-0.0040735799
0.0099038508
0.0024362405
0.017299078
0.025349914
0.033024371
0.041823852
0.050057198
0.054357282
0.060284852
0.054291877
0.037900452
0.036797076
0.0412686
0.04459499
0.060880504
0.074498323
0.083115727
0.085657447
0.071650815
0.057834763
0.07016342
0.079732749
0.077775178
0.071200105
0.065870397
0.062147612
0.058714439
0.051749028
0.046817422
0.044894172
0.03820605
0.036138119
0.032371085
0.03096762
0.028266962
0.026339774
0.024380731
0.024132516
0.019981873
0.019975049
0.022205888
0.024060012
0.023780819
0.023700739
0.025610933
0.02509684
0.024161653
0.024658527
0.02394951
0.022997969
0.022261365
0.022446539
0.024253352
0.025768909
0.025968366
0.029999776
0.031918886
0.033204753
0.037404433
0.038064645
0.041150046
0.039722414
0.041557846
0.040793334
0.042184628
0.04306856
0.039587684
0.035230245
0.029557142
0.0200133
0.010655941
-0.00035990369
-0.0054946639
-0.0066295744
-0.0088511838
-0.016050243
-0.018619519
-0.021096043
-0.025141605
-0.025893546
-0.0045015591
0.0029159946
-0.0042456302
-0.0099887177
-0.015641335
-0.014772038
-0.011741243
-0.0078902831
-0.0048908646
-0.0017550245
0.00044159551
0.0011630824
0.0001649099
-0.002421151
-0.0031885408
-0.0020388062
-0.000988492
-0.0013936791
-0.0021794036
0.00027094994
-0.0010186023
-0.0021053189
-0.002982988
-0.0053784788
-0.007747949
-0.007411794
-0.0083590863
-0.0055594105
-0.0045230699
-0.0035226599
-0.0055381239
-0.0071735746
-0.010130687
-0.0066040662
-0.0053676651
-0.0059788722
-0.007606561
-0.0068184663
-0.0090051142
-0.0099849863
-0.0096379373
-0.0089942852
-0.0093590854
-0.011090812
-0.011800189
-0.012998728
-0.016619254
-0.015276455
-0.014937558
-0.0093265368
-0.0073552126
-0.0081424348
-0.0063089407
-0.0042169532
-0.0029539436
-0.0035538423
-0.0051002397
-0.0069240161
-0.0087584911
-0.010711001
-0.011814645
-0.010587123
-0.0064152399
0.013714502
0.019955844
0.024586276
0.042144133
0.052250729
0.060768109
0.06600348
0.065385572
0.061287255
0.060512004
0.044433085
0.030595756
0.037165645
0.044443948
0.050749989
0.059997761
0.063663713
0.067158938
0.068796238
0.05761584
0.052657348
0.06291367
0.06349932
0.058953518
0.050594879
0.048679627
0.042932614
0.034769802
0.027795528
0.026942872
0.025756757
0.022013104
0.022645955
0.020345537
0.015496966
0.016149039
0.01436801
0.016815027
0.014652862
0.013536449
0.013734804
0.014614541
0.014144891
0.013887123
0.0145739
0.014960594
0.019603469
0.019296775
0.020013974
0.020203585
0.022566443
0.019909245
0.02218256
0.023353035
0.023645838
0.023128465
0.024146925
0.02498206
0.027142502
0.029025909
0.030812277
0.030869387
0.030656902
0.030034824
0.030438972
0.031965828
0.033232045
0.033599482
0.027112941
0.021078337
0.012552511
0.001582247
-0.0098210228
-0.015701129
-0.019536971
-0.021144751
-0.030727269
-0.033227202
-0.029347671
-0.022612109
-0.015734578
-0.0048230834
-0.0072576043
-0.012379568
-0.013921044
-0.015871127
-0.013885227
-0.014633321
-0.010215935
-0.0069688177
-0.004076361
-0.0012227907
-0.0014910944
-0.0030197968
-0.0037247073
-0.0049480519
-0.0043145237
-0.0033500639
-0.0018128121
-0.0011485534
-0.0007782567
0.00053428272
-0.00043181687
-0.004263499
-0.0060313984
-0.0080317721
-0.0074363986
-0.0084346059
-0.0078663068
-0.0065120837
-0.0020686941
-0.0032915547
-0.0051989444
-0.0056381268
-0.0068687709
-0.0033785433
-0.0030074694
-0.0020780962
-0.0018218103
-0.0040688779
-0.0030030889
-0.005042318
-0.0056972741
-0.0048968834
-0.0071243171
-0.0069792606
-0.0093879434
-0.010642804
-0.011004118
-0.0086904866
-0.0072695816
-0.0055993134
-0.0038140134
-0.0037386239
-0.0043778381
-0.003286534
-0.00014169896
0.00014142133
0.00025877632
-2.2747667e-05
0.001607652
0.0045271243
0.0069839539
0.012563277
0.021554821
0.024386685
0.032636502
0.043171841
0.05531221
0.062158171
0.061880928
0.057361047
0.046520353
0.033769351
0.024054582
0.021494429
0.033867455
0.03864575
0.041558191
0.046752484
0.046101706
0.046143948
0.043457704
0.036819357
0.033861409
0.037806718
0.034293893
0.032723478
0.026066845
0.021513561
0.018753679
0.014028509
0.0095276941
0.0072693682
0.0088559376
0.0060732705
0.0064078455
0.0043792866
0.0037130156
0.0058997314
0.0068835164
0.0090256907
0.0095599888
0.0091829677
0.0077809344
0.0096846763
0.010401556
0.006620248
0.0067638802
0.0076344966
0.011768263
0.013071241
0.013801711
0.014299714
0.015634749
0.017883799
0.017831684
0.018826467
0.019572801
0.018412503
0.017782868
0.018043842
0.019597607
0.021180791
0.020970683
0.020600575
0.020568638
0.020365682
0.01933728
0.019882697
0.016516577
0.012825159
0.0086365526
0.0041266514
-0.002408703
-0.011648218
-0.021210744
-0.02868193
-0.031205759
-0.025395979
-0.021539656
-0.020161285
-0.02044716
-0.013141261
-0.0052988003
-0.011536425
-0.013274837
-0.015241592
-0.018409868
-0.017524679
-0.017015584
-0.013606537
-0.011151014
-0.0086056151
-0.0058889372
-0.0016891573
0.0012210172
0.0013812554
-0.0016095372
-0.0038301427
-0.003681874
-0.0026017876
-0.0019181714
-0.0015840469
-0.0023909298
-0.0016627599
-0.0031219061
-0.0034698088
-0.0043618418
-0.0049189514
-0.0064260115
-0.0055850397
-0.0060055773
-0.0059283118
-0.0021610388
-0.0028824104
-0.0043281839
-0.0052440225
-0.0040873537
-0.0014054039
-0.0013177198
-0.0014619225
-7.4132149e-05
-0.00038180452
-0.0011934433
-0.001216936
-0.0016438685
-0.0031379796
-0.0031252357
-0.0046271691
-0.0042143736
-0.0056480011
-0.0073505535
-0.0077759371
-0.0070199794
-0.0040550277
-0.0055790746
-0.0033683139
-0.0040453743
-0.0048251329
-0.0022131438
-0.00050143457
0.0027344363
0.0033296743
0.0061008993
0.013191991
0.020120049
0.026690112
0.026967233
0.027402372
0.036671518
0.041295545
0.037978844
0.046380549
0.040687537
0.033200012
0.022054548
0.011597087
0.010842124
0.013678412
0.019292969
0.023315833
0.029252741
0.026622985
0.026027913
0.023128934
0.024152897
0.019979713
0.014890056
0.011976065
0.0095799999
0.01186721
0.010591624
0.0074838549
0.004247318
0.0010166712
0.00015667151
-0.0023505898
-0.0042608719
-0.0039902061
0.00053422244
-0.0012628234
-0.00089169707
0.00052303669
0.0025854229
0.0036749469
0.0034444064
0.0053765826
0.0044860329
0.0049629174
0.0034480596
0.0030543334
0.0018470386
0.003057985
0.0057734699
0.0073107152
0.007331319
0.0073010426
0.0081443157
0.0099611487
0.012122595
0.013815755
0.013773243
0.011357573
0.010723814
0.011422849
0.011522732
0.012589067
0.012979661
0.011852924
0.012403532
0.012811002
0.011867436
0.010047586
0.0079344493
0.0042378776
0.00014417628
-0.0060549929
-0.013756614
-0.019440309
-0.027401494
-0.021964089
-0.01461068
-0.012037786
-0.0098701417
-0.011195392
-0.014494081
-0.009702002
-0.007915912
-0.011608768
-0.013470475
-0.015885036
-0.017033693
-0.015854989
-0.013120888
-0.01064595
-0.0095323439
-0.0087162724
-0.0076876312
-0.0043884821
-0.002527884
-0.0030080936
-0.0029827489
-0.0045440021
-0.0059484612
-0.00597574
-0.0032253148
-0.0036107699
-0.0033347676
-0.0033307898
-0.0031163167
-0.0036453001
-0.0034054961
-0.0026169291
-0.0033287962
-0.0032563387
-0.0044439218
-0.0052122249
-0.0020551483
-0.0038986586
-0.0032035486
-0.0047103371
-0.0058170512
