0.00060822694
0.00094837031
0.00090583448
0.00092725999
5.3508561e-05
0.0015272619
0.001853649
0.0024930394
0.0016230519
-0.0010725413
-0.0038716512
-0.0059127599
-0.0061206586
-0.0070902739
-0.0065699375
-0.0051103964
-0.0038042888
-0.0040613018
-0.004187256
-0.0039647584
-0.004401922
-0.005449193
-0.0052543519
-0.0054167262
-0.004687291
-0.0043737588
-0.0049406126
-0.0052275938
-0.004867758
-0.0041670239
-0.0042711091
-0.0038146908
-0.0047496971
-0.0047016155
-0.0045769382
-0.005044891
-0.0046349817
-0.0047230302
-0.0036630914
-0.0037952088
-0.0021370178
-0.0010437465
-0.00068880765
-0.00024403403
-0.0007837309
-0.001926246
-0.0031317778
-0.004215498
-0.0042346137
-0.0046574718
-0.0031107339
-0.0023419588
-0.0008638676
-0.0022231314
-0.0030014843
-0.0047664006
-0.0044213536
-0.005973852
-0.008179196
-0.008472944
-0.0079916495
-0.0060447791
-0.0057246347
-0.0056965174
-0.006071926
-0.0066232685
-0.0069708272
-0.0067713939
-0.0048601292
-0.00280965
-0.0007266893
0.00076183925
0.0035541727
0.004279884
0.0031309637
0.002516808
0.0020392587
0.0013844744
0.0026349514
0.0027454791
0.0040463044
0.0051473538
0.0055846944
0.0062757972
0.0040328798
0.0050869737
0.0052870267
0.0072461534
0.0077230807
0.0075900147
0.0068273339
0.0054883311
0.0042477615
0.0046196675
0.0049819402
0.0045987712
0.0035909028
0.0034540504
0.0039647443
0.0044322982
0.0047957761
0.0051813873
0.0051901343
0.0047112275
0.0051882524
0.0046220685
0.0042522258
0.0044994681
0.0045483653
0.005146658
0.0055020107
0.005224903
0.0055574384
0.0056312853
0.0061323595
0.0077974263
0.010790176
0.010838544
0.015187985
0.013991196
0.012675461
0.012139167
0.0099342441
0.0097311767
0.0069398453
0.0064763273
0.0048942426
0.003346055
0.00091754507
-0.00016799795
-6.8271329e-05
0.0028214385
0.0019815805
0.0013221386
0.0010881182
0.0012262851
0.00038001931
0.00090739144
0.0023120392
0.0015932444
0.00060103464
0.00077578446
0.00099634713
0.0013848847
-0.000124635
-0.00012812185
-0.00046145393
-0.00074727557
-0.0006532422
0.00077261122
0.0013345592
0.00017624241
-0.0017153786
-0.0028285755
-0.0035691481
-0.0055402902
-0.0058891695
-0.00657188
-0.0076430279
-0.0058257111
-0.0052187311
-0.0044717353
-0.0032259739
-0.0037081247
-0.0048352814
-0.0050497556
-0.0048717861
-0.0050207085
-0.0050011874
-0.0056594999
-0.0057706035
-0.0057334537
-0.0049688007
-0.0051576463
-0.0057484027
-0.0059433064
-0.0060064994
-0.0059815379
-0.0057674818
-0.0052732669
-0.0050034707
-0.0044162053
-0.0029720873
-0.00096008284
-0.00065743318
0.00025327385
0.0016623555
0.0020930014
0.0016985057
0.0010715251
-3.1268061e-05
0.00029978342
-0.0007026523
-0.0020037674
-0.0012445146
0.00021689912
0.0011525067
0.00057052923
-0.00079910874
-0.0018466269
-0.0015379096
-0.0031751195
-0.0045964393
-0.0042103233
-0.0039583433
-0.0037759248
-0.00397824
-0.0047489526
-0.0051720894
-0.0040090893
-0.0032618581
-0.0027649768
-0.0016641675
0.00056019875
0.0019150049
0.0036614771
0.0044619999
0.0026765169
0.0024806798
0.0026238322
0.0017251448
0.0010992502
0.0015316003
0.0037464266
0.004459638
0.0055854968
0.0050589588
0.0039700571
0.0039633617
0.0039009136
0.0056947136
0.0053597823
0.0053964513
0.0054735799
0.0051282459
0.0033074698
0.0029304924
0.0022005278
0.0028742743
0.002841136
0.0024080761
0.0027353689
0.0027154938
0.0030455941
0.0027945441
0.0028976884
0.0030007337
0.0029002125
0.0024392032
0.0021305953
0.0024310315
0.0025600082
0.0031007047
0.0035892611
0.0038802891
0.0043381684
0.0052523487
0.0056667545
0.0065554735
0.0099591864
0.012219731
0.016299599
0.01545072
0.010259334
0.0088612995
0.0072974004
0.005911108
0.0048435507
0.0040106976
0.0047467968
0.0030775896
0.0012712453
0.0010520183
5.2775004e-05
0.00087458586
0.0014740268
0.00070524893
0.0010322447
-1.3629506e-05
-0.00070950079
-0.00058236991
-6.7608789e-05
0.00033026562
0.00054948846
0.0011422646
0.0007679631
0.0011055226
0.00059233382
-0.0017845238
-0.0024577371
-0.0024045895
-0.0024875113
-0.0016103659
-0.0017663188
-0.0006066464
-0.0019789131
-0.0042485082
-0.0054089429
-0.0067672763
-0.0060214937
-0.0069529051
-0.0068001196
-0.0071229181
-0.0069812358
-0.0062584142
-0.0051127412
-0.0038228327
-0.0054633563
-0.0062106176
-0.0059648725
-0.0054162086
-0.0063941974
-0.0063640717
-0.0067294269
-0.0083566737
-0.0096450091
-0.010363825
-0.01061564
-0.011374957
-0.011773135
-0.011778127
-0.012299666
-0.011248792
-0.010129964
-0.0088220773
-0.0075777482
-0.0052227557
-0.0029636997
-0.00035125846
0.0010360457
0.0021260129
0.0036226665
0.0045209516
0.0027900615
0.0022297575
0.0010742659
0.00031460654
-0.00031428131
0.00075828086
0.0022994634
0.0029193673
0.002597774
7.348953e-05
-0.0004016783
-0.00014788492
-0.00069811001
-0.00095143022
-0.0015407876
-0.0026350455
-0.0041195393
-0.0040324959
-0.0046968338
-0.0042190983
-0.002240358
-0.0011854592
-0.0010194188
-0.00029856674
0.00010639192
0.00026933815
0.0006316385
0.00029360274
0.001947893
0.00060633242
-0.0009256132
-0.0014603176
-0.0026955567
-0.0021431659
8.6135346e-05
0.0016327653
0.0017217861
0.0003629445
-0.0011357025
0.001125614
0.001918382
0.0019357179
0.0017618543
0.0013497313
0.0021946664
0.0020371407
0.0010159376
9.8297631e-05
-0.0011176571
-0.00093492094
0.00022596553
9.3555217e-05
-0.00039408107
-0.00088978415
-0.0010524082
-1.4875044e-05
0.00034252369
0.00044612088
0.00017254911
9.782085e-05
0.00058718093
0.00042966198
0.0001260109
0.00045696337
0.00080291727
0.0017440796
0.0023418914
0.0026340612
0.003864125
0.0047618298
0.010659344
0.013157809
0.0093576263
0.0054010692
0.0040280121
0.0026367854
0.0028496052
0.0023788725
0.0043271728
0.0025301476
-0.00025234704
-0.00018200113
-0.00093365632
-0.00017456073
-0.0012705794
-0.001834709
-0.0016168776
-0.0016658222
-0.0011725988
-0.0021364204
-0.0019333091
-0.0021594462
-0.0012450919
-0.0010618474
-0.0007467447
-0.00061255998
-0.00049894005
-0.0012783543
-0.0015803709
-0.0037791759
-0.0042358518
-0.0044103598
-0.0047356943
-0.0051912049
-0.004668858
-0.0033153145
-0.0050421811
-0.0074268226
-0.0094958125
-0.010964102
-0.010813338
-0.010792537
-0.010736958
-0.0093458963
-0.0084544913
-0.0089469179
-0.0083530247
-0.0091505181
-0.0094614584
-0.0091978741
-0.009650579
-0.010304472
-0.010597557
-0.011094278
-0.012095645
-0.013407626
-0.017422986
-0.018484119
-0.019932435
-0.021024879
-0.021838979
-0.022235705
-0.021514673
-0.020573195
-0.019040529
-0.014199364
-0.01371922
-0.010494683
-0.0049128953
-0.0020448293
0.0015115066
0.0021074211
0.0031118435
0.0022064657
0.0025113544
0.0018265737
0.0010643418
-5.7484727e-05
0.00050913751
0.00058294048
0.0013308025
0.0025888626
0.0018216663
-0.00092322865
-0.0010705369
-0.00010938701
-7.9749015e-05
-0.0013006332
-0.0013800211
-0.0037637088
-0.0039057202
-0.0033970354
-0.0051465341
-0.0066983046
-0.0039714061
-0.0021556221
-0.0038702179
-0.0028452242
-0.0028140056
-0.0024160745
-0.00084937187
-0.0038355966
-0.0054822332
-0.006795387
-0.008295891
-0.01045665
-0.0091616118
-0.0087914706
-0.0066039338
-0.0057641611
-0.0059281951
-0.0071442296
-0.0059793112
-0.0025490308
-0.0017078819
-0.0021552659
-0.0029989577
-0.0023356804
-0.0020419528
-0.0024611517
-0.0035588561
-0.0040977697
-0.0037415224
-0.0041815738
-0.0050370855
-0.005356887
-0.0050984898
-0.0046613703
-0.004461063
-0.0036338448
-0.0031892269
-0.0025396953
-0.0020145755
-0.0022797669
-0.0021024457
-0.0023572102
-0.0021147715
-0.0019641564
-0.0013347351
-0.00079528586
-0.00029604917
0.00022884959
-0.00052531462
0.0028703557
0.0028326012
0.00065788875
-0.00067913495
-0.00071180945
-0.0034191397
-0.0052445126
-0.0029775383
-0.00033291676
-0.0017616755
-0.0016943773
-0.0034515924
-0.0056908184
-0.0060313424
-0.0048207058
-0.0052440528
-0.0058345212
-0.0060324197
-0.0058755721
-0.0058512601
-0.0058002383
-0.0047747651
-0.0042608534
-0.0039202335
-0.00319163
-0.00322453
-0.002907643
-0.0029072488
-0.003107491
-0.0035439812
-0.0062698769
-0.0065262675
-0.0068495683
-0.0074512357
-0.0077599087
-0.0078108325
-0.0087203735
-0.010848551
-0.012333476
-0.013742522
-0.011669113
-0.013599545
-0.014992359
-0.014047913
-0.01065481
-0.011363001
-0.012045224
-0.013055046
-0.012083535
-0.012567623
-0.013495089
-0.014365965
-0.015856948
-0.017178223
-0.017992234
-0.020126946
-0.021140443
-0.023652725
-0.028214994
-0.033159985
-0.034248311
-0.034973581
-0.034861735
-0.033321109
-0.029947911
-0.026823459
-0.025018133
-0.02164901
-0.017665152
-0.011278803
-0.0067194812
-0.0033912213
-0.0013544688
-0.0009862423
-0.0021379468
-0.0013966203
-0.00044281542
-0.00032074831
-0.00028691918
0.00016814122
-0.00065928525
-0.00033369696
-0.00074321416
-0.0024644813
-0.0038921878
-0.0035580147
-0.0029472574
-0.0016872395
0.00020864315
-0.0016041008
-0.0072706095
-0.0060360288
-0.0054474318
-0.0050227038
-0.0046055269
-0.0042446966
-0.0043920548
-0.0048169349
-0.0045683666
-0.0052000779
-0.0046236882
-0.0054710349
-0.0083010235
-0.0092147955
-0.010565601
-0.012167132
-0.01184781
-0.01308107
-0.013749114
-0.010498051
-0.0097176511
-0.010369363
-0.010407672
-0.0095779929
-0.0079982094
-0.00779914
-0.0069748796
-0.0067544011
-0.0069149993
-0.0063435473
-0.0068135488
-0.006980289
-0.0070039264
-0.0071501314
-0.0072005171
-0.007625081
-0.0075994716
-0.006993273
-0.0071055183
-0.0057337601
-0.0052327759
-0.0045633364
-0.0040840083
-0.0035037736
-0.0036163244
-0.0032092604
-0.0034755152
-0.0036230204
-0.0033522282
-0.0024390183
-0.0023852985
-0.0012846775
-0.0025540449
-0.0040887958
-0.0047326305
-0.0031087011
-0.0050790397
-0.0071181702
-0.0079923052
-0.011159397
-0.011032428
-0.007875496
-0.0072557825
-0.0083479995
-0.0087012113
-0.0098091185
-0.011784498
-0.011281666
-0.0097801415
-0.0097405744
-0.0097575091
-0.0092672466
-0.008534263
-0.0088037015
-0.0079214975
-0.0071471573
-0.0060453361
-0.0056622227
-0.0051627158
-0.0053368347
-0.0056105309
-0.0061674105
-0.0056952711
-0.0059534506
-0.0077832924
-0.0078900759
-0.0083919834
-0.0086059507
-0.0097783863
-0.0098025726
-0.013951166
-0.015037026
-0.014990399
-0.014026105
-0.011469008
-0.014897525
-0.014495432
-0.013439846
-0.011424637
-0.012618703
-0.013038765
-0.012855112
-0.013607357
-0.015543204
-0.016355743
-0.017544038
-0.019795596
-0.019898262
-0.022616036
-0.022793702
-0.022766186
-0.027460521
-0.031602699
-0.036985508
-0.038280264
-0.042358442
-0.04520679
-0.044335039
-0.043260501
-0.041966335
-0.041795764
-0.035131407
-0.027791241
-0.022951347
-0.017798577
-0.012709702
-0.0094919585
-0.0071829812
-0.006820037
-0.0053872409
-0.0053410797
-0.003890743
-0.0035284883
-0.0031927859
-0.003267052
-0.0053321035
-0.0063651534
-0.007241728
-0.0080884086
-0.008603105
-0.0058832115
-0.0079058565
-0.0017156441
-0.0060931629
-0.0098072374
-0.0025467242
0.002516434
0.0011014314
0.00032747243
0.0005549846
0.00050749778
-0.003745574
-0.0062911873
-0.004167744
-0.0035293583
-0.0027225966
-0.0043234639
-0.0041559931
-0.0051907489
-0.0087070094
-0.0088494324
-0.0094571576
-0.009809482
-0.0079432005
-0.0084047963
-0.0085003939
-0.0086767678
-0.0077428299
-0.007122004
-0.0069038759
-0.0062685
-0.0059426274
-0.0060026875
-0.0055698415
-0.0056551574
-0.0051775412
-0.0057532851
-0.005623083
-0.0059732629
-0.0055945316
-0.0062308699
-0.0063272063
-0.0056374803
-0.0046671964
-0.0036493638
-0.0027005444
-0.0020194418
-0.0017957962
-0.0017493009
-0.0015443629
-0.0019259812
-0.0019248696
-0.002518198
-0.002020636
-0.002257916
-0.0036280408
-0.0072257042
-0.0081882345
-0.0080595029
-0.0067238284
-0.0092794003
-0.011749433
-0.01186978
-0.01291805
-0.011303294
-0.011504216
-0.011361521
-0.01203259
-0.012284042
-0.014647183
-0.01624418
-0.01599857
-0.014918982
-0.012839427
-0.011578533
-0.010392608
-0.0095173685
-0.0076494877
-0.0075202305
-0.0067270422
-0.0062977922
-0.0057510093
-0.006340614
-0.006751622
-0.007165941
-0.0071544437
-0.0072221953
-0.0070236212
-0.0077001912
-0.0077256217
-0.0083180126
-0.0091438639
-0.010269942
-0.012091934
-0.014492793
-0.015712653
-0.01645711
-0.013391756
-0.012203285
-0.013232711
-0.012629272
-0.013027745
-0.011527406
-0.011679611
-0.011606436
-0.012060795
-0.013189207
-0.014247402
-0.015419567
-0.016558432
-0.016338893
-0.017591902
-0.01763769
-0.023013884
-0.025998861
-0.028314447
-0.031766259
-0.03888382
-0.047520824
-0.051244828
-0.058161026
-0.059925048
-0.058322541
-0.062221202
-0.059421403
-0.056329492
-0.050048946
-0.043916972
-0.036647396
-0.023287292
-0.023101479
-0.021966412
-0.019681102
-0.016368092
-0.017177786
-0.012714693
-0.012101818
-0.010407182
-0.012053912
-0.012478838
-0.010161122
-0.010022992
-0.012639163
-0.012566478
-0.0082788837
-0.0033897239
0.005516249
0.0018535742
-0.0042209428
-0.0014758868
0.0033370892
0.0024484162
0.0096409293
0.0069243485
0.0072360272
0.0052484364
0.0033169538
0.0052461975
0.0040702599
0.0076308824
0.005972721
0.0050651996
0.0038997214
0.0020605532
0.0017490261
0.0014780828
0.00084283763
0.0005114607
0.00032003335
-0.0014499233
-0.0011990951
-0.001219853
-0.00069409092
-0.00052832587
-0.0013820086
-0.0015112832
-0.001201275
-0.00086857839
-0.0012129828
-0.0017305429
-0.0012899366
-0.001726261
-0.0021866188
-0.0018609632
-0.00192866
-0.0020248614
-0.0014611357
-0.0005614587
-0.00012411846
0.00033831846
0.00016510758
0.00032137482
0.00020519083
-0.00020221953
-0.00041502747
-0.00062113907
-0.0013139066
-0.0013239627
-0.002541319
-0.0044700539
-0.012004635
-0.010319721
-0.007227061
-0.0085752198
-0.011508919
-0.011856001
-0.012134244
-0.016091998
-0.013183814
-0.014449636
-0.014657219
-0.015669194
-0.015625953
-0.016073937
-0.015565556
-0.015381843
-0.014590365
-0.011842534
-0.0094846312
-0.0053189111
-0.0043898192
-0.0048575267
-0.0053823381
-0.0047296272
-0.0054092398
-0.005712236
-0.0061141482
-0.0061652285
-0.0067037816
-0.0068261082
-0.0071360091
-0.0070550205
-0.0076262885
-0.008083188
-0.010176616
-0.010493084
-0.011910538
-0.0143337
-0.018517666
-0.014190412
-0.014331979
-0.012211308
-0.013603246
-0.013431058
-0.014493883
-0.012621984
-0.0078589297
-0.0071121572
-0.008602537
-0.0099331785
-0.011428396
-0.012330019
-0.014113378
-0.016752605
-0.015644535
-0.013222746
-0.016569642
-0.02462179
-0.027117557
-0.029608448
-0.034476264
-0.043928397
-0.054024518
-0.061046576
-0.063974738
-0.067632799
-0.066987993
-0.066821305
-0.064747846
-0.058499373
-0.054583997
-0.053437527
-0.044326202
-0.032328764
-0.040312615
-0.0404285
-0.039855322
-0.03308863
-0.031079279
-0.025610117
-0.017423793
-0.020275695
-0.015643348
-0.018975945
-0.018081758
-0.014033163
-0.016970484
-0.0034379523
0.00047737737
0.0028644831
0.0063812701
0.010513129
0.014384027
0.011254256
0.017667187
0.015477059
0.01750389
0.01464122
0.014313783
0.012748404
0.012894457
0.015844835
0.015247536
0.01429272
0.015134689
0.012869007
0.011518471
0.010667544
0.0092366346
0.0069484158
0.006526549
0.0041441026
0.0046180093
0.0040769099
0.00451218
0.0051915773
0.0050754664
0.0038181218
0.0033401052
0.0024310102
0.0026164885
0.0023332253
0.0024303157
0.0019365368
0.001966208
0.0014421807
0.0017551698
0.0011486298
0.0011257404
0.00083705905
0.0020822293
0.0017698311
0.0015885696
0.0010641444
0.001155441
0.001070667
0.0013107116
0.00027800085
0.00040975524
-0.0006133459
-0.00094177219
-0.0025131966
-0.003615408
-0.0065354657
-0.013779913
-0.010732865
-0.0077738113
-0.00815665
-0.0089481271
-0.013508081
-0.014153459
-0.015809831
-0.014490706
-0.013604507
-0.013148325
-0.014115694
-0.015121504
-0.013351449
-0.012529792
-0.0087843333
-0.0082147567
-0.0055562339
-0.0039929581
-0.0026943472
-0.002827783
-0.0030632886
-0.0045445368
-0.0043976769
-0.0045462785
-0.005507601
-0.0058740126
-0.0061022846
-0.0063230855
-0.0058933467
-0.0061325848
-0.0064023529
-0.0079489575
-0.0085871202
-0.011397632
-0.01100074
-0.012684727
-0.017247022
-0.016816336
-0.015602928
-0.013722806
-0.011724009
-0.013201222
-0.013972628
-0.013143314
-0.01351683
-0.005485218
-0.001677245
-0.0064004294
-0.0091539152
-0.010037906
-0.01082538
-0.012370459
-0.017636153
-0.018229378
-0.016494976
-0.017776767
-0.022815999
-0.026443103
-0.032464963
-0.042169599
-0.051932121
-0.059750232
-0.065717617
-0.069431661
-0.071091554
-0.070402126
-0.067185842
-0.063646094
-0.057100451
-0.053634506
-0.052536093
-0.038281246
-0.040283639
-0.041651248
-0.045892352
-0.044308121
-0.039307819
-0.025280083
-0.023608436
-0.021269527
-0.018937295
-0.016030232
-0.01970599
-0.017348216
-0.0084246998
-0.0084876601
0.0015811348
0.0084944054
0.013949074
0.018932059
0.023594288
0.025218663
0.028693389
0.027361681
0.027253626
0.025002584
0.021480208
0.018473788
0.018542228
0.019565694
0.020329162
0.019472644
0.019231592
0.018369291
0.0179733
0.015090124
0.013487326
0.013461001
0.011830933
0.0084327664
0.0072244458
0.0058627419
0.0061205198
0.0049919992
0.0062000658
0.0062411441
0.0062234443
0.004929766
0.0044355616
0.0044037861
0.0038464215
0.0025935251
0.0022675646
0.002570542
0.003043386
0.0029706144
0.0026233675
0.0026827288
0.0025695698
0.0015050228
0.0019126014
0.0014578222
0.00098134018
0.00085492343
0.00078049289
-6.8258201e-05
-0.00033778303
-0.0008140899
-0.0015944822
-0.0033510212
-0.0041054351
-0.0059680585
-0.0080008128
-0.015206581
-0.011817489
-0.0075217303
-0.0081172955
-0.0081775724
-0.012179507
-0.013284239
-0.014319955
-0.011724434
-0.0091828466
-0.0085067512
-0.010669507
-0.011422906
-0.0060248094
-0.0054035066
-0.0045840009
-0.002895913
-0.0017744269
-0.0025409737
-0.002293789
-0.0033890537
-0.0033585792
-0.0042964694
-0.0045741388
-0.0055727459
-0.005963225
-0.0060467635
-0.0065292597
-0.0062799865
-0.0062700058
-0.0062862057
-0.0072006245
-0.0092907522
-0.012788847
-0.014723126
-0.014347836
-0.013328818
-0.01519704
-0.013506275
-0.011284109
-0.012172175
-0.0107051
-0.013297666
-0.01600653
-0.015978317
-0.011934913
1.6929453e-05
-0.0019048789
-0.006993102
-0.0097974184
-0.011298629
-0.012043064
-0.013674467
-0.017559367
-0.021418548
-0.02292499
-0.023709037
-0.027974327
-0.034229568
-0.039791116
-0.048460303
-0.050897371
-0.054915918
-0.057901551
-0.062038002
-0.062053109
-0.059680142
-0.055694549
-0.048804076
-0.044062028
-0.04375824
-0.040852355
-0.0346145
-0.030408039
-0.027215362
-0.028525013
-0.028984688
-0.02920878
-0.011930467
-0.0077187855
-0.0053957449
-0.0018038371
-0.0014730571
-0.0092130125
0.00045411359
0.00736001
0.012903002
0.01731974
0.023939096
0.028754308
0.031751661
0.036313576
0.038882958
0.037789492
0.036655449
0.031895658
0.029510092
0.028541794
0.026057484
0.025115917
0.024799058
0.025393626
0.024494659
0.025508446
0.023214062
0.023432167
0.02202182
0.022568418
0.019596476
0.016491339
0.015056868
0.011116111
0.0078916077
0.0095274906
0.0083454052
0.0076016834
0.0080206265
0.0088335472
0.008471582
0.0079718413
0.0068614282
0.0065154251
0.0050599642
0.0044991968
0.0052227549
0.0049191548
0.0069142724
0.005508353
0.0049798865
0.0044508922
0.0036645407
0.0031384953
0.0026990321
0.0027867783
0.0016411724
0.0016024985
0.00077687237
-0.0011464239
-0.0013593753
-0.001983698
-0.0036136734
-0.0040646786
-0.0062738182
-0.011733862
-0.016774642
-0.013226196
-0.011485922
-0.0087537527
-0.0068777165
-0.0092809481
-0.011493922
-0.010308847
-0.010300851
-0.0048026535
-0.0064243448
-0.0044101569
-0.0028658323
-0.0019561989
-0.001607869
-0.00057344618
-0.0022102465
-0.0032778959
-0.0045619488
-0.005114087
-0.0061196463
-0.0052773069
-0.0057406214
-0.0072315284
-0.0077085936
-0.0064002026
-0.0059352826
-0.0047938759
-0.0057940561
-0.0068779808
-0.0072476342
-0.006528352
-0.01213582
-0.016532566
-0.018425477
-0.011462099
-0.013034729
-0.01517762
-0.014593252
-0.011641644
-0.014913898
-0.015484195
-0.014509848
-0.016386341
-0.018320749
-0.0081400365
-0.002996983
-0.0036056575
-0.0048365702
-0.0091809821
-0.011047666
-0.012686493
-0.015863712
-0.019916062
-0.025623686
-0.031521095
-0.034788697
-0.037743488
-0.040607984
-0.044920687
-0.048467834
-0.0473557
-0.046449742
-0.043498833
-0.04230076
-0.043691033
-0.04486974
-0.038586225
-0.027562672
-0.018328199
-0.025766298
-0.025862665
-0.016598321
-0.01064218
-0.0054428733
-0.0048131503
-0.0017897846
0.0017555119
0.0084654862
0.01608073
0.020039255
0.01893019
0.021815343
0.021175887
0.025556361
0.033525287
0.038724169
0.040460565
0.043594783
0.045126457
0.045448522
0.043955385
0.045835717
0.042618638
0.038329543
0.036820677
0.038095736
0.034503334
0.031801143
0.032911519
0.032513547
0.032741939
0.034180749
0.033037757
0.032854723
0.032071908
0.031830289
0.031715719
0.027881864
0.026017369
0.023260502
0.020054443
0.014835106
0.014103769
0.015563454
0.013936778
0.012698446
0.011539204
0.010769638
0.010375963
0.011094833
0.0097669132
0.010033881
0.0077767756
0.00662777
0.0080498285
0.0090728607
0.0085511175
0.0069159046
0.0046801344
0.0054180664
0.0049758976
0.0038619975
0.0036156452
0.0041718954
0.0028302879
0.0022887865
0.0017869563
0.0012060198
-0.0015705969
-0.0047089173
-0.0069189639
-0.0099539705
-0.0099164206
-0.0071671502
0.0030918215
-0.009285664
-0.0083945681
-0.0027266176
-0.0076069804
-0.0087492103
-0.0080489282
-0.0075098829
-0.004999535
-0.0038361256
-0.0020144431
0.0024758701
0.0017754243
-0.001355025
-0.0020689408
-0.0031007486
-0.0070142202
-0.0064197094
-0.0076015845
-0.0096470293
-0.011036281
-0.0084324338
-0.01109773
-0.010403937
-0.011313222
-0.010638433
-0.010882582
-0.010976489
-0.011276373
-0.012106537
-0.012124223
-0.011889364
-0.011754435
-0.012206485
-0.011318529
-0.012836621
-0.010787928
-0.0081408662
-0.011730787
-0.012953545
-0.012871308
-0.014271079
-0.01310944
-0.014758869
-0.0077808867
-0.0092470472
-0.0065234357
-0.0043238876
-0.0075328468
-0.010854164
-0.012421305
-0.016386247
-0.021337424
-0.026355371
-0.032851385
-0.038419049
-0.0421917
-0.044467946
-0.046774029
-0.045267262
-0.040099633
-0.031924925
-0.024624414
-0.031011424
-0.028538592
-0.027595424
-0.02147556
-0.011605279
-0.00062060044
0.0016032021
-0.001298505
0.0076430815
0.021887208
0.029820041
0.034414222
0.037788028
0.038235215
0.045152238
0.048734212
0.047659714
0.037552285
0.041899023
0.052963574
0.057301067
0.060062742
0.063265333
0.063216064
0.06359144
0.062298091
0.060034739
0.058127692
0.054005465
0.047731143
0.043859755
0.042528532
0.042321349
0.040650248
0.03870325
0.039240662
0.039822253
0.038146035
0.037798183
0.040771907
0.041723564
0.037591685
0.038522708
0.037645482
0.034626427
0.032400075
0.032502698
0.029068461
0.026435343
0.025852553
0.025732209
0.02458007
0.020656174
0.02132089
0.020655073
0.019818063
0.022571636
0.022265998
0.0208798
0.018983073
0.015135385
0.015885535
0.018536063
0.016358671
0.015947929
0.014350853
0.015331191
0.015299912
0.014344247
0.010557137
0.010094624
0.011852334
0.013377137
0.013529451
0.011816132
0.011662615
0.0067211715
-0.0031931472
-0.0089549679
-0.0067602839
0.0019654041
0.0066014077
-0.0024642522
-0.0066019524
-0.0030700362
-0.0021171756
-0.0044806878
-0.0039288043
-0.0027609939
-0.00023133795
0.0018358362
0.004931873
0.0059041041
0.0063948223
0.0028601988
8.9466772e-05
0.00032961329
-0.0050533908
-0.0046264917
-0.0069159782
-0.0072717359
-0.0083186538
-0.0088681035
-0.0090832173
-0.01167045
-0.01194887
-0.010220331
-0.010597968
-0.010492242
-0.012665593
-0.013518982
-0.012682446
-0.0074202921
-0.0091293006
-0.0071786297
-0.0069327788
-0.0090975082
-0.0090446561
-0.0093146767
-0.01006635
-0.0080428318
-0.010575003
-0.012545245
-0.011776791
-0.010268139
-0.011697033
-0.01429707
-0.012280196
-0.0090389857
-0.0081789486
-0.0088562109
-0.0075114934
-0.010962558
-0.01442514
-0.02106319
-0.025559253
-0.030899819
-0.038054374
-0.043586323
-0.044936955
-0.041163006
-0.027930995
-0.012973055
-0.015474393
-0.017120356
-0.0095384247
0.00064818638
0.009610301
0.021973957
0.030998276
0.039864055
0.035945932
0.037420119
0.048173293
0.045927164
0.052764968
0.062120509
0.071740139
0.07778849
0.072866058
0.066837431
0.058507315
0.065102995
0.081071095
0.079575369
0.075596349
0.074615668
0.072344956
0.067361919
0.062560169
0.059724998
0.057480956
0.052291949
0.049011286
0.046179238
0.041609964
0.038836138
0.034484829
0.032455702
0.0348321
0.033272644
0.033984623
0.034067119
0.035436463
0.034945433
0.033967829
0.033775617
0.033513658
0.032132729
0.033045931
0.03322102
0.030948351
0.030717921
0.02909758
0.029426106
0.0279641
0.031178095
0.034459427
0.032892436
0.03773185
0.036889706
0.035910606
0.037675337
0.037543095
0.033236625
0.031205877
0.032875054
0.0342974
0.031132547
0.025520871
0.02018433
0.018678223
0.014747
0.0081323535
0.0078885509
0.0048267425
0.00086239209
-0.0014697927
-0.0081317689
-0.011617853
-0.010136184
-0.012251256
-0.010012072
0.0084509107
0.01302552
0.0024835074
-0.006612514
-0.0059675221
-0.005817581
-0.0067311236
-0.002718882
0.00054239226
0.0020068191
0.0011770613
0.0021385049
0.0017922757
0.0043377259
0.0041024936
0.004252479
0.0017245978
0.0013819544
0.0010428875
-0.0033507628
-0.0037801849
-0.0012778446
-0.0037171321
-0.0066013748
-0.0084262501
-0.0096484427
-0.0098609276
-0.0073482465
-0.0061417187
-0.0071495129
-0.011113666
-0.011405774
-0.010040889
-0.008187599
-0.0066760783
-0.0063024407
-0.0074137507
-0.0084561028
-0.0084422249
-0.0089387285
-0.0051967019
-0.0055784141
-0.0074636372
-0.0090953193
-0.011848759
-0.013692818
-0.013834044
-0.016406373
-0.010221485
-0.01021643
-0.0058353466
-0.001936359
-0.0030089986
-0.0053908636
-0.0085616099
-0.013514019
-0.016261819
-0.020215932
-0.024283366
-0.028606586
-0.031671574
-0.028087021
-0.0063194242
0.0060091357
0.00080927889
0.016346326
0.026149885
0.034666097
0.042888744
0.050331407
0.054004088
0.061379826
0.055247936
0.03932734
0.03765314
0.041768663
0.04664349
0.062580439
0.075284747
0.083749643
0.086681642
0.072387356
0.058826137
0.071751337
0.080967496
0.077985224
0.071061633
0.064767221
0.060056834
0.05653226
0.04958345
0.045003457
0.042911144
0.036629064
0.034398694
0.031106751
0.029788839
0.026657042
0.025584297
0.024222559
0.025104812
0.021632492
0.021285129
0.023118743
0.02534604
0.025062577
0.025096926
0.026745191
0.025949312
0.024743519
0.025323642
0.024228291
0.022456685
0.0211579
0.021093737
0.023411247
0.025778969
0.026867039
0.031695829
0.034041385
0.034744159
0.039297342
0.039399535
0.042774198
0.040547473
0.042784599
0.041907307
0.043141428
0.043159241
0.039125367
0.032852662
0.025926108
0.015602357
0.006298839
-0.0052230233
-0.0095796372
-0.010078134
-0.012238694
-0.017824746
-0.020055541
-0.021430521
-0.025423134
-0.026346469
-0.0024045733
0.0076851547
4.8157482e-07
-0.007686828
-0.015731184
-0.015711057
-0.012482011
-0.0081349725
-0.005234754
-0.0010847797
0.00047159754
0.00090514265
-0.00039989393
-0.0030666393
-0.0043044702
-0.0028128192
-0.0012562575
-0.0016041591
-0.0016391927
0.0010342425
-0.00019659658
-0.0020422249
-0.0022150068
-0.0047329137
-0.0077396833
-0.0076079829
-0.0085865721
-0.0059308922
-0.0052003935
-0.0041313452
-0.0062080479
-0.007690221
-0.0090943731
-0.0059168167
-0.0064654204
-0.0064986223
-0.006963938
-0.0058845406
-0.0077756152
-0.0083135139
-0.008118326
-0.0066199807
-0.0070743324
-0.008817969
-0.010018504
-0.011158628
-0.014488778
-0.013343494
-0.01282251
-0.006991955
-0.0052893708
-0.0052812329
-0.0033205146
-0.0017251528
-0.0010483972
-0.0024739584
-0.0042275786
-0.0068926038
-0.0094021934
-0.012750728
-0.014387058
-0.01354783
-0.0094720457
0.010636012
0.017776233
0.02422771
0.040704755
0.052098234
0.059599637
0.064454524
0.064107812
0.061248319
0.0612246
0.044944404
0.03228011
0.03712807
0.043292192
0.049572245
0.060412127
0.064429865
0.067548381
0.069017594
0.05784031
0.053803354
0.063559986
0.064324987
0.059338283
0.049630679
0.046591487
0.039672547
0.031161558
0.024283762
0.024136098
0.023037756
0.020126202
0.020503444
0.018565258
0.014332022
0.015677843
0.01532488
0.018387616
0.015762867
0.015055517
0.014814736
0.015140487
0.014887388
0.014465089
0.015020912
0.015811055
0.020372752
0.019907137
0.020034704
0.020398874
0.021849838
0.018472871
0.021061141
0.022171061
0.023234146
0.02330867
0.024741003
0.025547825
0.027893359
0.030193679
0.031406628
0.030279727
0.030601526
0.03046919
0.031157165
0.032706064
0.034398214
0.033543872
0.025812299
0.018239251
0.0080789085
-0.0035360793
-0.014018392
-0.019710446
-0.022428153
-0.0234796
-0.031661781
-0.033541296
-0.029087026
-0.022435564
-0.015602441
-0.0019639375
-0.0029965492
-0.0077791151
-0.011658476
-0.015673918
-0.01596613
-0.01643649
-0.011750199
-0.0082419392
-0.0039880323
-0.00088792857
-0.0021028892
-0.002860466
-0.0034076231
-0.0050247932
-0.0042897721
-0.0030940115
-0.0019622406
-0.00066095561
0.00018601092
0.0015973174
0.00018245185
-0.0038229631
-0.0052527513
-0.0073606613
-0.0072118788
-0.0088996951
-0.0082851672
-0.0065016223
-0.0023463965
-0.0045178933
-0.0062804022
-0.0066067929
-0.0078425174
-0.0045217369
-0.0033191544
-0.0024362788
-0.0018787375
-0.0035235655
-0.0025441533
-0.0039991656
-0.0044936265
-0.0038936458
-0.0060446374
-0.0064140054
-0.0083947881
-0.0096623849
-0.010040668
-0.0076228793
-0.0060051683
-0.004069166
-0.0027378649
-0.002083392
-0.0027613549
-0.0016398162
0.00082715534
0.00029338267
-0.00034780167
-0.0016600761
-0.0011554993
0.00056867511
0.0020940895
0.0079335475
0.017891189
0.022297623
0.031734055
0.042293981
0.053853063
0.059764914
0.059966242
0.054860907
0.046439949
0.035117679
0.025737656
0.023807129
0.034991955
0.0375003
0.040919635
0.046510768
0.045350556
0.04591793
0.043438206
0.036682826
0.034904706
0.039136912
0.036271526
0.034570678
0.026660843
0.020612704
0.015956492
0.010266582
0.0049402804
0.0029556031
0.0048398249
0.0033972321
0.0045153824
0.0028258633
0.0027952009
0.005305744
0.0073223191
0.0098538971
0.011198797
0.011144262
0.0092170611
0.010219052
0.0099894225
0.006433647
0.0063410379
0.0076734005
0.01186679
0.013565843
0.014196553
0.01428495
0.01500081
0.016919213
0.0169509
0.017464801
0.018365829
0.017822069
0.017711533
0.017853969
0.019503524
0.021078643
0.020368787
0.019573158
0.019251322
0.019593255
0.018813456
0.019163823
0.016255653
0.01219176
0.0069865102
0.0011091115
-0.0064080794
-0.015940396
-0.024227691
-0.031376445
-0.032833891
-0.025954921
-0.022712475
-0.021316378
-0.021468295
-0.013270483
-0.005010438
-0.0096505611
-0.010514802
-0.012123054
-0.016330987
-0.01653947
-0.017325884
-0.01429241
-0.011943116
-0.009049604
-0.0058133189
-0.001748628
0.0019435701
0.0021312875
-0.00033832374
-0.0026785557
-0.002583305
-0.0016833304
-0.0016340372
-0.0014135109
-0.0018773384
-0.0006853634
-0.0017566399
-0.0024177741
-0.0032117562
-0.0037889754
-0.0058422877
-0.0054038034
-0.0062107486
-0.0058322678
-0.0025383354
-0.003202584
-0.005295428
-0.0060745404
-0.0050832981
-0.0015006611
-0.0014927511
-0.0020348697
-0.00062609458
-0.0010644162
-0.0012870745
-0.0010528658
-0.00098116559
-0.0026991433
-0.0025766993
-0.0042254286
-0.0035198108
-0.0049033623
-0.0065010238
-0.0067557018
-0.0057225187
-0.0035197377
-0.0046791261
-0.0027148806
-0.0035290974
-0.0037489228
-0.0015905278
-0.00033946445
0.0023917643
0.0023772612
0.0045177476
0.010494619
0.016190663
0.021896626
0.023446022
0.025430719
0.035028865
0.039618958
0.036420117
0.044950466
0.038686652
0.031621419
0.022752825
0.013153585
0.01338007
0.015837172
0.020171664
0.023903455
0.029207999
0.027102053
0.025971842
0.022974675
0.023643979
0.019264566
0.015951887
0.01366259
0.012292092
0.014632225
0.012859947
0.0079283641
0.0035209115
-0.00048891007
-0.002071072
-0.0044981755
-0.0063902298
-0.0060376021
-0.00099770213
-0.0028168948
-0.0020931735
-0.00047270092
0.0019965666
0.0041870705
0.0053621286
0.0070374727
0.0050623242
0.0054164391
0.0037728161
0.0030146629
0.0015219791
0.0034764115
0.0059336438
0.0076691623
0.0087205512
0.0083195571
0.0082066453
0.009638116
0.012203473
0.013995687
0.013131093
0.010386255
0.010417571
0.010970716
0.011049765
0.01170368
0.011726189
0.010634885
0.011215561
0.011956072
0.011271655
0.0094104725
0.0073731625
0.0033476652
-0.001092512
-0.007531058
-0.016528407
-0.02213176
-0.02975797
-0.023272097
-0.015017551
-0.011780835
-0.01118683
-0.012700971
-0.01551042
-0.010295605
-0.0089476232
-0.011470605
-0.011721469
-0.013507682
-0.014577283
-0.01375041
-0.012371432
-0.010131591
-0.0094401669
-0.0085663482
-0.0067546423
-0.0033945441
-0.00078807957
-0.0013535502
-0.0014178076
-0.0027632516
-0.0044112267
-0.0057282336
-0.0034314713
-0.0036134823
-0.0030115484
-0.0026045608
-0.0019202201
-0.002051213
-0.0019822215
-0.0013730868
-0.0026004123
-0.0026903579
-0.004130823
-0.0055226334
-0.0032928689
-0.0043692499
-0.004060616
-0.0051823366
-0.0060346255
