0.0018246001
0.0015756015
0.0011411231
0.00059556087
-0.00067119523
-0.0013854427
-0.0016105447
-0.00018592329
0.00065818533
0.00024347581
-0.0016088763
-0.0037786472
-0.0040435978
-0.0038813332
-0.0028781014
-0.0017146265
0.00010950381
-0.00011281596
-0.0015046911
-7.5324124e-05
0.00092645771
-0.0010366005
-0.0018361345
-0.0021994869
-0.0017279015
-0.0013920261
-0.0018533934
-0.0029188927
-0.0029293601
-0.002973679
-0.0026028516
-0.0022044876
-0.0032710949
-0.0033665851
-0.0036415628
-0.0035522198
-0.0033163886
-0.0042128809
-0.0037102032
-0.0037402238
-0.0033711411
-0.0024284346
-0.0018325014
-0.0017357858
-0.0021396888
-0.0027690244
-0.0043697036
-0.0054882933
-0.0049047152
-0.0061034919
-0.0053911524
-0.0058685098
-0.0048212791
-0.0045868085
-0.0045105071
-0.0056507906
-0.0058209823
-0.0071400944
-0.0095086349
-0.010159723
-0.0089281716
-0.0057980597
-0.0055710209
-0.0064501881
-0.0071976611
-0.0081282375
-0.0093682194
-0.0093192074
-0.0083701676
-0.006937429
-0.0049071641
-0.0042975154
-0.0012142302
-0.00078924861
-0.0010063007
-0.00095248668
-0.00022439292
0.00071973535
0.0016972403
0.0016515931
0.0026135215
0.0043508488
0.0045686026
0.0044693926
0.0025542253
0.0039748916
0.0039990111
0.0054723469
0.0059738832
0.0054210848
0.0062683351
0.004611433
0.0040053057
0.0044036532
0.0037056885
0.0033625343
0.0025821133
0.002307004
0.0031557879
0.0044030521
0.0037041386
0.0038209132
0.0038724448
0.0032868492
0.00412599
0.0037350193
0.002992045
0.0027855418
0.0029684335
0.0032808431
0.003818866
0.0038419324
0.0045212983
0.0051218935
0.0053281451
0.0067874755
0.010776897
0.011434935
0.013434858
0.014651737
0.014600338
0.014149413
0.012365202
0.011559189
0.0082638264
0.0080931508
0.0082059653
0.0073025691
0.0046848207
0.0026266499
0.0011756308
0.0022678744
0.0020294531
0.0011774348
0.00020462825
0.00011417742
-0.00050508604
0.00015658679
0.0017336813
0.0017475264
0.0010162559
0.0014276295
0.0018045445
0.0026454046
0.0016498999
0.00092234704
2.2878887e-06
-0.0010673397
-0.0018004896
-0.001969848
-0.0014780737
-0.0011100457
-0.0020382432
-0.0024831685
-0.0030217986
-0.0037401328
-0.0039550903
-0.0038479167
-0.0035212998
-0.0016267735
-0.00024861981
-0.0001354588
0.00014110176
0.0006095251
0.00045187427
-0.00073947535
-0.001600783
-0.0027469604
-0.0022009228
-0.0028577468
-0.002974961
-0.0031860322
-0.0035161259
-0.0038025899
-0.0038810026
-0.0043791151
-0.0045702034
-0.0047903641
-0.004215086
-0.0041051761
-0.0050103336
-0.005012573
-0.0043587866
-0.0017617388
-0.0012701938
-0.00078917392
0.0003720494
0.0010957606
0.00094686756
0.00033093061
-0.0018293704
-0.0020251774
-0.0019527942
-0.0028508484
-0.0024414088
-0.0023807166
-0.0018402081
-0.0011917503
-0.0016017372
-0.0021081418
-0.0020531633
-0.003133374
-0.0049305032
-0.0046894295
-0.0027608307
-0.0013564522
-0.0018097608
-0.0034216441
-0.005208626
-0.0058551574
-0.0067092876
-0.0066572797
-0.0059503617
-0.0035200573
-0.0028457523
-0.0014350414
-0.0011940224
-0.0031621874
-0.002110855
-0.00042188526
0.00056826755
-0.00030121276
0.00019455627
0.0024657123
0.002865513
0.003714645
0.0034048756
0.0028356927
0.0035590635
0.0034684822
0.0053333631
0.0049071338
0.0044258806
0.0054592878
0.0054478718
0.0033615282
0.0030104776
0.0018032529
0.0016286821
0.0015173888
0.0014710686
0.0020319686
0.0022919301
0.0023264909
0.0020523392
0.0018991963
0.0017049288
0.0019755474
0.0014214935
0.0007854763
0.0011837366
0.0012292086
0.0015456264
0.0022282914
0.0025988509
0.0029782716
0.0038799483
0.0043580481
0.0047224443
0.0078315922
0.0110385
0.014918089
0.015988335
0.01469974
0.012470396
0.011510914
0.0092139508
0.0069154449
0.0059689635
0.0070200456
0.0058467117
0.0049333257
0.0046672857
0.0023841871
0.0020707333
0.0024092757
0.0016451134
0.00086072113
0.00016436581
-0.0011114485
-0.00083076974
-0.00011910166
0.0005155392
0.00074566498
0.0021405915
0.0023084868
0.0024534582
0.0023783396
0.00029369081
-0.0010926895
-0.0011566633
-0.0023845227
-0.0022633098
-0.0031408282
-0.002475331
-0.0023376071
-0.003452221
-0.0041956975
-0.0048905173
-0.0042214736
-0.0035762351
-0.0030508127
-0.0026567724
-0.0025358282
-0.0023143409
-0.0012959408
-3.1145602e-06
-0.0011092782
-0.001406899
-0.0021432755
-0.0026196045
-0.0032306602
-0.0030839011
-0.0031661764
-0.0047215176
-0.0059185482
-0.0066229891
-0.0078112087
-0.0083558744
-0.0093017077
-0.0097263515
-0.010490559
-0.010776419
-0.010774407
-0.010190348
-0.0094015385
-0.0070971067
-0.0047198199
-0.0019680951
-0.00098052839
0.00023702766
0.0019133757
0.0033407593
0.0021391735
0.00060293308
-0.00050546545
-0.0016794842
-0.0016767133
-0.00057856856
-0.00024932308
0.00027694185
0.0001110017
-0.0014187971
-0.0015310888
-0.00093069049
-0.00077805942
0.00047291714
0.0016764171
0.0020474371
0.0013356067
0.0012516068
-0.001008534
-0.0037091657
-0.0038433854
-0.004310704
-0.0030336761
-0.0025191615
-0.0030766075
-0.0040826143
-0.0046955078
-0.0049289005
-0.0038672228
-0.0027398327
-0.0033786301
-0.003620855
-0.0039485122
-0.0043230848
-0.0018569655
9.198947e-06
0.0010565728
0.00071012259
-0.0012936377
0.00039732708
0.0017943703
0.0024404769
0.0031050628
0.0029421945
0.0026582126
0.0026199844
0.0019686119
0.00019369209
-0.00090275813
-0.0011466566
-2.8285447e-05
-0.00015154394
-0.00032252048
-0.00090806342
-0.0015876104
-0.00095377385
-0.00064304277
-0.00069443927
-0.00071832805
-0.0011267392
-0.00037366324
-0.00028116218
-0.00040643519
-0.00018944413
0.00016805976
0.00081422118
0.001458736
0.00090210242
0.0029102911
0.0031510923
0.0081041545
0.012712967
0.011905152
0.0098482452
0.0082273316
0.0065882151
0.0060397807
0.0036451641
0.0046927172
0.0040890498
0.0016294672
0.0024430659
0.0020868467
0.0025489734
0.0015431286
-0.0003515552
-0.00022207305
-0.00043415162
-0.0010174822
-0.0017305191
-0.0013374338
-0.0015831322
-0.00024635375
0.00043945773
0.00056565475
0.00076428177
0.0010464331
0.00062254783
0.00037130718
-0.0021056932
-0.0027554974
-0.0034535554
-0.004093747
-0.0048174721
-0.0047727897
-0.0041233345
-0.0051588879
-0.0062302783
-0.0068555028
-0.0077077157
-0.0071975426
-0.0072409457
-0.0061990816
-0.0046579201
-0.0037695256
-0.0046185749
-0.0039870756
-0.0047872956
-0.0050648159
-0.0051540836
-0.0058135067
-0.006471067
-0.0074480045
-0.0072738248
-0.0071816725
-0.0076518853
-0.01140695
-0.012765561
-0.015692543
-0.017448969
-0.018966641
-0.020451479
-0.021894195
-0.021923115
-0.022387015
-0.018641101
-0.017294001
-0.014975226
-0.0086794893
-0.0046274313
-0.00012935259
0.00025558226
0.001509439
0.0012497181
0.0012818671
-0.00018383025
-0.0012257252
-0.0023474292
-0.001722132
-0.0023591632
-0.0017975803
-0.001117785
-0.0010327654
-0.0019586137
-0.0018712423
-0.00046690405
0.0018777308
0.0036577353
0.004283075
0.0033072638
0.0039929475
0.0028993085
-0.0011570696
-0.0046116132
-0.0040535047
-0.0027413268
-0.0046436641
-0.0055683477
-0.0062257179
-0.0058216069
-0.0048556154
-0.0069841078
-0.0072793719
-0.0082115293
-0.0081167651
-0.011618559
-0.012341718
-0.010334829
-0.0076276594
-0.0060275882
-0.0050973517
-0.0055033254
-0.0061182504
-0.0029904505
-0.0017497175
-0.0010578627
-0.001974976
-0.0019606153
-0.0020074555
-0.0016102293
-0.0030284982
-0.0039170968
-0.004033759
-0.0039702922
-0.0049885352
-0.0052892448
-0.0057494339
-0.0056249284
-0.0053747819
-0.004589392
-0.0040889267
-0.0036256552
-0.0028714057
-0.0029343023
-0.0029644465
-0.002870381
-0.0028114092
-0.0022084766
-0.0020281983
-0.0017557376
-0.0017539654
0.00015717296
7.5676316e-05
0.0034949118
0.0041850436
0.0034593748
0.0018505621
0.0023320677
-0.0006351356
-0.0018386108
-0.00070115217
0.00021337026
8.8908975e-05
-0.00048150137
-0.0014890352
-0.0048275347
-0.0044884518
-0.0034345135
-0.0036503827
-0.0051123683
-0.0048753824
-0.0048021369
-0.0046329936
-0.0050776131
-0.0039223613
-0.0033115131
-0.0026424879
-0.0017402969
-0.0017927228
-0.0017149589
-0.0014306393
-0.0014864292
-0.0017337485
-0.004734872
-0.0052297967
-0.0051967968
-0.0056900501
-0.0063540027
-0.0066902891
-0.0071383735
-0.0084421234
-0.0094233456
-0.011393471
-0.010947986
-0.011466064
-0.011821906
-0.010886443
-0.0067851558
-0.0059661702
-0.0077331543
-0.0090475741
-0.0093808673
-0.0095970523
-0.010339921
-0.010921987
-0.013117842
-0.014708772
-0.013755182
-0.014057291
-0.014723187
-0.016537901
-0.020780235
-0.025053301
-0.02765307
-0.030156792
-0.032394186
-0.034283584
-0.033054656
-0.032087654
-0.029156933
-0.026343683
-0.024280184
-0.016609297
-0.011212438
-0.0086991507
-0.0059108756
-0.0048091907
-0.0051499321
-0.0041711902
-0.0041277647
-0.0045479425
-0.003879435
-0.0031340029
-0.0038009352
-0.003668248
-0.0041681886
-0.0054228318
-0.0058662528
-0.0048118759
-0.0029143639
0.0011176721
0.0037263201
0.0046658553
0.00096461365
0.0014301382
-0.00021019136
-0.00139144
-0.0017112366
-0.0035025901
-0.0046994696
-0.0059679386
-0.0063653443
-0.0076444984
-0.0052265796
-0.006245214
-0.0095260546
-0.010330527
-0.012165277
-0.013430098
-0.01466709
-0.014106142
-0.013396011
-0.011560026
-0.0096524983
-0.01034905
-0.010756772
-0.012051127
-0.010032044
-0.0091526061
-0.0075386012
-0.006988965
-0.007503853
-0.0071667332
-0.0074055243
-0.0075714059
-0.0073907682
-0.0075090626
-0.007322274
-0.0077751832
-0.0082078535
-0.0079992136
-0.0085536335
-0.00732935
-0.0070051278
-0.0064541332
-0.0057583599
-0.0047771907
-0.0050010709
-0.0041920253
-0.0040075042
-0.0037232889
-0.0037941107
-0.003093547
-0.0029245823
-0.001219236
-0.0013546947
-0.0018860724
-0.0032313047
-0.0023756081
-0.0013231069
-0.0021221166
-0.0044910891
-0.0072049476
-0.008471549
-0.0069683051
-0.0057710328
-0.0070403485
-0.0076197304
-0.009552706
-0.010455934
-0.010281525
-0.0082571271
-0.0088990527
-0.0094535256
-0.0091509138
-0.0082870774
-0.0079734619
-0.0071955127
-0.0061754886
-0.0050820114
-0.0043106978
-0.0035482186
-0.0032978359
-0.0037366069
-0.004191488
-0.004124245
-0.0041544833
-0.0057855033
-0.0058545558
-0.0057471747
-0.0059139674
-0.0065903236
-0.00700638
-0.010917449
-0.013701975
-0.014284589
-0.014875179
-0.01290179
-0.014285734
-0.014103652
-0.012080968
-0.009519196
-0.0091887284
-0.010237358
-0.011419222
-0.012834515
-0.01558249
-0.016625205
-0.017026773
-0.020064678
-0.020222828
-0.019954288
-0.018162703
-0.017072051
-0.021114561
-0.023870359
-0.028770606
-0.030156317
-0.033398612
-0.038823768
-0.041262532
-0.041897999
-0.043100997
-0.044957447
-0.041483612
-0.03641304
-0.03045683
-0.027210011
-0.024672945
-0.021945123
-0.018805176
-0.017758559
-0.014578212
-0.012937442
-0.012854766
-0.01112589
-0.011318617
-0.009871253
-0.011528815
-0.012181302
-0.011864429
-0.012714127
-0.011853763
-0.0074921503
-0.0079170211
-0.0025971882
-0.004923089
-0.0080929708
-0.0022782548
0.0023758989
0.0014652874
-6.2730908e-06
2.6415886e-05
-0.00084456667
-0.0047729788
-0.0069886391
-0.0055925597
-0.004980301
-0.0050857295
-0.0064182701
-0.0049483963
-0.006097117
-0.01013775
-0.010979311
-0.0094974648
-0.0091418523
-0.009028634
-0.008710367
-0.0094899837
-0.0096405438
-0.0088050279
-0.0087815043
-0.0080709146
-0.0073206573
-0.0066878585
-0.00727439
-0.0070669397
-0.0068986655
-0.0062224331
-0.0064492159
-0.0061537877
-0.0058509432
-0.0058216074
-0.0066321244
-0.0073306262
-0.0067620259
-0.0061904963
-0.0050459025
-0.0040480245
-0.0032197535
-0.0025144984
-0.0024722466
-0.0017343012
-0.0021305462
-0.0015227782
-0.0019564979
-0.001215031
-0.00080019627
-0.0011770651
-0.005121005
-0.0062061002
-0.0055451771
-0.0029885479
-0.0050459058
-0.0070568702
-0.0081097091
-0.010145742
-0.010325989
-0.011552447
-0.010789592
-0.012422293
-0.012490487
-0.014084047
-0.014740513
-0.014113073
-0.013270431
-0.012266903
-0.012360079
-0.011580659
-0.010897803
-0.0084067746
-0.0070243962
-0.0054906014
-0.0048239483
-0.0041518681
-0.004203023
-0.0045253433
-0.0049437127
-0.0054726419
-0.0056557795
-0.0054648445
-0.0056547776
-0.0059435764
-0.0057986192
-0.0058793486
-0.0064602568
-0.0085155387
-0.012945608
-0.017270898
-0.019045179
-0.016654938
-0.016408566
-0.015878056
-0.013815954
-0.012488404
-0.010623446
-0.0082319894
-0.0093803587
-0.011911011
-0.014823919
-0.017467663
-0.019219119
-0.01976249
-0.020079047
-0.018349656
-0.016324499
-0.018370401
-0.021469764
-0.021993312
-0.023887808
-0.028622954
-0.036008954
-0.040631623
-0.04915529
-0.053851525
-0.05520235
-0.059543484
-0.061580274
-0.060492398
-0.057738915
-0.054339605
-0.051789936
-0.040646667
-0.041304321
-0.038556309
-0.034973699
-0.031978484
-0.031194719
-0.025591798
-0.024829986
-0.023234641
-0.022296903
-0.022415201
-0.019768302
-0.018109648
-0.018936164
-0.019508209
-0.016145908
-0.0096148824
0.00031283939
-0.0023310975
-0.0060047834
-0.0082031818
-0.0021671786
-0.00270915
0.0036343413
0.003128144
0.0025705121
0.0027056285
0.00076405099
0.0021079421
0.0010774412
0.0047063018
0.0051380238
0.0040455051
0.0032322464
0.00025176895
0.00015379774
0.00043424256
0.001006142
-0.00025241631
-0.0009351023
-0.0028449005
-0.0030064086
-0.003762543
-0.0028747464
-0.0023110172
-0.0026800682
-0.0034216615
-0.0029574195
-0.0028186317
-0.0027098192
-0.0030656227
-0.002240332
-0.002338982
-0.0027168949
-0.002564742
-0.002588745
-0.0025175131
-0.00187227
-0.0013529821
-0.0010845238
-0.00032615886
-0.00010899969
-0.00024670231
-3.7188817e-05
-0.00045299887
-0.0006473024
-0.00080978677
-0.0010114777
-0.00022199047
-0.00073962665
-0.002258748
-0.010077686
-0.0094241142
-0.0060283251
-0.0056288764
-0.0064003328
-0.0087294946
-0.0094901451
-0.014227806
-0.012608476
-0.014200887
-0.015125648
-0.015776408
-0.015513872
-0.015786613
-0.015971308
-0.016030406
-0.015536256
-0.014487798
-0.013615387
-0.009514591
-0.0059299632
-0.0054447231
-0.0047062675
-0.0036885726
-0.0038458697
-0.0040478279
-0.0041680057
-0.003742998
-0.0045322262
-0.0048432065
-0.0055407814
-0.0055863556
-0.0065604547
-0.007009936
-0.0082911386
-0.0079522975
-0.0090867619
-0.011678124
-0.017759436
-0.01804141
-0.018497443
-0.017820221
-0.018107018
-0.01656564
-0.01528069
-0.015175395
-0.010244191
-0.0055755492
-0.0069702873
-0.010909473
-0.014571464
-0.016204797
-0.018411898
-0.019856004
-0.019607891
-0.015856315
-0.016326965
-0.021766565
-0.023332188
-0.023671925
-0.027966449
-0.034928199
-0.04388124
-0.052096616
-0.057483561
-0.061456141
-0.064489974
-0.06556916
-0.067731731
-0.064277234
-0.064459509
-0.065616743
-0.062464808
-0.051714645
-0.056637076
-0.05658982
-0.056045539
-0.049992128
-0.048219382
-0.041662344
-0.032111104
-0.037176292
-0.028043951
-0.03017025
-0.029469261
-0.025044531
-0.028038618
-0.016194256
-0.0083051176
-0.008500991
-0.0053341775
-0.00090743344
0.0054333485
0.0025190946
0.010460032
0.010572004
0.01412964
0.013135715
0.012525225
0.010172821
0.008813309
0.011295037
0.011679324
0.011378414
0.013048689
0.01160633
0.011305779
0.01123197
0.010864469
0.0088905542
0.0084482457
0.0061221037
0.0048531165
0.0030086592
0.0028523099
0.0030690972
0.0024135638
0.0023266234
0.002322453
0.0018224292
0.00091138507
0.0010237226
0.0015995908
0.0012705714
0.0016387254
0.0011584928
0.0013835643
0.0012114669
0.0015081044
0.0011028808
0.0018166131
0.0014820302
0.0015597583
0.0013986787
0.0012052839
0.0015318924
0.0017636218
0.0010350045
0.0012843623
0.0002449935
-0.00036799367
-0.001365185
-0.0020028704
-0.0039742062
-0.012435955
-0.011212073
-0.0077599532
-0.006173634
-0.0065753604
-0.010956109
-0.014112594
-0.016819036
-0.016656005
-0.016670772
-0.015886051
-0.015926228
-0.01669472
-0.016034086
-0.016168562
-0.012573608
-0.011334415
-0.0096212017
-0.0064485362
-0.0040934521
-0.0033681907
-0.0027652461
-0.0038769994
-0.0039971667
-0.0033379297
-0.003943157
-0.0046775416
-0.0044664476
-0.0051670839
-0.0049483155
-0.0053616821
-0.0052314758
-0.0084974026
-0.008417869
-0.010220266
-0.011683918
-0.013207445
-0.018371559
-0.020147224
-0.021145637
-0.018321798
-0.016873002
-0.015824698
-0.017189185
-0.015810922
-0.016109166
-0.011222382
-0.002284496
-0.0041614016
-0.008968848
-0.012723054
-0.013768052
-0.015112218
-0.020309613
-0.022498559
-0.021857002
-0.020997354
-0.024838816
-0.025404316
-0.026949039
-0.034631963
-0.043014204
-0.051140392
-0.057015837
-0.061192827
-0.064665744
-0.067977256
-0.068350856
-0.066313187
-0.063756365
-0.061132519
-0.063861439
-0.053899378
-0.055121876
-0.057018216
-0.058701167
-0.059185456
-0.057005159
-0.044793205
-0.042715524
-0.040596444
-0.037810008
-0.032829589
-0.03446709
-0.034168774
-0.023879213
-0.023704338
-0.013532664
-0.005478229
-0.0020031089
0.0049668246
0.010709334
0.01365605
0.018574754
0.020219856
0.023653369
0.024018271
0.022158237
0.019158538
0.017235686
0.017243419
0.018695601
0.018135936
0.019046528
0.019084299
0.019129653
0.016690411
0.015238505
0.015652612
0.015419089
0.012139175
0.0098044718
0.0073267424
0.0067814039
0.0055581296
0.0060301551
0.0058033658
0.006224657
0.0049046908
0.0049637208
0.0049316259
0.0047892841
0.0041101106
0.0041511265
0.0041727517
0.0043249967
0.0044693049
0.0045708409
0.0046180536
0.0044220825
0.0030617416
0.0033203647
0.0030098807
0.0026263426
0.0025178978
0.0024557706
0.0014655286
0.0016813429
0.0011910215
0.00050322242
-0.0016624948
-0.0024863332
-0.0044010026
-0.006432182
-0.014184799
-0.012794383
-0.0075851301
-0.0077312399
-0.0077290283
-0.010892959
-0.013358895
-0.016841311
-0.015863427
-0.013171636
-0.012377186
-0.01152941
-0.014200033
-0.0090429277
-0.0062547573
-0.0060158983
-0.0047089074
-0.0028646536
-0.0032915587
-0.003599266
-0.0040863787
-0.0034657494
-0.0034236538
-0.0041438321
-0.0052683709
-0.0055467898
-0.0053822696
-0.006528067
-0.0056285081
-0.0060153008
-0.0054394569
-0.0076925756
-0.013165964
-0.015026138
-0.019193674
-0.021089495
-0.020813486
-0.022239319
-0.021011782
-0.019296728
-0.017992767
-0.015631288
-0.017096575
-0.020616929
-0.019698508
-0.016432254
-0.006444407
-0.0031059722
-0.0062265336
-0.0075877257
-0.011599135
-0.014094101
-0.015396513
-0.021109482
-0.027701914
-0.030588923
-0.030567723
-0.031361816
-0.034263247
-0.037135604
-0.043336396
-0.045631686
-0.05028977
-0.056602944
-0.061079921
-0.064115124
-0.064993885
-0.063546141
-0.058657647
-0.054316604
-0.053089439
-0.055666505
-0.052210768
-0.049147087
-0.04561573
-0.047131737
-0.046503139
-0.047852789
-0.035855722
-0.032310715
-0.028420412
-0.024579449
-0.020668431
-0.026884861
-0.020700255
-0.012407228
-0.0051181258
-0.0001608415
0.0058112735
0.012045579
0.016593629
0.02294993
0.028366991
0.030008547
0.029622361
0.029955956
0.029100941
0.027293182
0.024462691
0.022902269
0.022148257
0.023337283
0.022211144
0.025214525
0.023961303
0.024927919
0.023269716
0.024362828
0.023547447
0.020550719
0.019615439
0.01587977
0.010382272
0.010367624
0.010895652
0.009637482
0.009170162
0.010149317
0.0096353886
0.0096697952
0.008543503
0.0083743015
0.0077391517
0.0067045353
0.0087495907
0.0081816475
0.010252753
0.0092072636
0.0087990686
0.0090934186
0.0083637053
0.0069766555
0.0068416723
0.0073835618
0.0060716409
0.005251652
0.0037632482
0.0025600679
0.0022714302
0.0010055738
-0.00080452367
-0.0019449594
-0.004338178
-0.0093706293
-0.017040097
-0.015166932
-0.013339171
-0.01033298
-0.0082217952
-0.0088095072
-0.012046552
-0.013302197
-0.01495534
-0.0094032215
-0.0087731594
-0.0074263349
-0.0048346298
-0.0017940077
-0.0012937469
0.00012310946
-0.0013285022
-0.0039627391
-0.0053478658
-0.0053867274
-0.0067073751
-0.0062739624
-0.0060279783
-0.007476476
-0.008579525
-0.0082287352
-0.0075682032
-0.0073521266
-0.008748693
-0.0098829948
-0.011247884
-0.011055149
-0.01858004
-0.019444852
-0.024943866
-0.020049798
-0.01837535
-0.021038219
-0.019487859
-0.017301687
-0.018428612
-0.019200298
-0.019079414
-0.020302128
-0.023779222
-0.018562325
-0.0096587631
-0.0067621466
-0.0072533086
-0.0086015397
-0.010841384
-0.013556202
-0.018082555
-0.024244365
-0.031478525
-0.03952087
-0.04288741
-0.044368151
-0.045638376
-0.047429855
-0.052043093
-0.052207048
-0.053346817
-0.051638714
-0.051450006
-0.050890869
-0.056597996
-0.054606102
-0.044920249
-0.033899503
-0.039203148
-0.045614714
-0.039376561
-0.03350281
-0.029702149
-0.028640941
-0.02500504
-0.020466278
-0.017532232
-0.011892148
-0.005935655
-0.0051990491
-0.00069404653
0.00064006723
0.0044351484
0.010716845
0.01861065
0.020911214
0.025321282
0.029771068
0.029154519
0.029258292
0.034630328
0.03526991
0.032036873
0.032223279
0.035982747
0.032983798
0.029679703
0.030466419
0.028666317
0.03026679
0.031919365
0.030998511
0.031963849
0.033037717
0.034386976
0.035024875
0.033184229
0.031693668
0.029164994
0.024383838
0.020578553
0.016933766
0.018721191
0.016733094
0.013278421
0.014012838
0.012372648
0.013004393
0.013219257
0.011138726
0.012404968
0.011079189
0.010742332
0.011469453
0.012581137
0.01246534
0.012445287
0.010298464
0.011640847
0.010589734
0.0095156589
0.0091038275
0.0090096949
0.0070782171
0.006641111
0.0046757792
0.0049501775
0.0020576759
-0.0020847425
-0.0037081269
-0.009419961
-0.010312575
-0.010401233
0.0024942809
-0.0081626462
-0.0098190002
-0.0049775105
-0.0092661946
-0.0095775588
-0.010995814
-0.0091466251
-0.0073409664
-0.006326278
-0.0050848753
0.0010417489
0.0015816236
0.00089792017
-0.00067243824
-0.0010427699
-0.0064982262
-0.0072089833
-0.0067678209
-0.0098817499
-0.01146087
-0.010369606
-0.012770871
-0.012963992
-0.014808323
-0.015462932
-0.016039237
-0.018105305
-0.016833041
-0.017501236
-0.018820578
-0.016627211
-0.015271345
-0.016415051
-0.015886177
-0.016220727
-0.01348562
-0.010655999
-0.013314773
-0.014966072
-0.016070461
-0.018150683
-0.016054987
-0.020263158
-0.014306654
-0.015302984
-0.012274643
-0.0087460739
-0.00968118
-0.012098104
-0.014290316
-0.019289772
-0.025193225
-0.031532304
-0.040430943
-0.048096513
-0.053369339
-0.054736595
-0.056979754
-0.056454379
-0.051454457
-0.04596678
-0.035813647
-0.040802953
-0.042000308
-0.043200469
-0.042708383
-0.035070842
-0.022676426
-0.018651656
-0.024439678
-0.017650938
-0.003335347
0.0068106817
0.0097654874
0.014478683
0.016001713
0.020671725
0.024797818
0.026759567
0.017343866
0.019787234
0.030723455
0.036300135
0.040482414
0.04494295
0.046092202
0.04841632
0.049236209
0.04771243
0.045379912
0.045265176
0.042325821
0.040049635
0.038609509
0.040453737
0.038627395
0.035903298
0.036057414
0.035481107
0.035451458
0.035213903
0.037564867
0.041251954
0.037338683
0.038769651
0.040142014
0.037684034
0.034427728
0.034947282
0.032747947
0.028113975
0.026511013
0.0266197
0.027343586
0.022804424
0.02171433
0.020889782
0.020624644
0.023360281
0.023536586
0.023105823
0.022766435
0.020459472
0.019979515
0.022500183
0.021719028
0.021601096
0.020788029
0.021842636
0.021183087
0.020959474
0.017492841
0.015625596
0.014761068
0.01611684
0.016079939
0.014439796
0.012873426
0.011956952
0.0014353738
-0.0077972795
-0.0084454542
-0.00058899095
0.007164362
-0.0017771419
-0.00395087
-0.0040768732
-0.0022988268
-0.0029937286
-0.003738766
-0.0037565505
-0.0015320809
0.0003654589
0.0024304583
0.0054644163
0.006449845
0.0057815472
0.0030754493
0.0047885685
-5.4458624e-05
-0.00069544271
-0.0024336877
-0.0045128885
-0.006953326
-0.0096873558
-0.0094855554
-0.012195754
-0.013049572
-0.013150756
-0.013448513
-0.014307913
-0.015379924
-0.016816404
-0.016797053
-0.0099854246
-0.012025127
-0.01074393
-0.0098323792
-0.012069947
-0.010230428
-0.0093821376
-0.012105883
-0.010796226
-0.011955479
-0.014436978
-0.014461658
-0.015997592
-0.019283515
-0.02263708
-0.019038101
-0.016434621
-0.01527779
-0.014876696
-0.014728524
-0.01791551
-0.020962137
-0.027445288
-0.034304049
-0.040664857
-0.048374766
-0.054849934
-0.058430995
-0.057208206
-0.046326589
-0.029612405
-0.027254558
-0.031075296
-0.029549719
-0.023431288
-0.016076801
-0.004086394
0.0074982154
0.017110811
0.013705117
0.013739603
0.027240514
0.025666815
0.028936151
0.037796098
0.050511596
0.059351233
0.056455977
0.050537353
0.043211565
0.04626354
0.062350914
0.065794395
0.062656242
0.0637988
0.062865341
0.060673781
0.057261207
0.055537537
0.052494606
0.048848409
0.046300402
0.044977258
0.04091641
0.039441966
0.035201382
0.03098849
0.03196927
0.029990237
0.029466395
0.032127396
0.033245168
0.030709937
0.030277004
0.03122272
0.031847195
0.031051388
0.032021682
0.033220365
0.032552207
0.032108246
0.029291209
0.029244398
0.027009983
0.026974024
0.030202524
0.029909795
0.035233888
0.035601714
0.033943973
0.039036636
0.040746686
0.038341767
0.037356819
0.037756096
0.040155714
0.040972354
0.03778109
0.034946288
0.033764191
0.030812137
0.02403699
0.02070662
0.014814382
0.0097301166
0.0068153936
-0.00077220264
-0.0066685488
-0.0073415282
-0.0088761739
-0.010542144
0.0050365724
0.010353812
0.0032533765
-0.0061589741
-0.006102063
-0.0041934433
-0.0063685309
-0.0028673569
-0.0016445554
0.00081007217
0.0018777799
0.0013908858
0.001988757
0.0053012478
0.0060075001
0.0064949721
0.0060805127
0.005734175
0.0046547808
0.0013861021
-0.0005459833
0.00029402143
-0.0011651514
-0.0034339035
-0.0058054748
-0.0080352889
-0.0094671558
-0.0081294826
-0.0062516261
-0.007272767
-0.012032548
-0.013013273
-0.01254694
-0.0081045374
-0.0077404064
-0.0074580668
-0.010891728
-0.011507438
-0.010509873
-0.011693901
-0.0092276344
-0.0092086592
-0.011129174
-0.013279844
-0.016665578
-0.019416295
-0.023048458
-0.026815289
-0.021305799
-0.018427534
-0.016508631
-0.012389567
-0.012188784
-0.01385649
-0.01642393
-0.022361056
-0.026429683
-0.030563648
-0.036032871
-0.040803665
-0.043916144
-0.045187179
-0.026892829
-0.0069309822
-0.014655018
-0.0036476541
0.0033851291
0.011012174
0.020710099
0.031385743
0.039043801
0.046477534
0.043684575
0.027571697
0.024153392
0.02836844
0.029490239
0.04414037
0.060252217
0.070506631
0.076066441
0.065094668
0.049291342
0.057788917
0.069035847
0.069871396
0.065802987
0.062229731
0.059276282
0.057491471
0.052533088
0.046652434
0.04534615
0.038666865
0.036556262
0.032847124
0.030921853
0.029019369
0.027121772
0.025099716
0.02471847
0.020368476
0.018814336
0.021039094
0.021959116
0.022022536
0.021295455
0.02343101
0.024196461
0.024190273
0.024540286
0.024135889
0.023137819
0.022504823
0.02304371
0.024036747
0.024979463
0.024592789
0.027593882
0.029634743
0.030855201
0.035322635
0.036599782
0.039413924
0.040332027
0.04243034
0.042265259
0.044890783
0.047749576
0.046382538
0.045082922
0.043820591
0.036385784
0.028879828
0.018060798
0.010791239
0.0068826552
0.0045996671
-0.0044475573
-0.0089339848
-0.012979178
-0.018586718
-0.022679884
-0.0062360222
0.0021398513
-0.0036973015
-0.0084294969
-0.014320599
-0.012988941
-0.011314071
-0.0080687593
-0.0061531963
-0.0035458185
-0.00069082917
0.0010998046
0.00064275178
-0.00041231061
-0.0010155388
0.00098993669
0.0017257609
0.0016845321
0.00011072116
0.0026050571
0.00053753548
-0.00049376721
-0.0018543188
-0.0032089438
-0.0054094245
-0.0057276643
-0.0074767867
-0.0054511517
-0.0047011563
-0.0024316219
-0.0042766714
-0.0049280464
-0.0097960961
-0.0067095218
-0.0047736472
-0.0054887742
-0.0079590898
-0.0071321815
-0.0092191313
-0.011335956
-0.010866012
-0.010753818
-0.011893288
-0.013695953
-0.014655296
-0.015607032
-0.019850928
-0.02128256
-0.021924028
-0.018087018
-0.014634703
-0.016817405
-0.016609782
-0.014995098
-0.01366845
-0.013264673
-0.015501495
-0.017884442
-0.020179559
-0.022788076
-0.02571675
-0.026344784
-0.024191371
-0.0064795111
0.0033822534
0.0039073023
0.020942868
0.030273369
0.042318301
0.051547785
0.054756336
0.052725361
0.053751951
0.041996855
0.024297477
0.028660938
0.036517701
0.043596545
0.052727792
0.057999614
0.062532162
0.06523398
0.055488102
0.047523625
0.05748008
0.059027497
0.0558754
0.049411799
0.048666216
0.044461546
0.037427711
0.030443258
0.028329503
0.027666245
0.02339681
0.023561339
0.021428967
0.016442872
0.016403988
0.013959996
0.014947118
0.01405544
0.012339607
0.012341495
0.012888847
0.012726178
0.012036008
0.013527305
0.012903023
0.017292279
0.017731207
0.018901668
0.018833473
0.021272762
0.019046478
0.020604851
0.021875054
0.022286587
0.02274833
0.023602816
0.0241755
0.026020474
0.028105782
0.030551409
0.03235615
0.032357687
0.031807942
0.03199813
0.03402412
0.036988553
0.038775299
0.03529052
0.03281238
0.0275905
0.019044506
0.007847441
0.00086006726
-0.0060749918
-0.0089285372
-0.020621782
-0.026324096
-0.025543931
-0.021810076
-0.013988623
-0.0057946589
-0.0068534274
-0.012631354
-0.014611529
-0.016511831
-0.013141576
-0.013900167
-0.010323842
-0.0069764518
-0.0061256397
-0.0030454728
-0.0015987927
-0.0033008682
-0.0029258561
-0.0033132747
-0.0025472102
-0.0016312518
-0.00023233136
0.00014116379
6.5195585e-06
0.00043266295
0.00040081135
-0.0027156136
-0.0049276672
-0.0064599721
-0.0062019094
-0.0077272458
-0.0081098428
-0.0078931469
-0.0032697326
-0.0018729718
-0.0030559451
-0.0048986113
-0.0057622347
-0.0036443967
-0.0047587626
-0.0036079956
-0.0029653584
-0.0045293094
-0.0039056447
-0.0057092716
-0.0074470037
-0.0066152778
-0.0092623424
-0.0087954941
-0.011344405
-0.013209138
-0.014538105
-0.013521987
-0.013286739
-0.012788929
-0.010571612
-0.011476717
-0.01314705
-0.013329953
-0.010152525
-0.0094247047
-0.0092516418
-0.0099832376
-0.0092864666
-0.0070772466
-0.0050828477
-0.00077131221
0.0084077691
0.011072689
0.016140818
0.026557016
0.039670009
0.051318797
0.055171768
0.055586932
0.047055202
0.035411352
0.024857242
0.017381954
0.027104701
0.03442248
0.039036855
0.045223189
0.046972745
0.047761838
0.045074014
0.038179294
0.034258367
0.037532318
0.03433681
0.031660693
0.025855187
0.022187786
0.020473389
0.017212464
0.012990301
0.0098703645
0.012061392
0.0090469007
0.0085583209
0.0062815965
0.0042195174
0.0057789232
0.004718881
0.0060683304
0.0062928322
0.0059910491
0.0050704378
0.0069377713
0.0092331576
0.0059877444
0.0063516972
0.0061823092
0.0097974278
0.011343067
0.011860038
0.012010077
0.012925514
0.015173421
0.015347366
0.016512901
0.018046791
0.017968542
0.017454572
0.017267389
0.018575974
0.021135425
0.021728299
0.02243964
0.023427557
0.023422888
0.022954856
0.024680145
0.022846555
0.020160627
0.017152602
0.013998581
0.00958973
0.0025790389
-0.0074450335
-0.016130709
-0.022048406
-0.020097055
-0.017368625
-0.017421716
-0.018929841
-0.014343373
-0.0036232098
-0.0091236835
-0.012046084
-0.014028789
-0.018587023
-0.018461063
-0.018597293
-0.015321027
-0.012033003
-0.0096460554
-0.007929364
-0.0041640492
-0.0010844411
-0.00012015994
-0.0023012334
-0.0042691753
-0.0040892981
-0.0031217696
-0.0019916965
-0.0012940906
-0.0019876356
-0.0018787584
-0.0028020197
-0.0030897408
-0.0043715543
-0.0048945477
-0.005809
-0.005208509
-0.0060847841
-0.0071363767
-0.003113478
-0.0033177501
-0.0039317588
-0.0046483764
-0.0042996185
-0.0029284083
-0.0026330575
-0.002860289
-0.0017372019
-0.00094776013
-0.0020137385
-0.0019942348
-0.0029973882
-0.0045243257
-0.0046952689
-0.0062652176
-0.00591414
-0.0070930924
-0.0091192403
-0.010098131
-0.011381087
-0.0083954611
-0.0095593739
-0.008725768
-0.0092876573
-0.011393726
-0.0094663535
-0.0081121956
-0.0049467554
-0.0045865989
-0.003121361
0.0033102108
0.0099539394
0.016787043
0.018788725
0.017708867
0.02541397
0.032152347
0.030729479
0.040944687
0.040520228
0.036299959
0.027307036
0.016489535
0.012690523
0.012344258
0.017788531
0.020294646
0.027044793
0.027192398
0.027501251
0.026221458
0.0271527
0.024326174
0.018423054
0.016087317
0.012081942
0.012054365
0.0096711135
0.0072473192
0.0055913688
0.0026961315
0.0027080123
0.0005037255
-0.0018426778
-0.0019843016
0.0017054495
0.00038162103
-4.6119077e-05
0.0010770342
0.0013548604
0.0016177498
8.068314e-05
0.0020099169
0.002722693
0.0037436529
0.0023137357
0.0018102201
0.00053863805
0.0010132098
0.0037221787
0.0054832177
0.0053724299
0.004940543
0.0056863831
0.0073593112
0.0085827757
0.010417054
0.011938118
0.010673349
0.010130604
0.010455275
0.010574111
0.012164351
0.01352663
0.013161695
0.014471101
0.015267129
0.014939404
0.014114575
0.013002148
0.010019644
0.0071742438
0.0019040192
-0.0046939854
-0.0088518311
-0.018059437
-0.016661023
-0.0099964935
-0.0088051354
-0.0063910583
-0.0079682048
-0.011957389
-0.0090138057
-0.0054205324
-0.008750725
-0.011591294
-0.014408493
-0.016697815
-0.016605862
-0.014447249
-0.011962361
-0.010944103
-0.009483242
-0.0090892973
-0.0067364446
-0.0050963218
-0.0054186094
-0.0048395259
-0.0064757618
-0.0076800796
-0.0069794202
-0.0044413738
-0.0045617808
-0.0041690454
-0.0042837861
-0.0043740594
-0.0041354458
-0.0038706498
-0.0030795676
-0.0036097836
-0.0032559502
-0.0041884711
-0.0050950475
-0.0023918602
-0.0046756165
-0.0036394672
-0.0043049561
-0.0060007154
