-0.0011684541
-0.00037889317
-0.00011619756
0.00079732858
0.0021859206
0.0061430715
0.011756864
0.0098205609
0.0012436548
-0.0050514695
-0.0092381304
-0.012023453
-0.014020065
-0.012036346
-0.010177631
-0.0087383693
-0.0063421417
-0.0057032373
-0.0058475421
-0.0049702491
-0.0044891513
-0.0063103629
-0.0066651589
-0.0089476198
-0.0096107468
-0.0101059
-0.011465765
-0.011922621
-0.010859234
-0.0088823361
-0.0081281359
-0.0069804544
-0.0078092292
-0.0080834769
-0.0070663308
-0.0071696455
-0.0065657055
-0.0062792972
-0.0049778993
-0.0045111783
-0.0027310475
-0.0022108979
-0.0016814341
-0.0016636345
-0.0019578045
-0.0026417247
-0.0026950903
-0.0043326254
-0.0061684588
-0.0057932093
-0.0030080834
-0.001491839
0.00029827589
0.0013827877
0.00072494197
-0.00057790712
-0.001006595
-0.0033031229
-0.0040040513
-0.0041256289
-0.0049975492
-0.00464908
-0.0038694176
-0.0028321484
-0.0012202299
-0.0020536744
-0.0014675148
-0.00087301935
0.0018174115
0.0061088666
0.0080744487
0.0090017185
0.012098623
0.013824208
0.01131751
0.010960478
0.0094351481
0.008233991
0.0099823767
0.012097939
0.015411096
0.018579551
0.020597875
0.019767952
0.016431198
0.012885124
0.010458097
0.0073944076
0.0094201532
0.009559692
0.0094018941
0.008604432
0.0055368859
0.002452902
0.00070976229
0.00049044586
0.0005284214
0.0017461534
0.0027896015
0.0026647923
0.0028529687
0.0040768351
0.0044606537
0.0047380382
0.0048315305
0.0048073416
0.0048151974
0.0055022515
0.005513314
0.0058354244
0.0056567
0.0055611355
0.005962674
0.0064664019
0.0088256018
0.01164711
0.014801216
0.014204284
0.018221307
0.016439302
0.013501303
0.014004583
0.011469701
0.012085263
0.0069050095
0.0036942537
0.0022013429
0.00015662181
-0.0017057574
-0.0010427701
-0.0004626446
0.0020609965
-0.00058175896
-0.0012138074
-0.0020594597
-0.0015099366
-0.0017114419
-0.0010258834
-0.0011026467
-0.0006755259
-0.00090262074
-0.0017681526
-0.0018684311
-0.0014276235
-0.0020679306
-0.0015377988
-0.0014045761
6.1603687e-05
0.0014354337
0.0074656471
0.012070359
0.0066271928
-0.0022648283
-0.0060747903
-0.007365236
-0.010044465
-0.0097844845
-0.0091266505
-0.010474734
-0.0088188239
-0.0080469221
-0.0066382193
-0.0042958851
-0.0018496213
-0.0046163581
-0.0065962298
-0.0075442805
-0.0080920234
-0.010887897
-0.01341926
-0.015141628
-0.014592581
-0.0124393
-0.010558575
-0.01041671
-0.011424835
-0.012981255
-0.011524948
-0.009826458
-0.0081126147
-0.0060900688
-0.0045936718
-0.0029411802
-0.00069084193
0.00015402778
0.00051235296
0.0013012596
0.0021625519
0.0029177146
0.0040133923
0.0031173304
0.0027771161
0.0014884428
-0.00027651583
0.0010216317
0.0043903694
0.0078201724
0.0076526232
0.0048012644
0.0033003196
0.0034294331
0.0026211157
0.0015528302
0.00060289788
-0.00039806866
-0.0012290585
-0.00065081355
0.00033274472
0.00081826699
0.0015021997
0.0047223237
0.0067579645
0.0082979608
0.0094310549
0.011356388
0.012352357
0.01345941
0.012144744
0.010197082
0.0087008356
0.0070872568
0.0088479088
0.0095339212
0.011949359
0.014266004
0.016767853
0.015495869
0.012343902
0.011237714
0.0083907306
0.0079565542
0.0070318421
0.0063433708
0.0053799102
0.0047268414
0.002856924
0.0024162441
0.00073826049
0.00014514456
0.00034047655
0.00043134775
0.00099353084
0.0011478443
0.0014774293
0.0012110655
0.0018666622
0.002457572
0.002291088
0.0023206746
0.0021582358
0.0026870585
0.0030668881
0.0035159662
0.003963859
0.0043262364
0.0048189495
0.0065104457
0.0084731397
0.010937646
0.014537864
0.016355569
0.020482479
0.020747394
0.016192595
0.013443577
0.010324811
0.0081290546
0.0056727622
0.003568166
-0.00080981071
-0.0012356328
-0.0022897727
-0.0024338235
-0.0016516876
-0.0011497804
-0.0023511941
-0.0035831577
-0.0033855137
-0.0033566437
-0.0021007431
-0.0019065392
-0.0019874282
-0.0012504237
-0.0017269925
-0.0020034363
-0.0021508401
-0.0020777041
-0.0023969233
-0.0044181563
-0.0040719851
-0.0041191757
-0.0026334903
-0.00086012224
0.0056474855
0.0085343891
0.0011529894
-0.0039714664
-0.0066909214
-0.012307204
-0.011110761
-0.011656493
-0.010891151
-0.010901624
-0.010456253
-0.0065064542
-0.0045146227
-0.0033263431
-0.003205423
-0.004698033
-0.0078851703
-0.0087931796
-0.010278708
-0.012409951
-0.017160331
-0.019695171
-0.019847689
-0.019247177
-0.017654346
-0.019891314
-0.020878318
-0.021131341
-0.019797894
-0.015231734
-0.010723486
-0.0084835543
-0.0058636152
-0.0034836305
-0.0006272355
0.001473979
0.0027661262
0.003626502
0.0057281555
0.0083412736
0.0084511763
0.0097386928
0.0089417075
0.0099845512
0.0079892046
0.0077736892
0.012165609
0.015868454
0.015897262
0.01268149
0.0085808786
0.0093215509
0.0088628414
0.0046050284
0.0050873767
0.0032143815
0.002467065
0.0020037078
0.002669011
0.005772061
0.006728007
0.010101535
0.011375355
0.011628609
0.0087769935
0.011344405
0.012357695
0.010970292
0.0085479031
0.0061706077
0.0040783685
0.0027092711
0.0030404386
0.0053821214
0.0067601795
0.0079126661
0.0079444102
0.0034320249
0.0023298808
0.0027027905
0.0033559993
0.0024361423
-0.00030298532
-0.0016940876
-0.00016719251
0.00092466082
-0.0014153874
-0.0010369644
-0.001743453
-0.0021110854
-0.0013345488
-0.00152221
-0.0016492863
-0.0017668254
-0.0015877095
-0.00092721652
-0.00073388077
-0.00048125856
-0.00036962956
-0.00027231642
0.00010923556
0.00043417201
0.00036392594
0.00098134817
0.0010824963
0.0021509722
0.003245625
0.0046136096
0.0053106045
0.010594138
0.018611036
0.021855899
0.017393267
0.012449126
0.0092350786
0.0065988544
0.0049231765
0.0030557878
0.002575601
-0.0023354804
-0.00359923
-0.0064877496
-0.0072830129
-0.0061749209
-0.0055912346
-0.0055234084
-0.0065641684
-0.0047613559
-0.0037235716
-0.0042761061
-0.0035310641
-0.0029222426
-0.0025732432
-0.003306711
-0.0031843898
-0.0034722199
-0.0037989772
-0.0043239433
-0.0042472449
-0.0065265202
-0.005835821
-0.0061166105
-0.0051883897
-0.0040610587
0.0011176834
0.0024286849
-0.006037607
-0.010891745
-0.01316598
-0.017436468
-0.017390088
-0.017644813
-0.018201032
-0.013899313
-0.0091560122
-0.0055861993
-0.0054368596
-0.0066935675
-0.0077895521
-0.0079568109
-0.010759664
-0.013476173
-0.015652803
-0.017185378
-0.023555604
-0.02722339
-0.029905806
-0.028779983
-0.029333816
-0.03303637
-0.032756012
-0.032512825
-0.027751345
-0.024004573
-0.018847563
-0.015384987
-0.013231881
-0.00950963
-0.0046020342
-0.0018238697
0.0017803845
0.0036204488
0.0053040895
0.0074401754
0.0095721467
0.015482704
0.019010601
0.019629168
0.019725014
0.020863238
0.020448105
0.020516441
0.018096553
0.015628511
0.014418488
0.014925132
0.012258708
0.010073235
0.011673627
0.0092213973
0.010009931
0.011010419
0.0098251307
0.0083837163
0.011254223
0.01486223
0.015362033
0.013641663
0.01339833
0.011226994
0.0092000935
0.0044361157
0.00080770832
-0.0012012579
-0.0050735558
-0.0046449146
-0.0037729343
-0.004656571
-0.0052857897
-0.0042160279
-0.0052391492
-0.0085930775
-0.0075870426
-0.0055118391
-0.0044484408
-0.0046687572
-0.0053918766
-0.006175416
-0.0045987707
-0.0040341068
-0.0040424276
-0.0044327262
-0.0042802303
-0.0048082314
-0.0049641112
-0.005208589
-0.00446355
-0.0044305232
-0.0041925213
-0.0033116939
-0.0026326695
-0.001982297
-0.001485727
-0.0017746528
-0.0012743899
-0.0016564036
-0.001249255
-0.0012984783
-0.00054918182
0.00015833968
0.00083914203
0.00042346269
-1.8433231e-05
0.0066106329
0.010058611
0.0090165544
0.0074659995
0.0038583675
0.0012007366
0.0001040476
-0.0013656366
-0.0010827007
-0.0040371769
-0.0051395477
-0.0085774325
-0.0093608198
-0.011115212
-0.0094497218
-0.007964723
-0.0073010667
-0.007081219
-0.0059568734
-0.0053071985
-0.0052145183
-0.0047456781
-0.0048552884
-0.0056418469
-0.0057238416
-0.0050946887
-0.0056103842
-0.0057185515
-0.006664125
-0.0061831099
-0.008462454
-0.0077769347
-0.0077599693
-0.0069144863
-0.0074588295
-0.0039449097
-0.0076383736
-0.012619266
-0.015603912
-0.016058187
-0.016112081
-0.020137283
-0.021790302
-0.022100639
-0.015359744
-0.010973227
-0.0071752139
-0.0078533103
-0.0083299022
-0.0099425178
-0.013311643
-0.01642791
-0.01895625
-0.02191504
-0.023434419
-0.029281457
-0.036035347
-0.040962553
-0.044056948
-0.046936953
-0.048667997
-0.04693916
-0.044250714
-0.040636923
-0.033815596
-0.030204963
-0.027539352
-0.022861856
-0.017104271
-0.011254456
-0.0054330351
7.6311358e-05
0.0011463253
0.0016869373
0.0044076414
0.0090095435
0.01828237
0.021646825
0.023288577
0.026528548
0.024472811
0.025289323
0.02328671
0.019306038
0.018345499
0.017992233
0.016015465
0.017120665
0.018612359
0.017362783
0.014613668
0.019534445
0.019734996
0.017289177
0.019617694
0.017255161
0.018850033
0.020032554
0.017761004
0.016057767
0.014098764
0.0091581995
0.0010479369
-0.0020941434
-0.0048937064
-0.0096413039
-0.010339253
-0.012786082
-0.013744544
-0.014970947
-0.014135357
-0.013327189
-0.01333341
-0.010343927
-0.0092793114
-0.0090017973
-0.010032565
-0.0084131298
-0.0076908693
-0.0065215617
-0.0062858293
-0.0056479686
-0.0059777966
-0.0064780149
-0.0057768434
-0.0054952982
-0.0051360475
-0.0046918579
-0.0043762246
-0.002277561
-0.0014898039
-0.0013288045
-0.001557379
-0.00060310097
-0.00078788288
-0.00065950075
-0.0013629057
-0.0012043394
-0.0011502549
-9.2477257e-05
-0.001609532
-0.001263509
-0.0037854315
-0.0021981485
7.347208e-05
0.00250073
0.0015304372
-0.002057867
-0.00029691649
-0.0044153899
-0.0041280222
-0.0031359778
-0.0026261826
-0.0052286837
-0.0078223332
-0.0076040016
-0.010930285
-0.013773161
-0.01277864
-0.011952954
-0.010574546
-0.0081076758
-0.0067273231
-0.0071360878
-0.0072481894
-0.0071710794
-0.007311471
-0.0075313204
-0.0075966518
-0.0081781482
-0.0084384574
-0.0090672777
-0.0084034294
-0.0084429093
-0.0093617991
-0.008942433
-0.0084569809
-0.0092617235
-0.011000867
-0.010156074
-0.013855315
-0.018440771
-0.016413016
-0.015808472
-0.014439235
-0.020021932
-0.024047493
-0.019311647
-0.013921082
-0.007234911
-0.0070703191
-0.00806647
-0.010380339
-0.013108188
-0.01852135
-0.023453362
-0.027425884
-0.02896259
-0.034455726
-0.039893261
-0.043767519
-0.048601528
-0.054389624
-0.056230046
-0.058185227
-0.058121466
-0.05740233
-0.054491584
-0.051165559
-0.04498282
-0.039222125
-0.033033675
-0.024922551
-0.015210648
-0.0052374055
0.0029658983
0.0063716861
0.0062031157
0.0059137309
0.009603848
0.016946748
0.021670393
0.021635399
0.024639949
0.024317069
0.021680055
0.020057999
0.017612992
0.014506874
0.011302458
0.012982593
0.012669227
0.021767395
0.021881694
0.021764439
0.029887992
0.030681749
0.027475814
0.027884259
0.02468147
0.025036853
0.021978982
0.020547545
0.019841202
0.01658695
0.011038827
0.0038666913
-0.0010743246
-0.0043256204
-0.0073988793
-0.0085752579
-0.011302264
-0.014501555
-0.013928018
-0.015753224
-0.015166082
-0.013081195
-0.012185719
-0.010717747
-0.0097336366
-0.0095744813
-0.008276086
-0.0076103152
-0.0061705925
-0.0050360181
-0.0045478622
-0.0040598411
-0.0038607556
-0.0041496834
-0.0036470259
-0.003638327
-0.003152208
-0.0022244183
-0.001682994
-0.0012220678
-0.0004499876
0.00022717823
0.0004853184
0.00019368782
0.0001786997
-1.7771629e-05
-0.00024206
-0.00071954238
-0.0010044276
-0.0025929756
-0.0043449591
-0.0073616575
-0.0070228246
-0.0046921639
-0.0034992969
-0.0030145684
-0.0033829756
-0.0034049672
-0.0030040568
-0.004081005
-0.0036616547
-0.0054321859
-0.0058988137
-0.0041288049
-0.010497075
-0.013267477
-0.014775741
-0.016869504
-0.015855898
-0.011818857
-0.0087363852
-0.0076556915
-0.0075993486
-0.0076946844
-0.0085490342
-0.0080198998
-0.0086592098
-0.0092377485
-0.010135394
-0.0097508673
-0.0098645022
-0.0095194944
-0.0092567618
-0.0088911732
-0.0083566899
-0.0096262889
-0.012164626
-0.013415107
-0.014150569
-0.015980588
-0.017133134
-0.015770741
-0.016436646
-0.014149924
-0.018941492
-0.02083166
-0.021846012
-0.015282042
-0.010614142
-0.0093375673
-0.010948621
-0.013730359
-0.016816722
-0.021015542
-0.02740933
-0.029385804
-0.033714094
-0.037029788
-0.046767418
-0.049602593
-0.053842885
-0.055343917
-0.060775516
-0.067345722
-0.065768066
-0.068349546
-0.066451544
-0.061375633
-0.058428112
-0.049106766
-0.043401935
-0.030137392
-0.019730515
-0.0098654469
0.0029218092
0.0012649691
0.0028712777
0.007399197
0.016237924
0.01579812
0.019069228
0.017955606
0.019715175
0.021515113
0.019456285
0.019905435
0.020501572
0.01651512
0.01568983
0.018820474
0.020050857
0.029775525
0.029346019
0.025991194
0.03013571
0.031843437
0.034327027
0.034610801
0.030790722
0.027667915
0.024161422
0.021370197
0.020926951
0.016097205
0.01235339
0.0062078239
0.0032753479
-0.00024739985
-0.001741696
-0.0012748657
-0.0041215486
-0.0067313543
-0.0074006629
-0.0078537104
-0.0080371542
-0.0083203578
-0.0072037319
-0.006928311
-0.0057790509
-0.0059606605
-0.0046687696
-0.0041695464
-0.0026079894
-0.0017611587
-0.0018510158
-0.0012062301
-0.00064918694
-0.0012270001
-0.00076953411
-0.00092145359
-0.00071636671
8.8347738e-08
0.00075270998
0.0010408101
0.0013809281
0.001209775
0.0014308584
0.00090978272
0.0011673752
0.00085750356
0.00042138054
-0.00020108007
-0.0011066597
-0.0028922193
-0.0053746315
-0.012007242
-0.013155019
-0.0035935868
-0.0028757659
-0.0042001013
-0.0031021366
-0.0050444946
-0.0045607006
-0.0049374939
-0.010148466
-0.012103408
-0.013947175
-0.014979743
-0.014176824
-0.013320205
-0.015336885
-0.016950568
-0.012550092
-0.0094023772
-0.006517055
-0.0064253868
-0.006169331
-0.006976939
-0.0072951008
-0.0080101193
-0.0088090574
-0.0095350329
-0.010146652
-0.010384772
-0.0094758642
-0.0096527288
-0.0090286616
-0.010429741
-0.010582662
-0.012846998
-0.014576667
-0.016353099
-0.016491483
-0.019186653
-0.013562753
-0.013947712
-0.014071523
-0.014976819
-0.019225049
-0.022737966
-0.023614233
-0.016790512
-0.01112723
-0.012955893
-0.013447189
-0.014337555
-0.016631344
-0.021205227
-0.026739603
-0.029845002
-0.032788535
-0.03791983
-0.046365661
-0.051819399
-0.054935337
-0.058176095
-0.065854539
-0.071571294
-0.072430549
-0.071987785
-0.070906509
-0.064355095
-0.059521281
-0.050715756
-0.037913166
-0.024118903
-0.016575046
-0.0060720507
0.0031488906
-0.0039303615
-0.0034945886
-0.0078540939
-0.0030195105
0.0030869716
0.0046304797
0.013266989
0.01454699
0.017797643
0.015529192
0.016824667
0.018942192
0.015000266
0.023216612
0.026717548
0.031443406
0.037014871
0.039474739
0.040435971
0.038272904
0.040653305
0.036627712
0.032483478
0.028713224
0.025004123
0.021270354
0.018250565
0.017876009
0.013948439
0.010565665
0.0067513844
0.0023975339
0.00034353921
-0.00018091615
-0.00071903537
-0.0030021222
-0.0038712126
-0.0046486741
-0.0028962956
-0.0031631413
-0.0021083832
-0.0015277552
-0.00105592
-0.0023016843
-0.0024380703
-0.0020940482
-0.0012781303
-0.0013284432
-0.00011650427
-0.00017745049
0.00026874139
0.00032235401
0.00047138917
0.00015120517
0.00022731244
-1.4379649e-05
0.0012445031
0.0012186376
0.0010136565
0.00078314276
0.00073851117
0.00056954685
0.00083813861
0.00012252702
-0.00018329353
-0.00063571249
-0.001305247
-0.0027221343
-0.004101735
-0.0064675892
-0.015621295
-0.01306802
-0.004519549
-0.0038744046
-0.001825678
-0.0075748069
-0.0077011975
-0.0072158628
-0.010256333
-0.01205728
-0.014685778
-0.017451594
-0.016349877
-0.01464674
-0.013898615
-0.011346942
-0.010547626
-0.0076582414
-0.0071030284
-0.005391003
-0.0051058988
-0.0059487876
-0.006005745
-0.0065073415
-0.0072982844
-0.0079378757
-0.0088752425
-0.0091257461
-0.0094710991
-0.0088983306
-0.0093083946
-0.0093811262
-0.011938523
-0.011629244
-0.015263477
-0.013972095
-0.015142587
-0.018288004
-0.01437544
-0.014284235
-0.01413411
-0.014763008
-0.017476545
-0.01893762
-0.021192479
-0.02438589
-0.016299168
-0.012290684
-0.015933582
-0.018258072
-0.015901994
-0.016357422
-0.019975985
-0.025654357
-0.029340562
-0.033346748
-0.038828726
-0.04431078
-0.051353772
-0.058561802
-0.068612785
-0.074655255
-0.078892003
-0.081879718
-0.080209645
-0.078327732
-0.07052902
-0.060162971
-0.049757861
-0.034854251
-0.025170915
-0.01955188
-0.007746565
-0.0080787232
-0.0077821248
-0.010063787
-0.010868772
-0.0087514478
0.004436401
0.0057308105
0.0089002646
0.012822626
0.017782352
0.015445875
0.018132327
0.02454373
0.026528279
0.033774918
0.038095647
0.043291714
0.045819901
0.046858079
0.047499113
0.047092527
0.041608609
0.038964302
0.036185118
0.031924887
0.025315089
0.023080046
0.019253092
0.016121481
0.011945273
0.0088002166
0.0051872476
0.0034408038
0.00058565563
-0.00027946768
-0.00010727451
-0.00070648013
-0.0030658866
-0.0014286632
-0.00072597026
-3.304526e-05
6.3974553e-05
0.00058347864
0.00014728534
-0.00045113303
-0.001094137
-0.00015665273
0.00046851318
-0.00034522365
-0.00054104373
1.3793273e-05
0.00080011014
0.00090527809
0.00044057382
0.00031763296
0.00037215342
0.00051362729
-0.00017814768
6.9648146e-05
-0.00019619466
-3.4676084e-06
-0.00035651258
6.282517e-05
-0.00030401165
-0.00088763
-0.0011138431
-0.0016745611
-0.0019852661
-0.0032698764
-0.0047656973
-0.0064381723
-0.014972369
-0.014925982
-0.0080907644
-0.0048504696
-0.0030699124
-0.010742071
-0.013277138
-0.011995246
-0.014203345
-0.014046738
-0.012574197
-0.014863425
-0.014521253
-0.0098270028
-0.0088438136
-0.0067514606
-0.0050602995
-0.0027987706
-0.0018021524
-0.001557681
-0.0039029666
-0.0037562415
-0.0044167544
-0.0041766073
-0.0054500106
-0.00678665
-0.0072239538
-0.0076549884
-0.0083493395
-0.0081919029
-0.0084342051
-0.010179086
-0.012154495
-0.013029515
-0.015257066
-0.014640757
-0.01409643
-0.014930348
-0.013204613
-0.012807659
-0.01563927
-0.015888393
-0.021108012
-0.02445061
-0.02801693
-0.024377038
-0.014461934
-0.0156782
-0.018349981
-0.021533318
-0.021359916
-0.018927973
-0.021813855
-0.026560873
-0.031278827
-0.037036863
-0.044883875
-0.052241132
-0.061791177
-0.068545357
-0.075507512
-0.078416689
-0.078673487
-0.077636904
-0.076518192
-0.069957314
-0.063179478
-0.05468563
-0.042336205
-0.030565817
-0.022267708
-0.017489124
-0.011125914
-0.0053336942
-0.0016789974
0.00044115911
1.8855985e-06
0.00015596711
0.016869871
0.015439385
0.017873381
0.026108397
0.025063477
0.02083944
0.030058982
0.033968218
0.037358589
0.039847498
0.044773564
0.046899143
0.04990435
0.0477536
0.049724117
0.047443082
0.044626395
0.037211379
0.034115141
0.031845586
0.027365557
0.024562052
0.021040953
0.018496363
0.014469524
0.013664645
0.010552445
0.0094452259
0.006755697
0.0050849402
0.0038376706
0.004496331
0.0045491413
0.003486754
0.0030058044
0.0039611134
0.0024513125
0.0017217888
0.0016543587
0.0010322589
0.0012729511
0.0016736704
0.001630902
0.0011656303
0.00058680749
0.0022312312
0.0017202095
0.0022267939
0.0027317968
0.0016022358
0.00072869674
0.00070102267
-0.00027806079
-0.00030859302
-0.00077305655
6.4267509e-05
-0.00014580979
0.00053427348
-0.00036310333
-0.001286994
-0.0015269756
-0.0012542639
-0.0023611848
-0.002299851
-0.0040526164
-0.0066737196
-0.011660017
-0.010602537
-0.012695365
-0.0091774538
-0.0054112839
-0.0084609602
-0.011253332
-0.01263611
-0.013183168
-0.0097122917
-0.0099587991
-0.008241789
-0.006418493
-0.0055098722
-0.0045377053
-0.0032923669
-0.0028126652
0.00061872225
0.0024174035
0.00018078955
-0.00036577453
-0.0011666381
-0.00048061542
-0.0039354135
-0.0046617557
-0.0025246174
-0.0044679786
-0.0054633875
-0.0051370798
-0.006573392
-0.0085238863
-0.009681123
-0.0094657278
-0.014302801
-0.014843719
-0.011001944
-0.013335914
-0.01557931
-0.01555622
-0.015855317
-0.018923898
-0.018193021
-0.021726679
-0.024017161
-0.029580626
-0.019561175
-0.016338427
-0.014885258
-0.013342791
-0.019694382
-0.020945804
-0.021495215
-0.022605009
-0.025616493
-0.03232817
-0.041807726
-0.050345279
-0.056488282
-0.063605142
-0.066429589
-0.069125888
-0.068717185
-0.067739075
-0.061732655
-0.060257761
-0.058421221
-0.052469733
-0.040929257
-0.029667182
-0.016763001
-0.01377974
-0.0079585434
-0.0024662636
0.0012858054
0.011007914
0.016692297
0.021892105
0.029378156
0.032058374
0.033567242
0.035681868
0.037569797
0.040572517
0.04243514
0.04533281
0.047270164
0.047355412
0.047059563
0.048906473
0.049565235
0.051084051
0.048474513
0.047560786
0.041282199
0.038999081
0.035678184
0.034920666
0.031873501
0.027903661
0.024878578
0.024433398
0.021962884
0.023799625
0.021954947
0.01907453
0.016534562
0.01494532
0.013573934
0.010026005
0.010012142
0.01184529
0.012278656
0.010018845
0.0088767188
0.0068074895
0.0049643642
0.00527012
0.0027519064
0.0040486627
0.0035397278
0.0043971458
0.0032842497
0.0041904515
0.0038318267
0.0028834201
0.0036676768
0.0044050093
0.004329305
0.0031546065
0.0027758577
0.0023007799
0.0013805798
0.0012971309
0.0030202318
0.0040113916
0.0033712831
0.0028071212
0.0023185877
0.0012104209
-0.00063880544
-0.0019832493
-0.0034736975
-0.0057968744
-0.0063862077
-0.0034314197
0.0046164398
-0.0056376879
-0.0091640177
-0.0039664308
-0.0053765285
-0.0084962354
-0.011116405
-0.010435621
-0.0095911307
-0.0055665468
-0.0050307697
-0.0026899354
-0.0014437254
-0.001576599
-0.00044293459
0.0012635354
0.0015395878
0.0036251501
0.0050928932
0.0060132271
0.0027860688
0.00557569
0.0046923889
0.0024690457
-0.00033944427
-0.0025985704
-0.0045354027
-0.0049727441
-0.0054849783
-0.0080726717
-0.0082181132
-0.0061920983
-0.0089295243
-0.0085817442
-0.0077151927
-0.010434271
-0.012984838
-0.013993726
-0.015643116
-0.01726449
-0.016607799
-0.018140664
-0.019310628
-0.019142849
-0.01368919
-0.012750197
-0.012839608
-0.01217348
-0.014832197
-0.018466843
-0.02189439
-0.023904096
-0.027285966
-0.03267021
-0.038009638
-0.044096056
-0.052481914
-0.057535012
-0.060856528
-0.060766524
-0.060444912
-0.054360827
-0.049131462
-0.049027699
-0.04553709
-0.0398147
-0.026219384
-0.016084569
-0.0051909694
-0.00037716584
0.0053605923
0.0073711411
0.019365491
0.029884116
0.038529532
0.049613457
0.053600606
0.055592508
0.055728441
0.055381709
0.04829593
0.051058265
0.058938314
0.063214564
0.058782819
0.059040757
0.056972989
0.057091461
0.055245933
0.054653819
0.054544993
0.050228413
0.042200637
0.037998255
0.036682186
0.033269095
0.032163326
0.029456681
0.026467036
0.023821662
0.02174333
0.021138732
0.020466086
0.018152681
0.017316046
0.016294673
0.014820105
0.011885881
0.011155112
0.014289443
0.016318917
0.017536801
0.017361035
0.01665779
0.015382653
0.013165939
0.012231869
0.011760031
0.01185184
0.013447915
0.014405399
0.013691946
0.012944935
0.011163416
0.013034
0.016296918
0.016383223
0.018067044
0.01666824
0.015317231
0.014294615
0.013547769
0.012144235
0.010038635
0.012123273
0.012676975
0.010891842
0.0096991554
0.0088429689
0.0033581
-0.0016457175
-0.0054885465
-0.0068655915
0.0016881446
0.0099140825
0.0023886206
-0.006423107
-0.0038956817
-0.0042016802
-0.0066731827
-0.0068947644
-0.0057198492
-0.0036426619
-0.0013110318
0.0013745556
0.0012169234
0.0056136703
0.0042643808
0.0048009305
0.0052533142
0.003076107
0.0048675744
0.0049236921
0.0050795426
0.0059769734
0.0057692846
0.0040570673
0.0017208501
-0.00054017094
-0.0031676449
-0.0046899955
-0.0038465328
-0.0070520745
-0.004988763
-0.0041923624
-0.0045110597
-0.0067476461
-0.0047030264
-0.0058034525
-0.0074920848
-0.0068134167
-0.009996991
-0.010524975
-0.012685029
-0.01452445
-0.014295332
-0.012469409
-0.0094031099
-0.0087732166
-0.012181635
-0.013231848
-0.013814388
-0.01458006
-0.017974388
-0.017168509
-0.01849028
-0.023333324
-0.027914314
-0.034144241
-0.036681506
-0.04448554
-0.049530943
-0.050541562
-0.051400865
-0.045525862
-0.037716139
-0.037893446
-0.040509345
-0.03113017
-0.016637259
-0.0046319475
0.0081726248
0.020143813
0.029612111
0.026723616
0.028173629
0.039166065
0.041488949
0.048903293
0.061437825
0.070749274
0.073274223
0.067574381
0.062926591
0.057928486
0.058340489
0.069267797
0.066488167
0.065357124
0.059388217
0.054385153
0.052587132
0.050352171
0.048193431
0.046182415
0.041262687
0.035588258
0.033409635
0.027001974
0.025940246
0.023782364
0.020496666
0.019580136
0.017733748
0.016635977
0.012468618
0.012794665
0.013657056
0.011368893
0.011864626
0.01342988
0.012520122
0.014073445
0.015902919
0.013866919
0.015948375
0.01857958
0.01921813
0.019691995
0.022151386
0.023155901
0.022408957
0.022722534
0.022131693
0.022431905
0.02399195
0.023367021
0.022602093
0.024598602
0.028164502
0.028481212
0.026835314
0.023819004
0.016706126
0.01511778
0.010952468
0.0053542499
0.0026270866
0.0026145585
0.00049129342
-0.00031673256
-0.0023208633
-0.0063864534
-0.007026373
-0.0087671065
-0.010625117
0.0055320268
0.01522549
0.012428442
0.0025471957
-0.00032338187
-0.0015393651
-0.0040958317
-0.0025198897
-0.0026265438
0.0018191006
0.0030204384
0.0057767339
0.0036929955
0.0055958752
0.0061034974
0.0056477435
0.0026058068
0.0044818218
0.0040203782
0.0027504289
0.0036548103
0.0088845288
0.0069702311
0.0024834863
0.0020912343
0.00093555291
-0.00076351833
-0.00030346966
-0.0032450243
-0.0051962604
-0.0077846205
-0.0083561683
-0.0063861676
-0.0077973574
-0.0073255371
-0.0066936926
-0.0046267503
-0.0036712049
-0.004704483
-0.0048137148
-0.0037959182
-0.0060921865
-0.0092651664
-0.010657563
-0.010808361
-0.010494847
-0.0076322696
-0.011044109
-0.0067584825
-0.012840736
-0.01277652
-0.012353111
-0.013698672
-0.015266677
-0.017007134
-0.021156551
-0.024782856
-0.027582036
-0.030602186
-0.033457356
-0.034346942
-0.031628911
-0.024125373
-0.020752961
-0.021314377
-0.019128735
-0.0077597384
0.0059559711
0.01828755
0.026135521
0.033887704
0.043767228
0.042010748
0.036491835
0.038433744
0.041082138
0.046909712
0.057824934
0.069505068
0.070177888
0.067285104
0.059923919
0.050582769
0.055701382
0.062499538
0.059699838
0.05290361
0.047372434
0.043809627
0.040593916
0.035029157
0.030918414
0.027145628
0.02341517
0.019718522
0.016719784
0.015819928
0.012359958
0.013107085
0.012127144
0.011761128
0.0080863245
0.0052987656
0.0040192312
0.0049055924
0.0086038233
0.0088639575
0.0097979182
0.0087342844
0.0093918937
0.0099187905
0.011557829
0.01243842
0.011692188
0.01216972
0.014604007
0.01766787
0.022219842
0.025877003
0.027393495
0.025066229
0.026709932
0.024990037
0.02836207
0.027752034
0.029943227
0.031337214
0.036347747
0.034774035
0.03449615
0.026551857
0.020848231
0.0118252
0.0047861639
-0.0032821433
-0.0064900869
-0.0069121139
-0.0079776712
-0.011043816
-0.013166178
-0.011826909
-0.013745809
-0.018926263
-0.00026514836
0.014228453
0.011623377
0.0053585565
-0.0057510201
-0.0087494232
-0.0070447548
-0.0049017205
-0.0027449216
0.0014086578
0.00199591
0.0037223256
0.0028951629
0.0028055017
0.0030417025
0.0039410045
0.003429658
0.0033092346
0.0047209069
0.0061682358
0.0059787029
0.0059804423
0.0084363494
0.0081391548
0.0056493871
0.0054285816
0.0020575784
0.0034374921
0.0019706057
-0.00012996312
-0.0028447143
-0.0064905384
-0.007380581
-0.0091173612
-0.0087553134
-0.00855801
-0.0062268194
-0.0052211306
-0.0046210607
-0.0044589491
-0.0049433033
-0.0046130532
-0.006627244
-0.0066130243
-0.0092061794
-0.0089965776
-0.0093947504
-0.0074945928
-0.0082183424
-0.0040085358
-0.0078195044
-0.0077972543
-0.0093024743
-0.009737358
-0.0093226345
-0.011182368
-0.012563589
-0.014936501
-0.017181528
-0.019509077
-0.021337915
-0.020150685
-0.018253625
-0.010077712
-0.0079773017
-0.0035895062
-0.0011813209
0.0082478253
0.014919776
0.024428243
0.03191328
0.037845292
0.044632673
0.038891769
0.032531225
0.033891016
0.038190477
0.041141202
0.050113733
0.052634948
0.05220097
0.052647698
0.046213715
0.039942766
0.04259757
0.04399091
0.040870547
0.034487685
0.031493708
0.026940155
0.021791962
0.014347932
0.01233408
0.0096954607
0.0067482907
0.0058616321
0.0054165744
0.0041142211
0.0048793002
0.0057900062
0.0082303654
0.0041353518
0.0021689764
9.7725656e-05
-0.00057949315
0.0012114938
0.0019373564
0.0035269956
0.004164146
0.0048168772
0.0061594706
0.0073498084
0.0091923405
0.009204904
0.0094397147
0.010071559
0.010466917
0.013711895
0.016392641
0.020363651
0.021970408
0.025212902
0.026435144
0.024113283
0.022085965
0.023683826
0.025507574
0.028433152
0.031661089
0.033874561
0.03254506
0.025850295
0.017893456
0.008875545
0.00023321864
-0.0069879264
-0.0085668527
-0.010677739
-0.011749781
-0.014453189
-0.014922473
-0.01341415
-0.00844697
-0.0060522858
0.007234235
0.010605244
0.0076280483
0.0009128099
-0.006407138
-0.010941892
-0.010231294
-0.0063651111
-0.0049517036
0.00094452463
0.004333455
0.0036197383
0.0051870916
0.0034453883
0.0014354643
0.0027637953
0.0035857386
0.0029780652
0.0054454057
0.0057588325
0.0072159355
0.0080425173
0.0061052927
0.0069250137
0.0061622823
0.0054107936
0.0019694073
0.003607018
0.0049487334
0.0041184471
-0.0015957052
-0.0053154342
-0.0064333621
-0.0096475764
-0.0059953555
-0.0058778652
-0.0064586154
-0.0049904961
-0.0053460819
-0.0044982609
-0.0046670389
-0.0049416205
-0.0048945913
-0.0057139965
-0.0063100634
-0.0068043069
-0.0071331819
-0.006383413
-0.0058907616
-0.0045835586
-0.0032734572
-0.0048973004
-0.0069555643
-0.0083952364
-0.0087342421
-0.008279428
-0.0092731894
-0.009669788
-0.010985338
-0.011539585
-0.010944935
-0.0098807032
-0.0070264244
-0.0024758827
-2.4262815e-05
0.0044316882
0.008256232
0.013286244
0.017613444
0.024771125
0.027136247
0.032524067
0.032375323
0.026146231
0.025048465
0.028261424
0.029138052
0.032204373
0.036740811
0.035824385
0.037272183
0.034874841
0.029911394
0.024005482
0.023689063
0.023670229
0.023962751
0.020647778
0.015371587
0.010115322
0.0047258866
-0.00027257969
-0.0028596416
-0.0041645847
-0.0051062064
-0.0052244567
-0.0041496561
-0.0032515409
-0.0019737709
0.00034524224
0.0013917945
0.0028587043
0.0025692466
-0.00032161289
-0.00098005386
-0.0015526783
-0.002523235
-0.00073421397
4.8991649e-05
0.0012076494
0.003254767
0.0041412801
0.0049024961
0.0056547321
0.0069759328
0.007924418
0.0074477795
0.0091584654
0.011268125
0.013009003
0.015114861
0.017949236
0.017734959
0.01631274
0.015487156
0.016638633
0.020141105
0.02101542
0.020723729
0.021392061
0.021376512
0.01658385
0.011145147
0.0042117772
-0.0037058002
-0.0087438633
-0.011401842
-0.012022348
-0.010818605
-0.0099342007
-0.0074106981
-0.0064199424
-0.00023326273
0.0060238643
0.0067809787
0.0063695089
0.0028310875
-0.0029479798
-0.0065103272
-0.0090104772
-0.0083021466
-0.0076421653
-0.0056148112
-0.0020474399
0.0024994476
0.0056951449
0.0053654636
0.0038333626
0.0020257368
0.0027674554
0.0048258043
0.0033695195
0.0042221263
0.0046152015
0.0058367461
0.0060956973
0.0045369929
0.0050793772
0.0054043462
0.0046017176
0.003181298
0.004126501
0.0062398707
0.0050993487
0.0030758359
0.00055814243
-0.0021859433
-0.0042190454
-0.00048792477
-0.0016830516
-0.0040589229
-0.0033385849
-0.0038136056
-0.0037366197
-0.0037304971
-0.0036532777
-0.0035696918
-0.003609193
-0.0042153271
-0.002338875
-0.0026745777
-0.0037998249
-0.0043849651
-0.0031985548
-0.002719939
-0.006182507
-0.0072103081
-0.0086298946
-0.0091586577
-0.0087954519
-0.0090644647
-0.0080211256
-0.0080845095
-0.0086786299
-0.0067881836
-0.0046001491
-0.0025037967
-0.00049557273
0.0023845459
0.0062635827
0.0096506016
0.008903404
0.013345641
0.014703588
0.018171065
0.021504912
0.019612948
0.01615564
0.014550619
0.015391547
0.016470484
0.021091303
0.021648852
0.02161831
0.020808355
0.019304153
0.016359526
0.011598773
0.0080446233
0.010392226
0.01212502
0.012363601
0.005683983
0.0021604926
-0.001081214
-0.0055466172
-0.0085046905
-0.010410359
-0.010556013
-0.0098322887
-0.0097634559
-0.0076830201
-0.0059797731
-0.0024497519
-0.00043386245
0.00074677561
0.00079139903
-0.0015280494
-0.0014676411
-0.00091872026
-0.0031841516
-0.0030504502
-0.00012510935
6.7517592e-07
0.0020876698
0.0037982881
0.0043457743
0.0040219625
0.0049127594
0.0069581044
0.0074097005
0.0066644458
0.0062235502
0.007632735
0.0087805513
0.010008725
0.010227484
0.0090885279
0.0089715935
0.011092458
0.013454085
0.013577419
0.012307261
0.01322694
0.014363024
0.012190892
0.0061619649
-0.00071762148
-0.0054260686
-0.0088430163
-0.0054127953
-0.0028876058
-0.0045484369
-0.0049159936
-0.0039867883
-0.0042185219
1.5589276e-05
0.0012534862
0.0015959805
0.0016650921
-0.0029146846
-0.0040467822
-0.0039296553
-0.0054662953
-0.0050598648
-0.0075198346
-0.0062537352
-0.0036878338
8.1392669e-05
0.0034816877
0.0029078301
0.0015893857
0.0019111583
0.00083472969
-0.00083004087
0.00086266468
0.0020152412
0.003530251
0.0043939116
0.0059558449
0.0067911743
0.0053855486
0.0057536319
0.0042268363
0.0030321313
0.0026023651
0.0025450036
0.0033678743
0.0021658363
0.0010512848
0.00042304638
-0.0011807996
