0.0010131821
0.00087083929
0.0003499879
-0.00013914489
-0.0013780233
-0.0015705687
-0.0018969765
-0.00052154633
-0.00017867491
-0.00085223033
-0.0030291424
-0.0048950769
-0.0049410239
-0.0046437402
-0.0035309532
-0.0023866924
-0.00081584065
-0.001510846
-0.0026796722
-0.0010424419
-0.00049118252
-0.0023975061
-0.0028536807
-0.0031693266
-0.0024354269
-0.0021800785
-0.0027252335
-0.0036303916
-0.0036954996
-0.0035888564
-0.0031783887
-0.0026707576
-0.0037394795
-0.0039805269
-0.004271399
-0.004033204
-0.0035432767
-0.0040149455
-0.0033302886
-0.0033070479
-0.0022722034
-0.0013097169
-0.00085891883
-0.00076545353
-0.0013820491
-0.0021008922
-0.0036621982
-0.0044999319
-0.0037980516
-0.0046507815
-0.0040371211
-0.004488204
-0.003268005
-0.0035585335
-0.0036546273
-0.0050178686
-0.0052165834
-0.0069960235
-0.0095963291
-0.010166421
-0.0091446519
-0.0062732167
-0.0062785853
-0.0068741581
-0.0075055344
-0.008272785
-0.0090621636
-0.0088665967
-0.0072939213
-0.0055373304
-0.0031773205
-0.0020248019
0.001144644
0.0012476741
0.00077433853
0.0004572958
0.00094112102
0.0011888629
0.0019859452
0.0019433705
0.0029162935
0.0045657645
0.0045831194
0.0044915914
0.0027647411
0.0046668246
0.0048380751
0.0064722611
0.0068815117
0.0064798823
0.0071145846
0.0054927422
0.0048765996
0.0051980414
0.0046773975
0.0041035707
0.0031326986
0.0028048831
0.0037342861
0.0047252087
0.0041923793
0.0045139157
0.0044913393
0.0040404047
0.0048513992
0.0043587174
0.0036767789
0.003570893
0.0037220017
0.0041268773
0.0046493337
0.0045892606
0.0051977067
0.0056820039
0.0059689826
0.0077191783
0.011355223
0.011659698
0.013884081
0.01414438
0.013562439
0.01255481
0.010774638
0.009667958
0.0063618746
0.0061091507
0.005999675
0.005503058
0.0031919231
0.0015474643
0.00071549711
0.0023740073
0.0019865123
0.0012303849
0.00046984902
0.00037984507
-0.00031295137
0.00031468639
0.0018700831
0.0015615015
0.00070584491
0.0011929402
0.0014111885
0.0019195946
0.00078355588
8.706095e-05
-0.00084878421
-0.0018830506
-0.002249752
-0.0022505263
-0.0017703009
-0.0017455227
-0.0030072105
-0.0034981489
-0.0041480056
-0.0046722134
-0.0046255045
-0.0045564249
-0.0041808538
-0.002128688
-0.00092081765
-0.001222007
-0.00065932454
-0.0001229987
-0.000608341
-0.0015497735
-0.0022796202
-0.0032112072
-0.0027645654
-0.0034332201
-0.0035614756
-0.0038618919
-0.0039330439
-0.004235131
-0.0043519017
-0.0047091838
-0.0048170085
-0.0050144598
-0.0045061253
-0.0040946888
-0.0043686595
-0.0041161236
-0.003196727
-0.00060559767
-2.9134453e-05
0.000591129
0.0017637594
0.002253327
0.0018009769
0.00088115732
-0.0011758635
-0.0010376084
-0.0011731933
-0.0021168845
-0.0017385727
-0.0016598546
-0.0010568737
-0.00049558629
-0.0010185442
-0.0018050341
-0.0018964579
-0.0035528744
-0.0055680476
-0.0053548765
-0.0038602629
-0.0030175004
-0.003788869
-0.0049928164
-0.0063974883
-0.0066961154
-0.0068773522
-0.0064219112
-0.0053190259
-0.0022434397
-0.0011779743
0.00060381076
0.00060798419
-0.0012210179
-0.00044082264
0.00098814906
0.0014454706
0.00038368708
0.0006836067
0.0029056212
0.0029994711
0.0040107329
0.0033519031
0.0030187863
0.0040730721
0.0042657535
0.0060849392
0.0056162017
0.0055339813
0.0064050642
0.006008125
0.0037209788
0.0033291304
0.0021222449
0.0022757348
0.0019631009
0.0018872843
0.0023507713
0.0025608372
0.0026004036
0.0024568996
0.0023952286
0.0023152841
0.0025731948
0.0020138165
0.0014208646
0.001955473
0.0020780885
0.0024898802
0.0031143242
0.0034521541
0.0038042762
0.0047177168
0.0051781788
0.0058028058
0.0091203994
0.012133181
0.015852918
0.01577167
0.012805887
0.010267238
0.0092921656
0.0071706574
0.0047210192
0.0038955955
0.0050628064
0.0041167691
0.0036523537
0.0035907798
0.0016236907
0.0017547672
0.0021431753
0.0013619034
0.00093408203
0.0001230236
-0.0012279269
-0.0008956077
-0.00022136298
0.0003695525
0.00061083451
0.0018031518
0.0017091178
0.0018415227
0.0014966432
-0.00072532192
-0.0020538502
-0.0021248288
-0.0032315868
-0.0027638382
-0.0036669584
-0.0026904284
-0.0030917268
-0.0046926709
-0.0053447323
-0.0059670842
-0.0051490045
-0.0044593363
-0.0038166282
-0.003447965
-0.0031941429
-0.0030461064
-0.0021507026
-0.0008473529
-0.0018265747
-0.0020523039
-0.0026736583
-0.0030913485
-0.0038682892
-0.003753698
-0.0038591914
-0.0053602308
-0.0065142817
-0.0074830901
-0.008580173
-0.0091740182
-0.0099599516
-0.010235679
-0.011274314
-0.01107459
-0.010326564
-0.0094431167
-0.0083948895
-0.0059901824
-0.003290233
-0.00046750769
0.00076681618
0.0019680434
0.0034743538
0.0044269899
0.0027807074
0.0010875031
-0.00020542277
-0.0013132232
-0.0013212559
-0.00029624284
2.9215654e-05
0.00060809939
0.00046660457
-0.0013465823
-0.0014634642
-0.001255282
-0.0014159394
-0.00058559156
-7.6444988e-05
-0.00018759098
-0.0015685985
-0.0018366109
-0.0038725823
-0.0058627704
-0.0053051811
-0.0050647997
-0.0038209489
-0.003116893
-0.0027621383
-0.0029655417
-0.0033705747
-0.0036345774
-0.0023683054
-0.0016740085
-0.0023323236
-0.002984838
-0.0037254325
-0.0038308035
-0.0011936142
0.00040488789
0.0012504575
0.00097570582
-0.00073622318
0.0013997938
0.0026546939
0.0033188413
0.0036176776
0.0032083141
0.0028643743
0.0025901522
0.0018434896
0.00010238931
-0.0010035814
-0.0010300278
-5.1198063e-05
-0.00013177178
-0.00027400005
-0.00081173334
-0.001335102
-0.00051086633
-0.00025476055
-0.00030261423
-0.00032311201
-0.00058929547
0.00016191246
0.00021203895
7.8760028e-05
0.00040877825
0.0007633889
0.0015237396
0.0019875839
0.0015766387
0.0036272336
0.0041323054
0.0093421067
0.013258281
0.011284281
0.0081645097
0.0063064292
0.0046234627
0.0039807575
0.0020074252
0.0033169258
0.0021589586
0.00016976519
0.0016370123
0.0016552636
0.0020646845
0.00087926214
-0.00069935457
-0.00058046935
-0.00079134226
-0.0012038
-0.002080377
-0.0018837536
-0.0019493456
-0.00063447678
-0.00015750472
6.288838e-05
0.00018461966
0.0003585002
-0.00025167958
-0.00048208428
-0.0031401633
-0.0037810087
-0.0045191148
-0.0051145475
-0.0056674353
-0.0054090017
-0.0048884938
-0.0062499333
-0.0076066612
-0.0086347815
-0.0093036467
-0.0084776095
-0.0081781312
-0.0071448901
-0.0054849158
-0.0048882029
-0.0058980972
-0.0053771987
-0.0062608507
-0.0061726014
-0.0062111759
-0.0067950063
-0.0073110888
-0.0082458945
-0.0081664857
-0.0082350309
-0.0088543673
-0.013005171
-0.0142714
-0.017017684
-0.01873944
-0.020008753
-0.021393713
-0.02240747
-0.022034347
-0.021727858
-0.017343133
-0.016197971
-0.013380963
-0.0069700182
-0.0029012035
0.0017083934
0.0019798778
0.0028458414
0.0020869615
0.0017954102
-8.5297241e-06
-0.0012300895
-0.0023645763
-0.001710917
-0.0021831394
-0.0016889371
-0.00094887016
-0.0010308144
-0.0024952131
-0.0025926131
-0.0013104632
0.00044864352
0.0011390615
0.0012804761
-0.00024578692
-0.00016653161
-0.0013455938
-0.0049492904
-0.007954886
-0.0067566458
-0.0049675835
-0.0069551063
-0.0071546717
-0.0064398201
-0.0052325719
-0.0044863655
-0.0068161479
-0.0071585181
-0.008212494
-0.008864694
-0.012291725
-0.012107877
-0.010293047
-0.0074144896
-0.0057581011
-0.0048704803
-0.0052342954
-0.0051758274
-0.0020798691
-0.0011391368
-0.00090059366
-0.0021121108
-0.0019753782
-0.0021242578
-0.0019630014
-0.0034803246
-0.0042609037
-0.0042031577
-0.0043153493
-0.0053063266
-0.0055295842
-0.005691548
-0.0053747777
-0.0051064314
-0.0042946346
-0.0038577651
-0.0033275576
-0.0025224198
-0.0026872165
-0.002634994
-0.0026673054
-0.0024814083
-0.0019569971
-0.0016337664
-0.0013919894
-0.0012645851
0.00037919693
0.0004516383
0.0038739562
0.0040848687
0.0026097654
0.00060510589
0.00093536282
-0.0024862366
-0.0038022835
-0.0025613646
-0.001147175
-0.0014182207
-0.0017395957
-0.0027758566
-0.005537178
-0.0047891727
-0.0037818327
-0.0042214766
-0.0056990719
-0.0054891595
-0.0054959182
-0.005481688
-0.0058636942
-0.0044703714
-0.0038921572
-0.0033335977
-0.0025070811
-0.0026110321
-0.0025047987
-0.0023183728
-0.0024254741
-0.0027357052
-0.0060234489
-0.0065038596
-0.0065206582
-0.0071254039
-0.0076659528
-0.0080049832
-0.0088529522
-0.010337525
-0.011325026
-0.013201443
-0.011951942
-0.012797694
-0.012948837
-0.011835085
-0.0079528744
-0.008035936
-0.010098143
-0.011491953
-0.011113684
-0.011293034
-0.011766135
-0.012037592
-0.013892973
-0.015415128
-0.014800198
-0.015546361
-0.016067088
-0.018480008
-0.022920855
-0.027106106
-0.029546676
-0.03165398
-0.03367557
-0.034643342
-0.032800449
-0.030704059
-0.027894638
-0.025026497
-0.022324406
-0.01431393
-0.0088982151
-0.0059633144
-0.0036201826
-0.0027671085
-0.003768632
-0.0029808014
-0.0032699767
-0.0034502828
-0.003270927
-0.0027177964
-0.0034103073
-0.0034418714
-0.0040292046
-0.0055098914
-0.0062430987
-0.0052768448
-0.0037001113
-0.00073359848
0.0013883049
0.0013035266
-0.0034746961
-0.0034200325
-0.0049989509
-0.0054917231
-0.0054795079
-0.0063521742
-0.0072372664
-0.0083920254
-0.0081477501
-0.0084312245
-0.0061486415
-0.007427039
-0.010450226
-0.011084394
-0.012781878
-0.013991126
-0.014751114
-0.014391906
-0.014021123
-0.011505452
-0.0098073644
-0.010356913
-0.010709254
-0.011617606
-0.0094789444
-0.0089279304
-0.0073585259
-0.0070642733
-0.0073790783
-0.0070908154
-0.0074530544
-0.0076868618
-0.0075175033
-0.0077117357
-0.0076174007
-0.0081548628
-0.0084574498
-0.0080718508
-0.0084237082
-0.007166414
-0.0068207125
-0.0062471462
-0.0054687891
-0.0046578056
-0.0048488671
-0.0041712489
-0.004109501
-0.0038538937
-0.003787059
-0.0029770108
-0.0028760369
-0.0013728746
-0.0017188363
-0.0023552426
-0.003486741
-0.0026720145
-0.0030890948
-0.0043670531
-0.0066902764
-0.0097786278
-0.010631925
-0.0087360178
-0.0074525894
-0.0083480185
-0.0090571703
-0.010828652
-0.011316276
-0.010931102
-0.0090437761
-0.0096989583
-0.010340087
-0.010025277
-0.0090910137
-0.0089430781
-0.0081353714
-0.0070882048
-0.0057730788
-0.0052016791
-0.0045368494
-0.0045707779
-0.0050210673
-0.0055471143
-0.0054222903
-0.005575645
-0.0074735494
-0.0074523382
-0.0076203986
-0.0080639311
-0.0088986847
-0.0094405301
-0.014042296
-0.016048544
-0.016247223
-0.015978136
-0.013546939
-0.015323307
-0.014712651
-0.013213367
-0.011172778
-0.011916573
-0.013295285
-0.013690562
-0.014623013
-0.016886128
-0.017460728
-0.01762832
-0.020051979
-0.020072961
-0.020283992
-0.018511603
-0.018028576
-0.022828123
-0.025735569
-0.030644641
-0.032119956
-0.035919753
-0.040848757
-0.042562529
-0.042675352
-0.042930623
-0.044036659
-0.039163702
-0.033443082
-0.02739589
-0.023640506
-0.020480121
-0.017645998
-0.014814241
-0.014342231
-0.011455526
-0.010555792
-0.010201922
-0.0090715323
-0.0091957487
-0.0080008773
-0.0099596697
-0.010786514
-0.010726447
-0.011640315
-0.010718555
-0.0072023068
-0.0082649212
-0.0031174977
-0.0067835916
-0.0098737471
-0.004012723
0.00041891647
-0.00059150137
-0.0018730764
-0.0014311874
-0.0021393595
-0.0067382782
-0.0086850349
-0.0069881219
-0.006353064
-0.0062557591
-0.0072074639
-0.0057992042
-0.0068743743
-0.010843538
-0.011201143
-0.010271188
-0.010001893
-0.0095940644
-0.0093207804
-0.0098416959
-0.0098040076
-0.0088375293
-0.0086085502
-0.0080605524
-0.0072740314
-0.0067887807
-0.0072041253
-0.0069235838
-0.0068236184
-0.0063001752
-0.006773385
-0.0064444178
-0.0063315694
-0.0062791074
-0.0071468486
-0.0076721266
-0.0069984613
-0.0062542898
-0.0050914522
-0.0041649155
-0.0033020832
-0.0028812645
-0.0027991856
-0.0021994887
-0.0026546996
-0.002295209
-0.0026936343
-0.0021089411
-0.0018434046
-0.0026750479
-0.0064272157
-0.0073452436
-0.0066893977
-0.0048786766
-0.0075751075
-0.0095832021
-0.010718161
-0.012552179
-0.01231753
-0.013420881
-0.012549759
-0.013806287
-0.014044407
-0.015598029
-0.01600839
-0.015229
-0.014305096
-0.013036324
-0.012968509
-0.011962485
-0.011251415
-0.0087955689
-0.0076800609
-0.0062493794
-0.0057105993
-0.0052591742
-0.0056185425
-0.0060783116
-0.0065899489
-0.0070373072
-0.0072230451
-0.0071012594
-0.0075816329
-0.0079592469
-0.0080325603
-0.0085410409
-0.0095417009
-0.011954361
-0.016480898
-0.019503218
-0.020181822
-0.017254736
-0.016539372
-0.015930654
-0.014000508
-0.013661702
-0.01197549
-0.011109916
-0.012405791
-0.014179263
-0.016139662
-0.018389361
-0.019590317
-0.019708864
-0.019395742
-0.017899174
-0.016291894
-0.01911932
-0.022241984
-0.022824275
-0.025504205
-0.030886814
-0.038751474
-0.0430071
-0.051571728
-0.055624231
-0.056317684
-0.06074871
-0.061412758
-0.059235461
-0.054887491
-0.050749626
-0.046575234
-0.034727325
-0.035789959
-0.033045121
-0.029825535
-0.026479727
-0.026189099
-0.020402947
-0.020357293
-0.018806248
-0.01843575
-0.018348425
-0.016171319
-0.014870827
-0.016204749
-0.016558273
-0.012826606
-0.0066087825
0.0024279064
-0.0012916176
-0.0057275515
-0.0068720316
-0.00093865963
-0.0017864893
0.0047604556
0.0031396493
0.0030542947
0.0023405136
0.00039652561
0.002171101
0.00085949781
0.0045651621
0.0046921626
0.0036683804
0.0027954783
2.9347482e-05
1.7932624e-05
0.00020113236
0.00054216512
-0.00093375213
-0.0013826143
-0.0032690746
-0.0031251933
-0.0035176761
-0.0026943088
-0.0022800462
-0.0028232563
-0.0033487389
-0.0028420981
-0.0026520303
-0.0027481809
-0.0031787372
-0.0024831601
-0.0026532074
-0.0029596472
-0.0028344656
-0.0030757834
-0.0031856099
-0.0024444752
-0.0018455293
-0.0015450076
-0.00096552963
-0.00081916831
-0.00093778661
-0.00083794663
-0.0013256233
-0.0015559348
-0.0018514123
-0.0021454107
-0.0016447668
-0.0024281464
-0.0044486748
-0.012180765
-0.010545067
-0.0074262521
-0.0078582658
-0.0092792496
-0.011121033
-0.012433432
-0.016962871
-0.014702467
-0.016150131
-0.01659061
-0.017322717
-0.016738794
-0.01685406
-0.016458232
-0.01667346
-0.01597319
-0.014584708
-0.013291611
-0.0087122829
-0.0058431511
-0.0058391219
-0.0053564837
-0.0044829817
-0.0048414697
-0.0052302087
-0.0055223707
-0.0054383907
-0.0062938499
-0.0066620069
-0.0073517969
-0.0072545393
-0.0082974435
-0.0089619525
-0.010362624
-0.010444182
-0.011657952
-0.014756239
-0.020259954
-0.019115853
-0.019385079
-0.018164043
-0.018487337
-0.016243831
-0.015754239
-0.014887765
-0.010281359
-0.0073526191
-0.0093104058
-0.012410051
-0.01544522
-0.016625648
-0.018546114
-0.019547081
-0.018449302
-0.014402701
-0.015664217
-0.02176401
-0.023088477
-0.024266692
-0.029050328
-0.037234036
-0.046736229
-0.054955066
-0.059481126
-0.06281602
-0.065015731
-0.065601263
-0.066345573
-0.061952323
-0.061821543
-0.062354237
-0.057229764
-0.046262052
-0.052524388
-0.051339602
-0.04990273
-0.043360719
-0.04186638
-0.034499647
-0.025751995
-0.030476854
-0.021930229
-0.024530879
-0.023440024
-0.019434934
-0.022480249
-0.009721348
-0.0036949148
-0.0036888365
-0.00064494056
0.0033504653
0.0088021881
0.0056710633
0.012935973
0.011664991
0.015231919
0.013551517
0.012763484
0.010703688
0.0094421286
0.012618533
0.012653148
0.012388277
0.013936032
0.012165794
0.011785268
0.011202299
0.01051937
0.00833409
0.0076680221
0.0051946326
0.0044803587
0.0028718086
0.0029045748
0.0030875648
0.0028274122
0.0024525214
0.0024099021
0.0017308413
0.0012032664
0.0012794618
0.0016838429
0.0011363938
0.0012756043
0.00063561909
0.00095753474
0.00062549806
0.00081085137
0.00017405038
0.0010197134
0.00062779518
0.00077539305
0.00042228068
0.00033319531
0.00045702389
0.00075129734
-0.0002007154
-7.264787e-05
-0.0012937788
-0.0016095228
-0.0030150331
-0.0037251406
-0.0065292375
-0.014788992
-0.012396246
-0.008872563
-0.0081420128
-0.0091019283
-0.013593528
-0.016315518
-0.018882261
-0.018060707
-0.017320078
-0.016535308
-0.016742164
-0.017326721
-0.016464484
-0.015965438
-0.012027308
-0.011175084
-0.0090846758
-0.006240062
-0.0042583833
-0.003844456
-0.0036844774
-0.0047475875
-0.0047680072
-0.004240212
-0.0051746805
-0.0058970868
-0.005935843
-0.0066151226
-0.0064996911
-0.0068356563
-0.0068682626
-0.0097712482
-0.0098510993
-0.012267083
-0.013526917
-0.014920593
-0.020162232
-0.020919692
-0.021386791
-0.018613746
-0.016732406
-0.0161853
-0.016973481
-0.015357258
-0.015631145
-0.0097750488
-0.002440907
-0.0061108015
-0.010320707
-0.013137953
-0.013783794
-0.015074595
-0.019914866
-0.021110644
-0.019835648
-0.019219181
-0.023285486
-0.024446104
-0.026822564
-0.035292658
-0.044228975
-0.052898049
-0.058406168
-0.062225308
-0.065098076
-0.067563223
-0.066750164
-0.06395421
-0.060614361
-0.058252878
-0.059789027
-0.048713496
-0.050653221
-0.052259096
-0.05363441
-0.053057227
-0.049438087
-0.036802234
-0.035015513
-0.032048849
-0.029509586
-0.024635612
-0.027097551
-0.025539232
-0.015611837
-0.016257103
-0.0056336169
0.0015069128
0.0051570919
0.011669075
0.016395345
0.018750801
0.022461601
0.023247015
0.025541115
0.025152356
0.022411397
0.019264629
0.017953897
0.01836607
0.019677017
0.019409423
0.020072558
0.019805534
0.019932287
0.017053867
0.015535457
0.015587549
0.01455011
0.010957504
0.0086918867
0.0068079656
0.0064031231
0.0053840854
0.0060030394
0.0060124329
0.0063380988
0.004994071
0.0048812667
0.0048459192
0.0045987
0.0037471807
0.0036599792
0.0036986361
0.0038376846
0.003807285
0.0037230182
0.0036842162
0.0031500015
0.0018967987
0.0023362993
0.0020125566
0.0015139107
0.0012313628
0.0011235828
-4.0945765e-05
9.6791756e-05
-0.00054301093
-0.0012173247
-0.003330534
-0.0040317607
-0.0062602027
-0.0085727394
-0.016425189
-0.013575342
-0.0083805427
-0.0086471915
-0.0089416841
-0.012948087
-0.014889836
-0.01775481
-0.015457588
-0.01253947
-0.011923183
-0.011766926
-0.013974221
-0.0085853329
-0.0065386072
-0.0061112196
-0.004602135
-0.0029454184
-0.0039129244
-0.0042152256
-0.0049852488
-0.0043224202
-0.0045099539
-0.0050313247
-0.0059927809
-0.0062595508
-0.0063836667
-0.0073857473
-0.0067953922
-0.0072920662
-0.0070013208
-0.0090988088
-0.013461144
-0.015781049
-0.019954676
-0.021378678
-0.020722318
-0.021981949
-0.020275805
-0.018136948
-0.016881767
-0.014869935
-0.016816202
-0.019431541
-0.018401184
-0.014261947
-0.0039896356
-0.0028674745
-0.007039012
-0.0088838339
-0.012292872
-0.013998673
-0.015209245
-0.020408773
-0.026241126
-0.027899562
-0.027173026
-0.028223532
-0.031603372
-0.034892208
-0.041798949
-0.044064208
-0.048722885
-0.05447045
-0.058641216
-0.06072737
-0.061046
-0.058738598
-0.053323998
-0.049076471
-0.048776214
-0.050120597
-0.045831794
-0.041783716
-0.038194725
-0.039570753
-0.038936426
-0.039080683
-0.025643186
-0.021800634
-0.018063177
-0.014451669
-0.011523555
-0.017872706
-0.010604526
-0.0026658325
0.0038531641
0.0079560055
0.014163399
0.019785717
0.023649042
0.029423565
0.033528086
0.03395196
0.032820506
0.03138372
0.030040901
0.028170166
0.025684091
0.023951805
0.023877752
0.025273292
0.024416928
0.026800202
0.025205921
0.026115346
0.024133551
0.024962708
0.023121203
0.019874948
0.018300233
0.014095134
0.0093522171
0.010123873
0.0104139
0.0090434205
0.0087972314
0.0099401918
0.0095712521
0.0093030177
0.0081901224
0.0079559394
0.0071111268
0.0062068072
0.0080247313
0.0071886135
0.0093853696
0.0079421026
0.0074618134
0.0073081138
0.0064727697
0.005068788
0.0049446326
0.0053719496
0.0039467993
0.003065892
0.001567318
3.9191113e-06
-0.00017351859
-0.0013188581
-0.0028639138
-0.0039122252
-0.0063347935
-0.012034155
-0.018818227
-0.016424677
-0.014035971
-0.010669929
-0.0085626427
-0.010351736
-0.013012939
-0.013379307
-0.014175894
-0.0081415356
-0.0083848341
-0.0066211367
-0.0044021162
-0.0020142088
-0.0017659265
-0.00056555706
-0.0025255268
-0.0049335584
-0.0062506285
-0.0062764096
-0.007981244
-0.0072700343
-0.0070031035
-0.0083147249
-0.0090046269
-0.0085513583
-0.0083153269
-0.0080473422
-0.0096680273
-0.010928093
-0.011979894
-0.011465687
-0.017933955
-0.01945346
-0.024153095
-0.018196145
-0.017534998
-0.020145185
-0.018387183
-0.016008087
-0.017421421
-0.018137254
-0.017676419
-0.019410432
-0.021721556
-0.014633228
-0.0069047414
-0.0057215484
-0.006927284
-0.0089955298
-0.011495426
-0.013793178
-0.017720043
-0.023157032
-0.029794491
-0.036824736
-0.039029268
-0.039828471
-0.040752751
-0.042526863
-0.046473557
-0.046453695
-0.046870051
-0.044682582
-0.044073934
-0.044066279
-0.049126386
-0.045315645
-0.035101168
-0.025894867
-0.03325488
-0.0379248
-0.029891559
-0.023437543
-0.019085567
-0.018101458
-0.015192655
-0.010602528
-0.0063828083
0.00026778239
0.0058080747
0.0058400118
0.01028509
0.011006148
0.014710779
0.021279802
0.028380185
0.029621487
0.033733661
0.037072626
0.036288191
0.035729881
0.039806791
0.039190339
0.035344733
0.035352013
0.038301023
0.034564841
0.031775522
0.032957863
0.031596027
0.032951083
0.034748037
0.033584376
0.034145137
0.034943486
0.03558244
0.035495454
0.032838185
0.031147761
0.027733545
0.022888759
0.018861041
0.016217201
0.018249793
0.015844596
0.01287896
0.013347622
0.011875113
0.012294106
0.012152153
0.010333559
0.011134543
0.0095464448
0.0090231993
0.010038233
0.010911013
0.010605864
0.010197026
0.0078478608
0.0089631397
0.0077218551
0.0068705892
0.0064138159
0.0066038771
0.0045561283
0.0043408303
0.0024563187
0.0028477826
-0.00070563427
-0.0043897248
-0.0062730419
-0.010935208
-0.011632558
-0.010140478
0.0016650617
-0.010783613
-0.01033007
-0.0054995244
-0.010182723
-0.010494452
-0.010852635
-0.0090797354
-0.0063828332
-0.0053589676
-0.0038902525
0.0018509689
0.001451996
-0.00031380245
-0.0018209972
-0.0029298306
-0.0083887078
-0.0081158524
-0.0084431201
-0.011845309
-0.012909787
-0.011361742
-0.013528655
-0.013657012
-0.015249709
-0.015757722
-0.016109007
-0.017782178
-0.016832303
-0.017594291
-0.018498984
-0.015762118
-0.014631313
-0.015692529
-0.014986275
-0.015777401
-0.013063295
-0.010118878
-0.013185638
-0.014478043
-0.015188155
-0.016903461
-0.015127908
-0.01842441
-0.011904379
-0.01356874
-0.010198029
-0.0075239781
-0.0093939689
-0.012141592
-0.014003634
-0.018494704
-0.023966762
-0.030149169
-0.038273111
-0.044454376
-0.048186535
-0.04839072
-0.049485671
-0.047597276
-0.041928852
-0.035033686
-0.026158293
-0.032321314
-0.032202493
-0.033264378
-0.030796893
-0.022100608
-0.010313283
-0.0079598358
-0.013316554
-0.0047530707
0.010229005
0.01951168
0.022299945
0.025612464
0.026097425
0.031232338
0.035290385
0.035917991
0.026297269
0.030564474
0.041908604
0.04652821
0.050284451
0.053711815
0.054134307
0.055817821
0.055817462
0.053351032
0.050559825
0.049314454
0.04544529
0.04270426
0.041297174
0.042493674
0.040559319
0.038162412
0.038761124
0.038305369
0.037951369
0.037552996
0.040149721
0.04260488
0.03877683
0.040606596
0.040819684
0.037790711
0.034920134
0.034971274
0.031712218
0.02724831
0.025847558
0.026863766
0.026797722
0.02211101
0.021489829
0.020944779
0.020495817
0.023039742
0.022678885
0.022040019
0.021107093
0.018669433
0.018482732
0.020421247
0.019125161
0.018992964
0.017930411
0.018836745
0.018061089
0.01781213
0.013820274
0.0127441
0.01253756
0.014133853
0.013953663
0.01242817
0.010899455
0.0084147745
-0.0022587033
-0.0097920259
-0.0087985697
-5.1237183e-06
0.0060353345
-0.0034257742
-0.0054205069
-0.0047595905
-0.0029415539
-0.0036891716
-0.003835026
-0.0033317262
-0.00080722174
0.00084245967
0.003052842
0.005400223
0.0057826756
0.0039564794
0.00096367455
0.002401815
-0.0026731246
-0.0030606211
-0.0051370953
-0.006888413
-0.0088705699
-0.010997502
-0.010824083
-0.013390308
-0.013765796
-0.013563148
-0.013610275
-0.014417372
-0.015611238
-0.016872867
-0.016555973
-0.0093449831
-0.011219717
-0.0099371715
-0.0095652716
-0.011743728
-0.010041571
-0.0094820069
-0.01182406
-0.0096759152
-0.011307688
-0.013567729
-0.013371047
-0.014553014
-0.017803037
-0.020924604
-0.016902025
-0.013901526
-0.012898707
-0.013010142
-0.012012638
-0.015316926
-0.017990638
-0.024635229
-0.030608402
-0.036563492
-0.043254406
-0.048093839
-0.049627471
-0.046856541
-0.033382681
-0.016725406
-0.017118725
-0.020181648
-0.017056783
-0.009309144
-0.0013770007
0.010433801
0.021511412
0.030100391
0.025246289
0.026706233
0.039431101
0.036690511
0.041432553
0.050460571
0.061019575
0.067764262
0.063045345
0.056790878
0.049819919
0.055275429
0.071637132
0.073010647
0.069146425
0.06948846
0.067985568
0.064747469
0.060771673
0.058499398
0.054879965
0.050345165
0.047921119
0.04604153
0.041949748
0.040047271
0.035459572
0.032324938
0.034011245
0.032248711
0.031841391
0.03392638
0.034954871
0.032471286
0.032135092
0.032891463
0.032880064
0.031744731
0.032802509
0.033160858
0.032139418
0.031756729
0.029195534
0.029397161
0.02729365
0.028168884
0.031288799
0.030752796
0.036052247
0.03626392
0.034951982
0.039244247
0.039918876
0.03672584
0.035581493
0.036122161
0.037718559
0.037250809
0.033016074
0.029062117
0.027446319
0.023941895
0.017376525
0.014470488
0.0089562096
0.0048301208
0.002258897
-0.0051272437
-0.010034123
-0.0099110966
-0.01122489
-0.010755174
0.0062924243
0.0102883
0.0015725251
-0.0077315416
-0.007047563
-0.0054718858
-0.006895008
-0.0031627916
-0.0011713349
0.0010555664
0.0015311272
0.0015831498
0.0018310397
0.0046654425
0.0045557359
0.0049706938
0.003969895
0.0039784235
0.0026643888
-0.00082040453
-0.0022278912
-0.0011558258
-0.0029090098
-0.0050499538
-0.0072672583
-0.0093431575
-0.010316038
-0.0087066019
-0.0071724279
-0.0082897743
-0.012439303
-0.013023233
-0.012100179
-0.0081221553
-0.0070668168
-0.0070240701
-0.010862932
-0.011349222
-0.010269011
-0.011183414
-0.0081512843
-0.0081935811
-0.010095544
-0.012137569
-0.015337698
-0.017706711
-0.02026101
-0.023636235
-0.017394875
-0.015376652
-0.011883187
-0.0076884107
-0.0078848142
-0.0097945836
-0.012317865
-0.017967982
-0.021250104
-0.025141964
-0.02938559
-0.032873626
-0.034913998
-0.033728891
-0.012173227
0.0051129648
-0.0029616094
0.010753312
0.017913477
0.025427841
0.034433202
0.043698574
0.049481852
0.055626537
0.049861475
0.033524134
0.031359744
0.035958087
0.038466135
0.054350933
0.069121956
0.077468487
0.080687454
0.067333469
0.0527947
0.063909688
0.074152296
0.073877376
0.0685411
0.064425653
0.060940229
0.058219243
0.052782211
0.047153469
0.04508574
0.038130368
0.036134156
0.032246079
0.030608467
0.028411909
0.027015772
0.025321549
0.025206393
0.020950753
0.01986341
0.021991191
0.023152175
0.022892471
0.022488306
0.024352156
0.024545365
0.024261704
0.024664563
0.023893591
0.023051366
0.022320334
0.022722745
0.024004018
0.024984701
0.024954297
0.028529069
0.030751382
0.032287239
0.036597099
0.037590357
0.040133585
0.040305194
0.042323965
0.041683279
0.043980322
0.045679044
0.042757683
0.039909189
0.036825425
0.028236026
0.020091038
0.008644257
0.0018592558
-0.0010430657
-0.0035372174
-0.011562597
-0.014875662
-0.018019383
-0.022778192
-0.025007074
-0.0055480101
0.0023259529
-0.0043982808
-0.0093897649
-0.015602709
-0.014470095
-0.012379435
-0.0085683191
-0.0057216411
-0.0030239011
-0.00015297051
0.0012898532
0.00037347154
-0.0015143324
-0.002081576
-0.00020665432
0.00076328288
0.0005729473
-0.00072127217
0.0018813544
-7.5165496e-05
-0.0013255296
-0.0027012988
-0.0046406819
-0.0067303486
-0.006898737
-0.0082741837
-0.0061411
-0.0050872079
-0.0031598283
-0.0053044831
-0.0062033917
-0.010212272
-0.0066890295
-0.0056981432
-0.0061917394
-0.0079581835
-0.0072731443
-0.0095771897
-0.011369404
-0.010924406
-0.010265348
-0.011052829
-0.012787476
-0.013418533
-0.014665034
-0.018174196
-0.01839686
-0.018501939
-0.013985746
-0.011020949
-0.012427103
-0.011104751
-0.009009876
-0.0079971861
-0.0079409663
-0.010034359
-0.012156161
-0.013975503
-0.016059214
-0.017404636
-0.016682564
-0.012681578
0.0068284993
0.015234662
0.017966724
0.035964091
0.045203636
0.055273184
0.062022054
0.062779637
0.059001489
0.058242975
0.043541697
0.02749452
0.033916749
0.041547813
0.048989055
0.058201484
0.06228056
0.065860572
0.066978449
0.055500513
0.049512946
0.060208658
0.060516775
0.05659318
0.049476253
0.048326242
0.043201693
0.035732916
0.028924445
0.027518753
0.026588622
0.022763127
0.023158233
0.020739898
0.015546188
0.015703699
0.013761686
0.015797368
0.014713219
0.013282166
0.013369992
0.013921431
0.013562324
0.013265529
0.014201285
0.014129226
0.018649134
0.018895697
0.019714479
0.01956758
0.021845078
0.019154124
0.021157407
0.022253885
0.022428731
0.022645583
0.023764136
0.024463267
0.026662264
0.028517119
0.030747714
0.031728695
0.031674404
0.031013619
0.031385459
0.033174621
0.035561517
0.036228925
0.031030995
0.027003889
0.020097065
0.010359326
-0.0015206801
-0.0082589083
-0.013855616
-0.016312406
-0.02731927
-0.031072194
-0.028615031
-0.023375478
-0.015720149
-0.0060620949
-0.0079131387
-0.013571018
-0.015252328
-0.017204572
-0.014289983
-0.015141031
-0.010840876
-0.007259666
-0.0053280745
-0.0023405982
-0.0015860837
-0.003149007
-0.0030341731
-0.0033478253
-0.0025542776
-0.0016813889
-0.00030496359
8.6339512e-07
0.00011232156
0.00044605698
-0.00025611933
-0.0038077742
-0.0058371505
-0.0076364314
-0.0070879567
-0.0084383021
-0.0086999313
-0.0081519372
-0.0033000054
-0.0030405353
-0.0042912055
-0.0055163683
-0.0066326485
-0.0042115289
-0.0047039449
-0.0033671205
-0.0029222812
-0.0047785799
-0.0038760749
-0.0059960166
-0.0071487737
-0.0063808214
-0.0087571865
-0.008281481
-0.010881995
-0.012317986
-0.012978964
-0.011164253
-0.010414579
-0.0095779382
-0.007251817
-0.0074217458
-0.0085894571
-0.0080158468
-0.004787502
-0.0041553025
-0.0039113518
-0.0044025919
-0.0029577887
0.00011243889
0.0028955804
0.0081227499
0.01721778
0.020069096
0.026780675
0.037658527
0.050591915
0.059895364
0.061321305
0.058512477
0.048068266
0.034891063
0.024502152
0.019545564
0.030994764
0.036891631
0.041354454
0.047564738
0.047885219
0.04776229
0.044542975
0.036754325
0.033527295
0.037532971
0.033716772
0.030986203
0.024288269
0.02051178
0.018448295
0.014706933
0.010576915
0.0079655433
0.010483934
0.0079155469
0.0076259681
0.0053349502
0.0038304751
0.0055909353
0.0052657895
0.0072082151
0.0076843501
0.0074037769
0.0062333486
0.0086806446
0.010084863
0.0064892466
0.0068305818
0.0070381647
0.011113275
0.012809054
0.013483412
0.013574402
0.014406591
0.016197256
0.01619162
0.017120725
0.018362021
0.017949931
0.017470519
0.017665255
0.01900626
0.021368819
0.021430075
0.021663272
0.022021042
0.021647411
0.020838975
0.022216215
0.019985135
0.016656848
0.013031914
0.0091932403
0.0034091646
-0.0047420545
-0.015147086
-0.023330666
-0.027448579
-0.023701654
-0.020593616
-0.019868377
-0.020663187
-0.014587657
-0.0051889078
-0.011162831
-0.013530242
-0.015678732
-0.0199045
-0.019367596
-0.019118573
-0.015714543
-0.012360624
-0.0093786197
-0.0068204707
-0.0028927352
1.0091172e-05
0.0007742698
-0.0015100999
-0.0034389314
-0.003202159
-0.0023148053
-0.0013707295
-0.0010320176
-0.0019398789
-0.0019811571
-0.0033875216
-0.0037370192
-0.0050242959
-0.0054167865
-0.0065596599
-0.0058299073
-0.0066160389
-0.0072753515
-0.0032408099
-0.0035226057
-0.0044160924
-0.005397451
-0.0047480871
-0.0029683201
-0.0028993644
-0.002765528
-0.0014221224
-0.00094781745
-0.0019121443
-0.0021743432
-0.0030381477
-0.0042535225
-0.0043429297
-0.0059414803
-0.0055229684
-0.0068787503
-0.0084887713
-0.0089592448
-0.0093779041
-0.0066101848
-0.0080007188
-0.0061782938
-0.0066050844
-0.0078632934
-0.0053846143
-0.0037029248
-0.0003272622
0.00012944602
0.0023760448
0.0094351015
0.016892303
0.023703647
0.024457726
0.023923491
0.032678977
0.038184812
0.035868981
0.045847398
0.04238091
0.036435669
0.025509394
0.014675948
0.012223757
0.013076958
0.018954943
0.021794688
0.028161852
0.02755953
0.027826772
0.025835256
0.026166772
0.021563373
0.015698819
0.013526449
0.010419216
0.011390476
0.00833013
0.0052405175
0.0031192739
0.0005008182
0.00059509879
-0.0012999474
-0.002775724
-0.0024088686
0.0016064781
-0.00014592943
-0.0002459625
0.0011052068
0.0019616699
0.0022862578
0.0015339562
0.0034841191
0.003771208
0.0049715218
0.0035624617
0.0030345714
0.0014778725
0.0021374933
0.0049287368
0.0065831174
0.0065850462
0.0064414061
0.0071746286
0.0087578565
0.010064154
0.011546712
0.012479826
0.01079816
0.010442707
0.010978284
0.010990488
0.012404671
0.013285422
0.012565577
0.013325249
0.013726767
0.012991689
0.011735983
0.010448545
0.0071606955
0.0036098034
-0.0022353949
-0.0095972616
-0.014366519
-0.023135621
-0.020065
-0.0130657
-0.011474629
-0.0089142326
-0.010306039
-0.013435273
-0.0095378075
-0.0070720556
-0.010974815
-0.013360339
-0.016214437
-0.018520002
-0.017616017
-0.014891927
-0.012427833
-0.011223585
-0.0097706724
-0.0086266563
-0.0059728875
-0.0041818705
-0.0044608068
-0.0037006872
-0.0051827902
-0.0066384785
-0.0062123558
-0.003626041
-0.0040304894
-0.0037978143
-0.004026378
-0.0043823823
-0.0044068392
-0.0040813405
-0.0032134184
-0.0037801343
-0.0035343806
-0.0044712111
-0.0052505097
-0.0024946451
-0.0047618697
-0.0038558688
-0.0050157588
-0.0063181826
