0.00066308047
0.0012922486
0.001604603
0.0019877708
0.00178948
0.0046729274
0.0071591639
0.0071729533
0.0045337417
-2.3421867e-05
-0.0032968107
-0.0061950754
-0.0070719338
-0.0081424654
-0.007886965
-0.0068835084
-0.0061909617
-0.0055905508
-0.0054510623
-0.0060246988
-0.0064119461
-0.0067718384
-0.0060184464
-0.0066544812
-0.0059696297
-0.0056983892
-0.0063779577
-0.006513664
-0.0059097743
-0.0049577879
-0.0048849493
-0.0041739591
-0.0050741096
-0.0049575562
-0.0045303971
-0.0055188088
-0.0052398927
-0.005216527
-0.0041650971
-0.0041367734
-0.0023577878
-0.001384576
-0.0014328718
-0.0014207094
-0.0020183884
-0.0035571861
-0.004753548
-0.0065823555
-0.007749862
-0.0080340061
-0.0057997568
-0.0033030618
-0.0012416813
-0.0018828037
-0.0026829522
-0.0045285731
-0.004676034
-0.0068451899
-0.0089165134
-0.0089392317
-0.008767946
-0.0075481701
-0.0070153195
-0.0066626693
-0.0066012308
-0.0072618206
-0.0073341374
-0.0072139896
-0.0049943319
-0.0019972624
0.00040180736
0.0018646676
0.0045457882
0.0050645251
0.0029764485
0.0021432377
0.00090696508
-0.00031984831
0.001737107
0.0019918178
0.0042172788
0.0062054978
0.0076584983
0.0091488978
0.0072164722
0.0066396699
0.006785136
0.0082363429
0.009484468
0.010175083
0.0092049285
0.0082961231
0.0063922965
0.0058479483
0.0057636404
0.0054579187
0.0041916157
0.004240903
0.0046971018
0.0044983347
0.0048209469
0.0051277117
0.0051068228
0.0049830545
0.0053700734
0.0049627955
0.0046888947
0.005260522
0.0051097245
0.0057315366
0.0058538151
0.005505263
0.0054492209
0.0055871111
0.0063273234
0.0083566558
0.011541931
0.01198909
0.017955221
0.016318317
0.014403003
0.014887356
0.012201515
0.013014932
0.0099536848
0.0082686857
0.0058617409
0.0033981005
-0.00014415301
-0.0011259124
-0.0012366139
0.0019148307
0.00082445945
0.00029492212
0.00037547364
0.00074421753
8.9520087e-05
0.00062134529
0.0017139731
0.0013799017
0.00082699849
0.00044946996
0.00067120615
0.0012062939
-0.000477171
-2.3692107e-05
-0.00015383016
0.00046415585
0.00078406525
0.0047015063
0.0069317799
0.0038861913
0.00086264686
-0.00086128601
-0.0017187182
-0.0049319008
-0.00634175
-0.006928736
-0.0087265538
-0.0082861594
-0.0078286171
-0.0059562693
-0.0046416506
-0.0051094114
-0.0063445742
-0.006701692
-0.0059428051
-0.0058640677
-0.0059931092
-0.0068367793
-0.0074396685
-0.0076123525
-0.0068792726
-0.0062561962
-0.0063996498
-0.0065488278
-0.0068970079
-0.0065391811
-0.0061935499
-0.0060024907
-0.0054185425
-0.0044376763
-0.002711906
-0.00076336905
-0.00069906714
-0.00029762633
0.00067546422
0.00094159738
0.00048915956
-2.8228776e-05
-0.0013803826
-0.0013857495
-0.0027509144
-0.0046082063
-0.0036167227
-0.00047344875
0.002058864
0.0012238444
-0.00078476657
-0.0023900079
-0.0024549156
-0.0039013307
-0.0050628269
-0.0050231718
-0.0049213866
-0.0048937608
-0.0045967551
-0.0056390365
-0.0058965817
-0.0045117323
-0.0032298046
-0.0021332159
-0.00069076638
0.0013656056
0.0032554023
0.0047953817
0.0059153339
0.0036954339
0.0022794721
0.0020176986
0.00071310557
0.00060348253
0.0016738018
0.0041819519
0.0054496535
0.0073356858
0.0074160922
0.0058500268
0.0049512615
0.0043466758
0.0057731069
0.0060130516
0.0067297133
0.0065670679
0.0066990902
0.0052285432
0.0049287591
0.0036557356
0.0038700062
0.0039536852
0.0031128919
0.0033617463
0.0029819995
0.0029751721
0.0023399873
0.0025844555
0.0028564838
0.0028698054
0.0022902429
0.0021494432
0.0024094184
0.0026605686
0.0031701714
0.0035218498
0.0038271989
0.0039805343
0.0047463231
0.0053143458
0.0064680103
0.01018291
0.012515779
0.017671645
0.017476348
0.012753359
0.011293106
0.0093698063
0.008454089
0.0070990147
0.0059767348
0.0053648737
0.0032041166
8.6548936e-06
-0.0011231554
-0.0013099879
-0.0004798714
-0.00015007808
-0.00072202196
-0.00038969829
-0.0012596129
-0.00086211189
-0.0007111164
-0.00016662658
0.00029823261
0.00050201356
0.00089835767
0.00049989069
0.00073648476
0.00015040597
-0.0023250194
-0.0025995485
-0.0023999892
-0.0018767454
-0.00063065323
0.0016725113
0.0041014836
0.00056205373
-0.0022607552
-0.0039302397
-0.0066233342
-0.0060479663
-0.0079676379
-0.007974224
-0.0084886805
-0.0085256542
-0.0070287867
-0.0051759903
-0.0047092996
-0.006922457
-0.0073165889
-0.0066648326
-0.0062771909
-0.0072290672
-0.0072863758
-0.0082260857
-0.010618664
-0.011617217
-0.012319652
-0.01197408
-0.012618376
-0.013286125
-0.013153564
-0.012540813
-0.011179082
-0.0096831779
-0.0081069436
-0.0064196792
-0.0041161187
-0.0022348428
-9.7470766e-05
0.00093259034
0.001317793
0.002456769
0.0033764088
0.0018541904
0.001785364
0.00061850354
-6.0402804e-05
-0.0014970003
-0.0006946889
0.0027353814
0.0043109512
0.0044826896
0.0015259985
-0.00078227709
-0.00023588684
-0.00020287627
-0.0015690133
-0.0022523372
-0.0037967784
-0.0050152223
-0.0052148463
-0.0052087558
-0.0040989904
-0.00308814
-0.0013902272
-0.00074071436
0.00038488743
0.00016137733
0.0010310215
0.0022835092
0.0018174834
0.0024000553
0.00046972934
-0.00069337731
-0.000776525
-0.0015208943
-0.00080470588
0.00082727419
0.0029367973
0.0029597513
0.0012248556
-0.00062438804
0.0011787569
0.0018438688
0.0016754147
0.0016024315
0.0015271829
0.0029207967
0.0031238201
0.0019304481
0.0014258857
-3.6537038e-05
-4.0320113e-05
0.00065188363
0.00031347703
-0.00053902356
-0.00093934516
-0.0011620895
-0.00019529112
4.9135613e-05
0.00031674132
-7.4478712e-05
-2.3961845e-05
0.00028417096
0.0002909473
-0.00024335636
0.00032759869
0.00038716091
0.0014036377
0.0017774893
0.0023354056
0.0026666984
0.0043897355
0.012057526
0.01563522
0.012079372
0.0083599576
0.0068304216
0.0046324033
0.004484191
0.0043045273
0.0062625328
0.0032796134
-0.00023068121
-0.0021092667
-0.0039128645
-0.0031451712
-0.0031725073
-0.0039783381
-0.0039070996
-0.0032715458
-0.0022943666
-0.0029828835
-0.0021372264
-0.0019748478
-0.0013386786
-0.0014400664
-0.001299981
-0.0010392424
-0.00099370839
-0.0018923712
-0.0022732561
-0.0041832963
-0.0043320486
-0.0044695366
-0.0043782421
-0.0044842807
-0.0025936147
4.0036172e-05
-0.0028960457
-0.0063342092
-0.0086128639
-0.011217108
-0.011961045
-0.012560244
-0.012883022
-0.011288568
-0.0090672956
-0.0087032073
-0.0080293702
-0.009078408
-0.0099285854
-0.0092594136
-0.0095827166
-0.011027038
-0.011235522
-0.011993092
-0.014183791
-0.016372613
-0.020558027
-0.021225006
-0.021753635
-0.022671501
-0.02276776
-0.022551249
-0.020527417
-0.019309841
-0.017167781
-0.012961286
-0.011982589
-0.0086493671
-0.0035281005
-0.0012866555
0.0013523257
0.0020909195
0.0026138502
0.0018978586
0.0026195751
0.0029951498
0.0031317279
0.0018604639
0.0022886663
0.0030772078
0.0037631447
0.0048243586
0.0040727917
0.00048285236
1.9089217e-05
0.0011672338
0.00045661922
-0.0014373409
-0.0011256393
-0.0038566213
-0.0038749784
-0.0034359394
-0.0044198781
-0.0059315361
-0.0038264314
-0.0010753324
-0.0019506264
-0.0011878692
-0.00165413
-0.0012614945
-0.0002961179
-0.0036280678
-0.0053207582
-0.0050993214
-0.0063250263
-0.0079139024
-0.0069372191
-0.0075264139
-0.0053791686
-0.0049257645
-0.0056155576
-0.006971964
-0.0060024872
-0.0029433629
-0.0017736781
-0.0019151092
-0.0025053151
-0.0018553875
-0.0012580025
-0.0017593483
-0.0027671562
-0.0034068381
-0.0034345486
-0.0040291317
-0.0049863391
-0.0055610043
-0.0051115324
-0.0046920393
-0.004510665
-0.0036344565
-0.0032814147
-0.0026838297
-0.0022643986
-0.0023970383
-0.0020507888
-0.0022803993
-0.0020346011
-0.0020230038
-0.0015108285
-0.00068617694
-0.00045814395
-0.00046794266
-0.0017466893
0.0028414843
0.0044646199
0.0035648935
0.0023712086
0.0011263031
-0.0011338386
-0.0028965838
-0.0013266794
0.0013888967
-0.0011224571
-0.0014801275
-0.0038292424
-0.0063034791
-0.0078683573
-0.0066509321
-0.0064943524
-0.0068273237
-0.0069605648
-0.0062237452
-0.0058850076
-0.0054734869
-0.0046926451
-0.0042292533
-0.0042414357
-0.0036597464
-0.0035088599
-0.0032318647
-0.0032406301
-0.0036591875
-0.0039485833
-0.0060461139
-0.0062305385
-0.0066571509
-0.0069120591
-0.0072457041
-0.0061120122
-0.0062082842
-0.0093444993
-0.011572423
-0.013142745
-0.010630562
-0.013500252
-0.016072551
-0.015231297
-0.011624999
-0.011511426
-0.010817994
-0.011770095
-0.010868851
-0.010918878
-0.012447065
-0.013697303
-0.015754179
-0.0177315
-0.01894194
-0.021516513
-0.023895792
-0.027354909
-0.031715885
-0.036437383
-0.03672501
-0.036944836
-0.035863139
-0.033331401
-0.029030494
-0.026235772
-0.024274433
-0.020186579
-0.015052384
-0.0096410277
-0.0051625016
-0.0018521282
-9.6774132e-05
-0.00088140498
-0.001661511
-0.00060505959
0.0019082326
0.0028004554
0.003314942
0.004478905
0.0033098893
0.00333149
0.0018621298
-0.00045571578
-0.0020393828
-0.0012232234
-0.0015419171
-0.00077004257
0.0011134253
-0.00034822566
-0.0056898765
-0.0032887294
-0.0034818025
-0.0034976042
-0.0018992688
-0.0021890879
-0.001222965
-0.0012908945
-0.0017738047
-0.0018615492
-0.0016243817
-0.002804764
-0.0060558236
-0.0065020071
-0.0073885465
-0.0095324163
-0.0097664287
-0.011759563
-0.012995206
-0.010480573
-0.0093894583
-0.010517608
-0.010355212
-0.008524715
-0.0071315067
-0.0072636127
-0.0068402886
-0.0058323335
-0.0061186977
-0.0054537263
-0.0060107914
-0.0062875634
-0.0064358071
-0.0070899291
-0.0071039202
-0.0073693368
-0.0071847673
-0.0067578006
-0.0067273564
-0.0051068893
-0.0043124369
-0.0036262341
-0.0033583732
-0.0025726173
-0.0025279412
-0.0022820778
-0.0026758001
-0.0028279597
-0.0026545741
-0.0016902565
-0.0020573797
-0.0012009829
-0.0028041468
-0.0037496439
-0.003769106
-0.00099600332
-0.0028009874
-0.0055652635
-0.0050317834
-0.0083139121
-0.0082541483
-0.0050302337
-0.0052034726
-0.0068856048
-0.0073095579
-0.0076162853
-0.010901271
-0.011674066
-0.010815495
-0.010086466
-0.0095322279
-0.0087341901
-0.0079875707
-0.0083482386
-0.0076622875
-0.0068602641
-0.0061270759
-0.0058925102
-0.0055031686
-0.0055588373
-0.0056953144
-0.0062200453
-0.005639944
-0.0058400242
-0.0074148352
-0.0073340841
-0.0079425085
-0.008083243
-0.0094197719
-0.00825216
-0.01157324
-0.013881995
-0.013184875
-0.012150127
-0.0091750487
-0.013784239
-0.01511811
-0.013493378
-0.010957285
-0.010705159
-0.010656536
-0.010406243
-0.011145511
-0.012919785
-0.014495606
-0.017129187
-0.020779497
-0.020969269
-0.024120142
-0.026117139
-0.026940635
-0.032253421
-0.037606276
-0.042363987
-0.044389565
-0.048402812
-0.050587583
-0.048108389
-0.046948396
-0.044151116
-0.041781003
-0.034701777
-0.026244538
-0.020750832
-0.01430574
-0.0086496175
-0.0061430675
-0.0052509624
-0.0049742172
-0.003221217
-0.001740014
0.00034299765
0.0007165464
0.0019379431
0.0014746013
-0.0015107103
-0.002586088
-0.0042039277
-0.0053338093
-0.0069740317
-0.0039156586
-0.0061894759
0.00024039576
-0.0020943814
-0.0061029479
0.0010347105
0.0053388925
0.0041098356
0.0040243109
0.0029713071
0.0030945535
-4.8421847e-05
-0.0017525606
0.0012114937
0.0011368761
0.0008385117
-0.0020913958
-0.0024287281
-0.0032707869
-0.0066258206
-0.0068071938
-0.0083258731
-0.010065259
-0.0073461727
-0.0075920031
-0.0080893204
-0.0083195829
-0.0079311689
-0.0070242842
-0.006766097
-0.0061555048
-0.0059859148
-0.005859493
-0.005192338
-0.004927475
-0.0046186604
-0.0048814606
-0.0051199022
-0.0056815349
-0.0052612978
-0.0056615048
-0.0055990054
-0.0050694034
-0.0039321113
-0.0028758747
-0.0019571488
-0.0013257392
-0.0010984558
-0.00088877694
-0.00062605664
-0.00081936098
-0.0010410361
-0.0017927073
-0.001478452
-0.0020332642
-0.0033898041
-0.0066891871
-0.007998866
-0.0074554271
-0.0055239826
-0.0071655265
-0.010131534
-0.0094404736
-0.0096840768
-0.0082671226
-0.0078608625
-0.0083804252
-0.0093817494
-0.0090127691
-0.012019323
-0.014705995
-0.014867312
-0.014958113
-0.012790501
-0.010997766
-0.0097568678
-0.0088767041
-0.0071654005
-0.007210168
-0.0067664633
-0.006404946
-0.0059587322
-0.0064630372
-0.0068443295
-0.0071422535
-0.0068102542
-0.0069848552
-0.006578356
-0.0069632695
-0.0066272092
-0.0074030602
-0.0082126843
-0.0097480778
-0.010580712
-0.012099098
-0.013798284
-0.013810138
-0.011332735
-0.0098159393
-0.011820694
-0.011943852
-0.013492553
-0.01114669
-0.011004323
-0.0096957094
-0.010226084
-0.011125747
-0.012112823
-0.013774017
-0.01655067
-0.017304428
-0.019294127
-0.020299624
-0.028003179
-0.030794566
-0.034623684
-0.038905199
-0.04693904
-0.055997249
-0.058532801
-0.064474032
-0.064790528
-0.062393517
-0.06402743
-0.059274208
-0.056087733
-0.048513914
-0.040928167
-0.033567604
-0.018867221
-0.019121371
-0.018395343
-0.016005982
-0.011504748
-0.01282308
-0.0089154857
-0.0071423903
-0.0053595476
-0.0069470372
-0.0086803329
-0.0066389325
-0.0061472052
-0.009201896
-0.0096608558
-0.0047973225
-0.0018031244
0.0080274798
0.0060072724
-0.00026992669
0.0035992971
0.0068747598
0.0069440845
0.0135355
0.010145402
0.010977449
0.0087124802
0.0068960504
0.0089412129
0.0068991236
0.0092685861
0.0069596413
0.0062463774
0.0045039591
0.0034505463
0.0035989268
0.0026530736
0.0012501603
0.0015230415
0.0011215442
-0.00041336768
-0.00098397164
-0.0010900603
-0.0010466635
-0.00072784641
-0.0014946462
-0.0014361484
-0.00094917421
-0.00053387962
-0.0006229663
-0.0011428341
-0.00073606023
-0.0011568334
-0.0017569441
-0.0014567903
-0.0014020234
-0.0014796124
-0.00092873882
-2.8480621e-05
0.00061301836
0.0012432306
0.00098596474
0.001220318
0.0010846945
0.00098005511
0.00083937056
0.00054483581
-0.00036750136
-0.00052163419
-0.0016632975
-0.0031345466
-0.01065917
-0.010428089
-0.0056789891
-0.0068714518
-0.010252102
-0.010200901
-0.0098640761
-0.01201078
-0.009590054
-0.012109674
-0.012707627
-0.013871577
-0.014451456
-0.014768154
-0.014504264
-0.014381131
-0.014072705
-0.011132558
-0.0087954688
-0.0053937924
-0.0051913863
-0.0052773007
-0.0055366697
-0.0047053586
-0.0054225318
-0.0055522499
-0.0059990209
-0.0062242096
-0.0065153459
-0.0064997255
-0.0067739823
-0.0064085745
-0.0068334289
-0.0073974803
-0.0093146763
-0.0099366083
-0.012210039
-0.013738079
-0.017816496
-0.012160073
-0.011961957
-0.0090815207
-0.01106748
-0.012001237
-0.013628736
-0.013039457
-0.0080396607
-0.0070015369
-0.0080158691
-0.0087969941
-0.009925853
-0.010987027
-0.012918301
-0.01653895
-0.016789823
-0.015888106
-0.020429205
-0.029175734
-0.032822219
-0.035694945
-0.040874681
-0.05042977
-0.060105319
-0.065891338
-0.067680866
-0.07121593
-0.069534933
-0.06834714
-0.064262687
-0.057337627
-0.05067154
-0.049025922
-0.038613269
-0.025692836
-0.033732069
-0.034803958
-0.036349831
-0.030498782
-0.026838258
-0.022415003
-0.013176752
-0.01476635
-0.011924417
-0.015012906
-0.014624112
-0.010904677
-0.013346676
-0.0015728503
0.0022749145
0.0055380292
0.010692674
0.014890339
0.018150015
0.015421985
0.021019365
0.018557176
0.019422378
0.01705025
0.016557153
0.014389108
0.014614377
0.016192067
0.015013635
0.013532854
0.01413946
0.011611019
0.0099540272
0.0091343066
0.0077826893
0.0061287695
0.0059120717
0.0041589299
0.0048750353
0.0043950836
0.0046301487
0.0056972595
0.0055719544
0.0040558883
0.0033521927
0.0023707086
0.00242643
0.0020379871
0.0023641774
0.0021776107
0.0021050961
0.0018262313
0.001869014
0.0011497384
0.00098808767
0.0010079301
0.0023242709
0.0021598107
0.0021721974
0.0017550161
0.0018781823
0.0018704186
0.0020303629
0.001318943
0.0013112673
0.0007231559
0.0002930968
-0.0010127327
-0.0024116822
-0.0046472158
-0.012385292
-0.010121269
-0.0066792483
-0.006505552
-0.0062545498
-0.01102605
-0.011598992
-0.012358612
-0.011822883
-0.011495992
-0.012643337
-0.014141616
-0.014255218
-0.012829572
-0.012062939
-0.0086949647
-0.0081348673
-0.0055827921
-0.0046053662
-0.0035541002
-0.0034287431
-0.0034017137
-0.0043121648
-0.0042571961
-0.004601658
-0.0055385496
-0.0058392733
-0.0061009124
-0.0060557374
-0.0054107526
-0.0057397051
-0.0057347239
-0.0076000025
-0.0083954011
-0.011097603
-0.010470097
-0.012485584
-0.016589929
-0.015285448
-0.01297225
-0.011511884
-0.0093475513
-0.011487405
-0.013209011
-0.012840682
-0.01441649
-0.0067761147
-0.0035721
-0.0078192605
-0.010174338
-0.0097778318
-0.010530267
-0.012520891
-0.018372575
-0.019602938
-0.019037899
-0.021649247
-0.027140179
-0.032317942
-0.03974595
-0.049535771
-0.058901129
-0.066164895
-0.072625792
-0.075273428
-0.076598777
-0.07483775
-0.06990658
-0.065508753
-0.056923398
-0.051006788
-0.048665619
-0.03392079
-0.035394351
-0.035790241
-0.040318337
-0.040467909
-0.036353203
-0.022202892
-0.01979081
-0.018194445
-0.014891896
-0.012430558
-0.0165278
-0.014587244
-0.0060912084
-0.0057504954
0.0036686015
0.01028034
0.016082276
0.021042137
0.025765528
0.028140445
0.031182584
0.028796935
0.028114808
0.026188081
0.023417984
0.020139382
0.020226942
0.020270807
0.020161453
0.018432715
0.01740966
0.016303971
0.016207746
0.013148993
0.011179626
0.011328044
0.0098144668
0.0067153557
0.0059071882
0.0051770905
0.0058902168
0.0050502714
0.0063784463
0.0063354286
0.0058918914
0.0043880012
0.0038856934
0.0035356933
0.0029824409
0.0019078961
0.001651611
0.0021255752
0.0026022402
0.002497035
0.0020679996
0.0021240019
0.0023522024
0.0014590432
0.0017256784
0.0012187267
0.0010412525
0.0011174481
0.0013763488
0.00072542459
0.00045182962
-3.2796634e-05
-0.00038697871
-0.0017291822
-0.0022001219
-0.0038694676
-0.0057473541
-0.013543748
-0.011401661
-0.0073820079
-0.006740222
-0.0059661066
-0.010446372
-0.012236793
-0.013621228
-0.011900219
-0.0096384501
-0.0093158237
-0.012080243
-0.011896481
-0.0067412643
-0.006291647
-0.0055845451
-0.0038797323
-0.0024567609
-0.0024519451
-0.0018651124
-0.0031163512
-0.0029507402
-0.0039726698
-0.0042816327
-0.0051138346
-0.0059527925
-0.0060303231
-0.0063943853
-0.0059438785
-0.0057058195
-0.005584012
-0.0065310607
-0.0085623649
-0.011359084
-0.012308276
-0.012037145
-0.011689709
-0.013024393
-0.01148275
-0.0089276921
-0.010950578
-0.0093399583
-0.012711133
-0.015960135
-0.017031098
-0.013237795
-0.001747036
-0.0040675962
-0.0089993464
-0.012466306
-0.01294634
-0.012835721
-0.014323889
-0.01897191
-0.022437678
-0.025283576
-0.028374817
-0.034869257
-0.042584993
-0.049114121
-0.058519299
-0.061206788
-0.064219035
-0.065764162
-0.068866069
-0.066701752
-0.063304618
-0.058872966
-0.0509056
-0.044495089
-0.041930313
-0.037932452
-0.030670475
-0.026641546
-0.023171596
-0.023094677
-0.024145257
-0.024706985
-0.0067126256
-0.0037779215
-0.0015133629
0.0031207803
0.0024549368
-0.0051472227
0.0046133174
0.010403873
0.015456715
0.019672939
0.025943582
0.029954545
0.033317964
0.03646945
0.040194708
0.039822595
0.03844537
0.032556185
0.031065118
0.030123045
0.026335205
0.026342707
0.02514638
0.024662586
0.024082716
0.024028931
0.021865723
0.02167003
0.019914738
0.019898177
0.017225535
0.01462864
0.013440735
0.010464514
0.0078110988
0.0092152826
0.0078073008
0.0074656706
0.0075309405
0.0075103412
0.0069515048
0.0069547346
0.0060973716
0.0054463312
0.0037291699
0.003970926
0.0039378665
0.0037669394
0.0054670836
0.0041695699
0.0034057493
0.0028773253
0.0021634027
0.0019728949
0.0012656208
0.0016982119
0.0011365594
0.001765487
0.0012570409
-0.00027919622
-0.00038295045
-0.00058164804
-0.002097473
-0.0019525002
-0.0035471838
-0.0087503824
-0.014131195
-0.010124703
-0.010475909
-0.0082047972
-0.0060208976
-0.0081369181
-0.010679968
-0.010225383
-0.010344979
-0.0053527555
-0.0073628086
-0.0052966542
-0.0034257465
-0.0033738022
-0.0030433164
-0.0020655314
-0.0028459951
-0.0027660563
-0.0033601218
-0.0043201604
-0.0048129775
-0.0046751034
-0.005097674
-0.0070406814
-0.0072346102
-0.0055893623
-0.0054158361
-0.0040378805
-0.0045618724
-0.005586223
-0.0064444552
-0.0057674992
-0.0084883493
-0.013762573
-0.015068405
-0.0087192402
-0.011454231
-0.01394958
-0.013692298
-0.010861718
-0.014642548
-0.014623552
-0.015090438
-0.016955613
-0.020009735
-0.0088039975
-0.0041625886
-0.0048324393
-0.0053246403
-0.010738328
-0.012742196
-0.014558704
-0.017437094
-0.021152266
-0.027239122
-0.033875674
-0.040006256
-0.045050384
-0.050031491
-0.055182584
-0.059017412
-0.056197856
-0.05458862
-0.049902857
-0.048531304
-0.049858427
-0.048283222
-0.041037136
-0.030533208
-0.02016111
-0.024212296
-0.022567798
-0.013305003
-0.0079476919
-0.0023931497
-0.0012272887
0.0029761678
0.0076578393
0.013744555
0.019907008
0.023469332
0.023138179
0.02585337
0.025646686
0.030043597
0.036793401
0.039747763
0.041109222
0.044090878
0.045451717
0.046570167
0.045236708
0.046751664
0.042024104
0.038735645
0.036710853
0.037319835
0.033981604
0.030773279
0.031205604
0.031249298
0.030778468
0.03216564
0.030945632
0.03065211
0.02953026
0.029056977
0.029356368
0.024408493
0.022826234
0.021899273
0.020389212
0.01524376
0.014289024
0.0144811
0.013009999
0.012117234
0.0098099525
0.0099009214
0.0090926846
0.01018478
0.0087729052
0.0081828979
0.0066322855
0.005528823
0.0065338087
0.0076320223
0.0069371088
0.0051449365
0.0033470878
0.002865243
0.0031171653
0.0024018582
0.0029481091
0.0036323259
0.0030007043
0.0021601047
0.0022772879
0.0018399714
-0.00045085624
-0.0026941173
-0.00438947
-0.0067272445
-0.0069567548
-0.0047643531
0.0054957758
-0.0063397554
-0.007600649
-0.0014739534
-0.0062901896
-0.0084171218
-0.0085844361
-0.0077036093
-0.0062257707
-0.004661597
-0.0033048837
0.0010122906
0.00069942391
-0.0022084388
-0.0021043841
-0.0023427625
-0.0053803191
-0.0041802122
-0.0052255458
-0.0062087712
-0.0079373569
-0.0048125739
-0.0073820321
-0.0071185859
-0.0085749583
-0.0074812782
-0.0080054459
-0.0079220774
-0.008281721
-0.0091404894
-0.0086050675
-0.0083859452
-0.0089336166
-0.0098429034
-0.0088453388
-0.011087255
-0.010919531
-0.0093425456
-0.01260772
-0.013974581
-0.014157536
-0.016233879
-0.015518265
-0.015914624
-0.0084295963
-0.0082520234
-0.006157958
-0.0042712032
-0.0075050568
-0.01155823
-0.014565396
-0.01906618
-0.023940661
-0.029203012
-0.035578903
-0.041849547
-0.047305983
-0.05195702
-0.055137192
-0.053780974
-0.049116168
-0.040804901
-0.033335331
-0.038240423
-0.035445113
-0.032480993
-0.025062496
-0.014284392
-0.0031646379
-6.7014668e-05
5.6619366e-05
0.0066352192
0.020284285
0.029051715
0.034990265
0.040394256
0.042361458
0.04943881
0.051752851
0.051005543
0.041466241
0.044631824
0.054087029
0.059873773
0.061055427
0.063460443
0.062918429
0.063221236
0.060883971
0.059358461
0.059188773
0.054133735
0.04714075
0.042872263
0.041144363
0.040184432
0.039048415
0.037174586
0.036595707
0.037310326
0.034407319
0.034417778
0.036793604
0.037446751
0.034100842
0.034340199
0.033862204
0.029729618
0.027555192
0.029710861
0.027756289
0.026536103
0.026445019
0.025243847
0.023728618
0.019588986
0.019877956
0.018998187
0.018414356
0.021774087
0.020454333
0.018542691
0.016755086
0.013128997
0.014089005
0.016600878
0.015161663
0.015561495
0.014060684
0.014179418
0.014311322
0.012958796
0.0098419138
0.0089262867
0.011446035
0.012936927
0.013796159
0.011976294
0.012330501
0.0069009672
-0.0017918042
-0.0064634611
-0.005014277
0.0025225447
0.0074083847
-0.00077407244
-0.0070280641
-0.0030543804
-0.0028787364
-0.0060530333
-0.0052427421
-0.0035653977
-0.0013216949
0.00035136154
0.0041566625
0.0047301657
0.0059525091
0.0029882899
0.00068479738
0.0010731687
-0.0038571267
-0.0029667609
-0.0044686786
-0.0049840759
-0.0051059362
-0.0047863589
-0.0051105012
-0.0084845058
-0.0089053613
-0.0081916919
-0.0084009711
-0.0074125895
-0.010456367
-0.0099450874
-0.0084240217
-0.006022359
-0.0078525373
-0.0062612182
-0.0068607586
-0.008851095
-0.0086433419
-0.0099911414
-0.0099624558
-0.0083198673
-0.012615085
-0.014641085
-0.01299151
-0.010024867
-0.010843945
-0.013124536
-0.011290624
-0.0086478566
-0.0085491107
-0.010206447
-0.010104566
-0.013705656
-0.018840056
-0.025052325
-0.030677341
-0.035677355
-0.043918455
-0.04972109
-0.05129045
-0.047693748
-0.036590034
-0.023122638
-0.024300927
-0.026465736
-0.01713457
-0.0049288587
0.0058974882
0.018783211
0.028795225
0.038771969
0.035715823
0.037410652
0.048577814
0.04666125
0.052802128
0.062644238
0.072671151
0.079990716
0.074924878
0.069451811
0.062029736
0.065127148
0.080000232
0.078092935
0.075508923
0.073278307
0.070525901
0.066276782
0.0617773
0.058183833
0.055628702
0.05125738
0.047201957
0.044949643
0.039223799
0.036622712
0.033479519
0.031076092
0.033004514
0.031284477
0.03113368
0.029934246
0.03168256
0.032347815
0.030237358
0.029619874
0.030337282
0.029563852
0.030083349
0.031059348
0.02798946
0.028611568
0.028192815
0.027753358
0.027285361
0.031418617
0.034571305
0.03226614
0.035638024
0.034349608
0.032975967
0.033085966
0.032284636
0.028167321
0.026707246
0.028795303
0.031087513
0.027825791
0.023127796
0.017483868
0.015954597
0.012364814
0.0060181388
0.0068837005
0.0050159419
0.00048602498
-0.0018700192
-0.0070078384
-0.010564816
-0.0091918741
-0.011870506
-0.010446102
0.0087203699
0.015472869
0.005348024
-0.004082505
-0.0038259564
-0.0042674804
-0.0066701329
-0.0027596198
0.0001495616
0.0024738549
0.0017717477
0.0028741505
0.0021193145
0.0050942544
0.0051463813
0.0044566465
0.0016316502
0.001059023
0.00056119842
-0.0046409165
-0.0042154762
-4.3376589e-05
-0.0024117305
-0.0061473892
-0.0068073929
-0.0084735968
-0.0081621841
-0.0064136372
-0.0052947398
-0.0069268956
-0.011317861
-0.011790182
-0.0093979047
-0.0088139485
-0.0072810711
-0.0065419514
-0.0063753721
-0.0069878334
-0.007537982
-0.0076110251
-0.0040552665
-0.0052895334
-0.0076949519
-0.010027144
-0.012305933
-0.013674162
-0.012289793
-0.014874284
-0.0089426203
-0.009666154
-0.0065178599
-0.0041380996
-0.0062655156
-0.0089551035
-0.012735084
-0.018204619
-0.021904236
-0.025488356
-0.029952768
-0.034425382
-0.036489894
-0.032299382
-0.014237888
-0.0047423615
-0.0076278127
0.0041491888
0.016548974
0.027479194
0.037019863
0.045503058
0.050867539
0.060559776
0.056228903
0.042293074
0.040858768
0.044609515
0.048948145
0.0624492
0.075152456
0.08359069
0.086713744
0.073731573
0.05958038
0.070921302
0.080482288
0.077351965
0.069760044
0.06285247
0.058047301
0.054962196
0.04750662
0.042899397
0.04021671
0.035278345
0.032896056
0.029942827
0.028219363
0.023383444
0.023399601
0.022590932
0.022868594
0.020152208
0.018951657
0.019652995
0.021838012
0.023008395
0.022901783
0.024201082
0.023121288
0.022896511
0.023671239
0.022358448
0.020965298
0.019316777
0.018695651
0.021298292
0.024984217
0.027714033
0.03275698
0.035330979
0.033870288
0.037156967
0.035513102
0.039150542
0.036398157
0.038185704
0.038085838
0.040322803
0.040277455
0.037122682
0.030052118
0.022743342
0.012436416
0.0042930651
-0.0066386117
-0.0091982372
-0.0098430248
-0.011982061
-0.016900156
-0.019237541
-0.019487025
-0.023634278
-0.026003462
-0.0019569804
0.010976475
0.0040396181
-0.0040410726
-0.013714385
-0.014640394
-0.011122458
-0.0075681578
-0.0048345508
0.00033197253
0.0012077375
0.001604974
0.00014489932
-0.0014852562
-0.0026059241
-0.0014402743
-0.00096841872
-0.0015270069
-0.0014233719
0.00070560145
-0.00083874583
-0.0025640257
-0.0014740503
-0.0032763937
-0.0065549345
-0.0062349099
-0.0078436537
-0.0042557903
-0.004006269
-0.0037413019
-0.0068146539
-0.0089298488
-0.0096377116
-0.0074054478
-0.0079547392
-0.0081536619
-0.0071089269
-0.0056788927
-0.0065546864
-0.0069401689
-0.0072892607
-0.0060926044
-0.0072687208
-0.0082083382
-0.010106821
-0.0113308
-0.014864755
-0.012912488
-0.012949332
-0.0066831789
-0.0050306921
-0.0051316199
-0.0049280645
-0.0044036382
-0.0039032934
-0.0060199874
-0.0083611205
-0.011858646
-0.014955685
-0.018813973
-0.020757511
-0.019606869
-0.015399319
0.0024330546
0.0087041134
0.015572705
0.027850889
0.040632425
0.048157811
0.054310331
0.057884124
0.058700652
0.061924682
0.047634055
0.036540484
0.038981248
0.044156218
0.049458819
0.060582087
0.06414028
0.066576515
0.06831998
0.058005993
0.053706625
0.061712253
0.063156141
0.058248887
0.048288887
0.045060689
0.03796862
0.029699907
0.022535649
0.022780016
0.021130315
0.018311338
0.018390613
0.01705244
0.013301699
0.014165594
0.014657138
0.017530379
0.013537215
0.012497153
0.011923919
0.012013162
0.012325122
0.012064329
0.012953997
0.013752557
0.017485457
0.016688154
0.01692176
0.018080128
0.018374277
0.015520147
0.018107383
0.019493526
0.022030399
0.023007942
0.024693298
0.025270889
0.027712791
0.029739322
0.029267519
0.026947609
0.027188368
0.027869356
0.028523478
0.030911342
0.033387419
0.031815779
0.024622909
0.017094603
0.0072241614
-0.0035001905
-0.013231652
-0.018341611
-0.020358794
-0.021090252
-0.028084957
-0.029193515
-0.0255535
-0.01889011
-0.013798013
0.00050118157
0.001897933
-0.0029900875
-0.0088284597
-0.01422001
-0.016309129
-0.016656338
-0.012230383
-0.0094732503
-0.0036009317
0.00040246539
-0.0011110512
-0.0011106137
-0.0014866565
-0.0037372742
-0.0027609001
-0.0016360407
-0.0015051658
0.00012493763
0.00042241412
0.0019135665
0.00071404954
-0.0031442183
-0.0043744593
-0.0066141859
-0.0061956641
-0.0084505013
-0.006625069
-0.0040578448
-0.00044959604
-0.0045939017
-0.0069875829
-0.0080175081
-0.0098040873
-0.0056645007
-0.0041519173
-0.0039673778
-0.0028373467
-0.0037514488
-0.0028187026
-0.0038381035
-0.0050575945
-0.0046986501
-0.0068185923
-0.0069783532
-0.0084457562
-0.010085668
-0.010252862
-0.0082786902
-0.0065761631
-0.0036637555
-0.0026684051
-0.003134245
-0.0047409081
-0.0041782622
-0.0025281225
-0.0037352039
-0.0052493346
-0.0076014809
-0.0081081632
-0.0068516542
-0.0057572576
0.00058179732
0.010783878
0.015277103
0.024690731
0.033911779
0.04426516
0.049607808
0.052067991
0.049541777
0.046876662
0.038894133
0.029920355
0.028004838
0.036115609
0.037440643
0.041245689
0.046656492
0.045133899
0.046084992
0.043325205
0.036914179
0.034526928
0.038087373
0.035587794
0.034036017
0.026955874
0.020489933
0.015273219
0.0098794307
0.0044405195
0.0025053384
0.0036162325
0.0019820783
0.0026530067
0.0012583742
0.0012324087
0.0033804981
0.005658592
0.0083080036
0.0098217615
0.010186376
0.0082122889
0.0082462462
0.0076041543
0.0044313952
0.0048928226
0.0058976419
0.0089304599
0.010554926
0.011616458
0.011889239
0.011922833
0.013630871
0.014421268
0.014641994
0.016082081
0.016794835
0.016840135
0.017176108
0.019198066
0.019986117
0.018360213
0.017232435
0.01674123
0.017738645
0.017366527
0.017482819
0.015216059
0.011988792
0.0068181784
0.0016779948
-0.0045234798
-0.013705151
-0.020902381
-0.026952978
-0.028054199
-0.022567708
-0.019727304
-0.018217543
-0.018441642
-0.010144828
-0.0027084692
-0.0053372014
-0.0055097595
-0.0072560229
-0.013349163
-0.01511675
-0.016855304
-0.015303505
-0.013445556
-0.010510774
-0.0069751954
-0.0016032872
0.0032317034
0.003208535
0.0012784697
-0.0009656641
-0.0013884141
-0.00062107049
-0.0014661753
-0.0010947866
-0.0010948545
0.00023440022
-0.00024732312
-0.0017057811
-0.0022886645
-0.0032113685
-0.0050028541
-0.0050199141
-0.005506423
-0.0043120193
-0.0012060235
-0.001883479
-0.0045995346
-0.0059764111
-0.0057123004
-0.001873032
-0.001572509
-0.0024643904
-0.0014384625
-0.002241577
-0.0020497814
-0.0015882905
-0.0018867151
-0.0034522747
-0.0035695797
-0.0049669588
-0.003778855
-0.0046969015
-0.0064653318
-0.0070003794
-0.0057141137
-0.0032561144
-0.0044579771
-0.0030492529
-0.0046221021
-0.0055188216
-0.0043696518
-0.0040069521
-0.0023550805
-0.0031014039
-0.0023512019
0.0021365146
0.0061561641
0.011718114
0.015479819
0.018935244
0.028042603
0.032408792
0.030415655
0.038211164
0.033698539
0.029944682
0.026333098
0.018588836
0.017085767
0.017970412
0.020870257
0.024194143
0.029421769
0.028085068
0.027330229
0.024257195
0.023957898
0.019940938
0.016722222
0.01364683
0.013084843
0.01471856
0.013691971
0.0082794205
0.0040473754
0.00019373454
-0.0029245093
-0.0056094943
-0.0077908222
-0.0080221729
-0.0039955954
-0.0061792356
-0.0049293021
-0.0030198334
-1.12438e-05
0.0027725586
0.0042138895
0.0065294761
0.0042543988
0.0046513739
0.0033978603
0.0017604891
0.00043550983
0.0029775013
0.004062139
0.0061835443
0.0077883347
0.0069617662
0.0061141496
0.0070768656
0.0097417087
0.011901164
0.011011301
0.0090643502
0.009493821
0.010102571
0.010902823
0.011232336
0.010637835
0.0090570212
0.010034863
0.011272248
0.010427869
0.0082061638
0.0063690473
0.003687912
0.00012262626
-0.0054965991
-0.013436786
-0.018300761
-0.025276882
-0.018420778
-0.011411549
-0.0096143003
-0.010028512
-0.011182904
-0.01373977
-0.0085397827
-0.007964885
-0.0094924382
-0.0086613633
-0.010998765
-0.011949325
-0.012506092
-0.012824226
-0.011350152
-0.011959859
-0.010452143
-0.0078073779
-0.0029692162
0.0011151044
0.00076639994
0.00029914695
-0.0012890829
-0.0029563893
-0.0057957437
-0.004030134
-0.0037423736
-0.0025262553
-0.0018351453
-0.00012049402
7.3941738e-06
-0.00071720838
-0.00065898544
-0.0022194992
-0.0026214648
-0.0038253769
-0.0054067982
-0.0035813382
-0.0042756482
-0.0040846623
-0.0044293888
-0.0053407741
