0.00065453788
0.00080317249
0.00072077093
0.00061810414
-0.00040974652
0.00074777752
0.00094049307
0.0018353184
0.0015180486
-0.00055716404
-0.0030856193
-0.0049896558
-0.0049528781
-0.0054974806
-0.0049889673
-0.0038946277
-0.0024691392
-0.0028862588
-0.0032482766
-0.0028999884
-0.0031556729
-0.004554093
-0.0047092279
-0.0048195341
-0.0040183872
-0.0036906282
-0.0044029838
-0.0051425696
-0.0048812129
-0.0042529324
-0.0041841464
-0.0034713113
-0.0041473502
-0.0040670555
-0.0039312967
-0.0043127083
-0.0040341578
-0.0043283128
-0.0034562987
-0.0035131582
-0.0019746296
-0.00082225657
-0.00041871421
3.7738793e-05
-0.00041261615
-0.0014475016
-0.002720333
-0.0038035053
-0.0036391734
-0.0041021432
-0.0027347713
-0.0022939913
-0.0010076631
-0.0022953981
-0.0030815406
-0.0050235227
-0.0047990211
-0.006460577
-0.0089905418
-0.0094531616
-0.0090148821
-0.0069313305
-0.006614181
-0.0066900438
-0.0071619317
-0.0076220801
-0.0080637806
-0.0077207138
-0.0056638217
-0.0035820098
-0.0011724568
0.00033045307
0.0033499254
0.0041343472
0.0031769452
0.002799347
0.0022278214
0.0015852171
0.0027144586
0.0025589283
0.0034354957
0.0044350694
0.0046202851
0.0051732638
0.0029683048
0.0041314502
0.0043034624
0.0062017385
0.0069350585
0.0071579375
0.0070270534
0.0056215057
0.004525536
0.0048954018
0.0050366096
0.0043518681
0.0032990331
0.0030484197
0.0037063746
0.004409703
0.0044634714
0.0048862568
0.004993968
0.0046441419
0.0052361057
0.0046068862
0.004103765
0.0042514618
0.0043817281
0.0049393271
0.005483283
0.0052050068
0.0056147532
0.0058111897
0.0061946319
0.0078936812
0.011101407
0.011233185
0.014897435
0.014022306
0.012797169
0.012326865
0.010429066
0.010182802
0.0073807226
0.0072844154
0.0062057148
0.0048489673
0.0022122351
0.00078380894
0.000233528
0.0027705284
0.0019805598
0.0012639421
0.00076534014
0.00081234547
1.4446687e-05
0.00048455941
0.0021465843
0.0015825194
0.00060820411
0.00080409156
0.0010408475
0.0015104261
-5.4330107e-05
-0.00020081984
-0.00079501324
-0.0012857433
-0.0014325985
-0.0001451635
0.00031924537
-0.00050470349
-0.0020896316
-0.0030116183
-0.0032797226
-0.0043765507
-0.004605686
-0.0051089289
-0.0060590233
-0.0043175031
-0.0034981959
-0.0032968398
-0.0022520642
-0.0027150279
-0.0035257822
-0.0040313473
-0.0041229524
-0.0044247689
-0.0043188855
-0.0050822394
-0.0053420691
-0.0056445662
-0.0050392174
-0.0050931647
-0.0053445452
-0.0052907355
-0.0051683053
-0.0052792552
-0.0050602902
-0.004690875
-0.0047889986
-0.0043738865
-0.0032277248
-0.00096881803
-0.00043677982
0.00030808703
0.0016964127
0.0022901469
0.0020496
0.0013003608
-5.5799347e-05
0.00018886279
-0.00049615167
-0.0016056796
-0.0010632458
-1.0653764e-05
0.00091455749
0.00052771168
-0.00057104118
-0.0017592836
-0.0016516578
-0.0035823394
-0.0053631029
-0.005135022
-0.0046478972
-0.0042310301
-0.0043927394
-0.0052582169
-0.0060477869
-0.0052780453
-0.0044841379
-0.0036200518
-0.0022784778
0.0003481793
0.0017374994
0.0035503436
0.0044737291
0.0024436506
0.002360107
0.0027825082
0.0019718297
0.00097858443
0.001317113
0.0033887197
0.0036552635
0.004493749
0.0038894063
0.0028477187
0.0028985728
0.003032995
0.0050675995
0.0049880537
0.0052074703
0.0057498112
0.0052993108
0.0034941452
0.0031580413
0.0024139193
0.002831987
0.0026005049
0.0021727876
0.0026588873
0.002747566
0.0029280703
0.0026931776
0.0027461377
0.0027945949
0.0028524928
0.0023756046
0.0020123806
0.0022510497
0.0023702089
0.0028836351
0.0035415842
0.0038139304
0.0041869941
0.0051486759
0.0055902514
0.006329118
0.009751016
0.012341876
0.016113062
0.015588668
0.011076826
0.0094520683
0.0080807851
0.006430253
0.0051045056
0.0044025478
0.0055083751
0.0040960839
0.0023462223
0.0018935723
0.00026730122
0.00070812692
0.0013106038
0.0005052679
0.00051388595
-0.00044817248
-0.0010858895
-0.00082948405
-0.0001347903
0.00027972757
0.00056284005
0.0013293244
0.0010435259
0.0012961168
0.00085955758
-0.0016195436
-0.0025665039
-0.0025725216
-0.0029451565
-0.0022064613
-0.0026219624
-0.0015350725
-0.0024399454
-0.0043878131
-0.0051756434
-0.0059842164
-0.0050615944
-0.005312173
-0.0052570777
-0.0053460388
-0.0053077969
-0.0049804083
-0.0042551025
-0.0029289523
-0.004297514
-0.0048940895
-0.0049205543
-0.0047518237
-0.0056551718
-0.0056375021
-0.0057558116
-0.0075104719
-0.0088895442
-0.009726338
-0.0099674618
-0.010544728
-0.011024832
-0.010957964
-0.01157976
-0.010896091
-0.010226393
-0.0094644034
-0.0084448762
-0.0061708014
-0.0036277774
-0.0010688908
0.00054663641
0.0018483482
0.0035455345
0.0045182516
0.0028454264
0.0021936756
0.0011530764
0.00012634994
-0.00060286846
0.00034060705
0.0015508713
0.0022551913
0.0020025273
-9.2001313e-05
-0.00076047575
-0.00062034566
-0.0012015662
-0.001174152
-0.0013740072
-0.0021666348
-0.0035340794
-0.0036423335
-0.0050203528
-0.0050327504
-0.0032211698
-0.0019135193
-0.0010064875
-0.00013097413
0.00012569259
0.00029181043
0.00038045247
-0.00022552296
0.0012265547
0.00030888774
-0.0011283761
-0.0015877089
-0.0026605374
-0.0026891948
-0.00064715072
0.00075599999
0.0010468809
-0.00020381429
-0.002046891
4.4183753e-05
0.0011573235
0.0017868411
0.0019109272
0.0016000413
0.0023158118
0.0022877849
0.0015512494
0.00037908233
-0.000985887
-0.00086298028
0.00019221205
7.9276844e-05
-0.00027738684
-0.0009239424
-0.0012718499
-0.00020022156
0.00020658337
0.00027936803
0.0001574839
-2.8521621e-05
0.00044044961
0.00026997096
-4.5871461e-05
0.00027494858
0.00066201506
0.0015111315
0.0021992203
0.0022812599
0.0037930101
0.0043195578
0.0097602408
0.013004487
0.0098146572
0.0060855397
0.0047052439
0.0032403025
0.003255353
0.0024400544
0.0044972103
0.0032871508
0.00075014209
0.00078596999
-0.00013970859
0.00036924905
-0.00094335842
-0.0019595374
-0.0016698423
-0.0019579473
-0.0016453393
-0.002478377
-0.0021912321
-0.0022782874
-0.0011612538
-0.00089365715
-0.00061422254
-0.00041763224
-0.00026484472
-0.0010309273
-0.0013995141
-0.0036704076
-0.0040769093
-0.0043337044
-0.0047508843
-0.0053513296
-0.0049592614
-0.0038308567
-0.0051134179
-0.0071903681
-0.0090509942
-0.01006923
-0.0095868738
-0.0092405205
-0.0086453656
-0.0073422877
-0.0069012058
-0.007809022
-0.0075271774
-0.0082799565
-0.0083320408
-0.0079555857
-0.0087300018
-0.0093391504
-0.0097869421
-0.010036991
-0.010767877
-0.012028954
-0.016289643
-0.017269362
-0.01905977
-0.020185631
-0.021033831
-0.021448006
-0.02130496
-0.021071751
-0.020306044
-0.015703929
-0.015337283
-0.012524888
-0.0065181147
-0.0031762181
0.0009632759
0.0015811602
0.002813542
0.0019014579
0.002045383
0.0013563106
0.00039984622
-0.00073769406
-0.00030409704
-0.00032985747
0.00019091151
0.0012963208
0.00079025413
-0.001395983
-0.0016681125
-0.00065559765
-0.00029170532
-0.00092551882
-0.00068475574
-0.0027351257
-0.0030393357
-0.003158103
-0.0052505102
-0.0072835904
-0.0048983582
-0.0025997682
-0.0041994236
-0.0033975574
-0.0034593525
-0.0031274875
-0.0017531984
-0.0045835049
-0.0056829699
-0.0072117569
-0.0085122527
-0.010913324
-0.0099849301
-0.0093343419
-0.0071007902
-0.0060297446
-0.0058881961
-0.007054976
-0.0064097446
-0.003231913
-0.0021347132
-0.0022950352
-0.0030116369
-0.0024232297
-0.0020794653
-0.0022473309
-0.0034554103
-0.0042005915
-0.0038736454
-0.0041370664
-0.0050447827
-0.0054223064
-0.0053180516
-0.0048442925
-0.004734981
-0.0038819787
-0.003401759
-0.0027793737
-0.0022266099
-0.0024832332
-0.0024301178
-0.0026311038
-0.0024280535
-0.002182457
-0.0015716671
-0.0010446197
-0.00052664147
0.0003410663
-0.00039606259
0.0027701644
0.0028166416
0.00077111911
-0.00052278454
-0.00034369113
-0.0035242097
-0.0049544457
-0.0030945042
-0.00034215866
-0.0010342959
-0.00099689419
-0.0027768163
-0.0056417652
-0.0056744569
-0.0047953471
-0.0051106658
-0.0061619039
-0.0062361736
-0.0061752399
-0.0060307977
-0.0061160229
-0.004911402
-0.004311087
-0.0038639364
-0.0031081798
-0.0031374466
-0.0028460443
-0.0027638196
-0.0029593025
-0.0033697122
-0.0059985974
-0.0061856659
-0.0063423128
-0.0069262722
-0.0072740966
-0.0073848399
-0.0082713729
-0.010369662
-0.011797961
-0.013431032
-0.011725306
-0.012977252
-0.01386123
-0.012742266
-0.0092141095
-0.010062728
-0.011117879
-0.01250838
-0.011699799
-0.011869558
-0.01256726
-0.013436174
-0.014962289
-0.016140725
-0.016586536
-0.018143223
-0.019375381
-0.021861646
-0.026569792
-0.031356102
-0.032805427
-0.033844983
-0.034250575
-0.033642575
-0.030936792
-0.028540681
-0.02687938
-0.024248579
-0.020779287
-0.013708386
-0.0087486396
-0.0051241573
-0.0024891906
-0.0018866692
-0.0030193581
-0.0022683238
-0.0018798551
-0.001634684
-0.0015460183
-0.00092441025
-0.001561866
-0.0016286916
-0.0020405342
-0.0036784051
-0.0049184893
-0.0044764967
-0.0038305738
-0.0024064514
2.7267245e-05
-0.0010671716
-0.0066413861
-0.005964206
-0.005912128
-0.0055555575
-0.005340432
-0.0053833296
-0.0056875705
-0.0063352785
-0.006137792
-0.0067527737
-0.0059441966
-0.0065489288
-0.0092099533
-0.010033763
-0.011542617
-0.013026013
-0.013069788
-0.013754793
-0.014244518
-0.010998947
-0.0098332071
-0.010519426
-0.010661869
-0.010335991
-0.0085068432
-0.0084069132
-0.0074248789
-0.007162937
-0.0071810754
-0.0065697876
-0.0070875949
-0.0074435147
-0.0073488537
-0.007289278
-0.0073551193
-0.007871102
-0.0079541526
-0.0074089289
-0.0076541937
-0.0063006227
-0.0058210365
-0.0051345111
-0.0045469135
-0.0039636433
-0.0041117103
-0.0036593926
-0.0037479766
-0.0037777521
-0.0035671668
-0.0025855678
-0.0023721635
-0.0011002811
-0.0019897099
-0.0035006251
-0.004459877
-0.0028624729
-0.0044532486
-0.0064144395
-0.0078150134
-0.011051313
-0.011206353
-0.0081095347
-0.0070472907
-0.0079525008
-0.0082728356
-0.0098108639
-0.011651262
-0.011485555
-0.0099054629
-0.0099370387
-0.01003012
-0.0098771377
-0.0090726248
-0.009164035
-0.0082358301
-0.0072727059
-0.0060920522
-0.0056408654
-0.0050838294
-0.0051681486
-0.0054571331
-0.0059215179
-0.005543913
-0.0057161503
-0.0073561679
-0.007386922
-0.0078027531
-0.0078814356
-0.0089921111
-0.0092562374
-0.013843111
-0.0154036
-0.015038546
-0.0145184
-0.011707852
-0.014704171
-0.014137756
-0.012824934
-0.010987041
-0.012093005
-0.012819286
-0.012825193
-0.013484697
-0.015529203
-0.016398629
-0.017165464
-0.019528238
-0.018958484
-0.020494438
-0.020097464
-0.019717845
-0.024757075
-0.028860597
-0.03455359
-0.035914429
-0.04019816
-0.04336253
-0.043336108
-0.043141963
-0.042813515
-0.043926281
-0.03824004
-0.031523637
-0.026543921
-0.021815651
-0.016794869
-0.013394314
-0.010587584
-0.0097897335
-0.0077343032
-0.0074764116
-0.0065318149
-0.0058006548
-0.0057480354
-0.0053445645
-0.0073369211
-0.0080626971
-0.0086677372
-0.0096681989
-0.0096735077
-0.0068605917
-0.0090742987
-0.0031462683
-0.0070701927
-0.011301813
-0.0046236497
0.00053993446
-0.00060054589
-0.0015510341
-0.0010107458
-0.0016394307
-0.0056750449
-0.0081454851
-0.0061525765
-0.0055576844
-0.0045631747
-0.0056602603
-0.0052254609
-0.006102067
-0.0096206605
-0.0098026143
-0.0097467126
-0.0099232489
-0.0082789927
-0.0083039419
-0.0086751777
-0.0087526644
-0.0079918363
-0.0075470134
-0.0074747069
-0.0068263546
-0.0062380581
-0.0063842464
-0.0059959083
-0.0060490726
-0.005529932
-0.0060334214
-0.0057566598
-0.0059219016
-0.0056396864
-0.0063804212
-0.0067342738
-0.0060915059
-0.0052623014
-0.0041944751
-0.0031555489
-0.0023839929
-0.0021678574
-0.0020738106
-0.0017036876
-0.0020012689
-0.0019139565
-0.002320202
-0.0016609998
-0.0016915109
-0.0029341083
-0.0065332539
-0.0078317074
-0.0075487846
-0.0061315167
-0.0088268041
-0.011081693
-0.011694906
-0.01324414
-0.011710502
-0.012008183
-0.011804031
-0.01237983
-0.012472888
-0.014567443
-0.016092349
-0.015932838
-0.015177545
-0.013224649
-0.012172143
-0.01101781
-0.010202507
-0.0081881198
-0.00782172
-0.0067382607
-0.0062233212
-0.0056861379
-0.0061612327
-0.0065356073
-0.0069839399
-0.007022975
-0.0070768349
-0.0067699038
-0.007302084
-0.0073832393
-0.00765943
-0.0083176603
-0.0096027414
-0.012007451
-0.015355917
-0.016814527
-0.017550589
-0.014210384
-0.012710627
-0.013398875
-0.012653775
-0.012775091
-0.011257886
-0.011173169
-0.011509725
-0.011985561
-0.013363255
-0.01473874
-0.01583924
-0.016498286
-0.015679232
-0.015707643
-0.014684103
-0.018780715
-0.022205675
-0.024145141
-0.027602005
-0.03432974
-0.043128469
-0.047663279
-0.05559509
-0.058541343
-0.05763739
-0.06241023
-0.061440052
-0.058968923
-0.053225113
-0.047812303
-0.041613071
-0.02861643
-0.0279855
-0.026202476
-0.023749092
-0.020289628
-0.0208902
-0.016112852
-0.015691479
-0.014214634
-0.015269386
-0.015448074
-0.01323447
-0.0130781
-0.015119305
-0.015219062
-0.011242803
-0.0063533718
0.0029078413
-0.00027098324
-0.0062611874
-0.0050141217
0.00025387235
-0.00063142675
0.0068863093
0.0045576014
0.0046285926
0.0033066614
0.0010640943
0.0032745951
0.0022395376
0.0061076083
0.0052943865
0.004492381
0.0035263453
0.0014014788
0.00099379407
0.00093712645
0.000663526
0.00010364104
-4.8558961e-06
-0.0018862724
-0.0015973616
-0.0018241303
-0.0013227517
-0.0010278748
-0.0018091662
-0.0020910922
-0.0016916879
-0.0013899721
-0.0016237075
-0.0020902382
-0.0014873566
-0.0018869284
-0.002294491
-0.0020610743
-0.0021676401
-0.0022975872
-0.0017267969
-0.00086127171
-0.00039595379
0.00011418611
2.3422456e-06
0.00012744157
7.2780491e-05
-0.00035398574
-0.00050687076
-0.00070284791
-0.0011355293
-0.00098472219
-0.0019662679
-0.0038873608
-0.011677601
-0.010556119
-0.0073741952
-0.0082163059
-0.010673529
-0.011459507
-0.011861103
-0.01643798
-0.013650803
-0.014916004
-0.015217479
-0.015933222
-0.015783845
-0.016239541
-0.015897888
-0.015791937
-0.015297311
-0.012727843
-0.010644897
-0.0062184187
-0.0047218723
-0.0050250679
-0.0054320625
-0.0046014455
-0.0051245607
-0.0053860333
-0.0058228189
-0.0057072937
-0.0063542564
-0.0065861918
-0.006794317
-0.0067454387
-0.0074423178
-0.0080152472
-0.0097110776
-0.010258472
-0.012014034
-0.014760605
-0.019697112
-0.016001724
-0.015428907
-0.013677086
-0.01449376
-0.01373866
-0.014416699
-0.01290357
-0.0081257497
-0.0067511464
-0.0082169504
-0.009878369
-0.011807179
-0.012619656
-0.013929153
-0.016020518
-0.014625316
-0.011141501
-0.013329609
-0.020234348
-0.022305291
-0.0246376
-0.029719818
-0.03886029
-0.04951822
-0.057839811
-0.061772191
-0.065921637
-0.066741351
-0.067084347
-0.066308442
-0.060793824
-0.058260517
-0.057858498
-0.049955318
-0.037824256
-0.045038562
-0.044907638
-0.04435937
-0.037973875
-0.036133137
-0.030315743
-0.022163561
-0.025216767
-0.01962704
-0.022954722
-0.022262946
-0.0182343
-0.021418757
-0.0084508064
-0.003864318
-0.002124008
0.0013636737
0.0054314309
0.010143357
0.0073093963
0.014473338
0.013118437
0.015942126
0.013328484
0.012578488
0.010758956
0.010731633
0.013950639
0.013854582
0.013282913
0.014588552
0.012692327
0.011452266
0.010809164
0.0093898964
0.0070138808
0.006737306
0.0044359792
0.0045330158
0.0037946972
0.0039883258
0.0045918813
0.0046122521
0.0034899976
0.0030985889
0.0023076336
0.0022553324
0.0021619761
0.0022495676
0.0018311209
0.0018494274
0.0013154419
0.001675451
0.0011331651
0.0010543511
0.00056351387
0.0017671664
0.0015704782
0.0015070148
0.0010459046
0.0010366187
0.0010337172
0.0013170963
0.00028716075
0.00049097328
-0.00055311245
-0.00089127042
-0.0024500707
-0.0034031543
-0.0061804162
-0.013832103
-0.011449576
-0.0083946553
-0.0081229251
-0.0087976504
-0.013346787
-0.014754205
-0.016317309
-0.015352569
-0.014569208
-0.014021451
-0.014707134
-0.015664682
-0.014201981
-0.013515772
-0.0098706561
-0.0091641211
-0.0066493137
-0.0046438121
-0.0031376947
-0.0030956684
-0.0032182855
-0.0045794455
-0.0045442233
-0.0043033006
-0.0053232481
-0.0057664059
-0.0059170333
-0.006113123
-0.0056852786
-0.0058430831
-0.0061477938
-0.0081968861
-0.0087713203
-0.011485131
-0.011685397
-0.013558429
-0.018441994
-0.018350552
-0.017293665
-0.015013433
-0.012817327
-0.013668488
-0.014422665
-0.013174237
-0.013937574
-0.0061657839
-0.0010804515
-0.0052352977
-0.0084585583
-0.0097976349
-0.010403667
-0.011525144
-0.016392879
-0.016891178
-0.014936636
-0.014792685
-0.019189101
-0.02205735
-0.027270082
-0.037232927
-0.047466791
-0.056182883
-0.062733104
-0.066947226
-0.069556854
-0.070335773
-0.068174275
-0.06520954
-0.059981479
-0.056926662
-0.057431672
-0.043558551
-0.045027565
-0.046348963
-0.050195536
-0.049095189
-0.044869324
-0.03150872
-0.029223112
-0.026778446
-0.024520495
-0.021587231
-0.024724139
-0.023090019
-0.01372493
-0.014515329
-0.0044871473
0.0024885765
0.0076808047
0.01317783
0.01835593
0.020328615
0.024548045
0.024678353
0.025777192
0.02438622
0.021274391
0.017986751
0.017643965
0.018561431
0.019715393
0.019311266
0.019562163
0.018923398
0.018708441
0.01599835
0.014293709
0.014186025
0.012678399
0.0090768432
0.007641697
0.0063043243
0.0062688672
0.0049705007
0.0061036817
0.0062715192
0.0063188553
0.0049294736
0.0045585749
0.0044424174
0.0040514983
0.0029417998
0.0026318823
0.002793488
0.0032483451
0.0032752781
0.0029312596
0.0028209863
0.0026767997
0.0016084463
0.0020663585
0.0016701202
0.0011415979
0.0009927693
0.00093302933
-4.306585e-05
-0.00023907226
-0.00071976665
-0.0014115636
-0.0032237298
-0.0040473947
-0.005909386
-0.0079551972
-0.015339433
-0.012745755
-0.0080650396
-0.0087033694
-0.0086420101
-0.012344764
-0.013743568
-0.015491783
-0.01314416
-0.010243367
-0.0093752031
-0.010887304
-0.012104067
-0.0067558297
-0.005820951
-0.0053838083
-0.0037396636
-0.0022875211
-0.0030596502
-0.0027840926
-0.0037656217
-0.0036789194
-0.0045406611
-0.0048464898
-0.0057301398
-0.0061415252
-0.0061471733
-0.0066654061
-0.0063643846
-0.0063950323
-0.006305339
-0.0074728626
-0.0095343474
-0.01305194
-0.015855755
-0.016251255
-0.01543408
-0.0170172
-0.015435987
-0.012641152
-0.012996623
-0.011206411
-0.013972895
-0.016629155
-0.016279081
-0.012244289
-0.00023737852
-0.0010113725
-0.0057533777
-0.0084010768
-0.01068268
-0.011531711
-0.012611267
-0.016530519
-0.02040152
-0.021659007
-0.021635726
-0.025077122
-0.031081783
-0.036616364
-0.04523242
-0.048248574
-0.05300646
-0.057239095
-0.061484474
-0.062865849
-0.061824575
-0.058508657
-0.051987988
-0.047532348
-0.04736468
-0.046119424
-0.040235589
-0.036347194
-0.032733949
-0.033894781
-0.034114938
-0.034933227
-0.018893744
-0.014140941
-0.011446107
-0.0078530757
-0.0065773104
-0.014402479
-0.0061248724
0.0012150616
0.0069240155
0.011243922
0.017796772
0.023144818
0.026605369
0.03201575
0.035575082
0.035290205
0.034884402
0.031416649
0.029762686
0.028595406
0.025944803
0.024845612
0.024574457
0.025755155
0.024865804
0.026269802
0.02401289
0.024561124
0.022915025
0.023792324
0.021162444
0.017974942
0.01643845
0.012563971
0.008909641
0.010135324
0.0094144573
0.0083283224
0.0084615063
0.0093125595
0.008867383
0.0085485837
0.007328752
0.007033061
0.0057341204
0.0050097493
0.0060006388
0.0054761314
0.0077332364
0.0062920966
0.0056483119
0.0051747843
0.0042457745
0.0035997667
0.003070403
0.0032134302
0.0020289713
0.001885263
0.00084766513
-0.001021702
-0.001389255
-0.0018245924
-0.0035551769
-0.0040989305
-0.0061223953
-0.011635953
-0.017297341
-0.014176422
-0.012455909
-0.0099482493
-0.0078907645
-0.0097504946
-0.012096975
-0.011410036
-0.011619264
-0.0060169499
-0.0071876043
-0.0050679062
-0.0030946398
-0.0020376162
-0.0017419988
-0.00065363125
-0.0025493556
-0.0037718515
-0.0049226458
-0.005564703
-0.0069071579
-0.0062698621
-0.006362018
-0.0080647282
-0.0086832198
-0.0072845253
-0.0068278119
-0.0057900447
-0.0068945024
-0.0079282976
-0.0083345103
-0.0075421936
-0.012267739
-0.016066525
-0.019715173
-0.012936559
-0.013959618
-0.016484524
-0.015535992
-0.012755979
-0.01549222
-0.015932881
-0.015274394
-0.017018126
-0.019388749
-0.010423705
-0.0036881525
-0.0035599046
-0.0045528604
-0.0083757645
-0.010778926
-0.012471864
-0.01549185
-0.019236115
-0.024993725
-0.031149201
-0.034572569
-0.037407117
-0.040309605
-0.044435538
-0.048490876
-0.047795504
-0.047673659
-0.045032881
-0.044393041
-0.045908288
-0.048692252
-0.043429186
-0.03268794
-0.023456238
-0.031114697
-0.03253249
-0.023583426
-0.017560264
-0.012555882
-0.012062208
-0.008786727
-0.0047909792
0.0011920468
0.0087369569
0.013765982
0.013017838
0.016237731
0.016048142
0.019866317
0.027524838
0.033620573
0.035389423
0.039428942
0.041610547
0.041966302
0.040926796
0.043729852
0.041305915
0.03757095
0.036532811
0.038495852
0.034971368
0.032434181
0.033508583
0.032500863
0.032993879
0.034631369
0.033499092
0.033852324
0.033791007
0.033820382
0.034164936
0.030701818
0.028303081
0.025390482
0.022079433
0.017019896
0.015361283
0.017302394
0.015433176
0.013434933
0.012460538
0.011152752
0.010939022
0.011583568
0.010115037
0.010718857
0.0085737934
0.0073932015
0.0087143708
0.0098246764
0.0093785714
0.0080467457
0.0053006722
0.0060160432
0.0053451852
0.0042971489
0.0035991321
0.0039028948
0.0030048389
0.0023190921
0.0012444713
0.0010044576
-0.0017035063
-0.004733238
-0.0069325743
-0.010829256
-0.010954571
-0.0087548871
0.0022719779
-0.0097299632
-0.0093327034
-0.0038214268
-0.0087094625
-0.0096497098
-0.0091777842
-0.0086968505
-0.0059965337
-0.0052450379
-0.0032724031
0.0021155547
0.0018124381
-0.00087810072
-0.0020316571
-0.0030657016
-0.0073739588
-0.0072857569
-0.0085637274
-0.010711288
-0.012247272
-0.0097029211
-0.012309136
-0.012041867
-0.013064054
-0.012616113
-0.012235162
-0.012612034
-0.012398807
-0.012804309
-0.012674345
-0.012338573
-0.011880769
-0.012780691
-0.012043341
-0.013709615
-0.011515505
-0.0087808877
-0.012194057
-0.013483863
-0.013923465
-0.015437936
-0.014101297
-0.016558276
-0.0095782523
-0.010843826
-0.0079112797
-0.0051081733
-0.0081308848
-0.011372601
-0.013101512
-0.016962744
-0.021803791
-0.026944891
-0.03360663
-0.039415864
-0.043635103
-0.045827233
-0.048877449
-0.048176478
-0.043433914
-0.035683604
-0.027086915
-0.033556237
-0.032435281
-0.03289559
-0.028195679
-0.019004315
-0.0079660559
-0.0051881757
-0.0090733622
-0.00067805567
0.013668736
0.022508506
0.026553404
0.030566031
0.031427249
0.038328661
0.042701076
0.042804482
0.03260674
0.036408943
0.048163189
0.052684042
0.055907497
0.059600381
0.060012216
0.061190361
0.060650416
0.058510311
0.056864406
0.053266708
0.048003383
0.044290827
0.042945587
0.042786774
0.041418385
0.038996274
0.039350524
0.039779528
0.038462493
0.038122041
0.041011076
0.042888563
0.038883562
0.039798225
0.03941298
0.03647374
0.03399122
0.034321463
0.030721389
0.027246708
0.026813187
0.027263979
0.026343273
0.021594535
0.021958378
0.021482088
0.020593447
0.023302084
0.023093344
0.02192305
0.019838647
0.015694258
0.015842529
0.018496792
0.0166362
0.016249531
0.014550671
0.015503018
0.015211395
0.014766066
0.010631559
0.0098453768
0.011511692
0.013100257
0.013266108
0.012173877
0.011992101
0.007875943
-0.0027646537
-0.0092503924
-0.0077652197
0.001108443
0.006434685
-0.0029429188
-0.0065998218
-0.0037136586
-0.0026791115
-0.0049031937
-0.0047124768
-0.0034389443
-0.0010358356
0.00078659906
0.0040075314
0.0058140241
0.0066672018
0.0037049489
0.00071406212
0.0011943414
-0.0042284379
-0.0039292582
-0.0064050537
-0.0073791039
-0.008712214
-0.0097920783
-0.0096758962
-0.01228898
-0.012491257
-0.010956381
-0.011364935
-0.011490191
-0.013348397
-0.014265698
-0.013230332
-0.0081071243
-0.0097735143
-0.0080750452
-0.0080696526
-0.010309417
-0.009718378
-0.010027675
-0.011226218
-0.0090570484
-0.011188309
-0.013663778
-0.012877259
-0.011908007
-0.014090018
-0.016927192
-0.014515179
-0.011123608
-0.010062832
-0.010638297
-0.0096933518
-0.012783687
-0.015803704
-0.022266319
-0.026833553
-0.032283081
-0.039563887
-0.045425784
-0.048006525
-0.045517645
-0.033014888
-0.0174086
-0.018898082
-0.02166841
-0.015932738
-0.0067496177
0.0012880645
0.013350938
0.023296877
0.032017982
0.028654099
0.029651997
0.040904906
0.038805655
0.045454738
0.054755984
0.065334681
0.072588922
0.068463472
0.063065928
0.05512009
0.061086764
0.078188367
0.078150762
0.074488123
0.074302126
0.072786948
0.068496072
0.063704149
0.061182073
0.058797009
0.05371643
0.050916828
0.048514942
0.044016112
0.040976664
0.036490187
0.033788584
0.035536001
0.033486116
0.033638855
0.034593364
0.035859675
0.034908556
0.034032439
0.033873026
0.033628331
0.032350724
0.033387735
0.033993268
0.032012258
0.031561818
0.029756935
0.02981708
0.028263759
0.030640692
0.034686536
0.032944476
0.038038519
0.037654716
0.036421205
0.038754928
0.038620351
0.034383142
0.032188639
0.033067825
0.034680715
0.032448431
0.026825762
0.02190001
0.020417695
0.017257508
0.010332776
0.0095275624
0.0065662307
0.0032588558
0.00047048663
-0.0061755426
-0.010144861
-0.0091834794
-0.011769092
-0.010712117
0.0072364094
0.012191069
0.0028927572
-0.0067663796
-0.0065005768
-0.0052509549
-0.0068387809
-0.003148981
-0.00015999898
0.0019776311
0.0014234801
0.0020664185
0.0018320192
0.0049099865
0.0051063369
0.0053417474
0.0032074053
0.0026970786
0.0019706171
-0.0024049859
-0.0032115267
-0.0012258523
-0.0037749644
-0.0064482812
-0.0084860491
-0.0099979116
-0.010209395
-0.0077897457
-0.0061171367
-0.0071323079
-0.011783634
-0.012376488
-0.011169985
-0.0086515353
-0.0073396324
-0.0069531702
-0.008989168
-0.0098290209
-0.009515173
-0.010452855
-0.0066781293
-0.006740394
-0.0085640972
-0.010346233
-0.013089058
-0.015333609
-0.016471001
-0.01930554
-0.013335412
-0.012755105
-0.0085968991
-0.0042902013
-0.0051441741
-0.007256995
-0.010238267
-0.015448772
-0.018258764
-0.021956863
-0.026153168
-0.030732416
-0.034310235
-0.032265263
-0.010963338
0.0029602879
-0.0036886011
0.01072602
0.019792972
0.027453666
0.035883092
0.043803991
0.048302821
0.055794145
0.050996121
0.035057409
0.032862725
0.037383608
0.041115309
0.056583023
0.069870669
0.079235265
0.083844407
0.071118562
0.057322667
0.069285563
0.079682273
0.078517745
0.072556051
0.066829002
0.062838736
0.060166538
0.053402937
0.048261898
0.046191519
0.039708626
0.037397576
0.034118091
0.032621544
0.029603916
0.027971392
0.0262948
0.026452764
0.022333315
0.021674048
0.023473969
0.02547953
0.025251161
0.02510092
0.026760644
0.026203001
0.025050764
0.025445689
0.024415568
0.022914125
0.021781204
0.021549638
0.023510943
0.025690287
0.026566779
0.03133725
0.034068522
0.034856885
0.03938716
0.03964709
0.043220866
0.041525486
0.04327727
0.042562453
0.043761905
0.04436985
0.041000388
0.036090009
0.030156103
0.020492728
0.011213009
-0.0009172845
-0.0058654926
-0.006657233
-0.0083138692
-0.014500835
-0.017239514
-0.019487129
-0.024102884
-0.026008331
-0.0034302617
0.0063075349
-0.0011410067
-0.0079073127
-0.015247228
-0.015386671
-0.012661854
-0.0082085713
-0.0052178723
-0.001318496
0.00079495889
0.0015261666
0.00042014374
-0.0021585813
-0.0032293346
-0.0016014062
-0.00049156162
-0.00070140068
-0.0013290796
0.00098163113
-0.00054771031
-0.0020153753
-0.0025955719
-0.0049053264
-0.0079483899
-0.0077063574
-0.0088651025
-0.0063400954
-0.0048176779
-0.0034138469
-0.0053454249
-0.0068566707
-0.0094567448
-0.0062515722
-0.0064392667
-0.0062298234
-0.007567989
-0.0068836185
-0.0090542164
-0.0098218798
-0.009607752
-0.0083712882
-0.0088064705
-0.010414804
-0.011643941
-0.012784917
-0.016790531
-0.015929219
-0.015633374
-0.010254598
-0.0079574091
-0.0083420059
-0.0063792273
-0.0048051393
-0.0039000852
-0.0047657134
-0.0067264913
-0.009178396
-0.011709847
-0.014726709
-0.016549159
-0.016036497
-0.012706926
0.0072273292
0.014472912
0.019131463
0.035963749
0.047034426
0.055554174
0.060654968
0.060988748
0.057799979
0.058518229
0.043297961
0.029546248
0.034379997
0.041022819
0.04741837
0.057614216
0.061821319
0.065156677
0.067665138
0.057395872
0.05298616
0.063158042
0.064582637
0.060823429
0.051917201
0.049532609
0.043973338
0.035873586
0.028791152
0.028140557
0.027071797
0.023596653
0.023575383
0.021647153
0.0166494
0.017763642
0.016593788
0.019555725
0.017271615
0.015729747
0.015424599
0.015722336
0.015584543
0.014933109
0.015418324
0.016001567
0.020498552
0.020056958
0.020041112
0.020213739
0.021960625
0.018981943
0.021496042
0.022819147
0.023784669
0.023959172
0.025275181
0.026368333
0.028707295
0.0310024
0.032501567
0.032240285
0.032428701
0.032061101
0.032441753
0.034062013
0.035568974
0.035565997
0.028959122
0.022264753
0.013125563
0.0021576069
-0.0095056532
-0.015798987
-0.019205639
-0.020433099
-0.029428474
-0.032311972
-0.028918653
-0.02247348
-0.01566482
-0.0029453842
-0.0040668412
-0.0097185616
-0.01248005
-0.015778892
-0.015041823
-0.01599279
-0.011344031
-0.0080594249
-0.0043461649
-0.0011557509
-0.0014193322
-0.0022583944
-0.0028772572
-0.0044615487
-0.0039415071
-0.0030662677
-0.0017958961
-0.00070931249
-0.00020582868
0.00091870275
0.00012639953
-0.0038794004
-0.0054667787
-0.0080479427
-0.0079150963
-0.0094401307
-0.0090519709
-0.0073522937
-0.0025108631
-0.003787972
-0.0058477579
-0.0062429708
-0.0076107056
-0.0050092081
-0.0039234887
-0.0030023494
-0.0026270529
-0.0045679837
-0.0036419829
-0.0051604968
-0.0059921455
-0.0051940204
-0.007447153
-0.0075444689
-0.0096470383
-0.011174983
-0.011789634
-0.0097480369
-0.0083241349
-0.0066101185
-0.0046753289
-0.0041583793
-0.0049730707
-0.0040784852
-0.0014793282
-0.0017702857
-0.002411566
-0.0036978327
-0.0030631204
-0.0010636322
0.00057862723
0.0060578697
0.016006889
0.019798277
0.028553672
0.039244608
0.051568482
0.058848137
0.058996854
0.054694111
0.045921538
0.033968787
0.024181206
0.021358788
0.03252172
0.036649097
0.039980941
0.045566289
0.044965392
0.045525649
0.043277386
0.037011746
0.034943731
0.039189513
0.036356719
0.034703332
0.027819637
0.022390092
0.019049578
0.014167338
0.0093302762
0.0071389361
0.0090823461
0.0066246066
0.0068801785
0.0048820712
0.0041024084
0.0062524644
0.0079354986
0.010465268
0.011443672
0.01117884
0.0095645575
0.010766902
0.010874894
0.0070460336
0.0067283591
0.0079188124
0.012004946
0.013545138
0.013784843
0.01394545
0.014624427
0.016905369
0.017225849
0.018127956
0.019433457
0.018928657
0.018651453
0.018945864
0.020656762
0.022379616
0.022058626
0.021679481
0.021379703
0.021623448
0.020786998
0.021480387
0.018475957
0.014377158
0.0098339521
0.0046382011
-0.0021461034
-0.011575743
-0.021132563
-0.029096059
-0.031860211
-0.026028292
-0.022661829
-0.020991998
-0.021298834
-0.013603543
-0.0049333793
-0.009924894
-0.011679171
-0.013614994
-0.017713338
-0.017485618
-0.017852947
-0.014681517
-0.012368645
-0.0096750094
-0.0068755751
-0.0029462978
0.0010792776
0.0019798072
-0.00058139371
-0.003087271
-0.0033589761
-0.0025482621
-0.0022044301
-0.0019456465
-0.0026667496
-0.0017799865
-0.0027534069
-0.0034081054
-0.004082519
-0.0047708783
-0.0069064458
-0.0066031401
-0.0072594586
-0.0071904233
-0.00324534
-0.0036297522
-0.0054244358
-0.0064609268
-0.0054845554
-0.0026818326
-0.0024622542
-0.002758776
-0.0012362107
-0.0014382835
-0.0020534237
-0.0018954516
-0.0017857331
-0.0033879089
-0.0034794825
-0.0050903272
-0.0044827035
-0.005724578
-0.0074468484
-0.0080538102
-0.0075497438
-0.0049050259
-0.0061737197
-0.0041010239
-0.0045945857
-0.0053543827
-0.003145204
-0.0019667827
0.00058549319
0.00051216528
0.0024001096
0.008675588
0.014918684
0.021269848
0.022653635
0.023967899
0.033728771
0.039033487
0.036286544
0.045293568
0.039838543
0.032577777
0.022933517
0.012527617
0.011727536
0.013765208
0.018741776
0.022434178
0.028944869
0.026891659
0.025990247
0.023068603
0.023780663
0.020156989
0.016427857
0.013953443
0.011739955
0.013686426
0.011963135
0.0084303237
0.0049341894
0.0016228569
0.00080821586
-0.0017404455
-0.003954199
-0.0043612373
0.00027962178
-0.0017533348
-0.0014256695
1.1578498e-05
0.002273954
0.0043418577
0.004775372
0.0066349323
0.005497218
0.0060032094
0.0041240099
0.003254772
0.00153073
0.0030926145
0.0055217998
0.0071866745
0.0078939817
0.0075275389
0.0077782993
0.0092965874
0.011668255
0.013832059
0.013654597
0.011333997
0.011041813
0.011692122
0.011862276
0.01273461
0.013261723
0.012259525
0.012634027
0.013479256
0.012924281
0.011331842
0.0092848491
0.005398316
0.001202588
-0.0050685252
-0.013668572
-0.019575246
-0.02855904
-0.023383912
-0.015488737
-0.01250937
-0.011186935
-0.012217193
-0.01521114
-0.010386256
-0.0086533071
-0.011745104
-0.012679578
-0.015063169
-0.016439967
-0.015404768
-0.013617264
-0.011378237
-0.010470325
-0.0094429762
-0.0081496948
-0.0051758825
-0.0024008805
-0.0025200991
-0.0021741065
-0.0037388554
-0.0053897962
-0.0065644533
-0.0041333039
-0.0043409179
-0.0039321194
-0.0038201632
-0.0032823517
-0.0033492817
-0.0033242246
-0.0026578512
-0.0036763814
-0.0037632998
-0.0051635282
-0.0064182613
-0.0035464276
-0.0046717116
-0.0044522223
-0.0055605558
-0.0069136188
