0.0006491164
0.00078866652
0.00069803148
0.00057386856
-0.00046427824
0.00064026979
0.00077066191
0.0016852581
0.0014319993
-0.00055523428
-0.0030371883
-0.0048972107
-0.0048115605
-0.0053185176
-0.0048422635
-0.0037874612
-0.0023304286
-0.0027714803
-0.0031837503
-0.0028119702
-0.0030231278
-0.0044474676
-0.004619484
-0.0047109251
-0.0039131772
-0.0036037779
-0.0043423871
-0.0051037977
-0.0048236542
-0.0042028737
-0.0040885314
-0.0033503445
-0.0040227834
-0.003954409
-0.0038555745
-0.0042410529
-0.0039787137
-0.0042944987
-0.0034201289
-0.0034673955
-0.001975728
-0.000842072
-0.00044484061
1.4667312e-05
-0.00042058774
-0.0014379213
-0.0027193698
-0.0037827007
-0.0035686501
-0.0040388516
-0.0027083434
-0.0023477527
-0.0011152657
-0.0023713595
-0.0031588823
-0.0050854757
-0.0048669844
-0.0065421214
-0.00904896
-0.0095031517
-0.0090453949
-0.0069261605
-0.0065953535
-0.0066720239
-0.0071256401
-0.0075555384
-0.007986738
-0.0075918503
-0.0055402385
-0.0034678911
-0.0010687441
0.00038162969
0.0033973772
0.0041093264
0.0031762638
0.0028192767
0.0022189489
0.0016401397
0.002714466
0.0025203482
0.0033630021
0.004350787
0.0045302235
0.0050485038
0.0028639343
0.0040823174
0.0042955019
0.0062023136
0.0069693679
0.0071755113
0.007066317
0.0056189083
0.0045457888
0.0049059302
0.0049766526
0.0042555647
0.0032269506
0.0029786073
0.0036790239
0.0043965484
0.0044099334
0.0048408761
0.0049720217
0.004632547
0.0052212139
0.0045882669
0.0040809601
0.0042226405
0.0043677009
0.00491649
0.0054678075
0.0051815363
0.0056207972
0.0058264252
0.0062056268
0.0079050601
0.01110371
0.011222176
0.01474323
0.013873557
0.012725506
0.012271273
0.010418971
0.010150436
0.0073483668
0.0073019597
0.0062709044
0.0048918049
0.0022383751
0.00077346015
0.00014454253
0.0026371184
0.0018578006
0.0011745853
0.00064738571
0.00072953895
-4.9509128e-05
0.00044515479
0.0021295495
0.0015775867
0.0005941961
0.00080165766
0.0010455329
0.001522191
-4.5392364e-05
-0.00020474249
-0.00082327383
-0.0013374533
-0.0014914751
-0.00022666135
0.00015380707
-0.00058315308
-0.0021249846
-0.0029808996
-0.0031750646
-0.0042173742
-0.0044633727
-0.0049583665
-0.0058967464
-0.0041335371
-0.0032848783
-0.0031377213
-0.0021386339
-0.0025695966
-0.0033391017
-0.003865094
-0.0039724145
-0.004315398
-0.0042179705
-0.0050019435
-0.0052806857
-0.0055969461
-0.0049753803
-0.0049827292
-0.0051816971
-0.0051235836
-0.0050125747
-0.0051502661
-0.0049481581
-0.0046255779
-0.0047402303
-0.004315111
-0.0031829371
-0.00089982147
-0.00039083506
0.00032043499
0.0017085042
0.002325619
0.0020874074
0.0013163087
-7.2210062e-05
0.00017719374
-0.00044825933
-0.0015399778
-0.0010198113
-1.7036385e-05
0.00086124785
0.00049530986
-0.00058175514
-0.0017652929
-0.0016834962
-0.0036230615
-0.0053988335
-0.0051506046
-0.0046028064
-0.0041499247
-0.0043343459
-0.0052118448
-0.0060022569
-0.0052458862
-0.0044230253
-0.0035262175
-0.0021852491
0.00042883129
0.0017427375
0.0035346254
0.0043863276
0.0022842851
0.0022775096
0.0027275958
0.001937571
0.00093792349
0.0012830204
0.0033090895
0.0035152842
0.0043312738
0.0037435506
0.0027367886
0.0028608415
0.0030600308
0.0051285161
0.0050533244
0.0052658378
0.0058154045
0.0053574676
0.0035455748
0.0031991805
0.0024051261
0.0027697884
0.0025249039
0.0021296153
0.0026413999
0.002732161
0.0028813981
0.0026613502
0.0027076728
0.0027667488
0.0028396429
0.002362866
0.0019959485
0.0022404433
0.002368179
0.0028808183
0.0035462256
0.0038006471
0.0041725465
0.0051502537
0.0055919768
0.0063263146
0.0097403707
0.012318282
0.016025843
0.015528717
0.011100147
0.0094320922
0.0080806623
0.00639909
0.0050730495
0.0044147817
0.0055468472
0.0041337877
0.0023746424
0.0018815807
0.0001946488
0.00061824931
0.0012300816
0.00043308753
0.00042303235
-0.00045949293
-0.0010796865
-0.00080799878
-0.0001046231
0.00030091998
0.00059143987
0.0013681084
0.0010779932
0.0013187928
0.00087870051
-0.001581359
-0.0025453819
-0.0025525425
-0.0029459986
-0.0022296399
-0.0026700927
-0.0016384861
-0.0024574324
-0.004336934
-0.0050852936
-0.0058084601
-0.0048762741
-0.0050771255
-0.00504678
-0.0051270966
-0.0051070805
-0.0048107847
-0.0041206616
-0.0027982279
-0.0041300721
-0.0046696493
-0.0047506295
-0.0046186552
-0.0055128375
-0.0055115448
-0.0056480103
-0.0074173457
-0.008779042
-0.0095905319
-0.0098074519
-0.010357365
-0.010836726
-0.010750972
-0.011412379
-0.010815475
-0.010206723
-0.0094641736
-0.008422308
-0.0061316705
-0.0035866097
-0.0010572872
0.00058406573
0.0018948327
0.003611207
0.0045724273
0.002912937
0.0022291948
0.0011817202
0.00010141005
-0.00060360293
0.00035590244
0.0015343856
0.002221976
0.0019612709
-0.00010981159
-0.00078148771
-0.00061830786
-0.0012024591
-0.0010976408
-0.0012385812
-0.0019911676
-0.0033621324
-0.0035148411
-0.0049335705
-0.0049906892
-0.0031984534
-0.0018703955
-0.00089261932
-9.4783245e-05
0.00010448042
0.00023982688
0.00024110377
-0.00039296366
0.0010234143
0.00020475425
-0.0012217152
-0.0016409029
-0.0027202449
-0.0028271053
-0.00077328033
0.00063078522
0.00095971301
-0.000267624
-0.0020839456
3.9415451e-05
0.0012132416
0.0018936502
0.0020369324
0.001719894
0.0024088005
0.0023819262
0.0016345792
0.00038906839
-0.00098455636
-0.00086131766
0.00017230322
6.6877095e-05
-0.00028617948
-0.00094263204
-0.001291243
-0.00020913097
0.00019473666
0.00026864903
0.00015508041
-4.5758053e-05
0.000426768
0.00026267581
-4.3826772e-05
0.00028255034
0.00066884221
0.0015204131
0.0022175973
0.0022744754
0.0038154235
0.004316968
0.0097286079
0.012992762
0.0098422579
0.0061527823
0.00475131
0.0032700692
0.0032697183
0.0024353168
0.004502835
0.003329729
0.00077616653
0.00079420098
-0.00013029389
0.00036024378
-0.00098248958
-0.0019910915
-0.0016633439
-0.0019590741
-0.0016496098
-0.0024441016
-0.0021404831
-0.0022261817
-0.0010964121
-0.00083653958
-0.00056144926
-0.00036777166
-0.00021754242
-0.00099301135
-0.0013575849
-0.0036245081
-0.004019749
-0.0042957428
-0.0047232449
-0.0053385783
-0.0049517728
-0.003866026
-0.0051255857
-0.0071517985
-0.0089461845
-0.0098875416
-0.0093609101
-0.0089731752
-0.0083410386
-0.0070904049
-0.0067072848
-0.0076716986
-0.0073878629
-0.0081271092
-0.0081298229
-0.0077640657
-0.0085844031
-0.0091787188
-0.0096582161
-0.009911645
-0.010642366
-0.011916948
-0.016124756
-0.017045973
-0.01884961
-0.019952574
-0.020802875
-0.021256004
-0.021233042
-0.021077458
-0.020357841
-0.015769297
-0.015374303
-0.012552549
-0.0064956824
-0.003136604
0.0010242701
0.0016351655
0.0028854273
0.0019458819
0.0020866726
0.0013801851
0.00038567244
-0.00076315058
-0.00034371335
-0.00039970369
8.3075019e-05
0.0011755242
0.00071885182
-0.0013774787
-0.0016621517
-0.00064730362
-0.00023158373
-0.00072448062
-0.00049472212
-0.0025285375
-0.0028679666
-0.0030759492
-0.0052183648
-0.0073109438
-0.0049241415
-0.0026120569
-0.0042448628
-0.0035554642
-0.0036543399
-0.003276195
-0.00194606
-0.0046818271
-0.0057239849
-0.0073028349
-0.00856342
-0.011016929
-0.010136245
-0.0094030521
-0.0071737817
-0.0060821278
-0.0058868715
-0.0070305811
-0.006413062
-0.0032345258
-0.0020915477
-0.0022299484
-0.0029436841
-0.0023801935
-0.0020356089
-0.002199705
-0.0034462057
-0.0042072072
-0.0038766722
-0.0041323934
-0.0050608975
-0.0054300383
-0.0053283675
-0.004858335
-0.0047454307
-0.0038871014
-0.0034117501
-0.0027958741
-0.0022398927
-0.0024989716
-0.0024547672
-0.002636423
-0.002439814
-0.0021732372
-0.0015633841
-0.0010459192
-0.00054443677
0.00035474461
-0.00035982289
0.0027968668
0.0028465059
0.00081548843
-0.00049365136
-0.00033162292
-0.0035087087
-0.0048543409
-0.0030476057
-0.00030550291
-0.00096435003
-0.00095660723
-0.0027948418
-0.0056974318
-0.0056779667
-0.0048084493
-0.0050907755
-0.0061659916
-0.0061948296
-0.0061295495
-0.0059679291
-0.0060734906
-0.0048484227
-0.0042600776
-0.0037978064
-0.0030466254
-0.0030895207
-0.0028065352
-0.0027245989
-0.0029214789
-0.0033261197
-0.0059622848
-0.0061367016
-0.0062842531
-0.0068711012
-0.0072419441
-0.0073538726
-0.0082747616
-0.010378805
-0.011801276
-0.013428429
-0.011738195
-0.012884919
-0.013678313
-0.012520676
-0.0090262154
-0.0098884807
-0.011007685
-0.012440293
-0.01160977
-0.011762401
-0.012464879
-0.013346534
-0.01488716
-0.01604167
-0.016426603
-0.017968006
-0.019254573
-0.021690392
-0.026388066
-0.031072062
-0.032544066
-0.033606025
-0.034119777
-0.033618302
-0.031004482
-0.028687019
-0.026949027
-0.024345551
-0.020885728
-0.013738434
-0.0087966604
-0.0051781588
-0.0025276591
-0.0019325599
-0.0030242946
-0.0022738903
-0.0019113176
-0.0016757635
-0.0015725536
-0.0009761576
-0.0016557312
-0.0017647357
-0.0021702212
-0.0037855014
-0.0049710792
-0.0045171968
-0.0038588197
-0.0023098092
0.00017573001
-0.0008848744
-0.0064478463
-0.0058629768
-0.0059361931
-0.0056038034
-0.0054502646
-0.0055435817
-0.0058447018
-0.0065560453
-0.0063527792
-0.0069649705
-0.0060694402
-0.0066700245
-0.0093338254
-0.010169078
-0.011706969
-0.013166084
-0.013235656
-0.013820019
-0.014269736
-0.011033406
-0.0098471366
-0.010525775
-0.010669641
-0.010394633
-0.008551732
-0.0084442752
-0.0074088828
-0.0071587356
-0.0071688527
-0.0065804217
-0.0071129225
-0.0074776774
-0.0073550876
-0.0072905908
-0.0073554668
-0.0078780403
-0.0079632556
-0.0074392007
-0.0076802661
-0.0063219151
-0.0058510944
-0.0051669042
-0.0045733528
-0.0039949613
-0.0041472974
-0.0036874582
-0.0037530917
-0.003771023
-0.0035681046
-0.0025863679
-0.0023635048
-0.0010982349
-0.0019606419
-0.0034678155
-0.0044429092
-0.002847358
-0.0043935718
-0.0063387338
-0.0078193634
-0.011021276
-0.011155351
-0.0080882079
-0.0070019854
-0.0079002088
-0.008249909
-0.009885421
-0.011699296
-0.011522394
-0.0098805581
-0.0099069129
-0.010029366
-0.0099043693
-0.0090716469
-0.0091422593
-0.0081983841
-0.0072282508
-0.0060537681
-0.0055965486
-0.0050360929
-0.0051174125
-0.0054156931
-0.0058758945
-0.0055170349
-0.0056767489
-0.0073173868
-0.0073410613
-0.0077492687
-0.0078237412
-0.008964211
-0.0092723687
-0.013930322
-0.015486669
-0.015089347
-0.01461979
-0.011769127
-0.014722108
-0.014083214
-0.012735518
-0.010926764
-0.01202959
-0.012820861
-0.012872107
-0.013538249
-0.015621018
-0.016474618
-0.017198515
-0.019527021
-0.018833669
-0.020320907
-0.019927558
-0.019605142
-0.024674286
-0.028715429
-0.034375548
-0.03568876
-0.039923205
-0.04309615
-0.04327077
-0.043133917
-0.042877364
-0.044033013
-0.038393623
-0.031719585
-0.02668996
-0.022023267
-0.017070963
-0.013672011
-0.01075067
-0.009897706
-0.0077460702
-0.007487708
-0.0066398022
-0.0058707824
-0.0058792613
-0.0054292757
-0.0073994667
-0.0080845137
-0.0086944051
-0.0097066054
-0.0096448369
-0.0068307038
-0.0090318096
-0.0030839328
-0.0070400219
-0.011288164
-0.004691634
0.00042382983
-0.00070746556
-0.0016813249
-0.0011273052
-0.0017788351
-0.0057714161
-0.0082309531
-0.0062561787
-0.0056844001
-0.0046966475
-0.005776699
-0.0053059683
-0.0061945191
-0.0096665902
-0.0098272188
-0.0096722067
-0.009858437
-0.0082455911
-0.0082875042
-0.0086952794
-0.0087578831
-0.0080212394
-0.0075882093
-0.0075047331
-0.0068271348
-0.0062245144
-0.0063985236
-0.0060069136
-0.0060553738
-0.0055275087
-0.0060235243
-0.0057424197
-0.00589231
-0.0056348149
-0.0063972818
-0.0067780044
-0.0061248134
-0.005304269
-0.0042193974
-0.0031756709
-0.002410509
-0.0021959995
-0.0021011982
-0.0017174598
-0.0020202614
-0.0019215461
-0.0023062362
-0.001650646
-0.0016831372
-0.002927662
-0.0065495741
-0.0078464568
-0.0074974542
-0.0060873532
-0.0088014373
-0.010995219
-0.011690587
-0.013261614
-0.011725102
-0.012059411
-0.011850898
-0.012407009
-0.012475625
-0.014597441
-0.016097707
-0.015926042
-0.015150719
-0.013194358
-0.012191072
-0.011041073
-0.010229453
-0.0081988893
-0.0078029758
-0.0066874401
-0.006184574
-0.0056531687
-0.0061142165
-0.0064924054
-0.0069532667
-0.007004553
-0.0070515783
-0.0067381626
-0.0072703354
-0.0073721444
-0.0076163779
-0.0083106058
-0.0096429233
-0.012115322
-0.015542655
-0.016994699
-0.017665451
-0.014280029
-0.012811934
-0.013456077
-0.012668959
-0.012713269
-0.011215703
-0.011094968
-0.011514385
-0.012048554
-0.013485772
-0.014876986
-0.015951095
-0.016538769
-0.015650121
-0.015560071
-0.014525222
-0.018609909
-0.022132022
-0.02402987
-0.027449493
-0.034088105
-0.042855184
-0.04742523
-0.055404896
-0.058406901
-0.057564815
-0.062365554
-0.061518081
-0.059021169
-0.053294241
-0.048007389
-0.041879646
-0.028907895
-0.028255003
-0.02635435
-0.023865313
-0.020414491
-0.020993166
-0.016186832
-0.015824724
-0.014308888
-0.015304779
-0.01544098
-0.013287659
-0.01311105
-0.015061743
-0.015178425
-0.01128248
-0.0063147871
0.0029617182
-0.00028275093
-0.0062604031
-0.0051445358
0.00018782163
-0.00067826826
0.0068227507
0.004484735
0.0045591938
0.0032709504
0.0010199031
0.0032545706
0.0022128291
0.0060719417
0.0053220865
0.0044658518
0.0035090044
0.0013691021
0.00097039133
0.00094204327
0.00068277188
8.2765627e-05
-5.8348689e-05
-0.0019483887
-0.0016697863
-0.0019107125
-0.0013882075
-0.001057986
-0.0018478754
-0.0021481126
-0.0017420439
-0.001440055
-0.0016493921
-0.0021015953
-0.001490103
-0.0018956678
-0.002300107
-0.0020788295
-0.0021810155
-0.0023173627
-0.0017373339
-0.00087353375
-0.00040748232
9.1869326e-05
-1.9314893e-05
9.1280042e-05
3.1982101e-05
-0.0003949758
-0.00055382045
-0.00074749499
-0.0011583583
-0.00099782123
-0.0019711271
-0.0039396718
-0.01176898
-0.0106129
-0.007366445
-0.0081524419
-0.01055688
-0.011419801
-0.01185873
-0.016489151
-0.013714054
-0.01499015
-0.015261332
-0.015959598
-0.015776544
-0.016233792
-0.01587741
-0.015783179
-0.015266934
-0.012748405
-0.010706454
-0.0062656713
-0.0046905507
-0.0049952838
-0.0053743612
-0.0045350651
-0.0050521998
-0.0053317445
-0.0057756247
-0.0056448157
-0.0063265845
-0.0065604227
-0.0067602095
-0.0067333456
-0.0074989902
-0.0080894495
-0.0097554642
-0.010374454
-0.012141896
-0.014912515
-0.019833177
-0.016137809
-0.015514783
-0.013832688
-0.014570489
-0.013765749
-0.014365689
-0.012884134
-0.0081023617
-0.0066902527
-0.008186802
-0.0099603631
-0.011934212
-0.012717554
-0.013966616
-0.016014772
-0.014582373
-0.011062254
-0.013179431
-0.020015208
-0.022082951
-0.024444243
-0.029564276
-0.038618305
-0.049288335
-0.057677208
-0.061637384
-0.0657586
-0.066689365
-0.067042853
-0.066347109
-0.060883747
-0.058514439
-0.058099566
-0.050272758
-0.038182678
-0.045306869
-0.045126409
-0.044536248
-0.038115168
-0.036284295
-0.030382933
-0.022282229
-0.025343033
-0.019682436
-0.022997586
-0.022274951
-0.018238311
-0.021423869
-0.008498238
-0.0038518062
-0.002188202
0.0012698973
0.0053379777
0.010115905
0.0073691831
0.014546575
0.013231471
0.016090653
0.013439385
0.012598349
0.010761611
0.010706857
0.013897455
0.013842075
0.013271592
0.01461984
0.012692678
0.011500278
0.010877496
0.0094691489
0.0071081306
0.0068387605
0.0045003917
0.0045203183
0.0037467128
0.0039323159
0.0045309847
0.0045307978
0.0034247486
0.003060707
0.0022766176
0.0022054466
0.0021489428
0.0022396588
0.0018301691
0.0018363421
0.0013008966
0.0016543692
0.0011195592
0.0010372012
0.00054220367
0.001743052
0.0015530439
0.001501377
0.0010328408
0.0010077028
0.0010118893
0.0012809252
0.00025738937
0.00046005096
-0.00060589399
-0.00095699361
-0.002513299
-0.0034477607
-0.0062487313
-0.013936591
-0.011558802
-0.0084207391
-0.0080835398
-0.0087840454
-0.013345357
-0.014825953
-0.016367205
-0.015495247
-0.014706976
-0.014146928
-0.014744945
-0.015697339
-0.014260114
-0.013583027
-0.0099251429
-0.0091974385
-0.0067147415
-0.0046613209
-0.003158016
-0.0030970075
-0.0032198299
-0.0045679484
-0.0045406035
-0.0042686833
-0.0053138656
-0.0057578233
-0.0058902678
-0.0060923382
-0.0056844616
-0.0058517606
-0.0061792416
-0.0083145049
-0.0088723045
-0.011584255
-0.011881063
-0.013764291
-0.018596501
-0.018486364
-0.017409446
-0.015109889
-0.012913086
-0.013716763
-0.014438668
-0.013170679
-0.013904357
-0.0061523108
-0.00096686378
-0.0051182431
-0.0084517867
-0.009866101
-0.010457795
-0.011565353
-0.016375076
-0.016895322
-0.014965941
-0.014711351
-0.019142384
-0.021958735
-0.027142537
-0.037108818
-0.047298667
-0.056005052
-0.062477781
-0.066672159
-0.069314477
-0.070172978
-0.06806253
-0.06513399
-0.060003073
-0.057036975
-0.057624151
-0.043748611
-0.045221086
-0.046543506
-0.050319484
-0.049185761
-0.045027691
-0.031697009
-0.029433746
-0.026963667
-0.024734633
-0.02174883
-0.02480108
-0.023123557
-0.01374085
-0.014590238
-0.0045422002
0.0024237066
0.0075608301
0.013136077
0.018341809
0.020361718
0.024624573
0.024862337
0.026041404
0.024709334
0.021584906
0.018216263
0.01779932
0.018626475
0.019808349
0.019389391
0.019658431
0.019010088
0.018791238
0.016068388
0.014350275
0.014246563
0.012745949
0.0091160788
0.0076749956
0.0063225054
0.0062351806
0.0049525297
0.0060719204
0.0062292069
0.0062608642
0.0048812649
0.0045391154
0.0044135881
0.0040582405
0.0029707493
0.0026719674
0.0028209113
0.0032666362
0.0032878124
0.0029391464
0.0028201298
0.0026791276
0.0016022554
0.0020574723
0.0016677099
0.0011407946
0.00098170629
0.00090999406
-8.8064789e-05
-0.00026954256
-0.00075163665
-0.0014444007
-0.0032777725
-0.0041084644
-0.0059941478
-0.0080623019
-0.015471341
-0.012899729
-0.0081399409
-0.0087877984
-0.0087110382
-0.012384776
-0.013866247
-0.015667612
-0.013301945
-0.010360991
-0.0094749136
-0.010874616
-0.012126385
-0.0067882894
-0.005842316
-0.0054551063
-0.0037899364
-0.0023172893
-0.0030934193
-0.002852279
-0.003840249
-0.003753413
-0.0046020899
-0.004894849
-0.0057820619
-0.0061803633
-0.0061793987
-0.0067022151
-0.0064056769
-0.0064515247
-0.0063839416
-0.0075887624
-0.0096615853
-0.013161933
-0.016063296
-0.01655661
-0.015712372
-0.017229061
-0.015605393
-0.012794294
-0.01308978
-0.011284417
-0.014098333
-0.016666136
-0.016218137
-0.012126024
-0.00022714292
-0.00091439866
-0.0056819241
-0.0083258083
-0.010733571
-0.011557081
-0.012653725
-0.016605672
-0.020514172
-0.021796535
-0.021746913
-0.025127888
-0.031069949
-0.03654675
-0.045052102
-0.048038555
-0.052815848
-0.05705018
-0.061231865
-0.062718574
-0.061745554
-0.058408246
-0.051909849
-0.047469305
-0.047345451
-0.046249427
-0.040399476
-0.036541586
-0.032873846
-0.034018965
-0.034211774
-0.035008598
-0.019127878
-0.014391113
-0.011659148
-0.0080734345
-0.0067374386
-0.014496821
-0.0063254877
0.0010703288
0.0067932147
0.011084919
0.01762253
0.023006532
0.02655925
0.032058106
0.035693435
0.035412559
0.035045357
0.031719955
0.030099194
0.028769881
0.026122208
0.024962218
0.024656711
0.025828402
0.024899496
0.026292244
0.02404074
0.024608074
0.022946335
0.023841063
0.021236218
0.01805186
0.016497207
0.012626916
0.0088894055
0.010079815
0.0094235177
0.0082767649
0.0083845178
0.0092272194
0.0088057337
0.0084992252
0.0072579301
0.0069862559
0.0057324304
0.0049998774
0.0060291281
0.0054849651
0.0077548832
0.0062744202
0.0056424738
0.0051717119
0.0042529477
0.00357493
0.0030593895
0.0032300571
0.0020564531
0.0018590343
0.00079631869
-0.0010613552
-0.0014102764
-0.001845513
-0.003598805
-0.0041472948
-0.006179577
-0.011722177
-0.017417495
-0.014372852
-0.012674477
-0.010128737
-0.0080002419
-0.009800496
-0.012208119
-0.011581313
-0.011804846
-0.0061790911
-0.0072549599
-0.0050932662
-0.0031070939
-0.0020631101
-0.0017768843
-0.00068125341
-0.0026077162
-0.0038537287
-0.0050561
-0.0057100755
-0.0070898943
-0.0064577449
-0.0065116345
-0.0082293682
-0.0087890419
-0.0073820385
-0.0069307098
-0.0059295345
-0.0070632559
-0.0080930927
-0.0085147933
-0.0077187874
-0.012322649
-0.016101872
-0.019893219
-0.013127086
-0.014099955
-0.016608248
-0.015599681
-0.012904565
-0.015487413
-0.015945534
-0.015309727
-0.017009681
-0.019405871
-0.010496113
-0.0036207805
-0.0034926767
-0.0045437828
-0.0083579449
-0.010813656
-0.012549811
-0.015568969
-0.019363542
-0.025167005
-0.031389243
-0.034777746
-0.037513551
-0.040319438
-0.04430856
-0.048276046
-0.047579468
-0.047488608
-0.04483907
-0.044290593
-0.045727927
-0.048625013
-0.043389337
-0.032668653
-0.023445877
-0.031107612
-0.03264929
-0.023773603
-0.017739262
-0.012804902
-0.012240101
-0.0088910076
-0.0048740998
0.00094712558
0.0085096901
0.013596953
0.012861231
0.016112621
0.015988368
0.019682029
0.027266957
0.033431094
0.035226591
0.039304009
0.041529326
0.041822752
0.040866636
0.043724929
0.0413736
0.037694594
0.036714933
0.038732746
0.035177199
0.032650596
0.033638075
0.032511005
0.033060147
0.034690324
0.033581054
0.03396819
0.033951071
0.034023496
0.034346896
0.030855463
0.028439122
0.025533595
0.022151726
0.017051036
0.015315772
0.017321157
0.015375336
0.013263534
0.012330518
0.010990994
0.010844425
0.01144853
0.0099848687
0.01068928
0.0085689142
0.0074091393
0.0086936853
0.0097888714
0.0093298757
0.0080349268
0.0052278905
0.0060185544
0.0053165671
0.0042908779
0.0035326322
0.0039034232
0.0030202255
0.0022896541
0.001164384
0.001016397
-0.0017168044
-0.0047393127
-0.0069702915
-0.010912956
-0.011060674
-0.0088921423
0.0021408587
-0.0098900184
-0.0094724215
-0.0040327543
-0.0088887188
-0.0097721209
-0.0093515624
-0.0088328647
-0.0061167685
-0.0053561386
-0.0032790336
0.0021719864
0.0018635938
-0.00080650882
-0.0020292249
-0.0030530503
-0.007433068
-0.0074216194
-0.0086416715
-0.010829019
-0.012377169
-0.0098523935
-0.012461956
-0.012185274
-0.01319984
-0.012707811
-0.012303238
-0.012741667
-0.012431462
-0.012794148
-0.012711249
-0.012371389
-0.011911111
-0.012846932
-0.012128234
-0.013795703
-0.011560323
-0.0088384083
-0.012210481
-0.013515554
-0.014023794
-0.015473081
-0.014092302
-0.016609421
-0.0096152896
-0.01087801
-0.0079347036
-0.0051482734
-0.0082051206
-0.011465919
-0.013252004
-0.017101624
-0.021948747
-0.027101337
-0.033774002
-0.039592011
-0.043794103
-0.045877403
-0.048887564
-0.048064191
-0.043265423
-0.035453857
-0.026745042
-0.033297014
-0.032286386
-0.032840623
-0.028230767
-0.019086603
-0.008017853
-0.0052063376
-0.0091771492
-0.00080836442
0.013606924
0.022456548
0.026434316
0.030540034
0.031392904
0.038167438
0.042579198
0.042726982
0.032467349
0.036305198
0.048098145
0.05253381
0.055746698
0.059432229
0.059853015
0.061092147
0.060544259
0.058451291
0.056726712
0.053179688
0.048060922
0.044347403
0.042993965
0.042928495
0.04157464
0.039044899
0.039403305
0.039745726
0.03848725
0.038188566
0.04106172
0.042977737
0.038902853
0.039843159
0.039512988
0.036552248
0.034108017
0.034454968
0.03079387
0.027256675
0.026837128
0.027271536
0.02631487
0.021500871
0.021863726
0.021371204
0.020539125
0.023173928
0.022925309
0.021778618
0.019707714
0.015596225
0.015763507
0.018447865
0.016627914
0.016234963
0.014541609
0.01549932
0.01521332
0.014820839
0.010614711
0.0098395322
0.011508557
0.013085627
0.013248532
0.012182089
0.0119339
0.0078899138
-0.0028152117
-0.0093509598
-0.0079302362
0.00098889453
0.0063172751
-0.0030955033
-0.0065819895
-0.0037905846
-0.002726873
-0.0048981141
-0.0047110512
-0.0034348898
-0.0010755436
0.00079299988
0.0040489603
0.0059372357
0.0067973949
0.0038555602
0.00084273599
0.0013207706
-0.0040975736
-0.0038104459
-0.006339268
-0.0073764703
-0.008757897
-0.009869242
-0.0097371965
-0.012353616
-0.012504795
-0.010997892
-0.011404943
-0.01157302
-0.013370257
-0.014256444
-0.013248109
-0.0081194946
-0.0098176265
-0.0081473278
-0.0081662303
-0.010357827
-0.0097143498
-0.010040489
-0.011253327
-0.0091195287
-0.011222799
-0.013688105
-0.012855207
-0.012016618
-0.01427274
-0.017075899
-0.014593294
-0.011239544
-0.010182078
-0.010825327
-0.0099420555
-0.012977091
-0.015948084
-0.022363875
-0.026932996
-0.032358633
-0.039591086
-0.045391443
-0.047961753
-0.045413858
-0.032878351
-0.017135331
-0.018586626
-0.021467197
-0.015863603
-0.0067916844
0.0011590395
0.013254424
0.023224668
0.031887779
0.028527709
0.02952507
0.040805209
0.038733675
0.045324999
0.054659522
0.065361586
0.072554779
0.068402997
0.063005954
0.055078986
0.061030747
0.078196448
0.078153197
0.074472692
0.074285969
0.072799212
0.068517041
0.063716791
0.061210087
0.058760134
0.053708735
0.050973339
0.048573593
0.04405204
0.041076524
0.036564504
0.033727012
0.035391997
0.033285394
0.033432619
0.034540817
0.035745931
0.034706363
0.033838268
0.033748263
0.03355764
0.032303769
0.033371482
0.034015971
0.032034842
0.031603909
0.029730964
0.029800182
0.028219273
0.030488165
0.034535376
0.03274882
0.037866555
0.03742425
0.036168863
0.038592594
0.038481634
0.03429948
0.032097908
0.032939313
0.034636051
0.032486881
0.026949443
0.022124651
0.020732688
0.017595689
0.010619695
0.0097386345
0.0067737263
0.0034483767
0.00063696307
-0.0059765553
-0.010006999
-0.0091227427
-0.011748509
-0.010721081
0.0071154727
0.01204881
0.002829584
-0.0068714041
-0.0064775628
-0.0051680896
-0.0068022719
-0.0031011122
-0.00013734858
0.0020455011
0.0014860615
0.0020801832
0.0019298719
0.0050820634
0.0052253558
0.005425273
0.0033105655
0.002757695
0.0019604255
-0.0023619354
-0.0031971909
-0.0013263313
-0.0038784924
-0.0064486419
-0.0085230869
-0.010001715
-0.010183451
-0.0077971643
-0.00613123
-0.0072647195
-0.011910211
-0.012421721
-0.01119838
-0.0087275767
-0.0073707835
-0.0070009893
-0.0091201591
-0.0098912957
-0.0095576365
-0.010524285
-0.0067586446
-0.0068589287
-0.0086808368
-0.010475814
-0.013175317
-0.015493463
-0.016712864
-0.019493147
-0.013507326
-0.012857037
-0.0087557769
-0.0044670986
-0.0053184514
-0.0074092555
-0.010372556
-0.015569357
-0.018295934
-0.021921382
-0.02610307
-0.030591064
-0.034062966
-0.032077696
-0.010773263
0.0032209858
-0.0035934849
0.010769218
0.019723391
0.027318189
0.035803071
0.043792126
0.048358561
0.055723457
0.050955314
0.035012422
0.032863109
0.03740993
0.04097639
0.056438316
0.069789969
0.0792082
0.0838173
0.071130924
0.057334879
0.069219095
0.079672336
0.07856952
0.072610738
0.066938491
0.063050303
0.060357429
0.053547934
0.048360332
0.04631898
0.039829505
0.037541558
0.034224639
0.032695627
0.029729239
0.028046829
0.026299106
0.026338621
0.022156477
0.021502594
0.023343415
0.025330309
0.025110494
0.024937181
0.026622506
0.026093863
0.02495148
0.025333837
0.024344217
0.022916236
0.021826961
0.021626372
0.023583514
0.025734231
0.026552808
0.031254382
0.033903329
0.034690954
0.039173042
0.039459251
0.043026557
0.041366506
0.043091758
0.042425733
0.043638886
0.044329146
0.04104102
0.036309559
0.030473992
0.020901635
0.011579592
-0.00050001353
-0.0054499477
-0.0062806351
-0.007911284
-0.014234596
-0.017012811
-0.019368456
-0.023982959
-0.025874843
-0.0034965978
0.0060048303
-0.0013838742
-0.0080150208
-0.0151845
-0.015262027
-0.012504609
-0.008071427
-0.0050835796
-0.0012594175
0.00088480635
0.0016034366
0.00051642597
-0.0020629901
-0.0030925992
-0.0015371881
-0.00049853921
-0.00071429837
-0.0014320212
0.00085030001
-0.00065074923
-0.0020301222
-0.0026426151
-0.0049303558
-0.0079377601
-0.007664465
-0.0088307189
-0.006258045
-0.0046939314
-0.003354068
-0.0053072621
-0.0068450988
-0.0095596127
-0.0063350839
-0.0063794813
-0.0061878665
-0.0076499219
-0.0069857448
-0.0091583577
-0.0099402279
-0.0097084739
-0.0085349211
-0.0089728993
-0.010583956
-0.011804775
-0.012936726
-0.016972079
-0.016066241
-0.01580823
-0.010414718
-0.0080833047
-0.0085428317
-0.0066097765
-0.0050210476
-0.0040679657
-0.0048981456
-0.0068560067
-0.0092065094
-0.011681208
-0.014547692
-0.016313745
-0.015735008
-0.012411399
0.0074840914
0.014598658
0.019122529
0.036029495
0.047018827
0.05557125
0.060718199
0.061079852
0.057824185
0.058512248
0.043289303
0.029466283
0.034382455
0.041125185
0.047511382
0.057552093
0.061706935
0.065079856
0.067630339
0.057413347
0.052972387
0.063113551
0.064546396
0.0608192
0.052016649
0.049734115
0.044266348
0.036171148
0.029089104
0.028350453
0.027270669
0.023710567
0.023708239
0.021765112
0.016737935
0.017820425
0.01654839
0.01945395
0.017141123
0.015564964
0.015292515
0.015641413
0.015496691
0.014830727
0.01534822
0.015873091
0.020356421
0.01991983
0.019957347
0.020137241
0.021956583
0.019096094
0.02159157
0.022942563
0.023878442
0.024003812
0.025262137
0.02634462
0.028637302
0.030874262
0.032399828
0.032227347
0.032354528
0.031955815
0.032320005
0.033972189
0.035429829
0.035536986
0.029068627
0.022491599
0.013505027
0.0025569013
-0.0091840101
-0.015447304
-0.01891696
-0.020180903
-0.029260597
-0.032200245
-0.028873499
-0.022407064
-0.015642436
-0.0031093973
-0.0043843538
-0.010035548
-0.012604831
-0.015741652
-0.014855175
-0.015786566
-0.011161125
-0.0078928785
-0.0042533059
-0.0010828598
-0.0012783173
-0.0022036834
-0.0028719206
-0.0044501127
-0.0039701833
-0.0031347571
-0.0018510442
-0.00081694434
-0.00037732975
0.00077401899
3.0336803e-05
-0.0039605547
-0.0055764494
-0.0081464077
-0.0079607724
-0.0094199072
-0.0090026351
-0.0072919955
-0.0024548473
-0.0037111466
-0.0057978056
-0.0061984076
-0.0075773523
-0.0049447841
-0.0038937494
-0.0029892034
-0.0026219464
-0.0046130256
-0.0036749436
-0.0052369584
-0.00608221
-0.0052577074
-0.0075113532
-0.0075701704
-0.0097187502
-0.011243772
-0.011860175
-0.0098355173
-0.0084114667
-0.0066845488
-0.0047212474
-0.0042875328
-0.0050992994
-0.0042287805
-0.001605241
-0.0018499829
-0.002442501
-0.0036314979
-0.0028778071
-0.00075626726
0.00099198614
0.0064817898
0.016340897
0.019996943
0.028656493
0.039338476
0.051682945
0.058975814
0.059068901
0.054862546
0.045929632
0.033862624
0.024072458
0.021175586
0.032406805
0.036735712
0.040016328
0.045554271
0.044980084
0.045503406
0.043243691
0.03704154
0.034903858
0.039087597
0.036192522
0.034558364
0.027820392
0.022519093
0.019344756
0.014516359
0.0097250834
0.0074941382
0.0093762123
0.0067750985
0.0069846246
0.0049683958
0.0041543194
0.0062979554
0.0079264257
0.010408683
0.011315659
0.0110237
0.0094435705
0.010673542
0.010841895
0.0070096254
0.0067177205
0.0078591103
0.011926136
0.013421827
0.013666538
0.013872219
0.01461645
0.016975339
0.017304925
0.018260959
0.019576447
0.019006799
0.018671498
0.018959902
0.02065113
0.022356103
0.02206069
0.021691101
0.021393385
0.021618215
0.020766984
0.021489148
0.018442411
0.01439076
0.0099489499
0.0048603439
-0.0018494365
-0.011300962
-0.020935567
-0.028894808
-0.031728541
-0.025986224
-0.022542518
-0.020846998
-0.021162111
-0.013546993
-0.0049381459
-0.010057652
-0.011902388
-0.013860949
-0.017866195
-0.017534342
-0.017808891
-0.014585396
-0.012259876
-0.0095853189
-0.0068417575
-0.0028604144
0.0011266093
0.001985947
-0.00065837175
-0.0031952811
-0.0034897363
-0.0026544343
-0.0022757701
-0.002008397
-0.0027701326
-0.0018897985
-0.0028947406
-0.0035336624
-0.0042049846
-0.0049076275
-0.0070014997
-0.0066518181
-0.0072455976
-0.007160386
-0.0031791002
-0.0035934343
-0.0053683757
-0.0064321881
-0.00545279
-0.0027133097
-0.0024443266
-0.0027028507
-0.0011825054
-0.0013783134
-0.0020364918
-0.0018888835
-0.0018109337
-0.0034108705
-0.0035197949
-0.0051038392
-0.0045182435
-0.0057629037
-0.0075034842
-0.0081349397
-0.0076477424
-0.0049383142
-0.0062358919
-0.0041374755
-0.0046429921
-0.0054569893
-0.0032468625
-0.0020665486
0.0005106795
0.00049080505
0.0024448295
0.008827787
0.015181954
0.021627057
0.022941139
0.024158363
0.033878464
0.039195864
0.036465476
0.045389789
0.039965918
0.032688749
0.022883159
0.012391735
0.011478989
0.013562734
0.018643709
0.022371086
0.028960253
0.026842203
0.025992701
0.023056278
0.023795935
0.020220448
0.01637609
0.013824203
0.011507313
0.013423497
0.011800346
0.0084806579
0.0050822089
0.0018402389
0.0010084247
-0.001579906
-0.0038341891
-0.0042571272
0.00034402869
-0.0016743166
-0.0013427442
8.1905929e-05
0.0023271126
0.0043123456
0.0046453866
0.0065287943
0.0054624706
0.0059138197
0.0040179196
0.0031610132
0.0014826642
0.0029968279
0.0054374801
0.0071164205
0.0077455332
0.0073993661
0.0077200371
0.0092654038
0.011648395
0.013825492
0.013713435
0.011418818
0.011060453
0.011711324
0.011872621
0.012775946
0.013324371
0.012295045
0.0126634
0.013497375
0.012924285
0.011340978
0.0092810493
0.0054343755
0.0012728239
-0.004981497
-0.013489948
-0.019444985
-0.028451406
-0.023330746
-0.015514809
-0.012580648
-0.011111506
-0.012074143
-0.015109225
-0.010360837
-0.0086054625
-0.01174998
-0.01280068
-0.015249416
-0.016603071
-0.015537856
-0.013668678
-0.01138859
-0.010420103
-0.0093769528
-0.0081770678
-0.00517342
-0.0024276639
-0.0025584933
-0.0022498079
-0.0038695197
-0.0055291401
-0.0066267274
-0.0041406414
-0.0043621091
-0.0039749387
-0.0038930494
-0.0033603069
-0.0034704279
-0.0034522055
-0.002770411
-0.003742852
-0.0038184459
-0.0051837886
-0.0063868526
-0.0034511026
-0.0046411194
-0.0043995881
-0.0055272654
-0.0069441965
