0.00057330869
0.00070650338
0.00053633861
0.00031345074
-0.00077975262
0.00010190657
-2.1621983e-05
0.001056523
0.00098890488
-0.00068978512
-0.0030325912
-0.0047077308
-0.0045026931
-0.0049492608
-0.0045232724
-0.0034686367
-0.0018869407
-0.0024774989
-0.0031158267
-0.0025730832
-0.0025716322
-0.0040833691
-0.0042777358
-0.0043208431
-0.0035683529
-0.0033399831
-0.004148606
-0.0048938964
-0.0045305049
-0.0039659345
-0.0036930694
-0.0029451181
-0.0036891637
-0.0036902777
-0.0037926967
-0.0041388832
-0.0038998091
-0.0042229089
-0.0033127788
-0.0033980581
-0.0020860959
-0.001009356
-0.000618976
-0.00013009623
-0.00055299204
-0.0015260371
-0.0028495027
-0.0037954622
-0.0034073466
-0.0039138305
-0.0027253179
-0.0026779756
-0.0015628662
-0.0026516526
-0.0033928742
-0.0051757487
-0.0049643801
-0.0066833186
-0.0090165855
-0.0094129255
-0.0087883184
-0.0064941253
-0.0061178255
-0.0062384317
-0.0066172695
-0.0070045002
-0.007386152
-0.0068478907
-0.0049007039
-0.0028973884
-0.00065834667
0.00058701476
0.0035830782
0.0039437706
0.0031849015
0.002829767
0.0022289558
0.0019545155
0.0027581217
0.0025077921
0.0032750606
0.0042851767
0.0044676877
0.0048035735
0.0027470021
0.0042764965
0.0046219838
0.0065240327
0.0072197708
0.0071825157
0.0070781798
0.0054860549
0.0045540033
0.004862479
0.0046498615
0.0039285457
0.003029458
0.0028413799
0.0036999625
0.0044295408
0.0042946995
0.0047752306
0.0049693702
0.004620765
0.0052008297
0.0045714968
0.0040657595
0.0042016456
0.0043839145
0.0048924544
0.0054353404
0.0051574311
0.0057210428
0.0059395575
0.0063222917
0.0080212199
0.011155588
0.011198375
0.01422762
0.013405189
0.012638094
0.012071374
0.010329816
0.0098585329
0.0070151497
0.0070761783
0.0060689508
0.0045333224
0.0019024648
0.00032404057
-0.00041411896
0.0020020381
0.0013320603
0.00081112819
0.00023740514
0.00050828608
-0.00022463056
0.0004141019
0.0021004251
0.0015274782
0.00050845052
0.00080054154
0.0010703274
0.0015374096
-3.8258511e-05
-0.00025767143
-0.00095081471
-0.001573414
-0.0016910979
-0.00061459452
-0.00049284263
-0.00082432521
-0.0022691871
-0.0028231128
-0.0029200827
-0.0039397774
-0.0042261883
-0.004669176
-0.0054341653
-0.0034792805
-0.0025472553
-0.0025649946
-0.0017729545
-0.002022098
-0.0026691878
-0.0032371783
-0.0034549248
-0.0040056904
-0.0039298534
-0.0047488178
-0.0050391887
-0.005303967
-0.0046012157
-0.0044748809
-0.0045572398
-0.0045755543
-0.0045458547
-0.0047708386
-0.0046308605
-0.0044300745
-0.004484337
-0.0039847194
-0.0028901491
-0.00059291067
-0.00023816136
0.00042777974
0.0018475076
0.0025163248
0.0022262178
0.0013777388
-0.0001404341
0.00016665695
-0.00029098204
-0.0013465079
-0.00084924322
-5.40278e-05
0.00061960297
0.00035765452
-0.00062559443
-0.0017284057
-0.0017325781
-0.0036244419
-0.005298508
-0.00493003
-0.0041515448
-0.0036007662
-0.0039399306
-0.0048386726
-0.0055870079
-0.0048661219
-0.0040642248
-0.0031702842
-0.0019456702
0.00051126282
0.0015077014
0.0032688141
0.0037230062
0.0015203471
0.0019310509
0.0024496188
0.0018256974
0.00088491512
0.0012942061
0.0031641257
0.0031995388
0.0040108665
0.0034886792
0.0026658092
0.0031151842
0.0035191214
0.0056038687
0.0053724784
0.0054700689
0.0060220629
0.0055591138
0.0036469274
0.0032376705
0.0022148137
0.0024823724
0.0022622272
0.0020364942
0.0026153839
0.0026800257
0.0027349191
0.002586412
0.0026231922
0.002738444
0.0028379919
0.0023784661
0.0019962651
0.0023061653
0.0024612782
0.0029839092
0.0036374004
0.0038501008
0.0042635181
0.005305576
0.0057200101
0.0064872299
0.0098422227
0.012326624
0.01585963
0.015343818
0.01112369
0.0092799127
0.0079439881
0.0061965871
0.0048834988
0.0043177906
0.0054100566
0.0038516584
0.0020980088
0.0015393654
-0.00022958639
0.00027378387
0.00095871631
0.00021872445
0.00022517233
-0.00033267184
-0.0009717083
-0.00065610561
1.9783585e-05
0.00039530079
0.00069971661
0.0014964565
0.001167079
0.0013765015
0.00087507959
-0.0014664017
-0.0024765525
-0.0024732761
-0.0029558446
-0.0023427691
-0.0028846164
-0.0019904171
-0.0024422468
-0.0041819628
-0.0047998048
-0.0052714346
-0.0043828441
-0.0044980807
-0.0045017391
-0.0045302555
-0.0044847687
-0.0042605536
-0.0036190667
-0.0023605005
-0.0035563503
-0.0038867701
-0.0041836844
-0.0041784704
-0.0050980549
-0.0051702471
-0.0054021842
-0.0071744184
-0.0083791337
-0.0090188076
-0.0091647351
-0.0096397258
-0.01011258
-0.01000447
-0.01086766
-0.010555598
-0.010029618
-0.009190989
-0.008020416
-0.005693154
-0.0032254054
-0.00073758415
0.00095997057
0.002298871
0.0040735124
0.0049388681
0.0032678942
0.002403785
0.0012522837
-1.8525404e-06
-0.00050155856
0.0005473175
0.0015828582
0.0021240113
0.0018191777
-0.00020751508
-0.00077188595
-0.00051477281
-0.0010678723
-0.0006262631
-0.00064385811
-0.0013072567
-0.0027627964
-0.0030270201
-0.004549148
-0.0047710441
-0.0031367392
-0.0018622275
-0.00079040254
-0.00043016838
-0.00041156692
-0.00041389863
-0.00066482299
-0.0012878848
0.00011873234
-0.00034214598
-0.0017018428
-0.0018957727
-0.0030521063
-0.0032497543
-0.0010248492
0.00043792421
0.00084652612
-0.00026328424
-0.0018696392
0.00042499052
0.0016992575
0.0024477153
0.002605313
0.0022292918
0.0028022836
0.0026601623
0.0017736706
0.00025544789
-0.0010695665
-0.00090087042
8.5345667e-05
-1.4532327e-05
-0.00036333611
-0.00099646089
-0.0012902181
-0.00016973441
0.00020071458
0.0002749792
0.00016210008
-5.6619512e-05
0.00044728173
0.00032603307
7.3897349e-05
0.0004449046
0.00083350709
0.001742752
0.0024366157
0.0024098061
0.0040463708
0.0045427856
0.0099008824
0.013011379
0.0099120713
0.0063662596
0.0048577623
0.0033364318
0.0032887368
0.0023642382
0.0044108125
0.0031266622
0.00043716245
0.00049243044
-0.00028301973
0.00020172985
-0.0011521961
-0.0019739233
-0.0015432164
-0.0018259359
-0.0015409935
-0.0022052152
-0.001894922
-0.0020067429
-0.00084117529
-0.00062891644
-0.00037130031
-0.00020447447
-9.1671964e-05
-0.00091045235
-0.0012285802
-0.0034735242
-0.0038644965
-0.0042330164
-0.0047291737
-0.0053786553
-0.0049701406
-0.0040368367
-0.0052906039
-0.0071063796
-0.0086314261
-0.0093312389
-0.0086755884
-0.0081749637
-0.0074961606
-0.0063811506
-0.0061687338
-0.0072696441
-0.0069048058
-0.007642957
-0.0074840181
-0.0072438714
-0.0081977582
-0.0087395189
-0.0093849578
-0.0096783311
-0.01040654
-0.011641653
-0.015508883
-0.016208954
-0.01806111
-0.019115103
-0.020026466
-0.020665703
-0.02102063
-0.020966432
-0.020225838
-0.015597738
-0.015046886
-0.012077907
-0.0059193718
-0.0025702636
0.0016201396
0.0022077511
0.0034434365
0.0023464402
0.0024996111
0.0015943369
0.00041507679
-0.00079785363
-0.00040066778
-0.0005995003
-0.00016743717
0.00088583601
0.00060781166
-0.0012233059
-0.001550907
-0.00053379383
0.00015061164
0.00010175631
8.8064325e-05
-0.0019183008
-0.0023877331
-0.0029235321
-0.0053342129
-0.0075743396
-0.005160128
-0.0029992071
-0.0048499726
-0.0046519665
-0.0047472063
-0.004024202
-0.002842846
-0.0052288609
-0.0062221805
-0.0079269936
-0.0089932247
-0.011613188
-0.010727108
-0.0096002967
-0.0073885237
-0.0061623023
-0.0057758918
-0.0067951346
-0.0061626512
-0.0029162568
-0.0017058192
-0.0018412001
-0.0025749605
-0.0021315748
-0.0018306267
-0.0020793385
-0.00346789
-0.004246807
-0.0039046885
-0.0041861754
-0.0051655277
-0.0054468633
-0.0053319074
-0.0048744989
-0.0046985724
-0.0038265803
-0.0033724689
-0.0027790783
-0.0022092439
-0.0024867949
-0.0024330153
-0.0025527375
-0.0023685204
-0.0020115259
-0.0014149251
-0.00096634822
-0.00053173743
0.00047277921
-0.00010725487
0.0030895086
0.0030463401
0.0010448238
-0.00035432132
-0.00025381093
-0.003335955
-0.0044341695
-0.0027923835
-0.00025886133
-0.00093825416
-0.0011297096
-0.0032062672
-0.0060586599
-0.0057521659
-0.0047752295
-0.004947323
-0.0060528234
-0.0059269477
-0.0058392398
-0.005664327
-0.0058346882
-0.0045593435
-0.0040277969
-0.0034988126
-0.0028127175
-0.0029199697
-0.0026756838
-0.0026141528
-0.0028127656
-0.0031947543
-0.0059440018
-0.0061109531
-0.0062708579
-0.0069083247
-0.0073681257
-0.0074976465
-0.0085823021
-0.010681254
-0.012021193
-0.01352698
-0.011833017
-0.012632861
-0.013116087
-0.011813708
-0.0084979292
-0.0094093676
-0.010817163
-0.012346041
-0.011443101
-0.011666385
-0.012440996
-0.013361038
-0.014921328
-0.015962674
-0.016141483
-0.017737908
-0.019076721
-0.02127692
-0.025931256
-0.030158401
-0.031680392
-0.032817991
-0.033708674
-0.033422714
-0.031054918
-0.028820911
-0.026616542
-0.024010292
-0.02051271
-0.013169757
-0.0084200125
-0.0048324133
-0.0022325452
-0.0016422824
-0.0025727341
-0.0018122498
-0.0015669581
-0.001500629
-0.0013603236
-0.0010214626
-0.0018608504
-0.002037082
-0.0024171599
-0.0039650482
-0.0049283116
-0.0044374085
-0.0035818349
-0.0014912738
0.00092063245
-0.00025763669
-0.0058356252
-0.005565212
-0.0061747194
-0.0059748116
-0.0060977968
-0.0062537123
-0.0065975495
-0.0075145711
-0.0072870364
-0.0078353333
-0.0065395095
-0.0072970392
-0.010034025
-0.010918864
-0.012500967
-0.013788985
-0.013847807
-0.014043154
-0.014294592
-0.011092165
-0.0098646592
-0.010502731
-0.010620975
-0.010497125
-0.0086049553
-0.0083974267
-0.00717977
-0.0070273221
-0.0070365276
-0.0065638637
-0.0071361136
-0.0074881695
-0.0072753476
-0.0072338992
-0.0072773758
-0.0078195611
-0.0079037446
-0.0074690577
-0.0076284679
-0.0062552778
-0.0058286856
-0.0051693714
-0.004571703
-0.0040105774
-0.0041824644
-0.0036902444
-0.0037020463
-0.0036916298
-0.0035213121
-0.0025558068
-0.0023521517
-0.00115487
-0.0019803596
-0.0034207829
-0.0043631163
-0.0027736851
-0.0042036018
-0.0061158928
-0.0078641483
-0.010838436
-0.010878955
-0.0079885802
-0.0069698705
-0.0079256326
-0.0084394494
-0.010430096
-0.011947698
-0.011528734
-0.0096195462
-0.0097076076
-0.0099651222
-0.0098809769
-0.0089398567
-0.0089514195
-0.0079464389
-0.0070107036
-0.0058523523
-0.0053959974
-0.004840419
-0.0049611759
-0.0053132851
-0.0057961475
-0.0054880121
-0.005640792
-0.0073686344
-0.0073836196
-0.0077700869
-0.0079102325
-0.0092248211
-0.0096822244
-0.014571339
-0.015935311
-0.015524959
-0.015075516
-0.012143928
-0.014940356
-0.013951764
-0.012531598
-0.010868796
-0.012040267
-0.013128494
-0.013397934
-0.014154173
-0.016369665
-0.017056997
-0.017664552
-0.019758706
-0.018751732
-0.020299074
-0.019872383
-0.019786365
-0.024831259
-0.028588527
-0.033951638
-0.034972326
-0.039004175
-0.042327779
-0.043149274
-0.042919324
-0.042784964
-0.043750788
-0.038042608
-0.031423516
-0.026220548
-0.021771789
-0.017110635
-0.013614247
-0.010276633
-0.0093537153
-0.0069373323
-0.0068760341
-0.0063764423
-0.0055609423
-0.0058301225
-0.0052115707
-0.0071295661
-0.0077700196
-0.0084272683
-0.0094643489
-0.0090975201
-0.006234687
-0.0082510854
-0.0022736172
-0.0066979058
-0.01072152
-0.0043766984
0.00046254758
-0.00079165001
-0.0018179036
-0.0012775617
-0.0019679504
-0.0059968236
-0.0083488009
-0.0064432303
-0.0059738053
-0.0051334593
-0.0061927737
-0.0055846904
-0.00651531
-0.0097917712
-0.0098334932
-0.0094054811
-0.009671376
-0.0082078776
-0.0084137287
-0.0088321113
-0.0088263286
-0.0081017567
-0.0076707966
-0.0074583825
-0.0066763337
-0.0060987325
-0.0063859815
-0.0059440829
-0.0059748432
-0.0054133252
-0.005937059
-0.005654147
-0.0057715232
-0.0056095455
-0.0064621608
-0.0068716548
-0.0061307935
-0.0053226099
-0.0041588672
-0.0031564231
-0.002446227
-0.0022534638
-0.0021755003
-0.0017681686
-0.002122425
-0.0019912054
-0.0023520855
-0.0017691209
-0.0018725607
-0.0031833494
-0.0068873026
-0.0079790729
-0.0073661971
-0.0060171855
-0.0088131288
-0.010765931
-0.011792626
-0.013273571
-0.011810754
-0.012343908
-0.012120193
-0.012612033
-0.012687716
-0.014980398
-0.01620455
-0.01584005
-0.014853174
-0.012944486
-0.012144184
-0.011012911
-0.01019012
-0.0081113938
-0.0076151033
-0.0064192303
-0.0060043094
-0.0054992397
-0.0059629154
-0.0063981457
-0.0069230668
-0.0070177141
-0.0070494481
-0.0067767943
-0.0073725775
-0.0075928078
-0.0077772771
-0.0086942156
-0.010151976
-0.0128146
-0.016386689
-0.017827627
-0.01811283
-0.014635528
-0.013413268
-0.013852466
-0.012788903
-0.012609162
-0.011239362
-0.011022377
-0.011898191
-0.012760194
-0.014413013
-0.01578996
-0.016828097
-0.017149269
-0.016124733
-0.015752778
-0.014901925
-0.019111682
-0.022803373
-0.024410265
-0.027601629
-0.033973189
-0.04255173
-0.047065872
-0.055076325
-0.057994303
-0.057256442
-0.061931605
-0.061141829
-0.058341087
-0.052575465
-0.047638725
-0.041444547
-0.02852107
-0.027972343
-0.025661809
-0.023083255
-0.019772352
-0.020282021
-0.015373378
-0.015210282
-0.013540537
-0.014471304
-0.01443627
-0.012596898
-0.012254301
-0.013927417
-0.014080386
-0.0103537
-0.0048301444
0.0041916883
0.00036821895
-0.0054623031
-0.0045428192
0.00096095066
0.00012451357
0.0073985883
0.0048027577
0.0049081218
0.0035622159
0.0013720169
0.0035854733
0.0024371335
0.0061818051
0.0054779156
0.0043975341
0.0035211074
0.0013005313
0.00097513857
0.00097652385
0.00074073134
-3.4053841e-05
-0.00034353394
-0.0022301663
-0.0019572271
-0.002182133
-0.0015208466
-0.0011026672
-0.0019719811
-0.0023004532
-0.001854222
-0.0015154929
-0.0016467746
-0.0020546148
-0.0014535037
-0.0019025876
-0.002287598
-0.0020713184
-0.0021641415
-0.0023280764
-0.0016815177
-0.00083767652
-0.00040650163
9.4614495e-06
-0.00012008612
-9.093365e-05
-0.00018173629
-0.00062471444
-0.00082448187
-0.0010294297
-0.0014186842
-0.0012622791
-0.0023035209
-0.0045429142
-0.012418829
-0.010740953
-0.0073150206
-0.0080092463
-0.010362731
-0.011466087
-0.012129619
-0.016829007
-0.014042821
-0.015371355
-0.015480318
-0.016143621
-0.015770215
-0.01620155
-0.015713636
-0.015610198
-0.01493237
-0.012673886
-0.010738196
-0.0062513726
-0.0044361151
-0.0048546157
-0.0050962551
-0.0043102046
-0.0048429536
-0.0052424144
-0.0056702312
-0.005546473
-0.0063733025
-0.0065849802
-0.0068239135
-0.0069019822
-0.0079993538
-0.0086371835
-0.010272478
-0.011067033
-0.01278138
-0.015561175
-0.020244189
-0.016490724
-0.015941014
-0.014443971
-0.015010918
-0.013989443
-0.014249887
-0.012840507
-0.0081019386
-0.0066917525
-0.0084985182
-0.010774469
-0.012868536
-0.013556961
-0.014721093
-0.016652028
-0.015074053
-0.011596976
-0.013629603
-0.020401749
-0.022376111
-0.024856414
-0.030034295
-0.038809187
-0.049454405
-0.057806021
-0.061613396
-0.065443838
-0.066454615
-0.066662729
-0.065919116
-0.060464023
-0.058497863
-0.05783186
-0.050058493
-0.038265591
-0.045226914
-0.044754008
-0.04378487
-0.037061248
-0.03529422
-0.028962376
-0.021104266
-0.024301377
-0.018399755
-0.021658527
-0.020616218
-0.016583748
-0.019655842
-0.0066305202
-0.0019437499
-0.00060566041
0.0026799928
0.0067958216
0.011609308
0.0091073366
0.016083792
0.014660156
0.017370758
0.01438484
0.013211991
0.011344266
0.011098996
0.014153349
0.014101105
0.013490288
0.014934501
0.012796999
0.011884648
0.011248023
0.0098783233
0.0075531147
0.0072133704
0.004637248
0.0044533203
0.0035690041
0.0038164922
0.0043260466
0.0042001277
0.003203448
0.0029638453
0.0021833309
0.002103532
0.0021672301
0.002280284
0.001875371
0.0018270726
0.0012738837
0.0015943393
0.0010874916
0.0010294013
0.00054710872
0.0017221193
0.0014869391
0.0014522362
0.0009178414
0.00085455005
0.00084593717
0.001046135
3.1355627e-05
0.00019491643
-0.0010156587
-0.0014011999
-0.002970704
-0.0038743699
-0.0068679607
-0.014567821
-0.011877862
-0.0084366118
-0.0080266607
-0.0089415935
-0.013615493
-0.015249147
-0.016797457
-0.016178882
-0.015266518
-0.014574832
-0.014862537
-0.015774724
-0.014347887
-0.013672362
-0.0098491433
-0.0091391289
-0.0067621797
-0.0046054332
-0.0031499013
-0.0030604965
-0.0032318626
-0.0045698137
-0.0045517408
-0.0042485075
-0.0053814606
-0.0058034128
-0.0058949785
-0.0061761215
-0.0058788081
-0.0061463721
-0.0065792813
-0.0089305327
-0.0094219032
-0.0121594
-0.012761083
-0.014612237
-0.019158948
-0.018886059
-0.017755965
-0.015480004
-0.013329373
-0.013991594
-0.014528112
-0.013212748
-0.013624084
-0.0060283529
-0.00074351152
-0.0052268104
-0.0090308905
-0.010747944
-0.011302868
-0.012475761
-0.017086686
-0.017737645
-0.015865301
-0.015497525
-0.020167409
-0.022824491
-0.027930715
-0.037714417
-0.047486643
-0.055896766
-0.06189853
-0.065847023
-0.068297863
-0.069184772
-0.067043123
-0.064105293
-0.059061596
-0.056480038
-0.056865014
-0.043011136
-0.044810836
-0.046174305
-0.049496542
-0.048010244
-0.043860673
-0.030463653
-0.028609484
-0.025903649
-0.023785936
-0.020420105
-0.023212231
-0.021051982
-0.011708589
-0.012618431
-0.0023954648
0.0045103083
0.0093169743
0.015198746
0.020283094
0.022373731
0.026459563
0.026746017
0.027922559
0.026524833
0.023059934
0.019348113
0.018579013
0.019074338
0.020301516
0.019705123
0.020033754
0.019301578
0.01904249
0.016211676
0.014491988
0.014444406
0.012876846
0.0091692065
0.0077033324
0.0062366566
0.0060399562
0.0048703762
0.005935261
0.0060070728
0.0060066321
0.0047051233
0.0044819607
0.004332285
0.0041035971
0.0030814241
0.0028491648
0.0029523454
0.0033342534
0.0032967879
0.0029480399
0.0028417668
0.0026729723
0.0015137949
0.0019678047
0.0015833793
0.001064653
0.00083569235
0.00068884682
-0.00039310654
-0.00051433829
-0.0010439983
-0.0018114096
-0.0037482942
-0.0046155362
-0.0066247488
-0.0088156502
-0.016261487
-0.013412394
-0.0083996511
-0.0091306376
-0.0089790231
-0.012712321
-0.014445014
-0.016278841
-0.013742483
-0.010652122
-0.0097012074
-0.010708364
-0.012053993
-0.0066998469
-0.0058184518
-0.0055379099
-0.0037982158
-0.0023310234
-0.0031900806
-0.003172885
-0.0041969462
-0.0041183917
-0.0048640144
-0.0051388724
-0.0060689022
-0.0063675936
-0.0063735186
-0.006947239
-0.0066693964
-0.006809835
-0.0068492926
-0.0081995864
-0.0104371
-0.013782218
-0.017011718
-0.017710569
-0.016717051
-0.018000373
-0.016138721
-0.013428463
-0.013476773
-0.011673972
-0.014618737
-0.016687593
-0.015815526
-0.011499196
-0.00015315341
-0.00089917381
-0.0059252961
-0.0086259478
-0.011473405
-0.012225047
-0.013584411
-0.017660879
-0.021809085
-0.02317751
-0.023070559
-0.026173066
-0.031726473
-0.03677161
-0.04463384
-0.047281174
-0.051920631
-0.055937093
-0.05990113
-0.061444588
-0.060425446
-0.056788078
-0.05037078
-0.045984407
-0.046059741
-0.045255447
-0.039545025
-0.035683845
-0.031870562
-0.032993707
-0.033054828
-0.03345272
-0.018015765
-0.013585744
-0.01066375
-0.0071069909
-0.0056932613
-0.013055224
-0.004929603
0.0026877331
0.0084736625
0.012635789
0.01910065
0.024547538
0.028361008
0.033955658
0.037510185
0.036925288
0.036461339
0.03335748
0.031549075
0.029466011
0.026869192
0.025335842
0.024881926
0.025908443
0.024876549
0.026228015
0.024039776
0.024688045
0.022990293
0.023863943
0.021288229
0.018088485
0.016423428
0.012456411
0.0084342757
0.0096594393
0.0091882858
0.0078777713
0.0079480943
0.0087931445
0.0084909975
0.0081656286
0.0068826025
0.0067760875
0.0056671287
0.0049522114
0.0061421822
0.0055355546
0.007787793
0.0061217468
0.0055999071
0.0051247535
0.0042717261
0.0034214148
0.0030221118
0.0032709342
0.0020743889
0.001597624
0.00046212382
-0.0013635322
-0.0015871071
-0.0021938498
-0.0040049638
-0.0046260116
-0.0068025082
-0.012518752
-0.018200039
-0.015315779
-0.013536979
-0.010662086
-0.0082754523
-0.010088372
-0.012726593
-0.012238162
-0.012383226
-0.0065179715
-0.0072601103
-0.0049730791
-0.0030793676
-0.0021045701
-0.0018400342
-0.000783084
-0.002879755
-0.0043256635
-0.0057772971
-0.0063570201
-0.0078295193
-0.0071385918
-0.0071087917
-0.0087809557
-0.0090335583
-0.0076659912
-0.0072855946
-0.0064834263
-0.0077582793
-0.0087947242
-0.009298876
-0.0085382235
-0.012934683
-0.016634476
-0.020573526
-0.013774268
-0.014618128
-0.017003663
-0.015781728
-0.013309012
-0.015318734
-0.015902549
-0.015197735
-0.016830917
-0.019140744
-0.010209899
-0.0032092555
-0.0033562012
-0.0048281761
-0.0086577107
-0.011288641
-0.013291607
-0.016418862
-0.020562028
-0.026503218
-0.032847445
-0.035734229
-0.037877574
-0.040086122
-0.043374604
-0.046750293
-0.045965718
-0.045732141
-0.043066906
-0.042728357
-0.043678868
-0.046765272
-0.041364995
-0.030562566
-0.021514857
-0.029382894
-0.031277829
-0.02258116
-0.016408136
-0.011688755
-0.010708689
-0.0071715
-0.0032326486
0.0020595094
0.0097066401
0.01473782
0.01399097
0.017365195
0.017387181
0.020703211
0.028099347
0.034489884
0.036242754
0.040223668
0.042480226
0.042378967
0.041681239
0.044515893
0.042277312
0.038573775
0.037785175
0.039865211
0.036002919
0.033418093
0.033993567
0.032543663
0.033366958
0.034926519
0.033901431
0.034233568
0.034381087
0.034547307
0.034586485
0.030894911
0.028539883
0.025535887
0.021691661
0.016474432
0.014728678
0.016919313
0.014607019
0.012178422
0.011531665
0.010202675
0.010397662
0.010790163
0.0095038331
0.010527337
0.008430071
0.0073621334
0.0085210682
0.0095322597
0.0090297167
0.0078210653
0.004955521
0.0061318604
0.0052120321
0.0042411019
0.0033803847
0.0040727647
0.0029519754
0.0020894011
0.00080541623
0.00096946337
-0.002050445
-0.0050965803
-0.0074754793
-0.011413974
-0.011646326
-0.0093698715
0.0014926746
-0.010845668
-0.010003537
-0.004901316
-0.0095782863
-0.010262328
-0.0099761215
-0.0091641993
-0.0063043628
-0.0053385527
-0.0028672838
0.0025844165
0.0020773263
-0.00064182271
-0.0020860888
-0.0031327393
-0.0079124834
-0.0080213693
-0.0089274867
-0.011427249
-0.012841955
-0.010413733
-0.012975803
-0.012514026
-0.013510468
-0.012865093
-0.012617329
-0.013229706
-0.012589755
-0.012943635
-0.013194761
-0.0126291
-0.012134992
-0.013079884
-0.012441271
-0.013992133
-0.01153272
-0.0089007474
-0.012168937
-0.013524496
-0.014160421
-0.015224352
-0.013758332
-0.016389871
-0.0092807624
-0.010739674
-0.0077691414
-0.0052691664
-0.0085425317
-0.011917022
-0.013905228
-0.017781547
-0.022671646
-0.027827446
-0.034511258
-0.040191161
-0.043989407
-0.045391119
-0.047808841
-0.046025756
-0.04077845
-0.032484675
-0.023752867
-0.030768591
-0.029858217
-0.030568824
-0.025992387
-0.016800971
-0.0054705338
-0.0027914176
-0.0070161019
0.0015524456
0.016299237
0.024916606
0.028706605
0.03290073
0.033419177
0.039584312
0.0439451
0.04377426
0.033249245
0.037640464
0.049404361
0.053297299
0.056437037
0.059913053
0.060220588
0.06144748
0.06072635
0.058701329
0.056405776
0.053088621
0.048337025
0.044591157
0.04333492
0.043707306
0.042093333
0.039189811
0.039606631
0.03958625
0.038651756
0.038488607
0.041245049
0.043036656
0.038631974
0.039900509
0.039657595
0.036579764
0.034261843
0.034539241
0.030568074
0.026956119
0.026401603
0.026669656
0.025634086
0.020783686
0.021137602
0.020602344
0.020090525
0.022384484
0.022012709
0.020990753
0.019067175
0.015224847
0.015714507
0.018395223
0.016620362
0.016190976
0.014571328
0.015584773
0.015281878
0.014886613
0.010406712
0.0098334575
0.011424753
0.012871772
0.0129293
0.011747862
0.011176241
0.0072313882
-0.0037707546
-0.010283069
-0.0087570726
0.00054623654
0.0056157116
-0.0039389382
-0.0065685876
-0.0041087525
-0.0029107523
-0.0048930829
-0.0045979377
-0.0033505975
-0.00097810212
0.0011946796
0.0044678175
0.0065055287
0.0072033583
0.0041595698
0.0010634645
0.0014343871
-0.0039433359
-0.003732905
-0.0064806841
-0.0076676086
-0.009208999
-0.010313252
-0.010170702
-0.012740183
-0.012601121
-0.011246396
-0.011685832
-0.011959813
-0.013531509
-0.014301854
-0.013475519
-0.0080562827
-0.0099173928
-0.0082219036
-0.0083528718
-0.010304229
-0.0095279461
-0.0098209151
-0.01111367
-0.0091439162
-0.011109966
-0.013379558
-0.01238327
-0.012086173
-0.014553549
-0.017169181
-0.014437928
-0.011239354
-0.010281102
-0.011239467
-0.010446009
-0.013351106
-0.016145419
-0.022415663
-0.026917436
-0.032192077
-0.039068169
-0.044367338
-0.046278827
-0.043034815
-0.029950154
-0.013731557
-0.01543426
-0.018534214
-0.013127835
-0.0043718824
0.0036287374
0.015926401
0.025834802
0.03423133
0.030543337
0.031733497
0.043118959
0.041003301
0.047380178
0.05703809
0.067834067
0.074200644
0.069487413
0.063769473
0.055871162
0.062170818
0.079190562
0.078567285
0.074644048
0.074253781
0.072658936
0.068240697
0.0634364
0.060907148
0.058157111
0.053157404
0.050596189
0.048076928
0.043566379
0.040944955
0.036152193
0.032911831
0.034449061
0.03228765
0.032685323
0.034276648
0.035159211
0.033805814
0.033073841
0.033400966
0.033405408
0.032176925
0.033368163
0.033962699
0.031941572
0.031589502
0.029402991
0.029622843
0.027815762
0.029842058
0.033645873
0.031832783
0.036993438
0.036196016
0.0350967
0.037930036
0.037869006
0.033818404
0.031639387
0.032582077
0.034478533
0.032474235
0.027241558
0.022750894
0.021592847
0.018133746
0.010981736
0.0098925912
0.0066756806
0.0031042501
0.00037373418
-0.0062235514
-0.010360249
-0.0096579855
-0.012201233
-0.010873262
0.0067003065
0.011270028
0.0019773723
-0.0076041057
-0.0064727112
-0.0051871484
-0.0067654801
-0.0029228817
-9.3789522e-05
0.0021328817
0.0015448007
0.0020489351
0.0023488174
0.0055704568
0.005310185
0.0053221493
0.0032074897
0.0025421359
0.001537413
-0.0025888984
-0.0034784691
-0.0020317596
-0.0044355102
-0.0066001145
-0.008750097
-0.009969754
-0.01008028
-0.0078569115
-0.0063980729
-0.0079755392
-0.012276899
-0.012386036
-0.011095359
-0.0088295627
-0.0071969348
-0.0069421222
-0.0093087964
-0.0098529731
-0.009479323
-0.010447031
-0.0068007527
-0.0071394618
-0.0089032133
-0.010712156
-0.013264825
-0.015809996
-0.0170736
-0.019493275
-0.013364378
-0.012564401
-0.0086130488
-0.004476859
-0.0053413127
-0.0073754819
-0.010228263
-0.01525302
-0.017545607
-0.020967234
-0.024969567
-0.02886003
-0.031636588
-0.029443675
-0.007713042
0.0062253245
-0.0010172252
0.013495341
0.021960089
0.029503441
0.03817945
0.046330733
0.050865733
0.057480998
0.052303441
0.036216778
0.034552262
0.039113208
0.042343007
0.058116765
0.071611136
0.080857338
0.084682265
0.07155151
0.05779231
0.06974428
0.079955262
0.078533018
0.072281079
0.066764936
0.063076199
0.06002824
0.053012222
0.047848284
0.045922648
0.039379397
0.037216311
0.033670866
0.032144879
0.029369778
0.027514403
0.025541482
0.025280832
0.021003337
0.020621484
0.022693779
0.024623136
0.024400919
0.024231159
0.026059315
0.025566132
0.024485545
0.024895003
0.024085388
0.022948279
0.022058767
0.022074063
0.024015254
0.025929735
0.026440538
0.030791521
0.032992841
0.033927453
0.038224813
0.038668884
0.042078882
0.040500686
0.042237205
0.041628664
0.04289993
0.043764202
0.040531155
0.036183616
0.030474876
0.021008911
0.011515477
-7.0090158e-05
-0.0050025954
-0.0059452995
-0.0077286407
-0.014577371
-0.017334594
-0.019887746
-0.024257048
-0.025645603
-0.0038506562
0.0044844426
-0.0027400196
-0.0089150379
-0.015272212
-0.014888484
-0.011894743
-0.007687216
-0.0047248413
-0.00125219
0.00090863508
0.0015513122
0.00052043214
-0.0020774733
-0.0029454519
-0.001701279
-0.00076591665
-0.0010754976
-0.001948446
0.00036678152
-0.00097498357
-0.0021012575
-0.0028323888
-0.0051364694
-0.0078786967
-0.0075162684
-0.0086116566
-0.0058241712
-0.0043953452
-0.0033555692
-0.0053649364
-0.0069963443
-0.0099331898
-0.0065739843
-0.0059036245
-0.0060257044
-0.0077618686
-0.0070619596
-0.0092186564
-0.010052046
-0.0097411237
-0.0088592558
-0.009290808
-0.010954853
-0.011996503
-0.013111515
-0.017044129
-0.015861538
-0.015619736
-0.010048264
-0.007827368
-0.0085223806
-0.0066726836
-0.0049068237
-0.0037590243
-0.0044901311
-0.0062647956
-0.0082205595
-0.010368031
-0.012629724
-0.014049516
-0.013101344
-0.0094867456
0.010430534
0.016927352
0.021378988
0.038606354
0.049141546
0.057644446
0.062874371
0.062896055
0.05922139
0.059326886
0.043722669
0.029887881
0.035519768
0.042634607
0.048934213
0.058414033
0.06227523
0.065755295
0.068049757
0.05761595
0.052992286
0.063042151
0.064199943
0.060190427
0.051667675
0.049649289
0.044171892
0.036025486
0.028982473
0.02806439
0.026933178
0.023156129
0.023428945
0.021340244
0.016376984
0.01729728
0.015704205
0.018345809
0.015961333
0.014523565
0.01447112
0.015112094
0.014834376
0.014282616
0.014928356
0.015304701
0.019832796
0.019430151
0.019811002
0.020032948
0.022179892
0.019614894
0.022012417
0.023357403
0.024036505
0.023822158
0.024876144
0.025837318
0.027982823
0.029992724
0.031640882
0.031650064
0.03154645
0.031029885
0.03139802
0.033062389
0.034323998
0.03468152
0.028394809
0.022117123
0.013479314
0.0024622534
-0.0092403111
-0.015248061
-0.018886474
-0.020309553
-0.029640757
-0.032472944
-0.028995078
-0.022346753
-0.015620933
-0.003914009
-0.0058994185
-0.011293078
-0.013215298
-0.015677327
-0.014199455
-0.01497575
-0.010459644
-0.0072197409
-0.0039401232
-0.00093473451
-0.0011092949
-0.0024158406
-0.0032091383
-0.0046915966
-0.004251519
-0.0034320516
-0.0020409325
-0.0012012788
-0.00088763148
0.0004252267
-0.00033425834
-0.0042450321
-0.0059537721
-0.0082859123
-0.0078568209
-0.0090407272
-0.0084743346
-0.0068203113
-0.002189159
-0.0034697489
-0.005545923
-0.0059510535
-0.007310928
-0.0042304635
-0.0034399225
-0.0025721193
-0.0022559351
-0.0044271106
-0.0034148367
-0.0052154027
-0.0059919361
-0.0051306005
-0.0073719711
-0.0073175017
-0.0096332662
-0.011037432
-0.01156096
-0.0094325813
-0.0079799003
-0.0062093582
-0.0043002741
-0.0041475509
-0.0048826664
-0.0039744058
-0.0011347443
-0.0011246761
-0.0013784444
-0.0020501667
-0.00075249439
0.0018670762
0.0040413946
0.009593655
0.018978293
0.022116222
0.03051836
0.041119618
0.05335112
0.060364761
0.06017003
0.055970107
0.046069216
0.0336085
0.023892146
0.021070205
0.032858903
0.03764192
0.040679685
0.04595831
0.045333943
0.045629101
0.043201409
0.037010938
0.034492146
0.038437881
0.035211212
0.033671012
0.027217407
0.022370277
0.019572649
0.014812967
0.010171926
0.0078799535
0.0095217121
0.0066065489
0.0068343099
0.0047940803
0.0040301201
0.0062074567
0.0075724547
0.0098465028
0.010510718
0.010137154
0.0086628642
0.010130918
0.010565776
0.0067600178
0.006666007
0.0076524745
0.011720138
0.013053595
0.013487922
0.013887266
0.014982456
0.017470665
0.017675811
0.018742767
0.019864038
0.018930432
0.018387419
0.018635139
0.020250181
0.021847671
0.021596485
0.021201836
0.020992624
0.021060293
0.020126778
0.020820981
0.017538283
0.013681873
0.0094594374
0.0046902953
-0.0018838342
-0.01134573
-0.021003806
-0.028718621
-0.031471452
-0.025771349
-0.022003491
-0.02035689
-0.020662882
-0.013252668
-0.0050664157
-0.010810663
-0.012734716
-0.014710709
-0.018225824
-0.017508779
-0.017350255
-0.013938861
-0.011561993
-0.0089771894
-0.0063510704
-0.0021781889
0.0013431084
0.0018147691
-0.0011422283
-0.0036459679
-0.0038169571
-0.0028391957
-0.0023203026
-0.0020176389
-0.0028557431
-0.0019888343
-0.0032132565
-0.0037173596
-0.004445978
-0.005124248
-0.006943349
-0.0063147489
-0.0067257493
-0.0065737311
-0.0026428413
-0.0032566075
-0.0049216943
-0.0059726139
-0.0049020165
-0.0022289015
-0.0019093458
-0.0020798133
-0.00061201993
-0.00086711254
-0.0016495969
-0.0015641089
-0.0017055508
-0.0032883912
-0.0033775897
-0.0048763176
-0.004387316
-0.0057070057
-0.0074689034
-0.0080707147
-0.0074753263
-0.004566083
-0.0059798947
-0.0037887448
-0.0044087879
-0.0052838546
-0.0029542986
-0.0015786192
0.0012792286
0.0015908887
0.0039897509
0.010827975
0.017549019
0.024162517
0.024987724
0.025812677
0.035299925
0.040350407
0.037399599
0.04588959
0.040327969
0.032909285
0.022362709
0.011771115
0.010778809
0.013310256
0.018736217
0.022677735
0.029163033
0.026681595
0.025971887
0.022952932
0.023847048
0.020150592
0.015733746
0.012878861
0.010378956
0.012392791
0.011160755
0.0082895943
0.0050687477
0.0019124616
0.00095600355
-0.0016837032
-0.0039113875
-0.004097413
0.00042611832
-0.0014746188
-0.0010892445
0.00030988824
0.0024942093
0.0040618084
0.0040653465
0.0059927404
0.0050408521
0.005338975
0.0035440609
0.0028743122
0.0014757109
0.0028414278
0.0054096816
0.0070814592
0.0073660828
0.007156598
0.0077663561
0.0094669555
0.011844695
0.013880132
0.01386309
0.011533425
0.010956621
0.011608639
0.011735981
0.012738078
0.013236298
0.012096243
0.012526718
0.013205174
0.012465508
0.010794629
0.0086581014
0.0049077736
0.00079497666
-0.0054457842
-0.013549242
-0.019511637
-0.028121066
-0.022842313
-0.015284569
-0.012498066
-0.010533156
-0.011502517
-0.01473789
-0.010107568
-0.0083161386
-0.01169509
-0.013193428
-0.015729269
-0.016899342
-0.015736254
-0.013444527
-0.010997985
-0.009871605
-0.0089068277
-0.0079493744
-0.0047427063
-0.0023622434
-0.0026798822
-0.0025979004
-0.0043203485
-0.005914628
-0.0065140208
-0.0038267351
-0.0041302441
-0.003805783
-0.0037880838
-0.0033320852
-0.0036825478
-0.003602453
-0.0028505405
-0.0036642275
-0.003671983
-0.0049174872
-0.0059035404
-0.0027950709
-0.0043151894
-0.0038732442
-0.0051767758
-0.0065951209
