0.0007391478
0.001382134
0.0018255336
0.002402037
0.0025609361
0.0056352405
0.0085387671
0.0077087231
0.0036326788
-0.0019505729
-0.0057708005
-0.0086904398
-0.0097520392
-0.010032141
-0.0089086527
-0.0076070666
-0.0067600328
-0.0059082018
-0.0058107513
-0.0063473506
-0.0070543511
-0.0071230715
-0.0057926363
-0.0065013073
-0.0060253779
-0.0060181066
-0.0069443679
-0.0069214296
-0.0059969439
-0.0047577102
-0.0045729819
-0.0038555941
-0.0049877259
-0.0049755242
-0.0046218348
-0.0055533838
-0.0052820501
-0.0052726011
-0.0042035318
-0.0040516516
-0.0022991527
-0.0013494902
-0.0012514339
-0.0011249903
-0.0017945066
-0.003274931
-0.0044092681
-0.0060438816
-0.0072847171
-0.0073322114
-0.0048455485
-0.0018498211
0.00042246053
-0.00041821774
-0.0018565624
-0.003965475
-0.0045576431
-0.0072396779
-0.0087043885
-0.0087197358
-0.0088080108
-0.0077256253
-0.0072504757
-0.0068746584
-0.0066008382
-0.0073181604
-0.0069698553
-0.00649457
-0.0040211508
-0.0006480683
0.0016799705
0.0028990378
0.0054091915
0.0058739069
0.0033689165
0.0024769018
0.0011765106
-0.00011428553
0.002002629
0.0025303348
0.0051778797
0.0074967746
0.0097066453
0.011009094
0.0093522889
0.0083120853
0.0080141288
0.0090897147
0.010824856
0.011298662
0.0099171995
0.0084603809
0.0061840265
0.0049040903
0.0046455616
0.0046989299
0.0036990004
0.004020728
0.0045216339
0.0042410579
0.0046054421
0.0049830441
0.0049187914
0.0048250974
0.0052403535
0.0049590279
0.0047139476
0.0052494991
0.0049707225
0.0055212098
0.0055227425
0.0051390501
0.0049570886
0.0050965811
0.0062266998
0.0086202472
0.011673561
0.012452277
0.018200527
0.016286064
0.014183376
0.014731234
0.01204053
0.012855342
0.0098444637
0.007699625
0.0054259777
0.0031175452
0.00012712991
-0.00019191632
-0.0002311533
0.0027674341
0.001165525
0.00067211335
0.00040473699
0.00078547875
0.00019185646
0.00058311223
0.001369572
0.0012363573
0.0007879347
0.00030390584
0.00049372079
0.0010236695
-0.0002984173
0.00025538889
0.00025899397
0.0012161309
0.0017013787
0.0065133993
0.0088496424
0.0044683757
0.00031846102
-0.0021843834
-0.0030891781
-0.0064067975
-0.0074147165
-0.0080985742
-0.0099048108
-0.0091230026
-0.0083425767
-0.0058362083
-0.0042739579
-0.0047287875
-0.0066938255
-0.006846678
-0.005667418
-0.0054431814
-0.0060553711
-0.0072165695
-0.0081142597
-0.0078981203
-0.0068359327
-0.0060536683
-0.0062872556
-0.0066733264
-0.007445687
-0.0070084273
-0.0064536959
-0.006141985
-0.0052212601
-0.00428197
-0.0023270871
-0.00027009741
-0.00012769632
0.00033301669
0.0014206726
0.0017792755
0.0014263933
0.00079578221
-0.00066674019
-0.00081862023
-0.0021244666
-0.0038586951
-0.0027144494
0.0011238422
0.0034725901
0.0022874429
-0.00048656746
-0.0024337662
-0.0025328688
-0.003700396
-0.004745543
-0.0048000293
-0.0048227647
-0.0047970349
-0.0046249737
-0.0055469978
-0.005540627
-0.004097005
-0.0023584915
-0.0007423905
0.00084032341
0.002688238
0.004368261
0.0054006412
0.0064639879
0.003945733
0.0017918027
0.0017178814
0.00078290026
0.0011782832
0.0020649297
0.0048157375
0.0064107739
0.0086805177
0.0092887691
0.0074967221
0.0067259578
0.0058228601
0.0069053612
0.0070993269
0.0075265281
0.0068979081
0.0067045995
0.0050642571
0.0045516869
0.003053902
0.0034089295
0.0036460837
0.0029465833
0.0031342326
0.002758524
0.0026661162
0.00203304
0.0023783178
0.0028462341
0.0029339859
0.0025121747
0.0022852983
0.0024752198
0.0027303693
0.0032133164
0.0034343252
0.0037254389
0.0037314995
0.0045660594
0.0053246676
0.0069556231
0.010862689
0.0128651
0.018279992
0.018031358
0.013496573
0.011911302
0.0098366583
0.0087225096
0.0072333068
0.0063948683
0.0052694116
0.0037989007
0.0009519954
-2.6949831e-05
4.827086e-05
0.00075548283
0.00043164796
-0.00045952304
-9.419564e-05
-0.00097436814
-0.00050931282
-0.00058413259
-0.00022541761
0.00049346043
0.00055474193
0.00077943965
0.00039425348
0.00065657689
8.5081826e-05
-0.0022231914
-0.0022306192
-0.0019582988
-0.00113027
0.00036521164
0.0039790164
0.0061768579
0.00078509224
-0.0025994892
-0.004887563
-0.0081969794
-0.0076285265
-0.0095715499
-0.0092473907
-0.0095305398
-0.0096206598
-0.0070883279
-0.0046567556
-0.0044043698
-0.0066841665
-0.007020896
-0.0066211547
-0.0063301032
-0.0073225908
-0.0077099398
-0.0091759555
-0.011387654
-0.012006561
-0.012574205
-0.012157234
-0.013243461
-0.013961009
-0.013778285
-0.013263075
-0.011449673
-0.0092559498
-0.0076072538
-0.0056816322
-0.0030521231
-0.00087146488
0.0013266381
0.0025692112
0.0028548578
0.0038079963
0.0045239962
0.0029978905
0.0025662194
0.0010805443
0.00074605252
-0.00076191245
0.00025602226
0.0040787937
0.0059160494
0.0059774594
0.0020711946
-0.00054469018
0.00039792565
0.00060022973
-0.0016000825
-0.0018940953
-0.0035534797
-0.004627329
-0.0049962918
-0.0045361628
-0.0031461593
-0.0022930718
-0.00014264482
0.00085824171
0.0019046319
0.0010320152
0.0016875384
0.0027985226
0.0022338431
0.0022315615
0.00031988922
-0.0004171769
-0.00063974137
-0.0015118424
-0.00010088918
0.0015657469
0.0037938125
0.0036791388
0.0017530375
0.0002694531
0.0021272769
0.0028904724
0.0025347779
0.0020062521
0.0015166214
0.0026286776
0.0031876573
0.0013976034
0.001002523
-1.5107189e-05
3.5580678e-05
0.0006639089
0.00013182531
-0.00082942609
-0.0011483031
-0.0013570308
-0.00041717251
-7.6931297e-05
0.00031455258
-6.667406e-06
1.6912069e-05
0.00026144925
0.00039707884
-0.00014227484
0.00042479182
0.00032345978
0.0013886914
0.0017681686
0.002550514
0.002664952
0.0053143929
0.01394932
0.017412671
0.013826284
0.0098148703
0.0076124534
0.004847966
0.0050617027
0.0051440922
0.0068535294
0.0033238909
0.00038166282
-0.0013139841
-0.0032125469
-0.0026019435
-0.002741305
-0.0036032665
-0.0041172242
-0.0031711168
-0.0021093748
-0.0027780929
-0.001844124
-0.0017326766
-0.0011989663
-0.0013530933
-0.0012988883
-0.0011373903
-0.0011351876
-0.0019334516
-0.0022425533
-0.0042356285
-0.0041843008
-0.0043534387
-0.0038234785
-0.0036256478
-0.00066109169
0.0018256665
-0.0030382689
-0.0068041127
-0.0093921663
-0.012771471
-0.013895797
-0.014583585
-0.014851336
-0.012821462
-0.0096939795
-0.0086668924
-0.0075875107
-0.0087438809
-0.0094274271
-0.0087768482
-0.0092407693
-0.010994813
-0.011374429
-0.012324672
-0.015463416
-0.017694905
-0.021367217
-0.02166284
-0.0220345
-0.023300348
-0.023307791
-0.022900782
-0.020486282
-0.018936092
-0.016666799
-0.012652947
-0.010991538
-0.0071564253
-0.0016872117
0.00037918125
0.0026854662
0.0034277011
0.0035950608
0.0031240876
0.0034128813
0.0042018662
0.0049834607
0.0036007447
0.0035665513
0.0045536073
0.0049987698
0.0061741222
0.0049812613
0.001314315
0.00077424924
0.002368181
0.0015010107
-0.00059527262
0.00012351011
-0.0027976414
-0.0024669693
-0.001707567
-0.0027797632
-0.0041388085
-0.0019602722
0.00053744893
1.4024635e-05
-1.4292185e-05
-0.00024305023
-0.00047542178
-7.1670322e-05
-0.00339467
-0.0054480056
-0.005122165
-0.00597378
-0.0072051642
-0.0063198534
-0.0070720014
-0.0052211514
-0.0048533489
-0.0058298739
-0.0072889676
-0.0058323739
-0.0029115073
-0.00149993
-0.0012815686
-0.0022990071
-0.0021245599
-0.0016838563
-0.001968883
-0.0029152963
-0.0032734589
-0.0031620345
-0.0037429627
-0.0048852096
-0.0055393294
-0.0050129268
-0.0046565711
-0.0044534709
-0.0035334429
-0.0031808343
-0.0025588157
-0.0020597725
-0.0021978582
-0.0018496035
-0.0021592702
-0.0018728264
-0.0019418101
-0.0013645401
-0.00050641542
-0.00033921076
-0.00058740922
-0.0014878544
0.0039807283
0.0062527998
0.005538004
0.0038866421
0.0020667089
-0.00020544007
-0.0018748546
-0.00069795635
0.0015112758
-0.0011314384
-0.0014479929
-0.003303137
-0.0054124206
-0.0074389708
-0.0065117729
-0.0064396891
-0.0067008606
-0.0068700602
-0.0059681649
-0.005516412
-0.0050728544
-0.0045497668
-0.0041908152
-0.0043955779
-0.0037666592
-0.0035419117
-0.0033264837
-0.0034074199
-0.0038804612
-0.0040951367
-0.0063653723
-0.0062819346
-0.0065575013
-0.0065377426
-0.0067852287
-0.0049783976
-0.0053788791
-0.0089404759
-0.011999433
-0.013457247
-0.011255028
-0.014757324
-0.017591919
-0.016881196
-0.012742335
-0.011834845
-0.01021394
-0.011049362
-0.0099923123
-0.01000692
-0.011649361
-0.012669681
-0.015208838
-0.017573674
-0.018844683
-0.022222822
-0.025084247
-0.02853686
-0.03296303
-0.037570737
-0.037505485
-0.037351375
-0.035726995
-0.032509511
-0.02768139
-0.025368737
-0.023242595
-0.018636301
-0.01280426
-0.0072260514
-0.0030850237
9.4532252e-05
0.0012837561
0.00014085384
-0.00076762418
-6.280116e-05
0.0038767197
0.0052126173
0.0058228163
0.0068578915
0.0048552304
0.004653159
0.0031384425
0.00056587022
-0.0010488002
-0.00022746496
-0.00021259847
0.0010572695
0.0027044995
0.0012263491
-0.0036321989
-0.00056593629
-0.00082426869
-0.0010013806
0.00095573397
0.0001936115
0.0010922033
0.00074858221
0.00028373719
3.3464183e-05
0.00025594979
-0.0016224417
-0.0056828838
-0.0061264611
-0.0070126051
-0.0093556772
-0.0096249093
-0.011635171
-0.013145268
-0.011312494
-0.010157303
-0.010894437
-0.010358553
-0.0083017336
-0.0070916603
-0.0070021321
-0.0064778131
-0.005400443
-0.0056878866
-0.0051397527
-0.0057723307
-0.0058312758
-0.0059292968
-0.0067578875
-0.0067466125
-0.0070637011
-0.0067909147
-0.0063831853
-0.0063225722
-0.0045830484
-0.0038158657
-0.0031165905
-0.0029104328
-0.0020142062
-0.0019438073
-0.0017036747
-0.0022571087
-0.0023874997
-0.0022534838
-0.0013410659
-0.0019417709
-0.0011997031
-0.0032117352
-0.0033327518
-0.0027744294
0.00023150568
-0.0017042427
-0.0048144081
-0.003412689
-0.0068030122
-0.0068366117
-0.0041593298
-0.0045552835
-0.0059537407
-0.0067428466
-0.0061907208
-0.0097659562
-0.011226868
-0.01054208
-0.010272581
-0.0096665902
-0.008470378
-0.007518603
-0.0079545561
-0.0076340209
-0.0069500877
-0.0063895447
-0.0062081464
-0.0057872495
-0.0058753565
-0.0059449564
-0.0065041734
-0.0059279262
-0.0061103397
-0.0075900077
-0.0072839939
-0.0077888032
-0.0080047741
-0.0093254297
-0.0077856297
-0.010788894
-0.013822288
-0.012787805
-0.011614466
-0.009085488
-0.014594906
-0.016740249
-0.014636245
-0.011061579
-0.0099152834
-0.0097507988
-0.0094845737
-0.010150602
-0.01171693
-0.014013493
-0.017323389
-0.021122368
-0.021546585
-0.025580714
-0.028434893
-0.029856899
-0.035350558
-0.040865587
-0.044749731
-0.047108174
-0.050059413
-0.051482497
-0.048925132
-0.047131156
-0.043195434
-0.03890356
-0.03200029
-0.023280096
-0.016912433
-0.009931913
-0.0041566834
-0.0025052798
-0.0026703129
-0.0029885152
-0.0015415017
0.000577327
0.0031270295
0.0032585736
0.0047231255
0.0036644552
0.00018427189
-0.0007397548
-0.0028876079
-0.0044608848
-0.0062222305
-0.0028267416
-0.0045201972
0.0024555492
0.00081262962
-0.0026063634
0.00494527
0.0088921429
0.0070628088
0.0068003349
0.0051662548
0.0052751739
0.0021186118
0.00083773371
0.0035557303
0.00298891
0.0017230988
-0.0017418605
-0.0022421529
-0.003337159
-0.0066242238
-0.0068178996
-0.0083165298
-0.010250192
-0.0078545869
-0.0084492547
-0.0088206607
-0.0085333867
-0.0081334166
-0.0070087675
-0.0066747465
-0.0062108881
-0.005928244
-0.0057698892
-0.0050011449
-0.0047172941
-0.004367155
-0.0044134199
-0.0046687574
-0.0053991647
-0.0050609205
-0.0053656497
-0.0051300889
-0.0044992613
-0.0033929092
-0.0024006196
-0.0014887523
-0.00080367063
-0.00048754272
-0.00037411387
-0.00023949444
-0.00058721086
-0.00089903304
-0.0017390679
-0.0014681417
-0.0022844936
-0.0037647213
-0.0070550681
-0.007554877
-0.0067800847
-0.0048556019
-0.0060439772
-0.0087409777
-0.0077253857
-0.0073659916
-0.006749291
-0.006300563
-0.0072666976
-0.0081087841
-0.0070405611
-0.010856064
-0.013578182
-0.014003297
-0.014735131
-0.012845582
-0.010715949
-0.009170616
-0.0083167451
-0.0069118058
-0.0073748051
-0.0073642733
-0.0069263525
-0.0064447529
-0.0068646097
-0.0072988308
-0.0074686397
-0.0071503004
-0.0073120586
-0.0069080642
-0.0071129682
-0.0066760433
-0.0073594368
-0.008523701
-0.010068661
-0.010610387
-0.011897314
-0.013266421
-0.012680557
-0.010697825
-0.0098067147
-0.012342915
-0.013166991
-0.01482024
-0.011467333
-0.011026502
-0.0095875267
-0.01046524
-0.011514109
-0.012481864
-0.014282043
-0.018022355
-0.019260634
-0.021867186
-0.023545886
-0.032596525
-0.035482109
-0.040111278
-0.043918409
-0.051425642
-0.059583025
-0.061008748
-0.066403057
-0.065244464
-0.062199529
-0.062448518
-0.055803484
-0.052362938
-0.043815262
-0.035996884
-0.028345355
-0.013364957
-0.01481445
-0.014452569
-0.012297187
-0.007434805
-0.0090692636
-0.0055829342
-0.0038306404
-0.0020222802
-0.0037709418
-0.0057363472
-0.0040707364
-0.0033269866
-0.0064281675
-0.0067091452
-0.0015862611
0.00097680175
0.01066385
0.0090567069
0.0032683476
0.0074594011
0.0099219274
0.010294997
0.016182631
0.012983595
0.013630124
0.010456443
0.0087677286
0.010706188
0.0081329329
0.0093679611
0.0065983451
0.0056623691
0.0034556384
0.0027653368
0.0035329049
0.0028317751
0.0010136669
0.0009641397
0.00026268764
-0.00069697024
-0.0012808737
-0.0013006631
-0.0013633543
-0.0010214866
-0.0018747428
-0.0016664933
-0.0013524635
-0.00080318748
-0.00078563949
-0.0011852933
-0.00077527115
-0.001042421
-0.0016328923
-0.0013531409
-0.0012592985
-0.0012554176
-0.00071197344
0.00026125301
0.00093461371
0.001520203
0.0013727588
0.0015342613
0.0012103992
0.0010689207
0.00065326433
0.00021578706
-0.00068584576
-0.00095042741
-0.0023378958
-0.0039109995
-0.011449814
-0.011100032
-0.0048388692
-0.0059104607
-0.0090498291
-0.0088432743
-0.0084931182
-0.0098574775
-0.0081382402
-0.011059614
-0.011797067
-0.01332955
-0.014048422
-0.014367115
-0.013654045
-0.013927167
-0.013981571
-0.010585365
-0.0080268316
-0.0051372565
-0.0053303624
-0.0054815836
-0.0059952928
-0.0052954169
-0.005931263
-0.0060564876
-0.0065944656
-0.0068573938
-0.0070002927
-0.0069369415
-0.0072047727
-0.006729544
-0.0070380377
-0.0072635315
-0.0093509766
-0.0098697369
-0.012329897
-0.013831004
-0.017455316
-0.011237568
-0.011304874
-0.0086544792
-0.010659013
-0.012178949
-0.014543679
-0.014528679
-0.0090996517
-0.0079288253
-0.0093080137
-0.010169501
-0.011164921
-0.012318512
-0.014642427
-0.018691865
-0.019632493
-0.019501545
-0.024958986
-0.033788834
-0.037743629
-0.040930354
-0.046088248
-0.055113785
-0.063387416
-0.06776046
-0.068734879
-0.071018687
-0.068226809
-0.065944129
-0.060879465
-0.052951623
-0.045224029
-0.042728332
-0.032310957
-0.020153569
-0.028782729
-0.030325717
-0.032285136
-0.026112843
-0.02213458
-0.018587369
-0.0091289211
-0.010977164
-0.00815905
-0.011355423
-0.010625614
-0.0071792542
-0.0093551965
0.0021499936
0.006377909
0.010155473
0.015217289
0.019283877
0.022261831
0.019298749
0.023848222
0.020927962
0.021227184
0.018608674
0.018078447
0.016169216
0.015857892
0.016681085
0.014890584
0.013085603
0.012708267
0.0097885452
0.0085219031
0.0078460689
0.0071175953
0.0056105069
0.0054473175
0.0037142809
0.0044746007
0.0040600293
0.0044810264
0.0055845014
0.0052432066
0.0033576164
0.0026469479
0.0016596065
0.0017699803
0.0014943046
0.0019487783
0.0017952837
0.0018347387
0.0016411792
0.0015933439
0.00087287478
0.00079706923
0.0008107767
0.0022111397
0.0020655215
0.0022440903
0.0018550954
0.0018940446
0.0017544113
0.0017840682
0.0010616255
0.00095753567
0.00042389753
-0.0001713624
-0.0014790317
-0.0029892706
-0.0053769878
-0.013364617
-0.010611853
-0.0062713566
-0.0059539487
-0.0054825599
-0.010159355
-0.010653917
-0.010990105
-0.011031632
-0.010829145
-0.0125644
-0.014349002
-0.013866746
-0.012360209
-0.011735934
-0.0085696538
-0.0078797345
-0.0054203527
-0.0046083785
-0.0037103589
-0.0037994166
-0.0040347972
-0.0047123476
-0.00478175
-0.0051241591
-0.0059557216
-0.0062402194
-0.0065141194
-0.0064522501
-0.0057693986
-0.0060756427
-0.0059331077
-0.0079920592
-0.0084734314
-0.01118027
-0.01002602
-0.01207393
-0.01621421
-0.014306144
-0.012579851
-0.011064804
-0.0088976815
-0.011555585
-0.013201884
-0.013833457
-0.015908653
-0.0083374264
-0.0057537479
-0.009853773
-0.01221081
-0.011509607
-0.012398424
-0.014898781
-0.020982072
-0.022573175
-0.02288956
-0.026081013
-0.031973551
-0.037883695
-0.045461925
-0.0554434
-0.063676142
-0.069882339
-0.074532655
-0.076197419
-0.076881076
-0.073279613
-0.067031256
-0.061505929
-0.051355702
-0.044986621
-0.042168059
-0.027679789
-0.029516146
-0.030429395
-0.034789401
-0.035213953
-0.030987301
-0.016814318
-0.015169223
-0.013637009
-0.010382595
-0.0074440412
-0.011633727
-0.0092968853
-0.0013602765
-0.00082480662
0.0088858049
0.015689611
0.02179207
0.026495737
0.030446218
0.032354469
0.034923924
0.031602593
0.030020703
0.028045476
0.025313047
0.021666898
0.021533037
0.020587577
0.019427283
0.017231974
0.015559786
0.014037877
0.01391004
0.010945265
0.0093496782
0.0098520727
0.0087626146
0.0056828795
0.0050952542
0.0047751002
0.0055494945
0.0049923208
0.0061697708
0.0058050691
0.0051382173
0.003626184
0.0031449878
0.002750314
0.0021623413
0.0012964799
0.0011283379
0.0018993691
0.0022912519
0.0020328623
0.0016506217
0.0019189104
0.0020224755
0.0010989228
0.0012848385
0.00094789535
0.00086343151
0.00097552096
0.0012365255
0.00049780694
4.5473843e-05
-0.0003225066
-0.00075558855
-0.0018814126
-0.0023704481
-0.0042120112
-0.006413629
-0.014222402
-0.011956628
-0.0072205009
-0.005914529
-0.0052532646
-0.010136993
-0.012422799
-0.013357316
-0.011812069
-0.010010306
-0.0098612136
-0.012551308
-0.011648581
-0.0066544987
-0.006431235
-0.0054848138
-0.003883208
-0.0025910544
-0.002416758
-0.0017840967
-0.0035125905
-0.0033066135
-0.0043566106
-0.0045716207
-0.0053926647
-0.0061180679
-0.0063528074
-0.0066867791
-0.0062245452
-0.0059229355
-0.0058155804
-0.0068774346
-0.0096005743
-0.011585929
-0.012074268
-0.011469051
-0.01104504
-0.012342343
-0.010638743
-0.0089316747
-0.011242225
-0.0096992282
-0.013434253
-0.016946994
-0.018573037
-0.014778552
-0.0039564537
-0.0062571719
-0.010788145
-0.014191647
-0.014232655
-0.013861852
-0.015937883
-0.021008649
-0.024925418
-0.028589874
-0.033025865
-0.039748014
-0.047892191
-0.054674429
-0.063662618
-0.065758139
-0.067715515
-0.067662818
-0.069567979
-0.065919624
-0.061651625
-0.0564063
-0.047368054
-0.039931366
-0.036436514
-0.031885824
-0.024317531
-0.020092624
-0.017311468
-0.016872926
-0.018328807
-0.018615791
-0.00036086588
0.0014229847
0.0029262456
0.0081272185
0.0069989241
7.7496137e-06
0.010564531
0.015228172
0.020586778
0.024461276
0.030770975
0.034062522
0.037443402
0.03960063
0.042930009
0.04236434
0.04072566
0.034352745
0.032607516
0.031155351
0.027503401
0.026867365
0.025076657
0.023228096
0.021834951
0.021570872
0.019616236
0.01937219
0.017460695
0.017155924
0.014613631
0.013064864
0.01235713
0.0097687924
0.0074721929
0.0087056278
0.0068776801
0.0066824111
0.0068118381
0.0064458521
0.0059449742
0.0058173144
0.0051161202
0.0043577148
0.0027380849
0.0034840236
0.0032784779
0.0033013297
0.0045653192
0.0034167576
0.0025502779
0.0021565563
0.0014135141
0.0010896581
0.00079046115
0.001419389
0.0008856448
0.0015423178
0.00082103324
-0.00050955905
-0.00055325792
-0.00084983555
-0.0021710829
-0.002067503
-0.0036001714
-0.008533788
-0.013823033
-0.0098241219
-0.0109162
-0.0081715669
-0.0056288778
-0.0078050535
-0.010593206
-0.010230393
-0.010466955
-0.0058766599
-0.0077519583
-0.0053465342
-0.0031520501
-0.003330154
-0.0032466729
-0.0022353192
-0.002773068
-0.0022116788
-0.002776393
-0.0039171667
-0.0043704969
-0.0045281725
-0.0047072059
-0.006686926
-0.0067709526
-0.0051317761
-0.0051361516
-0.0042868111
-0.0045673436
-0.0055100844
-0.0065247579
-0.0062813186
-0.0090228177
-0.014404686
-0.014317769
-0.0078499578
-0.010739014
-0.012856848
-0.012859437
-0.011145605
-0.01479862
-0.014430902
-0.015337023
-0.017282537
-0.021257102
-0.0093390477
-0.0052992792
-0.0058219781
-0.005948584
-0.011677208
-0.013537289
-0.015260004
-0.018260752
-0.022591945
-0.029071386
-0.036213348
-0.043322513
-0.048733946
-0.054035986
-0.058607627
-0.061805856
-0.058767189
-0.056470975
-0.050423422
-0.048221813
-0.049309852
-0.046331139
-0.038223374
-0.027582855
-0.016268137
-0.018899683
-0.017496984
-0.0081410642
-0.0031354467
0.0026821572
0.004571091
0.0085013226
0.013897057
0.019623487
0.024850086
0.027529878
0.027354124
0.030054697
0.030222697
0.034466986
0.040494759
0.042720979
0.043740335
0.046437024
0.047415057
0.048599423
0.046825696
0.048075596
0.042821469
0.039810896
0.037920843
0.038261955
0.034821333
0.031350049
0.030802229
0.030428277
0.029253655
0.030396996
0.028935172
0.028204546
0.026430612
0.026089181
0.02607845
0.020768907
0.020138516
0.020182247
0.019499849
0.014324504
0.013247754
0.012495492
0.01115724
0.010772764
0.0082803961
0.0085387716
0.0076977369
0.0088940886
0.0071220728
0.0068676488
0.0059120321
0.0051079317
0.0058231948
0.0068001961
0.0061539874
0.0044179118
0.0028712969
0.0021687423
0.0022964393
0.0020692136
0.0029206888
0.0038155373
0.0029499292
0.0021158193
0.0022825304
0.0020074613
-0.00051598138
-0.0025841403
-0.0038621942
-0.0058212167
-0.0065178773
-0.0041827218
0.0061631492
-0.0057770968
-0.0079444352
-0.0019180915
-0.006036059
-0.0083530371
-0.0088308978
-0.0078080869
-0.0064810969
-0.004155596
-0.0032884204
0.00054985715
0.00061665734
-0.0023681751
-0.0018320058
-0.0022380794
-0.004534735
-0.0030946651
-0.0035537674
-0.0037834025
-0.0056111763
-0.0026309483
-0.0054089903
-0.0052410163
-0.0069712614
-0.0061878022
-0.0072516134
-0.0076701497
-0.0076313993
-0.0090006154
-0.0084014358
-0.007656368
-0.0088539071
-0.0094731086
-0.0078812262
-0.010241379
-0.01017428
-0.0094039911
-0.012555214
-0.014274037
-0.014036131
-0.016173515
-0.015608739
-0.015719564
-0.0082551476
-0.008165645
-0.0062523535
-0.0044845266
-0.007826928
-0.0118677
-0.015687572
-0.020106032
-0.025183334
-0.030368619
-0.036821921
-0.043218297
-0.049500345
-0.054189603
-0.056707369
-0.054571925
-0.049907525
-0.041530158
-0.034599181
-0.03811678
-0.034797276
-0.030686477
-0.022010095
-0.011281283
-4.9688735e-05
0.0030737024
0.0047315016
0.010269782
0.02390432
0.032909923
0.039585027
0.045321227
0.047345113
0.053352838
0.055132813
0.054553216
0.045230431
0.048168653
0.056983392
0.063050017
0.062927427
0.06461445
0.063541493
0.063328535
0.06058262
0.059279437
0.059005102
0.053836651
0.046745974
0.042592253
0.040858417
0.040182244
0.039347884
0.036987277
0.035662375
0.03551613
0.032185133
0.032334079
0.034105587
0.034326221
0.031074558
0.030919016
0.030504431
0.026098549
0.02398044
0.027169208
0.026477008
0.025479748
0.024957796
0.023735081
0.021908377
0.018015064
0.018446719
0.017418002
0.016949062
0.020035505
0.018446889
0.01618174
0.014979395
0.012002092
0.01344671
0.016253505
0.015017169
0.015915273
0.014526129
0.014133294
0.014443032
0.013359131
0.01042529
0.0086436211
0.011725198
0.01322199
0.013341332
0.011072021
0.011095552
0.0051508798
-0.0021931767
-0.0063865992
-0.0058086654
0.0018305605
0.0076079366
-7.5296774e-05
-0.0076244503
-0.0035691535
-0.0034955216
-0.0064522887
-0.0055853099
-0.0036908923
-0.0015093378
0.00035421886
0.0043398807
0.0041013624
0.0056383348
0.0026600875
0.00061093373
0.00079574337
-0.0038829236
-0.0027015375
-0.003674264
-0.0038233715
-0.0030179273
-0.0023927285
-0.0037158132
-0.0069400212
-0.0076219516
-0.0072890001
-0.007540264
-0.0064126747
-0.0098018473
-0.0087646193
-0.007421963
-0.0051798918
-0.0069638241
-0.0054838318
-0.0058587615
-0.0079538568
-0.0075294117
-0.0097221818
-0.0092198841
-0.0082914268
-0.012776481
-0.014408595
-0.012906865
-0.00960833
-0.010030919
-0.012718765
-0.011142164
-0.0084755853
-0.0086002363
-0.010850204
-0.01105119
-0.014776406
-0.020414672
-0.026734447
-0.032560224
-0.037198505
-0.045823263
-0.051348942
-0.052595939
-0.04890579
-0.037649698
-0.024449456
-0.024812358
-0.02696779
-0.016488979
-0.0031049645
0.0081767952
0.021171961
0.03138306
0.04185201
0.03861353
0.04033163
0.051915413
0.050548103
0.056391496
0.066360783
0.07599434
0.082302117
0.076665157
0.070948311
0.063964149
0.066155846
0.080232216
0.077846073
0.075154439
0.071722921
0.068043914
0.063949546
0.059816641
0.056574225
0.05385839
0.049609771
0.045375599
0.04342028
0.037170776
0.035855237
0.033211178
0.030098228
0.031907403
0.029861967
0.029072485
0.0271629
0.028690357
0.029619805
0.027524386
0.026787737
0.027859711
0.026836121
0.02723278
0.028326995
0.025478887
0.026524047
0.026840928
0.026366112
0.026082284
0.03035742
0.032917271
0.031101349
0.034118782
0.03232272
0.03061035
0.030728129
0.030209685
0.02664577
0.026179359
0.028980105
0.031032825
0.027655431
0.023592937
0.017624283
0.016072734
0.012107744
0.0050711964
0.0049642655
0.0031886084
-0.0012849991
-0.003060499
-0.0076076258
-0.011554075
-0.010295254
-0.012051849
-0.010630111
0.0084378361
0.015700281
0.005566683
-0.0035463372
-0.004023763
-0.0047448064
-0.0070129592
-0.0032883287
-0.00074195298
0.0020939589
0.0017008496
0.0034469712
0.0021098813
0.0048757665
0.0043548957
0.0032381287
0.0002750996
-0.00019157853
-0.00083058965
-0.0052077265
-0.0041537495
0.00074683284
-0.0014525122
-0.0052595304
-0.0055181142
-0.0071404658
-0.0070992274
-0.0056861012
-0.0048704561
-0.0069433997
-0.010960104
-0.01086136
-0.0083853025
-0.0084593419
-0.006869484
-0.0062939368
-0.0051217114
-0.0052768055
-0.0061447618
-0.0064184359
-0.0033763048
-0.0050739448
-0.0077446961
-0.010073306
-0.011761595
-0.013027397
-0.010986991
-0.013927294
-0.0084653605
-0.0091304312
-0.0063991554
-0.0049655443
-0.0073177636
-0.010044099
-0.013915136
-0.019541508
-0.023728321
-0.027537332
-0.03193155
-0.035896816
-0.037302531
-0.032911271
-0.016163395
-0.006896503
-0.0081194059
0.0026847413
0.015329481
0.027030422
0.036969854
0.046221323
0.052170981
0.062258332
0.057812054
0.045140386
0.044591425
0.04797971
0.052404704
0.065077238
0.077679848
0.084819467
0.086474989
0.073924956
0.059862636
0.070438832
0.079091408
0.075645202
0.067530844
0.06011865
0.054991501
0.05169781
0.044789346
0.040729361
0.037751071
0.033142037
0.030729984
0.027842143
0.026439741
0.021926898
0.022877226
0.021937142
0.021490977
0.018329941
0.016440944
0.016778896
0.018974814
0.020743738
0.020785526
0.021450031
0.020403505
0.020526571
0.021515758
0.020527234
0.019506424
0.018053174
0.017407344
0.020216964
0.024078635
0.027332226
0.032402381
0.0346883
0.032939206
0.035756261
0.034002719
0.037072743
0.034539293
0.036624848
0.03702651
0.040290257
0.040101147
0.037196
0.029161375
0.020623625
0.010133659
0.0021864823
-0.0084081885
-0.010778023
-0.01199921
-0.014310715
-0.018523807
-0.020459286
-0.019780107
-0.023391885
-0.026281985
-0.0020233315
0.011060586
0.0045882715
-0.0036679715
-0.013607069
-0.014284464
-0.010779283
-0.0071851099
-0.0045284771
0.00034297363
0.00099740937
0.001614933
-7.3318591e-05
-0.0011934822
-0.0021282919
-0.001666976
-0.0014204285
-0.0021134382
-0.0018540487
0.00037364537
-0.00089035744
-0.0020930543
-0.0005556369
-0.0019739809
-0.0051252507
-0.0044376665
-0.0062964813
-0.002899888
-0.0034005624
-0.0036626604
-0.0067214075
-0.0092021028
-0.0092586453
-0.0075560359
-0.0083403952
-0.008319442
-0.0067095174
-0.00499722
-0.0054796202
-0.0055223675
-0.006159135
-0.0052748972
-0.0070792973
-0.0078688778
-0.0099142703
-0.011055444
-0.013886987
-0.011672558
-0.012224754
-0.0058789933
-0.0043820858
-0.004296357
-0.0048274468
-0.0046101091
-0.0044446653
-0.0069859151
-0.0095594156
-0.013327442
-0.016516056
-0.020140813
-0.022261497
-0.020670386
-0.016263259
0.00026106765
0.0067444915
0.013800617
0.024987092
0.037682074
0.044606081
0.051759686
0.056507358
0.059064477
0.062907424
0.049295987
0.03892678
0.041352116
0.045872733
0.051164511
0.061940543
0.06523564
0.067186491
0.068359932
0.058107983
0.05341916
0.060443009
0.060863238
0.055427531
0.045806848
0.042667733
0.034937079
0.027189476
0.019908421
0.019717418
0.018247318
0.015903531
0.016144665
0.01509633
0.012294044
0.012969735
0.014066761
0.016837821
0.011909283
0.010520518
0.0094965461
0.0096890163
0.010409063
0.010312967
0.011304996
0.011671009
0.015066788
0.014737687
0.015135656
0.016618187
0.016731385
0.014659558
0.017120085
0.018251542
0.021146227
0.02231226
0.024308408
0.025033076
0.027369309
0.029324913
0.027849923
0.025172777
0.025835094
0.026947037
0.028246793
0.030890063
0.033664724
0.031681638
0.023953846
0.015265463
0.0045018194
-0.0067488163
-0.015109084
-0.019319455
-0.02129816
-0.021886353
-0.027941944
-0.027979271
-0.024267308
-0.018251629
-0.013697834
0.0014589137
0.0024017294
-0.002499749
-0.0087340775
-0.014248631
-0.016846863
-0.016642871
-0.012206058
-0.0094924643
-0.0029200267
0.00149069
-0.00038842856
0.00010367438
-0.0009022852
-0.0033243749
-0.0023543001
-0.0012575212
-0.0014962628
0.00031442829
0.00029560073
0.0019497962
0.00077899802
-0.0032364522
-0.0040173928
-0.0055899538
-0.0051926512
-0.0076365177
-0.0055570852
-0.0028158844
1.2552242e-05
-0.004937798
-0.0072630422
-0.0084020145
-0.010262226
-0.0058683002
-0.0046502132
-0.004505983
-0.0029670152
-0.003841187
-0.0029090087
-0.0036960055
-0.0048950171
-0.0048226824
-0.0066695621
-0.0067778149
-0.0082773831
-0.0096260657
-0.009484007
-0.0078894806
-0.0058727345
-0.0024592441
-0.0020447235
-0.0031115493
-0.0048922927
-0.0045513447
-0.0035725325
-0.0052001316
-0.0067599595
-0.0091916554
-0.0099485557
-0.0088904566
-0.007515873
-0.0011940349
0.0088032586
0.013947701
0.022695752
0.031323237
0.040471489
0.0452541
0.0494155
0.048315367
0.047774697
0.041229517
0.032548723
0.030393514
0.037380623
0.037877237
0.041800728
0.047356419
0.046022033
0.047200309
0.043940892
0.037245457
0.03444057
0.036712805
0.034034024
0.032523469
0.025899942
0.019306064
0.01352703
0.0079183471
0.0023475729
0.00025976
0.0013508611
0.00015180919
0.0012570732
0.00031579646
0.00081250987
0.0030869876
0.0051505478
0.0073384696
0.0090338867
0.0093927329
0.0065516843
0.0063517841
0.0056952649
0.0033549641
0.0039922038
0.0041745874
0.0069954796
0.0085687704
0.0097106548
0.010178672
0.010511115
0.012220463
0.013275307
0.013315218
0.014677684
0.015860985
0.016088533
0.016401276
0.018618322
0.019372765
0.017248199
0.01607068
0.015450337
0.017258301
0.017289994
0.017241849
0.015335132
0.012492147
0.0072087974
0.0013900222
-0.0059077191
-0.015511917
-0.021767376
-0.026297593
-0.026969954
-0.021975635
-0.019458531
-0.017625748
-0.017516048
-0.0089030425
-0.0013464131
-0.0037230992
-0.0041764055
-0.0066964141
-0.012906487
-0.015101537
-0.016599089
-0.015282149
-0.013376194
-0.010342896
-0.0060504508
0.00018495228
0.0048453505
0.0040088169
0.0016994195
-0.00086040133
-0.0010141177
0.00025973911
-0.00074226063
-0.00016746084
-0.00012519729
0.0010000497
0.00041456771
-0.0014098855
-0.0021185724
-0.0030138857
-0.0044117781
-0.0046080704
-0.0046143131
-0.0030448434
-0.00077356518
-0.0016188652
-0.004436035
-0.0053080848
-0.0058086973
-0.0018973011
-0.001682338
-0.0026987008
-0.0017713945
-0.00271295
-0.0021309731
-0.0018644553
-0.0020732975
-0.003494675
-0.0037041651
-0.0049217272
-0.0035000721
-0.0044699612
-0.0059954293
-0.0064106632
-0.005039971
-0.0026993557
-0.0043670469
-0.0035581653
-0.0051452929
-0.005962891
-0.0050210856
-0.0053806216
-0.0039385565
-0.0046824474
-0.0043034607
-0.00055037896
0.0030836136
0.0083184024
0.01294568
0.017077575
0.025605925
0.029596175
0.027629379
0.034588857
0.031248723
0.029881706
0.028006838
0.021675033
0.019706967
0.019671141
0.022037482
0.024628576
0.029058964
0.028287935
0.027883291
0.025531384
0.024715884
0.020214213
0.016276015
0.013183049
0.0132172
0.014995949
0.014117614
0.0077717502
0.0033884513
-0.00059271682
-0.0048275752
-0.0072408628
-0.0088781193
-0.0086631609
-0.005042333
-0.0068871252
-0.0050808153
-0.0025557117
0.00042165285
0.0024857711
0.0038252621
0.0061777347
0.0036702461
0.004077664
0.0031832588
0.0011617406
8.0455656e-05
0.0024433524
0.0030783338
0.0051527007
0.0065306317
0.0056970049
0.0048686307
0.0058390707
0.0087303763
0.010764396
0.0097751177
0.0079030007
0.0088174272
0.0093116303
0.010187127
0.010690147
0.0097112523
0.0082026627
0.009328785
0.010834188
0.01003072
0.0081257952
0.0067665924
0.0045011695
0.00080730058
-0.0053559573
-0.013536218
-0.018509531
-0.024417582
-0.017077359
-0.011155338
-0.010025867
-0.010731509
-0.011288917
-0.0128034
-0.0072670475
-0.0065682691
-0.007905024
-0.0071645696
-0.010269484
-0.011260948
-0.011889438
-0.012384215
-0.010699625
-0.011479963
-0.0098716812
-0.0067561251
-0.0015219774
0.0026789927
0.0017117654
0.00081636603
-0.00080456792
-0.0025369769
-0.0050667193
-0.0030629646
-0.002525924
-0.0011842223
-0.00058861819
0.0011189119
0.0013569
0.0003447051
-4.4289158e-05
-0.0017248226
-0.0020888291
-0.0030337286
-0.0044043835
-0.0034716422
-0.0044226662
-0.0039629217
-0.0038474555
-0.0048176227
