0.00023126606
0.00030446648
0.00062520483
0.0012607344
0.0020870736
0.0050006487
0.010698287
0.012407231
0.0058795961
0.0011642018
-0.002335111
-0.0054146245
-0.0095599134
-0.0086688824
-0.0069132042
-0.0060466589
-0.002570401
-0.001855968
0.00033568723
0.0021446147
0.0019027742
-0.0023069218
-0.0056265761
-0.0080566072
-0.012435982
-0.014083874
-0.014520369
-0.014230217
-0.012468038
-0.010617721
-0.010784319
-0.011650841
-0.01322591
-0.014861023
-0.014524941
-0.013560384
-0.013743517
-0.014522649
-0.014381624
-0.012942409
-0.011021306
-0.010500486
-0.0094734142
-0.0081632466
-0.0059927812
-0.0035208913
-0.0015584632
-0.0027786912
-0.0044012632
-0.005278819
-0.0036819912
-0.0047340657
-0.0044273725
0.001015488
0.0064289181
0.010801835
0.013331029
0.014596843
0.012835191
0.0097784455
0.0081804081
0.0095379006
0.010878993
0.012868601
0.016564967
0.0148734
0.015212375
0.014941301
0.015710753
0.017513494
0.020484916
0.021718636
0.02362798
0.026136338
0.025397978
0.025675017
0.025553138
0.024776545
0.023301963
0.022544257
0.024287989
0.026922973
0.02972844
0.029516275
0.02711383
0.02185999
0.017923658
0.011841113
0.011632671
0.013467922
0.015140379
0.01531059
0.01472557
0.010187508
0.004656316
0.0014684739
-1.8434319e-05
-0.00011598488
0.0013550509
0.003100191
0.0040221194
0.0056713833
0.0062717896
0.0074767227
0.0078910568
0.0076075552
0.0072441089
0.0076557086
0.0074815167
0.0083706295
0.0086241437
0.0087933142
0.01062438
0.011276737
0.012118774
0.014000427
0.017700915
0.018279853
0.017743644
0.018942043
0.015874191
0.015442146
0.013853827
0.012984594
0.0086865191
0.0069654043
0.0078986415
0.0063421913
0.0025502927
0.00087984877
0.00024555089
-0.00018714543
-0.0027580985
-0.0033919248
-0.0026529829
-0.0020138578
-0.0015061344
-0.0008850136
-0.00086659398
-1.6271407e-06
8.5757654e-06
-8.5803732e-05
0.00012829896
0.00040475176
-0.0014113549
-0.0015658039
-0.0017029142
-0.00092130639
0.00013352021
0.0047404019
0.0085959687
0.0063655109
0.00028767623
-0.0054472557
-0.0083810581
-0.010391847
-0.010007996
-0.011598976
-0.012138487
-0.008179282
-0.0079860385
-0.0047060624
-0.00053093042
0.0016305754
-0.0011293381
-0.00629544
-0.0091547273
-0.0091128739
-0.014490347
-0.018745176
-0.020335718
-0.017549265
-0.015317435
-0.015315239
-0.017024673
-0.018803522
-0.020158769
-0.02124174
-0.019428476
-0.017984625
-0.017883625
-0.018814002
-0.019025495
-0.017038096
-0.015566768
-0.013913257
-0.011743738
-0.0090151321
-0.0055496724
-0.00063465047
0.0010273486
0.0022939169
0.0049785942
0.0044437498
0.0043688658
0.0045412027
0.0087169846
0.015089037
0.019807619
0.023534191
0.026181699
0.026502847
0.024119753
0.022917964
0.023738344
0.023566673
0.023941035
0.025681661
0.025917908
0.024742997
0.025802955
0.023960275
0.024257051
0.024572458
0.026982592
0.027696897
0.02706955
0.028371431
0.029450888
0.028051109
0.026460723
0.026169155
0.025532168
0.023608233
0.023438833
0.02540631
0.024089261
0.022193691
0.02007496
0.014330031
0.010713058
0.01007141
0.0095159184
0.010595093
0.010925221
0.0090915752
0.0067316186
0.0030542118
-0.00097308419
-0.0020546994
-0.0016835809
-0.0014260287
0.0010921965
0.0034368589
0.0045268989
0.0061708102
0.0068163654
0.0066327607
0.0068349319
0.0064167259
0.0062362198
0.0060761147
0.0062305448
0.0074453092
0.0084004887
0.0093339779
0.011338217
0.013674329
0.015318974
0.016293878
0.021038781
0.023504214
0.023118732
0.019337483
0.018113401
0.017211682
0.012907137
0.0098467008
0.0074244254
0.0037455242
0.0018617456
0.00063762638
-0.0031057318
-0.0049980163
-0.0054864508
-0.004861867
-0.0059434818
-0.0057153386
-0.0040743909
-0.0027721755
-0.002392508
-0.0023049176
-0.0018579163
-0.0021180151
-0.0018578838
-0.0021043385
-0.0019384002
-0.0015194718
-0.005249349
-0.0051199786
-0.0054001214
-0.0053761976
-0.0057749802
-0.00076828342
0.0031461147
-0.00075600213
-0.0031278097
-0.0062036007
-0.013567933
-0.015655332
-0.015267521
-0.013886917
-0.014202616
-0.015993279
-0.017085603
-0.013577678
-0.0066481611
-0.0016886076
-0.0047147178
-0.011182031
-0.012962238
-0.015129304
-0.020395508
-0.023988209
-0.024642589
-0.022312576
-0.020759126
-0.023409065
-0.02751661
-0.031520495
-0.033796842
-0.033550899
-0.031034838
-0.026826282
-0.027434435
-0.027585007
-0.026807619
-0.025159116
-0.023203606
-0.02095085
-0.01672306
-0.012049266
-0.0066065371
-0.0033017823
0.0011045457
0.004363641
0.013200392
0.018001523
0.016130385
0.020260937
0.02378319
0.025495735
0.031428612
0.037929384
0.041965419
0.036914795
0.033743131
0.037083507
0.037207725
0.038565913
0.036659205
0.035599072
0.036766209
0.035949183
0.03628823
0.035409085
0.034935685
0.031749913
0.031330761
0.032413512
0.031808953
0.030900966
0.028624074
0.025005929
0.024410091
0.024427045
0.022975222
0.020623858
0.019621962
0.018383836
0.014412048
0.010370451
0.007748386
0.006312592
0.0043355369
0.0018716934
-0.00039422826
0.00048034048
0.00077790234
-0.00088443481
-0.0016842937
-0.0034351072
-0.0042641795
-0.004039339
-0.0029213066
-0.00079346122
0.00091076287
0.0031237798
0.0046626956
0.00534203
0.0049629742
0.0047156281
0.0048031912
0.0042617863
0.0040217093
0.0036898298
0.0038402935
0.0038615554
0.005407923
0.0068932397
0.0089638349
0.0089034143
0.0172974
0.020239513
0.02181412
0.017630959
0.014774361
0.011832962
0.013014855
0.012839786
0.0078803341
0.0040711522
0.0012856773
0.00099770648
-0.0045374753
-0.006654411
-0.0086283965
-0.009077819
-0.009139972
-0.008059914
-0.0067252036
-0.0046636258
-0.0046974461
-0.0040642925
-0.0037858641
-0.0031135651
-0.0041437078
-0.004110487
-0.0045119061
-0.004408411
-0.0048493932
-0.00438191
-0.0077204046
-0.0070398833
-0.0071931821
-0.0083389811
-0.0076030062
-0.0045108578
-0.0018905797
-0.0077205071
-0.01156922
-0.012746683
-0.018497622
-0.019544477
-0.021688127
-0.024107769
-0.023595357
-0.022084319
-0.021399124
-0.0182368
-0.012224923
-0.0098296333
-0.011400702
-0.015417919
-0.016136949
-0.020591433
-0.024824517
-0.028883617
-0.029189758
-0.030236483
-0.030986269
-0.032867042
-0.039206364
-0.044189137
-0.049234881
-0.047373509
-0.045398399
-0.043606726
-0.042222686
-0.041435843
-0.041118478
-0.039875925
-0.03601958
-0.030547668
-0.027795346
-0.022665234
-0.016545984
-0.011846527
-0.003206296
0.0054449675
0.01683657
0.024966758
0.030353983
0.034786935
0.035291111
0.034093181
0.037722957
0.046902707
0.051365571
0.044537152
0.046027612
0.051439201
0.050453033
0.050619099
0.050037301
0.048152917
0.046554852
0.046642389
0.048396323
0.048524716
0.045717457
0.043101684
0.039041811
0.03699713
0.034532987
0.032839392
0.026365631
0.022422415
0.022142296
0.020622921
0.016831968
0.011211315
0.0073691437
0.0059047923
0.0011498422
-0.0013747484
-0.0034695656
-0.0043456374
-0.0074190091
-0.008902162
-0.010125886
-0.0094394084
-0.0078757945
-0.0077090532
-0.006702042
-0.0065529462
-0.0063343339
-0.0049902401
-0.0034667266
-0.0020386938
-0.00086127662
0.00085513052
0.0021582679
0.0028305386
0.0032046457
0.0032516286
0.0021603737
0.0016299844
0.0010476471
0.00087232086
0.0005090261
0.00095421141
0.0016598295
0.0035580777
0.0046139725
0.0060157988
0.0097342838
0.0082428928
0.0079827981
0.0052840988
0.005093716
0.0028908337
0.0048817847
0.0029147421
-0.0008358923
-0.0025355674
-0.0049476911
-0.0062213164
-0.009022729
-0.012822101
-0.013145557
-0.012556993
-0.010687907
-0.008722739
-0.0064217147
-0.004557241
-0.004375222
-0.0042760082
-0.0049368349
-0.0060041016
-0.0063196098
-0.0056832737
-0.0065652062
-0.0068734834
-0.0076409401
-0.0077921429
-0.0090337446
-0.0077678626
-0.0080721532
-0.0084715044
-0.008227856
-0.0054276165
-0.0088160822
-0.016227581
-0.020555976
-0.022212439
-0.024328462
-0.026650016
-0.028163534
-0.033144274
-0.032562416
-0.026179211
-0.023680784
-0.020008722
-0.015792941
-0.015687545
-0.01773604
-0.022316731
-0.02411102
-0.026500448
-0.03012758
-0.030986785
-0.035757161
-0.039854209
-0.044096881
-0.046752438
-0.051518267
-0.054659005
-0.058083345
-0.061901427
-0.059615855
-0.055996808
-0.054852923
-0.053918176
-0.051272058
-0.047799789
-0.042627118
-0.034781555
-0.033716435
-0.029979521
-0.024419722
-0.014076311
-0.0035789346
0.0060548995
0.011245732
0.020702305
0.026410832
0.034135493
0.040739372
0.042745582
0.049346334
0.053523826
0.052658054
0.052106878
0.053310135
0.054064499
0.054266253
0.058602011
0.06053028
0.059221955
0.059038746
0.05704628
0.057909665
0.057517324
0.055079159
0.048343503
0.045227108
0.041313692
0.03332538
0.028663211
0.025210966
0.019149309
0.016155624
0.01002105
0.0063838956
-0.0024101835
-0.006517166
-0.0075016144
-0.0087047476
-0.010126032
-0.0099042303
-0.0092700574
-0.013264363
-0.013980073
-0.013742764
-0.012446467
-0.011395356
-0.010441694
-0.0088575615
-0.0082900039
-0.0060264383
-0.0045680936
-0.0031124331
-0.0017852777
-3.3290709e-05
0.001003152
0.0016108839
0.0014996608
0.00115213
0.0010900409
0.00065635167
0.00030628586
7.7106874e-05
-0.00018167373
-0.00070274914
-0.00075521554
-0.0011437167
-0.00044218645
-0.00039296264
0.0016614981
0.0026285959
0.00056963981
0.00084914239
-0.00087500302
-0.0011826759
-0.0022466367
-0.00261607
-0.0030705263
-0.0031023447
-0.0050791842
-0.0075630924
-0.0085760517
-0.010080775
-0.013321481
-0.015306572
-0.01479644
-0.012364928
-0.0089700452
-0.0061227526
-0.0054908833
-0.0051176751
-0.0063992089
-0.0072138855
-0.0075105248
-0.0071002695
-0.0075794917
-0.0079528337
-0.0088955739
-0.0091576161
-0.0086473117
-0.0092920013
-0.009279676
-0.0075507268
-0.0086187554
-0.009658157
-0.01124498
-0.017087208
-0.023811419
-0.0253921
-0.024786981
-0.025900375
-0.028025438
-0.036529951
-0.036235094
-0.033795361
-0.023510557
-0.019031156
-0.014587871
-0.016632165
-0.017666585
-0.023640134
-0.028001518
-0.032416763
-0.036705641
-0.037750029
-0.04076948
-0.044565194
-0.046158361
-0.050352507
-0.053601903
-0.055021116
-0.056435294
-0.05761356
-0.061956686
-0.062466746
-0.061046063
-0.058543169
-0.057367224
-0.054538027
-0.046524439
-0.036020686
-0.025266464
-0.015506975
-0.013693082
-0.015089531
-0.014005716
-0.0025272915
0.0098250767
0.017193849
0.023238081
0.026789386
0.036139995
0.03873112
0.045458991
0.046219617
0.042503768
0.037398636
0.034467096
0.043918022
0.050913876
0.054531157
0.060239769
0.061385457
0.056570344
0.060004013
0.059437504
0.05848648
0.055361907
0.051176339
0.046530348
0.042280845
0.037160445
0.030241094
0.022919937
0.016312088
0.012682654
0.0081598106
0.0016776303
-0.0033658181
-0.0082633816
-0.013815315
-0.015200651
-0.016247917
-0.015784126
-0.016641492
-0.016313509
-0.015953712
-0.015420709
-0.013829277
-0.012727593
-0.010802204
-0.010553912
-0.0097069483
-0.0089525187
-0.0069339802
-0.0055301705
-0.0041748888
-0.0025578646
-0.0015200935
-0.001016344
-0.00098094105
-0.00089891189
-0.00063472655
-0.00028690271
0.00014403878
1.7845798e-05
7.6455279e-05
9.3695575e-06
-0.00039530346
-0.00082562554
-0.0020372301
-0.0019035858
-0.0016011664
-0.005024766
-0.0055966004
-0.0035749987
-0.0029540593
-0.0011886855
-0.0010358898
1.8495698e-05
-0.0014175941
-0.0036920877
-0.0055185056
-0.0071385839
-0.0052234013
-0.0080100066
-0.011550871
-0.014960251
-0.018248722
-0.01928544
-0.01449787
-0.010566704
-0.0073699496
-0.0082396031
-0.007791383
-0.0087704041
-0.0081224902
-0.00883495
-0.0085729341
-0.0093005619
-0.0087521606
-0.0095252332
-0.0094202191
-0.010112011
-0.0089820344
-0.010170058
-0.010433775
-0.012990945
-0.013783362
-0.015809936
-0.02117284
-0.02553719
-0.024779193
-0.026893722
-0.026362084
-0.031129062
-0.036005622
-0.038417184
-0.035829555
-0.023408296
-0.015469816
-0.01234713
-0.014481007
-0.018293698
-0.0241909
-0.031655789
-0.035262547
-0.036889642
-0.038615713
-0.043068128
-0.046488085
-0.05007498
-0.049898647
-0.051682057
-0.055601013
-0.055907107
-0.05741463
-0.058012213
-0.061524112
-0.060639928
-0.057948716
-0.054813609
-0.045982778
-0.033228528
-0.020645837
-0.0080888526
-0.006788105
-0.0044983842
-0.0015595155
0.0073324308
0.01476767
0.023723113
0.020622764
0.020479427
0.032642561
0.037679517
0.042408202
0.04545507
0.0396778
0.037450585
0.035144392
0.034570595
0.045726648
0.04996781
0.051687481
0.051370378
0.054014983
0.059444297
0.058053191
0.056339845
0.052235437
0.04938047
0.045258518
0.04114847
0.035633388
0.030021662
0.025228309
0.0183285
0.010331726
0.0063679283
0.0026503628
-0.0027054606
-0.0063411331
-0.011052348
-0.012708646
-0.014302206
-0.016029966
-0.014984871
-0.015512342
-0.014909852
-0.014319445
-0.013665455
-0.011417702
-0.0099675525
-0.0080714677
-0.0083142016
-0.0079337502
-0.0062834043
-0.0051570746
-0.0042461805
-0.0032959174
-0.0024616223
-0.0017193614
-0.0013624221
-0.0012924696
-0.0010614316
-0.00057567104
-0.00020480464
0.00029387942
0.00051017429
0.00075075789
0.00069230889
0.0015365564
0.00091525519
-0.00044109722
-0.0015893871
-0.0045439599
-0.010582104
-0.0070509039
-0.0025015031
-0.00036205129
-0.0002988627
0.00071800084
0.0015953367
0.0021184844
-0.0013414976
-0.0080208809
-0.010705805
-0.013658048
-0.013316797
-0.012919349
-0.016410932
-0.020511272
-0.020194345
-0.01496263
-0.01186765
-0.0093318658
-0.0073587612
-0.0074093462
-0.0089361134
-0.008834735
-0.0095248188
-0.0091880812
-0.009347104
-0.0096610249
-0.0085244547
-0.0094775979
-0.0096613566
-0.0092711531
-0.010618951
-0.013432932
-0.015328123
-0.015463329
-0.015790304
-0.019625352
-0.018371454
-0.018538886
-0.021632232
-0.023589359
-0.028196337
-0.034728451
-0.039088888
-0.035179067
-0.020658555
-0.014619554
-0.011593706
-0.012206443
-0.013887304
-0.018251222
-0.023000603
-0.026920099
-0.030593746
-0.033051317
-0.035221611
-0.041064047
-0.04458983
-0.048147585
-0.052749175
-0.058160814
-0.05890458
-0.06254016
-0.062683494
-0.060948075
-0.059605688
-0.056505268
-0.045882263
-0.03339677
-0.01927887
-0.01052363
-0.0054000739
-0.0038876437
0.00034204896
0.00088728449
0.0040148835
0.010741999
0.011473905
0.015245782
0.022206509
0.025913138
0.027122702
0.029217049
0.029388817
0.023769813
0.025672557
0.031305163
0.03852155
0.045130069
0.049795923
0.05241941
0.049948682
0.052106265
0.051448143
0.049596018
0.045071705
0.043149582
0.036949486
0.033472126
0.031478235
0.02698434
0.022580016
0.018285342
0.0098403541
0.0045700703
0.0012204125
-0.0012424615
-0.0036887792
-0.0061638291
-0.008105412
-0.0095428815
-0.010664835
-0.010392562
-0.010698691
-0.0096296048
-0.010072149
-0.0092941966
-0.0085017841
-0.0083706042
-0.0077948824
-0.0065986087
-0.0058130187
-0.0047749094
-0.0042302327
-0.0030189492
-0.0024535343
-0.0020970684
-0.0021508959
-0.0016439115
-0.0010773306
-0.0011528511
-0.0016245633
-0.0010049677
-0.00086406306
-0.0003696652
-2.6897482e-05
0.00053405907
4.538854e-05
0.00026113966
-0.00044789249
-0.00056342428
-0.00032872549
-0.0082914636
-0.011419197
-0.002693855
-0.0013069204
0.0029780354
0.00053461379
0.00094223434
0.0035832847
0.0018859459
-0.0029487369
-0.0078758546
-0.011477961
-0.012995691
-0.013841024
-0.015767969
-0.019355496
-0.020845563
-0.016697314
-0.013396691
-0.010285118
-0.0088042364
-0.0081999162
-0.0063472943
-0.0071675488
-0.0073293297
-0.0079754599
-0.0081558781
-0.0075978853
-0.0074836681
-0.0070187361
-0.007898277
-0.0087309891
-0.0096992764
-0.010729893
-0.014786982
-0.015179783
-0.013635665
-0.014568709
-0.013960747
-0.014807962
-0.015165103
-0.01752808
-0.021349159
-0.026463022
-0.031479953
-0.033267263
-0.029945249
-0.018585339
-0.01434608
-0.014545433
-0.012953111
-0.01123558
-0.011520743
-0.014133144
-0.017804621
-0.021993889
-0.027249363
-0.0304484
-0.036032643
-0.040092215
-0.047035689
-0.053641032
-0.057532303
-0.063073665
-0.065482626
-0.067452178
-0.06692961
-0.064236644
-0.057876144
-0.047217038
-0.03600171
-0.027639088
-0.02258558
-0.020400907
-0.011766233
-0.0072023391
-0.004349488
-0.0040712626
0.0049833789
0.0062081986
0.0093670432
0.011246694
0.017444078
0.019028166
0.02011221
0.024459892
0.027675254
0.033181871
0.034865461
0.040020296
0.043339024
0.046025785
0.046893418
0.045088296
0.043914083
0.043262766
0.042112417
0.039646106
0.034289259
0.029763045
0.027375714
0.024922065
0.022053192
0.01898555
0.014357819
0.0099404759
0.0050401915
0.0026283051
-0.00098920055
-0.00088476378
-0.0034186969
-0.0031427932
-0.0035772939
-0.0038086356
-0.0037029906
-0.0046898956
-0.0044535967
-0.0051035595
-0.0050312339
-0.0037072437
-0.0033121831
-0.0036703381
-0.0029549075
-0.0020210918
-0.00243567
-0.0014038056
-0.00013448682
7.9977546e-05
-0.00022428978
5.5215809e-05
-0.00014257621
-0.00038591254
-0.0012852023
-0.0014719064
-0.0013728081
-0.00093596256
-0.00064264564
-5.6152836e-05
-0.00030446636
-0.00097445782
-0.00083877406
-0.00098736997
0.00031403778
0.0018121338
-0.0049867071
-0.0087204771
-0.0034351224
0.0017847643
0.004358893
0.0014184727
-0.0012966967
-0.0014040492
-0.0030543549
-0.0049837691
-0.0065247659
-0.0092111318
-0.012087075
-0.013352131
-0.014784826
-0.013899283
-0.01148581
-0.0078499223
-0.0057356901
-0.0040877011
-0.0043557089
-0.0047927557
-0.0030862554
-0.0024630669
-0.0030674657
-0.0044070884
-0.0055050409
-0.005240155
-0.0052664576
-0.0058173112
-0.0066600696
-0.0087181526
-0.0084542456
-0.0076068541
-0.012096097
-0.012705361
-0.011243578
-0.012496546
-0.012001666
-0.014049006
-0.015088979
-0.015038332
-0.019640071
-0.026872214
-0.031358697
-0.033419714
-0.027412169
-0.019862844
-0.015781692
-0.015619435
-0.014270935
-0.012925182
-0.012284683
-0.01350155
-0.01647362
-0.020028395
-0.026501841
-0.031622126
-0.035561691
-0.040721086
-0.045348036
-0.050844384
-0.054871994
-0.058884348
-0.060224256
-0.065610408
-0.065909894
-0.064997333
-0.058598672
-0.049347274
-0.03941423
-0.03386426
-0.031055557
-0.022454921
-0.01583507
-0.010630505
-0.004191338
-0.0036867673
0.0062176002
0.0063376035
0.0046973377
0.0098632979
0.014010446
0.013732597
0.018660204
0.023075069
0.023703342
0.026590855
0.028569277
0.03245141
0.036010321
0.036480014
0.03775962
0.036180274
0.034179008
0.034127928
0.030762544
0.029022435
0.026175296
0.025672608
0.023530883
0.023471843
0.022720057
0.018525389
0.016187469
0.013136638
0.0069884812
0.0042815921
0.0024891515
0.001662018
0.0014681101
0.0019067624
0.0010780493
-0.00010664367
-0.00063095493
-0.002068111
-0.0017681544
-0.0012989936
-0.0017107797
-0.00065559494
-0.00042771606
-0.00051082845
-0.0010718387
-0.00014348665
-0.0005961904
0.00019020554
0.00035218269
0.00036751109
-0.00033511763
0.001439841
0.00084143802
0.00065396206
-0.0003574434
-0.00081106226
-0.00063395257
0.00060803609
0.00012206938
-0.00010762479
-0.00047356403
-0.00096257652
-0.0010961791
0.00070762545
0.00062022499
0.0008376212
-0.0020181966
-0.0042169256
-0.0044631973
0.0018644869
0.0040180761
0.0023880156
0.00047367754
-0.0036939465
-0.0050503039
-0.0036481586
-0.0036282626
-0.0047384104
-0.0068587332
-0.0075768158
-0.007189499
-0.0046604244
-0.0032196704
0.00011633741
0.0029463737
0.0016382736
0.00073709498
0.0018866596
0.0022805983
0.00074198058
0.00053285443
0.0018762507
-0.00081901614
-0.0027588766
-0.00046187047
-0.0031603129
-0.0052932995
-0.007518668
-0.005352348
-0.0073134799
-0.010401509
-0.011465015
-0.011505644
-0.012301408
-0.01299708
-0.016026412
-0.016582586
-0.017857224
-0.020959438
-0.02408822
-0.030443649
-0.033403362
-0.03227685
-0.026251452
-0.01995275
-0.01808397
-0.016612702
-0.015008111
-0.014677643
-0.014110554
-0.015330203
-0.018633022
-0.024607242
-0.029223516
-0.034589372
-0.03789754
-0.042491251
-0.04638015
-0.049751492
-0.052873126
-0.057414304
-0.057509602
-0.060019175
-0.057863995
-0.051303082
-0.043910184
-0.037431885
-0.031113003
-0.026622308
-0.02271085
-0.017082585
-0.0068137647
0.0021235859
0.011194741
0.012635375
0.011001768
0.012325899
0.013254823
0.016813232
0.02124606
0.024054549
0.024751339
0.024904335
0.026071207
0.02646652
0.025718748
0.028513218
0.028719061
0.028226667
0.025096633
0.026560793
0.025637838
0.02570528
0.023682812
0.0241047
0.021769502
0.020674574
0.019816702
0.019957625
0.01818252
0.014863133
0.013120037
0.0084161437
0.0048303995
0.0031189849
0.00038940609
0.0022050558
0.0024209562
0.0014380111
0.00041113726
-0.00034433632
-0.0010436093
-7.8680351e-05
0.00013886767
0.00059957026
0.0010912365
0.0012656241
0.0012331005
0.0011769947
0.0027359018
0.0025805107
0.0034501445
0.0030659252
0.0026423249
0.0021079444
0.0033479611
0.0048066927
0.0036559337
0.0037112465
0.004654422
0.0039522182
0.0028114541
0.0039316937
0.0032774945
0.003018436
0.0025612379
0.0024486994
0.0024401551
0.00052984895
-0.0014666392
-0.00092070091
0.0030636273
0.00097061488
0.00019405987
0.0018482229
0.0031808897
0.0037976356
-0.00030983858
-0.0021906161
-0.0021465653
-0.0012668796
-0.00087492878
-0.0015323287
-0.00088916483
0.00015994645
0.0022876262
0.0043977235
0.0060886212
0.0070591333
0.0078874002
0.0093812597
0.0070036951
0.0071951204
0.0084064575
0.0072911256
0.0055108949
0.0017305021
-0.0006710734
-0.00076716179
-0.0013751131
-0.003151995
-0.0038877318
-0.0058043154
-0.0078626674
-0.0073823471
-0.0078670298
-0.010594201
-0.011284612
-0.012738128
-0.013767162
-0.01390946
-0.015403946
-0.0160433
-0.017805854
-0.019202747
-0.021058429
-0.023125256
-0.023557545
-0.021124517
-0.01944167
-0.017129358
-0.016021707
-0.015569969
-0.015573151
-0.016837129
-0.018244117
-0.020010185
-0.024594605
-0.028233074
-0.031783012
-0.03555675
-0.040956271
-0.042980717
-0.044390991
-0.046147907
-0.045551371
-0.04813698
-0.044665983
-0.040124334
-0.033820042
-0.029093792
-0.022071688
-0.017820859
-0.013827021
-0.0072952554
-0.00047261323
0.013940029
0.020109069
0.019775748
0.022363893
0.022159092
0.021358224
0.023582458
0.028414552
0.029687314
0.027552559
0.029550063
0.029547878
0.029846272
0.029202018
0.028732327
0.029174587
0.028970629
0.02619935
0.023102244
0.022950096
0.021707695
0.020933562
0.020774569
0.018124619
0.015413577
0.014451682
0.011344666
0.0079856205
0.0026816082
0.00041722643
-0.0031196356
-0.0065402882
-0.006782697
-0.0068779206
-0.0046148822
-0.0047132372
-0.0050391214
-0.0046276387
-0.0032210213
-0.00081006069
-0.0012536848
-0.0019549853
-0.00013319899
0.0035516934
0.0037590771
0.0054534739
0.006727412
0.0092224322
0.0092127245
0.010537421
0.013261114
0.015143285
0.01546511
0.015647065
0.015367977
0.012854182
0.012159651
0.011417898
0.00983462
0.0078754357
0.0086232082
0.0072664824
0.006897773
0.0065525312
0.0050668338
0.0030509122
0.0013262843
-0.0012073061
0.0023754166
0.0068121576
0.0079629364
0.0051240729
0.0043193869
0.0044515988
0.0042418836
0.0023587679
0.0010516513
0.0014399594
0.0018034003
0.0017670068
0.0017810962
0.004278581
0.0046028914
0.0071772691
0.0092660044
0.0091354257
0.0099332739
0.010975219
0.012071994
0.011080487
0.0095849831
0.0084829642
0.0076976157
0.0062085013
0.0022488598
3.0430583e-05
-0.0022467916
-0.0034809358
-0.0043508197
-0.0041572918
-0.0048047577
-0.0055009431
-0.0051920579
-0.0054570707
-0.0047247932
-0.0050339748
-0.0082179456
-0.0091202694
-0.0093796139
-0.009520877
-0.0094948324
-0.010261575
-0.0097001823
-0.010156797
-0.01099103
-0.015269249
-0.019104919
-0.018225815
-0.016815745
-0.013848935
-0.011632655
-0.01287529
-0.013130215
-0.016063015
-0.016925458
-0.019262583
-0.022457307
-0.023901016
-0.027571377
-0.029726039
-0.031385226
-0.03211998
-0.034319176
-0.034505858
-0.031758698
-0.02839647
-0.024525976
-0.018255031
-0.012980208
-0.0095203796
-0.0078114368
-0.0044565507
-7.3032236e-05
0.0065063849
0.016377042
0.024994152
0.02594006
0.02622075
0.024773702
0.024246607
0.027761393
0.032586321
0.032779179
0.031671187
0.028999152
0.027199503
0.028754268
0.029007575
0.030200256
0.029555552
0.026366419
0.02353677
0.021771016
0.018503334
0.018642398
0.016791708
0.015786334
0.012756597
0.0091910386
0.0065387012
0.0021403902
-0.0020490637
-0.0032649916
-0.0064168534
-0.0096972303
-0.011017772
-0.011136238
-0.0095170973
-0.0068074005
-0.0067567192
-0.006157244
-0.0032871574
-0.0016998434
-0.00039758682
0.00021530287
0.0012370907
0.0043681926
0.0059626142
0.0062667492
0.0073777669
0.010242473
0.010656041
0.011803748
0.013768593
0.016757754
0.018212862
0.020402677
0.022060765
0.021042867
0.019604905
0.014847773
0.010826174
0.0077268053
0.0050927819
0.0052901043
0.0061924001
0.0060379804
0.0051315909
0.0036324438
0.0041972716
0.0010131969
0.0039003203
0.0067020484
0.0097482455
0.0063545819
0.0053706964
0.006876395
0.0050186166
0.0050722077
0.003382347
0.0050808677
0.0067168718
0.0082541157
0.0078060871
0.0077293704
0.0087273742
0.0095285981
0.0093479716
0.011451884
0.012836824
0.014836028
0.016253504
0.016402985
0.017909045
0.017504533
0.015565351
0.012492678
0.0089210338
0.0083121431
0.0062348949
0.0017568885
-0.00056074732
-0.0027217435
-0.0036897592
-0.00069238847
-0.0026417396
-0.0033203595
-0.0014569276
-0.00032314222
-0.0011522891
-0.0017807141
-0.0016951263
-0.001977467
-0.0032408727
-0.0033474426
-0.0030269828
-0.0021263394
-0.0027202172
-0.0042402862
-0.0045987366
-0.011292532
-0.012563572
-0.011444961
-0.010343583
-0.0099427793
-0.0086801346
-0.0092616444
-0.01000889
-0.012145326
-0.01315827
-0.015540291
-0.016589929
-0.017940753
-0.017984867
-0.020171762
-0.021601944
-0.024488043
-0.023288289
-0.019730654
-0.013277364
-0.011101673
-0.0063766247
-0.0032908516
-0.0016504771
0.00022850429
0.0035150992
0.0072602981
0.011395197
0.017716937
0.022551307
0.024261407
0.022951781
0.023245384
0.024194205
0.026167868
0.027983815
0.028889281
0.028298968
0.025159826
0.024495205
0.026463132
0.026413409
0.024663485
0.022708701
0.020403878
0.018428036
0.015932395
0.01331591
0.011554732
0.01114851
0.010135539
0.008142406
0.0046684187
0.0012063056
-0.0022234749
-0.0058080161
-0.0057771948
-0.0075741938
-0.0083469493
-0.0095195285
-0.0087821531
-0.010157259
-0.0081307406
-0.0063404879
-0.005500879
-0.0043895281
-0.0025901729
-0.001901954
0.00064758794
0.0031372213
0.0059859113
0.0081470467
0.0098753869
0.010058365
0.011330604
0.012574626
0.014058208
0.014259054
0.01875365
0.020001081
0.022478479
0.021416019
0.022511832
0.020958429
0.016189383
0.012137829
0.0071914864
0.0054253766
0.0051608676
0.0048824994
0.0050418615
0.0050441469
0.0050703313
0.0039086061
0.0056013453
0.0087556036
0.0094101231
0.0090681048
0.0071387232
0.0062701964
0.0062584551
0.0056626949
0.0053130121
0.0054683797
0.0062061538
0.0083959338
0.0089560841
0.0093028779
0.0088278502
0.0096363844
0.010440641
0.011541109
0.013827548
0.015839521
0.017827203
0.020116304
0.021871417
0.023125389
0.024448913
0.023887357
0.020314959
0.017123865
0.016072058
0.01385751
0.010938831
0.006875656
0.0034347731
0.00054555209
0.0031028283
0.00082968071
0.00071474039
-0.00013156057
0.00055661209
0.0011332035
0.0026256653
0.0025987095
0.0023646853
0.0033490696
0.0024951234
0.0027718078
0.0030032768
0.0024336226
0.0010024688
0.0012294241
-0.0041859474
-0.0043870569
-0.0053668333
-0.0045129681
-0.0051069845
-0.0047803153
-0.0057101971
-0.0058654428
-0.0063177375
-0.0063254762
-0.007788606
-0.0088736445
-0.010242854
-0.010230632
-0.010561066
-0.012083542
-0.014236783
-0.014794014
-0.012185403
-0.0087912499
-0.0046612624
-0.0014579033
0.0015357069
0.0040588044
0.0050143652
0.0061370039
0.010719708
0.013371573
0.015827546
0.017267952
0.017870372
0.0191056
0.019998967
0.01881251
0.019008841
0.020769246
0.021466133
0.021849833
0.020082968
0.018716955
0.018928879
0.017639807
0.016086329
0.013838132
0.011273859
0.0096625464
0.0089998352
0.0068028076
0.0056421684
0.0038817007
0.0027724152
0.001200162
-0.0012380564
-0.0038468964
-0.005891303
-0.0067722795
-0.0072315661
-0.0074023432
-0.0084000813
-0.009500275
-0.0090125206
-0.0097245506
-0.0092150367
-0.0077290519
-0.0049377202
-0.0049075557
-0.0047030174
-0.0032970011
-0.0021068284
0.0016534369
0.0045058508
0.0082648788
0.0098960456
0.011905093
0.013100284
0.013286908
0.013506768
0.015801074
0.018211365
0.019772628
0.020928321
0.022429289
0.022071252
0.019504217
0.015995635
0.011566154
0.0099947263
0.0067805425
0.0048747718
0.0045028853
0.0054178017
0.0040350684
0.0060118975
0.0079633583
0.0094519511
0.010455343
0.01089487
0.010456892
0.0077284399
0.0068011112
0.0061962928
0.0069098102
0.0064262435
0.0058630555
0.0067766837
0.0075642211
0.0082257823
0.0083641975
0.0081119652
0.0085609549
0.0091085
0.0086822798
0.010216505
0.012453627
0.013904572
0.017398044
0.020795679
0.023915493
0.026223561
0.026353538
0.025012311
0.02445824
0.022313935
0.019496596
0.017087144
0.011795511
0.0097672176
0.005709218
0.0081925297
0.0057973666
0.0049483424
0.0036758195
0.002477625
0.0021762644
0.0032363531
0.004217087
0.0041758141
0.0041823711
0.0042176162
0.0035967498
0.0038331531
0.0042364721
0.0029328808
0.0025140794
0.0019503464
-0.00063112311
-0.0018072952
-0.0022600292
-0.0028044827
-0.0022128532
-0.0032140971
-0.0038088999
-0.0039069336
-0.0031685534
-0.0039495551
-0.0046111847
-0.0053744986
-0.0056199447
-0.0064651739
-0.007152189
-0.008258359
-0.0095715449
-0.0086775384
-0.0060865476
-0.0038104456
-0.0012975255
0.0024142678
0.0027373343
0.003378044
0.0042704068
0.0073916488
0.010166151
0.01005726
0.011579441
0.012693701
0.013068572
0.01454247
0.012576748
0.011122291
0.012141258
0.013158804
0.013349363
0.013151511
0.012511325
0.010842383
0.0083856821
0.0074456518
0.0061743038
0.0040105545
0.001907834
0.0011486596
0.00027531284
-0.00075951523
-0.0014749936
-0.0017772834
-0.0028076973
-0.004032755
-0.005593498
-0.0062904513
-0.0070446451
-0.0086003494
-0.0088506879
-0.0093718874
-0.0092942854
-0.008446262
-0.0096886989
-0.009006196
-0.0066377723
-0.0046423738
-0.0032297967
-0.0029073686
-0.0018384058
-0.00071470321
0.00016071737
0.0026380914
0.004981344
0.0058395163
0.0070981751
0.0082427734
0.010298598
0.011708474
0.012472529
0.01299062
0.015072192
0.018735636
0.019773725
0.018853888
0.018615216
0.016362081
0.013265946
0.011289919
0.0085945196
0.0057058129
0.0043425385
0.0059797115
0.0066245022
0.0073614596
0.01040052
0.011626435
0.01222493
0.010893017
0.0098772181
0.008446977
0.0064937196
0.0065567157
0.0060371893
0.0056355794
0.0054606774
0.0052210385
0.0052878786
0.0056677421
0.0057780903
0.0059037217
0.005931019
0.0066718269
0.0071164089
0.0074669835
0.009055017
0.010402803
0.012384794
0.014448743
0.017338856
0.021005241
0.024073527
0.024651982
0.023859583
0.025173237
0.023999131
0.021173941
0.018644764
0.014499782
0.01173574
0.012012275
0.0097764638
0.0076930415
0.007177914
0.0069835381
0.0060970478
0.005340384
0.006048077
0.005368333
0.0059575286
0.0053168744
0.0062764191
0.006252825
0.0059338004
0.0045316756
0.0047642529
0.0048265541
0.0016074607
0.00024959603
-0.0011097471
-0.0016545114
-0.0024844022
-0.0032543276
-0.00338889
-0.0041075508
-0.0043753983
-0.0045405217
-0.0044777122
-0.0050513093
-0.005017279
-0.0052855716
-0.0054057219
-0.006477161
-0.0072290758
-0.007758067
-0.0070753254
-0.0048476826
-0.0025589165
0.00020559824
-0.00021027371
0.00019750721
0.00095435671
0.0004216861
0.0014428728
0.00404209
0.0051652487
0.0072035324
0.0077124753
0.0084175785
0.0063778172
0.0034977098
0.0043930552
0.0054063017
0.0070721489
0.0061677259
0.0061353485
0.0062387893
0.0043745664
0.0031563902
0.0018149071
0.00094338351
1.6464187e-05
-0.0010993596
-0.0024915188
-0.0036676029
-0.0034732517
-0.0031698801
-0.0036981639
-0.0050167425
-0.005686196
-0.0061245559
-0.0068460717
-0.0079178058
-0.0095990433
-0.0098033664
-0.010474769
-0.0098482555
-0.0093980143
-0.00759877
-0.0061876397
-0.0031012763
-0.00085825453
-0.00075440699
2.0686346e-05
0.0016912115
0.0008404461
0.0019933945
0.002231044
0.0015030863
0.0023276902
0.0043024701
0.0049751085
0.005897354
0.0072608589
0.0077064875
0.009961605
0.012874841
0.015404738
0.01454728
0.014556632
0.013655683
0.013707854
0.0098343638
0.0084566585
0.0065377391
0.0053913073
0.0062038139
0.0058556231
0.0069535962
0.0079228253
0.0081580237
0.0088359021
0.0077075035
0.0059789068
0.006010991
0.004744313
0.0049305862
0.0041506248
0.0038110238
0.0043972549
0.0040255421
0.0034486345
0.0034706456
0.0038312283
0.0041302908
0.0038436009
0.003336409
0.0044665539
0.0052373148
0.0066083574
0.0079567679
0.0090176295
0.011051572
0.012047281
0.014578728
0.017611568
0.018874495
0.018895193
0.019638451
0.01939314
0.018490647
0.017838497
0.016443655
0.013874311
