-0.0011783566
-0.00052096771
-0.00020851439
0.00020182622
0.0011960606
0.0042079951
0.011395038
0.012915586
0.0051067168
-2.0690828e-05
-0.0029042598
-0.0053849146
-0.0083299853
-0.0069344363
-0.0063951523
-0.0066465308
-0.0035128512
-0.0028542371
-0.0012216489
-0.0001493012
0.0008784542
-0.0018414597
-0.0049886451
-0.0083891015
-0.011852139
-0.012536736
-0.013809342
-0.014042214
-0.012969334
-0.010788605
-0.0094841235
-0.0096702409
-0.011049604
-0.012800533
-0.011606046
-0.010767008
-0.010341834
-0.010043684
-0.009468692
-0.00840839
-0.0065439412
-0.006119012
-0.0052399415
-0.0046163456
-0.0037158625
-0.0030465787
-0.0019003209
-0.002943096
-0.0042716579
-0.0041830284
-0.0015626144
-0.0021214008
-0.0015359491
0.0023726582
0.0055269469
0.0065399473
0.0065433482
0.0053922816
0.0037992076
0.001882187
-0.00020987831
0.00034455079
0.00099640852
0.0029300136
0.0059381105
0.0050634803
0.0053142814
0.0051162418
0.0057935898
0.0089424413
0.011390197
0.012635351
0.015421218
0.019112452
0.018230493
0.018550913
0.017392557
0.015655766
0.015465091
0.016758217
0.020421075
0.024716329
0.027687308
0.027078347
0.023092191
0.017689232
0.013559271
0.0074134384
0.0092941079
0.010676096
0.011663975
0.012177786
0.010203586
0.005754495
0.0022452812
0.00035191654
0.00042001146
0.00077591862
0.0016101354
0.0023237411
0.0031186371
0.0047424944
0.0052179151
0.0059161995
0.0057989554
0.005175526
0.0053834032
0.0059963214
0.0061437019
0.0064454498
0.0066124583
0.0066374841
0.0082152902
0.0088564581
0.011462119
0.013912608
0.0174117
0.015646306
0.017611211
0.018081269
0.012218655
0.012606627
0.01083245
0.012114544
0.0077556138
0.0053586547
0.0045279844
0.0015669616
-0.0019481303
-0.0017224945
-0.0011628401
0.00037665053
-0.002281482
-0.0026348986
-0.0027633857
-0.0021565559
-0.0016845736
-0.00088428138
-0.0010765965
-0.00046197378
-0.00047489235
-0.0013207701
-0.0015233938
-0.001324508
-0.0021632217
-0.0019462521
-0.0017690525
-0.0008038123
-4.18413e-05
0.0051338186
0.011036691
0.0087608622
0.00056082463
-0.0040589413
-0.0061268808
-0.0077657058
-0.00703645
-0.0062904828
-0.0073717278
-0.0061468877
-0.0066299022
-0.0046971832
-0.0016500806
0.0018394299
-0.0012035934
-0.0051489891
-0.007961661
-0.009645814
-0.014622868
-0.017836546
-0.019990908
-0.018932886
-0.016791323
-0.014028081
-0.013958634
-0.015547987
-0.018529731
-0.018154365
-0.015957466
-0.014261157
-0.012380438
-0.011439632
-0.01026398
-0.0077969016
-0.0064591005
-0.0056195824
-0.004490113
-0.0026927141
-0.00034028965
0.0023112086
0.0028931658
0.0035048941
0.0042445459
0.0030266087
0.0027207588
0.0049156906
0.0092071369
0.012765641
0.012862305
0.013695115
0.0140421
0.013747672
0.011305875
0.0099706703
0.0095932524
0.0083442329
0.0088989182
0.010149471
0.010909736
0.010393545
0.012849891
0.012845829
0.013283355
0.01332977
0.015980771
0.017518304
0.018514422
0.019562066
0.020265194
0.018081738
0.014783364
0.015099803
0.01579273
0.017080746
0.019303563
0.022765228
0.021970517
0.01807409
0.01638854
0.010710907
0.0087008253
0.0081261407
0.0073502139
0.0070720137
0.0072532557
0.005672238
0.0041143051
0.001532715
-0.00095141629
-0.0012199898
-0.00094756985
-0.00066342821
0.00055195307
0.0019373478
0.0024956546
0.0032208608
0.003696929
0.003320894
0.0034603346
0.003239499
0.0035881617
0.003912226
0.0042796496
0.0050412415
0.0056354668
0.0063727332
0.0086460088
0.011382978
0.014198425
0.01619147
0.018805996
0.020303533
0.021794671
0.017599779
0.014583689
0.011871585
0.0098739459
0.0082212032
0.0054896195
0.0004160243
-0.0016633331
-0.002890308
-0.0039401662
-0.0034889874
-0.0028165856
-0.0036172307
-0.0053892078
-0.0050665992
-0.0042207292
-0.0025305687
-0.0021069748
-0.001984801
-0.001767013
-0.0022232478
-0.0023171414
-0.0025759943
-0.0026626261
-0.0025820127
-0.0048140067
-0.0045141034
-0.0049268572
-0.0041717329
-0.0038033297
0.0023846607
0.0060505671
0.001474019
-0.0017184549
-0.0045962706
-0.011727708
-0.012367029
-0.011261335
-0.0098358415
-0.010297318
-0.011489087
-0.0095087499
-0.0065530822
-0.0021419074
0.0001577318
-0.0020680438
-0.0073381017
-0.010214045
-0.012674429
-0.016397277
-0.021852144
-0.024512542
-0.024541729
-0.023936428
-0.022630039
-0.025161169
-0.027789831
-0.029315798
-0.028381927
-0.024491458
-0.019653367
-0.017952926
-0.016266742
-0.014252759
-0.011667083
-0.0093020329
-0.0078617556
-0.0058833206
-0.002617157
0.0014658794
0.0034972145
0.0067856368
0.0077639265
0.013083846
0.014117088
0.011948683
0.016548695
0.021628551
0.022541551
0.024333374
0.024763222
0.025688183
0.022251637
0.017203774
0.018943913
0.017895677
0.017785044
0.015925814
0.015895888
0.018550319
0.018927543
0.02078398
0.021690942
0.020651382
0.017457361
0.019086011
0.020671298
0.021107552
0.019824425
0.017258995
0.013818377
0.010572502
0.010877563
0.012926065
0.014057639
0.01453554
0.01484799
0.0097663681
0.0057592716
0.0042209982
0.0038813865
0.0034125821
0.00049643079
-0.001959173
-0.0010959627
-0.0001804066
-0.002416001
-0.002417744
-0.0036547424
-0.0043082699
-0.0038189912
-0.0032024685
-0.0018807478
-0.0011055717
3.517901e-05
0.00063388072
0.00081369318
0.00082434414
0.0010058626
0.0011671675
0.0013381557
0.0015756083
0.0015862984
0.0021771352
0.0022720464
0.003394558
0.0047206102
0.0069188382
0.0079595702
0.015329029
0.019423265
0.021792675
0.017269625
0.012968788
0.0097692105
0.0086038137
0.0072992443
0.0043742788
0.002414277
-0.0011731164
-0.0020835688
-0.0070907942
-0.0083123729
-0.008195395
-0.0075385252
-0.0069296852
-0.0070949639
-0.0058237034
-0.0043981245
-0.0045704386
-0.0037597488
-0.0029881312
-0.0027096696
-0.0037172107
-0.0037090433
-0.0040796891
-0.0042249898
-0.0047156298
-0.0043454503
-0.0066315875
-0.0059469704
-0.0060646359
-0.0059786796
-0.0048289698
-0.00087774247
0.0015555807
-0.005622741
-0.010280217
-0.012473272
-0.017530093
-0.017757032
-0.018190725
-0.020783871
-0.01881963
-0.015298069
-0.011096222
-0.0087343854
-0.0070494622
-0.0065948249
-0.0071145345
-0.010584346
-0.013492156
-0.018144434
-0.020902412
-0.026827094
-0.030798512
-0.032816832
-0.032802062
-0.033774966
-0.039708716
-0.042024216
-0.04480317
-0.040775925
-0.037770306
-0.032907735
-0.029567933
-0.027567479
-0.025485113
-0.021346128
-0.017495973
-0.013575973
-0.011669022
-0.0083991391
-0.0043207733
-0.00073846942
0.0072195878
0.014096067
0.020410865
0.02489487
0.028372422
0.030963093
0.031685389
0.029937501
0.031118993
0.033886228
0.034694966
0.028736979
0.027432377
0.030668451
0.028706299
0.028190059
0.028663813
0.027889094
0.026037412
0.027355257
0.031003276
0.031584637
0.028780643
0.027408208
0.024798123
0.023833735
0.020762929
0.017345156
0.012922837
0.0076383173
0.0067821679
0.0064519616
0.0057705517
0.0028076735
0.0019139041
0.0010079344
-0.004902472
-0.006626353
-0.0067944524
-0.0061863395
-0.0073298818
-0.0078726336
-0.0094493631
-0.0082823462
-0.0069801646
-0.0069759378
-0.0064827882
-0.0064069977
-0.0063751633
-0.0057206538
-0.0051870716
-0.0040580321
-0.0033099419
-0.0026853681
-0.0017233737
-0.0011465742
-0.00050498062
-0.00016087543
-0.00059862798
-0.00023697419
-0.00048881259
-0.00034698662
-0.00016948032
0.00033425593
0.001346492
0.0024649698
0.0028836053
0.0029209086
0.0078499527
0.0098528949
0.0084468371
0.0071744592
0.0037552031
0.0012339715
0.0013364998
-0.00079272908
-0.00078017191
-0.0033968319
-0.0048955132
-0.0080069455
-0.0099467798
-0.012442968
-0.011638929
-0.0099582028
-0.0081682017
-0.0073657254
-0.0057394663
-0.0051216843
-0.0052352681
-0.0042420197
-0.0041668975
-0.0052219785
-0.0058087641
-0.0051643782
-0.0059424487
-0.0060018907
-0.0070876068
-0.0065830479
-0.0085730656
-0.0071630679
-0.0071997463
-0.0064342258
-0.006528121
-0.0030602079
-0.0069738092
-0.014336867
-0.018156287
-0.017996117
-0.019017954
-0.022691493
-0.023997684
-0.028158516
-0.024161285
-0.017593486
-0.013048343
-0.0098489635
-0.0081658952
-0.0097681921
-0.01294664
-0.017098741
-0.020173417
-0.023877105
-0.025890597
-0.029338476
-0.03684637
-0.042045498
-0.046445468
-0.04890276
-0.05412007
-0.05492727
-0.055532224
-0.056578677
-0.051955724
-0.047365776
-0.044941008
-0.041872437
-0.037059531
-0.031177759
-0.024199363
-0.017558293
-0.01730112
-0.015788584
-0.010988655
-0.0039945974
0.0077394123
0.015039396
0.019236663
0.026607202
0.028693528
0.033888803
0.03689621
0.035247985
0.037151455
0.038079791
0.034944899
0.034961212
0.036218334
0.036364884
0.03581853
0.040047153
0.040529838
0.037831639
0.039437863
0.037196115
0.038760978
0.040334321
0.037526541
0.034216145
0.032282861
0.02807181
0.019995886
0.013798927
0.010357634
0.0039478277
0.0026898798
-0.0010897269
-0.0036793417
-0.009157027
-0.011099686
-0.0097794071
-0.012685088
-0.011952725
-0.011638799
-0.010578861
-0.012691414
-0.012353514
-0.01159256
-0.0098766083
-0.0092931966
-0.0082194754
-0.0076009183
-0.0073944111
-0.0058852045
-0.0050159392
-0.0043671014
-0.0037993628
-0.0027431129
-0.0013224161
-0.00037231008
-0.00067853403
-0.00064322048
-8.0436654e-05
-0.00026803383
-0.00026870676
-0.00071851865
-0.00049023328
-0.00040088659
0.00041147693
-0.00036503155
-0.00056962209
-0.0020152369
-0.00060316232
0.001349821
0.0009032202
0.001723413
-0.0014010463
-0.00055679761
-0.0041918279
-0.0036776514
-0.0028060208
-0.0017769185
-0.0034381142
-0.0075897631
-0.00758224
-0.0095248026
-0.012732736
-0.013050213
-0.012514652
-0.010509076
-0.0080072706
-0.0059726509
-0.0062103053
-0.0063140094
-0.0062138576
-0.0065399884
-0.0067571099
-0.0070588044
-0.0076002755
-0.0081750549
-0.0087471447
-0.0086122255
-0.0082242785
-0.0089185085
-0.0084844981
-0.0069239591
-0.0072237226
-0.008737039
-0.0095044714
-0.013731787
-0.020873228
-0.020014296
-0.01944117
-0.01958167
-0.022630241
-0.029974327
-0.027431814
-0.023343558
-0.013329112
-0.010322325
-0.008167088
-0.010528776
-0.01244841
-0.018472045
-0.023178858
-0.028590802
-0.03115814
-0.035715751
-0.040808919
-0.046292252
-0.049663794
-0.055320953
-0.058664525
-0.060631674
-0.061797661
-0.063060645
-0.064427067
-0.063541569
-0.058650182
-0.054487299
-0.051597222
-0.04569781
-0.035784424
-0.024224228
-0.014366869
-0.0079537978
-0.0065396161
-0.0065069986
-0.003875226
0.007215754
0.017001886
0.021138051
0.025673098
0.02912843
0.03276117
0.032896117
0.034389623
0.031214883
0.026494718
0.02467674
0.023717365
0.033480335
0.037719174
0.040340434
0.047438517
0.047238736
0.043123807
0.045717591
0.043336879
0.043256387
0.041591183
0.039229886
0.036833864
0.03347228
0.027882824
0.020086961
0.01178502
0.0063217524
0.0030778843
0.0016816064
-0.0029662064
-0.0081390888
-0.010518737
-0.015701249
-0.016692538
-0.016393189
-0.015613402
-0.015595576
-0.014180598
-0.013877526
-0.012804483
-0.011725737
-0.010248506
-0.0082538308
-0.0078722719
-0.0066695116
-0.0060502326
-0.0051794274
-0.0044138807
-0.0038382981
-0.0032199
-0.0020546964
-0.0018743622
-0.0017987131
-0.0013251279
-0.00072904046
-0.00039263637
-0.00038448084
-0.00030381204
0.00020033393
3.887685e-05
5.4952515e-05
-0.00039158631
-0.0014648059
-0.0027624952
-0.0044076283
-0.0061705631
-0.0051484257
-0.0036985245
-0.0029440296
-0.0025540171
-0.0023454075
-0.0020158965
-0.0029504447
-0.0029061193
-0.0036622217
-0.0048110402
-0.002466699
-0.0073883062
-0.010890463
-0.013068021
-0.016336219
-0.016488089
-0.012210574
-0.0088171038
-0.0068675433
-0.0073157337
-0.0073445089
-0.0082190836
-0.0072846132
-0.0079827395
-0.0085848348
-0.0097767384
-0.0092298103
-0.0096158633
-0.0092067215
-0.0092671758
-0.0080704909
-0.0081144255
-0.0080056155
-0.010993394
-0.011774577
-0.014012625
-0.017784018
-0.020627194
-0.018701548
-0.020594249
-0.018471696
-0.023659907
-0.027557172
-0.028772187
-0.023920545
-0.015307925
-0.010339788
-0.0093067957
-0.011876698
-0.015721001
-0.021188436
-0.028714229
-0.031832877
-0.034868727
-0.03815717
-0.04659773
-0.050611202
-0.054754213
-0.05522817
-0.059520037
-0.065730754
-0.064892328
-0.06734618
-0.068650148
-0.067863561
-0.064922019
-0.059441849
-0.0540338
-0.042620481
-0.02928926
-0.017965645
-0.0054984927
-0.0054751076
-0.0030918687
0.0010926508
0.012763538
0.016928045
0.023243901
0.020399675
0.022605268
0.031062339
0.03137576
0.033583754
0.034954094
0.030270146
0.02838567
0.028867806
0.028942062
0.038967704
0.042831651
0.041036603
0.042892169
0.046486869
0.050026532
0.04850554
0.04684111
0.042906928
0.039807851
0.036236604
0.033898387
0.029262285
0.024157697
0.017142755
0.010743538
0.0054050133
0.0028140526
0.0022443494
-0.002204541
-0.0056952029
-0.0096477865
-0.011170816
-0.012467023
-0.01342722
-0.012219458
-0.012232044
-0.011392033
-0.010716379
-0.0093256192
-0.0081794683
-0.0068295366
-0.0050135941
-0.0050894561
-0.0041871516
-0.0027767599
-0.0023221839
-0.0017182779
-0.0012599877
-0.0010633701
-0.00046816622
-0.00014624465
0.00014963948
0.00028186886
0.00019596457
0.00044469666
0.00043036113
0.00087483375
0.0013772654
0.001132387
0.0016077797
0.00045211913
-0.00059355395
-0.0021885943
-0.0065512033
-0.011846492
-0.0055276565
-0.0026107706
-0.0022214687
-0.00069410347
-0.0020897788
-0.00027742454
-6.3824148e-05
-0.0044511482
-0.0091667282
-0.01079585
-0.013727387
-0.013373947
-0.012633133
-0.015281998
-0.018863128
-0.015541858
-0.011370025
-0.0083462039
-0.0071055679
-0.0061929994
-0.0066328963
-0.0074842403
-0.0072496616
-0.0083021977
-0.0087657847
-0.009896543
-0.010196103
-0.0089686773
-0.0092179954
-0.008845091
-0.0094386132
-0.0094111315
-0.011576521
-0.013923577
-0.01524835
-0.014922808
-0.019288651
-0.015657995
-0.014569977
-0.016865595
-0.017503543
-0.023017286
-0.027857698
-0.031216586
-0.025316396
-0.014408191
-0.012595001
-0.011501136
-0.011499982
-0.014137864
-0.019008421
-0.025046939
-0.028864511
-0.033931257
-0.037667025
-0.043910688
-0.051135756
-0.05449329
-0.057409352
-0.063415219
-0.069336427
-0.070885186
-0.073496583
-0.073168423
-0.069582968
-0.065719454
-0.059933099
-0.046979736
-0.031800657
-0.019520665
-0.0086272824
0.00028979988
-0.0019515294
0.00034632716
-0.0014725519
0.00089908736
0.0078281662
0.0084601566
0.014363544
0.020343453
0.024187096
0.024373088
0.025336132
0.027647726
0.022984161
0.026642342
0.031640861
0.037858226
0.044710308
0.048711834
0.050581183
0.048826052
0.051518983
0.049028695
0.044821043
0.041294264
0.03785245
0.032257729
0.028604222
0.027040475
0.022621293
0.017563183
0.012486514
0.0060031914
0.0020344872
4.2432289e-05
-0.00026528588
-0.0029238509
-0.005302183
-0.0071674862
-0.0072174144
-0.0083623655
-0.0068839144
-0.0064995714
-0.0063456643
-0.0069713065
-0.0068316977
-0.0058983352
-0.0050748606
-0.004971175
-0.0034167958
-0.0029039094
-0.0020349117
-0.0013917306
-0.00043826781
0.00012756899
0.00032963466
0.00013240498
0.00089403163
0.0012242073
0.00073434263
0.00057577796
0.00046192999
0.00051875984
0.00071199182
0.00080872511
0.00072195926
0.00064496754
0.0007069779
-0.00026690494
-0.00099969742
-0.0020428982
-0.010405819
-0.012560244
-0.0037245132
-0.0028434114
0.00057249115
-0.0030566073
-0.002789936
-0.00042349241
-0.0032005267
-0.0075568432
-0.011243303
-0.0142621
-0.015192184
-0.015469501
-0.01619772
-0.015324203
-0.01491813
-0.011140236
-0.010086353
-0.0077462106
-0.0062808523
-0.0066990706
-0.0058305324
-0.0060435634
-0.0065361976
-0.006523254
-0.0078296359
-0.0081031573
-0.0083161778
-0.0078684671
-0.0085100807
-0.0088573015
-0.010302143
-0.010559357
-0.013971535
-0.014103379
-0.013664962
-0.01539959
-0.013218422
-0.01383422
-0.013284886
-0.015439683
-0.018692414
-0.021543647
-0.024603019
-0.028888527
-0.022789204
-0.01447858
-0.014637079
-0.016373846
-0.013640554
-0.012392369
-0.014498079
-0.019030911
-0.024109706
-0.029423935
-0.035845949
-0.040704399
-0.047284805
-0.053124008
-0.062030966
-0.069026944
-0.07402243
-0.079501685
-0.080877555
-0.081697449
-0.077890838
-0.070472956
-0.060964464
-0.046019492
-0.032690922
-0.02493032
-0.016211684
-0.014183138
-0.0086539758
-0.0064362116
-0.0064603647
-0.0065597108
0.0052239011
0.0070320585
0.0091794858
0.013376751
0.019244187
0.018694611
0.021413267
0.027032678
0.031338672
0.036859205
0.039430023
0.04547543
0.049002805
0.051310524
0.05175856
0.05179328
0.047337122
0.045428079
0.044037233
0.041063886
0.033849906
0.030591035
0.02705495
0.023420014
0.01969712
0.014876691
0.0089549796
0.0051757512
0.0010988016
-0.0012934167
-0.0018831489
-0.0016532755
-0.0039220217
-0.0026786377
-0.0025534964
-0.0026920031
-0.0017349034
-0.0022994907
-0.002676503
-0.0034684522
-0.0037979914
-0.0025605692
-0.0016801094
-0.0022724236
-0.001973545
-0.00094302222
-0.00068749372
8.4840383e-05
0.00033735863
0.00064447694
0.00064663463
0.0012216195
0.0008865991
0.001118796
0.00024654123
0.00051245416
0.00045984018
0.00079933138
0.00097221865
0.00090964043
0.00096606582
0.00053397952
0.00086421404
-0.00034069266
-0.00061825041
-0.00062328674
-0.0084256057
-0.012181691
-0.0064307686
-0.0021891207
0.00085218655
-0.0043311693
-0.0078587551
-0.006129511
-0.0096016692
-0.011478299
-0.010928285
-0.012600594
-0.015095421
-0.013095222
-0.012264443
-0.0097829654
-0.0077805499
-0.0049329418
-0.0037132958
-0.0032552941
-0.004677767
-0.0043906148
-0.0031852182
-0.0017437246
-0.002337486
-0.003804116
-0.004871736
-0.0049791578
-0.0058935891
-0.0060018416
-0.0066522523
-0.0088468333
-0.0087027638
-0.0081930335
-0.012589054
-0.012484905
-0.011942648
-0.012031023
-0.011200942
-0.012232128
-0.013990754
-0.014043065
-0.019128652
-0.024765853
-0.028672693
-0.029126749
-0.021181651
-0.018006499
-0.017553985
-0.019490429
-0.01898724
-0.016134866
-0.016926747
-0.020687899
-0.024320882
-0.0295771
-0.037856289
-0.04494545
-0.053048195
-0.059318325
-0.066322423
-0.072428313
-0.074949421
-0.077345157
-0.077768832
-0.076661237
-0.072945497
-0.068375821
-0.057868532
-0.045786304
-0.034151416
-0.028445994
-0.024757945
-0.01677073
-0.009919295
-0.0053798411
-0.0012605835
-0.0026580531
0.011411126
0.010238558
0.011500908
0.019458829
0.020550072
0.017737688
0.025023054
0.029793638
0.032149765
0.034583692
0.038751392
0.042630606
0.046357727
0.045060642
0.045994566
0.043642145
0.041833551
0.039113016
0.035080011
0.033747656
0.029928597
0.02829064
0.024856954
0.02407048
0.019795876
0.016294085
0.011997833
0.0089730811
0.0050787127
0.002443409
0.0011725885
0.0015389546
0.0020603228
0.0021767482
0.0015474533
0.0013930187
0.0010197587
-0.0007365857
-0.00043992901
-0.0010334535
-0.0012263865
-0.00050104769
-0.00019358057
-0.0002672509
-0.00062912418
0.00078926154
0.00025065403
0.0012984937
0.0016547677
0.0015004848
0.0007359978
0.001734853
0.0011833317
0.0011290571
4.6103277e-05
0.00032862855
0.00055253372
0.0016987364
0.00094077054
0.00048849929
-0.00023485047
0.00028709161
-0.00016721177
0.0007510468
-0.00081250477
-0.0021302507
-0.0055533722
-0.0063565472
-0.0088764628
-0.0045847906
-0.0023641753
-0.003902594
-0.0065518199
-0.0094653799
-0.010646866
-0.0089961546
-0.0086538349
-0.0083512765
-0.0089386713
-0.0085403535
-0.0070538462
-0.0049847589
-0.0040073514
-0.00049730035
0.002402459
0.00015868612
-0.00039161987
-3.1683884e-05
0.0018397352
-0.00046215985
-0.00068054873
0.001863153
-0.00072530111
-0.0024734465
-0.0013679995
-0.0032428576
-0.00543263
-0.0070461248
-0.0050414115
-0.0080772552
-0.010327098
-0.0092518639
-0.011600981
-0.01249815
-0.012629409
-0.014320815
-0.016899251
-0.016784965
-0.020251285
-0.023897556
-0.029895933
-0.027083753
-0.024747423
-0.021212685
-0.016976823
-0.020047794
-0.020018617
-0.019519609
-0.019238236
-0.019883137
-0.024037274
-0.031693144
-0.039858978
-0.045828876
-0.053512164
-0.057197254
-0.062103697
-0.065101358
-0.067688536
-0.067181269
-0.069263548
-0.067432211
-0.065789466
-0.057870918
-0.048754653
-0.037168147
-0.031227619
-0.023748001
-0.018698035
-0.015262588
-0.0057647608
0.0042910429
0.01280795
0.021206517
0.022620741
0.022408457
0.024229198
0.025964745
0.029456854
0.03281961
0.036084528
0.037166747
0.036769567
0.037459832
0.038652574
0.038662171
0.041369207
0.040761553
0.040931574
0.035190918
0.034732268
0.032254254
0.031912486
0.02951879
0.027870064
0.02480219
0.024587448
0.021262784
0.021987336
0.020141525
0.015530647
0.012956643
0.0099181574
0.0077267714
0.0059379032
0.004589222
0.0069608535
0.0073550787
0.0062049317
0.0049246593
0.0026204226
0.00108208
0.0016508685
-0.00010715436
0.0006572313
0.00086431726
0.0015154905
0.00085323553
0.0015415303
0.0021756276
0.0012576118
0.0019309498
0.0020155243
0.0022989393
0.0019832488
0.0031306254
0.0039053809
0.0031636743
0.0022610843
0.0037510768
0.0038993496
0.003866819
0.0041952363
0.0036870565
0.0023052706
0.0016787665
0.00084974429
-0.00065321382
-0.0030556799
-0.0054603293
-0.0033119879
0.0035518976
-0.0026716983
-0.0058629377
-0.0029808507
-0.0026185956
-0.0033913719
-0.0081440781
-0.008905318
-0.0095129914
-0.0064309516
-0.005587445
-0.0056367107
-0.0039550293
-0.0030054825
-0.0017579571
0.0013971197
0.0031184965
0.0050348179
0.0075549333
0.0097478137
0.0060372483
0.0068892985
0.0083501038
0.0067960099
0.0041933835
-6.7214517e-05
-0.0019894572
-0.0016294347
-0.0022411853
-0.004051901
-0.0041774729
-0.0040132288
-0.0060179625
-0.0051296431
-0.004724835
-0.007873709
-0.010946519
-0.011882707
-0.012791762
-0.014535505
-0.014752976
-0.015858312
-0.018130451
-0.019844331
-0.01860796
-0.017661006
-0.018398074
-0.016939955
-0.017043872
-0.018659794
-0.020330085
-0.020614881
-0.021905512
-0.025619652
-0.029251242
-0.033731593
-0.0411935
-0.046696749
-0.050908889
-0.054143567
-0.058897184
-0.058511615
-0.057525864
-0.058422302
-0.056658712
-0.055351729
-0.044768629
-0.036401958
-0.027046075
-0.021174203
-0.014346599
-0.012545373
-0.0050243903
0.0048607993
0.014481528
0.031186085
0.037347309
0.037942915
0.039272505
0.039352264
0.034845511
0.036269915
0.043014365
0.046874801
0.043763414
0.044592756
0.042941944
0.042658261
0.041947096
0.041572591
0.04270173
0.042761598
0.037110964
0.032342447
0.031832566
0.028911834
0.02739776
0.025855999
0.023301813
0.019891238
0.018155999
0.015266303
0.012501086
0.007626527
0.0062711485
0.0046556792
0.0022057192
0.001052584
0.00091365241
0.0036370346
0.004511281
0.0056107501
0.0058409558
0.0056412337
0.0062686034
0.0059086827
0.0047287829
0.0044983564
0.0057211623
0.0058569684
0.0079734773
0.0091920266
0.010601295
0.009509185
0.010952502
0.014715565
0.016100807
0.017940247
0.017687798
0.016355422
0.014999799
0.014116901
0.013852733
0.012397408
0.012355692
0.012805849
0.011121611
0.010455961
0.0095166294
0.0061797174
0.0024549692
-0.0010236119
-0.0050806951
0.0014428191
0.0089506798
0.005658067
-0.001511538
-0.0013026895
-0.0018001885
-0.0027471775
-0.0031582027
-0.0038428426
-0.0027791439
-0.00169412
-0.00062969965
-0.0012848058
0.0028663353
0.0028077889
0.0055500098
0.0074988908
0.0064436131
0.0077048188
0.0088092959
0.0096486041
0.0097829332
0.0091400898
0.0078875065
0.0067938514
0.0045647062
-0.00023277714
-0.002202392
-0.0022655314
-0.0046376108
-0.0030610209
-0.0023542769
-0.0036024289
-0.0048972566
-0.0035205231
-0.0033020006
-0.004112917
-0.0042830525
-0.0073618545
-0.0083316532
-0.01021511
-0.011461952
-0.011537238
-0.01105604
-0.010710319
-0.0097605024
-0.011583055
-0.014378761
-0.017442461
-0.017594142
-0.018583997
-0.017824062
-0.016195208
-0.019514446
-0.021637743
-0.027598906
-0.02950721
-0.03489019
-0.039955148
-0.041487195
-0.044876087
-0.045155317
-0.042604059
-0.044671826
-0.048949995
-0.04392573
-0.034577275
-0.026856333
-0.018292504
-0.0081937822
-0.00037306928
0.00061547473
0.001761529
0.0092516628
0.014023911
0.022014164
0.035163676
0.04738263
0.049222812
0.047762806
0.04376731
0.041048273
0.041635299
0.049087086
0.048864958
0.049624258
0.045567765
0.041547094
0.041046262
0.040683994
0.039877748
0.03790627
0.034991497
0.030540766
0.027895769
0.02300011
0.022302799
0.020232002
0.018150863
0.015515413
0.012663573
0.011016761
0.005239775
0.0020253162
0.0025619985
-0.00027640009
-0.00067662871
-0.00033426062
-0.00010631087
0.0012845772
0.0044168312
0.0020281244
0.0030331211
0.0058181825
0.0068082061
0.0078475165
0.0096248274
0.0098537975
0.011220085
0.010339602
0.0099705343
0.0107626
0.013701281
0.014515132
0.016281854
0.019691882
0.024071054
0.025894865
0.027099139
0.027506922
0.022780246
0.020566034
0.016478049
0.01254036
0.0095199544
0.0077103045
0.0062375581
0.0057212936
0.0051041314
0.0023360639
0.00030890959
-0.00094643301
-0.0054809815
0.002458419
0.0092617856
0.012824654
0.0056243803
0.0031753809
0.0032662332
5.6191934e-05
0.00074579151
-0.00017630638
0.0029536719
0.0045800072
0.007513794
0.0063656354
0.006615523
0.0076788077
0.0077567145
0.0060138451
0.0083637838
0.0086196052
0.0087185051
0.0095428881
0.013223499
0.013908591
0.011038668
0.0095578253
0.0077863616
0.0052712458
0.0051875563
0.0014480088
-0.0021849305
-0.0041454114
-0.0054504861
-0.0041984287
-0.0046637226
-0.005006299
-0.0049485744
-0.0022333891
-0.0013684468
-0.0021709281
-0.0029898655
-0.0018680933
-0.0036415602
-0.00585973
-0.0068019072
-0.0071666273
-0.0069283099
-0.0060676888
-0.008708461
-0.0066801716
-0.013167893
-0.015085688
-0.014416806
-0.014254084
-0.01465065
-0.01511229
-0.017354433
-0.020090103
-0.02295729
-0.025444184
-0.028685982
-0.030070651
-0.029481401
-0.027075261
-0.027527509
-0.029703937
-0.033202556
-0.026840606
-0.016780894
-0.0063351913
-0.00069123979
0.0060326083
0.012798248
0.013861901
0.013963134
0.016985287
0.019889834
0.025107606
0.034075197
0.044686353
0.047087862
0.044830224
0.042292511
0.038243497
0.040660932
0.044903397
0.044536649
0.042526273
0.038986437
0.036364688
0.035059343
0.032554451
0.02890961
0.024787624
0.021713378
0.018594942
0.015034664
0.013158368
0.01034465
0.010376044
0.010409654
0.0093679862
0.0061628425
0.0022268812
-0.0010074781
-0.0035781489
-0.00078293337
-0.0012038984
-0.00021461486
-0.0013715121
-0.00039809847
-0.0011813026
0.0014201317
0.0023991904
0.0025594009
0.0026971538
0.0048715541
0.0064135704
0.010163305
0.012374661
0.013271199
0.012854947
0.01443132
0.013156125
0.015436856
0.017458428
0.020092394
0.022426702
0.029506894
0.029182044
0.03147951
0.027759185
0.027498545
0.02379215
0.018099771
0.011688819
0.0060807279
0.0048991933
0.0034759194
0.00093645806
-0.00034135718
-0.00012349757
-0.0017934047
-0.0065877026
0.00095585686
0.012191461
0.013681333
0.011046457
0.0034417563
6.3261707e-05
-8.930916e-06
0.00015327834
0.00057729064
0.0033519194
0.0040544134
0.0066901142
0.0070379658
0.0070754577
0.0068306253
0.0084861324
0.007952865
0.0087069999
0.010481313
0.011123025
0.012212236
0.013046928
0.015418143
0.017302545
0.016724593
0.015821635
0.011608006
0.010161736
0.0092945888
0.0073469713
0.0038801062
-0.00043982452
-0.0018606422
-0.0045752669
-0.0038498981
-0.0042274369
-0.0027281443
-0.0030017923
-0.0019520836
-0.0017578981
-0.0010167079
-0.00079238096
-0.0020752793
-0.0015137674
-0.0039138118
-0.0036264648
-0.0038282242
-0.0032514677
-0.0050460467
-0.0034560589
-0.0085709325
-0.0091609
-0.01002017
-0.0099719951
-0.009268324
-0.0098900195
-0.011439074
-0.012774456
-0.014530178
-0.015896453
-0.018013022
-0.017694237
-0.018081686
-0.014756386
-0.015565257
-0.016202077
-0.017780753
-0.013514714
-0.0077801306
-0.00048053592
0.0068929881
0.012362415
0.018709654
0.019125703
0.016508095
0.016684661
0.021707631
0.023579892
0.03014769
0.033594225
0.034837759
0.036895215
0.035089795
0.029407417
0.029828464
0.032871181
0.032465592
0.03008057
0.027144023
0.023980026
0.02140455
0.017130076
0.014441343
0.01081024
0.007631942
0.0056516631
0.0049205482
0.0035250923
0.0038108347
0.003441716
0.0042600092
0.002522008
0.00029120334
-0.0020485383
-0.0044762901
-0.0045289951
-0.0045064985
-0.0035162629
-0.0035548771
-0.0045984297
-0.003392265
-0.0019181598
-0.000571389
4.9967748e-05
0.002127343
0.0020900125
0.0016413986
0.0034379218
0.0053207745
0.0088905364
0.010564744
0.014081471
0.016043271
0.015829709
0.014908695
0.015925811
0.018362151
0.022464916
0.026579724
0.029188829
0.030234809
0.028256974
0.02524763
0.020938833
0.01527694
0.0091304618
0.0070519689
0.003635531
0.0011486967
-0.00011498511
-0.00024757213
-0.0019155114
0.00099107263
0.0023705445
0.0090625161
0.013073535
0.012717707
0.0095961802
0.0035808886
-0.00051838851
-0.0016124681
0.00052177878
0.00062262349
0.003682974
0.0061960351
0.0065795762
0.008075131
0.0074682096
0.0064601091
0.0079517217
0.0086019885
0.0072535172
0.0090080199
0.010586366
0.01201461
0.014169376
0.015100873
0.017087405
0.018597512
0.017750877
0.014464374
0.014552409
0.013855188
0.011923829
0.0080470599
0.0026529835
0.0011361184
-0.0023650374
-0.00059918736
-0.0015700627
-0.001985941
-0.0017936361
-0.0020421094
-0.0020231921
-0.0010066427
-0.00051832694
-0.00046672315
-0.00068831274
-0.0015235771
-0.0025317127
-0.0023595887
-0.0018218797
-0.0029610946
-0.0032431602
-0.0029231969
-0.0051724679
-0.0068350129
-0.0076512822
-0.0081507028
-0.007320227
-0.0082312284
-0.0086078051
-0.0093485884
-0.0097316637
-0.010412078
-0.0097797606
-0.0085634647
-0.0072367238
-0.008062427
-0.00750806
-0.0066287474
-0.0056009736
-0.0024877566
0.0036619665
0.0067915846
0.012060272
0.015754477
0.012850556
0.012167491
0.013522202
0.016321019
0.018675239
0.021591821
0.022719513
0.024639618
0.024906557
0.023714266
0.018993918
0.016944511
0.017911982
0.019658643
0.018904385
0.015815118
0.012166461
0.0081440898
0.0040811238
0.0019543419
-0.00058869384
-0.0025122593
-0.0034630036
-0.0032528285
-0.0032102363
-0.0031073885
-0.0020022899
-0.0012559957
-0.00055474666
-0.00099759197
-0.0030390095
-0.0042327234
-0.0056291323
-0.0066931493
-0.0060922533
-0.0062341317
-0.0061780913
-0.0041624884
-0.0040474147
-0.0028571418
-0.00079738766
0.0012342079
0.0025207975
0.0017098493
0.0031592815
0.0046877341
0.0058576861
0.0078033914
0.0098658392
0.01061369
0.010230943
0.01057377
0.012465627
0.016270436
0.018489138
0.018674264
0.021332948
0.024832848
0.022662939
0.019335477
0.016449175
0.012004275
0.0084385895
0.0049824143
0.0030296018
0.0012533143
-8.7265095e-05
0.0015546078
0.0021703777
0.0039556859
0.0085871423
0.01126356
0.012433957
0.0098993072
0.0060137767
0.0027766984
-0.0004573545
-0.00058191567
-0.0009486061
-0.00039662921
0.0010823882
0.0026813065
0.0045022461
0.0050458125
0.00511103
0.0047119348
0.00574374
0.0071191454
0.0061325996
0.0068969609
0.0086016362
0.010472868
0.012281132
0.012191912
0.013503022
0.014991107
0.016064244
0.014822096
0.014726061
0.016613629
0.014867383
0.012301913
0.0097177469
0.0054470351
0.0027454272
0.0045023743
0.0024310768
0.00022872923
0.00064132525
0.00068962531
0.00055573514
0.00057537772
0.0014853964
0.00082918308
0.0010032398
0.00027057994
0.0014827002
0.0016914023
0.00081203101
-0.00049045212
0.00030112739
-0.00022584962
-0.0040584265
-0.005098885
-0.006292853
-0.0066821509
-0.0074231864
-0.0078417342
-0.007323954
-0.007691201
-0.0084532943
-0.0080040237
-0.0068078406
-0.0064079944
-0.0054843754
-0.0052348671
-0.0050532624
-0.0037424882
-0.0036950075
-0.0016996462
0.00059287636
0.0039896861
0.0084248677
0.0099823014
0.007764409
0.0067223355
0.0066860929
0.0062923141
0.0095648072
0.012105698
0.012979509
0.013480814
0.013765514
0.01309477
0.0097943465
0.0065608162
0.0081266756
0.009385126
0.011454925
0.0073593633
0.0049597498
0.0033105067
-0.00054045338
-0.0027183307
-0.0054548105
-0.0060892506
-0.0064901063
-0.006529697
-0.006036343
-0.006241208
-0.0044786389
-0.0023056144
-0.0014256303
-0.0023499316
-0.0041064548
-0.0052198567
-0.0055014993
-0.0075349823
-0.0084302965
-0.0070413388
-0.007649485
-0.0056548163
-0.0031556468
-0.00089567041
0.00016405039
0.0021145566
0.0042176023
0.0042900725
0.0040874596
0.0045719146
0.0045484863
0.0055322891
0.005898748
0.0056168466
0.0053002418
0.0062120114
0.0081007506
0.010419935
0.012492956
0.012384318
0.014217195
0.017911569
0.01917381
0.015902628
0.012373035
0.0090205731
0.007255808
0.0052357044
0.0056094053
0.0027298483
0.0021271926
0.003069165
0.0023998226
0.0041496795
0.0047883907
0.0061416449
0.0074310353
0.0050855586
0.0025675362
0.002471449
0.00019561728
0.00025959598
-0.002200119
-0.0020958541
-0.00051649167
0.00064192981
0.0017324526
0.0020954205
0.002094406
0.0033594246
0.0036056286
0.0022599047
0.0028293975
0.0040593249
0.0060324782
0.0081024557
0.0099864647
0.011828026
0.011125719
0.012180121
0.012465253
0.011808991
0.011308735
0.011419665
0.011640678
0.01094765
0.0092862465
0.0076712007
0.0054638014
