-0.0016285
-0.0010589601
-0.00066126194
-0.00015368309
0.00074325031
0.0040352643
0.010545624
0.010145416
0.0023499227
-0.0027247188
-0.0053421323
-0.0071384644
-0.0097538089
-0.0075341098
-0.0067280466
-0.0061750016
-0.0026215261
-0.00233269
-0.00038362881
0.00094313024
0.00092219787
-0.003041699
-0.0068951929
-0.010083561
-0.014008079
-0.014337968
-0.014361781
-0.013872502
-0.012535893
-0.010363445
-0.0093880412
-0.010210828
-0.012148351
-0.014150617
-0.012955518
-0.011919137
-0.011902218
-0.011324722
-0.010813174
-0.0090872626
-0.0070150086
-0.0065657023
-0.0055390726
-0.0046423093
-0.0030725834
-0.0022256904
-0.0011524471
-0.0022703234
-0.0036872585
-0.0034001824
-0.00010606569
-0.00050901319
0.00067531599
0.0057424878
0.0096579141
0.011551256
0.011661326
0.010855876
0.0085281654
0.0066575192
0.0055730406
0.0068736798
0.0080596369
0.010046667
0.012985401
0.011340145
0.011528414
0.010588623
0.010699732
0.01316777
0.015271326
0.016436586
0.018807842
0.021760949
0.020546959
0.021233426
0.019942926
0.018460576
0.018178172
0.019199776
0.0224488
0.026093433
0.028685522
0.027878938
0.023673728
0.018160349
0.013894564
0.0077426406
0.0086949067
0.010140088
0.011482735
0.012017011
0.010531513
0.0055473661
0.0012673272
-0.00087991202
-0.00073330589
-0.00024276102
0.00082717495
0.0020599286
0.0033628475
0.0047573849
0.0052075651
0.0061460224
0.006190788
0.0055312056
0.005573797
0.0062086392
0.0063913741
0.0069383933
0.0071919331
0.0073574361
0.0091951573
0.0098472994
0.012090307
0.014338042
0.01793974
0.01596034
0.016468392
0.016332646
0.010974849
0.011060801
0.0090046138
0.008678015
0.0039139679
0.0024779469
0.0029217658
0.0010219361
-0.0021719049
-0.0021023611
-0.002014264
-0.0020098788
-0.0048270238
-0.0047892479
-0.0042745081
-0.003526142
-0.0028385387
-0.002114066
-0.0022191756
-0.0013922414
-0.0014571544
-0.0021176617
-0.0020299899
-0.0016930662
-0.0027729121
-0.002741456
-0.0024621601
-0.0016044722
-0.00056798195
0.0045614433
0.0085140177
0.0051273058
-0.0030035038
-0.0074882053
-0.0087600033
-0.009678377
-0.0087325445
-0.0083629283
-0.0084632382
-0.0065752289
-0.0068106251
-0.0041321955
-0.00035929131
0.0018820358
-0.0013456397
-0.0062995993
-0.0095811312
-0.011305238
-0.016633639
-0.019553844
-0.020526935
-0.018348123
-0.016510668
-0.013917233
-0.014297524
-0.016101713
-0.01893033
-0.018791177
-0.016523629
-0.015001705
-0.013493334
-0.01286373
-0.011688709
-0.0089568062
-0.0073298004
-0.0061013956
-0.0042468851
-0.0021628776
0.00083384135
0.0039782919
0.0043708278
0.0053438969
0.0064888178
0.0055613766
0.0055974401
0.008248584
0.013731515
0.018085115
0.01938413
0.020321407
0.02065285
0.019945293
0.017180621
0.016806912
0.017031429
0.016349133
0.01721801
0.018004898
0.018003636
0.017281381
0.018706588
0.017337235
0.016924007
0.016186648
0.018784108
0.019677129
0.020344801
0.021496843
0.0221089
0.020132236
0.017201588
0.017126967
0.017686674
0.01820266
0.019745484
0.022539784
0.021585394
0.018683007
0.016672368
0.01087206
0.0082371823
0.0076364748
0.0063747279
0.0063757841
0.006918514
0.0055362944
0.0037417303
0.0001091475
-0.0030226593
-0.003054734
-0.0023090314
-0.0018487632
0.00013619661
0.0019430434
0.0026617277
0.0035549547
0.0038995032
0.0036588249
0.0038671493
0.0036102652
0.0039383142
0.0042620093
0.0046029853
0.0056278953
0.0064899898
0.0074085564
0.0098162209
0.012403991
0.01464779
0.016401911
0.019290761
0.019921857
0.019711123
0.015516698
0.012718706
0.010072246
0.0069151536
0.0049505607
0.0024947356
-0.0022866746
-0.0033451734
-0.0038714986
-0.0056240602
-0.0057134018
-0.0054631144
-0.0060940247
-0.0075970002
-0.0069108703
-0.0055520257
-0.003657566
-0.003330432
-0.0031241944
-0.0030314724
-0.0033857779
-0.0032528689
-0.003403352
-0.003344183
-0.0030879459
-0.0056543304
-0.0052047395
-0.005697672
-0.0049935922
-0.0050584003
0.0011122821
0.0034466854
-0.0019166808
-0.0039317527
-0.0072026373
-0.014044075
-0.013970068
-0.012853903
-0.011073318
-0.010991482
-0.012652862
-0.011163081
-0.0078777887
-0.0030014431
-0.0010117011
-0.0033128758
-0.0085996448
-0.012081838
-0.014934612
-0.019004456
-0.023626694
-0.024913063
-0.023729551
-0.02275425
-0.022521684
-0.025298843
-0.028314606
-0.029557393
-0.028172435
-0.024302392
-0.019608401
-0.018671217
-0.017240904
-0.015258917
-0.012513656
-0.01017885
-0.0081381499
-0.005107417
-0.0011948747
0.0030603838
0.0055929737
0.0090319018
0.010799673
0.017616641
0.018955429
0.016913116
0.022562954
0.027224685
0.028498493
0.03207013
0.03363576
0.034264285
0.029061635
0.02524166
0.027830792
0.027026939
0.027278602
0.02465879
0.023561625
0.025089061
0.024502801
0.025208153
0.025496658
0.023843462
0.019969591
0.021132291
0.022241438
0.022607483
0.021246996
0.018248021
0.014419277
0.011891459
0.012466015
0.013290707
0.013587623
0.01410613
0.013748264
0.009182264
0.0055635038
0.0040984436
0.0036122678
0.0023648823
-0.00068653363
-0.0034182345
-0.0023915203
-0.0013356788
-0.003183081
-0.0034984343
-0.0052220396
-0.0058953539
-0.0050585129
-0.0039624403
-0.0020873725
-0.00097733979
0.00071107592
0.0011835468
0.0014529005
0.0011208151
0.0013732254
0.0015619262
0.0017150143
0.001785755
0.0019297117
0.0023768864
0.0027444932
0.0039683937
0.0056058462
0.007925717
0.0090093435
0.016831721
0.019570142
0.020683348
0.014981158
0.011158393
0.0081256762
0.0073961414
0.006193206
0.0025915839
-0.00021137763
-0.0031288372
-0.0041769499
-0.008875567
-0.0097759991
-0.0099069844
-0.0093988396
-0.0092676969
-0.0087416895
-0.0071569491
-0.0055018661
-0.0054387977
-0.0044803389
-0.0038162259
-0.0036116876
-0.0047677867
-0.0047281889
-0.0051201029
-0.0050384979
-0.0054987834
-0.0050644162
-0.0074654663
-0.0066822177
-0.0070137242
-0.0071345173
-0.0060595473
-0.0028297252
-0.0011862353
-0.00833357
-0.012025296
-0.013740628
-0.01872725
-0.018866972
-0.019613853
-0.02105208
-0.019332213
-0.016299033
-0.012985424
-0.010768939
-0.0082024407
-0.0074662844
-0.0081960154
-0.011920561
-0.01479981
-0.020053032
-0.023111047
-0.028128166
-0.030864525
-0.032110752
-0.031969861
-0.033792243
-0.039104322
-0.041973617
-0.044235066
-0.039967526
-0.037259444
-0.033022561
-0.029883722
-0.027668033
-0.02607062
-0.021475314
-0.017050854
-0.013057724
-0.010833145
-0.0066144771
-0.0020205516
0.0023311865
0.010607192
0.01831589
0.026036527
0.031589575
0.035358174
0.038239467
0.038649209
0.037051605
0.039876212
0.044271179
0.044664534
0.037806189
0.037782592
0.041489459
0.039243592
0.037359508
0.036280319
0.034239998
0.031958091
0.03257352
0.035631337
0.035377834
0.032048793
0.029542508
0.026283148
0.024790781
0.021806912
0.019211901
0.01335386
0.0085320351
0.0077269637
0.0067636033
0.0051007352
0.0020718943
0.00060678874
-0.00025114068
-0.005297721
-0.0066239621
-0.0073065041
-0.0072654805
-0.0091075216
-0.009923111
-0.011585017
-0.01021575
-0.0085082597
-0.0085063057
-0.0078288682
-0.0077744105
-0.0074345135
-0.006075998
-0.0050152924
-0.0037946168
-0.0029662579
-0.0019069645
-0.00095279015
-0.00051645647
-0.00022949052
5.4725302e-06
-0.00063946088
-0.00032402638
-0.00066843219
-0.0005449617
-0.00045988724
0.00025092104
0.0012527871
0.0029104485
0.0034294942
0.004343882
0.008107581
0.0087211095
0.0074436403
0.0053108165
0.0024368938
-0.00044960211
0.00044909744
-0.0017067869
-0.0025225231
-0.0049123504
-0.00704553
-0.0095858325
-0.011524509
-0.014316791
-0.012703044
-0.011272062
-0.0097448697
-0.0086696411
-0.0064304165
-0.0054753184
-0.005292304
-0.0047688458
-0.0049974815
-0.0060844568
-0.0065143043
-0.0059863312
-0.006819332
-0.007048696
-0.0079962462
-0.0076094462
-0.0094070706
-0.0079654787
-0.0082121075
-0.0076599224
-0.0078861389
-0.005036371
-0.0093982391
-0.017340348
-0.020898729
-0.02103642
-0.022360245
-0.025234417
-0.025773297
-0.029402842
-0.025199625
-0.018650932
-0.014867287
-0.012158203
-0.010051594
-0.011289312
-0.014464726
-0.019156118
-0.021885734
-0.025598021
-0.02823352
-0.031016769
-0.038038141
-0.042270449
-0.045726523
-0.048250617
-0.052855405
-0.053441968
-0.054263473
-0.055167658
-0.05006176
-0.045637505
-0.043234579
-0.040358737
-0.035393213
-0.029259621
-0.022482503
-0.01597794
-0.015642314
-0.012906357
-0.0074390899
0.0011579044
0.012311741
0.019765149
0.024616501
0.032788659
0.035813121
0.041886906
0.045052151
0.044711794
0.048261863
0.049150037
0.045679534
0.046078171
0.046494635
0.046478701
0.046225566
0.049141744
0.048025884
0.044840054
0.044987466
0.042367375
0.043503747
0.043409526
0.039724908
0.034471226
0.032310062
0.027576747
0.019578839
0.014658921
0.010788553
0.0040706084
0.0020870815
-0.0022019203
-0.0052447866
-0.01183307
-0.013792185
-0.012300676
-0.014158181
-0.013636585
-0.013371683
-0.012714372
-0.015387139
-0.01509146
-0.014112524
-0.012238351
-0.01125963
-0.0097272673
-0.0085062097
-0.0080684616
-0.0060309427
-0.0048269148
-0.0037971617
-0.0030570657
-0.0018975598
-0.00099848394
-0.00032558805
-0.00086507662
-0.001021744
-0.0006198796
-0.00083058891
-0.00089286069
-0.001288756
-0.001083696
-0.0011713402
-0.00056099233
-0.0010892487
-0.0010186799
-0.0019799108
1.4890812e-05
0.00075152325
-0.00067164404
0.00027486772
-0.0026058226
-0.0024314888
-0.0052299357
-0.0044661293
-0.003882617
-0.0032842936
-0.005244664
-0.0093602852
-0.0095553252
-0.011662246
-0.014330144
-0.014158974
-0.013603009
-0.011571222
-0.0086205203
-0.0063766874
-0.0065561564
-0.0065248599
-0.0068463342
-0.0073924961
-0.0076852467
-0.0077272695
-0.0083694562
-0.0089373347
-0.0096404339
-0.0094459042
-0.0090669276
-0.010235788
-0.010017558
-0.0083315889
-0.009337652
-0.010733915
-0.012201036
-0.01704221
-0.024183619
-0.023265927
-0.022788116
-0.02300175
-0.026019939
-0.032729598
-0.029437652
-0.025181608
-0.014788955
-0.012799186
-0.010585171
-0.013391941
-0.015330718
-0.021866937
-0.025824964
-0.031629878
-0.034789154
-0.038252996
-0.043202453
-0.047558752
-0.049806335
-0.054481901
-0.057136555
-0.058734212
-0.059391818
-0.059437187
-0.061172224
-0.059807488
-0.054969403
-0.050310539
-0.047238525
-0.041449219
-0.030874768
-0.019915054
-0.0099753849
-0.0035447033
-0.0020638571
-0.0019792321
0.00041264155
0.012368118
0.022622941
0.027657065
0.032243271
0.035694703
0.040738013
0.040767935
0.044282707
0.04100581
0.036529072
0.033548351
0.03274838
0.042784969
0.047132906
0.04965632
0.055058355
0.052380646
0.047437225
0.050191762
0.047312934
0.046169172
0.042833867
0.039394107
0.035550276
0.032132986
0.026147819
0.018741667
0.010910923
0.0053559493
0.0021064328
-0.00066535777
-0.0059868592
-0.011119449
-0.014465702
-0.019181997
-0.020217137
-0.019851782
-0.018865921
-0.019187692
-0.017658299
-0.016938698
-0.015514722
-0.013681906
-0.011952754
-0.0098447718
-0.0093440781
-0.0078726597
-0.0068536777
-0.0054379953
-0.0045073824
-0.0036168791
-0.0030524121
-0.0021271039
-0.002137824
-0.0021920635
-0.0020234272
-0.0016569825
-0.0013787593
-0.0012177387
-0.0012602484
-0.00087761199
-0.0010334733
-0.0012298707
-0.001727054
-0.0027138645
-0.0036103634
-0.0048256667
-0.0070398125
-0.0066003552
-0.0047501855
-0.003856273
-0.0033627725
-0.0033805086
-0.0026218031
-0.0038231046
-0.0041527594
-0.005496637
-0.0068124821
-0.004876512
-0.009593966
-0.012967459
-0.015549875
-0.018400038
-0.018159317
-0.013496183
-0.0097016888
-0.0075557897
-0.008067134
-0.0079725298
-0.0090656584
-0.0083779267
-0.0092680028
-0.0096490817
-0.010757525
-0.010220847
-0.010942162
-0.010455153
-0.010697208
-0.010002651
-0.010658601
-0.010733041
-0.01388753
-0.014374037
-0.016813955
-0.020961377
-0.023875041
-0.022336751
-0.023886116
-0.0221871
-0.027373297
-0.030760494
-0.031746493
-0.026593479
-0.017009618
-0.012267604
-0.011302578
-0.014401819
-0.018220683
-0.024095688
-0.031790405
-0.035439015
-0.038047487
-0.040670233
-0.047584621
-0.050853558
-0.054548041
-0.053566397
-0.057595471
-0.062179032
-0.060818418
-0.062121574
-0.062455053
-0.0617372
-0.05766549
-0.0525313
-0.046826002
-0.034619803
-0.021124923
-0.0089266806
0.0024922011
0.0023396033
0.0051708828
0.0090812902
0.020004445
0.024888353
0.031253005
0.027461308
0.02980004
0.039246453
0.039932535
0.042466327
0.043687082
0.03788508
0.03612332
0.035285004
0.035593967
0.045620729
0.048536588
0.047037174
0.047855858
0.050920884
0.052934329
0.050113478
0.04809176
0.043547353
0.040133878
0.035803364
0.031845544
0.027008083
0.021866536
0.015614031
0.0091408469
0.0030073501
0.00072789572
-0.0012540476
-0.0062340911
-0.0096817933
-0.013854041
-0.015049819
-0.016238129
-0.017241254
-0.015603512
-0.015631118
-0.014321583
-0.013262015
-0.011804008
-0.0098794124
-0.0083901761
-0.0063033834
-0.0064710584
-0.0053771396
-0.0036825406
-0.0029402976
-0.0023090065
-0.001727856
-0.0015418219
-0.0010636496
-0.00089777879
-0.0009289833
-0.00074542024
-0.00071538428
-0.00044667568
-0.00044004966
-5.3827341e-05
0.00043263015
0.00029156495
0.00059980632
-0.00094902057
-0.0020085758
-0.0036641447
-0.0074448818
-0.012439741
-0.0062951345
-0.0027079378
-0.0023741223
-0.0018709611
-0.002129367
-0.00042589338
-0.0007803015
-0.0051614388
-0.010754211
-0.012556062
-0.015511103
-0.014757245
-0.014714071
-0.017198468
-0.021055397
-0.018107305
-0.013259018
-0.010180145
-0.0083277942
-0.0069078286
-0.007430835
-0.0084968726
-0.0087079253
-0.010023213
-0.010277213
-0.011182817
-0.011558929
-0.010430969
-0.010988725
-0.010713066
-0.011712747
-0.012073374
-0.014460401
-0.016499299
-0.017257639
-0.017256259
-0.02092939
-0.018240102
-0.017513779
-0.019824203
-0.021122144
-0.026301972
-0.031100743
-0.034028802
-0.027688177
-0.015581772
-0.013785754
-0.01256801
-0.013205257
-0.0161546
-0.021499001
-0.027061346
-0.031309484
-0.036388799
-0.039659723
-0.044278313
-0.050815012
-0.053534063
-0.056290702
-0.061326551
-0.065690506
-0.065871965
-0.067867258
-0.066479495
-0.061973448
-0.057294239
-0.051278758
-0.037281087
-0.022047972
-0.009438858
0.0001897336
0.0069114625
0.0058901159
0.0083975037
0.0072360126
0.010292049
0.016632261
0.016975924
0.021960264
0.028550802
0.031760975
0.031513233
0.032562649
0.032930089
0.027842172
0.031471912
0.036479644
0.04283073
0.048772856
0.052208014
0.05265674
0.049962008
0.051601998
0.048590468
0.044026919
0.040020349
0.037032695
0.030640318
0.027079335
0.024943055
0.020565148
0.015511949
0.010425199
0.0034536652
-0.00044485179
-0.0024543262
-0.0033970497
-0.0057737522
-0.0080676322
-0.0096195357
-0.010386963
-0.011517298
-0.010198095
-0.0097080566
-0.0091064677
-0.0095062365
-0.0087298669
-0.0077200002
-0.0070504992
-0.0065039156
-0.0048126954
-0.0041003592
-0.0032122071
-0.0024740023
-0.0013432594
-0.00058621325
-0.0005033009
-0.00067936528
6.517745e-05
0.00036743125
-0.00011073495
-0.00053612728
-0.00053481465
-0.00055482609
-0.0004502617
-0.00024833424
-0.00032568706
-0.00041073229
-0.00035748897
-0.0013534365
-0.0018347193
-0.0031740508
-0.011131629
-0.012467071
-0.0034975138
-0.0025673482
0.00071521299
-0.0033186215
-0.0026038254
-0.00013895414
-0.0028552516
-0.0082708113
-0.012332394
-0.015815887
-0.016269056
-0.01653089
-0.017916291
-0.018211464
-0.018359999
-0.013967544
-0.012399017
-0.0099943081
-0.0084207766
-0.0084189854
-0.0070948543
-0.0077991508
-0.0080268152
-0.0085111169
-0.0095924241
-0.009912077
-0.0099502134
-0.0094752496
-0.010364762
-0.011162016
-0.012104135
-0.012940181
-0.017167887
-0.016973676
-0.015611219
-0.016338008
-0.015042825
-0.016154391
-0.015278985
-0.017887725
-0.021736521
-0.024688744
-0.027599958
-0.030626463
-0.025105649
-0.016164535
-0.015475372
-0.01681077
-0.01442099
-0.013383959
-0.015949388
-0.020238561
-0.025363727
-0.031113654
-0.037457671
-0.041529096
-0.047470709
-0.052637102
-0.06056821
-0.066139753
-0.069860376
-0.074375596
-0.074693204
-0.074564921
-0.070156854
-0.062442314
-0.052591642
-0.037981746
-0.024867188
-0.017035342
-0.010119028
-0.0079633432
-0.00085138669
0.0022155502
0.0028448738
0.0028841214
0.013541816
0.014513788
0.016809086
0.020149931
0.026062159
0.025042951
0.027395493
0.032158227
0.036090404
0.040850287
0.042485724
0.047848619
0.050713524
0.052119082
0.051814253
0.050058511
0.045482443
0.043244543
0.041269183
0.038333498
0.031608553
0.027836794
0.024934208
0.020859335
0.017440917
0.013116031
0.0078460225
0.003877711
-0.00033107531
-0.0024943179
-0.0036396235
-0.0029804362
-0.0052269071
-0.0039493767
-0.0044152647
-0.0047212176
-0.0038210871
-0.0043925465
-0.0045342046
-0.0052997575
-0.0052017783
-0.0037904931
-0.0030375762
-0.0034315623
-0.0029066743
-0.0018139128
-0.0017710519
-0.00053525159
9.0788515e-05
0.00038758582
0.00024555773
0.00079225726
0.00052804363
0.00065244138
-0.00034365166
-0.00020414675
-0.00039754361
-0.00017303295
-0.00017706929
-0.00010182244
-0.00019178646
-0.00049865619
-7.930677e-05
-0.0010299496
-0.00072582829
-0.00055319623
-0.0087043215
-0.01131232
-0.0050751629
-0.0010751521
0.00094893765
-0.0039233454
-0.0068764553
-0.0056599531
-0.0090782301
-0.011344381
-0.011287579
-0.013614727
-0.01600358
-0.014845202
-0.014488398
-0.011901188
-0.0099404826
-0.007143247
-0.0059754729
-0.0051978087
-0.00616505
-0.0057123273
-0.004087013
-0.0028191285
-0.003780652
-0.005560985
-0.0069104329
-0.0072599437
-0.0081847858
-0.0080757112
-0.0089072476
-0.011142517
-0.010900814
-0.010336081
-0.015243558
-0.014841102
-0.014202336
-0.013849425
-0.013360138
-0.015263122
-0.016578404
-0.016575251
-0.021695918
-0.027018114
-0.030601474
-0.031024979
-0.023990564
-0.019709663
-0.018112996
-0.019734187
-0.018780467
-0.016650459
-0.017680726
-0.021379084
-0.025017059
-0.030462479
-0.03874042
-0.044906377
-0.051252791
-0.056640244
-0.062585409
-0.067541114
-0.069984127
-0.071370559
-0.070909712
-0.070629667
-0.066781893
-0.061928034
-0.051483709
-0.039149111
-0.027385524
-0.022166877
-0.018744583
-0.010193398
-0.0034466609
0.0020217291
0.0071368018
0.0062198859
0.017652945
0.015798096
0.016783871
0.023576603
0.024977123
0.022723801
0.029427841
0.032986053
0.034342031
0.036400588
0.039303726
0.043153449
0.046306286
0.044490949
0.045132748
0.041513724
0.038939264
0.036326578
0.032198776
0.030703172
0.027376441
0.026546348
0.023601479
0.022787313
0.018692378
0.014163177
0.010423156
0.0072283748
0.0029985111
0.0011071562
-0.0001989378
0.00033733008
0.0009664623
0.0012430905
0.00031544251
-0.00033825862
-0.00071945451
-0.0024396279
-0.0018252819
-0.0021726109
-0.0020973833
-0.0011450885
-0.00057217494
-0.00095034306
-0.0011283677
0.00014293201
-0.00023479627
0.00088885869
0.0010698635
0.0010494247
0.00058168302
0.0017835222
0.0012545702
0.0012450438
-9.3055325e-05
1.5199166e-07
0.00017872104
0.0010889962
-9.2480662e-06
-0.00068110281
-0.0012164645
-0.00074187822
-0.00044767465
0.00067352886
-0.00073816474
-0.0016444711
-0.0052602881
-0.0058770102
-0.0074358286
-0.0019289221
-0.00076495413
-0.0032265591
-0.0054696494
-0.0090270572
-0.0098977459
-0.0083009641
-0.0077529237
-0.008154597
-0.0094620192
-0.0089158448
-0.0073172633
-0.0046522839
-0.0038688548
-0.00046817174
0.0016987593
-0.00036759256
-0.00095945863
-0.00056389355
0.0010901931
-0.00075140138
-0.00077033087
0.00056898724
-0.0025810642
-0.004459005
-0.0031314928
-0.0055605447
-0.0076924397
-0.0097078366
-0.0068505687
-0.010011052
-0.012773394
-0.012221055
-0.013581534
-0.013707027
-0.013832131
-0.016932719
-0.018914175
-0.018970618
-0.022159248
-0.025378433
-0.031033202
-0.029912081
-0.027522204
-0.022896783
-0.018314701
-0.020069558
-0.019477656
-0.019029777
-0.018501019
-0.019261707
-0.022970232
-0.029723236
-0.037645779
-0.043585183
-0.049926964
-0.052608001
-0.0571458
-0.060092363
-0.062278025
-0.061693269
-0.063844711
-0.061161139
-0.059100247
-0.051607696
-0.04229426
-0.031434898
-0.024539413
-0.017318432
-0.013078113
-0.0091600171
-0.00042012137
0.010296395
0.019355605
0.027307766
0.026327493
0.025706048
0.026921144
0.028159906
0.031865485
0.035420723
0.037363481
0.037766559
0.036781535
0.036746392
0.03714134
0.036801754
0.038976697
0.038586592
0.038228586
0.032391976
0.032180327
0.029561788
0.029373667
0.027220386
0.026353317
0.023302547
0.022880138
0.019923373
0.020080142
0.017804083
0.012985272
0.010706622
0.0070919598
0.0052194807
0.0035221173
0.0020567872
0.0051891225
0.0055237749
0.0041432263
0.0028487214
0.001250245
5.9025886e-05
0.0011031422
0.00011052416
0.00089109782
0.00091491034
0.0018420323
0.0013287024
0.0017859754
0.0027067729
0.0024195458
0.0033104093
0.0029696766
0.0029646007
0.0026549392
0.0039246123
0.0050156339
0.0038992923
0.0032591443
0.0046562847
0.0040527961
0.0037866897
0.0039658836
0.0030798352
0.0021120691
0.001757796
0.0012909283
0.00012374689
-0.0023002041
-0.0042199366
-0.001877004
0.0034403684
-0.0021455657
-0.0039982079
-0.0018422861
-0.0010667342
-0.0017817145
-0.006339814
-0.0072429873
-0.0076200285
-0.0048984867
-0.004249301
-0.0045660371
-0.0029016974
-0.0014249268
0.00047496162
0.0034750157
0.0052519858
0.0065779474
0.0086123468
0.01040194
0.0064616955
0.0069758137
0.0080231277
0.0064452941
0.003387177
-0.0011105971
-0.0034378434
-0.0030042584
-0.0037470666
-0.0050241026
-0.0054427543
-0.005671852
-0.0074670285
-0.0065922526
-0.0067596456
-0.0098685351
-0.012061538
-0.012914939
-0.013498009
-0.015014881
-0.015593972
-0.016584082
-0.018606811
-0.02022818
-0.01981258
-0.019791128
-0.020280996
-0.018534969
-0.017755169
-0.01830502
-0.01929511
-0.019002589
-0.01995216
-0.022947016
-0.025565687
-0.029351939
-0.036349703
-0.041175289
-0.044992212
-0.048331348
-0.052954823
-0.052678893
-0.052078476
-0.052083158
-0.049977349
-0.048359654
-0.038680411
-0.030415655
-0.021600971
-0.015737181
-0.0084398848
-0.0062700855
0.00039474817
0.0090220253
0.018121091
0.034916497
0.039704299
0.038756993
0.039849364
0.039124042
0.035559673
0.03735373
0.043169345
0.045635592
0.042083455
0.042870393
0.040620234
0.039852537
0.038888784
0.037884124
0.038317704
0.038232838
0.032803575
0.028040539
0.027721887
0.025233304
0.024036317
0.022822761
0.019894423
0.01685699
0.014942274
0.011915182
0.0086888534
0.0040927764
0.0029538365
0.00037437897
-0.0018243489
-0.0021789164
-0.0017504688
0.0013560597
0.0019262822
0.0027616688
0.0035274226
0.0040792565
0.0052042088
0.0046434079
0.0035958444
0.0044552209
0.0067381831
0.0064933133
0.0084719621
0.010092817
0.012657427
0.012208404
0.013612187
0.016817702
0.018364693
0.019026593
0.01829644
0.016934171
0.015148887
0.014075779
0.013195413
0.011384122
0.01075114
0.011305559
0.0095322714
0.0090602816
0.0082866445
0.0058797865
0.003136621
-0.00021036457
-0.0032335651
0.002990466
0.008909408
0.0056579326
-0.00022443019
-3.8719299e-05
-4.3959383e-05
-0.00059431762
-0.0014255356
-0.0022666646
-0.0013163319
-0.00027731106
0.00031593157
-3.8296718e-05
0.0035279913
0.0035834626
0.0068732382
0.0086892966
0.0079089729
0.0092111726
0.010282596
0.011381922
0.010352112
0.0091838408
0.0080736905
0.0070032289
0.0046893547
-0.00014160212
-0.0025855889
-0.0036464798
-0.0056001852
-0.0045390071
-0.0039319937
-0.0052391974
-0.0064497889
-0.0051504391
-0.0049046857
-0.0052625078
-0.0055030778
-0.0084556962
-0.0093368809
-0.01038038
-0.011055472
-0.010923335
-0.011217177
-0.01101601
-0.010492025
-0.012067485
-0.015473615
-0.019066924
-0.018371255
-0.01819632
-0.016886182
-0.015042467
-0.017547838
-0.018956941
-0.023884989
-0.025012637
-0.029307655
-0.033492166
-0.035028214
-0.038211159
-0.038629586
-0.037946841
-0.039072471
-0.042063473
-0.03759137
-0.02916715
-0.022389687
-0.01467442
-0.0056324161
0.00095969822
0.0026708581
0.00445796
0.010064466
0.015266224
0.023016601
0.034905051
0.045471141
0.046273016
0.044970811
0.040509846
0.039027927
0.040464491
0.04650417
0.045431897
0.045158588
0.040338298
0.036782879
0.036854904
0.03678532
0.035899019
0.033404164
0.030053527
0.025659422
0.02293177
0.01829439
0.018878322
0.017019695
0.015281477
0.012240654
0.009153452
0.0066553276
0.0011752039
-0.0019078386
-0.0012568983
-0.0043568354
-0.0052279211
-0.004773903
-0.0044315688
-0.0025449172
0.0011047101
-0.00010628013
0.001461506
0.0046220547
0.0052781615
0.0064074139
0.0075651522
0.0084453817
0.010676865
0.0098924311
0.0088385153
0.0097153682
0.013212043
0.014206482
0.016572063
0.019649926
0.023685664
0.025144599
0.026445163
0.026615886
0.022703018
0.020091461
0.015447086
0.011519158
0.0084204778
0.0064185067
0.0056618908
0.0057536693
0.0054791405
0.0032194112
0.0017746131
0.0012188924
-0.0025778036
0.0036431595
0.008570886
0.011778559
0.0052794711
0.0040868322
0.0046370438
0.0016432304
0.0021493937
0.0014914417
0.0043815247
0.0060123598
0.0080405945
0.0071200805
0.0072359098
0.008505702
0.0085142812
0.0076662458
0.0098551113
0.010509202
0.011309118
0.012185014
0.014853569
0.015387823
0.013153311
0.011224782
0.0086917324
0.0060576615
0.0056735447
0.0017372904
-0.0027029432
-0.0046109006
-0.0058264702
-0.0054648156
-0.0050983998
-0.0058399028
-0.005840041
-0.0030454462
-0.0017322296
-0.002675796
-0.0032687266
-0.0025860872
-0.0038093478
-0.0056415519
-0.0061596499
-0.0065017847
-0.005795933
-0.0062737339
-0.0083047301
-0.0073641743
-0.014245339
-0.015524763
-0.014473344
-0.013865466
-0.013704455
-0.013404247
-0.014925533
-0.01699503
-0.019312752
-0.020902427
-0.023632406
-0.024551781
-0.024250833
-0.022863207
-0.024315073
-0.026061132
-0.029476639
-0.023463445
-0.014518522
-0.0049466949
-0.000640535
0.0056977314
0.010297173
0.011642764
0.012972938
0.01631985
0.019532021
0.024349934
0.031921531
0.039939276
0.04127175
0.039238789
0.037249082
0.035233486
0.037148394
0.040365681
0.039549173
0.037307881
0.033564158
0.031584513
0.031046211
0.029164731
0.025725393
0.021571705
0.018555336
0.015490441
0.011988467
0.0099010548
0.0079449273
0.0080827359
0.0077467562
0.0063355141
0.002836726
-0.00075097706
-0.0041374903
-0.0064615765
-0.004139711
-0.0048698855
-0.0042995209
-0.0049940651
-0.0038188293
-0.0044252881
-0.0012918246
0.00026962168
0.00089879821
0.0015062226
0.0036810488
0.0051483035
0.0085778491
0.010691923
0.01172515
0.01185095
0.012951988
0.012131034
0.014129659
0.016160316
0.018290904
0.020309871
0.026864976
0.026928697
0.029019019
0.025632342
0.026213148
0.022451934
0.016943643
0.011112734
0.0063359933
0.0051100649
0.0042859442
0.0022796747
0.0015683708
0.0017704346
0.00061558294
-0.0024548835
0.0032735345
0.011265417
0.01229164
0.0096555213
0.0043260318
0.0023896557
0.0023389642
0.0021027511
0.002358128
0.0045583784
0.0054437339
0.0078807912
0.0082179737
0.008342019
0.0081700563
0.0095935681
0.009323321
0.010265513
0.012120667
0.012678034
0.014072456
0.015508074
0.017604786
0.019319472
0.019344959
0.01808677
0.013807224
0.011631903
0.010945854
0.0085929944
0.0044690013
3.4491435e-05
-0.0020496094
-0.004703253
-0.0028383578
-0.0036299961
-0.0030245127
-0.0035148134
-0.0020718616
-0.0015923696
-0.00037022715
-0.00035076669
-0.0011449497
-0.00029881798
-0.0022002657
-0.0018566047
-0.0018148401
-0.001878024
-0.0039158131
-0.0034564988
-0.0088242494
-0.0089108607
-0.0099164706
-0.0094577299
-0.0092044897
-0.0090759267
-0.010369875
-0.010845567
-0.012016361
-0.012520429
-0.014200744
-0.013997966
-0.01426311
-0.012094053
-0.013350281
-0.014821206
-0.017006342
-0.013757065
-0.008205769
-0.0014337258
0.0048984906
0.0094265103
0.014406399
0.015794969
0.014462762
0.015112784
0.019907969
0.021557925
0.026226595
0.028544731
0.029292321
0.030902462
0.029866537
0.025490511
0.025535709
0.027976711
0.02761474
0.026103039
0.023244016
0.020159696
0.018245491
0.015165884
0.012634461
0.009189653
0.0061108095
0.0042344943
0.0032611544
0.0015338589
0.0017375176
0.00081809872
0.0012138113
-0.00035453722
-0.002378879
-0.0047769928
-0.0067486965
-0.0066812438
-0.0066172818
-0.0057864683
-0.0062519118
-0.007155294
-0.0060609114
-0.0052400183
-0.0036780545
-0.002253694
0.00075970761
0.00067476671
0.00070121034
0.0027952072
0.0047600985
0.0080504649
0.0098780671
0.013245933
0.014515125
0.015001897
0.014605069
0.014939009
0.016841226
0.02047432
0.024061034
0.026279955
0.026561283
0.025675626
0.023481016
0.01992863
0.015009832
0.0098218221
0.0078989841
0.0045401969
0.0023598547
0.001648639
0.0018620422
0.000124916
0.0031633098
0.0047729621
0.0091624997
0.011768097
0.01164926
0.0085722672
0.0039552257
0.0013928318
0.0010283512
0.0026219868
0.0025031096
0.0045632479
0.0064318894
0.0069017101
0.0083425966
0.0079484028
0.0070895602
0.0084736119
0.0091259054
0.0078626927
0.0098317908
0.011038817
0.0122905
0.014887904
0.016964079
0.019229369
0.021006907
0.020062156
0.01743773
0.01757575
0.016370022
0.013860978
0.010028144
0.0044515525
0.0023224472
-0.0012739738
0.00054131124
-0.00065259002
-0.00079108007
-0.0010134883
-0.0013925088
-0.0014150596
-0.0001669599
0.00058808055
0.00063754089
0.00050238777
-4.673934e-05
-0.00095105442
-0.00045346343
3.8879882e-05
-0.001429028
-0.0020654303
-0.0024089591
-0.0049516447
-0.0065404382
-0.0070247555
-0.0076548899
-0.0067773929
-0.0075470119
-0.0075672321
-0.0076344379
-0.0074217183
-0.0081184068
-0.0077405008
-0.0070019769
-0.0062192279
-0.0075145181
-0.0078201232
-0.0076730363
-0.0075046708
-0.0044598404
0.00099826634
0.0038775024
0.0084443368
0.012159423
0.010258772
0.0098589182
0.010882028
0.01389011
0.016128238
0.017583749
0.018776883
0.019996887
0.019919452
0.01945057
0.015690181
0.013985068
0.014894504
0.01591271
0.015501515
0.013244679
0.010447054
0.0070340329
0.0037256093
0.0022005615
-9.0043827e-05
-0.0022180291
-0.0035029549
-0.0035050828
-0.0040190802
-0.0042674473
-0.0037324242
-0.0032583042
-0.0030884155
-0.0035577595
-0.0050523222
-0.006042715
-0.0070185985
-0.0078737975
-0.0073006327
-0.0076737432
-0.0075189304
-0.006072892
-0.0065785293
-0.0049706381
-0.0021536833
0.00032591193
0.0018014357
0.0015346127
0.0031221774
0.0047960238
0.005604432
0.0075315561
0.009158646
0.0096203605
0.0095102565
0.010204254
0.012401157
0.015243074
0.017124771
0.017476848
0.020290515
0.023605951
0.02146884
0.018687875
0.017049717
0.013574085
0.010275309
0.0074571892
0.00500925
0.0025791204
0.0014077068
0.0035882965
0.004094105
0.0054274723
0.0093748124
0.011322871
0.011867858
0.0094668105
0.006381515
0.0035452672
0.0011485245
0.0014889798
0.0011267324
0.0014436083
0.002172995
0.0032896391
0.0046674476
0.0051313786
0.0053209781
0.005102871
0.0059693771
0.0072695497
0.0068966914
0.0075334521
0.0091236451
0.010633145
0.012540418
0.012916126
0.014735529
0.016710025
0.018412707
0.017584857
0.017425867
0.019469961
0.017844217
0.01487336
0.011643957
0.0070972801
0.0040438962
0.0057079735
0.0032071344
0.0012825075
0.0016169653
0.0018841347
0.001610746
0.0015906093
0.0025827728
0.0018981424
0.0021681439
0.0013810182
0.0023301654
0.002368483
0.0018292466
0.00043321025
0.0012197523
0.00043434881
-0.003509085
-0.0044796018
-0.0057476265
-0.0059999183
-0.0068560184
-0.0072937834
-0.006856195
-0.0070622202
-0.0073220153
-0.0070201535
-0.0064756011
-0.0065788507
-0.0055364294
-0.0054534564
-0.005629285
-0.0054550358
-0.0055557448
-0.0043734143
-0.0021353677
0.0011976425
0.0051867554
0.0072403426
0.0049591178
0.0047743654
0.0045564839
0.0036669052
0.0063673622
0.0092401395
0.0098700937
0.010419031
0.010576025
0.010341648
0.0074453461
0.004823207
0.0060260668
0.0070105578
0.0087397781
0.0057089425
0.0041770921
0.0030711904
-0.00014427603
-0.0018700228
-0.0042615401
-0.0049519945
-0.0055812022
-0.0058697172
-0.0060815232
-0.0068814256
-0.0056429056
-0.0038549603
-0.0035987851
-0.0047105985
-0.0056610839
-0.0066452246
-0.0068653932
-0.0085658179
-0.0094233403
-0.0083965072
-0.0088901296
-0.0072004832
-0.0054898505
-0.0030658131
-0.0014964804
0.0012253105
0.0033733892
0.0035030225
0.0041911635
0.005090927
0.0043394916
0.0050826127
0.0051540517
0.0045308324
0.0046195858
0.0056870674
0.0070491685
0.0090713118
0.011393137
0.011800903
0.013825204
0.017153181
0.018456709
0.015635112
0.013723198
0.011643073
0.01028967
0.0070814225
0.0064240126
0.0035533117
0.0035039775
0.0044982603
0.0036075627
0.0049535456
0.0056161806
0.0066811498
0.0075104252
0.0051195446
0.0032048911
0.0031479551
0.0013420639
0.0013433565
-0.00050449452
-0.00026392984
0.00082062958
0.0015108783
0.0020272971
0.0022498103
0.0026336823
0.0034229779
0.0036464471
0.0029634549
0.0039379806
0.0051350389
0.0070909447
0.0086394073
0.010327501
0.012292472
0.011759789
0.012919727
0.013721936
0.013629503
0.013231096
0.013724621
0.013869879
0.01304664
0.011578375
0.0098882409
0.0072320284
