-7.8538774e-05
0.00020566924
0.00054406271
0.00086075989
0.0014317325
0.0040944805
0.011474381
0.014046748
0.0075030442
0.0022095915
-0.0014318069
-0.0039649254
-0.0077947266
-0.0068342245
-0.00583024
-0.0059734597
-0.0022101312
-0.001600728
0.00057416113
0.0027249712
0.003603723
0.00054880212
-0.0034630918
-0.0066315317
-0.011501937
-0.013275353
-0.013746446
-0.01363744
-0.012520978
-0.010620415
-0.0094331493
-0.010017041
-0.011833929
-0.014470512
-0.014215724
-0.013393744
-0.013752461
-0.013812194
-0.013955542
-0.01298394
-0.010822711
-0.010408212
-0.0093703784
-0.0085482684
-0.0069229611
-0.0057001967
-0.0045099841
-0.0055681985
-0.0074069521
-0.0082560293
-0.0055297118
-0.0058175754
-0.0057584951
-0.00082193024
0.0038309547
0.0071138289
0.0084535502
0.0087149007
0.0068696591
0.0043942502
0.0031166439
0.0042181265
0.0055766763
0.0073456244
0.010963145
0.009797768
0.010066464
0.0094540778
0.0090745961
0.010866477
0.013045704
0.014311725
0.01641172
0.019813776
0.01929189
0.020268635
0.020196577
0.018773844
0.01818765
0.018589138
0.021676072
0.02571554
0.029569402
0.030448825
0.028228749
0.023314786
0.019448095
0.013015956
0.012442527
0.013529179
0.014767452
0.015685527
0.015365704
0.010938734
0.0057483493
0.00249265
0.00139421
0.0011932435
0.0018249854
0.002969135
0.0040269172
0.0055405985
0.0058900111
0.0069642675
0.0072358721
0.006655273
0.0063296234
0.0068621543
0.0069558879
0.007499218
0.0078772898
0.007847859
0.0095681719
0.010255144
0.012085316
0.014464211
0.018885679
0.01878212
0.018926251
0.020417309
0.015697131
0.015752053
0.014135572
0.013835554
0.0089909589
0.0065482746
0.0068921272
0.0053014585
0.0018630817
0.0013223492
0.0015842992
0.0016791638
-0.0013937282
-0.0022509153
-0.0019825765
-0.0016099654
-0.0010292676
-0.00036573673
-0.00048694723
0.00025799997
0.00043598964
-0.00026460772
-0.00027235343
-7.3420689e-06
-0.0012894433
-0.0013109586
-0.0013641102
-0.00064130415
-0.00024266458
0.004878763
0.010534071
0.009227801
0.0022582977
-0.0036180346
-0.0063312271
-0.0081089713
-0.0077032114
-0.0081582473
-0.0087885585
-0.0066174313
-0.00686598
-0.0044020695
-4.4820679e-05
0.0033136471
0.0013638018
-0.0030729509
-0.0066561076
-0.0080819459
-0.013610951
-0.017784297
-0.019993684
-0.018307569
-0.016925883
-0.014935209
-0.015032866
-0.01674082
-0.019687116
-0.020996186
-0.019315287
-0.018382309
-0.017586246
-0.017646244
-0.017447737
-0.015387876
-0.013835908
-0.012817694
-0.01104821
-0.0089789886
-0.0062202852
-0.0025503293
-0.0018198283
-0.0010373501
0.00059059619
-0.00020928187
-0.00065706681
0.00066968066
0.005882346
0.011508071
0.014470963
0.016573905
0.017988668
0.018220495
0.015656476
0.01479885
0.015858747
0.015481248
0.01660977
0.017919985
0.018332373
0.01741229
0.019025772
0.017795032
0.017589419
0.016382655
0.018548028
0.019930075
0.020403145
0.021951068
0.023360575
0.022581117
0.020154312
0.019928622
0.020261318
0.020381508
0.021608402
0.024793631
0.024883858
0.022979934
0.021766406
0.016382993
0.012967003
0.012324149
0.010884056
0.010540855
0.011160892
0.010127377
0.0085310198
0.0047485769
0.00053105717
-0.00071079228
-0.00055176221
-0.00066469864
0.00097492551
0.0029806532
0.0037855577
0.0048130571
0.0052845166
0.0050716079
0.005262868
0.0048264391
0.0048842787
0.0050372852
0.0051721758
0.0060447785
0.0069679722
0.0076190264
0.0097900809
0.012454623
0.014906919
0.01671359
0.020832215
0.022960632
0.023572948
0.020639275
0.018425013
0.016759152
0.013420888
0.01083905
0.0084965268
0.0036244755
0.0012373828
0.00060961854
-0.0017275082
-0.0023918293
-0.0023756155
-0.0027599803
-0.0047308346
-0.0048385388
-0.0039362832
-0.0021844098
-0.0016869886
-0.0014318534
-0.0011762618
-0.0016077694
-0.0015471856
-0.0016898906
-0.0017664312
-0.0015101862
-0.0042125366
-0.0039224371
-0.0044580861
-0.0040986854
-0.0047342802
0.00077555818
0.0057133889
0.0013976634
-0.00060203799
-0.0034149371
-0.01105988
-0.012965402
-0.012452363
-0.011262186
-0.010663773
-0.012756875
-0.01259004
-0.0098169807
-0.0041935034
-0.00061297802
-0.0017345885
-0.0064849289
-0.009754458
-0.0125367
-0.016898502
-0.021832121
-0.024219557
-0.023369865
-0.022490123
-0.022788438
-0.025794818
-0.029762184
-0.032550396
-0.032670979
-0.030183482
-0.025915266
-0.025555705
-0.025202194
-0.023905209
-0.021952236
-0.019990634
-0.01858192
-0.015637973
-0.011973296
-0.0075567645
-0.0051687995
-0.0014973522
-6.5355612e-06
0.0071501075
0.010792701
0.0083218998
0.013235289
0.018751293
0.020742145
0.025666855
0.029507315
0.032305008
0.02845548
0.023951576
0.02677537
0.027030784
0.028408027
0.026952295
0.025475303
0.027020436
0.026424658
0.026905823
0.02751382
0.027123973
0.023167188
0.023429352
0.025002362
0.025775472
0.025716083
0.023645648
0.020350994
0.017850538
0.018131052
0.018526628
0.018540947
0.018917422
0.018989704
0.015192125
0.011372089
0.0092999502
0.0087516738
0.0075380091
0.0046659342
0.0012836541
0.0012654619
0.002120345
0.00033637054
-0.00044703451
-0.0023720041
-0.0038025266
-0.0036741147
-0.0030705662
-0.0012839183
-0.00012840026
0.0017395546
0.0025532845
0.0029704353
0.0027318374
0.0027025313
0.0028997742
0.0027404017
0.0027800712
0.0026163148
0.0030056651
0.0029841054
0.0041832532
0.0052890916
0.0078818049
0.008171506
0.01635749
0.020650225
0.023403271
0.019515236
0.015890597
0.013340205
0.012586235
0.0124874
0.0088716533
0.0057808693
0.0023214451
0.0014533097
-0.0038337702
-0.0059145737
-0.006886954
-0.006657908
-0.0069872589
-0.0069196938
-0.0058493592
-0.0042153273
-0.0042658435
-0.003327064
-0.002559525
-0.0018863491
-0.0029747493
-0.003039546
-0.0035287496
-0.003416185
-0.0039446857
-0.0035082663
-0.0062851506
-0.0054782029
-0.0056512637
-0.0062007728
-0.005235607
-0.0020459404
0.0014633046
-0.0043403293
-0.0086698065
-0.010129642
-0.015622947
-0.01685736
-0.018387012
-0.02079032
-0.020198098
-0.018254334
-0.015400257
-0.012938025
-0.0092122512
-0.0074702421
-0.0073900962
-0.010288708
-0.012275418
-0.017285075
-0.020943764
-0.025807698
-0.028899328
-0.030614659
-0.031095643
-0.032724493
-0.038904106
-0.043397844
-0.048248262
-0.046056042
-0.044568538
-0.041806991
-0.039851997
-0.038552093
-0.038195123
-0.035282218
-0.031245035
-0.027243981
-0.02537962
-0.021756867
-0.017286908
-0.013891189
-0.0064329474
0.0014648323
0.010329686
0.017430432
0.022810135
0.02715945
0.029183358
0.02843121
0.031692311
0.03823074
0.041601634
0.035823427
0.0353234
0.040590125
0.040286119
0.039495458
0.03894403
0.037291492
0.035116747
0.03503124
0.038361899
0.039831687
0.037448477
0.035637273
0.032620679
0.031756441
0.029509005
0.028168502
0.023123647
0.018183734
0.017235051
0.016196275
0.014082074
0.010652975
0.008166806
0.0075613202
0.0024303541
0.00029336576
-0.0012189107
-0.0017723687
-0.0042753534
-0.0057711132
-0.0080962907
-0.0079869791
-0.0064074139
-0.0066475435
-0.0061081693
-0.0063376728
-0.0064243141
-0.0053173635
-0.0041726459
-0.0029531751
-0.0020535555
-0.00094465049
0.00025787927
0.00084687548
0.0011989538
0.0014570998
0.00080756874
0.00086490647
0.00061250834
0.00046340324
0.00048782159
0.0008770485
0.0017873238
0.003412798
0.0045077618
0.0053941334
0.0098938856
0.010665535
0.010664958
0.0086685221
0.0066757799
0.0036043701
0.0046585973
0.0030542466
0.0014794841
-0.00050220718
-0.002698859
-0.0053898925
-0.0076680958
-0.011468384
-0.01128655
-0.010097728
-0.0089519234
-0.0080644342
-0.0060815762
-0.0046547072
-0.0043620027
-0.0035103602
-0.0035943615
-0.0044458934
-0.0050892596
-0.0044257006
-0.0052022234
-0.0054268062
-0.0064569011
-0.0063752576
-0.0078118859
-0.0063022394
-0.0063447036
-0.0058122826
-0.0057039222
-0.0023469775
-0.0044185295
-0.012339948
-0.017061621
-0.018181977
-0.019730292
-0.023271351
-0.024435534
-0.029284458
-0.027979781
-0.021622518
-0.017832246
-0.014184581
-0.010859259
-0.010580947
-0.01245206
-0.016552471
-0.019097282
-0.022364291
-0.02575904
-0.027568243
-0.034223065
-0.039270507
-0.043620691
-0.046749959
-0.052517641
-0.055409863
-0.058021802
-0.061663482
-0.059187503
-0.055624286
-0.054610884
-0.053264232
-0.050308814
-0.045582867
-0.039797794
-0.032861017
-0.032494725
-0.030669697
-0.02630118
-0.018571246
-0.0078372231
0.00096293726
0.0061153943
0.015169273
0.019896251
0.027042554
0.032749737
0.033883332
0.039059665
0.042691252
0.040847227
0.041402693
0.04306742
0.043991293
0.044918026
0.0489784
0.049916091
0.047585746
0.048258994
0.046230365
0.048058949
0.049409479
0.047601319
0.042761461
0.041247559
0.038004329
0.030597157
0.026021833
0.023261556
0.016679622
0.014086535
0.009519429
0.0060819866
-0.0013531393
-0.0057457411
-0.005308118
-0.0076874815
-0.008295464
-0.0086683595
-0.0081708281
-0.011376724
-0.01242245
-0.012274279
-0.011187664
-0.010507053
-0.0096061683
-0.0082339727
-0.0080347786
-0.0061024078
-0.0048137312
-0.003507107
-0.0025353091
-0.0011346041
-0.0001032118
0.00076430288
0.00050446899
0.0002757592
0.00061836973
0.00044496756
0.00041338521
4.1052379e-05
0.00026742858
0.00016754025
0.00069433462
0.00044818139
0.00070022712
8.3052764e-05
0.002101626
0.0036506406
0.001614009
0.0029973165
0.00052355343
0.00046317684
-0.001959082
-0.0019475101
-0.0010381629
-0.00050249105
-0.0016885344
-0.0057574158
-0.0064698507
-0.0081258161
-0.011672104
-0.012646407
-0.012622769
-0.01116473
-0.0083910732
-0.0057213367
-0.005425824
-0.0052016125
-0.0053650236
-0.0058918282
-0.006180762
-0.0060627144
-0.0064282554
-0.0069883655
-0.0077779378
-0.0079045951
-0.0073018934
-0.0079771501
-0.00765923
-0.0058432187
-0.0059725909
-0.0071523284
-0.0077000725
-0.012005834
-0.019612993
-0.020791621
-0.019951321
-0.021027811
-0.022909692
-0.031734439
-0.030656522
-0.028488417
-0.017958276
-0.014050089
-0.010401437
-0.011716688
-0.012298193
-0.017716875
-0.021792444
-0.026978549
-0.031351855
-0.034177833
-0.039041297
-0.044274384
-0.04720952
-0.052244226
-0.056376628
-0.05906696
-0.061710835
-0.062964001
-0.066712124
-0.068050432
-0.065848444
-0.062760831
-0.06133824
-0.058280035
-0.049725212
-0.039135271
-0.028865991
-0.020932961
-0.018820712
-0.018800363
-0.018125607
-0.0075939335
0.0040500707
0.010621015
0.016615556
0.020812658
0.028134705
0.029939983
0.035276019
0.035085245
0.031138815
0.028448517
0.025840887
0.035489991
0.041910148
0.045595874
0.052617527
0.05326641
0.048346364
0.052165986
0.051167332
0.05108938
0.049446951
0.046969611
0.043893199
0.041298143
0.036841148
0.030402738
0.023409236
0.017535071
0.014198169
0.011021496
0.0054001835
-0.00032306752
-0.0046595757
-0.010704321
-0.013319148
-0.014548387
-0.014302334
-0.015490812
-0.015131653
-0.014956016
-0.014540069
-0.01306158
-0.011872107
-0.0098778181
-0.0095948415
-0.008417468
-0.0074928272
-0.0058466034
-0.0046684463
-0.0035433646
-0.0026296912
-0.0015299168
-0.001213527
-0.0012023394
-0.0009943913
-0.00067230563
-0.00035200668
-9.7058638e-06
0.0001689804
0.00051834053
0.00064627191
0.00061836408
0.00034074239
-0.00044004633
-0.00090265059
-0.0014723013
-0.0039493635
-0.0046489395
-0.0030233218
-0.0021311096
-0.0012211662
-0.0010386848
2.0710927e-05
-0.00064168993
-0.0012684853
-0.0019587897
-0.0039995723
-0.0014771837
-0.0052643409
-0.0088628895
-0.011931289
-0.015656512
-0.017013142
-0.01326085
-0.0094139609
-0.0065419524
-0.0068244267
-0.0063625625
-0.0072420744
-0.0066217863
-0.0071672499
-0.0074482389
-0.0083427096
-0.0079393809
-0.0085428566
-0.0083437361
-0.0084623363
-0.0073293566
-0.0079486108
-0.0075033992
-0.010432337
-0.010912788
-0.012756769
-0.016969199
-0.020964156
-0.019895805
-0.021878563
-0.020501685
-0.025028141
-0.02985404
-0.032406304
-0.030084659
-0.020141769
-0.013397428
-0.010268534
-0.011840859
-0.014869991
-0.019693899
-0.027440397
-0.03178034
-0.034617253
-0.037099984
-0.04379318
-0.048250248
-0.053226975
-0.053392545
-0.056770126
-0.063326131
-0.06363078
-0.066294518
-0.068466814
-0.071051649
-0.069599119
-0.066776996
-0.063659222
-0.054426623
-0.041453784
-0.029487024
-0.016157759
-0.014998262
-0.012282299
-0.0088884352
0.0017602208
0.0083909128
0.016562604
0.014625259
0.015381735
0.026206167
0.029468148
0.033132709
0.036606768
0.032201554
0.030221892
0.029740574
0.028789358
0.038737784
0.044194695
0.044271159
0.04510568
0.048994504
0.05342687
0.052065714
0.051730678
0.048597526
0.046398364
0.043623368
0.040192423
0.03615166
0.031759448
0.026541651
0.020451724
0.013763897
0.010560661
0.0084665867
0.0029003996
-0.0010848949
-0.0062989705
-0.0088493041
-0.010665224
-0.013006911
-0.012315376
-0.012993681
-0.012830582
-0.01207447
-0.011544007
-0.009701673
-0.0085182122
-0.006388635
-0.0065622589
-0.0059441003
-0.0041960378
-0.0031451338
-0.0023414597
-0.0015375951
-0.0011934894
-0.00054152383
-0.00013416559
-0.0001132017
0.00011275773
0.00038856304
0.00072818521
0.00097235046
0.0013202512
0.0021720354
0.0021424885
0.0030051085
0.0018379937
0.0010270578
-0.0001309425
-0.003220494
-0.0095219009
-0.0057588362
-0.0012307694
-0.00012172743
0.00053373239
0.00064972387
0.0027862347
0.0036202777
0.00070610884
-0.0053755519
-0.0076129424
-0.011200965
-0.011218426
-0.0111075
-0.013833303
-0.018450481
-0.017953532
-0.013482828
-0.010302758
-0.0078895064
-0.0059182522
-0.0056422111
-0.0067180571
-0.0065391371
-0.0077898566
-0.0079539103
-0.0085973485
-0.0090950685
-0.0080550615
-0.0084844464
-0.0085171239
-0.0084217069
-0.008526699
-0.010694676
-0.012931236
-0.01399511
-0.01372768
-0.017583194
-0.015990645
-0.014945473
-0.016916237
-0.018308816
-0.022861427
-0.029014244
-0.033898113
-0.030990561
-0.01806104
-0.01376681
-0.011512984
-0.010747724
-0.012415344
-0.016762794
-0.021841721
-0.025927521
-0.03109745
-0.034714649
-0.038863196
-0.045984404
-0.050064166
-0.053599845
-0.059445733
-0.06574232
-0.067776971
-0.072034023
-0.073516765
-0.071889897
-0.069620929
-0.066832458
-0.055914702
-0.041587555
-0.028224176
-0.017710791
-0.00989513
-0.0089614976
-0.0055508346
-0.0054185639
-0.0031449707
0.0037954311
0.004745739
0.0089135833
0.016406894
0.02116721
0.022246525
0.024027929
0.025616639
0.020463269
0.022396051
0.027792698
0.03436482
0.041784811
0.046730272
0.049634409
0.047875699
0.050871305
0.049928109
0.047246021
0.043881556
0.042417778
0.037076786
0.03375619
0.032442705
0.029033199
0.02460906
0.020202535
0.012981833
0.0079078818
0.00509577
0.0036181539
0.00088860814
-0.002054721
-0.004258251
-0.0056117241
-0.0075934491
-0.0070949813
-0.0072873622
-0.0069488378
-0.007665405
-0.0073290805
-0.0065054869
-0.0062411067
-0.0060792778
-0.0045815549
-0.0037674178
-0.0028976303
-0.0022577772
-0.0011658248
-0.00015677054
0.00024641857
9.3901417e-05
0.00084645328
0.001406914
0.0012840917
0.00088164386
0.0010422623
0.0011312597
0.0013409978
0.0016508459
0.0019281114
0.0018152092
0.002260678
0.0014889972
0.0014307413
0.0011846422
-0.0064413644
-0.01079434
-0.0023210252
-0.00058100746
0.0035270394
0.00054279342
0.00068885245
0.0041777567
0.0029288065
-0.0016222258
-0.006268353
-0.01006086
-0.01188501
-0.012163637
-0.014358019
-0.015648736
-0.017394112
-0.013892995
-0.011833237
-0.0094297925
-0.0075564532
-0.0072421582
-0.0055176855
-0.005804725
-0.0059356422
-0.0060714321
-0.0070756303
-0.0071069647
-0.0072647859
-0.0064535428
-0.0071391251
-0.0078129492
-0.008032715
-0.0085109487
-0.012755949
-0.014140633
-0.012583503
-0.013331315
-0.011844054
-0.013204786
-0.012235038
-0.013866989
-0.017796911
-0.021557726
-0.025525617
-0.02946911
-0.026690582
-0.017113745
-0.014306037
-0.015132977
-0.012692943
-0.010365392
-0.011284127
-0.014242199
-0.018463446
-0.023679787
-0.030181076
-0.034447866
-0.04044559
-0.045913988
-0.054098273
-0.061625664
-0.066626139
-0.07359516
-0.076679858
-0.07961893
-0.07898922
-0.074875154
-0.067830802
-0.055631316
-0.042644046
-0.034327643
-0.027007426
-0.024702682
-0.016794917
-0.012195227
-0.010240825
-0.010907593
-0.00098976547
0.0014193911
0.0036516912
0.0071152982
0.013620717
0.014331869
0.015657607
0.020869978
0.024810773
0.030668693
0.032719758
0.038809722
0.043294289
0.046471137
0.047809048
0.047791705
0.04487609
0.043651012
0.042737317
0.041227698
0.035926765
0.032242385
0.030319739
0.027084378
0.024054789
0.020636882
0.015420867
0.011411835
0.0064400346
0.0036281094
0.0011725454
0.0015879417
-0.00098833947
-0.00049924082
-0.00096256036
-0.0019111215
-0.0012321933
-0.0021459389
-0.0024144245
-0.0033174656
-0.0036743601
-0.002515997
-0.0018813328
-0.0023128844
-0.0020745083
-0.00098033503
-0.0011341704
-3.4471973e-05
0.00094277699
0.0014584382
0.0013571276
0.001990319
0.0018598134
0.0021005937
0.0012789817
0.0012998318
0.0012435538
0.0014267394
0.0015440053
0.0016831635
0.0016768049
0.0013816396
0.0019828442
0.0014637877
0.0019797702
0.0036469293
-0.0036797922
-0.0086537232
-0.0034144187
0.0014749296
0.0045948506
0.0011286951
-0.0022158773
-0.0010432401
-0.0034635017
-0.0061847505
-0.0066878982
-0.0089413153
-0.012226774
-0.012252866
-0.013085915
-0.011452137
-0.0095715008
-0.0068054187
-0.005197123
-0.0040914854
-0.0045771302
-0.0044349325
-0.0025560717
-0.00092575329
-0.00096932647
-0.002463557
-0.003759171
-0.0039383314
-0.0046265838
-0.0046590556
-0.005007019
-0.0071485437
-0.0066310669
-0.005311047
-0.010270929
-0.011225454
-0.010418982
-0.010471438
-0.0093932222
-0.011312148
-0.012452326
-0.01211759
-0.016350192
-0.022549387
-0.027081697
-0.029916527
-0.024426554
-0.01943023
-0.016474987
-0.017245234
-0.016106956
-0.013632085
-0.013136725
-0.0154739
-0.018277014
-0.022585568
-0.030466485
-0.036968673
-0.0430942
-0.049218932
-0.055886825
-0.062756781
-0.06710319
-0.071331
-0.072750001
-0.07589418
-0.075251573
-0.073756238
-0.066486752
-0.056072176
-0.044672762
-0.03878115
-0.036083268
-0.028009049
-0.020388792
-0.015034541
-0.0080644372
-0.0086595843
0.0023796321
0.002565613
0.0025262279
0.0093400057
0.01258102
0.010895919
0.016816008
0.021882788
0.023386035
0.026184556
0.029053752
0.033540291
0.038348731
0.038451786
0.040321083
0.038995469
0.03675937
0.035838618
0.032103252
0.031232726
0.028174025
0.027920851
0.025864339
0.026085766
0.023627826
0.019285354
0.015679212
0.012543684
0.0073346312
0.0048692364
0.002860784
0.0026356213
0.0031363706
0.0035521433
0.0027308695
0.0015671926
0.001175737
-0.00074830408
-0.00064397985
-0.00074826688
-0.0011883857
-0.00033006537
0.00024144558
0.00016977104
-0.00058047571
0.00067636413
0.00016074846
0.0012902578
0.0015033851
0.0016995422
0.0010802829
0.0026808491
0.0022721022
0.0025118232
0.0013229501
0.0011011434
0.0011835714
0.0023457844
0.001504446
0.00078082994
-3.0827237e-05
0.0001081522
0.00034356118
0.0023386631
0.0013475547
0.0012462531
-0.0020997654
-0.003507709
-0.0054359688
-0.0002893476
0.0024556476
0.00041096575
-0.0014044165
-0.0051458498
-0.0068192544
-0.0057157974
-0.0052376357
-0.0056639133
-0.0074745492
-0.0079359971
-0.0070765233
-0.0047161217
-0.0036447174
-0.00064247888
0.0026532402
0.0012397033
0.00079025195
0.001267519
0.0031149028
0.0020803496
0.002193827
0.0041571714
0.0017374363
-0.00062024123
0.0010231309
-0.00083873117
-0.003047752
-0.0050028317
-0.002174892
-0.0045772889
-0.0080353647
-0.0083227531
-0.0095885144
-0.0098608815
-0.0095367089
-0.012347045
-0.01483545
-0.015007082
-0.018067355
-0.021178458
-0.027703949
-0.0294685
-0.028445224
-0.024524242
-0.018936558
-0.01913397
-0.018337713
-0.017189969
-0.016260362
-0.015655139
-0.017844445
-0.022720015
-0.030334902
-0.036478144
-0.043715692
-0.047304128
-0.053025614
-0.057644316
-0.062076049
-0.063722026
-0.068105551
-0.06810959
-0.068963087
-0.065018913
-0.05783742
-0.04875942
-0.041765359
-0.035074198
-0.030578196
-0.027455368
-0.020342262
-0.0097034251
0.0003016495
0.010440257
0.011789231
0.011128921
0.013322035
0.014261942
0.018183662
0.022782812
0.026092486
0.027438955
0.027763903
0.027911631
0.029013846
0.028719253
0.031814777
0.032315592
0.033644833
0.028980277
0.029213138
0.027382368
0.027573819
0.026177515
0.025983758
0.023533384
0.023289713
0.021284311
0.021361308
0.020343072
0.015790782
0.01352345
0.0095880501
0.0068533653
0.0050554932
0.002412306
0.0048182671
0.0058115951
0.0046562626
0.003308497
0.0017803372
0.00018956566
0.00088908403
0.00018187224
0.00065901873
0.00091886715
0.0015183651
0.0012827524
0.0011751277
0.0023406147
0.0019752219
0.0030012675
0.0026910058
0.0026770951
0.002361479
0.0035188153
0.004993664
0.0043561048
0.0035630944
0.0050188237
0.0044618038
0.0040211586
0.0046143643
0.0037985258
0.0029933734
0.0026954309
0.0024982578
0.0017570278
-0.00042696847
-0.0029372189
-0.0017998577
0.0039256087
0.00019928239
-0.0023604194
-0.00065739418
0.00047691094
0.00090484211
-0.0035902098
-0.0050452189
-0.0061320309
-0.0044122677
-0.0035750799
-0.0043950148
-0.003432699
-0.0023048928
-0.00057205138
0.0024147639
0.0047832044
0.0064917217
0.0085920519
0.011445644
0.0084994386
0.0085786195
0.010362761
0.0098992289
0.0080256887
0.0038936412
0.0010502034
0.00091518439
0.00059752199
-0.00084932558
-0.001053701
-0.0026909769
-0.0047330353
-0.0041886953
-0.0037454775
-0.006720254
-0.0088777496
-0.010079414
-0.010826083
-0.012287205
-0.013334656
-0.014309187
-0.016440598
-0.018542478
-0.019104406
-0.019731701
-0.020780315
-0.019369917
-0.018279457
-0.017840315
-0.018382684
-0.017812466
-0.017909467
-0.020098423
-0.022168511
-0.024840589
-0.03123981
-0.036617663
-0.041186397
-0.045545526
-0.051905902
-0.054318419
-0.05560998
-0.057887667
-0.057484771
-0.059030604
-0.052974629
-0.046419641
-0.038778036
-0.033324832
-0.026277726
-0.023436705
-0.018753747
-0.010683325
-0.0031542786
0.014120552
0.022234064
0.022760054
0.025229599
0.025991132
0.02350067
0.025055076
0.030780566
0.034834344
0.032707434
0.034188598
0.033599145
0.033143944
0.033149681
0.032532428
0.033348068
0.034742627
0.031251684
0.02646968
0.026321857
0.024690546
0.023776249
0.023285276
0.020757529
0.017963671
0.016379927
0.013458578
0.010517965
0.0053572546
0.0036225302
0.00064442482
-0.00279676
-0.0038479808
-0.0043366325
-0.0017483052
-0.0012716731
-0.0010468208
-0.00060611971
1.1007115e-05
0.0017086004
0.0012427237
-7.7148611e-05
0.00027532216
0.0030591395
0.0028134573
0.0042963416
0.0056324984
0.0082449621
0.008618982
0.0099360252
0.013231093
0.015525543
0.017190234
0.017045295
0.016609278
0.014984253
0.01431696
0.013697484
0.011916829
0.010631089
0.011426186
0.0098879776
0.009226895
0.0088818306
0.0071953542
0.0047404484
0.0016614971
-0.0022984241
0.002094477
0.008458877
0.0075211069
0.0022008844
0.0013285564
0.001495397
0.00098096231
0.00015922628
-0.0013903
-0.00095330612
-0.00028849714
0.00017571223
-0.00075480062
0.0023025458
0.0023840452
0.0051907187
0.007905675
0.0076629231
0.0090979598
0.010577405
0.012454297
0.012261175
0.011384079
0.010714318
0.010198609
0.0088844372
0.0045854288
0.0016231264
0.00015048274
-0.0020741128
-0.0018710664
-0.0011924025
-0.0023202898
-0.0038438142
-0.003239715
-0.0028711402
-0.0029338968
-0.002828427
-0.0057048232
-0.0070244231
-0.0079704916
-0.0089330664
-0.0090640113
-0.0095756184
-0.0096595015
-0.0091900392
-0.010206474
-0.013471817
-0.01776824
-0.017935441
-0.017611729
-0.016543868
-0.014153563
-0.015927523
-0.016665061
-0.021087153
-0.022468891
-0.025947561
-0.030647886
-0.032720081
-0.037179471
-0.039212927
-0.040323119
-0.042246751
-0.046664493
-0.045900721
-0.040467151
-0.035440876
-0.029749549
-0.02156081
-0.014731926
-0.01209167
-0.010658483
-0.0061106692
-0.0016201983
0.0052956413
0.016463047
0.028584352
0.031604654
0.032731613
0.029816744
0.028819192
0.030616828
0.036822052
0.037779686
0.038231216
0.035478782
0.03196879
0.032817446
0.033288799
0.034008174
0.032513077
0.030346917
0.026444079
0.02439698
0.019649645
0.019818949
0.018744134
0.017542285
0.014876043
0.011748781
0.0091446011
0.0037235697
-0.00068789576
-0.00063409037
-0.0038336549
-0.0063918034
-0.0071113921
-0.0075973234
-0.00674243
-0.0035681392
-0.0042064426
-0.0035273014
-0.00041784972
0.00037063801
0.0014186971
0.0024310219
0.0029109171
0.0058382556
0.0060620836
0.0049015692
0.0049831828
0.0082434288
0.0093161611
0.01124664
0.014375161
0.018492892
0.021196558
0.023359232
0.025337767
0.023199881
0.021564776
0.017457408
0.013835523
0.010602984
0.0079035821
0.0067287382
0.0069790809
0.0067226532
0.0048909329
0.0028326466
0.0027700069
-0.0018059427
0.002338425
0.0068321285
0.010973552
0.0064115111
0.0042408746
0.0055278883
0.0024500433
0.0024943116
0.0011928312
0.0034287539
0.0051301679
0.0072083768
0.0066371742
0.0063696798
0.0075793488
0.0080138337
0.007122717
0.0092419823
0.010297632
0.01162799
0.012959905
0.015492415
0.01755198
0.01657155
0.015308603
0.01311981
0.010339714
0.010122452
0.0072588202
0.0024931066
0.00012514703
-0.0016631647
-0.0021506458
-0.00034665524
-0.0017615191
-0.0028471052
-0.00082617266
0.00064694394
8.5398652e-05
-0.00081327332
-0.00025026263
-0.0010193695
-0.0027087644
-0.0035149977
-0.0038754556
-0.0034019357
-0.0034259918
-0.0057421237
-0.0045344175
-0.010986295
-0.013479888
-0.012964347
-0.012479514
-0.012502537
-0.011869505
-0.013017479
-0.014702922
-0.017278415
-0.018851525
-0.021958594
-0.023659492
-0.024702566
-0.023912703
-0.025986181
-0.028266271
-0.033507401
-0.031211146
-0.024904426
-0.01641148
-0.012410683
-0.0066255549
-0.0017504816
-0.00027057092
0.0014399725
0.0044867129
0.0078189851
0.011999437
0.019213304
0.027552085
0.030980135
0.030240348
0.029582494
0.028592357
0.030648172
0.0340744
0.03504937
0.034132042
0.031327942
0.029608937
0.030249434
0.029652854
0.027687453
0.02430414
0.021750628
0.01905009
0.01565754
0.012962764
0.010798563
0.010760787
0.010688447
0.0093863572
0.0061065512
0.0020321313
-0.0015987817
-0.0054901865
-0.0041655852
-0.0054246129
-0.0055277643
-0.0069941609
-0.0062297773
-0.0076768755
-0.0054893689
-0.0038000178
-0.0031931588
-0.0029195812
-0.0011895078
-0.0002918192
0.0027612259
0.0050024915
0.0068256867
0.0073908812
0.0086614266
0.0079668562
0.0093940316
0.01128275
0.013506724
0.014667482
0.021446846
0.022884608
0.026199223
0.02448242
0.025995178
0.024632581
0.020000463
0.015110905
0.0098401671
0.0078528516
0.0067627143
0.005015514
0.0039571735
0.0039993751
0.0028821582
-0.00044667522
0.0024758875
0.0097248924
0.01159911
0.010641005
0.0062132549
0.0042387797
0.0036199622
0.002865979
0.0023507832
0.003901717
0.004512391
0.0069855145
0.0075217459
0.0078147148
0.0074649236
0.0087558779
0.0088595096
0.0096417484
0.011723952
0.012711803
0.014191542
0.016076087
0.018332298
0.020759044
0.022200145
0.022335534
0.018968291
0.016554604
0.016022638
0.014360893
0.010956905
0.0063876124
0.0037404047
0.00078560984
0.0027101961
0.0012064993
0.0011047213
3.2410015e-05
0.00062711032
0.0011839106
0.0021026104
0.0025151947
0.0015700981
0.0026957102
0.0010696608
0.0013181197
0.0013503118
0.0016978239
-0.00045553054
0.00025330897
-0.0051116589
-0.0058435401
-0.0068962856
-0.0068622048
-0.0071279524
-0.0071108563
-0.0084262299
-0.0090282332
-0.010128561
-0.010652644
-0.012482194
-0.013143238
-0.014114819
-0.012651406
-0.01351448
-0.015771171
-0.019168501
-0.01893426
-0.015060973
-0.009775806
-0.0036764019
0.00063461159
0.0053672206
0.0078613721
0.0076584528
0.0079550066
0.012876555
0.014899557
0.019080078
0.022044474
0.023416168
0.02558494
0.026197712
0.023031247
0.022977533
0.025723935
0.0264393
0.026094768
0.024293389
0.021690573
0.020567031
0.018406789
0.016526998
0.013510799
0.010686763
0.0084972695
0.0074350947
0.0050936097
0.0046366053
0.003424989
0.0033909457
0.0022156031
-5.2200688e-05
-0.0026528958
-0.0053638466
-0.0060829374
-0.0065077631
-0.0061141686
-0.0068210115
-0.0084214812
-0.0080021647
-0.0081152769
-0.007415908
-0.0064327947
-0.0036040325
-0.0033409267
-0.0039101857
-0.0023563081
-0.00091697224
0.002406525
0.004453886
0.0080219089
0.0097921472
0.010802745
0.011062342
0.011187919
0.012452288
0.015865703
0.019669771
0.022600343
0.024072292
0.024727821
0.024397443
0.022183076
0.018667993
0.013790061
0.011866895
0.0083173257
0.005649209
0.0043227798
0.0046060261
0.00213085
0.0041213993
0.0056995202
0.0088731162
0.011685016
0.012460543
0.010766081
0.006552551
0.0038888224
0.0026035788
0.0036771953
0.0032612297
0.0042531694
0.0059190532
0.0062202064
0.0075409337
0.0077365975
0.0069723078
0.0079988743
0.0089077983
0.0075812063
0.0091630922
0.0107368
0.011537476
0.014142615
0.016822515
0.019774442
0.022502696
0.022984765
0.021240347
0.02163557
0.02104918
0.019205326
0.016548108
0.011230376
0.0088491398
0.0050862251
0.0064285293
0.0042319343
0.0036938404
0.003067876
0.0022394111
0.0016254375
0.0025320254
0.003376971
0.0034157632
0.0033960201
0.0029989052
0.0020730195
0.0023059253
0.0031307457
0.0019062888
0.0012360581
0.00090193569
-0.0014579907
-0.0033180973
-0.0039155534
-0.0049418405
-0.0044557419
-0.0054343916
-0.0059780708
-0.0061974689
-0.0058859719
-0.00671399
-0.0069366197
-0.0067113943
-0.0061804371
-0.0072773316
-0.0084570323
-0.0090569887
-0.010348019
-0.008980964
-0.0044548294
-0.0014294742
0.0024225212
0.0070101465
0.0062237681
0.0059412857
0.0067004576
0.0096355781
0.012434005
0.01386696
0.015422406
0.017233005
0.017684338
0.018428887
0.015800798
0.014086995
0.015168135
0.016477543
0.016728328
0.015542606
0.013533536
0.010861999
0.007632087
0.0062451464
0.0043696117
0.0020966814
0.00014585571
-0.00042015806
-0.0012252195
-0.002074005
-0.0022424943
-0.0021165934
-0.0022540896
-0.0028830412
-0.0042956183
-0.0054228182
-0.0065177218
-0.0078584129
-0.0078687485
-0.0085497594
-0.0090448351
-0.0080228771
-0.0091710089
-0.0087031569
-0.0063469577
-0.004133379
-0.002384072
-0.0025792535
-0.0014345215
0.00023107503
0.0010089835
0.0029715813
0.0049704531
0.0057822554
0.0058511093
0.0063191379
0.0082909524
0.010900429
0.012950732
0.013699468
0.016437474
0.020947871
0.0208966
0.019170864
0.018784789
0.016606904
0.013553647
0.011154627
0.0085670949
0.0055995311
0.0034247846
0.0048213987
0.0054337945
0.00578874
0.0094408518
0.011676612
0.012879118
0.011420006
0.0090467466
0.0064019914
0.0034444382
0.0032524851
0.0027559859
0.0025279237
0.0028217601
0.0032930127
0.0042390532
0.0046289852
0.0049784809
0.0048403955
0.0052805439
0.0063434137
0.0063503557
0.0067388414
0.0083536605
0.0094740014
0.011503933
0.012225382
0.014127337
0.016733889
0.019338029
0.019524074
0.019341492
0.021771368
0.021638683
0.019745812
0.017391829
0.013245766
0.010210835
0.010305006
0.0078198735
0.0054120277
0.005185752
0.0052376727
0.0049406127
0.0045082807
0.0054986416
0.0047972421
0.0051541395
0.0043254141
0.0050422287
0.0052471476
0.0049966994
0.0037449898
0.0043507318
0.0044115645
0.00065124415
-0.00055937174
-0.0020984815
-0.0025738346
-0.0035190576
-0.0044409316
-0.004491526
-0.0050123834
-0.0053171344
-0.0053722204
-0.0051564017
-0.0057252839
-0.0050236483
-0.005002277
-0.0054623312
-0.0058150122
-0.0065300044
-0.0063454058
-0.0049596026
-0.0020021217
0.0017002764
0.0048102737
0.0034908301
0.0032268251
0.0034054967
0.0021187769
0.0037179654
0.007038607
0.0083740204
0.0095337783
0.01000851
0.01056972
0.008525848
0.0058374073
0.0068248637
0.0077212431
0.0098109492
0.0079312009
0.0066375366
0.0062712472
0.0034834301
0.0019161738
-0.00030651363
-0.0013694594
-0.0022249229
-0.0030419176
-0.0037070269
-0.0050000809
-0.0046918357
-0.0033592478
-0.0031013431
-0.0042399989
-0.0051254729
-0.005976514
-0.0064573446
-0.0080431847
-0.0097799888
-0.0094804209
-0.010502208
-0.009633963
-0.0086583609
-0.0068433697
-0.0054621946
-0.0028984966
-0.0004091064
-0.00012772843
0.00068895618
0.0022413445
0.0015375533
0.0022091938
0.0027119722
0.0018968236
0.0018892721
0.002829448
0.0037843627
0.0051282907
0.0075608051
0.0083463432
0.010481829
0.014098693
0.016866104
0.015342189
0.014597022
0.013539636
0.013166675
0.0099287215
0.008757041
0.0061185428
0.0051906753
0.0061375856
0.0052214251
0.0062506697
0.0069334291
0.0078720872
0.0090383301
0.0073780309
0.005078395
0.0050056836
0.0031603261
0.0029296068
0.0011920008
0.00079621088
0.0017498547
0.0021058258
0.0022225169
0.002188593
0.0025961489
0.0032179416
0.0034305744
0.0025610352
0.0032890767
0.0043131494
0.0060554861
0.0076383431
0.0089031887
0.011278886
0.011375795
0.012682761
0.014354436
0.01489857
0.014828667
0.015545573
0.016124839
0.015851305
0.015185402
0.014187973
0.012013126
