-0.0027686638
-0.0019179669
-0.0015699427
-0.00082397498
0.00033272877
0.0039244514
0.0088507283
0.005947357
-0.0025906362
-0.0066375139
-0.0081849145
-0.0095300202
-0.010999709
-0.0080428848
-0.0075398934
-0.0063526137
-0.0033557502
-0.0032305906
-0.001641401
-0.0011542517
-0.0019248177
-0.0062977231
-0.009385913
-0.012336786
-0.014745782
-0.014025433
-0.014184087
-0.013453224
-0.011787799
-0.0092974958
-0.0086290533
-0.0093648511
-0.01108431
-0.012028468
-0.0099225062
-0.0088139099
-0.008182846
-0.0071318157
-0.0060740208
-0.0041501936
-0.0024465319
-0.002050667
-0.0010686952
-6.3075022e-05
0.0011014644
0.001623673
0.0024677384
0.0010788644
0.00022729376
0.0015354789
0.0046959404
0.0039863263
0.0059616754
0.010306247
0.012804483
0.013058406
0.012252366
0.010371566
0.008215164
0.0067702221
0.0056447903
0.0071087169
0.008028009
0.010284716
0.012396315
0.01048908
0.010754755
0.010077295
0.01150452
0.014641576
0.016587407
0.017604261
0.020406979
0.022554477
0.020619475
0.020687005
0.018405307
0.017177664
0.017142622
0.01870835
0.021817863
0.024723574
0.025473195
0.022543605
0.016620343
0.011138594
0.0067558164
0.0019037366
0.0050126824
0.0066068165
0.00780033
0.0075361496
0.0048193654
-8.5755451e-05
-0.0028335948
-0.0036260998
-0.0023939193
-0.0013948731
-4.4519938e-07
0.0011702931
0.0025220273
0.003820423
0.0042675186
0.0049048571
0.0046671925
0.0040590282
0.0044600046
0.0051059238
0.0052968086
0.0057699512
0.0059204028
0.006399837
0.0081636997
0.0088150668
0.011236082
0.0130886
0.015290964
0.011879913
0.013405517
0.01120467
0.0058659626
0.0061448499
0.0042092526
0.004351688
-0.00019259759
-0.00085172982
-0.0011003964
-0.0039504969
-0.0068606796
-0.0062259408
-0.0058167267
-0.0050944442
-0.0073509788
-0.0064785099
-0.0059722328
-0.004864242
-0.004236107
-0.0034299962
-0.0035727292
-0.0027119654
-0.0030806106
-0.0036327163
-0.0034681492
-0.0030147349
-0.0037082821
-0.0035899756
-0.0029524368
-0.0019816192
-0.00045732013
0.0041700875
0.0066943931
0.0011627367
-0.0070952761
-0.0095990007
-0.010085756
-0.010490223
-0.0087623213
-0.0080158558
-0.0081565177
-0.0065033667
-0.0067483419
-0.0040153351
-0.0010495092
9.9862556e-05
-0.0046065873
-0.0094142779
-0.011889076
-0.013592666
-0.018201983
-0.019701213
-0.019768104
-0.017071062
-0.014471578
-0.011702944
-0.012559003
-0.014229743
-0.016349393
-0.014416176
-0.011533739
-0.0091805555
-0.0071350139
-0.0059239528
-0.0040629234
-0.0011243231
0.00011051307
0.0013476372
0.0029848103
0.0052292753
0.0080020707
0.010250862
0.010047904
0.010694125
0.010975767
0.0099474512
0.010636389
0.014023926
0.018529367
0.020872111
0.020161937
0.020323292
0.019775784
0.018436548
0.015623452
0.015177251
0.014489939
0.013668052
0.014246235
0.015104299
0.015038455
0.01463863
0.016096277
0.015003782
0.014974888
0.015213476
0.01786694
0.0184305
0.019189062
0.019689476
0.019422419
0.016160445
0.013203464
0.013918308
0.014715633
0.015591316
0.017210688
0.019226469
0.016493607
0.012408067
0.0096999909
0.0040297287
0.0026925644
0.0023159429
0.001786103
0.0021956629
0.0024095003
0.00059260946
-0.0010923933
-0.0040918067
-0.0057030454
-0.0047028579
-0.0036276675
-0.0026601992
-0.00058870943
0.00089644549
0.0014534931
0.0022187123
0.0024305805
0.0021592994
0.0024496422
0.0023497828
0.0029353843
0.0033525001
0.0039585923
0.0050018697
0.0057386733
0.0069516774
0.0094262517
0.011795047
0.013720106
0.014940426
0.016321922
0.016126996
0.015122333
0.0094336548
0.006451623
0.0034222512
0.0013311348
-8.7759985e-05
-0.0029542012
-0.0073159134
-0.007434056
-0.0084166281
-0.0092622299
-0.0086998248
-0.0079290448
-0.0085447162
-0.0092303705
-0.0079495494
-0.0063607931
-0.0046660235
-0.0045359042
-0.0044308466
-0.0043053619
-0.0046505209
-0.0044781703
-0.0046850041
-0.0044662356
-0.0042601085
-0.0063572158
-0.0059501921
-0.0061575044
-0.0051704887
-0.0043089459
0.0017559354
0.0014828703
-0.0043840341
-0.0066224426
-0.010171623
-0.015817728
-0.013869361
-0.012302145
-0.010136194
-0.01091937
-0.011381481
-0.0087607544
-0.0056244385
-0.0018909174
-0.0013562486
-0.0052847709
-0.011105196
-0.014208017
-0.0166792
-0.020324957
-0.024272128
-0.024370108
-0.022870326
-0.021493205
-0.020552313
-0.023049096
-0.02448447
-0.02404085
-0.020960883
-0.015634963
-0.010564457
-0.0091720683
-0.0068960047
-0.0043896073
-0.0011633577
0.001192
0.0033669461
0.0061145433
0.010166516
0.013935443
0.016000689
0.018588518
0.02000783
0.02520531
0.024222291
0.023012131
0.028489699
0.031656244
0.031459019
0.03268232
0.031817451
0.030796039
0.025111285
0.021791503
0.023669393
0.021813194
0.021279076
0.018369344
0.018662368
0.020491412
0.020170467
0.021061413
0.020753537
0.018241279
0.015160846
0.017029983
0.017546743
0.017287168
0.014730953
0.011369178
0.0074805348
0.0055967788
0.0068618934
0.0083874252
0.008781845
0.0089610462
0.0076993902
0.0022447163
-0.0007609111
-0.0016595495
-0.0018535081
-0.0029264277
-0.0057970647
-0.0071644357
-0.0050129377
-0.0042677649
-0.006248718
-0.0059984006
-0.0073382041
-0.0070004114
-0.0057118718
-0.0043353217
-0.0026860914
-0.0017133655
-0.00038375191
-6.9568107e-05
7.2161337e-05
-0.00011098682
0.00034480671
0.0005429835
0.00090444695
0.0010614018
0.0014363773
0.0019888598
0.002613442
0.0038593766
0.00583253
0.0076735453
0.0094468259
0.016287588
0.017476119
0.016734365
0.0095627294
0.0056870007
0.0023896529
0.0019337034
-0.00020537077
-0.0031544511
-0.0054967692
-0.0080333535
-0.0090502973
-0.013091746
-0.012882443
-0.012320683
-0.011144138
-0.010138373
-0.0093382613
-0.0073405473
-0.006053587
-0.0060732655
-0.0053393015
-0.0048008512
-0.0050332032
-0.0059971108
-0.0058748757
-0.0061385769
-0.0062236018
-0.006468033
-0.0060757039
-0.0080557026
-0.0073398829
-0.0076997871
-0.0073946646
-0.0061748358
-0.0029136315
-0.0035965611
-0.011815737
-0.014744192
-0.016742897
-0.020803175
-0.019449703
-0.019396524
-0.020070059
-0.01702578
-0.013111661
-0.0097022643
-0.0084036631
-0.0072486563
-0.0076406856
-0.0095684984
-0.014058273
-0.017445535
-0.022281846
-0.024592679
-0.029735192
-0.031440796
-0.031886001
-0.030835232
-0.032444604
-0.036469424
-0.037108722
-0.036586251
-0.03018171
-0.02610942
-0.020287261
-0.016498987
-0.013785527
-0.010729997
-0.0052045391
-0.0010320276
0.0029629937
0.0052244982
0.009695079
0.014098144
0.018851449
0.027008117
0.03325112
0.038703642
0.041535976
0.043187039
0.043995883
0.042379605
0.039815977
0.041225063
0.04278836
0.040551595
0.033315981
0.033600657
0.035398425
0.03174348
0.029997791
0.029205528
0.027164534
0.025276719
0.026670913
0.02889214
0.027122456
0.02308954
0.020293725
0.016838012
0.014882656
0.011163022
0.0074990826
0.001665164
-0.0023371375
-0.0022321864
-0.0024631646
-0.0034156222
-0.0060964919
-0.0064894353
-0.0078797004
-0.012521754
-0.01252307
-0.012084777
-0.01142128
-0.012503147
-0.012591804
-0.013293003
-0.010793314
-0.0094026038
-0.0092437693
-0.0085011327
-0.0082272016
-0.0076626696
-0.006386188
-0.0055250274
-0.004286984
-0.0035809891
-0.0026920094
-0.0019154934
-0.0015605977
-0.0011708325
-0.0010371601
-0.0016055276
-0.0011534776
-0.001566824
-0.0011814957
-0.0010438095
-0.00014807931
0.00076321561
0.0020694133
0.0019841211
0.0028090056
0.0064777337
0.0066308036
0.0039569378
0.0018643925
-0.0021501057
-0.0040608495
-0.0037862633
-0.0059539277
-0.0062376165
-0.0091032766
-0.010590236
-0.013001789
-0.014410429
-0.015839307
-0.013270589
-0.011531712
-0.009327889
-0.0081708884
-0.0061108599
-0.0059929831
-0.0060556423
-0.0058130805
-0.0061097024
-0.0074337613
-0.0075102968
-0.0071427897
-0.007936202
-0.0081108023
-0.0088602144
-0.0081748947
-0.010266335
-0.009109232
-0.0094199681
-0.0091149934
-0.0094629814
-0.0072789505
-0.013969824
-0.020803579
-0.023032828
-0.021814882
-0.023107443
-0.025133656
-0.02532753
-0.027229453
-0.020742958
-0.014642531
-0.011416009
-0.0099550525
-0.0094893879
-0.012605474
-0.016867933
-0.021663823
-0.024281297
-0.027898246
-0.029587007
-0.033568992
-0.039955674
-0.042941258
-0.045293509
-0.0466921
-0.04938461
-0.047216474
-0.045946746
-0.043729508
-0.03655157
-0.031373935
-0.027679124
-0.023116871
-0.016398506
-0.0096042288
-0.0023309701
0.003266849
0.0034047411
0.006858132
0.013085969
0.021636644
0.032325287
0.037365588
0.041183557
0.046985094
0.047448222
0.051512133
0.051470739
0.049068849
0.050065238
0.048152344
0.043820627
0.043869419
0.043265904
0.042294011
0.041027481
0.043484274
0.040652972
0.037249975
0.037100004
0.033908123
0.034536098
0.033280429
0.028173652
0.023208436
0.020096088
0.013884086
0.0053994575
0.00022783803
-0.0039811306
-0.0095342077
-0.010012235
-0.013655568
-0.015565478
-0.020507546
-0.019556816
-0.017433666
-0.018528982
-0.016754083
-0.015909863
-0.015037041
-0.016840879
-0.015175105
-0.013601764
-0.011276979
-0.010383437
-0.008684071
-0.0080217778
-0.0073699903
-0.0055133521
-0.0046785112
-0.0040379
-0.0034672177
-0.002461804
-0.0014840451
-0.0010610208
-0.0018202613
-0.0017818561
-0.0014345345
-0.0017828064
-0.0019435937
-0.0024364527
-0.0022747863
-0.0022913658
-0.0017476448
-0.002735556
-0.0028633136
-0.004113135
-0.0019361833
-0.0016549274
-0.002097163
-0.0021060601
-0.0051784224
-0.0047976234
-0.0080172142
-0.0065517535
-0.0063616164
-0.005799844
-0.0087982464
-0.012218953
-0.012053304
-0.014306474
-0.015981005
-0.015027304
-0.013687222
-0.010888055
-0.0080586749
-0.0065419485
-0.0073873686
-0.0076271858
-0.0081140528
-0.0086278893
-0.0089588063
-0.0092095349
-0.0099907659
-0.010390116
-0.010934424
-0.010377785
-0.010261597
-0.011566368
-0.011353511
-0.010106335
-0.011836433
-0.013499822
-0.015555684
-0.020723022
-0.026605229
-0.023574321
-0.023473554
-0.02294752
-0.027068415
-0.030913164
-0.025929371
-0.019916657
-0.011173418
-0.010999579
-0.010625384
-0.014960521
-0.018244839
-0.025289961
-0.029369678
-0.034871713
-0.036546301
-0.040734005
-0.044748608
-0.047908133
-0.049508639
-0.053467785
-0.054122448
-0.053977475
-0.052382474
-0.051314465
-0.050288502
-0.046097541
-0.038730965
-0.033064836
-0.028111416
-0.019784171
-0.0081649118
0.0027318238
0.011697306
0.016074644
0.016409984
0.016287586
0.020663331
0.032665465
0.040087576
0.04255568
0.04524768
0.04699244
0.048826305
0.046923297
0.047463015
0.041271507
0.036801559
0.034332699
0.035718484
0.045398569
0.047217144
0.048644002
0.052280798
0.047179129
0.042490886
0.043517945
0.038959624
0.036879469
0.032493487
0.028653524
0.024236817
0.019510885
0.012012715
0.0037828586
-0.0041675866
-0.0083844345
-0.010818253
-0.012347274
-0.017100556
-0.020702383
-0.022401489
-0.025475104
-0.024173767
-0.022188613
-0.020545244
-0.019653811
-0.017189423
-0.01616429
-0.014046884
-0.012351372
-0.010318397
-0.0084622028
-0.0079098266
-0.0065364866
-0.0058584809
-0.0049324592
-0.0042650766
-0.0037947561
-0.0033710851
-0.0025731592
-0.0028108316
-0.0028306713
-0.0025817237
-0.0021744513
-0.0020628103
-0.0022620471
-0.0024040408
-0.0021283117
-0.0026577109
-0.0029538456
-0.003781369
-0.0050861213
-0.0063656846
-0.0078167948
-0.0091328177
-0.0074344335
-0.0057094225
-0.005105824
-0.0051457965
-0.0051457993
-0.0050046398
-0.0065831847
-0.0066789076
-0.0084838747
-0.008913207
-0.0078840537
-0.013554806
-0.016319689
-0.018064501
-0.019822654
-0.017770174
-0.012354231
-0.0090441642
-0.007904068
-0.0088534686
-0.0093486277
-0.010388169
-0.0097470099
-0.010864239
-0.011403635
-0.012486405
-0.011730938
-0.012337132
-0.011642984
-0.012034304
-0.011645218
-0.012053636
-0.012941852
-0.016060326
-0.016773955
-0.01949342
-0.023208747
-0.024684976
-0.022602531
-0.023756056
-0.021989783
-0.02765921
-0.029327842
-0.028412428
-0.021056565
-0.013124755
-0.010658216
-0.012035695
-0.01640162
-0.021121048
-0.027838273
-0.034827778
-0.037259529
-0.03930934
-0.042117075
-0.048702422
-0.050109517
-0.052439656
-0.050669394
-0.054804252
-0.056794473
-0.053615603
-0.053163751
-0.051161126
-0.046962243
-0.040739521
-0.033057411
-0.024991913
-0.010407423
0.002415417
0.013857379
0.022370793
0.020829615
0.023188548
0.027799953
0.038010502
0.039955721
0.043952544
0.038357148
0.042197347
0.0486977
0.046660311
0.047836516
0.046380069
0.039622262
0.038396453
0.037848568
0.039651336
0.049017956
0.048932237
0.046232641
0.047017966
0.048656872
0.048530314
0.044211881
0.040323474
0.034412565
0.029914871
0.024718421
0.020770622
0.015080729
0.0091712685
0.002081834
-0.0037768539
-0.0084469213
-0.0094420771
-0.010724151
-0.014719695
-0.01717147
-0.019770569
-0.019516496
-0.019775142
-0.019001942
-0.016606344
-0.01586379
-0.013871934
-0.012638634
-0.010447516
-0.0089125943
-0.0071303097
-0.0054733435
-0.0056641473
-0.0044493413
-0.0031408561
-0.0029572615
-0.0024640408
-0.0022525049
-0.002198017
-0.0018132384
-0.0017487084
-0.001726964
-0.001728593
-0.001966992
-0.0017844462
-0.0020152257
-0.0016368287
-0.0015821399
-0.0019611981
-0.0022405991
-0.0039722183
-0.0053904577
-0.0073363061
-0.011625555
-0.01433905
-0.006187968
-0.0046208967
-0.0046560037
-0.0042456588
-0.0051851478
-0.0040594902
-0.0057630064
-0.01119124
-0.015583155
-0.016685056
-0.018569852
-0.017217933
-0.01686765
-0.019373624
-0.021526345
-0.016089956
-0.011614721
-0.0088459061
-0.0080762866
-0.0075062391
-0.0088836379
-0.0098582033
-0.010355637
-0.011442307
-0.011923684
-0.012927095
-0.01291592
-0.011584368
-0.012322844
-0.011697228
-0.013861725
-0.01450959
-0.016948756
-0.018776998
-0.019275404
-0.019462725
-0.022737868
-0.018538748
-0.018810677
-0.021096012
-0.022478986
-0.02795993
-0.031031486
-0.031663358
-0.022373411
-0.012782795
-0.01344677
-0.01334675
-0.015450329
-0.019556236
-0.025559538
-0.031228028
-0.034994248
-0.039442392
-0.042072227
-0.047274855
-0.052343959
-0.053524013
-0.055246506
-0.059277708
-0.061268598
-0.059166188
-0.058437797
-0.053870657
-0.046633945
-0.03982491
-0.030356865
-0.014097496
0.00085327397
0.011493893
0.019750397
0.024317045
0.020465426
0.022052218
0.019447025
0.023605094
0.02889286
0.028836931
0.034458777
0.039127777
0.04058895
0.038872848
0.039283169
0.038763939
0.034182026
0.039289988
0.043419828
0.04913531
0.053114701
0.05443862
0.052374573
0.048874409
0.048841105
0.043368764
0.037270364
0.032588851
0.027773359
0.021008195
0.017390863
0.014919132
0.0096016097
0.0043728453
-0.00091866289
-0.0066016123
-0.0090670688
-0.01002496
-0.010116446
-0.012043826
-0.01348854
-0.01416239
-0.013822525
-0.013832191
-0.011512505
-0.010654661
-0.009979312
-0.01015338
-0.0091135904
-0.0078647693
-0.0068427729
-0.0062307553
-0.0045599491
-0.0041184974
-0.0032565954
-0.0026365977
-0.0017040271
-0.0014793385
-0.0016309545
-0.0018300062
-0.0011330747
-0.0012475538
-0.0019882164
-0.0023465863
-0.0025045457
-0.0025899241
-0.0025258276
-0.0026006508
-0.0029612196
-0.0031655308
-0.0035698205
-0.0048681993
-0.0058596432
-0.0080051348
-0.015721365
-0.013566539
-0.0048112617
-0.0049709992
-0.0027451983
-0.0076962177
-0.0062596099
-0.005255346
-0.0094123076
-0.014638531
-0.017766271
-0.020171625
-0.019230475
-0.019510429
-0.019501034
-0.018552179
-0.016953798
-0.012507608
-0.011546705
-0.0090903747
-0.0082931874
-0.0088314478
-0.0080944475
-0.0091549046
-0.009589432
-0.01028069
-0.011452519
-0.011851662
-0.011785225
-0.011706297
-0.012625676
-0.013389651
-0.01547004
-0.016274927
-0.019804755
-0.018079824
-0.017753976
-0.018545096
-0.017040035
-0.017843615
-0.017715411
-0.020824784
-0.024146765
-0.026065623
-0.028454031
-0.030031001
-0.021888588
-0.014918295
-0.016636594
-0.018277699
-0.016047287
-0.016723387
-0.020709527
-0.026071734
-0.031592589
-0.037137955
-0.042633783
-0.046378906
-0.052003633
-0.056451707
-0.063423013
-0.066393396
-0.068330935
-0.069401406
-0.066503427
-0.062719588
-0.054338375
-0.043382026
-0.031125251
-0.014597804
-0.0029819617
0.0036764176
0.0095599512
0.010861729
0.016140693
0.016934816
0.016158918
0.017687205
0.028699257
0.02780338
0.030109165
0.033180244
0.03794581
0.035377325
0.039120868
0.042886427
0.046643327
0.049711617
0.050845843
0.054774479
0.055585087
0.054708187
0.052609519
0.048892005
0.04278698
0.039524904
0.036439524
0.03154408
0.023571815
0.020023493
0.016086297
0.011942298
0.0081399996
0.0032744228
-0.0016853177
-0.0050182566
-0.0079609983
-0.0090535972
-0.0086120439
-0.0079007154
-0.0093812991
-0.0072495627
-0.0074505028
-0.0069576688
-0.0058647158
-0.0061509822
-0.0062299119
-0.0067771473
-0.0062651983
-0.0045892454
-0.0038358633
-0.0043066736
-0.0035295536
-0.0025961764
-0.0023340678
-0.0014248422
-0.0012932663
-0.0012224875
-0.0013871561
-0.00099485512
-0.0014350729
-0.0014672669
-0.002525242
-0.0022324843
-0.0025418168
-0.0022198009
-0.0023945373
-0.0024412203
-0.0027502093
-0.0032378348
-0.0031855298
-0.0047213964
-0.0047462671
-0.0061596969
-0.014159648
-0.014105498
-0.0073723937
-0.0040301823
-0.0032464707
-0.0097359158
-0.011713887
-0.010530042
-0.014423302
-0.015384196
-0.014640363
-0.016701642
-0.017778609
-0.015277053
-0.013805686
-0.010704817
-0.0088683585
-0.0062490724
-0.0056693644
-0.0055967429
-0.0071826522
-0.0065340676
-0.0054285867
-0.0047735205
-0.0065933281
-0.0083569927
-0.0096439843
-0.0099583575
-0.010971985
-0.010861435
-0.01224631
-0.014473236
-0.014350157
-0.014516822
-0.01866513
-0.017106979
-0.016817908
-0.016466626
-0.016514072
-0.018283205
-0.019802375
-0.020296085
-0.026107779
-0.030151952
-0.032519145
-0.029998878
-0.021997949
-0.019477068
-0.019655873
-0.021982511
-0.021033857
-0.019452092
-0.022198409
-0.026847273
-0.031085013
-0.037301885
-0.04516825
-0.050726873
-0.056904208
-0.060684091
-0.065125099
-0.067315842
-0.066761728
-0.065078496
-0.062284721
-0.057623981
-0.050633254
-0.042264178
-0.029261711
-0.015784378
-0.0053487373
-0.0012819009
0.0025896936
0.011083645
0.016299124
0.020921566
0.022746047
0.022145364
0.034049596
0.02984981
0.032177033
0.038285719
0.036997679
0.034498958
0.041762113
0.043799477
0.044858327
0.045909231
0.048734098
0.050912391
0.051675576
0.047663978
0.04669998
0.041063856
0.038470077
0.033763791
0.029593896
0.027268568
0.023663158
0.021435383
0.017717956
0.016023341
0.010930091
0.0070532056
0.0034727077
0.00079610654
-0.0022553783
-0.0035542324
-0.0037591793
-0.0026621276
-0.0019298273
-0.0017708113
-0.0024140966
-0.0024285579
-0.0029612109
-0.0041757702
-0.0032232116
-0.0036844788
-0.0030695184
-0.0022135425
-0.0017401549
-0.0021199551
-0.0017009734
-0.00059724811
-0.00094297403
4.3141591e-05
0.00015615479
-0.00025125629
-0.00069973198
1.5728422e-05
-0.00064448489
-0.0010161255
-0.0021259273
-0.0017679729
-0.0015227174
-0.00089041251
-0.0021234903
-0.0026857391
-0.0030192986
-0.0025432516
-0.0027634072
-0.0025438845
-0.0043085
-0.0059385352
-0.0091380773
-0.0092217428
-0.010322547
-0.0046252235
-0.0047562249
-0.0071825323
-0.0099504917
-0.012573691
-0.012256683
-0.0099834664
-0.0095258246
-0.0095590126
-0.010005344
-0.0087219668
-0.0066971325
-0.0043883472
-0.0038067828
-8.7569009e-05
0.00070082376
-0.0020781978
-0.0028749969
-0.0023505748
-0.0013988152
-0.004297898
-0.0041526424
-0.0031033817
-0.0066464308
-0.0078210133
-0.0069623896
-0.0097693783
-0.011753242
-0.013677195
-0.011157064
-0.014600453
-0.015761832
-0.014752486
-0.016622987
-0.016887631
-0.017402362
-0.020154994
-0.021482583
-0.021617538
-0.024875403
-0.028081454
-0.032017498
-0.027551312
-0.024757127
-0.02003997
-0.017403559
-0.020798485
-0.02036903
-0.020519063
-0.020650647
-0.02291217
-0.028058523
-0.03621108
-0.043132449
-0.048104661
-0.052822864
-0.054022657
-0.056446991
-0.056995304
-0.056175175
-0.053194611
-0.052509231
-0.046951162
-0.041650737
-0.030704382
-0.019653824
-0.007941738
-0.0022860862
0.0051197544
0.0087188618
0.013672948
0.023522557
0.032934146
0.039612325
0.044536959
0.041671016
0.040964546
0.041203098
0.042672241
0.045067491
0.047058488
0.047552314
0.046850333
0.044506357
0.044590159
0.043928698
0.043359789
0.044113118
0.0423973
0.039803841
0.033172256
0.0324697
0.029199963
0.028472406
0.025705778
0.023995979
0.020533837
0.019891776
0.016213372
0.016869547
0.013243759
0.0088189882
0.006672007
0.0038565643
0.002742889
0.0013445182
0.0013071309
0.0044762297
0.0040388584
0.00268473
0.0015515387
-0.00022638035
-0.00077843765
0.00018792597
-0.0010280367
0.00011586344
0.00015936906
0.0013861493
0.00063722307
0.0018681826
0.0022182755
0.0019200374
0.0024824231
0.0023683656
0.0022828594
0.0021005569
0.0033843079
0.0038124728
0.0022919334
0.0020297209
0.0033791922
0.0028668955
0.002466873
0.0023883706
0.0013259622
6.8612583e-05
-0.00047696004
-0.0012276005
-0.0028123658
-0.0050557655
-0.0060827798
-0.0024463833
0.0018781368
-0.0055741283
-0.0060485157
-0.0034093732
-0.0032797404
-0.0050766968
-0.0091760816
-0.0089549533
-0.0082281875
-0.0046260666
-0.0042570927
-0.0038765283
-0.0017479879
-0.00045191739
0.001268569
0.0039421218
0.0050130234
0.0061096863
0.0079357801
0.0082415986
0.0035377313
0.0047183996
0.0045512112
0.0018574116
-0.0019971059
-0.0061820872
-0.0074380585
-0.0066469928
-0.0077361407
-0.0090194191
-0.0096700603
-0.0080331409
-0.0094572931
-0.0082249272
-0.0089186753
-0.012271204
-0.014506193
-0.014778928
-0.015445165
-0.016736438
-0.016653834
-0.017693854
-0.019521791
-0.02030159
-0.01865575
-0.01818707
-0.018361712
-0.016602036
-0.016859903
-0.018578031
-0.019867214
-0.019994337
-0.021824621
-0.025537248
-0.028629281
-0.033152219
-0.039672661
-0.042967413
-0.045138107
-0.046450059
-0.048341863
-0.044649334
-0.041912052
-0.039551022
-0.03538128
-0.029869067
-0.016982021
-0.0078053581
0.0015229934
0.0072376845
0.013962865
0.015551658
0.024642682
0.033314809
0.04344417
0.057395689
0.057943106
0.055268357
0.054521045
0.051852757
0.047119176
0.049341892
0.054754266
0.054652451
0.049664679
0.049347548
0.045685022
0.044712422
0.042661793
0.041587358
0.041179641
0.039175803
0.031881757
0.027784281
0.026939557
0.02373918
0.022463585
0.020665067
0.017501174
0.014361942
0.012501047
0.0094930917
0.0064061956
0.0026893663
0.0023395813
0.00065006227
-0.00048186671
-0.00044672999
0.00093013468
0.0043857532
0.0050752027
0.0064529685
0.0068473715
0.0070824895
0.0076383196
0.0071126846
0.0063390201
0.0075104884
0.0089939285
0.0092408503
0.011730607
0.013204093
0.01469871
0.013252547
0.01527534
0.018149199
0.018544439
0.018678387
0.017249885
0.015053465
0.013248268
0.012061138
0.011420186
0.0098229629
0.010000009
0.0099094657
0.0079187025
0.007294921
0.005829017
0.0024604178
-0.00053694431
-0.003645772
-0.0049440731
0.0034157271
0.0080259888
0.002268947
-0.0034659516
-0.0019556064
-0.0023822444
-0.002799489
-0.0032386119
-0.0029502761
-0.0014454597
1.3787345e-05
0.00071495918
0.00098561218
0.0049995432
0.0046662486
0.0079200833
0.008305183
0.0071234141
0.0081508481
0.0087630796
0.0087330799
0.0073088298
0.005940822
0.0042175933
0.002539323
-0.00054551188
-0.005213524
-0.0064725972
-0.0068810378
-0.0083641672
-0.00630673
-0.0060097368
-0.0069924973
-0.0078544805
-0.0058692126
-0.0062079809
-0.0067853286
-0.0075374873
-0.010525335
-0.010959116
-0.012166733
-0.012436898
-0.012058454
-0.01176682
-0.011130179
-0.010787332
-0.013152116
-0.016452162
-0.018833155
-0.01755057
-0.017835398
-0.016133831
-0.01529797
-0.01862058
-0.020799529
-0.025911716
-0.0265073
-0.031333993
-0.033979974
-0.034110145
-0.035317039
-0.033291823
-0.030033775
-0.03045298
-0.03090931
-0.021711632
-0.010657469
-0.0022706794
0.0068363376
0.015980803
0.021602079
0.021705218
0.02410855
0.030940057
0.036111857
0.044253432
0.056034621
0.063365664
0.060669891
0.056085861
0.050317853
0.047803007
0.049280814
0.054485763
0.051030563
0.049618165
0.042806792
0.039365717
0.038429122
0.03766346
0.035043838
0.031864693
0.027326286
0.022933768
0.019763472
0.015861564
0.016286175
0.013695467
0.011815336
0.0088824488
0.006289903
0.0043280825
-0.0010234046
-0.002247102
-0.0011973361
-0.0034098819
-0.0023731457
-0.0010799966
-0.00011236082
0.0027180068
0.0058813574
0.0038395612
0.0063482943
0.0090750827
0.0097177722
0.010876099
0.012296819
0.012820061
0.013943642
0.012563773
0.012329384
0.014053272
0.017232159
0.017791917
0.020181613
0.023107803
0.026482683
0.026046312
0.026163554
0.023919223
0.018482593
0.01543224
0.010600779
0.0068613801
0.0045535782
0.0034645515
0.0028225697
0.0029333246
0.0025572013
-6.3622588e-05
-0.0006802842
-0.0017447609
-0.0037609003
0.0052146825
0.010234056
0.011335648
0.0029024002
0.0028099219
0.0022099527
2.888561e-05
0.0010463199
0.0012660822
0.0047728394
0.0062548425
0.0082468596
0.006791582
0.0072358736
0.0081954623
0.0077038073
0.0067198767
0.0090362838
0.0090325318
0.0091224476
0.0098608814
0.012433032
0.011095185
0.0077606314
0.0056116944
0.0030745974
0.00069831606
0.00013303613
-0.0044868292
-0.0077027023
-0.0088458824
-0.0090650677
-0.0074894226
-0.0087028984
-0.0086798981
-0.0073939589
-0.0043190184
-0.003677819
-0.0049808741
-0.0052835119
-0.0047042174
-0.0065859747
-0.0084885708
-0.0085687427
-0.0087483492
-0.0077509592
-0.0083455494
-0.010017875
-0.0094527989
-0.016411991
-0.016009191
-0.014630805
-0.013880835
-0.013822345
-0.014022578
-0.016075
-0.018246729
-0.020075158
-0.021489164
-0.023311021
-0.022882574
-0.020768383
-0.018229593
-0.018275891
-0.019119116
-0.019262393
-0.0089615144
0.0021578873
0.011971679
0.01608986
0.022441312
0.026543432
0.02677095
0.027210336
0.030597792
0.033348752
0.038700746
0.046365174
0.053141058
0.051251316
0.047253121
0.043264918
0.039912949
0.042185927
0.044500743
0.0413125
0.037752244
0.032938048
0.030443918
0.028432143
0.02521044
0.020536317
0.016300742
0.013291332
0.010266421
0.0072706917
0.0062262247
0.0043239591
0.0050389445
0.0045680241
0.0034557191
-0.00017852165
-0.003003469
-0.0057650706
-0.0058783966
-0.0026421566
-0.0026683402
-0.0015343555
-0.0016799961
-0.00026622242
-4.1459762e-05
0.0035518949
0.0046535002
0.0051697116
0.0061625166
0.0086561928
0.010527084
0.014040761
0.015570123
0.015542563
0.015432548
0.016397677
0.015569895
0.018130452
0.019988377
0.021924326
0.024518632
0.029700036
0.027568122
0.027888827
0.022448858
0.021591872
0.015549953
0.0098700153
0.0035456965
2.5165109e-05
-0.00020375057
-0.00084457381
-0.0027611792
-0.0026287164
-0.0019168574
-0.0029523717
-0.0050112935
0.004608757
0.012644843
0.011761196
0.0069722727
0.00061146095
-0.0010251182
-7.7293919e-06
0.00037207941
0.0016594008
0.004326743
0.0053173847
0.0076579497
0.0075799885
0.0074446207
0.0074443797
0.0088679043
0.0082646739
0.0093890081
0.010941533
0.011179793
0.01235448
0.013124831
0.01496131
0.015388759
0.013798505
0.01130365
0.0065641866
0.0050474599
0.0039450234
0.0011024221
-0.0030890378
-0.0068607343
-0.0078200331
-0.0096826004
-0.0083746414
-0.0081173417
-0.00635597
-0.0063041691
-0.0043673665
-0.0043084996
-0.0029142557
-0.0036076264
-0.0041532081
-0.0039703183
-0.0059393261
-0.0053905389
-0.0052754245
-0.005557753
-0.0070900418
-0.0067047642
-0.011846833
-0.011066044
-0.011797562
-0.010567174
-0.00973686
-0.0099035277
-0.011173746
-0.011785659
-0.012915427
-0.013431245
-0.014475973
-0.013125878
-0.012440966
-0.0092091867
-0.010158342
-0.0099022523
-0.0099469366
-0.0032041411
0.0033712993
0.011350555
0.017198932
0.021885116
0.026090228
0.02500226
0.022123921
0.023461126
0.027770225
0.029081074
0.034236941
0.035203861
0.0349051
0.035256717
0.031657114
0.025978955
0.02680645
0.028758295
0.026786571
0.023703037
0.019718805
0.016234826
0.013363167
0.0093352301
0.0065915742
0.003030493
0.00045775141
-0.0004606494
-0.00078458115
-0.0013448133
-0.00057143391
-0.00093859773
-0.00022886959
-0.0022125673
-0.0039702877
-0.0059798356
-0.0069383943
-0.0060088443
-0.0053190782
-0.0039115962
-0.0039478052
-0.0040731219
-0.0021790131
-0.00036289993
0.0014995189
0.0028233318
0.0053737151
0.0048462147
0.0055336389
0.0078546752
0.010105163
0.013216828
0.014650071
0.017701312
0.018306978
0.017762692
0.016712561
0.017720138
0.020020751
0.023615836
0.026310677
0.027064901
0.025578404
0.022365906
0.01806149
0.013177564
0.0072302004
0.0024743968
0.0011390074
-0.0015826428
-0.0029169344
-0.0027854254
-0.002291752
-0.0025417081
0.0015679743
0.0035477129
0.0095547889
0.011261272
0.0095990111
0.0048938313
-4.3875531e-05
-0.002317818
-0.0015139616
0.00071572457
0.0011974289
0.0044385356
0.0061988571
0.0065331978
0.0077545366
0.006616904
0.0059568787
0.0077532269
0.0080225493
0.0070416828
0.0092948315
0.01029936
0.012019028
0.014086381
0.015043702
0.016377592
0.016725627
0.014135679
0.010769538
0.010642355
0.0086740726
0.0055881806
0.00078590103
-0.0042111208
-0.0053486581
-0.0082017603
-0.0058648197
-0.0057376022
-0.0055318855
-0.0050287237
-0.0049597001
-0.0043919759
-0.0030563831
-0.0025545036
-0.0025902284
-0.0029007209
-0.0036889668
-0.0044373452
-0.0037625761
-0.0036015676
-0.0050251548
-0.0053504305
-0.0055809559
-0.0081479124
-0.0091170324
-0.0093096843
-0.0090290507
-0.0077885492
-0.0083381543
-0.0080496346
-0.0081992087
-0.0081186306
-0.0083483665
-0.0071416324
-0.0057321111
-0.0046459663
-0.0054972028
-0.0042072668
-0.002879682
-0.00090739031
0.0034522292
0.0093261571
0.011770247
0.016695582
0.018300876
0.014833271
0.014309632
0.015808177
0.018418968
0.020040231
0.021385191
0.021665368
0.022187647
0.021113316
0.01881198
0.013864618
0.012660252
0.013704582
0.014672272
0.012948987
0.0093066788
0.0054783058
0.0014527312
-0.0017003488
-0.0032237206
-0.0054055664
-0.0066940228
-0.0068535819
-0.0059931531
-0.0057555089
-0.0050273718
-0.0036978188
-0.0029462397
-0.0024972788
-0.0031720437
-0.0049833914
-0.005619881
-0.0063500636
-0.0064204222
-0.0051945176
-0.005142591
-0.0042012587
-0.0021649225
-0.0019319821
0.00045252565
0.0030651893
0.0052176283
0.0060171732
0.0055723452
0.0075267228
0.0089261763
0.0098069488
0.011571938
0.012828623
0.012920359
0.012507292
0.013282683
0.015540559
0.018491031
0.01950084
0.019054645
0.021406997
0.022591564
0.018161916
0.014397207
0.01132875
0.0070013862
0.0038463471
0.0011345701
-0.00029628052
-0.0015936767
-0.0013125749
0.0013372575
0.0021803398
0.0048162636
0.0089987133
0.010393743
0.009968316
0.0063256959
0.0026214171
-0.00020724961
-0.0018973381
-0.0010598015
-0.0010948086
-1.5576476e-05
0.0013780447
0.0031016426
0.0045323751
0.0048513396
0.0047914372
0.0046905785
0.0061613755
0.0073136482
0.0064130227
0.0075307198
0.0091255772
0.010979163
0.012271519
0.012196895
0.013590589
0.014622331
0.014976437
0.012957497
0.012830448
0.013792516
0.010370066
0.0068588489
0.0032914734
-0.00092552586
-0.0033220226
0.0002767291
-0.0020274828
-0.0031449662
-0.0022333792
-0.0018903278
-0.0020338356
-0.0015920507
-0.00076702815
-0.0014562364
-0.001291151
-0.0019099234
-0.00073165722
-0.0010238823
-0.0019989848
-0.0033570154
-0.0024399267
-0.0040626368
-0.007827908
-0.0082794101
-0.0090102708
-0.0088515105
-0.0092575303
-0.0089507656
-0.0080640438
-0.0081266496
-0.0083268201
-0.0074439999
-0.0063720878
-0.005812484
-0.0045409189
-0.0043365959
-0.0039530531
-0.0027966038
-0.0022237866
0.00024656315
0.0029686318
0.0063947136
0.0099371396
0.010063646
0.0070168446
0.0067316964
0.0060964157
0.006117185
0.0094245938
0.011055385
0.010838396
0.010826237
0.010369295
0.0090349512
0.0052414045
0.0030773155
0.0050398047
0.0062233964
0.0072108023
0.0024761812
0.00078280641
-0.0012672766
-0.0045782415
-0.0063708369
-0.008407272
-0.0082889045
-0.0083087671
-0.007715062
-0.0072178875
-0.0070327538
-0.0046121058
-0.002677844
-0.0025742285
-0.0038942442
-0.0052400441
-0.0060063762
-0.005823777
-0.007481772
-0.0070162938
-0.0053626892
-0.0051956459
-0.0026386392
-0.00017233301
0.0023652371
0.003598736
0.005916134
0.0072914162
0.0069794668
0.0070390504
0.007300261
0.0067980313
0.0075846005
0.0074182585
0.0070832457
0.0070626111
0.0084229675
0.01024047
0.01251607
0.013947648
0.013492665
0.015190452
0.01767041
0.016838334
0.012416232
0.0091333
0.0062558593
0.0045763979
0.0025005043
0.0026537795
-0.00018026346
0.0007763609
0.0015410623
0.0012793695
0.0032981314
0.0039682232
0.0052645994
0.0054613533
0.0023586125
0.00092293689
0.00070266954
-0.0010014041
-0.00086740827
-0.0028180906
-0.0017569282
-0.00034639517
0.00083588917
0.0016237245
0.0019375153
0.0022330428
0.0034784589
0.0035774515
0.002957612
0.0041741831
0.0055144319
0.0074984458
0.0090472605
0.010851788
0.011840267
0.01068037
0.011489915
0.01116251
0.010312255
0.0095391825
0.0095672721
0.0091401958
0.0076968324
0.0055470243
0.0035461208
0.0011020692
