0.00044183586
0.00072587028
0.0010426328
0.0015143393
0.0021360609
0.0048606505
0.011919891
0.015031363
0.0087040679
0.0037996158
0.00013876343
-0.0029396495
-0.0072552029
-0.0069921723
-0.0062425673
-0.0066799809
-0.0029052426
-0.0024105394
-0.00017812326
0.0024544666
0.0030264239
5.763892e-05
-0.0036187931
-0.0064293522
-0.011182776
-0.013262707
-0.013902557
-0.013806829
-0.012537174
-0.010810951
-0.0099461102
-0.010605564
-0.012311967
-0.0146539
-0.014314464
-0.013442692
-0.013713645
-0.013952736
-0.014167574
-0.013367199
-0.011297208
-0.010833438
-0.009796473
-0.008672631
-0.0068199952
-0.0049203593
-0.0034657138
-0.0048146813
-0.0067646853
-0.008028473
-0.0056993004
-0.0061848468
-0.0063506859
-0.0011753933
0.0035304523
0.006806816
0.0086526573
0.0093410402
0.0077856077
0.0047670145
0.0031555605
0.004567959
0.006034391
0.0079590083
0.011737347
0.010352103
0.010761712
0.010058936
0.010083286
0.011769098
0.014183569
0.015250035
0.017186244
0.020246604
0.019762479
0.020558267
0.020912455
0.020012573
0.019004284
0.018751141
0.021371695
0.02549623
0.029434487
0.030249712
0.028158595
0.02342223
0.019481338
0.013343637
0.013068258
0.014173807
0.015552163
0.016145088
0.015964381
0.011672028
0.0061687842
0.0027794241
0.0012799924
0.00096650144
0.0017868446
0.0031303748
0.0042210623
0.0058226091
0.0061547003
0.0072838492
0.0075427486
0.0070604302
0.0066087623
0.0070554287
0.0069619738
0.0074795002
0.0077875591
0.0078625246
0.0096292482
0.010325912
0.011837856
0.014062747
0.018534171
0.018746764
0.018849019
0.020426859
0.01606213
0.016076691
0.014947669
0.015069396
0.010172157
0.0077970543
0.0084677558
0.0064584563
0.0025475259
0.0013648783
0.0015465004
0.0018198306
-0.0011362974
-0.0019323047
-0.0015638676
-0.0012849439
-0.00086839172
-0.00017898361
-0.00029593235
0.00055729735
0.0007291663
0.00023346986
0.00024953434
0.00059410473
-0.00084073011
-0.00084578943
-0.00090075361
-8.7932052e-05
0.00033374594
0.0052036449
0.011161549
0.010049078
0.0038011172
-0.0020263311
-0.0054381907
-0.0081731066
-0.0076390567
-0.0086269304
-0.010073082
-0.0077892812
-0.0079006109
-0.0051790016
-0.00064664785
0.0029807691
0.000557564
-0.0039054623
-0.0071664001
-0.0080718391
-0.013656241
-0.017950261
-0.020342082
-0.018199245
-0.016609422
-0.015360893
-0.015885323
-0.017624052
-0.020225688
-0.021447619
-0.019619403
-0.018335159
-0.017737
-0.018004382
-0.018183917
-0.016317262
-0.014935074
-0.013724373
-0.012015602
-0.0094980359
-0.0064029216
-0.0022545405
-0.0013227333
-0.00055830925
0.0011688126
0.00015941642
-0.00014344558
0.00079694649
0.0056414761
0.011460645
0.014919861
0.017346462
0.019201264
0.019606752
0.016986819
0.015465302
0.01649306
0.016523823
0.017535123
0.019147996
0.019809255
0.018793457
0.020310182
0.018629191
0.018550723
0.017596144
0.019571764
0.020825004
0.020769854
0.022054777
0.023683785
0.023264038
0.021324579
0.021469433
0.021567115
0.021118569
0.021974844
0.025124775
0.024934524
0.023057966
0.021793741
0.016105807
0.012706899
0.012229748
0.011073978
0.011021289
0.011509878
0.010386654
0.0088528368
0.0049400328
0.0004756324
-0.0009168878
-0.00076649342
-0.00080131365
0.0010910998
0.0032596208
0.0042410119
0.0053601703
0.0058805507
0.0055541197
0.0058542289
0.0053315835
0.0053055458
0.0052751295
0.0053327946
0.0063082598
0.0073708962
0.0080401324
0.010116761
0.012668
0.015068058
0.016654346
0.020988899
0.023672196
0.024018945
0.020945507
0.018770471
0.017726518
0.014737528
0.012140964
0.0097252057
0.005201133
0.0026922328
0.0014388061
-0.0015096948
-0.0026419043
-0.0025951912
-0.0026124107
-0.0043644394
-0.0043722222
-0.0033894174
-0.0019450579
-0.0015524906
-0.0013359637
-0.00091313229
-0.0013166008
-0.0012589019
-0.0014094852
-0.001395441
-0.001127867
-0.004029136
-0.0037937744
-0.0041630426
-0.0039917689
-0.0046086678
0.00076861148
0.0061757368
0.0024751348
0.00056697967
-0.0025032912
-0.01043592
-0.012985418
-0.012945733
-0.01173692
-0.011620057
-0.013900734
-0.014277485
-0.011285555
-0.0054158858
-0.0010252354
-0.0024096465
-0.0077021668
-0.010558835
-0.013167196
-0.01809542
-0.022693558
-0.024679603
-0.023407321
-0.022201413
-0.023198933
-0.026628248
-0.030662789
-0.033706554
-0.03396623
-0.031378828
-0.026805469
-0.026577235
-0.026679951
-0.025561916
-0.023673413
-0.02171778
-0.020227723
-0.017029502
-0.01289964
-0.0080169
-0.0054390189
-0.0015992024
0.00019356704
0.0076730894
0.011715022
0.0093403198
0.01407915
0.019044885
0.020893741
0.026083084
0.030970197
0.034142433
0.029972594
0.025562951
0.028028017
0.028184192
0.029922868
0.028914587
0.027814952
0.029359921
0.028773431
0.028936987
0.02880463
0.028203295
0.024356761
0.024145034
0.025219866
0.025488963
0.025375616
0.023893231
0.021017801
0.019338884
0.019849916
0.019946741
0.019674746
0.019786032
0.019340443
0.015355351
0.011448787
0.0090263868
0.0083638941
0.0071084843
0.0043649302
0.0012734925
0.0015925756
0.0022341434
0.00043627542
-0.00048115867
-0.0026399786
-0.0038804131
-0.0038166511
-0.0030951473
-0.001113422
0.00023956167
0.0021988968
0.003186143
0.0036259676
0.0034852839
0.0033645405
0.0035668348
0.0032052213
0.003064774
0.002857846
0.0032433102
0.0032744225
0.0047136585
0.0057438231
0.0082458866
0.0083356675
0.016793965
0.021147243
0.023842636
0.019840466
0.016345521
0.013617064
0.013154335
0.013454354
0.0099272055
0.0068955668
0.0034692874
0.0027710903
-0.0027131581
-0.0052853337
-0.0069717432
-0.0069260092
-0.0069737856
-0.0066524345
-0.0054408293
-0.0037550575
-0.0040710334
-0.0033216855
-0.0026580227
-0.0019191382
-0.0029119133
-0.0029543691
-0.0034316564
-0.0033460422
-0.0038034839
-0.0033352199
-0.0063933252
-0.0055973403
-0.0057307935
-0.0066044525
-0.005650473
-0.0023757955
0.0016260992
-0.0040790665
-0.0082236636
-0.0096590141
-0.0153443
-0.016586322
-0.018530745
-0.02131111
-0.020979472
-0.019832111
-0.017586695
-0.014514427
-0.010145951
-0.007914884
-0.0083733995
-0.011450876
-0.013041366
-0.017932833
-0.022089259
-0.027013981
-0.029308339
-0.030751822
-0.031288792
-0.032884535
-0.039289323
-0.044214926
-0.04997054
-0.048011018
-0.046257589
-0.04342174
-0.041728296
-0.040887336
-0.04065147
-0.038301175
-0.034542245
-0.029808487
-0.027561468
-0.023332743
-0.018170037
-0.014460429
-0.0068448056
0.0012067741
0.010904665
0.018275497
0.023604837
0.027911729
0.029477375
0.028867839
0.032415034
0.039716623
0.043482896
0.037100007
0.036888601
0.042001788
0.04176233
0.041554208
0.041366496
0.039723652
0.037729524
0.037364505
0.040006502
0.041100592
0.038424128
0.036472499
0.032894831
0.031661729
0.029501057
0.028452284
0.023596029
0.019148481
0.018844426
0.018036431
0.01549972
0.011467797
0.0085866097
0.0078331837
0.0025387791
0.00040624995
-0.0012021297
-0.0017529537
-0.0046275621
-0.0061945784
-0.00838118
-0.0082786918
-0.0066371762
-0.0068791226
-0.0062007365
-0.0064040549
-0.0065220258
-0.0053532712
-0.0041124175
-0.0027480819
-0.0017075792
-0.00050632856
0.00079096699
0.0014326856
0.0018098249
0.0019387273
0.0011657043
0.0010397739
0.00078250464
0.00058639124
0.00059909105
0.0010612369
0.0019457146
0.0035218377
0.0046478984
0.0057210243
0.010762562
0.010935543
0.011078612
0.0089936518
0.0071101143
0.0043361202
0.0055978496
0.0042093417
0.0020024134
-0.0001384893
-0.0021712876
-0.0045137829
-0.0071654065
-0.011156537
-0.011318631
-0.01046959
-0.0091298434
-0.0079128687
-0.0058404705
-0.0043294883
-0.0042273568
-0.003514363
-0.0037199717
-0.0046277191
-0.0052118756
-0.0045387008
-0.0053181922
-0.0055713311
-0.0065294696
-0.0065242902
-0.0079241825
-0.0064040368
-0.0064729306
-0.0062188224
-0.0060574038
-0.0025764145
-0.0046400008
-0.012045314
-0.017126747
-0.018454134
-0.020121681
-0.023446024
-0.024954811
-0.030035405
-0.029831855
-0.023638709
-0.020243574
-0.016282228
-0.012217481
-0.011958362
-0.013635228
-0.017776607
-0.019996891
-0.023114786
-0.026912013
-0.028502833
-0.034821714
-0.039579758
-0.044087289
-0.046983815
-0.052612201
-0.056069828
-0.059647675
-0.063580407
-0.061488297
-0.0576698
-0.056662203
-0.055481033
-0.052521274
-0.048520349
-0.042886653
-0.035480387
-0.034847752
-0.032531124
-0.027545955
-0.019000142
-0.0082320816
0.0011242418
0.0064096262
0.015549908
0.020425886
0.027809718
0.033777537
0.035261692
0.040916463
0.044738849
0.043289373
0.043246552
0.044557294
0.045393601
0.046308751
0.051082625
0.052321542
0.050459839
0.050905219
0.048344756
0.04980916
0.050707673
0.048834591
0.043581939
0.042042652
0.038696587
0.030870561
0.02647208
0.024032593
0.01782319
0.015350428
0.010610177
0.0072854917
-0.00066131649
-0.0051604029
-0.0053547665
-0.0075280103
-0.0084397802
-0.0087595932
-0.0081819623
-0.011316942
-0.012312531
-0.012163083
-0.011186173
-0.010412025
-0.0099174508
-0.008567097
-0.0083588497
-0.0062527853
-0.0049862013
-0.0035719014
-0.0024427845
-0.00078640254
0.000254854
0.0011125828
0.00079467681
0.00058578741
0.00079405634
0.0004702739
0.00035045605
-1.9860034e-06
9.0432618e-05
-8.4975496e-06
0.00035969459
0.00015172794
0.00058226635
0.00013761323
0.0026417937
0.0045991339
0.0021730903
0.0034690678
0.0013523998
0.00097226755
-0.001264607
-0.0014655965
-0.00062301948
-4.256473e-05
-0.0017796098
-0.0054493355
-0.0063624052
-0.0077918358
-0.011160645
-0.012779472
-0.012996284
-0.011410094
-0.0083478453
-0.0055508799
-0.0051651018
-0.0050005737
-0.0054004935
-0.0060125252
-0.0064131068
-0.0063080796
-0.0066129858
-0.0070806234
-0.0079145682
-0.0081623918
-0.0074993154
-0.0079035719
-0.007481723
-0.0057192744
-0.0059426936
-0.0071486587
-0.0077387769
-0.012126521
-0.019672296
-0.021303948
-0.020494262
-0.021847478
-0.023771173
-0.032791514
-0.032526262
-0.030873242
-0.020459041
-0.016134107
-0.011930852
-0.013356641
-0.013728067
-0.01888107
-0.023030067
-0.027980467
-0.032645617
-0.035529357
-0.039697279
-0.044781352
-0.047597565
-0.052532863
-0.056560253
-0.058896774
-0.061406153
-0.06309189
-0.067346482
-0.068719797
-0.066852843
-0.063893648
-0.062623051
-0.059695894
-0.051457196
-0.040505047
-0.029648695
-0.02093217
-0.018705855
-0.019112829
-0.018306175
-0.0075005803
0.004441892
0.011288167
0.017435164
0.021452068
0.029410256
0.031630979
0.037365407
0.037524083
0.033426466
0.030119205
0.027272579
0.036825555
0.043524333
0.047399326
0.053921209
0.055104861
0.050386488
0.053872261
0.052805022
0.052318411
0.050544506
0.047836486
0.044684328
0.041605228
0.036953103
0.030261731
0.023311585
0.017609719
0.014421479
0.01119904
0.0051450761
-0.00046875016
-0.0047242096
-0.010935819
-0.013411059
-0.014770306
-0.014565894
-0.015431273
-0.015130538
-0.014790771
-0.014446477
-0.012999178
-0.011914167
-0.010021497
-0.0099437905
-0.0089030342
-0.0081623301
-0.0064510534
-0.0051140695
-0.0040138184
-0.0028850975
-0.0016817981
-0.0013182267
-0.0013001196
-0.0010992967
-0.00080446217
-0.00050068319
-0.00022077551
2.9384036e-05
0.00030985466
0.00028955275
0.00034560711
8.385845e-05
-0.00073177797
-0.0010090043
-0.0011164517
-0.0033291233
-0.0039644937
-0.0025009641
-0.0017084979
-0.00077557844
-0.00067453838
0.00034881933
-0.00020022859
-0.0013494244
-0.0018912824
-0.003970884
-0.0013838464
-0.0050295324
-0.0087652609
-0.011824478
-0.015588221
-0.017091237
-0.013299304
-0.0093892707
-0.0063886363
-0.0067577983
-0.0064850435
-0.0072766305
-0.0067659036
-0.0073330726
-0.0075427368
-0.0083266084
-0.0078883775
-0.0084752067
-0.0082820545
-0.008548899
-0.0071739605
-0.0077451465
-0.0073575136
-0.010267121
-0.010895435
-0.012950473
-0.01730258
-0.021572691
-0.020426925
-0.022669326
-0.021859624
-0.026231664
-0.031514798
-0.034342811
-0.032472186
-0.022019412
-0.014558101
-0.011010177
-0.012445882
-0.015698651
-0.020812878
-0.028541603
-0.032796037
-0.035252567
-0.037752844
-0.044036394
-0.048232114
-0.053126674
-0.053408106
-0.056209992
-0.062235916
-0.062753591
-0.065067772
-0.067142469
-0.070688999
-0.069568631
-0.06674275
-0.063676284
-0.054575513
-0.041280567
-0.028661153
-0.015317552
-0.014229013
-0.011807983
-0.0084261051
0.0021615053
0.0092712281
0.017780096
0.015405281
0.016153072
0.027063418
0.03116893
0.035233632
0.038573544
0.033918474
0.031563187
0.030690331
0.029889303
0.039837651
0.045276902
0.046231071
0.046390175
0.049774041
0.054708549
0.052913352
0.052207687
0.048892572
0.046410505
0.044055314
0.040635197
0.036133069
0.03157181
0.026580335
0.020189004
0.013384129
0.01000409
0.0077849707
0.0021656315
-0.0017520983
-0.0067596751
-0.0093896796
-0.011182071
-0.01342098
-0.012665561
-0.013110857
-0.013095966
-0.012355103
-0.011842251
-0.0099865067
-0.0087595181
-0.0067756861
-0.0069436405
-0.0066128954
-0.0049817075
-0.0038975963
-0.0031539439
-0.0022405733
-0.0019093809
-0.001257448
-0.00081831536
-0.00075433123
-0.00049355849
-7.1823746e-05
0.00024483539
0.0006000166
0.00092069883
0.0017975832
0.0018720448
0.0026604503
0.0016858567
0.00073219523
-0.00025365516
-0.0031111623
-0.0088863403
-0.0056022302
-0.0013609246
0.00028032081
0.00044983773
0.00076669295
0.0027047747
0.003752224
0.0010519446
-0.0050713627
-0.0074063522
-0.010799102
-0.010906668
-0.010603932
-0.013775455
-0.01825043
-0.017944055
-0.013760344
-0.010650003
-0.0080201011
-0.0058525902
-0.0055979346
-0.0068727235
-0.0066985266
-0.0077530109
-0.0078686522
-0.0083703786
-0.0088412806
-0.0075803216
-0.0082551659
-0.0083229932
-0.0078385455
-0.0081747414
-0.010360559
-0.012570543
-0.013689592
-0.013764497
-0.017337453
-0.015826829
-0.015518348
-0.017705225
-0.019276712
-0.023778611
-0.030223762
-0.035331084
-0.033121485
-0.019594161
-0.014219292
-0.011830534
-0.011102556
-0.012711675
-0.017032003
-0.022046301
-0.025892386
-0.030794477
-0.034051377
-0.037885047
-0.044851888
-0.048899985
-0.052543349
-0.058147842
-0.064454679
-0.066275634
-0.070782833
-0.072038285
-0.070824565
-0.068914204
-0.066267794
-0.055581128
-0.041332137
-0.027220126
-0.016839681
-0.01006497
-0.0089499399
-0.0051799065
-0.0045057035
-0.0019022849
0.0048700866
0.0060318689
0.009938213
0.017483291
0.022054381
0.023295135
0.025211297
0.026504673
0.021417613
0.022882993
0.028434011
0.035310674
0.042826627
0.047692917
0.050464615
0.048414492
0.05111881
0.049971007
0.047435393
0.04391667
0.042196544
0.036891118
0.033642046
0.032234873
0.028931104
0.024597613
0.020156596
0.012677407
0.0075808911
0.0044492695
0.002990142
0.00032780278
-0.0026738162
-0.0049732895
-0.0062884125
-0.0081124012
-0.0074837807
-0.0076870836
-0.007358307
-0.0079905442
-0.0075454238
-0.0066548236
-0.0064319902
-0.0063715562
-0.0049259999
-0.0041734805
-0.0032260939
-0.0026337019
-0.0016760967
-0.00083038883
-0.00042094538
-0.00054218188
0.0001675368
0.00061021972
0.00053011861
0.00011629701
0.00051236083
0.00061458552
0.0009391718
0.0013006305
0.0018004895
0.0015433689
0.001892972
0.0010802382
0.001056957
0.0011235965
-0.0063681437
-0.010618536
-0.0021641202
-0.00050696097
0.0036152515
0.00061601485
0.00070218793
0.0043747498
0.0029618741
-0.0010574183
-0.005909641
-0.0093339403
-0.011166501
-0.011632465
-0.013705284
-0.015737032
-0.017521717
-0.014248981
-0.012084418
-0.0091908218
-0.0074997577
-0.0070818573
-0.0052744562
-0.0057075504
-0.0058173626
-0.0060768193
-0.0068601849
-0.0066247708
-0.0065863968
-0.0059066548
-0.0066250143
-0.0073133727
-0.0075903175
-0.0081143653
-0.012061439
-0.01353864
-0.012084816
-0.012941253
-0.011574973
-0.012874544
-0.012775329
-0.014257615
-0.018064012
-0.022091837
-0.026986145
-0.030418112
-0.027938395
-0.017930034
-0.014562509
-0.015250966
-0.012991515
-0.010741489
-0.011387191
-0.014001836
-0.017986865
-0.023105647
-0.029370309
-0.033533356
-0.039550441
-0.044717522
-0.052594469
-0.05988467
-0.064759753
-0.071580369
-0.074706176
-0.077600653
-0.077278731
-0.07366666
-0.066958078
-0.054844621
-0.04213055
-0.033640067
-0.027108764
-0.025058409
-0.016549516
-0.011428943
-0.0093276111
-0.00974714
-6.2632976e-05
0.0020788542
0.0044597012
0.0075475427
0.0143095
0.015276809
0.016770041
0.02166231
0.025622898
0.031435541
0.033223648
0.038992342
0.043514611
0.046570184
0.047643533
0.047111273
0.044472409
0.043283807
0.042415381
0.040554674
0.035209104
0.031338069
0.029487161
0.026740792
0.023921223
0.020760795
0.015478688
0.011378256
0.0063260307
0.0034534892
0.0005590019
0.00088924787
-0.001612325
-0.0011663379
-0.0015526706
-0.0024146867
-0.0016482958
-0.0026281948
-0.0028920462
-0.0037124578
-0.0038718935
-0.0026447926
-0.0020407429
-0.002469647
-0.0020978784
-0.0010644025
-0.0012591922
-0.00025572187
0.00077216264
0.0012214919
0.00098443348
0.0015521462
0.0013788185
0.0014948895
0.00066693349
0.00063084648
0.00066610846
0.001000862
0.0011528956
0.0013484619
0.001210889
0.00079319945
0.0012891062
0.00076288241
0.0014292963
0.0032800905
-0.003766979
-0.0084367482
-0.0034867876
0.0016258818
0.0048311344
0.0013564946
-0.0018302999
-0.0011016313
-0.0029406754
-0.005285281
-0.0059642689
-0.0080568931
-0.011094956
-0.011312341
-0.012565496
-0.011534396
-0.0092895641
-0.0064281002
-0.0047105218
-0.0035536697
-0.0040447624
-0.0040750676
-0.0022389627
-0.00096107572
-0.00098768699
-0.0023720873
-0.003769007
-0.0036447141
-0.003882182
-0.0040618909
-0.004504306
-0.0066496722
-0.0062312078
-0.0047235543
-0.00932276
-0.010482374
-0.009412527
-0.010022968
-0.0088746636
-0.011212224
-0.012370304
-0.01191481
-0.016336756
-0.02283777
-0.027776583
-0.03077633
-0.025378965
-0.019763888
-0.016544994
-0.017098513
-0.015811615
-0.013595418
-0.012988954
-0.01486304
-0.017610044
-0.021760817
-0.029452585
-0.035725374
-0.041181749
-0.046917501
-0.053052064
-0.059843137
-0.064083974
-0.068483042
-0.070045256
-0.073884324
-0.073741767
-0.072440164
-0.065547607
-0.055096047
-0.043946966
-0.038535818
-0.036216767
-0.028154941
-0.020034936
-0.014360844
-0.0075098118
-0.0077957181
0.0028562796
0.0028547725
0.0024013735
0.0089840662
0.012420076
0.011332243
0.01689219
0.022100196
0.023318861
0.026106409
0.028737179
0.032845815
0.037467709
0.037702902
0.039439892
0.038139869
0.035855206
0.035195957
0.031486158
0.030263103
0.027324819
0.026940226
0.024901968
0.025407164
0.023748167
0.019504941
0.016150797
0.013029501
0.0071179939
0.0043936145
0.0023568814
0.0019388552
0.0023749848
0.002905018
0.0021467835
0.00087117187
0.00043659397
-0.0012654847
-0.0012155193
-0.0010814396
-0.0014387525
-0.00053430576
-0.00011864522
-1.3437231e-05
-0.00058956466
0.00062280063
7.1393105e-05
0.0010752362
0.0012200316
0.0013607371
0.00060853404
0.0024039496
0.0019766061
0.0020659931
0.0010125753
0.00070749636
0.00073272705
0.0020220106
0.001266692
0.00061576494
-0.00025084406
-0.00048075611
-0.00062174574
0.0015520249
0.00064624523
0.00066621679
-0.0020271662
-0.0039063129
-0.0054947898
-0.00015330334
0.0026079115
0.00072448616
-0.0011378914
-0.0049118341
-0.0063622251
-0.0049961173
-0.0045260059
-0.0050432059
-0.0067080376
-0.0072513613
-0.0066713487
-0.0045694907
-0.0034787407
-0.00055749965
0.0027036422
0.0015067581
0.00081590316
0.0015819008
0.0032021459
0.0020452987
0.002302118
0.0042180572
0.0017939481
-0.00027535699
0.0015902784
-0.00045779627
-0.0025163052
-0.00454401
-0.0020721608
-0.0040759122
-0.007153238
-0.0077428558
-0.0088417844
-0.0092984507
-0.0090528579
-0.012086717
-0.014059994
-0.014766495
-0.017810306
-0.021142684
-0.027748615
-0.030090087
-0.029553624
-0.025356952
-0.019717331
-0.019257247
-0.018384959
-0.017069184
-0.016173614
-0.015500054
-0.017273592
-0.021596854
-0.028627811
-0.034187488
-0.040989332
-0.044286877
-0.049939847
-0.05450839
-0.058973974
-0.061277865
-0.066088801
-0.066107772
-0.067621165
-0.064087621
-0.057030112
-0.048345645
-0.041409596
-0.034942195
-0.030800776
-0.027374896
-0.020480405
-0.0094002797
0.00049094938
0.010380183
0.011670271
0.010484708
0.012763606
0.013911962
0.017606686
0.022196658
0.025327074
0.026393555
0.026951254
0.027151906
0.027883613
0.027405043
0.030250169
0.030694267
0.031678272
0.027698257
0.028118124
0.026410029
0.026489042
0.025025922
0.025190813
0.022770784
0.022507864
0.020897335
0.021093566
0.020051341
0.015936161
0.013742558
0.0095505501
0.0062382704
0.0044157081
0.0016500511
0.003841326
0.0047048168
0.0036204164
0.0024289947
0.00096792779
-0.00046910443
0.0001921064
-0.000450971
9.9218875e-05
0.00042554406
0.0010985985
0.00098627115
0.0011529402
0.0024747808
0.0021734102
0.0029476833
0.0024842062
0.0024901901
0.0021990237
0.0034059664
0.0048736804
0.0042079384
0.0036273139
0.0049416842
0.0043717099
0.0034560744
0.0043252402
0.0033165224
0.0026811786
0.0021458592
0.0018910407
0.0011639108
-0.00063829673
-0.0031862547
-0.0021409655
0.0029770303
-0.00018226907
-0.0020339917
-0.00061969851
0.00059804623
0.0013859273
-0.0028976517
-0.0041962794
-0.0047835438
-0.0035309957
-0.0026344056
-0.0034128309
-0.0026051332
-0.0017867751
-3.2272171e-05
0.0026447175
0.0049864074
0.006722817
0.0086042087
0.011218625
0.0082744958
0.0082283818
0.010007488
0.0094739571
0.007922329
0.0040168577
0.0015435504
0.0011463065
0.00085080602
-0.00052928196
-0.00084821723
-0.0026738745
-0.0047445625
-0.0042280365
-0.0037836693
-0.0065099204
-0.0084667165
-0.0096300557
-0.01043777
-0.011719815
-0.013045502
-0.01401017
-0.016123704
-0.018351335
-0.019419295
-0.020446373
-0.021544172
-0.020023816
-0.018967519
-0.018136139
-0.018267538
-0.017714827
-0.017531939
-0.019291985
-0.021184965
-0.02357795
-0.02931276
-0.034115876
-0.038384983
-0.042554666
-0.048795886
-0.051223273
-0.052954703
-0.055291789
-0.054798357
-0.056514766
-0.051546555
-0.045578144
-0.038380021
-0.032978741
-0.026064209
-0.022774985
-0.018081284
-0.010317475
-0.0024283849
0.014346099
0.0219518
0.021851873
0.02448635
0.025030965
0.023223745
0.025071543
0.030425301
0.033407474
0.031265529
0.03265325
0.032247699
0.031881255
0.031431965
0.031136128
0.031442264
0.032853087
0.02990386
0.02546445
0.025038278
0.023633525
0.022856714
0.02274824
0.020089394
0.017253943
0.015812113
0.012840492
0.0098049616
0.0043417502
0.002483991
-0.00051819722
-0.0040401709
-0.0050321735
-0.0055183524
-0.0028576429
-0.0024904125
-0.0023766505
-0.0021676161
-0.0017135577
0.00038703937
-8.4633432e-05
-0.0013347435
-0.00072599425
0.0024665611
0.0023267234
0.0039747239
0.0054380902
0.0077429371
0.0078245212
0.0093189734
0.012598021
0.014692387
0.016395625
0.016488617
0.01611436
0.014181628
0.013433534
0.013032977
0.011212486
0.0096048966
0.010375014
0.0089302197
0.0080671093
0.0074344777
0.0059230283
0.0035949274
0.0008138218
-0.0028138973
0.0015497029
0.0071574669
0.0067598407
0.002634211
0.0015877607
0.0020135729
0.0017123488
0.00088765933
-0.00066409652
-0.00023365038
0.00042218261
0.00089130345
3.6386451e-05
0.0028592345
0.002899161
0.0054759916
0.0079718372
0.008011521
0.0092022181
0.010722385
0.012558974
0.012289924
0.011497592
0.010724528
0.0101729
0.0087909361
0.0047924616
0.0020502112
0.00033547128
-0.0016016937
-0.0016830929
-0.0011430479
-0.001918271
-0.0033115514
-0.0029832738
-0.0027315452
-0.0023542076
-0.0023249151
-0.005184141
-0.0065343197
-0.0074382899
-0.0083161042
-0.0085924448
-0.0093337339
-0.0093902646
-0.0091747223
-0.010141557
-0.013742664
-0.018068562
-0.018044282
-0.017407167
-0.015821903
-0.013546769
-0.015135679
-0.015569964
-0.019668172
-0.020909593
-0.024083935
-0.02826342
-0.029858815
-0.034258963
-0.03641652
-0.037858265
-0.039749647
-0.043478713
-0.042773398
-0.038224311
-0.03375942
-0.028675611
-0.021235064
-0.014642187
-0.011814746
-0.010102751
-0.0056796881
-0.0011093369
0.0058391804
0.016797651
0.028114327
0.030253462
0.031012416
0.028487921
0.027656958
0.030301014
0.035866125
0.03658264
0.036257455
0.033396025
0.030308215
0.031263197
0.031550032
0.032531433
0.031452028
0.029151382
0.025732323
0.023617611
0.01924681
0.019186928
0.017982403
0.017108338
0.014383059
0.011163953
0.0083972926
0.0029912626
-0.0016217587
-0.0019316283
-0.0047099649
-0.0074639215
-0.0084145823
-0.0089192193
-0.0078440032
-0.0049942887
-0.0054808374
-0.004597675
-0.0016181935
-0.00068733557
0.00038692114
0.0013444451
0.0015103417
0.0044938503
0.005269876
0.0045293108
0.0049085514
0.0082550801
0.00910741
0.010563238
0.013511895
0.01725495
0.019774258
0.022160109
0.024131345
0.022379849
0.020892632
0.016381915
0.012801781
0.0096856803
0.0069175442
0.0058161537
0.0064203783
0.0061807845
0.0045879345
0.0026202493
0.0027693237
-0.0012972886
0.0023114742
0.0064493844
0.010151531
0.0060713985
0.0043725653
0.0056409245
0.0029574148
0.0029296487
0.0014934985
0.0036498653
0.005458943
0.0073724454
0.0068880577
0.0065758075
0.0073105358
0.0077119591
0.0068244564
0.0089695803
0.010211357
0.011852758
0.013657548
0.01557852
0.017960393
0.017562791
0.016315131
0.014009229
0.011011206
0.0106062
0.0078720633
0.0030204029
0.00063896373
-0.00099540094
-0.0015292636
0.0006991371
-0.00080985758
-0.001851756
-2.6427635e-05
0.0013217412
0.0006968426
-0.00012328483
0.0001985868
-0.00054799783
-0.0022267841
-0.0029605878
-0.0031909685
-0.0027665574
-0.003056615
-0.0052109514
-0.0044799921
-0.010877928
-0.012914047
-0.01237711
-0.011654655
-0.011691167
-0.010882616
-0.011932996
-0.013243176
-0.015690404
-0.017124821
-0.019988005
-0.021504143
-0.022804835
-0.022358628
-0.024283017
-0.026385969
-0.031043521
-0.028936869
-0.023400452
-0.015492685
-0.012167935
-0.0067075557
-0.0022446757
-0.00070161955
0.0011731261
0.0045731837
0.0080461038
0.012173833
0.019123015
0.026477429
0.029347063
0.028299085
0.027647758
0.027146739
0.029529199
0.032238578
0.033169791
0.032340929
0.029497394
0.027864216
0.028601343
0.028203019
0.026366775
0.023578225
0.021094516
0.018908623
0.015499249
0.012714881
0.010563724
0.010817402
0.010637426
0.0093897041
0.0060136734
0.0017275039
-0.0021150244
-0.0060804756
-0.005091818
-0.0063349164
-0.0064344604
-0.0079890557
-0.0072275639
-0.008662317
-0.0067506137
-0.0050027388
-0.0040665346
-0.0035839166
-0.0017937383
-0.0011113242
0.0017637751
0.0038754594
0.0058396308
0.0069387183
0.0081922451
0.0078836997
0.0092710877
0.011037624
0.012984904
0.013760762
0.020034117
0.021281472
0.024553117
0.022942778
0.024340914
0.022975455
0.01844642
0.014086327
0.0089951389
0.00697398
0.0058769576
0.0045236384
0.0039046323
0.0041399805
0.0034088514
0.00094157709
0.0034858993
0.009428029
0.010810316
0.010231151
0.0066294833
0.0051008193
0.0046637779
0.0035606315
0.0030076355
0.0040715844
0.0045156797
0.0070402976
0.0075818099
0.0078112731
0.0073606234
0.0081462069
0.0084091145
0.0092420011
0.011376807
0.012880989
0.01472199
0.016949757
0.019340918
0.021514449
0.023345133
0.02361077
0.020468324
0.017969299
0.017288186
0.015261935
0.011967554
0.0073171628
0.0043535616
0.0014422734
0.0035374469
0.0018015156
0.001898569
0.00096717766
0.0014264438
0.001890221
0.0028605893
0.0029538351
0.0022721409
0.0032267044
0.0018291864
0.0020562202
0.0020790087
0.0022679738
0.00023799566
0.00077090526
-0.0047134212
-0.0051850512
-0.0059892451
-0.0055379429
-0.0059669972
-0.0059924981
-0.0073477405
-0.0078619071
-0.0087524117
-0.0091078655
-0.010811974
-0.011624815
-0.012879356
-0.011915765
-0.012338262
-0.014350142
-0.017571751
-0.017680124
-0.014351997
-0.0095106506
-0.0038653686
0.00040256543
0.0044472976
0.0069813095
0.0071131375
0.0076430235
0.012786323
0.015156544
0.018639556
0.020980283
0.022168351
0.023753108
0.024268279
0.021336873
0.021413354
0.024219766
0.025143763
0.025227839
0.023388388
0.020908327
0.019936337
0.018024024
0.016362585
0.013537588
0.010854237
0.0090765035
0.0079964533
0.0057371753
0.00495349
0.0036669546
0.0032602419
0.0021480533
-0.00013086835
-0.0028482867
-0.0056138968
-0.0065599822
-0.0069589731
-0.0066141297
-0.0073767043
-0.0088877061
-0.0084443524
-0.0086245989
-0.0081353097
-0.0070694631
-0.0042698016
-0.0041824697
-0.0046440523
-0.00325628
-0.0019560868
0.0014852702
0.0037923242
0.007449005
0.0092339533
0.010552712
0.011010532
0.011138611
0.011966398
0.015136692
0.018678864
0.021150612
0.022534124
0.023252029
0.023033896
0.020757745
0.017313089
0.012976034
0.011533021
0.0080440842
0.0054782631
0.004291229
0.0050084202
0.002891497
0.0048278198
0.0066854981
0.0093307759
0.011488881
0.01233201
0.011128452
0.007376748
0.0051701217
0.0039632767
0.0046648099
0.0043074721
0.004785097
0.0061983762
0.0064850241
0.0072376151
0.00736136
0.0067853261
0.0077265648
0.008576802
0.0074198624
0.0089163885
0.010760178
0.011757631
0.014532902
0.017614778
0.02068666
0.023630437
0.024213204
0.023016322
0.023416809
0.022372228
0.020281295
0.017629437
0.012192194
0.0097693091
0.0059309965
0.0075473659
0.0052274487
0.0046039027
0.003924324
0.0030037374
0.002379168
0.0032885871
0.0042452255
0.0041221273
0.0041147709
0.0037231936
0.0028113392
0.0028649917
0.0036264559
0.0023414956
0.0018011902
0.001346482
-0.0011030083
-0.0026304241
-0.0030845801
-0.0037755888
-0.0032152303
-0.0041934479
-0.0048535485
-0.0051348981
-0.0046516667
-0.0054327621
-0.0058031202
-0.0059487334
-0.0057793076
-0.0066383759
-0.00777567
-0.0085271708
-0.0099782803
-0.0091327827
-0.0051819162
-0.0019527286
0.0017611109
0.0060465119
0.0055500162
0.0053294695
0.0061122306
0.0092638169
0.012297905
0.013365854
0.014711533
0.016358026
0.016517196
0.017244341
0.014614065
0.012841927
0.01406281
0.015773364
0.016194662
0.015485134
0.013794467
0.011236752
0.0079937634
0.0066741871
0.0051002582
0.0030636743
0.0010846786
0.00033229473
-0.00052891229
-0.0013269416
-0.0016892392
-0.0017124774
-0.0021822214
-0.0030439505
-0.0045366676
-0.0055419297
-0.006644261
-0.0080000527
-0.0080300111
-0.0088080578
-0.0091559389
-0.0081155736
-0.0092500623
-0.0089552735
-0.0065336136
-0.0046458918
-0.0031724608
-0.003356927
-0.0023623444
-0.00084306264
-4.1751004e-05
0.0021369182
0.0042609791
0.0053779895
0.0059501704
0.0064677056
0.0083449823
0.010538224
0.012131457
0.012836409
0.015530689
0.019803297
0.020041319
0.018528864
0.018156424
0.016230784
0.013372856
0.011288116
0.0088897559
0.0058722428
0.0040263059
0.0053329891
0.0061587746
0.006458203
0.0098708948
0.011963358
0.01302557
0.011710367
0.009863827
0.0076930599
0.0047771388
0.0044905558
0.0040677419
0.003760102
0.0038687596
0.0042229715
0.0046188371
0.0046338877
0.0048114217
0.0047405194
0.005157945
0.0060871629
0.0062496738
0.0066802181
0.0084651182
0.0095728624
0.01148171
0.012556253
0.014673647
0.017751974
0.020752913
0.021202549
0.020930686
0.023035059
0.02256596
0.020690157
0.018424443
0.014225539
0.011187714
0.011464692
0.0088078742
0.0065323494
0.0062435755
0.0062267998
0.005786047
0.0052800718
0.0061779377
0.0054929933
0.0059258547
0.0051252402
0.0057862511
0.0057770878
0.005498518
0.00424823
0.004697372
0.0046714705
0.0010707295
7.4748376e-05
-0.0015079545
-0.0017770802
-0.0026480822
-0.0034448013
-0.0034849634
-0.0042450623
-0.0044446597
-0.0044957728
-0.0043872305
-0.0051152267
-0.004598695
-0.0046880724
-0.0052864363
-0.0058981032
-0.0066372942
-0.0067970102
-0.0055842012
-0.0025556748
0.00090514626
0.0038293673
0.0027957576
0.0027566295
0.0031422419
0.002119749
0.0033324626
0.0065222204
0.0079105197
0.0094010222
0.0095834706
0.0099849238
0.0078002492
0.0048802077
0.0061185985
0.0072499599
0.0093748006
0.007868812
0.0068980649
0.0066635569
0.0039205814
0.0025455538
0.00065279711
-0.00021475988
-0.00092745338
-0.0018073429
-0.0027916413
-0.0040019472
-0.0038426889
-0.0028669785
-0.002869536
-0.0040569615
-0.0050217613
-0.0057088258
-0.0062261287
-0.0076761271
-0.0093907669
-0.0094661031
-0.010443555
-0.009645194
-0.0088924893
-0.007166835
-0.0058380517
-0.0032268006
-0.00094568191
-0.00092697989
-0.00029250175
0.0014418331
0.00074639967
0.001406356
0.002023388
0.0013495044
0.0016673079
0.0030479299
0.0039350221
0.0048774504
0.0068123442
0.0075585757
0.0098439175
0.013338848
0.01610175
0.014617287
0.014123434
0.013220817
0.013365531
0.010134719
0.0088458679
0.006297606
0.0055759277
0.0063406284
0.00545387
0.0066139061
0.007497356
0.0083270014
0.0095567483
0.0081964153
0.0059161253
0.0058288054
0.0041805972
0.0039405969
0.0023846016
0.0018666328
0.0028028245
0.0031147601
0.0029141109
0.0025906165
0.0027962692
0.0032532678
0.0033600045
0.0025869432
0.0034590313
0.0045556139
0.0063337899
0.0078819735
0.0089725066
0.011021934
0.011434691
0.013025904
0.015184827
0.015966355
0.016031141
0.016795864
0.017042586
0.016600968
0.016043579
0.015166485
0.013126998
