-0.0022985374
-0.0014095045
-0.001165564
-0.00034996444
0.0010081695
0.0047815037
0.01100461
0.008916393
-0.00039939938
-0.0054848728
-0.0087137936
-0.01078013
-0.012503355
-0.010244276
-0.0093885785
-0.0085853395
-0.0054613092
-0.0049035149
-0.004368865
-0.0035959519
-0.0028651452
-0.0056388154
-0.0077663881
-0.010666898
-0.012369561
-0.012542388
-0.013382313
-0.013021978
-0.011852684
-0.0096521028
-0.008630726
-0.0083674186
-0.009557321
-0.010253122
-0.0088161865
-0.0081538976
-0.0076621584
-0.0073654653
-0.0062610625
-0.0051462101
-0.0033545106
-0.0029776142
-0.0023943867
-0.002179247
-0.0015231275
-0.001297277
-0.00085057926
-0.0023375574
-0.0037792603
-0.0034233933
-0.00082227074
-0.00070097237
0.00063019002
0.0035622129
0.0045122601
0.004060356
0.0036375506
0.0020013569
0.00074905047
-0.00030586658
-0.0012810607
-0.00032058118
0.00088862908
0.0030695271
0.0055393706
0.0046833091
0.0051162258
0.0051584967
0.0069360687
0.010842803
0.012862558
0.013810444
0.016821973
0.01945555
0.017288249
0.017051071
0.015149132
0.013572984
0.014511801
0.016583128
0.020137845
0.023415745
0.024644638
0.022754054
0.017736924
0.012900108
0.0093409483
0.0051009935
0.0076429865
0.0080277994
0.0086144628
0.0082512808
0.0054951736
0.0017903183
-0.00031693727
-0.0010967416
-0.00056803091
0.0004343756
0.0015133581
0.0017232319
0.0025660813
0.0039458422
0.0044088531
0.0048060187
0.004692598
0.0044498712
0.0047674348
0.0053343089
0.0054825045
0.005770503
0.0057903069
0.0059207349
0.0072403725
0.0080348385
0.010824641
0.013080818
0.015828766
0.013660206
0.016435089
0.014316773
0.0096088337
0.010284747
0.008092095
0.0087533706
0.0033663931
0.000930238
-5.4467088e-05
-0.0022623015
-0.0041001542
-0.00316525
-0.002461974
-0.00086906127
-0.0035810836
-0.0036534858
-0.0040763511
-0.0032722747
-0.0030079375
-0.0021664965
-0.0024175869
-0.0017845788
-0.0020631322
-0.0029152193
-0.003007648
-0.0025828487
-0.0030673739
-0.002794441
-0.0024673894
-0.0012498677
0.00015663755
0.0059262169
0.010036858
0.0047326052
-0.004563802
-0.0083135083
-0.0090900525
-0.010487411
-0.0093070101
-0.0086077276
-0.0096314761
-0.0083252922
-0.0079343701
-0.0064247582
-0.0037353261
-0.0012768462
-0.0046499144
-0.0075443602
-0.0096383149
-0.011019303
-0.014922065
-0.017232547
-0.018435442
-0.016772534
-0.014294437
-0.011813752
-0.011863807
-0.01344474
-0.015291881
-0.013591957
-0.011430468
-0.0093698282
-0.0072670207
-0.0060586046
-0.0045507805
-0.0021408003
-0.0010879198
-0.00045999984
0.00042146426
0.0018651486
0.0035918659
0.0055719911
0.0053846212
0.0055662061
0.0051456857
0.003359328
0.0039087212
0.0070120039
0.010930052
0.012206918
0.010491068
0.010127726
0.0098785096
0.0092227205
0.0071033698
0.0064293283
0.0058505946
0.0051380679
0.0061141556
0.007744806
0.0083554243
0.0089218606
0.011904745
0.012699376
0.013395031
0.013962937
0.016353291
0.016976339
0.017693245
0.017630825
0.016740131
0.014011817
0.011298071
0.012293759
0.012928437
0.01495369
0.017159852
0.019589812
0.017095868
0.013233375
0.011319434
0.00705562
0.0064738308
0.005433495
0.0046160798
0.0039633062
0.0038375479
0.002110076
0.0014106345
-0.00041230196
-0.0018078793
-0.001708858
-0.0013002471
-0.00072529951
0.00011464374
0.0010801344
0.0013316999
0.0020231231
0.0025011264
0.0021797066
0.0023100595
0.0022795733
0.0028263224
0.0032344701
0.0037353942
0.0044777652
0.0048966731
0.0058563872
0.0080962092
0.010643925
0.012999023
0.01541404
0.016865722
0.018748335
0.018903355
0.013531826
0.0103386
0.0071445656
0.0049091512
0.0027153127
0.00032888596
-0.0044672647
-0.0049923323
-0.0052506953
-0.005284473
-0.0046583943
-0.0042285097
-0.0055629399
-0.0066440127
-0.0059383128
-0.0050848052
-0.0034678032
-0.0031768717
-0.0032629415
-0.0029693381
-0.0034419967
-0.003536559
-0.0037555884
-0.0036067844
-0.0035964175
-0.0056854786
-0.0051904755
-0.0054591588
-0.0041716245
-0.00287972
0.003582944
0.0055013974
-0.0012804846
-0.0054226727
-0.0084199345
-0.014343819
-0.012855268
-0.011825873
-0.010707348
-0.011202437
-0.011232093
-0.007668353
-0.0051698736
-0.0027930246
-0.0022983298
-0.0049376369
-0.0092334404
-0.011023524
-0.013275779
-0.016439251
-0.0215315
-0.023301316
-0.02271019
-0.021465203
-0.019981078
-0.022429496
-0.023818255
-0.023906647
-0.021545145
-0.016704634
-0.011866928
-0.0098712746
-0.0076916704
-0.0055145967
-0.0026587349
-0.00039589827
0.0009936225
0.0024094713
0.0053561348
0.0086891781
0.010095977
0.012298046
0.012546105
0.015980484
0.014458823
0.013405057
0.018162335
0.022061724
0.021849525
0.020992167
0.018775476
0.018778028
0.015826612
0.011655689
0.013403806
0.012137877
0.011951963
0.010894235
0.011854799
0.014726238
0.015645427
0.018241884
0.018791845
0.017577899
0.014682827
0.017122407
0.01766616
0.016732209
0.014244578
0.011250117
0.0077454267
0.0050604879
0.0058797739
0.0082322542
0.0090260482
0.0095485368
0.0091380999
0.0033163578
0.0010945448
0.00084817368
0.0013397004
0.00073801241
-0.0023071671
-0.0040469574
-0.0024975647
-0.0015279027
-0.0034731632
-0.0028122706
-0.0036609859
-0.0041737438
-0.0034310747
-0.0029511498
-0.0020799706
-0.0018533422
-0.0010627638
-0.00057770544
-0.00035035199
-0.00026877506
-8.0395025e-05
3.5501132e-05
0.00047466245
0.00071906295
0.00095735553
0.0015173685
0.0018704986
0.0030341035
0.0045519598
0.0062849697
0.0076086633
0.013718033
0.018302367
0.019958799
0.014140134
0.0092850463
0.0058229373
0.0044132606
0.0023150714
-0.00012094365
-0.0016391115
-0.0052122959
-0.0063216644
-0.010096885
-0.009939458
-0.0089494607
-0.0083703967
-0.0079844057
-0.0083250344
-0.0063903491
-0.0050872226
-0.0052208702
-0.004400477
-0.0038840725
-0.0038807471
-0.0048232412
-0.0046719423
-0.0050005355
-0.0052464293
-0.0056349236
-0.0053279034
-0.00766503
-0.0068795714
-0.0072041304
-0.0065112166
-0.0053405451
-0.00093289331
-0.00043495793
-0.0090577512
-0.013383912
-0.015487973
-0.019599518
-0.01878193
-0.019003819
-0.020086933
-0.015965171
-0.011222554
-0.0069792579
-0.006300077
-0.0068787484
-0.0077228286
-0.0084507331
-0.011998922
-0.0151917
-0.01879658
-0.021118267
-0.02728022
-0.030536852
-0.032107785
-0.030673853
-0.032019994
-0.036551937
-0.036717665
-0.036677797
-0.030533008
-0.026399862
-0.020977256
-0.017571466
-0.015149972
-0.012125327
-0.007411448
-0.0037785453
1.3061735e-05
0.001703836
0.0046728131
0.0078639174
0.011464599
0.018893684
0.02371729
0.027044452
0.028947427
0.030527639
0.03103479
0.030581408
0.027927891
0.027253034
0.027511836
0.026824524
0.021698905
0.020941708
0.023239874
0.021120531
0.02145281
0.022109627
0.020956423
0.019330354
0.021975539
0.025193343
0.024600826
0.021949834
0.020740258
0.017910708
0.015821413
0.011063392
0.0073101711
0.0034216554
-0.0017161674
-0.0018800162
-0.0018735464
-0.0026348514
-0.0047248999
-0.004186187
-0.0060814673
-0.01096713
-0.010580652
-0.0088650509
-0.0076768074
-0.0079010833
-0.0082794641
-0.0092640651
-0.0074014147
-0.0064203738
-0.0061855563
-0.0060288398
-0.0058328156
-0.0060628586
-0.0056985918
-0.0054465504
-0.0043333977
-0.0040557526
-0.0034982094
-0.0026215179
-0.0020013213
-0.0014686964
-0.0011527808
-0.0016015985
-0.0011068883
-0.0014919178
-0.0010411423
-0.0010166826
-0.00018393575
0.00060877199
0.0014791504
0.0012324325
0.0012392947
0.0065170138
0.0083492483
0.0066335984
0.0051221449
0.0013657093
-0.0011898758
-0.0018058663
-0.0037490359
-0.0034660268
-0.0061776197
-0.0075714305
-0.010841654
-0.011842108
-0.013509905
-0.011454956
-0.0096713206
-0.0084005178
-0.0079108608
-0.0063940608
-0.0058748511
-0.0057244683
-0.0050977976
-0.0054750569
-0.0065786862
-0.0067970351
-0.0062074189
-0.0069869954
-0.0070987732
-0.0080676472
-0.0073619301
-0.0095880176
-0.0084638273
-0.0086085607
-0.0078561277
-0.008333887
-0.0053755978
-0.010486859
-0.016758992
-0.019587934
-0.019032483
-0.019874863
-0.023390434
-0.024422632
-0.025977509
-0.018834374
-0.012581247
-0.008511228
-0.0078672603
-0.0085509587
-0.011206889
-0.014963433
-0.018943034
-0.021783718
-0.024971586
-0.026422774
-0.031565657
-0.03900874
-0.043471023
-0.046113679
-0.04809515
-0.051369721
-0.049591361
-0.047653474
-0.044723083
-0.037645879
-0.032937871
-0.029779743
-0.025201519
-0.019520473
-0.013034459
-0.0064014667
-0.00087567469
-0.0006946638
0.0011037992
0.0056988231
0.01252085
0.023319227
0.027390346
0.029915458
0.034678746
0.034186644
0.036983481
0.036283983
0.032911819
0.033415357
0.032602539
0.029154949
0.029921031
0.031140731
0.030291882
0.029027921
0.033467256
0.032692921
0.029803992
0.031221082
0.028731446
0.030429023
0.03102531
0.027456613
0.024318024
0.021279557
0.015799242
0.0068670049
0.0019950672
-0.001724202
-0.007634345
-0.0081766236
-0.01148815
-0.012833563
-0.016422438
-0.016062823
-0.015038891
-0.016283072
-0.013546604
-0.012206844
-0.011215672
-0.012726979
-0.011444428
-0.010424695
-0.0087244924
-0.008337771
-0.0071908189
-0.0069880208
-0.0068768576
-0.0057370178
-0.0051214746
-0.0046704498
-0.0040838192
-0.0033236553
-0.0016251942
-0.00098342254
-0.0012802614
-0.0013994756
-0.000805735
-0.0011019042
-0.0010583587
-0.0015936403
-0.0014057951
-0.0014032997
-0.00057593522
-0.0019793405
-0.0020220653
-0.0040916724
-0.002325254
-0.00060619495
0.00013892046
-0.00010490744
-0.0032853634
-0.0022111581
-0.0064284444
-0.0049629423
-0.0044110826
-0.003603869
-0.0062551169
-0.0094808427
-0.0091108206
-0.012149872
-0.014824745
-0.01384723
-0.012830412
-0.010881179
-0.0084701352
-0.0068530273
-0.007391378
-0.0072898152
-0.0074622724
-0.0077983155
-0.0081872481
-0.0084315146
-0.0091472386
-0.0095843947
-0.010125541
-0.0096284333
-0.0094965301
-0.010352918
-0.010122713
-0.0090189996
-0.010221636
-0.012022662
-0.012509223
-0.017125707
-0.022654755
-0.020286749
-0.020182947
-0.01942004
-0.024140441
-0.028749414
-0.023853596
-0.017795631
-0.008840347
-0.0082924417
-0.0086992629
-0.012130632
-0.015280068
-0.021797959
-0.026523538
-0.030958037
-0.033005212
-0.038047715
-0.04337221
-0.047871543
-0.050826624
-0.055838347
-0.057207172
-0.058313608
-0.057740444
-0.057004611
-0.054739609
-0.051133384
-0.044292759
-0.038909524
-0.033355552
-0.025274802
-0.014461884
-0.0040256272
0.0041716671
0.0084707025
0.0088711619
0.0089414019
0.01285796
0.022687142
0.029036987
0.030298857
0.033515206
0.03453135
0.034382229
0.032527045
0.03163262
0.027693709
0.023675892
0.023436887
0.023830077
0.033480378
0.034923399
0.036488161
0.043155131
0.041390136
0.037432883
0.038532288
0.035128344
0.035140362
0.031747834
0.028969382
0.026319719
0.022030516
0.015591512
0.0071542614
-0.00010601298
-0.0044196548
-0.0070733538
-0.0082127888
-0.012376424
-0.015824098
-0.016785213
-0.01983696
-0.019082495
-0.017269051
-0.01586842
-0.01478625
-0.013081232
-0.012710705
-0.01121322
-0.010174442
-0.008315366
-0.0067725956
-0.0062270422
-0.0052181475
-0.004774832
-0.0044676098
-0.00389433
-0.0036169317
-0.0030250306
-0.0020794956
-0.0019282738
-0.0017308793
-0.001142601
-0.00061102448
-0.00038002623
-0.00063789051
-0.00070024248
-0.00064631237
-0.00095030739
-0.0013949297
-0.0019354471
-0.0034050338
-0.0050036654
-0.0074090428
-0.0078743457
-0.0059403491
-0.0047114458
-0.0039437294
-0.0038063186
-0.0040715076
-0.0038266659
-0.0049998442
-0.0045542929
-0.0061056353
-0.0066533523
-0.0049426286
-0.010981512
-0.013666788
-0.015556862
-0.018009035
-0.01690357
-0.012344984
-0.0093308534
-0.0080725953
-0.008431169
-0.0084052732
-0.0092886806
-0.0084495795
-0.0095649897
-0.010176575
-0.011357288
-0.010663342
-0.011074614
-0.010464838
-0.010541459
-0.0098999573
-0.0099023163
-0.010933116
-0.013934797
-0.015108768
-0.016902853
-0.019785918
-0.021023586
-0.019428792
-0.020924155
-0.01860229
-0.024083425
-0.026158623
-0.026248714
-0.01922012
-0.011927275
-0.0097557859
-0.011409398
-0.015215261
-0.019305263
-0.024626796
-0.031425643
-0.033597648
-0.03752071
-0.041158435
-0.049902668
-0.052038544
-0.05527726
-0.055057548
-0.059892359
-0.064443608
-0.062208066
-0.063659304
-0.061980591
-0.057325824
-0.052443941
-0.043808541
-0.037154536
-0.02332926
-0.011393736
-0.00090774735
0.0097324295
0.0081677512
0.01047877
0.015334908
0.025603337
0.026608704
0.030634031
0.027344344
0.029856542
0.034588752
0.032758947
0.033502126
0.033868599
0.028830256
0.027707862
0.029162367
0.030066798
0.039982409
0.040200462
0.037239131
0.040165745
0.042796958
0.04450877
0.04249935
0.038705635
0.034103709
0.030494676
0.026616098
0.024376029
0.01878243
0.013702552
0.0062871913
0.0015840577
-0.002774623
-0.0042480737
-0.0043731806
-0.0082148854
-0.011083788
-0.012870053
-0.013248451
-0.013677936
-0.013620035
-0.011890773
-0.011434767
-0.0098951462
-0.0093415518
-0.0076872517
-0.0067944969
-0.0050930685
-0.0037089271
-0.0036516577
-0.0028016958
-0.0017412272
-0.0019196572
-0.0014643013
-0.0013719259
-0.0011977748
-0.00069456636
-0.00027576439
-6.4057077e-05
8.9401593e-05
-0.00015254051
4.8467928e-05
-0.00025778288
0.0001077705
-6.587008e-05
-0.00038081569
-0.00066836295
-0.0019034608
-0.0034630043
-0.0057626527
-0.011333445
-0.013754352
-0.0052741796
-0.0036174744
-0.003865993
-0.0030745874
-0.0050113964
-0.0034204653
-0.0045008614
-0.0098236013
-0.012711927
-0.014458711
-0.016157963
-0.014816273
-0.014130123
-0.016584365
-0.018744289
-0.014264645
-0.010572328
-0.0079095522
-0.0075939304
-0.0071322907
-0.007918352
-0.0084092594
-0.0086881943
-0.0098038529
-0.010439764
-0.01148423
-0.011584849
-0.010493154
-0.010774491
-0.010184704
-0.011962635
-0.012307109
-0.01491092
-0.016941885
-0.017931042
-0.018061757
-0.021159507
-0.016147032
-0.016570775
-0.018216157
-0.019000936
-0.02422104
-0.027646293
-0.0286044
-0.020582872
-0.012006077
-0.013286083
-0.013462627
-0.014917383
-0.018257933
-0.023803959
-0.029791136
-0.033295919
-0.037379439
-0.041522866
-0.048518192
-0.053994492
-0.056084459
-0.058537632
-0.064689277
-0.069232333
-0.068818826
-0.06820559
-0.065563223
-0.059111276
-0.053077875
-0.044132461
-0.029535957
-0.014295196
-0.0045193483
0.0056524838
0.012641578
0.0072756032
0.0085710701
0.004980945
0.0090070514
0.015283323
0.016086305
0.023434652
0.026580584
0.029402165
0.027766722
0.028806787
0.030370214
0.025714025
0.032001501
0.035826003
0.041087603
0.046251378
0.048409506
0.048186091
0.045660707
0.047229159
0.042791052
0.03773099
0.033352963
0.028968573
0.023747445
0.020041015
0.018324564
0.013436432
0.0089111931
0.0040041335
-0.0012517225
-0.0037066586
-0.0043650069
-0.0047956323
-0.0072536276
-0.0086213787
-0.0093095453
-0.0082157777
-0.0085520596
-0.0068573353
-0.0063989058
-0.0058274823
-0.0064180986
-0.0061322399
-0.0052316469
-0.0042551173
-0.003918289
-0.0024006612
-0.0022343875
-0.0014724012
-0.0012351087
-0.00057376839
-0.00053041691
-0.00055395814
-0.00087938817
7.660303e-05
8.740024e-05
-0.00033500744
-0.00054608498
-0.00067092216
-0.00078297634
-0.00060444656
-0.00090889666
-0.001305584
-0.0016029565
-0.0020422452
-0.0034595692
-0.0045751752
-0.0068473242
-0.015458658
-0.013579896
-0.0048505418
-0.0044020365
-0.0018216221
-0.0067629292
-0.006471138
-0.0056421332
-0.0090305878
-0.012464173
-0.015066878
-0.017875881
-0.017375811
-0.016396171
-0.015842039
-0.013984442
-0.013072853
-0.0098288986
-0.0091356745
-0.0072146206
-0.0066105325
-0.0073872686
-0.0069028184
-0.0074145371
-0.0080983991
-0.0085962721
-0.0098601611
-0.010191942
-0.010463838
-0.010134646
-0.010736819
-0.011135823
-0.013723847
-0.013603148
-0.017237718
-0.016310029
-0.016704385
-0.018517973
-0.015643295
-0.015971626
-0.01604732
-0.018188067
-0.021011659
-0.023098475
-0.025256053
-0.027816683
-0.01919706
-0.013702286
-0.016554728
-0.018600622
-0.016167184
-0.016501074
-0.020300046
-0.026150322
-0.030769759
-0.035891923
-0.041711257
-0.046377186
-0.052647719
-0.05868219
-0.067578005
-0.07285103
-0.076125327
-0.078576264
-0.076456915
-0.07382931
-0.065778075
-0.054995266
-0.043304904
-0.027414125
-0.016145077
-0.0096842622
-0.00069205625
-0.00036765856
0.0024767094
0.0020837993
0.0013287406
0.0032009435
0.01547746
0.015945198
0.019077178
0.02288342
0.027871611
0.025992376
0.029273791
0.034566141
0.037645527
0.042985198
0.045614776
0.050336763
0.052146078
0.052375558
0.052025109
0.050547915
0.044453199
0.041882039
0.038957002
0.034251002
0.02674926
0.023710559
0.019247737
0.015543087
0.011060163
0.0063649087
0.0016724637
-0.00080063387
-0.0039231845
-0.0047708574
-0.0046298383
-0.0047582682
-0.0065920982
-0.0045155631
-0.0040579253
-0.0034875497
-0.0029577336
-0.0030010846
-0.0031902
-0.0037737658
-0.0040177728
-0.0026811035
-0.0018595621
-0.0023938492
-0.0021255899
-0.0012793202
-0.00090851797
-0.00051243993
-0.00066921459
-0.00060082867
-0.00063154203
-0.00037004958
-0.00087168252
-0.00064102065
-0.0012725038
-0.00091159053
-0.0012331108
-0.00080348683
-0.0010177952
-0.0013264062
-0.0014965635
-0.002067696
-0.0021955317
-0.0038074644
-0.0046535242
-0.0060156593
-0.014267266
-0.015020503
-0.0082466559
-0.0046888115
-0.0027053553
-0.0098271835
-0.012395539
-0.010689604
-0.013951507
-0.014579165
-0.01300092
-0.014916021
-0.015644955
-0.011956051
-0.0109562
-0.0082461651
-0.0063762726
-0.0040626321
-0.0033225335
-0.0033364232
-0.0053438169
-0.0049589589
-0.0046960678
-0.0037576605
-0.0050775487
-0.0066369778
-0.0074817376
-0.0078698359
-0.0091359061
-0.0091973495
-0.0099442141
-0.012103381
-0.012459667
-0.012928121
-0.016441737
-0.015368583
-0.015249966
-0.01522872
-0.014496495
-0.01515997
-0.017478294
-0.018025294
-0.02363746
-0.027505282
-0.030597272
-0.02753916
-0.018223968
-0.01785232
-0.019366388
-0.022025563
-0.021683549
-0.019251418
-0.022000462
-0.026895989
-0.031332637
-0.037358926
-0.045460332
-0.052164514
-0.060547115
-0.065974532
-0.072115659
-0.07500408
-0.075262697
-0.074406655
-0.072455839
-0.066877537
-0.060130348
-0.051751061
-0.038998674
-0.026455675
-0.016453948
-0.011930946
-0.0071197204
1.6931554e-05
0.0046114977
0.0081198631
0.0095263877
0.0097422551
0.024203817
0.02122794
0.024019196
0.03150576
0.030834941
0.027824121
0.035974091
0.039160832
0.04135677
0.043335276
0.047354651
0.049571427
0.052015371
0.0490915
0.049813324
0.045908806
0.043142342
0.037529808
0.033462209
0.0309699
0.026879831
0.02440184
0.020528811
0.018515491
0.013637772
0.011040915
0.0070426281
0.0048235866
0.0018845671
5.8961438e-05
-0.00051414089
0.0004609115
0.00075240083
0.00043812085
0.00010683412
0.00078199013
-0.00014784415
-0.0013523916
-0.001023327
-0.0017378463
-0.0013508531
-0.00074797341
-0.00042728613
-0.00078928997
-0.00080273441
0.0006796774
0.00017288664
0.00091771148
0.0012433329
0.00047604176
-0.00013204015
0.00021774242
-0.00048751519
-0.00057601284
-0.0013944479
-0.00080268367
-0.00064662993
0.00012665504
-0.00084746949
-0.0016613625
-0.0020772738
-0.0016133763
-0.0023002292
-0.0022416251
-0.0042848633
-0.0061177849
-0.0099633516
-0.010097639
-0.012112825
-0.0077710889
-0.0050997676
-0.0076923974
-0.010503681
-0.012550694
-0.013075627
-0.010306873
-0.0099459753
-0.0089218181
-0.0085884854
-0.007390547
-0.0060588262
-0.0039997216
-0.0032368694
0.00056019113
0.0023933222
-0.00028989334
-0.00078601828
-0.00090564503
0.00018449699
-0.0032688252
-0.0032960493
-0.0015793417
-0.0045065766
-0.0057174569
-0.0051578959
-0.0071741141
-0.0090926408
-0.010725499
-0.0089137228
-0.012978043
-0.014237279
-0.012433468
-0.014843283
-0.015917088
-0.015969202
-0.017366682
-0.019902705
-0.019500981
-0.023200385
-0.026198297
-0.030762471
-0.023666009
-0.02090467
-0.017807033
-0.015651929
-0.020726125
-0.021029081
-0.021353923
-0.021890193
-0.024247076
-0.030127604
-0.039271175
-0.046950974
-0.052530263
-0.059367115
-0.061578594
-0.064137454
-0.064446302
-0.064343154
-0.060430875
-0.059872229
-0.056568136
-0.051038593
-0.039584919
-0.028661904
-0.01604994
-0.011698759
-0.0040266481
0.00022323038
0.0043519611
0.014331932
0.022208817
0.028495152
0.03547584
0.035670151
0.035647038
0.037176505
0.039116743
0.042208879
0.044789112
0.046898995
0.046978038
0.046002282
0.046056281
0.046897735
0.046822866
0.048082764
0.04620237
0.04492698
0.038267525
0.036807392
0.03348314
0.032277304
0.028996844
0.026293678
0.023388327
0.022830703
0.019505949
0.020783654
0.01832677
0.014006874
0.01147701
0.0090210117
0.0073843729
0.0054283335
0.0049851605
0.0073063935
0.007388808
0.0058924644
0.0045145847
0.0024775786
0.0014806326
0.0020580285
0.00015533713
0.0016321544
0.0012270256
0.002058367
0.0012181437
0.0023013631
0.0022587132
0.0014827291
0.0023394172
0.0029942416
0.0031680285
0.0025072644
0.0030138836
0.0032427185
0.0020147481
0.0014068049
0.003055027
0.0036652124
0.0033769466
0.0030177068
0.0021661983
0.00056728484
-0.00051050805
-0.0017975221
-0.003114315
-0.0055596735
-0.0068639677
-0.0031650772
0.0031296553
-0.006006302
-0.0082140156
-0.004116464
-0.0047011952
-0.0069184269
-0.010611588
-0.010323457
-0.0097884082
-0.00566559
-0.005068837
-0.0039649487
-0.0023469832
-0.0014948541
-9.7675828e-06
0.0027762581
0.0036803364
0.0056669302
0.0072033071
0.0081424152
0.0040148508
0.0058911675
0.0060626367
0.0036324539
0.00035477044
-0.0032545385
-0.0048945099
-0.0046529073
-0.0056763106
-0.0075182507
-0.0076628578
-0.0062720197
-0.0085017406
-0.007494414
-0.0074940738
-0.010782138
-0.013516187
-0.014117076
-0.015228837
-0.016615431
-0.016213267
-0.017342313
-0.019024868
-0.019446522
-0.016050197
-0.015079798
-0.015653303
-0.014693555
-0.016265846
-0.018936882
-0.021322143
-0.022377592
-0.024861837
-0.029511995
-0.033800698
-0.038822291
-0.04631565
-0.050801196
-0.053607343
-0.054601916
-0.05611034
-0.05174119
-0.048382324
-0.046986471
-0.043656961
-0.038368244
-0.024636949
-0.015071163
-0.0047930902
0.00017121957
0.0066993234
0.0084247396
0.018746619
0.028815464
0.038139026
0.05137921
0.054485195
0.054202861
0.053904115
0.052583397
0.046870213
0.04937947
0.056461701
0.059058974
0.054235466
0.054120135
0.05145551
0.0508968
0.049162141
0.0488104
0.049052017
0.045937266
0.038328208
0.03404517
0.03300944
0.029149536
0.027260473
0.025089888
0.022222553
0.019097097
0.017290403
0.01541229
0.013258554
0.009597754
0.0095354342
0.0083290283
0.0067599923
0.0053513428
0.0054860355
0.0084315918
0.0098393396
0.011178667
0.011384105
0.011123167
0.010983319
0.0098071022
0.0085566173
0.0085977579
0.0095454699
0.010257541
0.012140138
0.012624456
0.013195591
0.011672862
0.013741991
0.017179165
0.0179044
0.019185715
0.017866895
0.016115645
0.01456287
0.013587563
0.01263073
0.010843624
0.011653274
0.011673993
0.0096443678
0.0086515264
0.0074210233
0.002820323
-0.0010248142
-0.0045043036
-0.0064190107
0.0023624266
0.0093764992
0.0027561418
-0.004950253
-0.0030258877
-0.0034984295
-0.0046176643
-0.0050099984
-0.0044944289
-0.0028227567
-0.00094768606
0.00070299382
0.00074579296
0.0052304107
0.004533433
0.0067045123
0.0075022574
0.0056729037
0.0071603446
0.007567162
0.0078831942
0.0079022154
0.0068680952
0.0050966806
0.0031680709
0.00031695529
-0.003686176
-0.0045494071
-0.0042001618
-0.0065936451
-0.0046038385
-0.0042587752
-0.0048738879
-0.006443208
-0.0046516723
-0.0050484223
-0.0063752088
-0.0066397146
-0.0095321171
-0.010439113
-0.012700981
-0.013505502
-0.012782061
-0.011641137
-0.010170991
-0.0092851075
-0.011946238
-0.014028177
-0.016101903
-0.016349532
-0.018357481
-0.017118326
-0.017324945
-0.021442122
-0.024740428
-0.03063335
-0.032241537
-0.038325496
-0.042278758
-0.042671589
-0.044008075
-0.040362033
-0.03510524
-0.036443061
-0.037805597
-0.028843213
-0.016052901
-0.0059748383
0.0049545544
0.015625527
0.022923395
0.021347503
0.023614549
0.032648865
0.036407317
0.044555936
0.057021989
0.065880787
0.065500982
0.060954858
0.055918948
0.052039083
0.05282873
0.061273237
0.058787467
0.058170101
0.051793339
0.047045938
0.045464601
0.044256492
0.042465952
0.040015527
0.035391813
0.030037952
0.027109362
0.021633218
0.021125234
0.018645614
0.016075975
0.014253071
0.012084254
0.010732798
0.0056735328
0.0049882751
0.0058556912
0.0036707882
0.0044108623
0.0058420346
0.0060442877
0.0078191702
0.010247887
0.0079211829
0.01014818
0.013069174
0.014176819
0.014916815
0.016528851
0.016786212
0.017193904
0.016574599
0.0165984
0.017369258
0.019945668
0.019811393
0.020941862
0.023838563
0.027759191
0.027999405
0.027530332
0.025204679
0.018536926
0.016627305
0.01232706
0.0076409474
0.0045207038
0.0037440696
0.002330379
0.0015620503
0.00046053439
-0.0028453622
-0.0037348769
-0.005034296
-0.0072533041
0.0051545959
0.01271279
0.012897469
0.0033355228
0.0014916992
0.00063469435
-0.0016973136
-0.00036542429
-0.00058543907
0.0031395256
0.0049579502
0.0073994718
0.0056416355
0.0065524671
0.0073445694
0.006923758
0.0048760965
0.0071695633
0.0068543089
0.006724973
0.007574403
0.011669165
0.0099317348
0.0060322556
0.0048459978
0.0030522577
0.00096944664
0.0010911069
-0.0028198881
-0.0051851224
-0.0071440802
-0.0075094629
-0.0056831412
-0.0074906135
-0.0073365841
-0.0065524623
-0.004178319
-0.0033818655
-0.0044909146
-0.0046295886
-0.0037464746
-0.0061239163
-0.0087120096
-0.009409334
-0.0096232782
-0.0088550043
-0.0074655123
-0.010137483
-0.0071834444
-0.014070322
-0.014627806
-0.014029694
-0.0143665
-0.015209621
-0.016128385
-0.01897679
-0.021847622
-0.024271889
-0.026398962
-0.028773623
-0.028832893
-0.026166006
-0.021500188
-0.020358263
-0.021414799
-0.021342686
-0.010735816
0.0017282812
0.013173355
0.019196238
0.026118258
0.032969068
0.031991307
0.030069604
0.03299217
0.035919734
0.041942248
0.051272259
0.060803153
0.059594785
0.055692281
0.050548955
0.044579832
0.048019041
0.052664194
0.050548375
0.04579988
0.040872789
0.037456532
0.034802409
0.030451272
0.026197038
0.021952875
0.018620206
0.015057196
0.011842497
0.010839289
0.0083045619
0.0090821801
0.008369147
0.0077217258
0.0041522827
0.0012601789
-0.00088228363
-0.00098526329
0.0028870888
0.003105553
0.0042845188
0.0034844056
0.0045214083
0.0045946375
0.0072569441
0.0082428647
0.0082768709
0.0090310596
0.011525916
0.013793169
0.01779326
0.020047794
0.02056401
0.019511659
0.020961783
0.019456067
0.022649875
0.023811699
0.025912172
0.028231956
0.033486495
0.031507443
0.032164193
0.025666235
0.022990453
0.015974064
0.009393639
0.0018996197
-0.002336336
-0.0023748716
-0.0034384477
-0.005949438
-0.0070886143
-0.0062649612
-0.0078253942
-0.011557633
0.0025099798
0.014220281
0.012981075
0.0075341844
-0.0018986922
-0.0045273622
-0.0032642535
-0.0018264326
-0.00019564477
0.0029553334
0.0037659568
0.0060038951
0.0057835478
0.0056765179
0.0057452937
0.0069528376
0.0061745282
0.006737319
0.0083291555
0.0090411712
0.0093618783
0.0097417476
0.012332173
0.012620205
0.010725957
0.0092006189
0.0051513372
0.0048867782
0.0035205152
0.0016262603
-0.0018253668
-0.0051228111
-0.0061673194
-0.0085592425
-0.0081688445
-0.0076753297
-0.0056223662
-0.0055353245
-0.0043890145
-0.004415135
-0.0039088618
-0.0039291491
-0.0052670113
-0.0050218964
-0.0074852553
-0.0070591607
-0.007004533
-0.0059892783
-0.0070329873
-0.0046630076
-0.0096031476
-0.0095116394
-0.010684965
-0.010537712
-0.0098341646
-0.010975877
-0.012212019
-0.013721296
-0.015295429
-0.016754952
-0.017996996
-0.016641729
-0.015272875
-0.0098999965
-0.0099251412
-0.007855217
-0.007251886
0.00036697278
0.0070063379
0.015744444
0.022688685
0.027854528
0.033578884
0.030658303
0.026220449
0.027604174
0.032265985
0.034417141
0.041443348
0.043353694
0.042784568
0.04282506
0.038061729
0.031962855
0.033398384
0.035428903
0.033316674
0.028829939
0.025340672
0.021699837
0.017928193
0.01226874
0.0098246557
0.0064077345
0.0033335528
0.002068075
0.0016882773
0.00087707899
0.0019220366
0.0022752103
0.0036367166
0.00083455573
-0.0010546556
-0.0031998264
-0.0043990898
-0.0029115982
-0.0020472593
-0.00046395054
-4.8250141e-05
4.1337164e-05
0.00190029
0.0035223483
0.0052720294
0.0058073161
0.0072297567
0.0072050154
0.0073772815
0.010141067
0.01278733
0.016438467
0.017773882
0.021115786
0.022149306
0.020745134
0.019526874
0.021162902
0.023455988
0.026775167
0.029882794
0.031506929
0.030398539
0.025352048
0.019387477
0.012589422
0.0053762186
-0.00087184491
-0.0023644614
-0.0051714422
-0.0064844332
-0.0075373959
-0.0075570563
-0.0074389661
-0.0031185006
-0.00087065514
0.009082065
0.011846977
0.0099006703
0.0044990195
-0.0025420663
-0.0063323672
-0.0055795805
-0.0022269687
-0.001287572
0.003291976
0.0057715915
0.0056860036
0.007087334
0.0057294982
0.0041611728
0.0055168449
0.0059102105
0.0049343529
0.0073019601
0.0080435921
0.009323256
0.010814229
0.010454387
0.011881264
0.012207398
0.010462855
0.0067736916
0.0074172347
0.0071449646
0.0053140368
0.00022451013
-0.004073642
-0.0050616245
-0.0082326319
-0.0057888738
-0.0056844617
-0.0058844388
-0.0050391941
-0.0051264148
-0.0044642608
-0.003897047
-0.0037230667
-0.0035990308
-0.0040839487
-0.0049885349
-0.0056952254
-0.0053899797
-0.0047076805
-0.0050856311
-0.0045773448
-0.0040831008
-0.0062301563
-0.0079647933
-0.0088614027
-0.0089171875
-0.0081532319
-0.0088950747
-0.0090085238
-0.0096910012
-0.0098073126
-0.0095625505
-0.0082082137
-0.0062470423
-0.003757926
-0.0033888207
-0.00086629372
0.0013866483
0.0044711821
0.0086854153
0.015414241
0.017937881
0.023174317
0.024174713
0.019727867
0.019111574
0.021430214
0.023330465
0.025705294
0.028857867
0.02837399
0.02925244
0.027461351
0.023604713
0.017920519
0.016619909
0.017407692
0.018376659
0.015973967
0.01165326
0.0073351495
0.0026532217
-0.0013726613
-0.0032289539
-0.0052739442
-0.006290818
-0.0065893218
-0.0056735098
-0.0049740744
-0.0040855968
-0.002124586
-0.0010363286
-0.00012194902
-0.00083698991
-0.0032031253
-0.0040353906
-0.0049460333
-0.0053162949
-0.0037079699
-0.0029733774
-0.0019444713
0.00047149699
0.00093737124
0.0023585588
0.0040289265
0.0058013086
0.0065331199
0.0059562578
0.0076851678
0.0095495965
0.011215459
0.013166094
0.01531316
0.01526595
0.014478125
0.014398361
0.016390517
0.02015333
0.021179868
0.020695675
0.022451925
0.023594988
0.018854301
0.013929241
0.0086671547
0.0028539289
-0.0010562779
-0.0040568384
-0.0051026632
-0.0055905794
-0.0053633028
-0.0028454132
-0.0018935119
0.0021412404
0.0073264298
0.0090282218
0.0090226335
0.0053137099
0.00059704293
-0.0026914637
-0.0051892924
-0.0041644228
-0.0038098584
-0.0021225151
0.00027442686
0.0029649879
0.0051318457
0.0051593225
0.0044812381
0.0034579074
0.0044291268
0.0058521231
0.0046257661
0.0056249083
0.0066614672
0.0083549139
0.0092743704
0.0084122814
0.0096021553
0.010490988
0.010308019
0.0084719157
0.0087593429
0.010444673
0.0081547415
0.0053859327
0.0024523908
-0.0012156786
-0.0034216024
1.8609588e-05
-0.0016503928
-0.0035808132
-0.0026811821
-0.0027144679
-0.0027545863
-0.0026212568
-0.0020572369
-0.002376172
-0.0022590118
-0.0028402041
-0.0012624235
-0.0016013905
-0.0025659906
-0.0034843433
-0.0025121459
-0.0031441836
-0.0066002207
-0.0074823078
-0.0084933899
-0.0087029429
-0.008945178
-0.0088655412
-0.0078821156
-0.0079533311
-0.0084545426
-0.0069438763
-0.0052199598
-0.0041906944
-0.0029554106
-0.0017409825
4.9983147e-05
0.0024663368
0.0025659703
0.0058195638
0.0079802909
0.011576766
0.015102902
0.01462289
0.011328989
0.010265811
0.010836271
0.011271621
0.015411274
0.016592626
0.016346838
0.015576373
0.014549415
0.01208135
0.0077211195
0.0045843686
0.0068473121
0.0081296407
0.0089331754
0.00312916
0.00062289401
-0.0019955728
-0.0056431558
-0.0077786436
-0.0099387466
-0.0098802532
-0.0096831186
-0.0092004359
-0.0076677889
-0.0068258433
-0.0040332798
-0.0017221102
-0.00080754279
-0.0018293518
-0.0038720914
-0.0044667962
-0.0043760811
-0.006247344
-0.0059549162
-0.0034267472
-0.0031653949
-0.00035641225
0.0019078364
0.003435952
0.0038574236
0.0053770968
0.00711038
0.0068661051
0.0063728781
0.0065864518
0.0074591377
0.0084877921
0.0088969932
0.0088402534
0.0083264425
0.00900507
0.011015492
0.013306547
0.014263952
0.013324087
0.014870411
0.01717491
0.015859184
0.010566349
0.0050820107
0.0011928855
-0.0010596559
-0.00062910136
0.00061684851
-0.0020242519
-0.0020918988
-0.0009797207
-0.0013541961
0.0013541418
0.0022522658
0.0032831684
0.003944809
-3.2765867e-05
-0.0016794148
-0.0014558383
-0.0030417269
-0.002411649
-0.0048919325
-0.0034934175
-0.0015591556
0.00048154975
0.002389708
0.0022954659
0.0015772328
0.0024751745
0.0018605885
0.00053082843
0.0018138794
0.0032725347
0.0051639535
0.0066533423
0.0083431942
0.0094878262
0.0083405535
0.0092039462
0.0082028448
0.0070696705
0.0063957751
0.0063655137
0.006682969
0.0055270805
0.0035192901
0.0020474887
3.8982494e-05
