-0.0023738763
-0.0014782119
-0.0012355218
-0.00042645064
0.00092965273
0.0046907326
0.010954459
0.0088561152
-0.00050893632
-0.0055137663
-0.0086788378
-0.010697242
-0.012402241
-0.010124805
-0.009335975
-0.0085751375
-0.005402587
-0.0048502
-0.0042702865
-0.0035043321
-0.0027568782
-0.0055940456
-0.0078398034
-0.010781517
-0.012553482
-0.01270482
-0.013510083
-0.013095268
-0.011918914
-0.0097034206
-0.008664232
-0.0084598829
-0.0096738604
-0.010397765
-0.0089328435
-0.0082195144
-0.0077352552
-0.0074378765
-0.0063466068
-0.0051885455
-0.0033960748
-0.0030287287
-0.0024419169
-0.0022136211
-0.001494149
-0.0012076472
-0.00072761186
-0.0022045528
-0.0036199804
-0.0032654055
-0.0006765499
-0.00064824792
0.00065231763
0.0037075079
0.004764748
0.0043695735
0.0039471603
0.0023549888
0.0010659239
-5.1215753e-05
-0.0010332948
-3.2014597e-05
0.0012058322
0.0034629721
0.0059900106
0.0051324413
0.0055551418
0.0055605978
0.0072773125
0.011158399
0.013181765
0.014131025
0.017136863
0.019830973
0.017686298
0.01745711
0.015530064
0.013928917
0.014813762
0.016882141
0.020452961
0.023738158
0.024914422
0.022953127
0.017823972
0.012901107
0.0092664717
0.0049480992
0.0075245087
0.0079256732
0.0085619673
0.0082277374
0.0054923927
0.0017461461
-0.00038538391
-0.0012025541
-0.00064112773
0.00034692375
0.0014282752
0.0016604612
0.0025469555
0.0039371094
0.0044053997
0.0048105507
0.0046833359
0.0044260398
0.0047642506
0.0053231128
0.0054804505
0.0057661749
0.005799214
0.0059447082
0.0073255524
0.0081394009
0.01095791
0.013176399
0.01589727
0.013623934
0.016316008
0.014175272
0.0093493357
0.010036758
0.0078669213
0.0085312445
0.0031304853
0.00074597028
-0.00020485442
-0.0024235631
-0.0042597806
-0.0033067487
-0.0025952626
-0.0010643985
-0.0037810386
-0.003816131
-0.0042108105
-0.0033897639
-0.0030943706
-0.0022425374
-0.0025052495
-0.0018585157
-0.0021404997
-0.0029916904
-0.0030835958
-0.0026598637
-0.0031340034
-0.0028782172
-0.0025382436
-0.0013372992
7.1384476e-05
0.0058235882
0.0099012916
0.0046062994
-0.0047170669
-0.0084627562
-0.0092050402
-0.010516941
-0.0092751785
-0.0085731328
-0.0095752589
-0.0082923901
-0.0079268666
-0.0064105275
-0.0036979555
-0.0012386612
-0.0046521515
-0.0076075689
-0.0097779172
-0.011214455
-0.01519101
-0.017486766
-0.01865503
-0.016917864
-0.014418113
-0.01189743
-0.01196028
-0.0135794
-0.015445923
-0.013729757
-0.011537402
-0.0094536424
-0.0073454841
-0.0061562668
-0.0046580872
-0.0022374642
-0.0011707163
-0.00052482336
0.00036281124
0.0018453217
0.0036368093
0.0056758977
0.0055357739
0.0057521454
0.0053895019
0.0036017175
0.0041011938
0.0071867795
0.011137378
0.012510538
0.010870389
0.010582887
0.010308448
0.0096628275
0.0074734058
0.006817757
0.0062671721
0.005562543
0.0065651535
0.0082389434
0.0088579014
0.0094165046
0.012383573
0.01309547
0.013734836
0.014265063
0.016686418
0.017284605
0.017975501
0.017996564
0.017176334
0.014365883
0.011578792
0.012523483
0.013154738
0.015153979
0.017352775
0.019777943
0.017202534
0.013292673
0.011324882
0.0069666126
0.0063749826
0.0053269386
0.0045009271
0.003868866
0.0037782617
0.0020602861
0.0013435939
-0.00048900612
-0.0019380809
-0.0018454803
-0.0014156868
-0.0008398882
4.5763704e-05
0.0010536481
0.0013397421
0.0020335538
0.0025040301
0.0021722812
0.0023093518
0.0022876625
0.0028356067
0.0032456422
0.0037500227
0.0045120257
0.0049347022
0.0059255497
0.0082019268
0.010788644
0.013136448
0.015472452
0.016899732
0.018632726
0.018780419
0.013354441
0.010131602
0.0069325493
0.004694491
0.0025181494
0.00011293396
-0.0047110949
-0.0052427789
-0.0054480901
-0.0054745163
-0.0048588415
-0.0044337584
-0.0057770563
-0.0068480697
-0.0061084995
-0.005200016
-0.0035589405
-0.0032615606
-0.0033479757
-0.0030839324
-0.0035563304
-0.0036387672
-0.0038625717
-0.0037087231
-0.0036763837
-0.0057699668
-0.0052650416
-0.005548491
-0.0042741668
-0.0030143598
0.0034453079
0.005299198
-0.0014427162
-0.0055194198
-0.008535202
-0.014479593
-0.012971569
-0.011837165
-0.010695094
-0.011222492
-0.011283816
-0.0077458129
-0.005213557
-0.00275747
-0.0022378569
-0.0049536104
-0.0093233251
-0.011172213
-0.013475584
-0.016707871
-0.021822911
-0.023541725
-0.022901023
-0.021613072
-0.020136193
-0.022598708
-0.024014251
-0.024091668
-0.021661628
-0.016802828
-0.011943157
-0.0099637893
-0.0078135408
-0.0056499944
-0.0027941682
-0.00052055676
0.00087545559
0.0023283359
0.0053313334
0.0087123717
0.01020563
0.012468669
0.012786398
0.016380213
0.01489013
0.013780481
0.018562116
0.022474608
0.022246343
0.021546212
0.019455116
0.019408459
0.016290864
0.012125733
0.013958235
0.012732777
0.01258429
0.011486937
0.012467185
0.015323183
0.016239922
0.018784574
0.019286278
0.017974519
0.01507655
0.017507607
0.018020058
0.017116337
0.014624356
0.011588751
0.0079898973
0.0052172357
0.0060690629
0.008422263
0.0091771061
0.0096575948
0.0092176793
0.0033086466
0.0010121891
0.00072453255
0.0012052805
0.00062480375
-0.0024407793
-0.0042038154
-0.0026529228
-0.0016914069
-0.0036103483
-0.0029306243
-0.0037888215
-0.0043112544
-0.003570843
-0.0030464124
-0.0021086829
-0.00185911
-0.0010277674
-0.0005544047
-0.0003247834
-0.00025460949
-6.1112722e-05
5.6022303e-05
0.00049902424
0.00073805568
0.00099691751
0.0015531032
0.0019230321
0.0030929789
0.0046390488
0.0063963938
0.0077618673
0.013926293
0.018281789
0.019832326
0.013923259
0.0090741077
0.0055954612
0.0042675544
0.0021411978
-0.00033272575
-0.0019200923
-0.0054040836
-0.00650316
-0.010337494
-0.010116554
-0.00913443
-0.0085556742
-0.0081484721
-0.0084424254
-0.0064989487
-0.0051781327
-0.0052838544
-0.0044584379
-0.0039481945
-0.003967914
-0.0049243432
-0.0047711125
-0.0051024232
-0.0053429261
-0.0057223223
-0.0053999473
-0.0077409307
-0.0069491547
-0.0072766318
-0.0065994051
-0.0054258442
-0.0010695984
-0.00062586746
-0.0092590942
-0.013550057
-0.015642773
-0.019743721
-0.018874719
-0.01909442
-0.02021266
-0.016102895
-0.011360324
-0.0070721285
-0.0063576248
-0.0068910937
-0.0077183804
-0.0084836613
-0.012081539
-0.015306069
-0.019006165
-0.02138046
-0.027528528
-0.03075775
-0.032254584
-0.030800111
-0.032199073
-0.036786308
-0.036981776
-0.036955462
-0.030718452
-0.026559548
-0.021119236
-0.017717232
-0.015277845
-0.012299707
-0.0075987423
-0.003908857
-0.00010475978
0.0015760618
0.004630728
0.0078921668
0.011590763
0.019121082
0.024031069
0.027538805
0.029562254
0.031171932
0.031740569
0.031252406
0.028583314
0.028028003
0.028384725
0.027617817
0.022328251
0.021666273
0.024010957
0.021913806
0.022215669
0.022849575
0.021698509
0.02006013
0.022690294
0.025882083
0.025216745
0.022503712
0.02122972
0.018356289
0.016262835
0.011505211
0.0077436686
0.0037298496
-0.0014923415
-0.0016956897
-0.0017469205
-0.0025000701
-0.0046875073
-0.0041841976
-0.0061376219
-0.0111254
-0.010780226
-0.0090885983
-0.0078920318
-0.0081165717
-0.00847197
-0.0094699751
-0.0075882576
-0.0065794583
-0.0063284316
-0.0061352474
-0.0059363213
-0.0061465004
-0.0057475572
-0.0054624145
-0.0043247209
-0.0040307678
-0.0034519219
-0.0025755061
-0.0019592314
-0.0014344564
-0.0011305844
-0.0015900616
-0.0010957215
-0.0014809521
-0.0010272681
-0.00099789624
-0.00015958601
0.00063880081
0.0015218177
0.0012863639
0.0013231433
0.0065107726
0.0082352908
0.0064747347
0.0049658879
0.001199532
-0.00134925
-0.0019331939
-0.0039079292
-0.0036249152
-0.0063203159
-0.007733556
-0.010992602
-0.012007527
-0.013669551
-0.011588638
-0.0097850938
-0.0084738145
-0.0079661702
-0.0064232066
-0.0059126946
-0.0057584649
-0.0051212722
-0.0055163748
-0.0066411421
-0.0068685813
-0.0062816009
-0.0070787695
-0.007190788
-0.0081612154
-0.0074405181
-0.0096630552
-0.0085096201
-0.0086651334
-0.0079189038
-0.0083922242
-0.005470977
-0.010676758
-0.017034973
-0.019853536
-0.01923077
-0.020125715
-0.02360731
-0.02459812
-0.026235967
-0.019066016
-0.012688448
-0.0086002956
-0.0078681903
-0.0085656958
-0.01129118
-0.015073553
-0.019110709
-0.021972216
-0.025175356
-0.026621997
-0.031717937
-0.039206966
-0.043638254
-0.046250795
-0.048172363
-0.051549836
-0.049768174
-0.047880325
-0.044995494
-0.037901231
-0.033120064
-0.029929102
-0.025357496
-0.019681553
-0.013153126
-0.0064660288
-0.00093914043
-0.0008173964
0.0010649233
0.0057849018
0.012754937
0.023655018
0.027773247
0.03035725
0.035222092
0.034834233
0.037763092
0.037150468
0.033818872
0.034420014
0.033576559
0.030030915
0.030774388
0.031975956
0.031153821
0.029988871
0.03439611
0.033556783
0.030638313
0.031994642
0.029496531
0.031200956
0.03175816
0.028102987
0.024868708
0.021758277
0.016241978
0.0072549427
0.0022676812
-0.0015129017
-0.0075005478
-0.0080324483
-0.011401621
-0.012772831
-0.016519204
-0.016191321
-0.015153005
-0.016479717
-0.013760115
-0.012402013
-0.011363263
-0.012906607
-0.011646514
-0.01060695
-0.0088713544
-0.0084745671
-0.0072936756
-0.0070553691
-0.0069034471
-0.0057343627
-0.005096553
-0.0046394099
-0.0040432833
-0.003253484
-0.0015817031
-0.00094966379
-0.0012770252
-0.0013889487
-0.00081924393
-0.0011228389
-0.0010849492
-0.0016090226
-0.0014192255
-0.0014201694
-0.00060816575
-0.0020039944
-0.0020726357
-0.0041120885
-0.0023337277
-0.00065150609
-1.8533515e-05
-0.00021393042
-0.0033671964
-0.0023387742
-0.0065626481
-0.0050186036
-0.0044960896
-0.0036690481
-0.0063235458
-0.00959141
-0.0092112752
-0.012231177
-0.01489485
-0.01391847
-0.012888909
-0.010901621
-0.0084942991
-0.0068614076
-0.0074083974
-0.0072925902
-0.0074816852
-0.0078307718
-0.0082309766
-0.0084871721
-0.0092118447
-0.0096607906
-0.010196092
-0.0097101002
-0.0095667715
-0.010418993
-0.010201399
-0.0090564675
-0.01028563
-0.012090782
-0.012666099
-0.017343733
-0.022935688
-0.020544998
-0.020474578
-0.019752094
-0.024415008
-0.029062875
-0.024156392
-0.018053935
-0.0089473761
-0.0083739166
-0.0087414491
-0.012247318
-0.01542486
-0.022016399
-0.026728216
-0.031193514
-0.03327472
-0.038287181
-0.043604139
-0.048145145
-0.050974963
-0.055934929
-0.057272314
-0.058322167
-0.057715042
-0.056978096
-0.054756144
-0.051131239
-0.044246754
-0.038888684
-0.03337701
-0.025298285
-0.014411966
-0.003944842
0.0042520517
0.0086106369
0.0090490316
0.0091432466
0.013074901
0.023069835
0.029528094
0.03087642
0.03410689
0.035212302
0.03522904
0.033358314
0.032567262
0.028572832
0.024500788
0.02413384
0.024574133
0.034261243
0.035792846
0.037469742
0.044039607
0.042104029
0.038096688
0.039242157
0.035824803
0.035813929
0.032399091
0.029530838
0.02675162
0.02239342
0.015895024
0.0073734327
-4.1458872e-05
-0.0044259238
-0.007051652
-0.0081886242
-0.012448035
-0.015912267
-0.016975693
-0.020109209
-0.019343589
-0.017548242
-0.016113934
-0.015057484
-0.013304405
-0.012919786
-0.011409029
-0.010345384
-0.0084583509
-0.0068883675
-0.0063389875
-0.005295368
-0.0048357704
-0.0044888049
-0.0039108169
-0.0036155053
-0.0030165521
-0.002069834
-0.0019446258
-0.0017648
-0.0011887752
-0.00066690466
-0.00043771587
-0.00069332907
-0.00075883862
-0.00068821509
-0.00099752389
-0.0014399555
-0.0019975151
-0.003459171
-0.0050475792
-0.0074122018
-0.0079311137
-0.0060235614
-0.0047922557
-0.0040056735
-0.0038345415
-0.0041159436
-0.0038815066
-0.0050611002
-0.0046138021
-0.0061505319
-0.0067036549
-0.0049968835
-0.011013808
-0.013693409
-0.015608937
-0.018085004
-0.016973415
-0.012380059
-0.0093704847
-0.0081003888
-0.0084866237
-0.0084526458
-0.0093379903
-0.0084782248
-0.0096253751
-0.010239164
-0.011438748
-0.010724173
-0.011155288
-0.010527861
-0.010627106
-0.0099672096
-0.010005358
-0.011020237
-0.014052809
-0.015221678
-0.017086339
-0.020039607
-0.02128295
-0.019672662
-0.021223322
-0.018899114
-0.02442622
-0.026513754
-0.026542228
-0.019482658
-0.012014818
-0.0097836671
-0.011440117
-0.015314254
-0.019471166
-0.024867546
-0.031693397
-0.033878438
-0.037774485
-0.041433678
-0.050111684
-0.05220094
-0.055372885
-0.055038457
-0.059833482
-0.064250133
-0.061970732
-0.063346621
-0.061682528
-0.057055837
-0.052044996
-0.043455326
-0.036738042
-0.022875385
-0.010837951
-0.00031056738
0.010186471
0.0086279367
0.010985936
0.015863955
0.026227698
0.027329409
0.031405018
0.02797026
0.030532633
0.035460328
0.033645791
0.034408572
0.034759734
0.029651265
0.028509064
0.029851826
0.030734528
0.040662868
0.040924092
0.037988994
0.040834414
0.043527193
0.045187553
0.043025253
0.039233296
0.034532762
0.030916893
0.026965825
0.024605967
0.018961445
0.013792496
0.0062924825
0.001471305
-0.0029431046
-0.0044151655
-0.0045797349
-0.0084877746
-0.011373951
-0.013234679
-0.013608101
-0.014053988
-0.013973347
-0.012203243
-0.011735198
-0.010169553
-0.0095669445
-0.0078884839
-0.0069694936
-0.0052587405
-0.0038387783
-0.0037717005
-0.0029080602
-0.0018140299
-0.0019658343
-0.0015106191
-0.0014019574
-0.0012298687
-0.00074087668
-0.00034432934
-0.00013771489
3.2998262e-06
-0.00024336154
-4.3691437e-05
-0.00033562058
3.7130193e-05
-0.00012742832
-0.00043429544
-0.00069951514
-0.0019565809
-0.0035010566
-0.0057885208
-0.011288526
-0.013794307
-0.0053862192
-0.0036669216
-0.0038437191
-0.0030727508
-0.0050091898
-0.0033444496
-0.0044717526
-0.0098019436
-0.012752495
-0.014492813
-0.016236511
-0.014858902
-0.014184117
-0.01666753
-0.01886387
-0.014378948
-0.010650325
-0.0080023853
-0.0076718333
-0.0071964881
-0.0079811129
-0.0084835366
-0.0087333993
-0.0098701726
-0.010500079
-0.011573402
-0.011664854
-0.010560973
-0.010849275
-0.010261774
-0.012064828
-0.012422072
-0.015048515
-0.017099566
-0.018036238
-0.018166442
-0.02129103
-0.016319317
-0.016745646
-0.018492465
-0.01926921
-0.024554106
-0.027973515
-0.028937078
-0.020835696
-0.012064667
-0.013308096
-0.013463656
-0.014956039
-0.018366372
-0.023977208
-0.029994571
-0.03352598
-0.0376855
-0.041763068
-0.048661695
-0.054139498
-0.056161068
-0.058561735
-0.064611593
-0.069076402
-0.068578045
-0.067953444
-0.065207004
-0.058761688
-0.052648315
-0.043693575
-0.028977477
-0.013640283
-0.003715635
0.0064341195
0.013274424
0.0080226676
0.0093754474
0.0058366143
0.0098088222
0.016096413
0.016850026
0.024112496
0.027382824
0.030175799
0.028582558
0.029605595
0.031132082
0.026428276
0.032587161
0.036433233
0.04173055
0.046867145
0.049005157
0.048702765
0.046153227
0.047667549
0.043201942
0.038080824
0.033662279
0.02923287
0.023912584
0.020160379
0.018354467
0.013402298
0.0088008949
0.0038209835
-0.0014950063
-0.0039766718
-0.0046439463
-0.0050674054
-0.0075370613
-0.0089380564
-0.0096202701
-0.0085704099
-0.0089113208
-0.0071739321
-0.0067236492
-0.0061455865
-0.0066925262
-0.0063785179
-0.0054408201
-0.0044535831
-0.0040909454
-0.0025529383
-0.0023715166
-0.0015884774
-0.0013389396
-0.00064344556
-0.00057585838
-0.00060604285
-0.0009370554
-1.2569766e-06
1.1984417e-05
-0.00042491836
-0.00063470016
-0.00076488438
-0.00087314455
-0.00070061891
-0.00097765824
-0.0013804034
-0.0016674394
-0.0020913784
-0.0035087315
-0.0046067379
-0.0068726399
-0.015447815
-0.013614021
-0.004872608
-0.004437212
-0.0018213517
-0.006708804
-0.006389134
-0.0055372179
-0.0089488714
-0.012491299
-0.015092285
-0.017904167
-0.017444207
-0.0165128
-0.015971601
-0.014160275
-0.013241202
-0.009973609
-0.0092711843
-0.0073361951
-0.0067108415
-0.0074831674
-0.0069626232
-0.0074750168
-0.00815174
-0.0086401652
-0.0099258223
-0.010263021
-0.010530021
-0.010217067
-0.010832047
-0.011252803
-0.013842869
-0.013734742
-0.017369335
-0.016465891
-0.016808504
-0.018533304
-0.015727819
-0.016084119
-0.016174867
-0.018416404
-0.021247334
-0.023375865
-0.025526957
-0.028045402
-0.019390253
-0.013796392
-0.016596138
-0.018623459
-0.016184864
-0.016510651
-0.020321651
-0.026183387
-0.030865039
-0.036061601
-0.041903426
-0.046514946
-0.052733982
-0.058690216
-0.067509019
-0.072730749
-0.075940882
-0.078356034
-0.076206733
-0.073529416
-0.065461345
-0.054650753
-0.042874707
-0.026918116
-0.015543355
-0.009026421
-0.00022175567
0.00014641242
0.0031606317
0.0028936384
0.0021419081
0.0039977696
0.016213531
0.016626157
0.019755639
0.02355414
0.028544228
0.026695476
0.030016555
0.035234301
0.038386677
0.043599216
0.046116051
0.050806433
0.052567823
0.05274339
0.052326842
0.050778274
0.044642838
0.042076555
0.039141794
0.034406077
0.026844871
0.023752594
0.01924738
0.015504527
0.011001155
0.0062025548
0.0014381448
-0.0010833964
-0.0042237738
-0.0050702834
-0.0049313426
-0.0050283874
-0.006827179
-0.0047213564
-0.0042800557
-0.00371785
-0.0031591808
-0.0032400555
-0.003412699
-0.0039952747
-0.0042126818
-0.0028494002
-0.0020147671
-0.0025304242
-0.0022312263
-0.0013655277
-0.0010224265
-0.00060695447
-0.00074320048
-0.00066205944
-0.00069845506
-0.00042896137
-0.00091791817
-0.00068839857
-0.0013442577
-0.00097213205
-0.0012915507
-0.00086124096
-0.0010653808
-0.001355658
-0.0015220782
-0.002093905
-0.0022095494
-0.0038433036
-0.004646046
-0.0059874918
-0.014220259
-0.015026804
-0.0082570487
-0.0046780343
-0.0026810515
-0.009766191
-0.012336766
-0.010602561
-0.013934718
-0.01461466
-0.013029368
-0.014919528
-0.015719869
-0.012097988
-0.011097026
-0.0083458121
-0.0064640041
-0.0041468896
-0.0034238922
-0.003455006
-0.0054398736
-0.00503914
-0.0047146887
-0.0037297307
-0.0050527179
-0.0066269996
-0.0074989232
-0.0078841591
-0.0091883439
-0.0092643793
-0.010044881
-0.012231667
-0.012480012
-0.012921361
-0.016520715
-0.015417105
-0.015326868
-0.015248611
-0.014582621
-0.015316791
-0.017600896
-0.018167754
-0.02380609
-0.027708927
-0.030769295
-0.027749968
-0.018474771
-0.017997261
-0.019434149
-0.022058379
-0.021705124
-0.019272981
-0.022012902
-0.02691833
-0.031336224
-0.037380397
-0.045498763
-0.052159407
-0.060464178
-0.065803143
-0.071889536
-0.074776573
-0.075035311
-0.074191305
-0.072185016
-0.066672219
-0.059927072
-0.051555423
-0.038776172
-0.026181666
-0.016066364
-0.011560401
-0.0068526408
0.00037363994
0.0050308641
0.0086317767
0.010161355
0.010381341
0.024692747
0.021613843
0.024428917
0.031865584
0.031219705
0.028289767
0.036368432
0.039507007
0.041623315
0.043567794
0.047526723
0.04974958
0.052156106
0.049180694
0.049819271
0.045806521
0.043043405
0.037551036
0.03341868
0.030911521
0.02684745
0.024391159
0.020494669
0.018516766
0.013582322
0.010866
0.0068086403
0.0045154773
0.0015598251
-0.00027610381
-0.00080426166
0.00019188353
0.0004992848
0.00023487864
-8.6430564e-05
0.00057004858
-0.00032112126
-0.001557337
-0.0012018393
-0.00192252
-0.0015257734
-0.00090941633
-0.00056449868
-0.00091961798
-0.00089537054
0.00057624048
6.9731784e-05
0.00083043932
0.001144102
0.00040096216
-0.00018942261
0.00018552373
-0.00050147882
-0.00059384083
-0.001435874
-0.00086048042
-0.00068001794
9.9480476e-05
-0.00087976057
-0.0016863204
-0.0021139603
-0.0016373172
-0.0022961655
-0.0022377433
-0.0043003465
-0.0060807226
-0.0098502406
-0.01006398
-0.012073989
-0.0076773312
-0.0050789998
-0.0076411599
-0.010453705
-0.012544999
-0.013068457
-0.010346512
-0.0099451204
-0.0089671534
-0.0087331516
-0.0075159253
-0.0061602342
-0.0040468786
-0.0032651497
0.00055628905
0.0023917168
-0.0003212722
-0.00081403453
-0.0008882455
0.00022883782
-0.003224386
-0.0032050022
-0.0015163233
-0.0045091498
-0.0057343949
-0.0051592837
-0.0072141623
-0.0091305577
-0.010795124
-0.0088769225
-0.012889726
-0.014196849
-0.012528903
-0.014943774
-0.015939607
-0.015996734
-0.01746744
-0.019967959
-0.019588178
-0.023298632
-0.026343707
-0.030841261
-0.023939664
-0.021209087
-0.018001818
-0.015805872
-0.020794908
-0.021034632
-0.021344504
-0.021842539
-0.024155781
-0.0299809
-0.039102071
-0.046724687
-0.052266395
-0.05908458
-0.061255194
-0.063804892
-0.064161577
-0.06411676
-0.060344089
-0.059846527
-0.056444598
-0.050943184
-0.039495297
-0.028594885
-0.016002403
-0.011560026
-0.0037645217
0.00040252998
0.0045563715
0.014553534
0.022576585
0.028935355
0.035882352
0.035910937
0.035785691
0.037276147
0.039219873
0.042317969
0.044946043
0.047003407
0.046958563
0.045912073
0.045989396
0.046763819
0.046640041
0.047882678
0.046050894
0.044751393
0.038066546
0.036661279
0.033336803
0.03210108
0.028805067
0.026186346
0.023288977
0.022723856
0.019342153
0.020582589
0.018084892
0.013669031
0.01113984
0.0086260577
0.0069717355
0.005121822
0.0046500283
0.0070038004
0.0070628181
0.0056173723
0.0042237758
0.0021889179
0.0012483838
0.0018438891
-1.7767482e-05
0.0014710539
0.0010728455
0.0019024484
0.0010804033
0.0021754239
0.0021538389
0.0013893496
0.0022508666
0.0029001904
0.0030906101
0.0024641083
0.003029752
0.0033055144
0.002057026
0.0014141165
0.0030573467
0.0036421338
0.0033773242
0.0030317458
0.0021560391
0.0005244091
-0.0005019549
-0.0017851402
-0.0030903561
-0.0055438601
-0.0068958184
-0.0031473211
0.0030305364
-0.0060308763
-0.0081506821
-0.0041264662
-0.004656173
-0.0068132397
-0.010577934
-0.01031598
-0.00980156
-0.0056721928
-0.0050713748
-0.0040499496
-0.0024072004
-0.0014894045
1.9110217e-05
0.0028771062
0.003823053
0.0058030489
0.0073440014
0.0082843611
0.0040967696
0.0059121993
0.0061539866
0.0037100145
0.00040105142
-0.0032982697
-0.0049184503
-0.0046315848
-0.0056890661
-0.0074812893
-0.0076258408
-0.0062773478
-0.0084732217
-0.0074219253
-0.0074793325
-0.010805329
-0.01355161
-0.0141253
-0.015201219
-0.016572161
-0.016186965
-0.017289089
-0.019005817
-0.019466767
-0.016207598
-0.015235105
-0.015840883
-0.01486156
-0.016361422
-0.018968218
-0.021283993
-0.022275825
-0.024700228
-0.029301447
-0.033520102
-0.038470707
-0.045904565
-0.050352275
-0.053124064
-0.054190942
-0.055821369
-0.051566548
-0.048332382
-0.04685039
-0.043531619
-0.038271813
-0.024531454
-0.015003603
-0.0047665649
0.00020777859
0.0067885722
0.0084949795
0.018705361
0.028744221
0.038112992
0.051496926
0.054544167
0.054110218
0.053782493
0.052396843
0.046775165
0.049267551
0.056296594
0.058781935
0.053932309
0.053792094
0.051087678
0.050483823
0.048756555
0.048420838
0.048685819
0.04565119
0.038070046
0.033781631
0.03276459
0.028874899
0.026933616
0.024798768
0.021939588
0.018782126
0.016993541
0.015030527
0.012778052
0.0090274255
0.0090167267
0.0077979853
0.0062226515
0.004915707
0.0051080971
0.0080410684
0.0094073678
0.010754791
0.010985644
0.010754192
0.01069003
0.0095831798
0.0083116005
0.0083869397
0.0093917119
0.01004485
0.011989121
0.01255329
0.013212301
0.011706825
0.013789191
0.017237981
0.018005812
0.019260293
0.017946806
0.016168872
0.014580754
0.013590216
0.012663163
0.01089729
0.011621941
0.011607127
0.0095612028
0.0085816844
0.0073262269
0.0027844712
-0.0009834206
-0.0044386874
-0.0063892386
0.0024073787
0.0093406603
0.0027806432
-0.0048520627
-0.0029679014
-0.0034515461
-0.0044806297
-0.0048843474
-0.0044127343
-0.0027680964
-0.00092346301
0.00065822303
0.00071438427
0.00520486
0.0045513699
0.0068314177
0.007652187
0.0058460234
0.007313196
0.0077433934
0.0080701043
0.0080305649
0.0069413492
0.0051659882
0.0032645523
0.00037409704
-0.0037207447
-0.0045400345
-0.004223737
-0.0065630832
-0.0045781769
-0.0042632027
-0.0048980764
-0.0064229121
-0.0046482487
-0.004998087
-0.0063007504
-0.0066281344
-0.0095011255
-0.010433389
-0.012702045
-0.013437572
-0.012681176
-0.011585918
-0.010222183
-0.0093192336
-0.011930545
-0.014081265
-0.016254404
-0.016467497
-0.01838302
-0.017114981
-0.017247256
-0.021316042
-0.024528835
-0.03039929
-0.031945539
-0.037914827
-0.041795279
-0.042146924
-0.043515222
-0.040017777
-0.03493118
-0.036346369
-0.037625348
-0.028690749
-0.016013944
-0.0060643643
0.0047400164
0.015324308
0.022477481
0.020989095
0.02331061
0.032214384
0.036068542
0.044266112
0.0567276
0.065556221
0.064982766
0.060513557
0.055451771
0.051646456
0.052461279
0.060740266
0.058274087
0.057690966
0.051287014
0.046556657
0.044989766
0.043850113
0.04208412
0.039604401
0.035000422
0.029667931
0.026689344
0.021275301
0.020804234
0.018303164
0.015781263
0.013897933
0.011707621
0.010339253
0.0052205271
0.0044678491
0.0053356002
0.0031575813
0.0039139448
0.0053361782
0.0056125655
0.0074022185
0.009870885
0.0075248005
0.0097614999
0.012701813
0.013840731
0.01459847
0.016154016
0.016361566
0.016846234
0.016164736
0.016229514
0.017031749
0.019675916
0.019574352
0.02083118
0.023787893
0.027732171
0.027967285
0.027576667
0.025297058
0.01865898
0.01672794
0.012418699
0.0077933939
0.004646945
0.0038193703
0.0024529847
0.0016873025
0.00064596091
-0.0026092894
-0.0035154438
-0.0047854419
-0.0070285166
0.0051294338
0.012545277
0.012928738
0.0033880779
0.0016127046
0.00077963165
-0.0015374124
-0.00022179326
-0.00044936541
0.0032275539
0.0050871176
0.0075076543
0.0057715449
0.0066162398
0.0074273075
0.0070088256
0.0050274492
0.007348746
0.0070432376
0.0069899426
0.0078357092
0.011854807
0.010129168
0.0062688402
0.0050296486
0.0031933714
0.0010849776
0.0011840786
-0.0027915457
-0.0051843799
-0.0071013775
-0.0074530159
-0.0056362728
-0.0074701639
-0.0073373205
-0.0065430469
-0.0041484235
-0.0033625762
-0.0044766767
-0.0046173135
-0.0037431784
-0.0061260316
-0.0086751325
-0.0093261187
-0.0095442727
-0.0087456814
-0.0074543951
-0.010077041
-0.0072117752
-0.014152295
-0.014751225
-0.014141466
-0.014411022
-0.015205817
-0.016069802
-0.018831473
-0.02165194
-0.024051212
-0.026118748
-0.028461374
-0.02846529
-0.025801812
-0.021325175
-0.020331949
-0.021421493
-0.021490282
-0.010934221
0.0014464352
0.012832409
0.018733619
0.025600294
0.032249191
0.031323345
0.029641455
0.032629399
0.035575574
0.041611083
0.050835414
0.060223025
0.058889245
0.054919426
0.049923957
0.044179636
0.047506885
0.052008505
0.049938277
0.045326298
0.040439479
0.037032992
0.034416309
0.030146079
0.025882279
0.021606691
0.018300542
0.014746441
0.011517345
0.010507246
0.0080342021
0.0088138532
0.0081186139
0.0074524323
0.0038900132
0.00099093977
-0.0012090513
-0.001377987
0.0025059731
0.0027216594
0.0039169588
0.0031344137
0.0041967093
0.004239694
0.0069702184
0.007963161
0.0080491831
0.0088218155
0.01132071
0.013534856
0.017498154
0.01965918
0.020108711
0.019141355
0.020578574
0.019087136
0.022269062
0.02354901
0.025643435
0.028024939
0.033295745
0.03128967
0.032008729
0.025607193
0.023133267
0.016250655
0.0097008041
0.0022450706
-0.0020594193
-0.0020723888
-0.0031358328
-0.0056098128
-0.0066834433
-0.0058941647
-0.0074306999
-0.011066391
0.0026949884
0.014219736
0.013071588
0.0076792262
-0.0016418704
-0.0042458914
-0.0030122201
-0.0016214134
-2.5692977e-05
0.0030584452
0.00388396
0.0061559998
0.0059761068
0.005867919
0.0059255331
0.0071536264
0.0063575196
0.006965858
0.0085697054
0.0092327003
0.0095874234
0.0099925012
0.012591894
0.012918942
0.011064395
0.009452088
0.0053575878
0.0049833973
0.0036238425
0.0017433418
-0.0017574103
-0.0050316293
-0.0060864353
-0.0085220346
-0.0081297466
-0.0076164844
-0.0055820693
-0.0055562708
-0.0043735447
-0.0044122141
-0.0038398991
-0.0038835555
-0.0051763292
-0.0049158212
-0.007370527
-0.0069299996
-0.0068451852
-0.005888924
-0.0069539637
-0.004706639
-0.0097220571
-0.0096259318
-0.010777131
-0.010591069
-0.0098682666
-0.010962111
-0.012188581
-0.013640282
-0.015169689
-0.016571343
-0.017774268
-0.016407799
-0.015074159
-0.0098881488
-0.010054997
-0.0081395977
-0.0076565903
-0.00015841738
0.0064787753
0.015165524
0.022073712
0.027188477
0.032841964
0.030109405
0.025799731
0.027185051
0.031871019
0.03396887
0.040865322
0.042734943
0.042156808
0.042170218
0.037518263
0.031430861
0.032785105
0.034858103
0.032813083
0.028452756
0.02493047
0.021350482
0.017670608
0.012130128
0.0096573608
0.0061885527
0.0031059036
0.0018151712
0.0014397242
0.00066126951
0.0017248857
0.0020408906
0.0033304733
0.00061450266
-0.0012695644
-0.0034196632
-0.0046537296
-0.003186471
-0.0023129004
-0.00073001362
-0.00032907655
-0.00027703217
0.0016163446
0.0032671843
0.0050106754
0.0055808102
0.0070824262
0.0070139124
0.0071713058
0.0099030114
0.012546976
0.016176788
0.017494113
0.020842645
0.021863584
0.020520591
0.019356268
0.020994841
0.023319216
0.026664634
0.029764241
0.031349086
0.030255438
0.025318831
0.019487078
0.012837013
0.0057190853
-0.00046410615
-0.0019509686
-0.0048043558
-0.0061334099
-0.007076343
-0.0070660285
-0.0070406205
-0.0027632693
-0.0005252131
0.0092052537
0.011929759
0.010052178
0.0047381002
-0.0022843949
-0.0060250655
-0.0052694662
-0.0019510925
-0.0010432966
0.0034484728
0.0058674672
0.0058237546
0.0072140168
0.0058817722
0.0043428867
0.0057003816
0.0060651752
0.0050647721
0.0074257304
0.0081959094
0.009463744
0.01099901
0.010744327
0.012211681
0.012610406
0.01079966
0.0070939773
0.0076712492
0.0072913801
0.0053937427
0.00034585782
-0.0039908558
-0.0049701753
-0.0081383022
-0.0057751084
-0.0056715682
-0.0058461603
-0.0050424406
-0.0051117703
-0.0044619941
-0.0038457142
-0.0036418297
-0.0035126601
-0.0039752788
-0.004900433
-0.0056212866
-0.0052737662
-0.004595965
-0.0050319557
-0.0045769306
-0.004137077
-0.0063190134
-0.0080320753
-0.0088924804
-0.0089293839
-0.0081448188
-0.0088698671
-0.0089644395
-0.009604712
-0.0096918278
-0.0094703915
-0.0080967144
-0.0061950835
-0.0038433956
-0.0036131246
-0.0012194925
0.00092867604
0.0038835113
0.0080902134
0.014790448
0.017324657
0.022551001
0.023628006
0.019299976
0.018715781
0.0209748
0.022943293
0.025272022
0.028332338
0.027877297
0.02871779
0.026967119
0.023184268
0.017514855
0.016148632
0.01699019
0.018004253
0.01566238
0.011405371
0.0071498046
0.0025150441
-0.0014460001
-0.0032535748
-0.0053479015
-0.0063697921
-0.0066803128
-0.0057751001
-0.0050889099
-0.0042263852
-0.0022892412
-0.0011982034
-0.00032065924
-0.0010640723
-0.0033952261
-0.0042390797
-0.005172257
-0.0055024989
-0.0039062203
-0.0031748687
-0.0021546127
0.00028594566
0.00072377731
0.002188963
0.0039205394
0.0057230003
0.0064403667
0.0058568231
0.0075869479
0.009435028
0.011095889
0.013036177
0.015137421
0.015101349
0.014355817
0.014325774
0.016373975
0.020154145
0.021190831
0.020693805
0.022522583
0.023742886
0.019005664
0.014114847
0.0089641798
0.0032912442
-0.00054377224
-0.0035671715
-0.0046413509
-0.0052420444
-0.0050585762
-0.0025410609
-0.0015917498
0.0022995406
0.0074132675
0.009178038
0.0091995085
0.0054792181
0.00083337778
-0.0024368728
-0.0049345467
-0.0038885746
-0.0035543713
-0.0018896954
0.00042921798
0.0029960239
0.0050942924
0.0051455797
0.0045244298
0.0035533855
0.0045399049
0.0059205443
0.0047095159
0.0057184271
0.0067978849
0.0085227917
0.0094862819
0.008670634
0.0099036738
0.010830097
0.010688439
0.0088246236
0.009068199
0.010724993
0.0083584344
0.0055399391
0.0025786741
-0.0011509942
-0.0033684396
5.2378545e-05
-0.0016482156
-0.0035489393
-0.0026373552
-0.0026411921
-0.0026891174
-0.0025473074
-0.0019508342
-0.002296604
-0.0021689997
-0.0027485292
-0.00119066
-0.0015298447
-0.002483735
-0.0034243019
-0.0024663853
-0.0031724665
-0.0066280683
-0.0075004412
-0.0084842896
-0.0086725619
-0.0089551598
-0.0088522797
-0.0078728483
-0.0079445859
-0.0084396034
-0.0069542558
-0.0052612805
-0.0043031543
-0.0031193998
-0.0020160177
-0.00036425682
0.0019873858
0.0021434747
0.0053178252
0.0075320711
0.011137146
0.014676102
0.014290219
0.011007212
0.009980157
0.010532586
0.01092503
0.015032606
0.016255545
0.015995406
0.015227574
0.014232432
0.011796139
0.0074626093
0.0043536849
0.0066109845
0.0078632821
0.0087044804
0.0029588384
0.00052038744
-0.00205653
-0.0056495917
-0.0077302404
-0.0099073057
-0.0098352026
-0.0096731739
-0.0091629012
-0.0076667735
-0.006882248
-0.0041388483
-0.0018079934
-0.00091116402
-0.0020040686
-0.0040283609
-0.0046667399
-0.0046065718
-0.0064515568
-0.0061485473
-0.0036468564
-0.0033764663
-0.00051935105
0.0017818063
0.0033752972
0.0038464543
0.0054080526
0.0071205317
0.0068298654
0.0063534403
0.0066106452
0.0074475646
0.0084682748
0.0088228778
0.0087477714
0.0082756368
0.0090073018
0.011010361
0.013296711
0.014309721
0.013391876
0.014979975
0.017362369
0.016103737
0.010859975
0.0054686528
0.0016341491
-0.00054076525
-0.00031018843
0.0008504788
-0.0018559729
-0.0019036258
-0.00077924952
-0.0011632411
0.0014433787
0.0023188511
0.0033956476
0.0040967901
0.00015936205
-0.0015215903
-0.0012909172
-0.002880089
-0.0022351013
-0.004716739
-0.0033093963
-0.0014172437
0.00050822689
0.0023169094
0.0022546416
0.0015764226
0.0025127756
0.0019289791
0.00062155305
0.0018772938
0.0033563543
0.005272867
0.006803971
0.0085023509
0.009667603
0.0085375539
0.0094339672
0.008467912
0.0073388398
0.0066486691
0.0066202144
0.0069039753
0.0057511634
0.0036838237
0.0021557848
0.0001203013
