-0.0013993422
-0.00068204313
-0.00040464054
7.1390427e-05
0.0011924834
0.0044064197
0.011983369
0.012912098
0.0044745839
-0.00088197504
-0.0042596992
-0.0068096324
-0.0095306104
-0.0081216893
-0.0075355634
-0.0077197317
-0.0044377
-0.003641342
-0.0024549222
-0.0015467035
-0.00018753573
-0.0026183809
-0.005527741
-0.008831078
-0.011846699
-0.012494333
-0.01368189
-0.013694964
-0.012768099
-0.01069926
-0.0093574994
-0.0093215568
-0.010553379
-0.01206202
-0.010956157
-0.010196247
-0.0098499032
-0.0097857871
-0.0091001552
-0.0080674497
-0.0061739105
-0.0057288743
-0.005012714
-0.004709057
-0.0038359333
-0.0031949295
-0.0022651635
-0.0033376238
-0.0048490363
-0.0050017458
-0.0025903748
-0.0029181552
-0.0023372547
0.0012908038
0.0037608113
0.0042643725
0.0041870408
0.003102017
0.0016203627
-0.00014150394
-0.0018586608
-0.0013060649
-0.00039916033
0.0017072353
0.0047739822
0.0042256233
0.0045124948
0.0044047586
0.0051008385
0.0085557256
0.010972775
0.012123798
0.014922491
0.018712123
0.017591859
0.017734693
0.016437534
0.014468526
0.01465935
0.016300224
0.020157558
0.024381508
0.027058503
0.026448647
0.022345355
0.017093573
0.013240455
0.0075671179
0.0094058455
0.010247763
0.01104482
0.011425333
0.0093237874
0.005222507
0.0021192939
0.00042476058
0.00046207661
0.00093595519
0.001805238
0.002194903
0.0029278876
0.0044773136
0.0049803772
0.0055642729
0.0054536752
0.0049940403
0.0052537522
0.0058020397
0.0059627686
0.0062208776
0.0063493093
0.0062954792
0.0077920612
0.0084924606
0.011278886
0.013721152
0.017232906
0.015554176
0.017783288
0.01774084
0.012027888
0.012718292
0.010833083
0.012053067
0.007267237
0.0044441342
0.0034586932
0.00097111727
-0.0017174273
-0.0011455427
-0.00057553058
0.00090617028
-0.0018784792
-0.0023297158
-0.0026864622
-0.0021311064
-0.0017218788
-0.0009189264
-0.0011471342
-0.00058258109
-0.00060515618
-0.0015286716
-0.001794028
-0.0015737381
-0.0023007536
-0.0020651419
-0.0019538104
-0.00094067858
-7.4791183e-05
0.0055888204
0.011458602
0.0087257507
-0.00014213443
-0.0051453644
-0.0068166636
-0.0084359376
-0.0077540291
-0.0070096737
-0.0081740931
-0.007168952
-0.0072465415
-0.0057097138
-0.0028382404
0.00061260423
-0.0021446637
-0.0053808412
-0.0080427768
-0.0096769261
-0.014290616
-0.017442503
-0.019514803
-0.018509869
-0.016366326
-0.013663912
-0.013366173
-0.015034292
-0.017777841
-0.017183257
-0.015234349
-0.013602049
-0.011662192
-0.010695568
-0.0095214002
-0.0071632141
-0.0058372599
-0.0051304321
-0.0042128888
-0.0027006058
-0.00064721684
0.0019108016
0.0024860589
0.0030260636
0.0035076566
0.0018964205
0.0015402741
0.0038526509
0.008126718
0.011179858
0.010773679
0.011197406
0.011314213
0.01107154
0.0087135624
0.0075941563
0.0072546945
0.0061547178
0.0068987101
0.0084192869
0.0092314164
0.0091759735
0.012081292
0.012630036
0.013199482
0.01338404
0.016092877
0.017354921
0.018215955
0.019157164
0.019450177
0.017137158
0.013841182
0.014120343
0.014685171
0.016373848
0.018789509
0.022225034
0.021100318
0.017289224
0.015679452
0.010539467
0.0091527916
0.0082908476
0.0073398434
0.0066955685
0.0067541332
0.0051711919
0.0039709991
0.0018925515
-0.00036506631
-0.00074298856
-0.00058251926
-0.0003184649
0.00055966792
0.0017629897
0.0022082888
0.0028715027
0.0033988527
0.0030241766
0.0031048502
0.0029610497
0.0033223453
0.0036724563
0.0040164125
0.0047542591
0.0052001835
0.0059360594
0.0081571169
0.010950279
0.013680716
0.016018242
0.018407938
0.020141367
0.021740667
0.017428868
0.014336852
0.011488253
0.0092861331
0.0072109649
0.0047400224
-0.00041930157
-0.0022612499
-0.0027971943
-0.0033231752
-0.0028428097
-0.0024242402
-0.0036505306
-0.0054101484
-0.005042078
-0.0042784785
-0.0025587227
-0.0020825793
-0.0020549088
-0.0018919293
-0.0023456078
-0.0024858697
-0.0027351765
-0.0027855272
-0.0027127288
-0.0050091392
-0.0046033307
-0.0050752882
-0.0042008766
-0.0036139788
0.0027626202
0.0066495946
0.0014865236
-0.0023700499
-0.005222291
-0.012201912
-0.012506221
-0.011264774
-0.010256579
-0.01066465
-0.011732369
-0.0091252148
-0.0061514979
-0.0024345226
-0.00068580955
-0.0027581652
-0.00738784
-0.0097037678
-0.01211038
-0.015623966
-0.021231313
-0.024074461
-0.02413261
-0.023392456
-0.021957363
-0.024434666
-0.026957884
-0.028337608
-0.027254294
-0.023396667
-0.018684636
-0.016783082
-0.015064165
-0.013138362
-0.010604765
-0.0082151757
-0.0068550598
-0.0052555822
-0.0023529101
0.0014926024
0.00346572
0.0065959129
0.0073202625
0.012203399
0.012500342
0.010401204
0.014948635
0.019976146
0.020809188
0.021918003
0.021570863
0.022156289
0.019150496
0.014215352
0.016077999
0.01527637
0.015213378
0.013861967
0.014050005
0.01684762
0.017627972
0.020082755
0.021163661
0.020330027
0.017312677
0.019302546
0.02076981
0.020831315
0.019362474
0.0166631
0.013064091
0.0094305236
0.0096412763
0.011867714
0.01296314
0.013498215
0.014010118
0.0085248222
0.0049094152
0.0038620163
0.0038830704
0.0036240934
0.00062503086
-0.0019277479
-0.0011660173
-0.00014770196
-0.0021636131
-0.0019040014
-0.0028285014
-0.003714968
-0.0032962252
-0.0028413103
-0.0016847118
-0.0012279559
-0.00027450365
0.00026361752
0.0004729807
0.00051494683
0.00063699702
0.00073056483
0.00099727855
0.0012292455
0.0013096033
0.0018473624
0.0019664718
0.003043802
0.0043580453
0.0064401922
0.0074918265
0.014318434
0.018879203
0.021725781
0.01731264
0.012718392
0.0093845046
0.0081128008
0.0066058778
0.003762182
0.001987359
-0.0015857965
-0.0026561528
-0.0073573894
-0.0081339577
-0.0076014724
-0.0072343611
-0.0069525041
-0.0074131877
-0.0060471862
-0.0045251998
-0.0046026226
-0.0036781258
-0.0030015251
-0.0027819202
-0.0038268565
-0.0037751175
-0.0041362358
-0.0043123171
-0.0048294734
-0.0044747791
-0.0068874304
-0.0061706511
-0.0063721017
-0.0060879161
-0.0049866596
-0.00076914024
0.001660394
-0.0058565501
-0.010770525
-0.012977346
-0.017841086
-0.018037802
-0.01855368
-0.021051266
-0.018411485
-0.014352729
-0.0096248197
-0.0075002055
-0.0066936627
-0.0067420482
-0.0070168999
-0.010205872
-0.01318414
-0.017423068
-0.020082297
-0.026169133
-0.030400317
-0.032612657
-0.03220171
-0.03329871
-0.03923155
-0.041161565
-0.043527462
-0.039032996
-0.035735483
-0.030966382
-0.027697033
-0.025623044
-0.023523342
-0.019469635
-0.01565015
-0.011806933
-0.010055541
-0.007107341
-0.0034669161
-3.4462145e-05
0.0078276588
0.014187883
0.019663896
0.023655556
0.026766405
0.02898519
0.029762073
0.027881816
0.028385386
0.030398335
0.030907443
0.025398425
0.024147021
0.027359644
0.025758862
0.025751324
0.026520723
0.025857923
0.023971008
0.02586087
0.029778313
0.030251952
0.027896424
0.026970242
0.024615274
0.023492612
0.019854913
0.016268902
0.01225993
0.0065059548
0.0054107851
0.0049525578
0.0042065138
0.0013890863
0.0010355189
-0.00030065982
-0.0062931553
-0.0076745803
-0.0071124204
-0.006157349
-0.0068016511
-0.0072517885
-0.0088514455
-0.0076329804
-0.0064152957
-0.0062470418
-0.0059022094
-0.0057585966
-0.0059033015
-0.0054775852
-0.0051405363
-0.0040288554
-0.0035013057
-0.0029655091
-0.0020470348
-0.0014143377
-0.00082264704
-0.00044145113
-0.00086979261
-0.00046099671
-0.00074463529
-0.00051935736
-0.00040463949
0.0001598711
0.0011392907
0.0021324395
0.0023960643
0.0021877463
0.0071632444
0.009391772
0.0082409966
0.007094507
0.0039172672
0.0011732857
0.0009916445
-0.0011630334
-0.0009313413
-0.0033834396
-0.0049201458
-0.0082389701
-0.0099185704
-0.012289384
-0.011278355
-0.0095200682
-0.0081615174
-0.0076012646
-0.006096953
-0.0053357715
-0.0052460972
-0.0041766388
-0.0043103516
-0.0053415379
-0.0059353738
-0.0052338604
-0.0060408227
-0.0061015899
-0.0072402626
-0.0066608988
-0.008744443
-0.0073250804
-0.0074091178
-0.0064806641
-0.0067257654
-0.0033010533
-0.0070358655
-0.014258591
-0.017966656
-0.017909444
-0.018780936
-0.022765822
-0.024228313
-0.028032532
-0.023033603
-0.016098558
-0.011202741
-0.0084660658
-0.007670342
-0.0094708744
-0.012674869
-0.016672645
-0.019797083
-0.023293881
-0.024964578
-0.028840713
-0.036777197
-0.042263033
-0.046294858
-0.048764361
-0.054121468
-0.054684208
-0.054820322
-0.054917622
-0.049653446
-0.044998698
-0.042564629
-0.039241477
-0.034619204
-0.028578846
-0.02176511
-0.01544706
-0.015239735
-0.013930467
-0.0094373673
-0.0026658861
0.0090745597
0.015610294
0.019190259
0.026017001
0.027609477
0.032264205
0.034474599
0.032298737
0.03402169
0.034789179
0.031464426
0.03174899
0.033463742
0.033534029
0.032905105
0.037408314
0.038099588
0.03540384
0.037176779
0.035114852
0.036981069
0.038796826
0.036147542
0.033303647
0.031189564
0.027020875
0.018705302
0.012729825
0.0092507437
0.0025396645
0.0012101812
-0.0025775212
-0.0049646291
-0.01002745
-0.011750652
-0.010823297
-0.013670655
-0.012287026
-0.011457944
-0.010211655
-0.01218274
-0.011775873
-0.011035412
-0.0093778006
-0.0089155282
-0.0078463131
-0.007283486
-0.0071507351
-0.0058727875
-0.0050548136
-0.0045161766
-0.003930052
-0.0030256804
-0.0014755257
-0.00053213934
-0.00073829938
-0.00077715643
-0.00019126504
-0.00036961152
-0.0002969207
-0.00071075999
-0.00047271833
-0.00043050594
0.000455919
-0.00050178982
-0.00069653041
-0.0024099921
-0.0012020604
0.00089050754
0.00075582483
0.0015443865
-0.0016047872
-0.00055756617
-0.0045279394
-0.0036594036
-0.0027899522
-0.0017245577
-0.0033830503
-0.0073997528
-0.0070910934
-0.0094404265
-0.012873609
-0.012898137
-0.012370014
-0.010648039
-0.0083318182
-0.0062923753
-0.0064828135
-0.0063448309
-0.0062311236
-0.006546979
-0.0068392248
-0.0071254091
-0.0077050793
-0.0083200331
-0.0088797776
-0.0087405318
-0.0083721136
-0.0089839338
-0.0086462548
-0.0071170541
-0.0075350783
-0.0091956256
-0.009670875
-0.013879354
-0.020780188
-0.019724432
-0.019382878
-0.019247874
-0.022679961
-0.029855882
-0.026812784
-0.02215032
-0.011759124
-0.0090392156
-0.0075411297
-0.0099491619
-0.01209332
-0.01820629
-0.022981223
-0.027983614
-0.030567977
-0.03522567
-0.040800932
-0.046585809
-0.049902789
-0.055627244
-0.058703131
-0.060910536
-0.06212444
-0.063175525
-0.063607212
-0.062259942
-0.05714978
-0.052886962
-0.049442947
-0.043177201
-0.033109345
-0.021986394
-0.012869167
-0.0067968893
-0.0054321847
-0.0052110422
-0.0024487641
0.0081874378
0.017215059
0.020627061
0.025023292
0.028132411
0.030718295
0.030378476
0.031189707
0.028387964
0.023795983
0.022558838
0.021641736
0.031340357
0.035107759
0.037503674
0.045055478
0.045103538
0.041220061
0.04370523
0.041441767
0.042012863
0.040216194
0.037795949
0.03570724
0.032307414
0.026951365
0.01893465
0.010830754
0.0053469958
0.0021395958
0.00073709033
-0.0038830129
-0.008764226
-0.010935951
-0.015788938
-0.016676187
-0.016171357
-0.015204233
-0.014988794
-0.013562058
-0.013376971
-0.012320045
-0.011337749
-0.0097292904
-0.0078552078
-0.0073859002
-0.0061970427
-0.0055584665
-0.0048748294
-0.004194054
-0.0036900589
-0.0030663091
-0.0019549822
-0.0017352339
-0.0016114847
-0.0010546465
-0.00045899701
-6.0745573e-05
-6.8556325e-05
1.1456311e-05
0.00037959276
0.00029385029
0.00014590649
-0.0002405665
-0.0013737111
-0.0027783423
-0.0048684745
-0.0063925932
-0.0052015879
-0.0039177682
-0.0030457628
-0.0025353536
-0.0025884942
-0.0022007704
-0.0030658175
-0.0028098181
-0.0035967995
-0.0047404629
-0.0022327883
-0.007324264
-0.010593002
-0.012807004
-0.016170989
-0.016421991
-0.012360811
-0.0091670931
-0.0072942464
-0.0075755175
-0.0073310693
-0.0081716894
-0.0071337227
-0.0079803934
-0.0085865524
-0.00986064
-0.0093061977
-0.0097185559
-0.0092666637
-0.0092555557
-0.0081002662
-0.0081177133
-0.0082055421
-0.011229057
-0.012225598
-0.014329948
-0.017820193
-0.020251564
-0.01851602
-0.020561862
-0.01815545
-0.023378425
-0.026987097
-0.028190092
-0.022918375
-0.014175828
-0.0097048863
-0.0093328599
-0.012163396
-0.015954973
-0.020994168
-0.028293517
-0.031094754
-0.03480578
-0.038377333
-0.047329641
-0.051180468
-0.055134507
-0.055623423
-0.06011852
-0.066544918
-0.065744154
-0.068566712
-0.069613777
-0.067942183
-0.064748497
-0.058577779
-0.053258775
-0.041704815
-0.028714367
-0.017965089
-0.0056089337
-0.0058859388
-0.0033802659
0.00093875867
0.012511817
0.016075711
0.021927321
0.019506198
0.0215204
0.029100171
0.029050986
0.030749746
0.032418634
0.02806076
0.026209105
0.027142575
0.027053535
0.037204244
0.040568414
0.038310104
0.040781699
0.044655032
0.048131038
0.047041434
0.045162979
0.041326474
0.038484302
0.035003336
0.032955784
0.028122491
0.023293389
0.016021196
0.010038981
0.0048682353
0.0023560268
0.0020248786
-0.0023409201
-0.0059382607
-0.0093686406
-0.010768675
-0.011994259
-0.012958466
-0.011739175
-0.01172643
-0.010717928
-0.010137146
-0.0088099972
-0.0078002538
-0.0064151106
-0.0046436657
-0.0045726653
-0.0036797409
-0.0022958342
-0.001970593
-0.0014514042
-0.0010473827
-0.00085176419
-0.0003048691
5.8356716e-05
0.00037804165
0.00057843979
0.00048703397
0.000739416
0.00070852518
0.0011610834
0.0014682225
0.001275229
0.001626493
0.00055527933
-0.00052607056
-0.0023467533
-0.0072098593
-0.01223494
-0.0055782094
-0.0025396214
-0.0022297089
-0.00084649469
-0.0025300496
-0.0005216936
-0.00038345963
-0.0050889971
-0.0091086072
-0.010957845
-0.013754683
-0.013049997
-0.012289613
-0.014801578
-0.018238743
-0.01506684
-0.01112829
-0.0082582296
-0.007229505
-0.0064019966
-0.0067120728
-0.00733709
-0.0070917222
-0.0082438613
-0.0087310284
-0.0099192143
-0.01022701
-0.0091611036
-0.0092876314
-0.0088916931
-0.0096062888
-0.0096051591
-0.011984073
-0.01435512
-0.015601188
-0.015432725
-0.019553205
-0.015585727
-0.014752743
-0.016961297
-0.017385188
-0.022793441
-0.02739683
-0.030359284
-0.024187795
-0.013409009
-0.012366799
-0.011618988
-0.011814772
-0.014499519
-0.019433814
-0.025590198
-0.029382345
-0.034248453
-0.038276057
-0.044901468
-0.051861725
-0.055015011
-0.057837584
-0.064216133
-0.070531519
-0.072279064
-0.074260018
-0.073949277
-0.070167306
-0.066003993
-0.059910438
-0.047054918
-0.031663893
-0.019887349
-0.0089068713
0.00017559391
-0.0026940563
-0.00062688025
-0.0029688004
-0.00068873666
0.0063836389
0.0070603031
0.013625065
0.018885685
0.022756153
0.02276144
0.023711354
0.026387162
0.021517455
0.025784324
0.03061436
0.036474945
0.043234802
0.04709765
0.04893195
0.047224565
0.050061748
0.047656852
0.043571716
0.040023707
0.036517026
0.031316917
0.027575653
0.025941154
0.021501841
0.016607413
0.011604142
0.005309893
0.0016642528
7.623694e-05
-0.00035600431
-0.0031887517
-0.0054010363
-0.0070533973
-0.0067995414
-0.0078586442
-0.0064815046
-0.0061964491
-0.0059159886
-0.006486822
-0.0064450572
-0.0055901771
-0.004760547
-0.004551451
-0.0029778574
-0.0025562699
-0.0016667485
-0.0011638975
-0.00026341842
0.00022595286
0.00037138556
8.2129726e-05
0.0008900511
0.0012252137
0.000818515
0.00070642287
0.00060172395
0.00062960971
0.00083010682
0.00090192629
0.00070174347
0.0006148328
0.00060300261
-0.00043513542
-0.0012342835
-0.0025630021
-0.011214123
-0.012819142
-0.0040459553
-0.0030703221
0.00042392598
-0.0032279765
-0.0033051685
-0.0013119368
-0.0040447716
-0.0080572293
-0.011277592
-0.0144572
-0.015401322
-0.015076035
-0.015458763
-0.014228142
-0.013853388
-0.010457803
-0.009538967
-0.0074404823
-0.0061376299
-0.0066253142
-0.0058351572
-0.0059459697
-0.0064783917
-0.0065274655
-0.007870953
-0.0081673878
-0.0085034326
-0.0080489267
-0.0086249021
-0.0089070511
-0.010679761
-0.010686297
-0.014187347
-0.014429066
-0.014052251
-0.015996777
-0.013590697
-0.01401037
-0.013516878
-0.015676617
-0.018696751
-0.02157387
-0.024150935
-0.028283188
-0.02144367
-0.013683396
-0.014595924
-0.016526691
-0.013840333
-0.012730572
-0.015123098
-0.020161575
-0.025027545
-0.030300785
-0.036709547
-0.041550056
-0.047968048
-0.054037598
-0.06330809
-0.070647647
-0.075689291
-0.081085014
-0.082042397
-0.082581573
-0.078154561
-0.070124682
-0.060295559
-0.045442318
-0.032398446
-0.024991927
-0.015698702
-0.013959887
-0.0093109997
-0.0077455063
-0.0080571264
-0.0078696124
0.0040287459
0.0058868656
0.0084226024
0.012772608
0.018469728
0.017979923
0.020495129
0.02638593
0.030215183
0.036060456
0.038946663
0.044968395
0.048404241
0.050564306
0.051258118
0.051704941
0.046978142
0.045289438
0.043729053
0.040568332
0.033452608
0.030352201
0.026446894
0.022790807
0.018707821
0.013692314
0.0079990656
0.004682314
0.00068767934
-0.0013036378
-0.0018047758
-0.0018465571
-0.0041647193
-0.0027927989
-0.0024818913
-0.0024345845
-0.0017044592
-0.0021709976
-0.0024423273
-0.0031620786
-0.0036062928
-0.0024622537
-0.0015472904
-0.0020562433
-0.0018155884
-0.00082023197
-0.00054406333
0.00012008087
0.00027786831
0.00052869148
0.00055702608
0.0010275242
0.00066353385
0.00094703919
0.00021481671
0.00055728956
0.00045489282
0.000834085
0.00095920981
0.00080927552
0.00089440856
0.0004583266
0.00069495916
-0.00057073903
-0.0010950947
-0.001332113
-0.0093191909
-0.0128551
-0.0069368868
-0.0029032773
0.00035436375
-0.0051417289
-0.0087810528
-0.0069369385
-0.010321428
-0.012124035
-0.011107849
-0.01274335
-0.015011961
-0.012445288
-0.011681017
-0.0091651595
-0.0071132615
-0.0044815966
-0.0033396957
-0.0029150447
-0.0044585163
-0.0041683759
-0.0032655397
-0.0017730945
-0.0023501906
-0.0038442196
-0.0047593804
-0.0049537292
-0.0061102907
-0.0063150773
-0.0068408114
-0.0089966482
-0.0088493692
-0.0086182664
-0.01292
-0.012612999
-0.012275365
-0.012270269
-0.011450648
-0.012211792
-0.014153962
-0.014331498
-0.019508777
-0.02478325
-0.028658612
-0.028461919
-0.019727475
-0.017253768
-0.017431028
-0.019509543
-0.019298185
-0.016286046
-0.017367604
-0.021480605
-0.025304827
-0.030633558
-0.038947241
-0.046014294
-0.054542453
-0.061046075
-0.06842455
-0.07419504
-0.076749018
-0.078821915
-0.079086084
-0.077255168
-0.073063842
-0.067904344
-0.056972645
-0.04509168
-0.033627653
-0.028205454
-0.024167372
-0.016541559
-0.010273979
-0.0061081917
-0.0023078857
-0.0033501796
0.010933723
0.0096451531
0.011311308
0.019406055
0.020634601
0.017799433
0.025265057
0.02985589
0.032304004
0.034893015
0.039254148
0.042973064
0.046980582
0.045732157
0.047091022
0.04490374
0.042952628
0.039819102
0.035688072
0.034127922
0.030229749
0.028633494
0.025039013
0.023922464
0.019380664
0.01608986
0.011649876
0.0087540712
0.0051043788
0.0025586158
0.0013346599
0.0018614959
0.002237205
0.0021677071
0.0015729016
0.0018091123
0.0013497069
-0.00039459645
-0.00015854076
-0.00092215345
-0.0010177655
-0.00035650232
-1.962542e-05
-0.00019197124
-0.00055786818
0.00095930927
0.00045892969
0.0013807355
0.0018037584
0.0014915121
0.00080406542
0.0016171661
0.0010335786
0.0010594095
1.8762987e-05
0.000416645
0.00067236485
0.0017740702
0.0010486691
0.00043600675
-0.00024719508
0.00034847561
-8.3380995e-05
0.00060701357
-0.0011781644
-0.0025209406
-0.0061603018
-0.0070005246
-0.0096300596
-0.00583859
-0.0029265999
-0.0046133319
-0.0073248487
-0.01001471
-0.011438947
-0.0095951363
-0.0091880751
-0.0085880803
-0.0089979104
-0.0083172797
-0.0069963916
-0.0048214562
-0.0038314337
-0.00027105163
0.0027633151
0.00049843828
0.00013640261
0.00029875811
0.002201335
-0.00038495801
-0.00062456809
0.0017336645
-0.00088600269
-0.0025576662
-0.001631868
-0.003391976
-0.0054274006
-0.0069862582
-0.0049715239
-0.0083229458
-0.010742954
-0.0095023742
-0.011903167
-0.012846982
-0.012962538
-0.014374435
-0.017247579
-0.016896987
-0.020509597
-0.024022998
-0.029881029
-0.025991705
-0.023265675
-0.019959897
-0.015996428
-0.019695749
-0.019849649
-0.019573619
-0.019460431
-0.020358026
-0.024882147
-0.033034051
-0.041324319
-0.047345227
-0.055501327
-0.059310411
-0.063924689
-0.066498982
-0.069013426
-0.067888555
-0.069550367
-0.068111417
-0.065934034
-0.057337617
-0.048076103
-0.036055331
-0.030566079
-0.022857144
-0.017916809
-0.014661628
-0.0050746874
0.0043778103
0.012392064
0.020924198
0.022623291
0.022476298
0.024520933
0.026395989
0.030219093
0.033766284
0.037216019
0.038139166
0.037957108
0.038481893
0.0399861
0.040201575
0.042833941
0.042175531
0.042551305
0.036730651
0.035980535
0.033420683
0.032741411
0.030003355
0.028036343
0.025198227
0.024878822
0.021537595
0.02235285
0.020766507
0.016102549
0.013480455
0.010542085
0.0083420842
0.0065721167
0.0051785418
0.007389564
0.007779257
0.0066130187
0.0051637095
0.0029354925
0.0015061968
0.0021222276
0.00021550523
0.0012467467
0.0011924672
0.0017104212
0.0010381173
0.0017015032
0.0021562856
0.0011563009
0.0019592189
0.0023683902
0.0028061199
0.0023555495
0.0032448956
0.0039641448
0.0031532757
0.0020638254
0.0035819132
0.0040984609
0.0042500586
0.0043287796
0.0038090531
0.002258482
0.0015196193
0.00038903955
-0.00091985279
-0.0034601834
-0.0058806546
-0.0033622491
0.0038380015
-0.0031187381
-0.0067209727
-0.0033564742
-0.0031699903
-0.00429831
-0.0089071312
-0.0095846212
-0.010192848
-0.0067554022
-0.005897364
-0.005650501
-0.0040653674
-0.0030569454
-0.0017071228
0.0015589069
0.0030987018
0.0052351184
0.0074171544
0.0095359146
0.0058313391
0.0069317716
0.008509925
0.0068736076
0.004237172
9.9489817e-05
-0.0018678763
-0.0015962622
-0.0023196306
-0.0041450702
-0.0041059329
-0.0039812855
-0.0061967697
-0.0053648903
-0.0049703728
-0.00811179
-0.011200557
-0.012171941
-0.013168466
-0.01491367
-0.014978203
-0.016043038
-0.01819623
-0.01970056
-0.01778573
-0.016552807
-0.017293076
-0.015990714
-0.016490496
-0.018368659
-0.020339826
-0.020915691
-0.022526563
-0.026575324
-0.030556525
-0.035153347
-0.042872883
-0.048614706
-0.05287735
-0.055955335
-0.060343326
-0.059327743
-0.057959555
-0.058466963
-0.056804358
-0.055167989
-0.043849219
-0.035242806
-0.025488819
-0.020028695
-0.013277503
-0.011530906
-0.0035886399
0.0067316906
0.016094632
0.0321352
0.038245882
0.039229212
0.040421221
0.040615753
0.035848207
0.037418723
0.044604317
0.049036131
0.045790661
0.046491835
0.044908942
0.044637882
0.043914955
0.043774031
0.045227359
0.044596761
0.038537095
0.033714779
0.03323076
0.029948873
0.028029132
0.026286864
0.023722569
0.020326464
0.018509821
0.016015793
0.013492243
0.0087718187
0.0079301338
0.0065325405
0.0042906706
0.0029971752
0.0026105652
0.0051011218
0.0061433789
0.0072892942
0.0076156855
0.0074349451
0.007914371
0.0073211732
0.0059291678
0.0055064859
0.0066819526
0.0068936192
0.0088687274
0.0098391084
0.011108885
0.0099710636
0.011412143
0.015280992
0.016757697
0.018679002
0.018286118
0.016955873
0.015576382
0.014676218
0.014149107
0.012496435
0.012631504
0.013071197
0.011328196
0.01053969
0.0096950908
0.0059675701
0.0021430759
-0.0015027237
-0.0055418555
0.0013714451
0.0094887891
0.0056937323
-0.0021520953
-0.0016414586
-0.0020749629
-0.0031122148
-0.0037048979
-0.0042781777
-0.0031446118
-0.0019042771
-0.00056395073
-0.0010735409
0.0032206358
0.0031814801
0.0057229071
0.0076983016
0.0062577618
0.0076235125
0.0085613224
0.0094268325
0.0097852103
0.0090589346
0.0077534138
0.0064930969
0.0040897949
-0.0005722685
-0.0021845338
-0.0020269547
-0.0044977578
-0.0029635619
-0.0023227381
-0.0034660212
-0.0048730916
-0.00360884
-0.0032796192
-0.0044122588
-0.0045726004
-0.0074829833
-0.008615543
-0.010909403
-0.012170028
-0.011936591
-0.011273549
-0.01067451
-0.0094210778
-0.011310361
-0.013697835
-0.016617242
-0.016979625
-0.018449215
-0.017696142
-0.016544983
-0.020128359
-0.02261562
-0.028752624
-0.030811615
-0.036468137
-0.041743055
-0.043317183
-0.04660296
-0.046157053
-0.042913915
-0.045249222
-0.049145175
-0.043876166
-0.033797022
-0.025485511
-0.01616956
-0.0056597746
0.0024008668
0.002698283
0.0039514707
0.012090798
0.016566965
0.024583316
0.037686508
0.049636972
0.051607252
0.049981794
0.046012012
0.043007462
0.043239256
0.051596872
0.051493147
0.052386145
0.048124122
0.043677476
0.042821034
0.042294192
0.041662936
0.039832897
0.036736515
0.031782007
0.029040914
0.023679737
0.022865664
0.020767879
0.018314805
0.015957121
0.013284173
0.011794885
0.0062085771
0.0035800372
0.0042291454
0.0014740767
0.0012167049
0.0018895682
0.0021277139
0.0032720911
0.0061936441
0.0037592891
0.0049171354
0.007849772
0.0090754278
0.0099846849
0.011594009
0.011868563
0.01300293
0.012226857
0.012095451
0.012665913
0.015574058
0.016135588
0.017643791
0.020936436
0.025471978
0.027348623
0.028251435
0.028313147
0.022793272
0.020795154
0.0169097
0.012608829
0.0091110402
0.0074335054
0.0060130748
0.0051208008
0.004304753
0.0012992287
-0.00072389383
-0.0020086877
-0.0064375169
0.0025938364
0.010212578
0.013491481
0.0057317175
0.0030078839
0.0029392191
-0.00025892648
0.00060446046
-0.00035187824
0.0027464583
0.0045775644
0.0074603006
0.0061900323
0.0065865805
0.007632873
0.0077041878
0.005807567
0.0080991979
0.0081764115
0.0083531307
0.0090897447
0.013164267
0.013357785
0.010102083
0.0087634471
0.0070815795
0.0046504686
0.004759378
0.0011081393
-0.0021082481
-0.00421723
-0.0054190736
-0.004080816
-0.0050501671
-0.0052911934
-0.0052161554
-0.0027399027
-0.001822544
-0.0026354548
-0.0032443819
-0.0020380756
-0.0040186038
-0.0063980186
-0.0074711462
-0.0078657885
-0.0076459504
-0.0063152417
-0.009111275
-0.006360331
-0.012798082
-0.014853895
-0.014316368
-0.01449446
-0.015107157
-0.015766416
-0.018113567
-0.021038188
-0.023978927
-0.026524495
-0.029769985
-0.031100809
-0.030143218
-0.027215555
-0.027392904
-0.029510468
-0.032720247
-0.025807341
-0.015169638
-0.0042135638
0.0019274402
0.0087502006
0.015980509
0.016704837
0.016169739
0.019101995
0.022098369
0.027644503
0.036877574
0.047878577
0.049804788
0.047324459
0.044502369
0.039766049
0.042260258
0.047085481
0.047118252
0.044558544
0.040859959
0.03792746
0.036385286
0.033379137
0.02972789
0.025500785
0.022298084
0.01891874
0.015185062
0.013457399
0.010707094
0.010863167
0.010626409
0.00962278
0.0063885547
0.0026099369
-0.00032688472
-0.0026072098
0.00062365388
0.00042779408
0.0015238335
0.0003735137
0.0013192086
0.00062965744
0.0031165011
0.0041279804
0.0042558149
0.0044507521
0.0066895203
0.0083591599
0.01223599
0.014540026
0.015538872
0.01486639
0.016554573
0.0150718
0.017689169
0.019682107
0.022226511
0.02467484
0.031508723
0.03103387
0.03336741
0.029234781
0.028424901
0.023999603
0.01779951
0.010837038
0.0049402462
0.0040173256
0.0025711404
-7.2885676e-05
-0.0016903476
-0.0015893182
-0.0033732332
-0.0085299142
0.00057348425
0.012812033
0.014165663
0.011132168
0.0026149264
-0.00093902954
-0.00089617241
-0.00028484818
0.00040336239
0.0032484895
0.0040063577
0.0065463385
0.0068318173
0.0068538765
0.0066944622
0.0082140814
0.0075463302
0.008165798
0.0098639293
0.010604718
0.011349965
0.011998942
0.014602057
0.01628668
0.015388635
0.014422573
0.010279301
0.0092195239
0.0082137976
0.006560331
0.0031917191
-0.00068579882
-0.0020947924
-0.0050507654
-0.004680784
-0.0047690562
-0.0032269628
-0.0035051506
-0.002568223
-0.0023770412
-0.0018208367
-0.0014352926
-0.0028787226
-0.0022926469
-0.0048198824
-0.0046041376
-0.0047905686
-0.0039399818
-0.005501515
-0.0034242719
-0.0083696717
-0.0090346618
-0.01001916
-0.010323859
-0.0096743882
-0.010554322
-0.011982854
-0.013428421
-0.015210804
-0.016766087
-0.018814019
-0.018388573
-0.01842827
-0.01454125
-0.015343758
-0.01534635
-0.016552148
-0.01175331
-0.0057745867
0.0018209935
0.0094676286
0.014790421
0.021491561
0.021405486
0.018229224
0.018568144
0.023701394
0.025766342
0.032663287
0.036192706
0.037119112
0.038717874
0.036373536
0.03060136
0.031150994
0.034042284
0.033567604
0.030686009
0.027768523
0.024644285
0.021916333
0.017207105
0.014524381
0.010953307
0.0075106479
0.0053842609
0.0045799546
0.0031609086
0.0036966426
0.0035559949
0.0045740032
0.0025795063
0.00037339878
-0.0020047686
-0.0044160003
-0.0040339762
-0.0037540929
-0.0026379657
-0.0025229832
-0.0032762142
-0.001866949
-0.00039332636
0.001056699
0.0016739425
0.0035013828
0.0035467607
0.0030290218
0.0050963397
0.0072768737
0.010965235
0.012561157
0.016112516
0.018055223
0.017597104
0.01669234
0.017961465
0.020533138
0.024421507
0.028480827
0.031213459
0.032174305
0.029529239
0.025842074
0.020748524
0.014534153
0.0078909664
0.0056813938
0.0021432183
-0.00019740499
-0.0015978531
-0.0019564323
-0.0035476459
-0.00051046416
0.0008765141
0.0087800893
0.013044338
0.012610394
0.0092510652
0.002485691
-0.0019083737
-0.002762469
-0.00017613877
0.00011970486
0.0036472307
0.0063323388
0.0066441393
0.0081730565
0.0075388576
0.0061632268
0.0074040414
0.0079419398
0.0065873176
0.0084683288
0.0098597665
0.010993227
0.013013765
0.013519008
0.01545339
0.016897331
0.016047748
0.012559648
0.012754442
0.012449265
0.010838697
0.0067352956
0.0016152524
0.00019397849
-0.0033877699
-0.0016734347
-0.0024156518
-0.0028252537
-0.0025521131
-0.0027779849
-0.0025886062
-0.0017456297
-0.001392592
-0.0012661023
-0.0015418618
-0.0024459552
-0.0034441811
-0.0033032028
-0.0026550713
-0.0034822659
-0.0034292608
-0.002944099
-0.0050075753
-0.0068563955
-0.00787564
-0.0084626498
-0.0077932747
-0.0087177327
-0.0090932093
-0.0098776736
-0.010218707
-0.010694175
-0.0099044309
-0.0086164548
-0.0069616602
-0.0075794927
-0.0066202669
-0.005446183
-0.0039270419
-0.00058767853
0.0058865273
0.0089747
0.014301942
0.017623432
0.014471654
0.013811318
0.015477744
0.018134967
0.020542277
0.023982453
0.024823565
0.026586536
0.026470552
0.024532105
0.019459237
0.017299558
0.018150766
0.019730825
0.01869544
0.015363595
0.011691766
0.0075112166
0.0033195724
0.0012520173
-0.001290867
-0.0030669374
-0.0040413906
-0.0038306115
-0.003646531
-0.0034795394
-0.0021370729
-0.0011980976
-0.00039461599
-0.00085139492
-0.0029976784
-0.0042673129
-0.0056782302
-0.0066718731
-0.0058441399
-0.0055971622
-0.0053016588
-0.0030714466
-0.0028452074
-0.0017096196
0.00021052345
0.0022230229
0.0033870802
0.0026252003
0.0040414289
0.005716992
0.0072150173
0.009215551
0.011497464
0.012121265
0.011689594
0.011835045
0.01372254
0.017816727
0.019966087
0.020128359
0.022643236
0.025942945
0.023280458
0.019431327
0.015660044
0.010670174
0.0068322705
0.0031961548
0.0012371969
-0.00042716749
-0.0016615133
0.00014436903
0.00065624291
0.0028927509
0.0077952339
0.01051887
0.01170324
0.0090501251
0.0049031239
0.0015687666
-0.0017630804
-0.001557061
-0.0017085967
-0.00085679685
0.00090763542
0.0027865471
0.0048731512
0.0053629355
0.0052529879
0.0045167419
0.0053100153
0.006711934
0.0056714819
0.0064002787
0.0078390767
0.0096146799
0.011285134
0.010874131
0.012197624
0.013652467
0.014453184
0.013111673
0.013076688
0.015136902
0.013582073
0.011004882
0.0083680882
0.0041792563
0.0015481739
0.0034303627
0.0016710982
-0.0006540325
-0.00012830915
-0.00011277206
-0.00022837596
-0.00028367211
0.00052151534
-9.1472457e-06
0.00016154059
-0.0005571334
0.00078630578
0.00088917715
1.8065366e-05
-0.0011161587
-0.00033693788
-0.00068777975
-0.004221901
-0.0053680723
-0.0065935342
-0.0070675404
-0.0078314392
-0.0082074301
-0.0076323302
-0.0078942528
-0.0087118432
-0.0079765378
-0.0065863879
-0.0060902916
-0.005247469
-0.004788746
-0.004138555
-0.0023586016
-0.0022838763
-2.7772875e-05
0.002249737
0.0057235624
0.010099723
0.011368033
0.0088994656
0.0076628708
0.0081377927
0.0079027913
0.011657896
0.014106344
0.014804572
0.014855256
0.014866312
0.013599646
0.009991312
0.0064286662
0.0079897744
0.0091846444
0.011069138
0.0066043093
0.0040844084
0.0021692437
-0.0016566412
-0.0037637974
-0.0065245393
-0.0070847631
-0.0074673522
-0.0075224761
-0.0067068941
-0.0066828171
-0.0047995797
-0.0024178776
-0.0013425302
-0.0022183386
-0.0041475983
-0.0052320815
-0.0055544705
-0.0075334442
-0.0083365778
-0.0065145665
-0.0068535051
-0.0044947365
-0.0020075183
-8.4664933e-06
0.00086643156
0.002641732
0.0047737738
0.0047858913
0.0044825004
0.0049211602
0.0053526004
0.0064556693
0.0068597457
0.0067339555
0.0064333651
0.0071531948
0.0090364671
0.011419497
0.013381876
0.013137953
0.014947468
0.018546316
0.019329245
0.015646904
0.011236235
0.007510604
0.0053503605
0.0039250632
0.0046319883
0.0017842588
0.0010177855
0.0020896741
0.0012894298
0.0030596611
0.0038521679
0.005054426
0.0065194403
0.003658773
0.0011196485
0.001298247
-0.00077740583
-0.00031194242
-0.0028609031
-0.0024219331
-0.00072943149
0.00056001081
0.0020321643
0.0023453277
0.0020115553
0.0030593956
0.0029765331
0.0014412038
0.0020896525
0.0034337984
0.0054225099
0.0073638383
0.0091546444
0.011010881
0.010290303
0.011449553
0.011421956
0.010605354
0.010077028
0.010120296
0.010524296
0.0098640031
0.0080377414
0.0064040751
0.0041767827
