-0.0008784675
-0.00026918907
3.1526985e-05
0.00036957613
0.0013235117
0.004194841
0.011769098
0.01403073
0.0064377052
0.0011346721
-0.0020238542
-0.0046764902
-0.0078279653
-0.0067526202
-0.0062063192
-0.0067118058
-0.003565446
-0.0028028568
-0.0012266382
-9.9394818e-05
0.0012773275
-0.0010663444
-0.0041759666
-0.0075823817
-0.011166998
-0.012073497
-0.013470318
-0.013836595
-0.01293317
-0.010887519
-0.009483308
-0.0095616153
-0.01084404
-0.012713533
-0.011737246
-0.010971852
-0.010630696
-0.010511417
-0.010031492
-0.0091213578
-0.0072433508
-0.0068065293
-0.0059789661
-0.0054769902
-0.0046106025
-0.0039139169
-0.0027561107
-0.0036994344
-0.0051372505
-0.0053251362
-0.002857699
-0.003336995
-0.0030159441
0.00076278133
0.003945612
0.0050462902
0.0051905989
0.0042361986
0.0027395618
0.00078584251
-0.0013680612
-0.00099130233
-0.00036529016
0.0014827815
0.004617817
0.003986837
0.0042149732
0.0040686907
0.004514562
0.0076174175
0.010116086
0.011365798
0.014067095
0.018026177
0.017360822
0.017734034
0.016803934
0.01494744
0.014762887
0.016014436
0.019754132
0.024241237
0.027584148
0.02748197
0.023942315
0.01865746
0.014685368
0.0084269847
0.0099589776
0.011218022
0.012139044
0.012803346
0.011026164
0.0067535254
0.003163074
0.0010976486
0.00092988423
0.0011695121
0.0018950125
0.0024833051
0.0031582137
0.0047894375
0.0052704181
0.0059648194
0.0058786492
0.0052803397
0.0054475171
0.0060327747
0.0061724532
0.0064375621
0.0066018219
0.0065226611
0.0080336615
0.0086610763
0.011269198
0.01379324
0.017513464
0.016106811
0.01808311
0.019039425
0.013180365
0.013623655
0.011885121
0.01330077
0.0090160268
0.0063018596
0.0054109932
0.0025996226
-0.00084621896
-0.00066570622
-0.00013619966
0.0014422823
-0.0012598642
-0.0018456671
-0.0020979877
-0.0016161639
-0.0011755126
-0.00039878744
-0.00059184691
-3.9760543e-05
2.5576253e-05
-0.00086887995
-0.0011434955
-0.00099865311
-0.0018582063
-0.0016293578
-0.0015612712
-0.00062022699
-9.6902417e-06
0.0052511179
0.011656948
0.010036191
0.0018900939
-0.0031591762
-0.0054026841
-0.0072171048
-0.0067240964
-0.005993526
-0.0072031243
-0.006108812
-0.0065592632
-0.0048503763
-0.0018504086
0.0019826445
-0.00061796567
-0.0042659262
-0.0070949542
-0.0087462985
-0.013665846
-0.017142335
-0.019610413
-0.018893096
-0.016920956
-0.014210433
-0.013926035
-0.015494641
-0.018581093
-0.01852493
-0.016554906
-0.015059085
-0.013251037
-0.012388803
-0.01136333
-0.0090265466
-0.0076635806
-0.0069105916
-0.0058984426
-0.0042575558
-0.0020344986
0.00066647197
0.0014107326
0.0020298463
0.0028461109
0.0015612186
0.0010385876
0.0029953551
0.0072417099
0.010975482
0.011215268
0.012085139
0.012555205
0.01245568
0.010130559
0.0087194677
0.0084391086
0.0071552007
0.0077079974
0.009000806
0.0098753499
0.0093811916
0.011992061
0.012224327
0.01272121
0.012711341
0.015350212
0.016993571
0.017997845
0.019165886
0.020020591
0.01809696
0.014778967
0.01494556
0.015573126
0.016944716
0.019265664
0.022960891
0.022570638
0.018841771
0.017383541
0.011858003
0.0098171931
0.0091733198
0.0083014334
0.0078553741
0.0080341166
0.006537572
0.0050500175
0.0026256262
1.6099193e-05
-0.00049572252
-0.00038606064
-0.0002431265
0.00076134246
0.0020886447
0.0026267581
0.0033185377
0.003841895
0.0034574735
0.003554316
0.0033202981
0.0036108615
0.0039118974
0.0042155382
0.0049182315
0.0054561182
0.0060782076
0.0082626421
0.011023604
0.013933327
0.016096129
0.018903127
0.020675086
0.022635443
0.018840067
0.015868635
0.013251305
0.011219878
0.0094832686
0.0068928624
0.0017649936
-0.00060658428
-0.0017192776
-0.0027517222
-0.0023463516
-0.0017724087
-0.0026579682
-0.0046198211
-0.0044667018
-0.0037766612
-0.0020997832
-0.0016162431
-0.001499465
-0.0012916093
-0.0017476888
-0.0018911192
-0.0021467346
-0.0022876777
-0.002225411
-0.0044837379
-0.0041856959
-0.0046587078
-0.0039624391
-0.0037041431
0.0024367417
0.0068403357
0.0025344653
-0.00084010951
-0.0035525088
-0.010831289
-0.011937831
-0.010906831
-0.0097094933
-0.010068946
-0.011432225
-0.009535418
-0.006609657
-0.0022099334
0.0003127687
-0.0014893325
-0.0064567052
-0.0091902797
-0.011610285
-0.015251418
-0.02088659
-0.024004992
-0.024316219
-0.023876593
-0.022552415
-0.025036857
-0.027893679
-0.029772947
-0.029279263
-0.025786636
-0.021125514
-0.01938999
-0.017859878
-0.01599118
-0.013581652
-0.011237711
-0.0099324638
-0.0081432389
-0.0051322731
-0.0010788277
0.00095186695
0.0043332643
0.0052272166
0.010513181
0.01183505
0.0094985267
0.013880832
0.019244312
0.020421999
0.022313548
0.022928873
0.024106658
0.021159451
0.015932372
0.017655196
0.016839459
0.016808946
0.015200314
0.015040217
0.017763659
0.018275888
0.020339638
0.021497562
0.020782803
0.0176297
0.01921958
0.02099147
0.021536775
0.020534473
0.018141898
0.014808325
0.011278058
0.011345239
0.013424327
0.014666598
0.015216252
0.01588361
0.010944105
0.006837942
0.0052729659
0.0049443294
0.0046235624
0.001737125
-0.00094366283
-0.00037565552
0.00059351647
-0.0015963658
-0.0016382376
-0.0027945807
-0.0036706872
-0.0033426229
-0.0028858345
-0.0016479855
-0.00096326684
0.00010563261
0.00072411788
0.00091446386
0.00094673553
0.0010677612
0.0012038117
0.0013454627
0.0015850109
0.0015411636
0.0021102161
0.0021139704
0.0031756514
0.0043586951
0.0065767552
0.0074545797
0.014725833
0.019316947
0.022325567
0.0184337
0.014121192
0.010979343
0.0097023803
0.0085699946
0.0056638351
0.0038118097
0.0001257065
-0.00079170077
-0.0058483362
-0.0072684746
-0.0071816254
-0.006712516
-0.0062711308
-0.0066406411
-0.0055262678
-0.0040606849
-0.0042274538
-0.0033814724
-0.0025951304
-0.0022315005
-0.0032477807
-0.0032548436
-0.0036350984
-0.0037798921
-0.0043215956
-0.0039629875
-0.0062855385
-0.0056172438
-0.0057104171
-0.0056548013
-0.0045571239
-0.00053370859
0.002520357
-0.0043351291
-0.0092622579
-0.011450379
-0.016606962
-0.017184692
-0.017732129
-0.020634138
-0.018878796
-0.015442097
-0.011067452
-0.0085071845
-0.0068185534
-0.0062605367
-0.0064541287
-0.0096055093
-0.012381384
-0.016890558
-0.019671054
-0.025606588
-0.029983694
-0.032303646
-0.032470129
-0.033349891
-0.039567741
-0.04219801
-0.045541544
-0.042025195
-0.039273163
-0.034760189
-0.031573698
-0.029733414
-0.027921587
-0.02411916
-0.020368578
-0.016541215
-0.014727077
-0.011763473
-0.0078611301
-0.0045675413
0.0032209951
0.01011504
0.016467815
0.021213121
0.024966384
0.027859119
0.029058742
0.027530266
0.028642051
0.031560518
0.032861395
0.027282978
0.025732435
0.02920538
0.027637805
0.027343418
0.028028669
0.027490349
0.025630593
0.026946388
0.030860165
0.031862569
0.02942442
0.028395465
0.026056003
0.025301007
0.022383102
0.019078992
0.015016321
0.0095013603
0.0083774362
0.0079522057
0.0072877083
0.0043353647
0.0034063073
0.0025722487
-0.0034956544
-0.0055235287
-0.0057419712
-0.0051202278
-0.0062033049
-0.0068078918
-0.0085517219
-0.0076535409
-0.0063724157
-0.0063695489
-0.0059424348
-0.0058908316
-0.0059628938
-0.0054439098
-0.0049997717
-0.0039191941
-0.0032037718
-0.0026454781
-0.0016807618
-0.0010738533
-0.00042094619
-3.3190664e-05
-0.00044120668
-9.4908799e-05
-0.00031733486
-0.00021855006
-4.4861849e-05
0.00038582768
0.0014045601
0.0024743955
0.0029741492
0.0028363617
0.0078273516
0.010166393
0.0091046396
0.0080195014
0.0048751753
0.0022150884
0.0022938013
0.00017584591
0.00025761747
-0.0022180892
-0.0037333442
-0.0069252118
-0.008919039
-0.011578564
-0.011088905
-0.0094583895
-0.0078694581
-0.0071694143
-0.0056462692
-0.0048941718
-0.0049704752
-0.0038444876
-0.003737624
-0.0047132752
-0.0053992193
-0.0047032585
-0.0054712981
-0.0055129319
-0.0066528978
-0.0061881726
-0.0081241773
-0.0066769096
-0.0066800437
-0.0058065884
-0.0058806254
-0.0022414752
-0.0054732074
-0.012845572
-0.016899402
-0.017006974
-0.01792308
-0.021878895
-0.023387912
-0.027916965
-0.024355095
-0.017725685
-0.012933133
-0.0094698205
-0.0076546884
-0.0089202944
-0.011827635
-0.015781602
-0.018890663
-0.022534222
-0.024527298
-0.027792626
-0.035457853
-0.041031835
-0.045700605
-0.048352361
-0.054045835
-0.055462276
-0.056424317
-0.058007067
-0.053878215
-0.049491647
-0.047386476
-0.044674309
-0.040367828
-0.034740617
-0.027967424
-0.021278606
-0.020986926
-0.019875137
-0.015464222
-0.0088800565
0.0028453556
0.010428247
0.014583509
0.022145905
0.024532465
0.029853519
0.033360665
0.031902818
0.034005925
0.035455629
0.032538202
0.032575535
0.034208492
0.034580232
0.034169097
0.038612521
0.039739565
0.03720268
0.039085426
0.037105661
0.03884023
0.04094833
0.038663969
0.035765465
0.034127105
0.030425249
0.022595291
0.016373246
0.01310565
0.0065334735
0.0050594464
0.0012849697
-0.0014319415
-0.0069294726
-0.0094258597
-0.0083329782
-0.011545544
-0.010972293
-0.010687137
-0.0095805625
-0.0117201
-0.011651628
-0.011054512
-0.0094799666
-0.0089595808
-0.0080000539
-0.0073655304
-0.007252083
-0.0058479419
-0.0049776353
-0.0043455001
-0.0037876672
-0.0027714324
-0.0013078034
-0.00027098478
-0.00047140399
-0.00045196743
0.00014456005
2.875426e-06
4.6957886e-05
-0.00037060559
-0.00013137896
-3.6622729e-05
0.00082668182
0.00010819381
-0.00010298668
-0.0015733296
-0.00038747286
0.001811892
0.0013598492
0.0023848205
-0.00069843813
0.0002372677
-0.0034163203
-0.0030527334
-0.0020635835
-0.00097298729
-0.0023147685
-0.0065418439
-0.0065050985
-0.0084012483
-0.011883704
-0.012405562
-0.012064862
-0.010306726
-0.0079282475
-0.0058045085
-0.0058942732
-0.0059225363
-0.0057131695
-0.0060044493
-0.0062052522
-0.0064978664
-0.0069920911
-0.0076058559
-0.0081781711
-0.008135895
-0.0076986434
-0.0082656437
-0.0078205887
-0.0062118739
-0.0062535617
-0.0077220512
-0.0082120723
-0.012173262
-0.0194451
-0.019022075
-0.018405316
-0.01863331
-0.021442201
-0.029361388
-0.027282633
-0.023571704
-0.013348232
-0.0098672486
-0.0074410298
-0.0093622164
-0.010979522
-0.016716242
-0.02143128
-0.026716779
-0.029434565
-0.033925578
-0.039225292
-0.045097594
-0.04870292
-0.054591037
-0.058387852
-0.060807354
-0.062539389
-0.064221608
-0.065986427
-0.06572596
-0.061433804
-0.057632986
-0.055180932
-0.049851936
-0.040419291
-0.029026435
-0.019274482
-0.012583601
-0.010949772
-0.010849074
-0.0086285854
0.0020924549
0.012149693
0.016523827
0.021334331
0.025097929
0.028970254
0.029460302
0.031131893
0.028662337
0.02396638
0.022297633
0.02086908
0.030454718
0.035079276
0.037826696
0.045478931
0.046228617
0.042328765
0.045213939
0.043330073
0.043717258
0.042568949
0.040500196
0.03858403
0.035600907
0.030564452
0.023005181
0.014811191
0.0091429901
0.0057675179
0.0043380069
-0.00023508941
-0.0056307573
-0.0081374503
-0.013612847
-0.015084363
-0.015111322
-0.014482602
-0.01464143
-0.01343678
-0.013276654
-0.012414999
-0.01145446
-0.010085308
-0.0081013615
-0.0077370698
-0.0065634673
-0.0059313397
-0.0050863664
-0.0043273287
-0.0037366444
-0.0031060119
-0.0019101611
-0.0016550959
-0.0015624369
-0.0010538938
-0.00043512656
-3.9501309e-05
2.6282538e-05
0.00014644052
0.00067156883
0.00060698955
0.00065745866
0.00031208101
-0.00068603628
-0.0019612172
-0.0036785227
-0.005527971
-0.0046758082
-0.0033082379
-0.0025050315
-0.002007548
-0.0018087459
-0.0014061423
-0.002192872
-0.0021094182
-0.0026541755
-0.0039515381
-0.0013442156
-0.0060082695
-0.0095703851
-0.011819288
-0.015346827
-0.01597763
-0.012040305
-0.008698725
-0.0066151124
-0.0069237754
-0.0068023219
-0.007634527
-0.0066454071
-0.0072703506
-0.0078633061
-0.0090734494
-0.0085884507
-0.0089449553
-0.0085920946
-0.0085769118
-0.0072595247
-0.0072539861
-0.0069511823
-0.0098701092
-0.01066246
-0.012772915
-0.016469532
-0.019506089
-0.017683125
-0.019710379
-0.017513788
-0.022496675
-0.026736935
-0.028371138
-0.024049005
-0.01533824
-0.0099968902
-0.0085659094
-0.010775249
-0.014344944
-0.019393859
-0.026866737
-0.03004731
-0.033298502
-0.036625162
-0.045303295
-0.049762136
-0.054135365
-0.055004208
-0.059266338
-0.066227075
-0.065909447
-0.068959363
-0.070922228
-0.070759212
-0.068472977
-0.063517806
-0.058766266
-0.04820937
-0.035029242
-0.024008705
-0.01101712
-0.010706092
-0.0083125977
-0.0043181808
0.0074378801
0.011982183
0.018590641
0.016405552
0.018220775
0.026896073
0.027652073
0.029959574
0.031928502
0.027757106
0.025742704
0.026405994
0.026096468
0.036085461
0.040635241
0.038972956
0.041049167
0.04502766
0.049177593
0.048303272
0.047136508
0.043686537
0.040978996
0.037778265
0.035792038
0.031452403
0.026675178
0.019799117
0.013417382
0.0080176121
0.0051463887
0.0046926679
0.00022645217
-0.0034441383
-0.0075592346
-0.0093909488
-0.010879502
-0.0121948
-0.011229568
-0.011395895
-0.01074484
-0.010189009
-0.0089889031
-0.0079213331
-0.0066851681
-0.0048494636
-0.0048785251
-0.0040344184
-0.0026085569
-0.0021003497
-0.0015038688
-0.0009978303
-0.0007863627
-0.00017574027
0.00018307394
0.00052423684
0.00070305499
0.00065939031
0.00091964403
0.00095685691
0.0014092763
0.0019730169
0.0017768431
0.0023783231
0.0013601454
0.00042336873
-0.0010995345
-0.0054361587
-0.011190938
-0.0053479958
-0.0021081567
-0.0016694774
8.3484964e-06
-0.0014275627
0.00051287984
0.0011156885
-0.0030456451
-0.0076998253
-0.0094510837
-0.012550207
-0.012342024
-0.011568717
-0.014148753
-0.017988927
-0.015212777
-0.011168859
-0.0081623111
-0.0068270278
-0.0058520503
-0.006072614
-0.0068595846
-0.0064911971
-0.0075479445
-0.0079832416
-0.0091289041
-0.0095013289
-0.0083555689
-0.0084905086
-0.0081773787
-0.0084483131
-0.008295721
-0.010402369
-0.012804315
-0.014240341
-0.013850914
-0.018320573
-0.014903117
-0.013557912
-0.015821845
-0.016262561
-0.021650416
-0.026734883
-0.030548699
-0.025388571
-0.014303574
-0.012115391
-0.010881615
-0.010487547
-0.012790491
-0.017349965
-0.023352858
-0.027140425
-0.03222077
-0.036115752
-0.042426831
-0.049919972
-0.053608048
-0.056687182
-0.062984337
-0.069634168
-0.071943979
-0.075119929
-0.075671365
-0.072888181
-0.069657922
-0.064750131
-0.052714965
-0.037732973
-0.025373028
-0.014214377
-0.0045702539
-0.0064123524
-0.0040424609
-0.0056934486
-0.003797215
0.003344087
0.0040695599
0.0099756307
0.016080218
0.020306821
0.02087237
0.021893298
0.024723906
0.020077661
0.023424298
0.028519044
0.034669502
0.041951071
0.046412229
0.049010529
0.04762927
0.050835016
0.049058302
0.045339042
0.042133782
0.039065651
0.033842371
0.03024238
0.028846889
0.024712914
0.019788263
0.014852187
0.008299281
0.0041445269
0.0020207056
0.001635315
-0.0011454366
-0.0036546814
-0.0057083149
-0.0058474177
-0.0071951628
-0.0059412961
-0.0056580685
-0.0055732097
-0.006245605
-0.0062803923
-0.0054457449
-0.0046836281
-0.00463856
-0.0031234645
-0.0026028542
-0.0017387488
-0.0011090371
-0.00016054953
0.00047371953
0.00072498177
0.00051846404
0.001278069
0.0017029094
0.0012821936
0.0011683024
0.0010727366
0.0011513898
0.0013645816
0.0015118817
0.0014642863
0.0014231024
0.0015746872
0.00069232068
3.0036109e-05
-0.00081438946
-0.0091866904
-0.01213627
-0.0034524731
-0.0023499173
0.0012688118
-0.0020057243
-0.002026535
0.00053753174
-0.001899229
-0.0060336464
-0.0097175315
-0.012866892
-0.014170298
-0.014362639
-0.015236263
-0.014399375
-0.014257773
-0.010690277
-0.0096367168
-0.0073953548
-0.0058185356
-0.0061825802
-0.0052967428
-0.0053308566
-0.0058141812
-0.0056832527
-0.0069854502
-0.0072404048
-0.0075187538
-0.0070063851
-0.0075843299
-0.0078457307
-0.0091351205
-0.0092834017
-0.012649628
-0.013171157
-0.012637794
-0.014541543
-0.012307079
-0.012854014
-0.01218779
-0.014146187
-0.017312215
-0.02032162
-0.023353116
-0.028076735
-0.022437519
-0.013979505
-0.013866504
-0.015616012
-0.012855077
-0.011232364
-0.012957158
-0.017295671
-0.022182212
-0.027367996
-0.033864013
-0.03880469
-0.045391784
-0.051399147
-0.060550491
-0.068275336
-0.073810644
-0.08011652
-0.082298339
-0.084038999
-0.081199678
-0.074584913
-0.06579622
-0.051509283
-0.038072418
-0.030285808
-0.021134085
-0.018957354
-0.013496957
-0.011066837
-0.01098709
-0.011439256
0.00022216969
0.0025531419
0.0046673927
0.0090170544
0.01498447
0.014864222
0.017238703
0.023154022
0.027404564
0.033339441
0.036173843
0.042549284
0.046560007
0.049456895
0.050435374
0.051286787
0.047249507
0.045704398
0.044678272
0.042186064
0.035307837
0.032178629
0.028775525
0.025274289
0.021615183
0.016858392
0.010888774
0.0071238928
0.0028799291
0.00030584177
-0.00049229547
-0.00038142658
-0.0027981784
-0.0017606942
-0.0015771702
-0.0018214947
-0.0009432068
-0.0015442553
-0.0019421827
-0.0027528794
-0.003244851
-0.0021396562
-0.0012436751
-0.0018228325
-0.0016207197
-0.00059123816
-0.00034409146
0.00040995533
0.00068898
0.0010269861
0.0010616543
0.0016496553
0.0013427919
0.0016255343
0.00082035894
0.0010844869
0.0010774698
0.0014122842
0.0016504746
0.0015831829
0.0017228966
0.0013245747
0.0017060298
0.00060872486
0.00028163511
0.00054353222
-0.0071257858
-0.011555673
-0.0060957883
-0.0018129198
0.00165788
-0.0031411714
-0.0069616243
-0.0051633331
-0.0084881365
-0.010570732
-0.010033068
-0.011608424
-0.014346934
-0.01246041
-0.011797497
-0.0094648501
-0.0074469316
-0.0046352103
-0.003306814
-0.0027443952
-0.0040904754
-0.0038752103
-0.0026874961
-0.0011058748
-0.0014390723
-0.0028414188
-0.0038281909
-0.0039123503
-0.0048245622
-0.0049841408
-0.0054571326
-0.0075934219
-0.0074380579
-0.0068317572
-0.011231838
-0.011374411
-0.010811743
-0.010942064
-0.0099795163
-0.010838494
-0.012600231
-0.012567509
-0.017416442
-0.023232283
-0.027375701
-0.028401755
-0.020504189
-0.017229274
-0.016688388
-0.018510459
-0.018154684
-0.015093184
-0.015484478
-0.019040822
-0.022503584
-0.027473119
-0.035691484
-0.042895307
-0.051229107
-0.057930893
-0.065383862
-0.072154629
-0.075333279
-0.078477662
-0.079564697
-0.079231972
-0.076211324
-0.072468181
-0.062620283
-0.051074096
-0.039380859
-0.033519576
-0.029897937
-0.022172173
-0.01516551
-0.010726967
-0.0061671777
-0.007716879
0.0064090426
0.0058721476
0.0069116623
0.01509213
0.016748808
0.013933177
0.021063663
0.026232876
0.028789489
0.031480721
0.035832712
0.040024588
0.044346939
0.043664254
0.045040274
0.043410294
0.041777633
0.039534292
0.035584114
0.034472367
0.030712056
0.02931694
0.025991811
0.025357464
0.021269001
0.017864541
0.013494879
0.010436913
0.0064681438
0.0036539516
0.0021766633
0.0024234869
0.0028728494
0.0029544652
0.002302567
0.0021636821
0.0018343022
-1.0847929e-05
0.00016109837
-0.00047116383
-0.00080438274
-0.00011467832
0.00016561031
0.00012114589
-0.00039001026
0.0010755631
0.00053138997
0.0015562127
0.0019665101
0.0018643761
0.0010794159
0.0021049829
0.0015810287
0.001606473
0.0005292173
0.00080266447
0.0010239814
0.0022423698
0.0015898132
0.0011420205
0.0003662272
0.00091596254
0.00048390208
0.0015044149
-1.6223717e-05
-0.0012264873
-0.0046828335
-0.0056167669
-0.0083697981
-0.0045124731
-0.0018185106
-0.0031793966
-0.0057491777
-0.0086884434
-0.010204128
-0.0087130277
-0.0083777753
-0.0080226501
-0.0086423823
-0.0083767542
-0.0070370208
-0.005000367
-0.0039766496
-0.00058524003
0.0027121757
0.0006443022
0.00018899115
0.00048373897
0.0025363352
0.00040188362
9.1054142e-05
0.0028019472
0.00043549175
-0.0013945546
-0.0002722201
-0.0019235368
-0.004081583
-0.0056047081
-0.0037063843
-0.0066479514
-0.0091728652
-0.0080801881
-0.010434472
-0.011404331
-0.011481211
-0.012948885
-0.015756654
-0.015558918
-0.019000615
-0.022643003
-0.02895872
-0.026513527
-0.024188355
-0.020927449
-0.016406302
-0.019367053
-0.019430533
-0.018842046
-0.018477326
-0.018800054
-0.022677738
-0.030122392
-0.038440593
-0.044521396
-0.052717252
-0.056882167
-0.062209974
-0.065640123
-0.068914388
-0.068882794
-0.07146258
-0.070495392
-0.069619035
-0.062436531
-0.053890457
-0.04249812
-0.03660244
-0.029246548
-0.024020794
-0.021000737
-0.011762375
-0.0017743171
0.0069349931
0.015879495
0.018087156
0.017984765
0.020109205
0.021870173
0.025622402
0.029255206
0.033017337
0.034420559
0.034451344
0.03519605
0.036787248
0.036955435
0.040026304
0.039706699
0.040498298
0.035056261
0.034635725
0.032372887
0.032088385
0.02978264
0.02818084
0.025282882
0.025141421
0.021949975
0.022634891
0.02123262
0.016639389
0.014034746
0.010985793
0.0086361457
0.0068101652
0.0051974179
0.0073812975
0.0079280236
0.0068296875
0.0055140223
0.0031888799
0.0015031397
0.0020278817
0.00019666861
0.00089662671
0.0010871112
0.0015941938
0.0009642138
0.0015011461
0.0021811936
0.0011629643
0.001866477
0.0020132421
0.0023944348
0.0020394858
0.0031163244
0.0039650376
0.0033704332
0.0023146261
0.0037907383
0.0040922015
0.004187121
0.0045488228
0.0041656677
0.0027826155
0.0021557934
0.0012905917
-0.00012360754
-0.0025487532
-0.0052050287
-0.0033671266
0.003910329
-0.0019615742
-0.0057259752
-0.0028233003
-0.0023979209
-0.0029924438
-0.0077942584
-0.0087689829
-0.0096653226
-0.0067211948
-0.0057957923
-0.0059131559
-0.0043596409
-0.0034499195
-0.002273694
0.00093876379
0.0027352254
0.0047855797
0.007338753
0.0098691451
0.0064268012
0.0071971603
0.0090090051
0.0077166769
0.0054004871
0.0011918221
-0.00086087696
-0.00059719136
-0.0011107328
-0.0029641751
-0.0029686864
-0.0031679877
-0.0052726418
-0.0044938296
-0.0038865247
-0.0069128984
-0.010062373
-0.011132212
-0.012066324
-0.013888605
-0.014167294
-0.015247216
-0.017549381
-0.019422036
-0.018249329
-0.017185231
-0.017993057
-0.016602708
-0.016648186
-0.018189433
-0.019919136
-0.020241784
-0.021419431
-0.025075642
-0.02876371
-0.033149428
-0.040715622
-0.04662905
-0.051233371
-0.054856587
-0.060120979
-0.06040998
-0.059788091
-0.061263563
-0.060074847
-0.059695667
-0.049748456
-0.041676718
-0.032451424
-0.026698417
-0.019964503
-0.018166965
-0.01116406
-0.0011763524
0.008120021
0.025054209
0.032213495
0.033506889
0.035248207
0.035919518
0.03156669
0.032792556
0.03971228
0.044409837
0.041754717
0.042803292
0.041593086
0.041443315
0.041031815
0.040818389
0.042324062
0.042767802
0.037534142
0.032682123
0.032297073
0.029464686
0.027871579
0.026392922
0.023994004
0.020606372
0.018891293
0.016123268
0.013479739
0.0084905082
0.0070315082
0.0054587156
0.0028510746
0.0015120141
0.0010364739
0.0035238145
0.0044127795
0.0054408249
0.0056907181
0.005449332
0.0060892149
0.00573633
0.0044748713
0.0039752496
0.005156763
0.0052344949
0.0072141235
0.008359643
0.0097862781
0.0087973837
0.010050213
0.013928892
0.015523324
0.017629641
0.017610631
0.016478444
0.015220067
0.014391405
0.014141595
0.012688026
0.012601008
0.013188321
0.011603188
0.010945095
0.010178064
0.0069231317
0.0031338091
-0.00039769319
-0.0049709484
0.0010395626
0.0090759002
0.0063659525
-0.0010394565
-0.0010936181
-0.0015517455
-0.0026011085
-0.0030721558
-0.0039704079
-0.0030185232
-0.0020294385
-0.00089020523
-0.0016977633
0.0023945609
0.002441943
0.0050407302
0.0073053092
0.0062431851
0.0075359386
0.0087022195
0.0097231677
0.010143639
0.009637516
0.008515481
0.0075460624
0.0054991481
0.00075625924
-0.0013171113
-0.00131496
-0.0038164929
-0.002411222
-0.0016277609
-0.0029295936
-0.0042882434
-0.00309438
-0.0027057104
-0.0035820409
-0.0036218911
-0.0066254571
-0.0077056299
-0.0097218875
-0.011147779
-0.0112773
-0.010796947
-0.010500205
-0.0093883812
-0.011036287
-0.013647597
-0.016800679
-0.01720868
-0.01832682
-0.017769853
-0.016034927
-0.019285822
-0.021367079
-0.027392262
-0.029544653
-0.034938764
-0.040463991
-0.042325293
-0.046138996
-0.046884597
-0.044543587
-0.046915101
-0.051871758
-0.047890089
-0.039055421
-0.031600438
-0.02324569
-0.013111202
-0.0049549882
-0.0038149252
-0.0029598475
0.004525898
0.00914779
0.016936295
0.030080421
0.04304341
0.045841504
0.045112966
0.041565242
0.038908059
0.03922175
0.047077581
0.047572986
0.048784873
0.045366229
0.04127756
0.040857999
0.04058625
0.040211555
0.038533935
0.036003469
0.031549104
0.02903765
0.023975667
0.023106952
0.021187716
0.019038972
0.016510495
0.013656563
0.012087361
0.006379512
0.0028771074
0.003336738
0.00039502093
-0.00029257174
-8.6821373e-05
1.6088117e-05
0.0010634582
0.0041579463
0.0017800189
0.0024801262
0.0052580805
0.0063173337
0.0072996294
0.0090624339
0.0093015615
0.010701974
0.0099297849
0.0095335011
0.010103921
0.012978023
0.013823977
0.015425573
0.018833343
0.02336924
0.025670435
0.027061835
0.028001256
0.023417225
0.021394548
0.017559189
0.013597695
0.010383441
0.0084573322
0.0069037493
0.0062234563
0.0055606896
0.0028019069
0.00051232414
-0.00074211155
-0.0057514953
0.0018119394
0.0089392064
0.012990763
0.0061796723
0.0032857663
0.0035278503
0.00012921743
0.0007493559
-0.00040430191
0.0025561159
0.0042060216
0.0072393833
0.0061874133
0.0064017064
0.007484907
0.0076916112
0.0058580113
0.0081437303
0.0084513595
0.0085934593
0.0093830612
0.013241837
0.014297111
0.011528994
0.010185142
0.0085781229
0.006080329
0.0061044775
0.0026130579
-0.0010369764
-0.003140952
-0.0046552086
-0.0035306991
-0.0038703826
-0.004281137
-0.004481575
-0.0019027613
-0.0009740389
-0.0016605625
-0.0025346317
-0.0013101616
-0.0030172468
-0.0052654722
-0.006388969
-0.0067992332
-0.0067348097
-0.0055863081
-0.0083629619
-0.0060138286
-0.012257855
-0.014643061
-0.014118018
-0.01411319
-0.014587319
-0.015090278
-0.017298017
-0.020117138
-0.023149567
-0.025804517
-0.029292913
-0.031052507
-0.030804782
-0.028496657
-0.02905631
-0.031467659
-0.035640271
-0.030227241
-0.020556448
-0.010137112
-0.0042394385
0.0024416214
0.0096281546
0.010901396
0.010911264
0.013795107
0.016698116
0.021800968
0.030838247
0.042043166
0.045281902
0.043454759
0.0413295
0.037212071
0.039537821
0.044167169
0.044501397
0.042803014
0.03959209
0.036991067
0.035881802
0.033544986
0.030186229
0.026130427
0.023077552
0.019956949
0.01628548
0.014279224
0.011384528
0.011272527
0.011354294
0.010313148
0.0072515742
0.0031790799
-6.8331223e-05
-0.003090104
-0.00039303837
-0.00086160339
9.064915e-05
-0.0012180894
-0.00034309615
-0.0013011989
0.0010617132
0.0020365969
0.0021382973
0.0021069973
0.0041800683
0.0056282745
0.0093667888
0.011697098
0.012810511
0.012318366
0.013993013
0.012639147
0.014844519
0.01689207
0.019593445
0.021864476
0.029200024
0.029296929
0.031992004
0.028716284
0.028572369
0.025333442
0.019664259
0.013295309
0.0072902291
0.0059488358
0.0044086633
0.0017804933
0.00018254312
0.00023894425
-0.0015371761
-0.0068621042
0.00011334045
0.011867209
0.013884114
0.011765113
0.0040374133
0.00035472574
2.2116688e-05
0.00016809411
0.0004173423
0.0031474212
0.003801314
0.0064293371
0.0068625739
0.00693928
0.0066590205
0.0083098756
0.0077951264
0.0084472492
0.010223343
0.010950445
0.011973925
0.012804751
0.015255172
0.017407523
0.017029497
0.016436126
0.0123908
0.010989973
0.010181292
0.0084641794
0.0051878676
0.0008842557
-0.00064094981
-0.003528419
-0.0029408788
-0.0034254125
-0.0020519532
-0.0023860653
-0.0015292742
-0.0012831374
-0.00069535383
-0.00025261457
-0.001669268
-0.0010119503
-0.0034638558
-0.0032617571
-0.0035300495
-0.0027941317
-0.0046008882
-0.0027784899
-0.0077475965
-0.0086142975
-0.0095037512
-0.0097610238
-0.0091202096
-0.0098128248
-0.011361561
-0.012788089
-0.014633295
-0.01614915
-0.018464845
-0.018386258
-0.018978339
-0.015702952
-0.016527674
-0.017343199
-0.019215107
-0.015548052
-0.010045196
-0.0030238799
0.0045614469
0.0100259
0.016760694
0.017551895
0.01502063
0.014954712
0.020049477
0.021998918
0.028697767
0.032627366
0.034149296
0.036490806
0.035116923
0.02957923
0.029874634
0.033058349
0.033027699
0.030828309
0.028171378
0.02515029
0.022722423
0.018482373
0.015836051
0.012270376
0.0089586287
0.0067430412
0.0058888241
0.0043109162
0.0045211927
0.0041589615
0.0050046429
0.0033432089
0.0010631055
-0.0013159959
-0.004009588
-0.0042121432
-0.0042949024
-0.0034075311
-0.0034475953
-0.0046126738
-0.0035512859
-0.002193408
-0.00093071801
-0.00040093485
0.0015585726
0.001628967
0.00095239929
0.0026529873
0.0044690832
0.00807079
0.0097670257
0.013308121
0.015511585
0.015398662
0.014537639
0.015525242
0.017968923
0.022066156
0.026401575
0.029386171
0.030955141
0.029286396
0.02657641
0.022404103
0.016856183
0.010468927
0.0082162856
0.0046739778
0.0020013671
0.00046523514
0.00015453144
-0.0018263478
0.00077075769
0.0019579652
0.0086905279
0.013163022
0.013136323
0.010431927
0.0042611741
-0.00013778791
-0.0015885977
0.00050376657
0.00052310072
0.0034963374
0.0061435338
0.0065393495
0.0080732001
0.0076191005
0.0065007607
0.0078537535
0.0085532519
0.0071484361
0.0087887778
0.010424232
0.011710499
0.013871651
0.014786131
0.01687346
0.018621856
0.01815862
0.014943678
0.015059157
0.014665323
0.01302802
0.0093877541
0.0039999341
0.0023970132
-0.0012055958
0.00039472117
-0.00076398003
-0.0012820911
-0.0011811886
-0.0014868384
-0.0015588286
-0.00062463478
-0.00015939395
-7.8187402e-05
-0.00027729326
-0.0011037205
-0.0021546511
-0.0020854523
-0.0014810128
-0.0025265742
-0.0027716947
-0.0023466425
-0.0044598722
-0.0062590658
-0.0072157091
-0.0079087878
-0.0071996113
-0.0081666002
-0.0086511639
-0.0094767951
-0.0099309445
-0.010696895
-0.010203334
-0.0090850602
-0.0077266782
-0.0085660065
-0.0081937104
-0.0074315032
-0.0065943832
-0.0037504675
0.0023751003
0.0055938463
0.010827525
0.014913009
0.012215583
0.011516233
0.012831853
0.015637416
0.018076721
0.021299938
0.022594597
0.02473187
0.025262347
0.024295573
0.01970381
0.017481605
0.018379832
0.020205451
0.019692758
0.016794173
0.013298871
0.0093548877
0.0051835248
0.0029941107
0.0004076101
-0.0016351654
-0.0027730076
-0.0027398075
-0.002766124
-0.0028161064
-0.0017780485
-0.0010199897
-0.00027924803
-0.00063636337
-0.0026680387
-0.0039760358
-0.0054806644
-0.0067279152
-0.0062542638
-0.0063909422
-0.0064859046
-0.0045094814
-0.0044205935
-0.0034652565
-0.0015181602
0.00048208427
0.001850958
0.0010073308
0.0023201759
0.0038697422
0.0051065115
0.0070651721
0.0092719533
0.010133853
0.0097814461
0.010025579
0.011807907
0.015733168
0.018189117
0.018534225
0.021219481
0.025147666
0.023447768
0.020236608
0.017385299
0.012943569
0.0093112519
0.0057221481
0.0036224871
0.0017299086
7.1989057e-05
0.0015144169
0.0020110618
0.0035883918
0.0082368547
0.0111303
0.012621015
0.010390803
0.0065474581
0.0032836221
-0.00020627671
-0.00047600329
-0.00088805473
-0.00044354202
0.0010203171
0.002580516
0.0044846342
0.0050733355
0.00515722
0.0046594705
0.0055282375
0.0069406062
0.0059797502
0.006632452
0.0082881285
0.010100074
0.011997964
0.011887565
0.013191063
0.014774841
0.015985552
0.014926819
0.01482782
0.016917955
0.015593392
0.013223476
0.01083138
0.0065961569
0.0038562661
0.0051850217
0.0032403735
0.00084421268
0.0011592601
0.0011565353
0.0010196844
0.00093909978
0.0018410626
0.0012168861
0.0013900203
0.00063981033
0.001838445
0.0021382436
0.001310377
5.4393165e-05
0.00079560986
0.00051985191
-0.0032044781
-0.0043704953
-0.0056541233
-0.0061668955
-0.0069966459
-0.0075598806
-0.0071319288
-0.0075251459
-0.0083883029
-0.0080297714
-0.0068447341
-0.0064993022
-0.0056744482
-0.0054208454
-0.0052609558
-0.0039330822
-0.0039818687
-0.0021358724
5.5489392e-05
0.0033942294
0.0079486924
0.0097943758
0.0077629205
0.0065884177
0.0067391144
0.0062462961
0.009519409
0.012249486
0.013315026
0.013859471
0.014281651
0.013717996
0.01056623
0.0071226937
0.008522675
0.0097510001
0.012003096
0.0081512046
0.0056597626
0.0041138579
0.00023432572
-0.0019483133
-0.0048012212
-0.005593972
-0.0061025101
-0.0063143118
-0.0058425972
-0.0061380029
-0.0045679485
-0.0023506168
-0.0013125556
-0.0021087
-0.0039000712
-0.0050797195
-0.0054641638
-0.0075174807
-0.0086945844
-0.007342875
-0.0080579917
-0.0061770565
-0.0037341127
-0.0015703394
-0.00054434699
0.0013204485
0.0035481672
0.0037108235
0.0034957976
0.0040114455
0.0041042758
0.0051285719
0.0055850287
0.0053408124
0.0050100492
0.0057811856
0.0076198792
0.0099273678
0.012135241
0.012133903
0.013963825
0.017848343
0.019491045
0.016520186
0.012951027
0.0095347277
0.0076870576
0.005677304
0.0060904837
0.0032643067
0.0023406788
0.0033168919
0.0025129088
0.0041277464
0.0047779057
0.0060799191
0.0076076733
0.0054022275
0.0027058109
0.0026866281
0.00037517447
0.00048997494
-0.0020098878
-0.0020764146
-0.00050419208
0.00060626047
0.0017742827
0.0021487613
0.0020605069
0.0032429899
0.0034882976
0.0020174677
0.0024559829
0.0036554049
0.0055944712
0.0076928616
0.009547488
0.011561874
0.010981688
0.012099252
0.012505777
0.011901113
0.011467554
0.011594617
0.011964783
0.011445476
0.00989084
0.0083492716
0.006178896
