-0.0024492152
-0.0015469193
-0.0013054796
-0.00050293685
0.00085113599
0.0045999614
0.010904309
0.0087958373
-0.00061847327
-0.0055426599
-0.008643882
-0.010614354
-0.012301126
-0.010005333
-0.0092833715
-0.0085649355
-0.0053438648
-0.0047968852
-0.004171708
-0.0034127123
-0.0026486111
-0.0055492757
-0.0079132187
-0.010896135
-0.012737403
-0.012867253
-0.013637853
-0.013168559
-0.011985144
-0.0097547384
-0.008697738
-0.0085523472
-0.0097903999
-0.010542408
-0.0090495006
-0.0082851312
-0.0078083521
-0.0075102877
-0.006432151
-0.005230881
-0.003437639
-0.0030798431
-0.0024894471
-0.0022479953
-0.0014651705
-0.0011180173
-0.00060464445
-0.0020715483
-0.0034607005
-0.0031074178
-0.00053082906
-0.00059552348
0.00067444523
0.0038528029
0.0050172359
0.004678791
0.00425677
0.0027086208
0.0013827974
0.00020343507
-0.00078552894
0.00025655199
0.0015230353
0.0038564172
0.0064406506
0.0055815735
0.0059940579
0.0059626988
0.0076185563
0.011473995
0.013500973
0.014451607
0.017451753
0.020206396
0.018084347
0.01786315
0.015910996
0.01428485
0.015115724
0.017181153
0.020768078
0.024060571
0.025184207
0.0231522
0.017911021
0.012902106
0.0091919951
0.004795205
0.007406031
0.007823547
0.0085094719
0.008204194
0.0054896119
0.0017019738
-0.00045383054
-0.0013083666
-0.00071422455
0.0002594719
0.0013431924
0.0015976905
0.0025278296
0.0039283765
0.0044019464
0.0048150827
0.0046740737
0.0044022085
0.0047610664
0.0053119166
0.0054783965
0.0057618468
0.0058081211
0.0059686815
0.0074107323
0.0082439634
0.01109118
0.013271979
0.015965773
0.013587662
0.016196927
0.01403377
0.0090898378
0.009788769
0.0076417475
0.0083091184
0.0028945775
0.00056170257
-0.00035524175
-0.0025848247
-0.0044194071
-0.0034482474
-0.0027285512
-0.0012597356
-0.0039809936
-0.0039787763
-0.0043452699
-0.0035072531
-0.0031808036
-0.0023185782
-0.0025929122
-0.0019324526
-0.0022178671
-0.0030681615
-0.0031595435
-0.0027368787
-0.003200633
-0.0029619933
-0.0026090979
-0.0014247306
-1.38686e-05
0.0057209595
0.0097657249
0.0044799935
-0.0048703319
-0.0086120041
-0.009320028
-0.01054647
-0.0092433469
-0.0085385379
-0.0095190417
-0.008259488
-0.0079193631
-0.0063962967
-0.0036605849
-0.0012004762
-0.0046543886
-0.0076707776
-0.0099175195
-0.011409607
-0.015459954
-0.017740985
-0.018874618
-0.017063195
-0.014541789
-0.011981108
-0.012056753
-0.013714061
-0.015599964
-0.013867558
-0.011644336
-0.0095374567
-0.0074239476
-0.006253929
-0.0047653939
-0.0023341281
-0.0012535128
-0.00058964688
0.00030415822
0.0018254948
0.0036817528
0.0057798043
0.0056869266
0.0059380847
0.0056333181
0.0038441071
0.0042936665
0.0073615552
0.011344703
0.012814157
0.011249709
0.011038047
0.010738386
0.010102934
0.0078434418
0.0072061857
0.0066837497
0.0059870181
0.0070161515
0.0087330808
0.0093603786
0.0099111487
0.012862401
0.013491564
0.01407464
0.014567188
0.017019545
0.01759287
0.018257756
0.018362303
0.017612538
0.014719948
0.011859513
0.012753206
0.013381039
0.015354268
0.017545698
0.019966073
0.017309201
0.013351971
0.01133033
0.0068776052
0.0062761344
0.0052203821
0.0043857743
0.0037744257
0.0037189755
0.0020104962
0.0012765532
-0.00056571029
-0.0020682825
-0.0019821026
-0.0015311264
-0.00095447689
-2.3116334e-05
0.0010271617
0.0013477844
0.0020439845
0.0025069337
0.0021648558
0.0023086442
0.0022957516
0.002844891
0.0032568144
0.0037646512
0.0045462861
0.0049727314
0.0059947122
0.0083076444
0.010933363
0.013273873
0.015530864
0.016933743
0.018517116
0.018657483
0.013177057
0.0099246035
0.006720533
0.0044798308
0.0023209861
-0.00010301805
-0.0049549252
-0.0054932255
-0.0056454849
-0.0056645596
-0.0050592886
-0.004639007
-0.0059911727
-0.0070521267
-0.0062786861
-0.0053152268
-0.0036500779
-0.0033462494
-0.0034330099
-0.0031985267
-0.003670664
-0.0037409753
-0.0039695549
-0.0038106618
-0.00375635
-0.0058544549
-0.0053396076
-0.0056378233
-0.004376709
-0.0031489997
0.0033076718
0.0050969985
-0.0016049478
-0.0056161669
-0.0086504695
-0.014615367
-0.013087869
-0.011848457
-0.010682841
-0.011242546
-0.011335539
-0.0078232728
-0.0052572403
-0.0027219155
-0.002177384
-0.004969584
-0.0094132098
-0.011320903
-0.013675389
-0.016976491
-0.022114322
-0.023782135
-0.023091857
-0.02176094
-0.020291309
-0.02276792
-0.024210247
-0.024276688
-0.021778111
-0.016901021
-0.012019387
-0.010056304
-0.0079354111
-0.0057853922
-0.0029296015
-0.00064521524
0.00075728867
0.0022472006
0.005306532
0.0087355654
0.010315283
0.012639293
0.013026691
0.016779942
0.015321438
0.014155906
0.018961898
0.022887493
0.02264316
0.022100257
0.020134756
0.020038891
0.016755115
0.012595777
0.014512664
0.013327676
0.013216616
0.012079639
0.013079571
0.015920128
0.016834416
0.019327264
0.019780711
0.018371138
0.015470272
0.017892807
0.018373956
0.017500465
0.015004134
0.011927385
0.0082343678
0.0053739835
0.0062583519
0.0086122719
0.009328164
0.0097666529
0.0092972586
0.0033009355
0.00092983332
0.00060089143
0.0010708606
0.00051159509
-0.0025743914
-0.0043606734
-0.002808281
-0.0018549111
-0.0037475333
-0.0030489781
-0.003916657
-0.004448765
-0.0037106114
-0.0031416751
-0.0021373952
-0.0018648778
-0.00099277102
-0.00053110396
-0.00029921482
-0.00024044392
-4.183042e-05
7.6543473e-05
0.00052338604
0.00075704841
0.0010364795
0.0015888379
0.0019755656
0.0031518543
0.0047261378
0.0065078178
0.0079150712
0.014134553
0.018261211
0.019705853
0.013706383
0.008863169
0.0053679851
0.0041218481
0.0019673241
-0.00054450785
-0.0022010731
-0.0055958713
-0.0066846557
-0.010578103
-0.010293651
-0.0093193994
-0.0087409516
-0.0083125386
-0.0085598165
-0.0066075482
-0.0052690428
-0.0053468387
-0.0045163987
-0.0040123165
-0.004055081
-0.0050254453
-0.0048702826
-0.0052043109
-0.0054394229
-0.005809721
-0.0054719912
-0.0078168313
-0.0070187381
-0.0073491331
-0.0066875936
-0.0055111433
-0.0012063035
-0.00081677698
-0.0094604371
-0.013716201
-0.015797572
-0.019887925
-0.018967508
-0.01918502
-0.020338386
-0.016240619
-0.011498093
-0.0071649991
-0.0064151727
-0.0069034391
-0.0077139321
-0.0085165894
-0.012164156
-0.015420437
-0.01921575
-0.021642652
-0.027776835
-0.030978647
-0.032401382
-0.030926369
-0.032378152
-0.037020679
-0.037245886
-0.037233127
-0.030903896
-0.026719234
-0.021261216
-0.017862997
-0.015405718
-0.012474086
-0.0077860365
-0.0040391687
-0.0002225813
0.0014482876
0.0045886429
0.0079204163
0.011716926
0.019348481
0.024344849
0.028033157
0.030177082
0.031816226
0.032446348
0.031923404
0.029238736
0.028802971
0.029257615
0.02841111
0.022957598
0.022390838
0.024782041
0.022707082
0.022978527
0.023589522
0.022440595
0.020789905
0.023405048
0.026570824
0.025832665
0.02305759
0.021719182
0.01880187
0.016704256
0.011947029
0.0081771661
0.0040380438
-0.0012685156
-0.0015113631
-0.0016202946
-0.0023652888
-0.0046501146
-0.0041822082
-0.0061937764
-0.01128367
-0.0109798
-0.0093121458
-0.0081072563
-0.0083320601
-0.0086644758
-0.009675885
-0.0077751006
-0.0067385428
-0.0064713068
-0.006241655
-0.006039827
-0.0062301422
-0.0057965226
-0.0054782785
-0.0043160441
-0.0040057831
-0.0034056345
-0.0025294944
-0.0019171415
-0.0014002163
-0.001108388
-0.0015785247
-0.0010845547
-0.0014699863
-0.0010133939
-0.00097910987
-0.00013523628
0.00066882963
0.0015644849
0.0013402952
0.0014069918
0.0065045313
0.0081213332
0.0063158709
0.0048096309
0.0010333548
-0.0015086241
-0.0020605215
-0.0040668225
-0.0037838036
-0.0064630121
-0.0078956816
-0.01114355
-0.012172946
-0.013829197
-0.011722321
-0.009898867
-0.0085471113
-0.0080214796
-0.0064523524
-0.0059505381
-0.0057924616
-0.0051447469
-0.0055576927
-0.0067035981
-0.0069401276
-0.006355783
-0.0071705436
-0.0072828028
-0.0082547835
-0.0075191061
-0.0097380928
-0.008555413
-0.0087217062
-0.0079816799
-0.0084505613
-0.0055663562
-0.010866657
-0.017310955
-0.020119137
-0.019429056
-0.020376567
-0.023824187
-0.024773609
-0.026494425
-0.019297658
-0.012795649
-0.0086893632
-0.0078691203
-0.0085804329
-0.011375472
-0.015183672
-0.019278384
-0.022160714
-0.025379125
-0.026821221
-0.031870217
-0.039405192
-0.043805485
-0.04638791
-0.048249576
-0.051729951
-0.049944987
-0.048107176
-0.045267904
-0.038156583
-0.033302258
-0.030078462
-0.025513474
-0.019842633
-0.013271793
-0.0065305909
-0.0010026062
-0.00094012901
0.0010260474
0.0058709806
0.012989025
0.023990808
0.028156149
0.030799042
0.035765439
0.035481822
0.038542702
0.038016953
0.034725924
0.035424671
0.034550579
0.030906881
0.031627746
0.032811181
0.032015761
0.030949822
0.035324964
0.034420644
0.031472634
0.032768201
0.030261617
0.031972888
0.032491011
0.028749361
0.025419392
0.022236996
0.016684714
0.0076428806
0.0025402953
-0.0013016014
-0.0073667505
-0.007888273
-0.011315093
-0.012712099
-0.01661597
-0.016319818
-0.015267118
-0.016676361
-0.013973627
-0.012597181
-0.011510855
-0.013086234
-0.011848601
-0.010789205
-0.0090182165
-0.0086113632
-0.0073965323
-0.0071227174
-0.0069300366
-0.0057317077
-0.0050716314
-0.0046083701
-0.0040027474
-0.0031833128
-0.001538212
-0.00091590503
-0.001273789
-0.0013784218
-0.00083275287
-0.0011437737
-0.0011115397
-0.0016244049
-0.0014326558
-0.001437039
-0.00064039628
-0.0020286483
-0.0021232061
-0.0041325046
-0.0023422014
-0.00069681722
-0.00017598749
-0.0003229534
-0.0034490295
-0.0024663903
-0.0066968517
-0.005074265
-0.0045810965
-0.0037342272
-0.0063919747
-0.0097019773
-0.0093117298
-0.012312483
-0.014964956
-0.013989709
-0.012947406
-0.010922063
-0.0085184631
-0.0068697879
-0.0074254167
-0.0072953653
-0.0075010981
-0.0078632281
-0.0082747051
-0.0085428296
-0.0092764507
-0.0097371864
-0.010266643
-0.0097917671
-0.0096370129
-0.010485068
-0.010280084
-0.0090939354
-0.010349624
-0.012158902
-0.012822976
-0.017561759
-0.02321662
-0.020803247
-0.02076621
-0.020084147
-0.024689576
-0.029376337
-0.024459189
-0.018312238
-0.0090544052
-0.0084553914
-0.0087836353
-0.012364004
-0.015569653
-0.02223484
-0.026932894
-0.031428991
-0.033544228
-0.038526647
-0.043836069
-0.048418747
-0.051123303
-0.056031511
-0.057337456
-0.058330726
-0.057689641
-0.056951582
-0.054772679
-0.051129094
-0.04420075
-0.038867844
-0.033398468
-0.025321769
-0.014362049
-0.0038640568
0.0043324363
0.0087505714
0.0092269014
0.0093450914
0.013291842
0.023452528
0.0300192
0.031453984
0.034698574
0.035893254
0.036075852
0.034189584
0.033501904
0.029451954
0.025325684
0.024830793
0.02531819
0.035042109
0.036662293
0.038451324
0.044924083
0.042817921
0.038760492
0.039952025
0.036521261
0.036487496
0.033050348
0.030092294
0.027183521
0.022756324
0.016198536
0.007592604
2.3095236e-05
-0.0044321927
-0.0070299503
-0.0081644596
-0.012519646
-0.016000437
-0.017166173
-0.020381458
-0.019604683
-0.017827432
-0.016359447
-0.015328717
-0.013527578
-0.013128868
-0.011604838
-0.010516325
-0.0086013358
-0.0070041393
-0.0064509328
-0.0053725884
-0.0048967088
-0.00451
-0.0039273038
-0.0036140789
-0.0030080736
-0.0020601725
-0.0019609778
-0.0017987208
-0.0012349494
-0.00072278485
-0.00049540551
-0.00074876762
-0.00081743477
-0.0007301178
-0.0010447404
-0.0014849813
-0.002059583
-0.0035133082
-0.0050914929
-0.0074153609
-0.0079878818
-0.0061067737
-0.0048730657
-0.0040676175
-0.0038627643
-0.0041603797
-0.0039363472
-0.0051223561
-0.0046733113
-0.0061954285
-0.0067539575
-0.0050511384
-0.011046104
-0.01372003
-0.015661012
-0.018160973
-0.01704326
-0.012415134
-0.0094101159
-0.0081281824
-0.0085420784
-0.0085000184
-0.0093873001
-0.0085068701
-0.0096857604
-0.010301752
-0.011520207
-0.010785005
-0.011235962
-0.010590883
-0.010712752
-0.010034462
-0.0101084
-0.011107359
-0.01417082
-0.015334589
-0.017269824
-0.020293296
-0.021542313
-0.019916532
-0.021522489
-0.019195938
-0.024769016
-0.026868885
-0.026835741
-0.019745197
-0.01210236
-0.0098115484
-0.011470835
-0.015413248
-0.019637069
-0.025108296
-0.031961151
-0.034159227
-0.038028259
-0.041708921
-0.050320701
-0.052363337
-0.05546851
-0.055019366
-0.059774605
-0.064056659
-0.061733399
-0.063033939
-0.061384464
-0.05678585
-0.051646052
-0.043102111
-0.036321549
-0.022421509
-0.010282166
0.00028661259
0.010640512
0.0090881222
0.011493102
0.016393003
0.026852059
0.028050115
0.032176005
0.028596176
0.031208724
0.036331904
0.034532636
0.035315018
0.035650869
0.030472274
0.029310266
0.030541286
0.031402257
0.041343327
0.041647721
0.038738856
0.041503083
0.044257428
0.045866336
0.043551157
0.039760957
0.034961814
0.03133911
0.027315552
0.024835906
0.01914046
0.01388244
0.0062977736
0.0013585523
-0.0031115861
-0.0045822574
-0.0047862893
-0.0087606637
-0.011664113
-0.013599305
-0.01396775
-0.014430041
-0.014326659
-0.012515712
-0.012035628
-0.010443959
-0.0097923373
-0.008089716
-0.0071444903
-0.0054244124
-0.0039686296
-0.0038917433
-0.0030144246
-0.0018868326
-0.0020120115
-0.0015569369
-0.0014319889
-0.0012619625
-0.00078718699
-0.0004128943
-0.0002113727
-8.2801941e-05
-0.00033418258
-0.0001358508
-0.00041345829
-3.3510118e-05
-0.00018898657
-0.00048777518
-0.00073066733
-0.002009701
-0.0035391089
-0.0058143889
-0.011243606
-0.013834263
-0.0054982587
-0.0037163689
-0.0038214452
-0.0030709142
-0.0050069833
-0.0032684339
-0.0044426438
-0.009780286
-0.012793063
-0.014526915
-0.016315059
-0.014901532
-0.014238112
-0.016750695
-0.018983451
-0.014493252
-0.010728321
-0.0080952184
-0.0077497362
-0.0072606854
-0.0080438738
-0.0085578139
-0.0087786043
-0.0099364923
-0.010560395
-0.011662574
-0.011744859
-0.010628793
-0.010924059
-0.010338843
-0.012167021
-0.012537035
-0.01518611
-0.017257247
-0.018141435
-0.018271127
-0.021422554
-0.016491602
-0.016920517
-0.018768774
-0.019537484
-0.024887172
-0.028300737
-0.029269756
-0.02108852
-0.012123257
-0.013330108
-0.013464685
-0.014994694
-0.018474811
-0.024150456
-0.030198007
-0.033756041
-0.03799156
-0.04200327
-0.048805197
-0.054284504
-0.056237676
-0.058585837
-0.064533909
-0.068920471
-0.068337263
-0.067701298
-0.064850785
-0.0584121
-0.052218754
-0.043254688
-0.028418996
-0.012985369
-0.0029119218
0.0072157551
0.01390727
0.0087697319
0.010179825
0.0066922835
0.010610593
0.016909503
0.017613748
0.02479034
0.028185063
0.030949434
0.029398393
0.030404403
0.03189395
0.027142527
0.03317282
0.037040463
0.042373496
0.047482913
0.049600809
0.04921944
0.046645748
0.04810594
0.043612831
0.038430658
0.033971595
0.029497166
0.024077723
0.020279742
0.018384371
0.013368164
0.0086905968
0.0036378334
-0.00173829
-0.0042466849
-0.0049228857
-0.0053391785
-0.007820495
-0.0092547341
-0.0099309948
-0.008925042
-0.009270582
-0.0074905289
-0.0070483925
-0.0064636907
-0.0069669538
-0.0066247959
-0.0056499934
-0.0046520489
-0.0042636017
-0.0027052154
-0.0025086457
-0.0017045536
-0.0014427704
-0.00071312273
-0.00062129985
-0.00065812755
-0.00099472264
-7.9116983e-05
-6.3431405e-05
-0.00051482929
-0.00072331534
-0.0008588466
-0.00096331277
-0.00079679125
-0.0010464198
-0.0014552227
-0.0017319224
-0.0021405117
-0.0035578939
-0.0046383006
-0.0068979555
-0.015436973
-0.013648146
-0.0048946741
-0.0044723874
-0.0018210814
-0.0066546788
-0.0063071301
-0.0054323026
-0.0088671551
-0.012518425
-0.015117691
-0.017932453
-0.017512602
-0.016629429
-0.016101162
-0.014336109
-0.01340955
-0.01011832
-0.009406694
-0.0074577696
-0.0068111504
-0.0075790661
-0.0070224281
-0.0075354965
-0.008205081
-0.0086840583
-0.0099914836
-0.010334101
-0.010596203
-0.010299488
-0.010927276
-0.011369783
-0.01396189
-0.013866335
-0.017500951
-0.016621754
-0.016912624
-0.018548636
-0.015812343
-0.016196612
-0.016302415
-0.018644741
-0.021483008
-0.023653256
-0.025797862
-0.028274122
-0.019583446
-0.013890499
-0.016637548
-0.018646296
-0.016202543
-0.016520227
-0.020343255
-0.026216451
-0.030960319
-0.036231279
-0.042095595
-0.046652707
-0.052820245
-0.058698242
-0.067440034
-0.072610467
-0.075756437
-0.078135804
-0.075956551
-0.073229521
-0.065144616
-0.054306239
-0.04244451
-0.026422108
-0.014941632
-0.0083685799
0.00024854492
0.00066048339
0.0038445539
0.0037034775
0.0029550756
0.0047945956
0.016949602
0.017307116
0.0204341
0.024224859
0.029216845
0.027398577
0.030759319
0.035902462
0.039127827
0.044213235
0.046617326
0.051276103
0.052989568
0.053111222
0.052628575
0.051008633
0.044832478
0.042271071
0.039326586
0.034561151
0.026940483
0.023794628
0.019247023
0.015465967
0.010942148
0.006040201
0.0012038259
-0.0013661589
-0.0045243631
-0.0053697094
-0.0052328468
-0.0052985066
-0.0070622598
-0.0049271498
-0.004502186
-0.0039481503
-0.003360628
-0.0034790263
-0.0036351981
-0.0042167835
-0.0044075909
-0.003017697
-0.0021699721
-0.0026669992
-0.0023368627
-0.0014517353
-0.001136335
-0.000701469
-0.00081718638
-0.00072329022
-0.00076536809
-0.00048787316
-0.00096415383
-0.00073577649
-0.0014160117
-0.0010326736
-0.0013499905
-0.00091899509
-0.0011129663
-0.0013849097
-0.0015475929
-0.002120114
-0.0022235671
-0.0038791428
-0.0046385678
-0.0059593243
-0.014173252
-0.015033105
-0.0082674415
-0.0046672571
-0.0026567477
-0.0097051985
-0.012277992
-0.010515518
-0.013917929
-0.014650155
-0.013057816
-0.014923034
-0.015794782
-0.012239924
-0.011237852
-0.008445459
-0.0065517356
-0.004231147
-0.003525251
-0.0035735888
-0.0055359303
-0.0051193212
-0.0047333095
-0.0037018009
-0.0050278871
-0.0066170215
-0.0075161088
-0.0078984823
-0.0092407817
-0.0093314091
-0.010145549
-0.012359954
-0.012500357
-0.012914602
-0.016599693
-0.015465627
-0.01540377
-0.015268502
-0.014668746
-0.015473612
-0.017723497
-0.018310214
-0.02397472
-0.027912571
-0.030941318
-0.027960776
-0.018725573
-0.018142203
-0.019501909
-0.022091195
-0.0217267
-0.019294544
-0.022025343
-0.026940671
-0.031339812
-0.037401868
-0.045537193
-0.052154299
-0.06038124
-0.065631755
-0.071663412
-0.074549066
-0.074807925
-0.073975955
-0.071914192
-0.066466901
-0.059723797
-0.051359786
-0.03855367
-0.025907656
-0.015678781
-0.011189856
-0.0065855612
0.00073034832
0.0054502304
0.0091436903
0.010796321
0.011020427
0.025181677
0.021999747
0.024838638
0.032225408
0.031604469
0.028755412
0.036762772
0.039853181
0.041889861
0.043800313
0.047698796
0.049927732
0.052296841
0.049269887
0.049825218
0.045704236
0.042944468
0.037572265
0.033375152
0.030853142
0.026815068
0.024380478
0.020460526
0.018518041
0.013526872
0.010691085
0.0065746524
0.004207368
0.0012350832
-0.00061116907
-0.0010943824
-7.7144432e-05
0.00024616876
3.1636436e-05
-0.00027969525
0.00035810703
-0.00049439837
-0.0017622824
-0.0013803517
-0.0021071937
-0.0017006937
-0.0010708592
-0.00070171122
-0.001049946
-0.00098800667
0.00047280356
-3.3423073e-05
0.00074316716
0.0010448711
0.00032588256
-0.00024680507
0.00015330505
-0.00051544244
-0.00061166882
-0.0014773001
-0.00091827716
-0.00071340595
7.2305913e-05
-0.00091205165
-0.0017112782
-0.0021506469
-0.001661258
-0.0022921018
-0.0022338616
-0.0043158296
-0.0060436603
-0.0097371296
-0.01003032
-0.012035153
-0.0075835736
-0.0050582321
-0.0075899224
-0.010403728
-0.012539305
-0.013061288
-0.010386151
-0.0099442655
-0.0090124886
-0.0088778178
-0.0076413036
-0.0062616423
-0.0040940356
-0.00329343
0.00055238698
0.0023901114
-0.00035265106
-0.00084205078
-0.00087084596
0.00027317865
-0.0031799467
-0.0031139551
-0.0014533049
-0.004511723
-0.0057513329
-0.0051606714
-0.0072542104
-0.0091684747
-0.010864749
-0.0088401222
-0.012801408
-0.01415642
-0.012624338
-0.015044265
-0.015962125
-0.016024266
-0.017568197
-0.020033212
-0.019675375
-0.023396879
-0.026489116
-0.030920051
-0.02421332
-0.021513503
-0.018196603
-0.015959814
-0.02086369
-0.021040184
-0.021335084
-0.021794885
-0.024064486
-0.029834195
-0.038932968
-0.0464984
-0.052002527
-0.058802045
-0.060931794
-0.06347233
-0.063876851
-0.063890365
-0.060257304
-0.059820825
-0.056321059
-0.050847775
-0.039405674
-0.028527867
-0.015954866
-0.011421294
-0.0035023954
0.00058182957
0.0047607819
0.014775135
0.022944353
0.029375559
0.036288864
0.036151722
0.035924344
0.037375789
0.039323002
0.04242706
0.045102975
0.04710782
0.046939088
0.045821865
0.04592251
0.046629903
0.046457217
0.047682592
0.045899417
0.044575806
0.037865568
0.036515166
0.033190467
0.031924856
0.02861329
0.026079014
0.023189627
0.02261701
0.019178358
0.020381524
0.017843013
0.013331187
0.010802669
0.0082311038
0.0065590981
0.0048153106
0.0043148962
0.0067012073
0.0067368283
0.0053422803
0.0039329668
0.0019002572
0.001016135
0.0016297497
-0.0001908721
0.0013099533
0.00091866536
0.0017465298
0.00094266286
0.0020494847
0.0020489647
0.0012959702
0.0021623159
0.0028061393
0.0030131917
0.0024209521
0.0030456204
0.0033683103
0.0020993039
0.0014214281
0.0030596664
0.0036190552
0.0033777017
0.0030457849
0.0021458798
0.00048153336
-0.00049340174
-0.0017727584
-0.0030663973
-0.0055280467
-0.0069276691
-0.0031295649
0.0029314174
-0.0060554505
-0.0080873487
-0.0041364684
-0.0046111508
-0.0067080524
-0.010544279
-0.010308502
-0.0098147119
-0.0056787957
-0.0050739126
-0.0041349505
-0.0024674176
-0.0014839548
4.7988018e-05
0.0029779544
0.0039657695
0.0059391675
0.0074846957
0.008426307
0.0041786884
0.0059332312
0.0062453364
0.003787575
0.00044733241
-0.0033420009
-0.0049423908
-0.0046102623
-0.0057018216
-0.0074443279
-0.0075888238
-0.0062826759
-0.0084447028
-0.0073494367
-0.0074645913
-0.01082852
-0.013587033
-0.014133523
-0.0151736
-0.01652889
-0.016160662
-0.017235866
-0.018986767
-0.019487012
-0.016364999
-0.015390412
-0.016028462
-0.015029565
-0.016456999
-0.018999554
-0.021245843
-0.022174058
-0.02453862
-0.0290909
-0.033239506
-0.038119123
-0.045493481
-0.049903354
-0.052640785
-0.053779968
-0.055532397
-0.051391905
-0.048282439
-0.046714308
-0.043406277
-0.038175383
-0.024425958
-0.014936043
-0.0047400397
0.00024433762
0.0068778209
0.0085652194
0.018664102
0.028672978
0.038086958
0.051614643
0.05460314
0.054017575
0.053660872
0.052210289
0.046680117
0.049155631
0.056131486
0.058504895
0.053629152
0.053464052
0.050719846
0.050070845
0.048350969
0.048031277
0.04831962
0.045365114
0.037811884
0.033518092
0.032519741
0.028600262
0.026606759
0.024507649
0.021656622
0.018467155
0.016696679
0.014648765
0.012297549
0.008457097
0.0084980193
0.0072669424
0.0056853106
0.0044800711
0.0047301587
0.007650545
0.0089753959
0.010330916
0.010587182
0.010385217
0.010396741
0.0093592573
0.0080665837
0.0081761215
0.0092379539
0.009832158
0.011838104
0.012482124
0.013229012
0.011740788
0.01383639
0.017296798
0.018107224
0.019334871
0.018026716
0.0162221
0.014598638
0.013592869
0.012695596
0.010950956
0.011590608
0.011540262
0.0094780378
0.0085118425
0.0072314305
0.0027486194
-0.00094202704
-0.0043730712
-0.0063594666
0.0024523309
0.0093048214
0.0028051446
-0.0047538725
-0.0029099152
-0.0034046628
-0.0043435952
-0.0047586963
-0.0043310396
-0.002713436
-0.00089923996
0.00061345224
0.00068297557
0.0051793094
0.0045693067
0.0069583232
0.0078021165
0.0060191432
0.0074660473
0.0079196247
0.0082570144
0.0081589144
0.0070146033
0.0052352958
0.0033610337
0.00043123879
-0.0037553135
-0.004530662
-0.0042473123
-0.0065325212
-0.0045525153
-0.0042676302
-0.004922265
-0.0064026162
-0.0046448251
-0.0049477516
-0.006226292
-0.0066165543
-0.0094701339
-0.010427664
-0.012703108
-0.013369642
-0.012580291
-0.0115307
-0.010273375
-0.0093533596
-0.011914852
-0.014134354
-0.016406905
-0.016585461
-0.01840856
-0.017111635
-0.017169567
-0.021189962
-0.024317243
-0.030165231
-0.031649541
-0.037504157
-0.0413118
-0.041622259
-0.043022369
-0.039673522
-0.03475712
-0.036249677
-0.037445098
-0.028538285
-0.015974987
-0.0061538904
0.0045254784
0.015023089
0.022031566
0.020630688
0.023006672
0.031779904
0.035729766
0.043976289
0.056433211
0.065231656
0.06446455
0.060072255
0.054984595
0.05125383
0.052093828
0.060207295
0.057760707
0.057211832
0.050780689
0.046067376
0.04451493
0.043443735
0.041702288
0.039193275
0.03460903
0.029297911
0.026269325
0.020917384
0.020483233
0.017960714
0.01548655
0.013542795
0.011330988
0.0099457077
0.0047675213
0.0039474232
0.0048155092
0.0026443743
0.0034170272
0.0048303219
0.0051808432
0.0069852669
0.0094938828
0.0071284181
0.0093748202
0.012334453
0.013504644
0.014280124
0.01577918
0.01593692
0.016498564
0.015754874
0.015860627
0.016694239
0.019406163
0.01933731
0.020720497
0.023737224
0.02770515
0.027935165
0.027623001
0.025389436
0.018781033
0.016828575
0.012510338
0.0079458404
0.0047731861
0.003894671
0.0025755904
0.0018125547
0.00083138742
-0.0023732167
-0.0032960107
-0.0045365879
-0.0068037291
0.0051042718
0.012377764
0.012960006
0.0034406331
0.00173371
0.00092456895
-0.0013775112
-7.8162231e-05
-0.00031329176
0.0033155822
0.0052162851
0.0076158369
0.0059014542
0.0066800126
0.0075100456
0.0070938933
0.0051788018
0.0075279288
0.0072321663
0.0072549122
0.0080970154
0.012040449
0.010326602
0.0065054248
0.0052132995
0.0033344851
0.0012005086
0.0012770504
-0.0027632033
-0.0051836374
-0.0070586748
-0.0073965688
-0.0055894044
-0.0074497143
-0.007338057
-0.0065336316
-0.0041185281
-0.0033432869
-0.0044624388
-0.0046050384
-0.0037398822
-0.0061281469
-0.0086382554
-0.0092429034
-0.0094652672
-0.0086363585
-0.007443278
-0.0100166
-0.007240106
-0.014234267
-0.014874644
-0.014253239
-0.014455544
-0.015202013
-0.016011218
-0.018686155
-0.021456258
-0.023830536
-0.025838533
-0.028149125
-0.028097686
-0.025437618
-0.021150163
-0.020305636
-0.021428188
-0.021637879
-0.011132626
0.0011645892
0.012491462
0.018271001
0.025082331
0.031529314
0.030655382
0.029213306
0.032266627
0.035231414
0.041279919
0.050398569
0.059642897
0.058183705
0.054146571
0.04929896
0.043779441
0.046994728
0.051352815
0.04932818
0.044852716
0.04000617
0.036609453
0.034030208
0.029840887
0.025567521
0.021260507
0.017980878
0.014435686
0.011192192
0.010175204
0.0077638423
0.0085455262
0.0078680808
0.0071831388
0.0036277438
0.00072170066
-0.0015358189
-0.0017707107
0.0021248575
0.0023377658
0.0035493988
0.0027844217
0.0038720103
0.0038847504
0.0066834927
0.0076834573
0.0078214954
0.0086125714
0.011115504
0.013276543
0.017203049
0.019270566
0.019653412
0.01877105
0.020195364
0.018718204
0.021888249
0.023286321
0.025374698
0.027817922
0.033104995
0.031071898
0.031853265
0.025548152
0.023276082
0.016527246
0.010007969
0.0025905214
-0.0017825026
-0.0017699059
-0.0028332179
-0.0052701876
-0.0062782724
-0.0055233681
-0.0070360056
-0.010575149
0.0028799969
0.014219191
0.013162101
0.0078242681
-0.0013850485
-0.0039644207
-0.0027601867
-0.0014163943
0.00014425881
0.0031615569
0.0040019631
0.0063081044
0.0061686658
0.0060593201
0.0061057725
0.0073544153
0.0065405109
0.0071943969
0.0088102553
0.0094242293
0.0098129684
0.010243255
0.012851616
0.013217679
0.011402833
0.0097035572
0.0055638384
0.0050800164
0.0037271698
0.0018604234
-0.0016894538
-0.0049404475
-0.0060055512
-0.0084848267
-0.0080906487
-0.007557639
-0.0055417724
-0.005577217
-0.004358075
-0.0044092932
-0.0037709363
-0.0038379619
-0.005085647
-0.004809746
-0.0072557987
-0.0068008385
-0.0066858374
-0.0057885697
-0.00687494
-0.0047502705
-0.0098409666
-0.0097402241
-0.010869297
-0.010644426
-0.0099023686
-0.010948345
-0.012165143
-0.013559269
-0.015043949
-0.016387735
-0.017551541
-0.016173869
-0.014875442
-0.0098763011
-0.010184853
-0.0084239784
-0.0080612946
-0.00068380755
0.0059512128
0.014586604
0.021458739
0.026522427
0.032105045
0.029560508
0.025379012
0.026765929
0.031476053
0.0335206
0.040287296
0.042116193
0.041529048
0.041515375
0.036974797
0.030898867
0.032171826
0.034287302
0.032309491
0.028075573
0.024520267
0.021001128
0.017413024
0.011991515
0.0094900659
0.005969371
0.0028782544
0.0015622674
0.0011911711
0.00044546004
0.0015277348
0.0018065709
0.0030242301
0.00039444959
-0.0014844732
-0.0036395
-0.0049083694
-0.0034613438
-0.0025785414
-0.0009960767
-0.00060990296
-0.0005954015
0.0013323992
0.0030120203
0.0047493213
0.0053543044
0.0069350957
0.0068228095
0.0069653301
0.0096649561
0.012306622
0.01591511
0.017214345
0.020569504
0.021577861
0.020296048
0.019185662
0.020826779
0.023182443
0.026554102
0.029645688
0.031191244
0.030112337
0.025285614
0.01958668
0.013084605
0.0060619519
-5.6367385e-05
-0.0015374759
-0.0044372693
-0.0057823867
-0.0066152901
-0.0065750007
-0.0066422749
-0.002408038
-0.00017977106
0.0093284423
0.012012541
0.010203687
0.0049771808
-0.0020267234
-0.0057177639
-0.004959352
-0.0016752164
-0.00079902112
0.0036049695
0.005963343
0.0059615056
0.0073406996
0.0060340462
0.0045246006
0.0058839182
0.00622014
0.0051951913
0.0075495007
0.0083482267
0.0096042321
0.011183791
0.011034266
0.012542098
0.013013414
0.011136464
0.0074142629
0.0079252636
0.0074377955
0.0054734487
0.00046720551
-0.0039080697
-0.0048787261
-0.0080439726
-0.0057613429
-0.0056586746
-0.0058078819
-0.0050456872
-0.0050971258
-0.0044597275
-0.0037943814
-0.0035605928
-0.0034262894
-0.0038666089
-0.0048123311
-0.0055473478
-0.0051575527
-0.0044842495
-0.0049782804
-0.0045765163
-0.0041910533
-0.0064078704
-0.0080993572
-0.0089235582
-0.0089415802
-0.0081364057
-0.0088446594
-0.0089203552
-0.0095184229
-0.009576343
-0.0093782325
-0.0079852151
-0.0061431247
-0.0039288651
-0.0038374285
-0.0015726913
0.00047070379
0.0032958405
0.0074950115
0.014166656
0.016711432
0.021927684
0.023081299
0.018872085
0.018319988
0.020519386
0.02255612
0.02483875
0.027806808
0.027380604
0.028183141
0.026472886
0.022763823
0.017109191
0.015677355
0.016572687
0.017631846
0.015350792
0.011157483
0.0069644598
0.0023768664
-0.0015193389
-0.0032781956
-0.0054218588
-0.0064487663
-0.0067713038
-0.0058766903
-0.0052037455
-0.0043671736
-0.0024538964
-0.0013600783
-0.00051936946
-0.0012911548
-0.0035873269
-0.0044427689
-0.0053984806
-0.0056887029
-0.0041044707
-0.00337636
-0.0023647541
0.00010039432
0.00051018339
0.0020193672
0.0038121524
0.005644692
0.0063476135
0.0057573883
0.0074887281
0.0093204594
0.010976319
0.012906259
0.014961683
0.014936748
0.014233509
0.014253188
0.016357434
0.02015496
0.021201794
0.020691935
0.02259324
0.023890785
0.019157028
0.014300453
0.009261205
0.0037285594
-3.1266547e-05
-0.0030775046
-0.0041800386
-0.0048935094
-0.0047538497
-0.0022367085
-0.0012899878
0.0024578408
0.0075001052
0.0093278542
0.0093763834
0.0056447262
0.0010697126
-0.0021822819
-0.0046798011
-0.0036127263
-0.0032988841
-0.0016568756
0.0005840091
0.0030270599
0.0050567391
0.005131837
0.0045676215
0.0036488635
0.004650683
0.0059889656
0.0047932657
0.0058119459
0.0069343026
0.0086906696
0.0096981934
0.0089289865
0.010205192
0.011169207
0.011068859
0.0091773314
0.0093770551
0.011005313
0.0085621272
0.0056939456
0.0027049573
-0.0010863099
-0.0033152767
8.6147503e-05
-0.0016460383
-0.0035170653
-0.0025935284
-0.0025679163
-0.0026236485
-0.0024733581
-0.0018444315
-0.002217036
-0.0020789876
-0.0026568544
-0.0011188966
-0.0014582989
-0.0024014794
-0.0033642604
-0.0024206247
-0.0032007495
-0.0066559158
-0.0075185745
-0.0084751893
-0.0086421809
-0.0089651415
-0.0088390181
-0.007863581
-0.0079358407
-0.0084246643
-0.0069646353
-0.0053026012
-0.0044156141
-0.003283389
-0.0022910529
-0.00077849679
0.0015084348
0.0017209791
0.0048160867
0.0070838513
0.010697526
0.014249301
0.013957549
0.010685436
0.0096945031
0.010228901
0.010578439
0.014653937
0.015918463
0.015643975
0.014878776
0.013915449
0.011510927
0.007204099
0.0041230013
0.0063746569
0.0075969235
0.0084757853
0.0027885169
0.00041788087
-0.0021174873
-0.0056560276
-0.0076818373
-0.0098758649
-0.0097901519
-0.0096632292
-0.0091253666
-0.007665758
-0.0069386527
-0.0042444169
-0.0018938766
-0.0010147852
-0.0021787853
-0.0041846304
-0.0048666836
-0.0048370625
-0.0066557696
-0.0063421783
-0.0038669656
-0.0035875376
-0.00068228986
0.0016557762
0.0033146424
0.0038354851
0.0054390084
0.0071306834
0.0067936257
0.0063340024
0.0066348387
0.0074359914
0.0084487575
0.0087487623
0.0086552893
0.0082248311
0.0090095336
0.011005229
0.013286875
0.01435549
0.013459664
0.01508954
0.017549828
0.01634829
0.0111536
0.0058552949
0.0020754127
-2.1874562e-05
8.7245014e-06
0.0010841091
-0.0016876939
-0.0017153528
-0.00057877835
-0.00097228601
0.0015326155
0.0023854364
0.0035081268
0.0042487712
0.00035148997
-0.0013637658
-0.001125996
-0.0027184511
-0.0020585536
-0.0045415455
-0.0031253751
-0.0012753318
0.00053490403
0.0022441108
0.0022138173
0.0015756124
0.0025503767
0.0019973697
0.00071227767
0.0019407081
0.0034401738
0.0053817805
0.0069545997
0.0086615075
0.0098473798
0.0087345542
0.0096639881
0.0087329793
0.0076080091
0.0069015631
0.006874915
0.0071249816
0.0059752463
0.0038483574
0.002264081
0.00020162011
