-0.00019185408
0.00013014362
0.00050132826
0.0011580979
0.0020471495
0.0052852103
0.011650149
0.013036984
0.006057335
0.0013389739
-0.0018071221
-0.004515633
-0.008035887
-0.0069147082
-0.0060459443
-0.006206296
-0.0027702196
-0.002482935
-0.0009113302
0.0012997646
0.00088701408
-0.0030110587
-0.0062980859
-0.0088676032
-0.012996168
-0.014244052
-0.014304191
-0.013815589
-0.012103837
-0.010513455
-0.010191518
-0.011092136
-0.01290594
-0.014737624
-0.013953189
-0.012827282
-0.012921968
-0.013031751
-0.012880844
-0.011483161
-0.0094535845
-0.0087701954
-0.0076679434
-0.0064032848
-0.0044202784
-0.0022574135
-0.00064719622
-0.0021355227
-0.0036796225
-0.0044032181
-0.0020705928
-0.0025518616
-0.0020917152
0.0037382772
0.0088443023
0.011791165
0.013128106
0.01350831
0.01159347
0.0086736288
0.0070571949
0.0087542941
0.010275881
0.012450617
0.015947849
0.01408697
0.014778068
0.01401934
0.014355519
0.016105253
0.018817268
0.019725289
0.021513456
0.023851237
0.022907359
0.023321624
0.023095947
0.022375704
0.021305194
0.020763129
0.022662284
0.026055597
0.029097655
0.028998553
0.025997504
0.020672154
0.016433597
0.010409326
0.011030905
0.012519504
0.013987813
0.014170332
0.013349197
0.0085953791
0.0033483654
0.00042798621
-0.00060595014
-0.00045613857
0.0010696507
0.0026554067
0.0039445242
0.0056108026
0.0060898786
0.0072897229
0.0074712825
0.0069862598
0.0066861939
0.0072181501
0.0071559897
0.0077533447
0.007924174
0.0080659633
0.0099472301
0.010508184
0.011922076
0.013987938
0.018136622
0.017674516
0.017214028
0.018183052
0.013724565
0.013223965
0.011565103
0.011426215
0.0067286545
0.0048412066
0.0060723192
0.0042890134
0.00050661274
-0.0005923563
-0.00069610586
-0.00056416708
-0.0032824358
-0.0035519302
-0.0027647381
-0.002191017
-0.0018339594
-0.0011555439
-0.0012532872
-0.00029203765
-0.00028886034
-0.00054013808
-0.00037949326
6.4791246e-06
-0.0015875275
-0.0016147178
-0.0015350434
-0.00058073362
0.00037371592
0.005259959
0.0097000914
0.0073236551
0.0010100033
-0.0042170526
-0.0067362657
-0.0090856704
-0.0083937233
-0.0090889595
-0.0099327583
-0.0076337864
-0.0078195777
-0.0046389787
-0.00085145351
0.0018916833
-0.0013748967
-0.0064615361
-0.0092387811
-0.0097630451
-0.015175955
-0.018862073
-0.020339407
-0.017479304
-0.01559172
-0.014938032
-0.016077294
-0.017620293
-0.019832627
-0.020532336
-0.018310291
-0.016751343
-0.016043731
-0.016124573
-0.015835723
-0.013618704
-0.012090497
-0.010301107
-0.0082290682
-0.0056033482
-0.0021356658
0.0021538975
0.0030352643
0.0042365951
0.0063420984
0.0053664493
0.0053811387
0.0066873722
0.011972106
0.017864977
0.021380467
0.023479693
0.024938864
0.02473769
0.02186657
0.020415533
0.020985168
0.020966445
0.021922788
0.023281858
0.023537206
0.022597273
0.023997966
0.022162524
0.022044631
0.021387716
0.023484292
0.024210876
0.023776652
0.024529334
0.025358807
0.024278073
0.022498205
0.022593295
0.022190416
0.020950839
0.021474664
0.023829187
0.022909776
0.020649717
0.018722745
0.012682465
0.0094323794
0.0092787652
0.0084860112
0.0089781287
0.0091030587
0.0075503773
0.0057053524
0.0018493481
-0.0021689165
-0.0030087465
-0.0023840785
-0.0018504389
0.0007675722
0.0030237352
0.0041979395
0.0054885344
0.0059392453
0.0056036192
0.0057623263
0.0053208214
0.0053161857
0.0053597137
0.0054661508
0.0066085356
0.0076956011
0.0086514974
0.010705675
0.013069696
0.014926086
0.016621075
0.020779348
0.022607348
0.021823632
0.018135791
0.015799313
0.01397074
0.010351853
0.0078482842
0.0056201649
0.0014711961
-5.5606034e-05
-0.0012052436
-0.0042339873
-0.0053569819
-0.0051207371
-0.004714197
-0.0061423849
-0.005617614
-0.0040583876
-0.0026612975
-0.0024416448
-0.0023114423
-0.0019055618
-0.0022405806
-0.0020875726
-0.0023290223
-0.0021284118
-0.0018409192
-0.0050713626
-0.0047774547
-0.0050231449
-0.0047542508
-0.0051411639
0.00048069153
0.0045660578
0.00033677315
-0.0014096357
-0.0048601078
-0.012138055
-0.01365611
-0.01337542
-0.01179987
-0.012018442
-0.014425992
-0.014881014
-0.011121635
-0.0050423536
-0.001440253
-0.0038727189
-0.0097389716
-0.012058887
-0.014557757
-0.019479228
-0.023371225
-0.02422066
-0.022173266
-0.02099621
-0.022793916
-0.026549101
-0.030113638
-0.032215536
-0.031841088
-0.028712995
-0.024099419
-0.023949715
-0.023469266
-0.022148486
-0.019851234
-0.017600057
-0.015165104
-0.011300148
-0.0067044109
-0.0016685437
0.0012241376
0.0052627464
0.007785807
0.016195437
0.019650351
0.017446297
0.022538744
0.026630809
0.0283245
0.03352589
0.038441891
0.040879573
0.035185894
0.031465778
0.033951588
0.033505072
0.034750837
0.032970618
0.032153775
0.033406331
0.032702105
0.033031535
0.032624141
0.031354235
0.027120736
0.027073021
0.027458351
0.026805497
0.025623654
0.02334555
0.020310259
0.019147068
0.019303977
0.018470918
0.017490125
0.017277653
0.016170966
0.011862063
0.0079149288
0.0054799532
0.0045872478
0.0031383489
0.00068205713
-0.0018817245
-0.00086259214
-0.00022149153
-0.0018206052
-0.0025267398
-0.0045294348
-0.0054048906
-0.0049339011
-0.0037255172
-0.0013082399
0.00037996142
0.0025310173
0.0035049606
0.0038635009
0.0035192352
0.003459274
0.0034980671
0.0032180991
0.0029088245
0.0027204862
0.0030466597
0.0033098257
0.0050158721
0.0064350509
0.008577116
0.0089556433
0.017429301
0.020577045
0.022377134
0.01741719
0.013958727
0.010882411
0.010669225
0.0099241169
0.0057662417
0.0026861746
8.0807581e-05
-0.00060561195
-0.005744623
-0.0075461947
-0.0089841551
-0.0089943336
-0.0088272023
-0.0078433685
-0.0062933656
-0.0043398307
-0.004614013
-0.0039965232
-0.0035090546
-0.0029520775
-0.0040423134
-0.0040145881
-0.0044584101
-0.0043657769
-0.0047889363
-0.0042880537
-0.0073637668
-0.0065990978
-0.0068183122
-0.0077516304
-0.0067638591
-0.0037098211
-0.00062232295
-0.0069544904
-0.010671874
-0.012048403
-0.017556501
-0.01802281
-0.019863369
-0.02196638
-0.021192643
-0.019824377
-0.01855337
-0.014724254
-0.0099780336
-0.0081526485
-0.0094795501
-0.012997337
-0.014489215
-0.019320193
-0.023288462
-0.027841607
-0.029035499
-0.030128534
-0.030580647
-0.03259608
-0.038898306
-0.04338469
-0.04808755
-0.045509687
-0.043200665
-0.040093117
-0.037936596
-0.036647923
-0.035778826
-0.032936585
-0.028740881
-0.023552292
-0.02070753
-0.015438124
-0.0095895305
-0.0049577897
0.0034937376
0.011949894
0.02230473
0.029507226
0.034381934
0.037812995
0.038248708
0.037103488
0.041182643
0.048759609
0.051433571
0.043749183
0.044431436
0.048812323
0.047278659
0.046595797
0.04585683
0.043893513
0.042027476
0.04187499
0.044235088
0.044095042
0.04039585
0.037493756
0.033286934
0.031004781
0.028286592
0.026338954
0.020627611
0.016627092
0.016339921
0.015171318
0.01193168
0.0072184036
0.0042372704
0.0033194384
-0.0019382763
-0.0040011759
-0.0056499567
-0.006011019
-0.0087464176
-0.0097485592
-0.011260866
-0.01041006
-0.0086176981
-0.0084637157
-0.0075651193
-0.0074496917
-0.0072775966
-0.0057000787
-0.0042741158
-0.0027820341
-0.0016030371
-0.00017153456
0.00097888726
0.0015277257
0.0017571688
0.0016883947
0.00063018349
0.00039740572
-1.1055661e-05
-9.0972053e-05
-0.00019274847
0.00054721059
0.0014732517
0.0032892952
0.0041089428
0.0053026725
0.0097770312
0.0091370482
0.0088177575
0.0064921535
0.0049228259
0.0021586428
0.0036038372
0.0015546078
-0.0009725409
-0.0029778799
-0.0050812104
-0.0068160467
-0.009470984
-0.01308676
-0.012458078
-0.011474943
-0.0099036738
-0.0082611916
-0.0059447686
-0.0043898011
-0.0044096917
-0.0041617468
-0.0046524709
-0.0057088185
-0.0061024985
-0.0055463651
-0.0064127008
-0.0067180219
-0.007600202
-0.0075871341
-0.0090724059
-0.007633832
-0.0079214509
-0.0079486624
-0.0078255374
-0.0049311612
-0.0083615457
-0.015592722
-0.020000183
-0.021307056
-0.022896052
-0.025385091
-0.026620105
-0.031207762
-0.029926809
-0.023614936
-0.020663088
-0.01698058
-0.013082273
-0.0133048
-0.015581224
-0.019972228
-0.02172344
-0.024666119
-0.028475732
-0.029814852
-0.036031731
-0.040226431
-0.044362541
-0.046815761
-0.051610742
-0.054211685
-0.057626725
-0.060797744
-0.057583443
-0.053360587
-0.051457076
-0.049673188
-0.045613181
-0.041253772
-0.035268424
-0.027659076
-0.026636573
-0.023191033
-0.017209759
-0.0073106478
0.003557543
0.0129588
0.018258052
0.027540085
0.032149195
0.039398771
0.044557042
0.045799244
0.051544057
0.054385456
0.052238231
0.051768196
0.052154693
0.052258976
0.052330373
0.056672247
0.057118455
0.054910091
0.054849272
0.052132893
0.052819339
0.052181613
0.04862752
0.041887393
0.039500303
0.035299321
0.026771551
0.02230121
0.019322727
0.013092174
0.010286537
0.0051246032
0.0019099225
-0.0064644256
-0.0097243332
-0.0098974936
-0.011499197
-0.012410184
-0.012210225
-0.011826188
-0.014860658
-0.015021751
-0.014202941
-0.012784683
-0.011536423
-0.010650033
-0.0091850319
-0.0087133693
-0.0064079826
-0.00503281
-0.0035212303
-0.002377813
-0.00066976405
0.00022174352
0.00086766617
0.00038905746
5.4291332e-05
0.00010376619
-0.00036524445
-0.00066993117
-0.00098111296
-0.0010656184
-0.0013232817
-0.0010641173
-0.00134988
-0.00070573478
-0.0011265669
0.0012463106
0.0027952238
0.00050922943
0.0012522456
-0.00058187623
-0.0009440034
-0.003119678
-0.0031743633
-0.0028820305
-0.0023493646
-0.004321619
-0.007733307
-0.0084876802
-0.010178789
-0.01303397
-0.013977642
-0.01361752
-0.011756192
-0.008448156
-0.0058072277
-0.0055274299
-0.0054990501
-0.0063886593
-0.0070009755
-0.0073645013
-0.0072681427
-0.0077486624
-0.0082150797
-0.0090830161
-0.0092334952
-0.0087198108
-0.0094960295
-0.0092288704
-0.0074982027
-0.0085115987
-0.0097008349
-0.011222007
-0.016253591
-0.023099064
-0.023919801
-0.023178357
-0.024311267
-0.026759664
-0.034847397
-0.033613967
-0.031132748
-0.020464714
-0.016861204
-0.013199326
-0.015600363
-0.016598304
-0.022589987
-0.026395906
-0.031206135
-0.035055783
-0.037411937
-0.041298564
-0.045661471
-0.047847078
-0.05235774
-0.055585311
-0.057149719
-0.058391491
-0.059392292
-0.063318941
-0.063463137
-0.060826627
-0.056912475
-0.054900874
-0.050794004
-0.041535232
-0.030304104
-0.019087081
-0.01056087
-0.0088317804
-0.0094228307
-0.0076291604
0.004386314
0.016177071
0.022823227
0.028217841
0.031981203
0.039705777
0.041345237
0.04706156
0.046031927
0.041578537
0.037236498
0.035189239
0.045033564
0.050835761
0.053994109
0.059283069
0.058511591
0.053623465
0.056718771
0.054521097
0.052903017
0.049606039
0.045559982
0.041248028
0.037377247
0.031793296
0.024583038
0.016967582
0.011266343
0.0078943074
0.004107
-0.0020191395
-0.0072253761
-0.011481065
-0.01663621
-0.018252647
-0.018989376
-0.018490863
-0.018848898
-0.017905007
-0.017153223
-0.016118612
-0.014277968
-0.012898665
-0.01083396
-0.010685858
-0.0095638726
-0.0086604904
-0.0068049258
-0.0054550673
-0.0042941035
-0.0031978681
-0.0020705965
-0.0017966325
-0.0018850849
-0.0017985399
-0.0015905707
-0.0013188445
-0.0011476003
-0.0011655554
-0.0010080888
-0.0012813671
-0.0015107356
-0.0018411729
-0.0027140497
-0.0027314258
-0.0031243353
-0.0056572223
-0.0055036353
-0.0037416343
-0.002953144
-0.0018118101
-0.0021126538
-0.0014478188
-0.0026084605
-0.0040661718
-0.0051808399
-0.0066991142
-0.0043739577
-0.0080256176
-0.011760214
-0.014625434
-0.017706254
-0.018101983
-0.013617009
-0.0096887006
-0.0070765869
-0.0077452721
-0.007514453
-0.0085495828
-0.0079392334
-0.0087432534
-0.0088116348
-0.0096609301
-0.0091808845
-0.0099956403
-0.0097417354
-0.010212703
-0.0092675816
-0.010107841
-0.01000571
-0.012954611
-0.013555382
-0.016073619
-0.020858205
-0.024597466
-0.02322185
-0.025141834
-0.024673203
-0.029286228
-0.033749131
-0.036120095
-0.03277034
-0.0212816
-0.014336202
-0.011906546
-0.014429276
-0.018375456
-0.02428488
-0.031857245
-0.0353235
-0.037026207
-0.039173034
-0.044920273
-0.048586699
-0.052517759
-0.051925552
-0.054587545
-0.058900319
-0.05873452
-0.06000566
-0.060869642
-0.063780886
-0.061566558
-0.057607205
-0.053123533
-0.042618232
-0.028955032
-0.015636123
-0.0031344083
-0.002772189
-0.0004600522
0.0030008217
0.01315427
0.020175979
0.02825107
0.02418749
0.025727067
0.036660504
0.040037667
0.044027807
0.045922075
0.040278843
0.038017679
0.036244332
0.036229802
0.046464276
0.050164983
0.050904751
0.050313748
0.053043685
0.056945847
0.054067058
0.05171142
0.047241942
0.043781681
0.040187271
0.036307645
0.030846401
0.025598836
0.020579021
0.013559224
0.006261621
0.0030027215
4.4521509e-05
-0.0051173862
-0.0087478048
-0.012999658
-0.014683025
-0.016105865
-0.017585932
-0.016358247
-0.01639657
-0.015519149
-0.014549102
-0.013405644
-0.011127414
-0.0096293463
-0.007769961
-0.0079821456
-0.007401434
-0.0058052602
-0.0046884633
-0.0040254292
-0.0031681207
-0.0026957259
-0.0021432593
-0.0018205205
-0.0019216007
-0.001623069
-0.0012084649
-0.00091612305
-0.00074252954
-0.00045824153
-2.3279296e-05
0.00011649962
0.0006259579
-0.00046868583
-0.0016500374
-0.0027659168
-0.0061268675
-0.011020892
-0.0064701961
-0.0025161662
-0.00077934929
-0.001191511
-0.00094744585
0.00015816093
0.00055651126
-0.0029949149
-0.009015816
-0.011120824
-0.013949681
-0.013418965
-0.013187526
-0.016419993
-0.020418437
-0.018859144
-0.014026312
-0.011223354
-0.0088338688
-0.0068234825
-0.006974573
-0.0084304471
-0.0083606729
-0.0093178545
-0.0092710568
-0.0097602527
-0.010250442
-0.0090418448
-0.0099888141
-0.01005669
-0.010057581
-0.010836816
-0.013142492
-0.015063677
-0.01555044
-0.016351732
-0.019771914
-0.017780877
-0.017996674
-0.020877273
-0.022539576
-0.027073367
-0.033137535
-0.036772343
-0.032802666
-0.018903794
-0.013887555
-0.012080385
-0.012563391
-0.014727876
-0.019581465
-0.024617753
-0.028421896
-0.032653526
-0.035415429
-0.038651604
-0.045288192
-0.04871986
-0.052089617
-0.056954437
-0.061934797
-0.062351209
-0.065829838
-0.065327708
-0.062912719
-0.06006308
-0.055622107
-0.043572061
-0.029358127
-0.015167789
-0.0056460797
-0.00044080462
0.00036007681
0.0039950023
0.0042763258
0.0078039841
0.013951146
0.014866309
0.018821501
0.025942985
0.02951344
0.030006387
0.03170727
0.031646359
0.026410092
0.028666361
0.034044686
0.041095232
0.047685965
0.051852774
0.053155084
0.050259283
0.052100151
0.049980184
0.046310423
0.041867441
0.039376532
0.033086542
0.030001472
0.027811777
0.023660473
0.019235018
0.014309204
0.0061715764
0.0015136825
-0.0013784192
-0.0029653508
-0.0052295112
-0.0077694837
-0.0096051588
-0.010805798
-0.011952696
-0.011160486
-0.010868559
-0.010074336
-0.010495361
-0.0095337999
-0.0085308593
-0.0081109055
-0.0077161224
-0.006175767
-0.0053903614
-0.0044428987
-0.0037659366
-0.0027233438
-0.0020636999
-0.0018370867
-0.0019884706
-0.0012458801
-0.00093915425
-0.0011674634
-0.0016670123
-0.0011396298
-0.0010466741
-0.00078542105
-0.00045250245
3.6587622e-05
-0.00028514348
-0.0001999519
-0.0012129582
-0.0012799532
-0.0016433914
-0.0095621003
-0.011776144
-0.0028923795
-0.0014683704
0.0021908079
-0.0013662613
-0.0012367576
0.0016144
-0.00062981502
-0.0053150899
-0.0099369032
-0.013225793
-0.014090552
-0.014689094
-0.016384655
-0.01870349
-0.019590237
-0.015314378
-0.012876845
-0.0099739785
-0.0085050881
-0.0081050954
-0.0063633917
-0.0073576883
-0.0073874715
-0.0080802064
-0.0085557781
-0.0083297187
-0.0080311892
-0.0076094895
-0.0086105807
-0.0095633264
-0.010070989
-0.011016478
-0.014854533
-0.015378423
-0.013899727
-0.01453925
-0.013649898
-0.014704016
-0.015186458
-0.017447655
-0.021181042
-0.025204245
-0.029631761
-0.031751774
-0.027855947
-0.017238751
-0.014379078
-0.015325248
-0.013475285
-0.011915842
-0.013171124
-0.016279017
-0.02030948
-0.025473522
-0.031426443
-0.035245313
-0.041332882
-0.045885386
-0.053521598
-0.059575962
-0.063472508
-0.068812232
-0.070455782
-0.071849887
-0.070046788
-0.06503875
-0.056953729
-0.044186705
-0.031747295
-0.023298546
-0.017821437
-0.01571696
-0.0071661234
-0.0023267029
-0.00038043254
-0.00041660539
0.0091581306
0.010323649
0.013086597
0.015415803
0.022033283
0.022178809
0.023970432
0.028229534
0.031933985
0.037192343
0.038574294
0.04364942
0.047110915
0.049308717
0.049283365
0.047477178
0.044662934
0.042829076
0.04117162
0.038329784
0.032268085
0.027960328
0.02581861
0.022826827
0.019973908
0.016708004
0.011457789
0.0070147304
0.0023726559
-0.00020862043
-0.0030533492
-0.002598734
-0.0050219791
-0.0042831513
-0.0046498591
-0.0050708545
-0.0044115348
-0.0050981416
-0.0050999309
-0.0058666922
-0.0055724118
-0.0041274573
-0.0036118056
-0.003879452
-0.0031897383
-0.0021810175
-0.00239554
-0.0011983629
-0.0001548613
0.00010367929
-0.00029308206
0.00011091861
-0.00016456236
-0.00021811341
-0.0011113941
-0.0011984773
-0.0011808519
-0.00067477596
-0.00045117655
-0.00020256491
-0.00050653239
-0.00095884872
-0.00058353071
-0.0011242412
-0.00026581644
0.00086901845
-0.0066695465
-0.0098201727
-0.0039401232
0.00076581167
0.0030246821
-0.0010609485
-0.0040399073
-0.0038229662
-0.0059155618
-0.0080537895
-0.0089919209
-0.011195051
-0.013681656
-0.013645516
-0.014300295
-0.013071878
-0.01035048
-0.0069344082
-0.005317576
-0.0041223997
-0.0048559511
-0.0049219927
-0.0032473569
-0.0025542929
-0.0031566477
-0.0046334073
-0.0060856047
-0.0059585357
-0.0060136944
-0.0062437811
-0.0070625982
-0.0091736441
-0.0088624122
-0.0079701042
-0.012429225
-0.012834764
-0.011576128
-0.012117189
-0.011437629
-0.013645929
-0.015040923
-0.014676138
-0.019604321
-0.025868561
-0.030270827
-0.032061558
-0.02562846
-0.019272699
-0.016174939
-0.016909585
-0.015871376
-0.014358722
-0.014209295
-0.016394244
-0.019607849
-0.02408351
-0.031639695
-0.037365595
-0.042285717
-0.047513147
-0.05282205
-0.05841158
-0.061957225
-0.065135345
-0.065862712
-0.069140391
-0.067695382
-0.065013759
-0.056587248
-0.045595372
-0.034169855
-0.029106413
-0.026437869
-0.018175048
-0.010963109
-0.0048834029
0.0013150141
0.0015121602
0.011690865
0.010494365
0.0099281541
0.016040587
0.019001609
0.017947564
0.023596258
0.027699229
0.028528693
0.031016836
0.033193836
0.036807898
0.040342377
0.03990382
0.040977011
0.038567632
0.036004929
0.034809993
0.030942423
0.028940148
0.025833885
0.025289692
0.023071202
0.023240734
0.021426811
0.017003571
0.014049463
0.010638549
0.0047048921
0.0022230164
0.00033807438
4.4150854e-05
0.00045874959
0.0009846388
0.00016160866
-0.0010506727
-0.0015404512
-0.0029166314
-0.0024732036
-0.0022761865
-0.0023923679
-0.0012837558
-0.0009486694
-0.0011490552
-0.001438175
-0.00019579744
-0.00059764205
0.00034582842
0.00047240146
0.00051931521
-0.00017448153
0.0015351214
0.00093710679
0.00087497998
-0.00024791216
-0.00052080167
-0.00037190809
0.00083566227
7.873883e-05
-0.00035366921
-0.00095843962
-0.0012727759
-0.0012453561
0.00052738054
-0.00035187848
-0.00076629337
-0.0034434171
-0.0051499683
-0.005732113
0.00017231628
0.00174762
-0.00051685078
-0.0027696434
-0.0065648382
-0.0076807408
-0.0060203927
-0.005693064
-0.0064643361
-0.0081607108
-0.0081337268
-0.007171668
-0.0047052366
-0.0035235894
-0.00040862966
0.0020477282
0.00056317946
-0.00025077065
0.00044923641
0.0014649048
3.0974491e-05
0.00025429449
0.0017093457
-0.0015042293
-0.0031250005
-0.0010771813
-0.0037445279
-0.0056878853
-0.0075768163
-0.0053998718
-0.0075174789
-0.010315435
-0.010757215
-0.011308572
-0.011819373
-0.011725116
-0.014998426
-0.016179367
-0.017115818
-0.020196674
-0.023530869
-0.030072781
-0.031615173
-0.030019084
-0.024463893
-0.018803728
-0.018262593
-0.017450314
-0.016531895
-0.016113996
-0.015873476
-0.017971625
-0.022529259
-0.029537435
-0.034607698
-0.040603516
-0.043336401
-0.048315191
-0.052056717
-0.055471953
-0.057405483
-0.061464165
-0.060367926
-0.061250547
-0.056433169
-0.04827779
-0.039263313
-0.031935318
-0.025459951
-0.021430207
-0.017750254
-0.010861699
0.00050238764
0.010248971
0.018957702
0.018826789
0.017139159
0.018744311
0.019849246
0.023667156
0.027911247
0.030192864
0.030308041
0.030395745
0.030828922
0.030700033
0.03011759
0.032343145
0.03223295
0.031847682
0.028119873
0.028937929
0.02697124
0.026829795
0.024714395
0.0247229
0.021945547
0.021493864
0.019930262
0.020106226
0.018252296
0.01444118
0.0123001
0.0079596104
0.0047670618
0.0029836215
0.00044823802
0.0029310258
0.003474693
0.0024400071
0.0014465628
0.00040013484
-0.00074326902
0.00037319612
-0.00019394913
0.00041252577
0.00068090785
0.0012355439
0.0010142429
0.0014259673
0.0030415399
0.0029109537
0.0037214451
0.0029596079
0.0029629229
0.0027387745
0.004044125
0.005227602
0.0041894989
0.0040227885
0.0049722858
0.0043237901
0.003319538
0.0041883186
0.0030253993
0.002631467
0.0021203852
0.0017696631
0.00079339109
-0.00098170885
-0.0031425749
-0.0017915537
0.0025108493
-0.0009786402
-0.0017994767
-0.00047447439
0.00061846228
0.00077953335
-0.0033077464
-0.0044731256
-0.0043045087
-0.0029645737
-0.0022385986
-0.0027385706
-0.0016757928
-0.00073720412
0.0012083898
0.0036343937
0.0055585001
0.0067697865
0.0081661562
0.0099776673
0.0067534032
0.0066245361
0.0078551718
0.0067532687
0.0047182133
0.00074300095
-0.0013842645
-0.0014960621
-0.0022412867
-0.0036596074
-0.0040490226
-0.0052575303
-0.0070801482
-0.0063940024
-0.0065926499
-0.0091745871
-0.010367014
-0.011671176
-0.012158957
-0.013003248
-0.014239958
-0.015167601
-0.017073422
-0.01905197
-0.020436449
-0.021572366
-0.021827141
-0.01967873
-0.018269258
-0.01713241
-0.017174094
-0.016929139
-0.017062108
-0.018669155
-0.020391928
-0.022931487
-0.0285246
-0.032702575
-0.036537657
-0.040342294
-0.0458248
-0.04698101
-0.048188693
-0.0494597
-0.0483129
-0.04898775
-0.043229966
-0.036987107
-0.029474592
-0.023977501
-0.016656183
-0.013513243
-0.0083016175
-0.00096932843
0.0074280157
0.023681118
0.029358748
0.028121924
0.030033753
0.029591913
0.02818593
0.030506215
0.0354473
0.036956736
0.034097369
0.035465611
0.034509912
0.034214767
0.032844603
0.032376522
0.032130678
0.032271104
0.029034092
0.025191429
0.024759788
0.023080967
0.022115977
0.021663776
0.018750957
0.015916968
0.014286125
0.011070322
0.0078921919
0.0024401756
0.00066985547
-0.0026038071
-0.0054460984
-0.0056430849
-0.0055231023
-0.0026982223
-0.0023552642
-0.0021162688
-0.0013578499
-0.00044888088
0.0015974578
0.00095918143
0.00010484204
0.001579221
0.0049141507
0.0047247834
0.0064336807
0.0081518087
0.010658711
0.010434202
0.011893214
0.014803726
0.016583843
0.017254351
0.017238765
0.016592944
0.014239523
0.013299787
0.012491667
0.010554216
0.0088553879
0.0094778136
0.0079940609
0.0074166154
0.0066012659
0.0048472692
0.0026865544
0.00027449031
-0.0025259281
0.0022980142
0.0069448239
0.0058028945
0.0022615337
0.0015444136
0.0018506452
0.001771864
0.00067541482
-0.00042159101
0.00014753261
0.00095196891
0.00135266
0.0012292265
0.0039840876
0.0040947984
0.0068090064
0.0086671307
0.0085703262
0.009543307
0.010546032
0.011861535
0.010761462
0.009749763
0.0086739997
0.0079991123
0.0060879982
0.0018913566
-0.0005457648
-0.0023558514
-0.0038891145
-0.0039596084
-0.0036125677
-0.0042196146
-0.0050447559
-0.0046961786
-0.0045201318
-0.0038693966
-0.0042385409
-0.0070708859
-0.0078760387
-0.0085042789
-0.0090620003
-0.0092059673
-0.0099821821
-0.010014267
-0.010174963
-0.01124737
-0.015206238
-0.018834314
-0.017993951
-0.016819402
-0.014511933
-0.012654922
-0.014430301
-0.014831517
-0.018562573
-0.019431109
-0.022651205
-0.02627313
-0.027617255
-0.031340672
-0.032937771
-0.033923397
-0.035127317
-0.037765815
-0.036208255
-0.031153552
-0.026574806
-0.021203863
-0.01386924
-0.0079321157
-0.0048725368
-0.0031024923
0.0014203699
0.0062634145
0.013489893
0.024322154
0.034026989
0.034691642
0.034385153
0.031480777
0.030920443
0.034080431
0.039010803
0.038584115
0.037387322
0.033660748
0.031095935
0.032136244
0.032037165
0.032330775
0.030862723
0.02775243
0.024632945
0.022387632
0.018308311
0.018394672
0.016601467
0.015630517
0.012531859
0.0090845686
0.0060936103
0.00084682671
-0.0033602365
-0.0039452033
-0.00674513
-0.0091086083
-0.0095976373
-0.0092965671
-0.0075088519
-0.0044016152
-0.0047490752
-0.0033476855
-0.00023357167
0.00093123339
0.0021881418
0.0031311991
0.003749587
0.0066945171
0.0074914727
0.0069781156
0.0078773177
0.011308307
0.012015977
0.013469905
0.016120155
0.019277446
0.020964717
0.023126267
0.024381887
0.022360561
0.020411894
0.015333859
0.011405825
0.0082479153
0.0056763334
0.0052879212
0.0059821762
0.005806991
0.004230112
0.0028504434
0.002988454
-0.00021615148
0.0035563398
0.0071161892
0.010132314
0.0055300868
0.0046890114
0.0058881021
0.003521038
0.0036644016
0.0023706245
0.0047031792
0.0065953715
0.0082591094
0.0076187325
0.007683313
0.00836306
0.0085420541
0.0078150213
0.0098279993
0.010916391
0.012513754
0.014099268
0.01514944
0.016874396
0.016309271
0.014586483
0.01167228
0.008663349
0.0082946054
0.0054272068
0.0006033447
-0.0018153555
-0.0034527396
-0.0036998632
-0.0015009977
-0.0028682271
-0.0032886366
-0.0013480312
-3.9875139e-05
-0.00083613623
-0.0014970976
-0.001119718
-0.0017772579
-0.0034076406
-0.0038322116
-0.0037903394
-0.0031678015
-0.0040574689
-0.0059875509
-0.0061407457
-0.012608582
-0.013440044
-0.012382845
-0.011378278
-0.011125108
-0.010219103
-0.011272507
-0.012463642
-0.0146176
-0.015834392
-0.018364814
-0.019391163
-0.020303386
-0.019892124
-0.021696049
-0.02332331
-0.026976941
-0.023847261
-0.018078658
-0.01021358
-0.0073966531
-0.0019437523
0.0014329862
0.0032732165
0.0052737845
0.0091296897
0.012855339
0.017124565
0.0237093
0.029755299
0.031367079
0.029764335
0.029137839
0.028699925
0.030954939
0.032961478
0.03332385
0.031995873
0.02858858
0.027583407
0.028218076
0.027488909
0.024999842
0.022329212
0.019535835
0.017377722
0.014199627
0.011293817
0.0093559619
0.0096424413
0.0090534362
0.0073870952
0.0038963332
1.1001862e-05
-0.0039353223
-0.0074092137
-0.0065274446
-0.0077834799
-0.0077325396
-0.0087108842
-0.0077313336
-0.0086984971
-0.0061807959
-0.0044741727
-0.0032187235
-0.0022663966
-0.00034506519
0.00067824816
0.0036854701
0.0059607046
0.0080611208
0.0094702329
0.010563443
0.010412761
0.011997515
0.013796835
0.015347172
0.016028494
0.021661812
0.022390324
0.025009656
0.023042896
0.024053175
0.021611639
0.016502296
0.01198815
0.0072559227
0.0055719311
0.0049560385
0.0039926282
0.0039097646
0.0041548392
0.0037557823
0.0020505922
0.0050768385
0.0097284287
0.0103482
0.0095332273
0.0066569767
0.0055909988
0.0055687601
0.0045497494
0.0042483225
0.0051201994
0.0058339789
0.0081749017
0.008783546
0.0089905988
0.0086699305
0.0092833812
0.0094548404
0.010400605
0.012337707
0.013729033
0.015590627
0.017709655
0.019847651
0.021459111
0.022858453
0.022277276
0.01867737
0.016060046
0.015393975
0.013205432
0.0097575582
0.005154826
0.0019214174
-0.00097579797
0.0016590844
-0.00019198735
3.5218033e-05
-0.00061380224
0.00033111034
0.00084873338
0.0021225686
0.0018046069
0.0015085385
0.0023128907
0.0010804499
0.0012769907
0.0012994664
0.00096630899
-0.00078081623
-0.00079988126
-0.0063067046
-0.0062043163
-0.0068210912
-0.0058245213
-0.0062490103
-0.0059915292
-0.0072692707
-0.007536579
-0.0082286903
-0.0083259964
-0.0099642018
-0.010608556
-0.011638935
-0.010785619
-0.011231608
-0.012828536
-0.015590721
-0.014977848
-0.01129387
-0.006390696
-0.0011494954
0.0028568446
0.0063814253
0.0087567923
0.0091095915
0.010147979
0.015098462
0.017566266
0.020579888
0.022063961
0.022885247
0.024075412
0.024045303
0.021221121
0.021207768
0.02349823
0.024006722
0.024072288
0.021866645
0.019712343
0.018887051
0.016869427
0.015005722
0.012268317
0.0094499108
0.0079219972
0.0068156519
0.0044984536
0.0037124413
0.0023069989
0.0017990298
0.00031056108
-0.0019109839
-0.0043956582
-0.0066238497
-0.0073611519
-0.0075594179
-0.0072418987
-0.008105106
-0.0092124654
-0.0085800623
-0.0087050523
-0.007731249
-0.0061476375
-0.0030243763
-0.0031239157
-0.0030731139
-0.00158761
8.2899245e-05
0.0037917399
0.0063847889
0.0099672517
0.011473736
0.013023613
0.013631851
0.01366362
0.014342576
0.017157943
0.020138261
0.021986784
0.02304201
0.023650571
0.02257577
0.019718651
0.015435478
0.011022782
0.0097495917
0.0064421606
0.0044108395
0.0037837108
0.0047306657
0.0031874642
0.0056850737
0.0074992926
0.0098492871
0.011186082
0.011568726
0.010346423
0.0071320884
0.005575226
0.0048844691
0.0055651547
0.0051094194
0.0055452959
0.0068561296
0.0075056442
0.0082068106
0.0080687516
0.0074756534
0.0083469162
0.0089880584
0.0081985727
0.0099442044
0.011580449
0.012791076
0.015833571
0.018943754
0.02164204
0.023947492
0.023852634
0.022376455
0.022546737
0.0208082
0.018553694
0.015760336
0.010367416
0.0079002699
0.0038692399
0.0058603881
0.0038411302
0.0032114685
0.002468559
0.0014996095
0.0012049277
0.0023000639
0.003363481
0.003206657
0.003212142
0.0028577954
0.0020816499
0.0021869653
0.00267924
0.0012184422
0.00062789907
-2.444214e-05
-0.0026040452
-0.0036684202
-0.0039458689
-0.0043062917
-0.0035878004
-0.0045555092
-0.0049809256
-0.0050286472
-0.0044100954
-0.0052091519
-0.0055012094
-0.0057256684
-0.0056376049
-0.0064190847
-0.007221762
-0.0080714214
-0.0091167577
-0.0078644534
-0.0042198962
-0.0011321342
0.0026409499
0.0065100879
0.0059940995
0.0061368807
0.0069850342
0.010254541
0.013039715
0.013697826
0.015054923
0.016255168
0.016329895
0.016831419
0.014006666
0.012221063
0.013058467
0.014379138
0.014553053
0.013919862
0.012503552
0.010082643
0.006951189
0.0057489653
0.0041829351
0.0020096748
0.00017159799
-0.00046254242
-0.0013802577
-0.0021016718
-0.0023580784
-0.0022861711
-0.003014938
-0.0040191072
-0.0054086861
-0.0060590039
-0.0069770071
-0.0082805824
-0.0080815104
-0.0087728747
-0.0087572449
-0.0077459843
-0.0086600531
-0.007799509
-0.0050453944
-0.0029131028
-0.0016623927
-0.0017301094
-0.00073479694
0.00061276208
0.0015044939
0.0039442835
0.0059596014
0.0069153605
0.0080426845
0.0090386431
0.011005266
0.012780058
0.013823784
0.014384103
0.017034704
0.02087291
0.020731342
0.019163925
0.018372868
0.015584943
0.012405501
0.010375104
0.0077891019
0.004991649
0.0038319127
0.005709009
0.0065507195
0.0073517668
0.010453753
0.011950648
0.012483274
0.010821033
0.009155859
0.0073017859
0.0050505984
0.0049949573
0.0046322767
0.004478284
0.0045032938
0.0049164431
0.0053873116
0.0054519326
0.0054963392
0.0053451177
0.0055791964
0.0065337017
0.0068767184
0.0074185939
0.0091968737
0.010462396
0.012386064
0.013667717
0.015985813
0.019057106
0.021750279
0.021781567
0.021274814
0.023080938
0.021910151
0.019470114
0.01698043
0.012678031
0.009547853
0.010410161
0.0076533315
0.0055489289
0.0054047682
0.0054082733
0.0047455539
0.0042715253
0.0050633874
0.0043315799
0.0048687649
0.0041041618
0.004932936
0.0046652305
0.0042647951
0.0029301084
0.0034303213
0.0028622531
-0.00079808457
-0.0015629006
-0.0029703626
-0.003028857
-0.0037472956
-0.0044912497
-0.0043552599
-0.0050157674
-0.0050835254
-0.0050250618
-0.0048565476
-0.0054011258
-0.004897796
-0.0049935958
-0.0054212314
-0.0063347829
-0.0068650249
-0.0070225688
-0.0057712841
-0.002746034
0.00064393228
0.0032500778
0.0020284337
0.0022159674
0.0027294462
0.0020292204
0.0035011944
0.0065682477
0.0078311594
0.0094585869
0.0094482407
0.0095686525
0.0069606679
0.0040499234
0.0051635894
0.0063356776
0.0080488383
0.0066058258
0.0060062233
0.0056965383
0.00297619
0.0015202702
-0.00014497838
-0.00099562006
-0.0016542689
-0.002505047
-0.0035798501
-0.0045327601
-0.004115862
-0.0033542213
-0.0035861879
-0.0047121436
-0.0053451427
-0.0059086602
-0.0063894903
-0.0077578199
-0.0091585611
-0.0091974192
-0.0098263299
-0.008794696
-0.0079537912
-0.0060565497
-0.0044644557
-0.0015616381
0.00047707339
0.00028614588
0.00091119485
0.0023240286
0.0014860544
0.0023643647
0.0025736542
0.0019516983
0.0027206765
0.0046488843
0.005566391
0.006723816
0.0082912002
0.0088766296
0.011266717
0.014549039
0.01681216
0.015150257
0.014691187
0.013336838
0.012996744
0.0093418208
0.0081178237
0.0056414268
0.0051729476
0.0061931364
0.0054690864
0.0065938622
0.0074698319
0.0079114128
0.0087443073
0.007347194
0.0053582754
0.0053369864
0.0039758188
0.0040201648
0.0028081549
0.0026247973
0.0034094423
0.0035832863
0.0034064536
0.0033425416
0.0035002262
0.0037430667
0.003539545
0.0029834796
0.0040990994
0.0051844812
0.0070745384
0.0085457374
0.0098241101
0.011681403
0.012019832
0.013910975
0.01605646
0.016637044
0.016424242
0.017276065
0.017135576
0.016382964
0.01555768
0.014384878
0.012038171
