-0.00055952174
-0.00019847852
0.0001661116
0.00052347414
0.0011905306
0.0040523376
0.011277719
0.012978698
0.0060274189
0.00070955925
-0.0026626305
-0.0049415939
-0.0084054195
-0.0070118406
-0.006039207
-0.0059804951
-0.0022577732
-0.001740156
0.00035495035
0.0022605062
0.0028963088
-0.0004482654
-0.0044716873
-0.007690566
-0.012345589
-0.013682959
-0.013982038
-0.013752579
-0.012578668
-0.010597136
-0.0094433752
-0.010108586
-0.011994028
-0.014502689
-0.013990785
-0.013098124
-0.013372114
-0.013241531
-0.013193496
-0.011964892
-0.0097964257
-0.0093635094
-0.0083229035
-0.0075064061
-0.005891687
-0.0048096129
-0.0036566244
-0.004698371
-0.0064141353
-0.0069231903
-0.0039719207
-0.0042624397
-0.0038593836
0.0011755277
0.0056872357
0.0086088213
0.0095486704
0.0094855676
0.0074488918
0.0051781494
0.003981894
0.0051251212
0.0064385672
0.0082637691
0.011701005
0.010406853
0.010648192
0.0099260019
0.009599889
0.011584353
0.0137439
0.01499644
0.017167666
0.020479624
0.019759017
0.020678395
0.020226067
0.01872809
0.018250741
0.018853494
0.022019179
0.025962607
0.029506035
0.029957974
0.02716589
0.022018979
0.018028548
0.011584261
0.011383011
0.012576677
0.013846716
0.014705022
0.01405198
0.0094183918
0.0044549271
0.0014892054
0.00076857315
0.00078209992
0.0015435342
0.0027085257
0.0038491084
0.0053298099
0.0057164452
0.0067626658
0.0069762301
0.0063579254
0.006144838
0.0067202143
0.0068556784
0.0074063647
0.0077524173
0.0077573411
0.0095210414
0.01019148
0.012174147
0.014546205
0.018786989
0.01812251
0.018315581
0.019385132
0.014412853
0.014455992
0.012642732
0.01228327
0.0074480144
0.00527463
0.0056829856
0.0040821346
0.00074336651
0.0004251286
0.00063075858
0.00064881036
-0.0023945432
-0.0030124608
-0.0026653477
-0.0021797308
-0.0015543831
-0.00087584531
-0.00099218257
-0.00022714105
-0.00011414829
-0.0008181764
-0.00080023246
-0.00052525881
-0.0017569177
-0.0017675411
-0.0017304447
-0.00097173556
-0.00038464998
0.0048007478
0.0099601351
0.0080754099
0.00067748985
-0.0048786257
-0.0071111195
-0.0085744829
-0.0080500933
-0.008214589
-0.0086023011
-0.0065288412
-0.0067884045
-0.0042677431
-8.2947553e-05
0.0029627251
0.00069368971
-0.0039292654
-0.0074738624
-0.0090292514
-0.014542405
-0.018388241
-0.020227652
-0.018426478
-0.016948147
-0.014730451
-0.014863727
-0.016600994
-0.019582403
-0.020522086
-0.018681827
-0.017626761
-0.016609663
-0.016456868
-0.015943878
-0.013654951
-0.012033849
-0.010945455
-0.0091246247
-0.007093968
-0.004263707
-0.00074024976
-9.8377327e-05
0.00078514052
0.0023145736
0.0014920457
0.0011534131
0.0029028447
0.0083122826
0.013643157
0.016151941
0.017894807
0.018968141
0.018907087
0.016269893
0.015620063
0.016456878
0.015956642
0.017034179
0.018146197
0.018403451
0.017539542
0.019111014
0.017854158
0.017544935
0.016410646
0.01873006
0.01997629
0.020528496
0.021982837
0.023147405
0.022016683
0.019391944
0.019135872
0.019525319
0.019775879
0.021122335
0.024217462
0.024087297
0.021913626
0.020483428
0.014966272
0.011729103
0.011088334
0.0096464716
0.0093733392
0.0099804836
0.008856334
0.0071803319
0.0034203423
-0.00051649099
-0.0014088107
-0.0010639373
-0.001008792
0.00073889568
0.0026899029
0.0034704758
0.0044581786
0.0048910794
0.0046751476
0.0048535618
0.0044751215
0.0046134327
0.0048338417
0.0050244973
0.0059404409
0.0068464132
0.007572088
0.00982334
0.012485066
0.014887512
0.016738505
0.020536249
0.022174544
0.022558192
0.019298052
0.016886301
0.014852995
0.011473433
0.0090600832
0.0067123488
0.0018196805
-0.00016563903
-0.00068232731
-0.0028340842
-0.0033068161
-0.0032313679
-0.0037190938
-0.0056136071
-0.0054994918
-0.0044572777
-0.002624549
-0.0021670541
-0.0019184997
-0.0017292262
-0.0021415754
-0.0020597413
-0.0022054083
-0.0022487584
-0.001991951
-0.0046714233
-0.0043199226
-0.0048652659
-0.0043924322
-0.0048962643
0.00086169469
0.0050710072
0.0003830815
-0.0016163823
-0.0045533315
-0.011987854
-0.01330299
-0.012585769
-0.011221537
-0.010708613
-0.012730876
-0.012173926
-0.0092147481
-0.0037692789
-0.00069420102
-0.0021074407
-0.0069775757
-0.010349176
-0.013191789
-0.017449374
-0.022353675
-0.024469772
-0.023553116
-0.022692987
-0.022823441
-0.0257484
-0.029484425
-0.031841363
-0.031554112
-0.028693398
-0.024322049
-0.023785374
-0.02307721
-0.021571977
-0.019371829
-0.017277972
-0.01565383
-0.012670169
-0.0089582618
-0.0045961154
-0.0021424305
0.0015045751
0.0031027794
0.010260134
0.01325979
0.010861512
0.016052377
0.021418847
0.023270676
0.027882536
0.031065736
0.033228455
0.028943939
0.024623653
0.027446915
0.027417161
0.028443593
0.026582473
0.025129613
0.026643709
0.026036586
0.026614294
0.027206432
0.026445953
0.022430818
0.022984344
0.02445832
0.025148677
0.024709022
0.022293647
0.018795592
0.016185928
0.016485323
0.016981896
0.017089862
0.017546759
0.017563602
0.013576342
0.0097843911
0.0079019131
0.0073687109
0.0061368119
0.0031893821
-8.2319725e-05
0.00015657983
0.0011106781
-0.0006835164
-0.001331075
-0.003194105
-0.004450651
-0.0041033746
-0.0033530592
-0.0015232011
-0.00037796975
0.0014534505
0.002152773
0.0025231372
0.0022323203
0.002288413
0.0024769587
0.0024254576
0.0024767958
0.0024022272
0.0028057367
0.0028961007
0.0040965077
0.0053679864
0.0079043301
0.0084330651
0.016557341
0.020428018
0.022755257
0.018342651
0.014634727
0.011943476
0.01114606
0.010688278
0.0070208096
0.003994773
0.00070171339
-0.00023523031
-0.0053524586
-0.0070645468
-0.007746583
-0.0074462976
-0.0076978587
-0.0075106192
-0.0063049039
-0.0046386978
-0.0046328353
-0.0036609966
-0.0029095742
-0.0023688767
-0.0035034656
-0.0035402734
-0.0040088352
-0.003894103
-0.0044185318
-0.0039800082
-0.0066458604
-0.005840668
-0.0060680071
-0.006482506
-0.0054862273
-0.0022913147
0.00070646098
-0.0055061078
-0.0096864706
-0.011214255
-0.016582443
-0.017528838
-0.018827204
-0.020930515
-0.020017621
-0.017713925
-0.014695664
-0.012264687
-0.0088663042
-0.0074298622
-0.0075163087
-0.01062947
-0.012904071
-0.01803048
-0.021506634
-0.026416753
-0.02950148
-0.031141448
-0.031476371
-0.033196073
-0.039166851
-0.043221518
-0.047325726
-0.044558228
-0.042759571
-0.03959652
-0.037257753
-0.035634408
-0.034935856
-0.031476118
-0.02726052
-0.023299718
-0.021333693
-0.017550033
-0.013062541
-0.0093811377
-0.001628248
0.006311132
0.014901188
0.021650999
0.02663845
0.030617363
0.03225696
0.03125976
0.034465303
0.040440347
0.042964386
0.036855961
0.036489232
0.041367653
0.040488721
0.03928846
0.038510242
0.03672497
0.03447823
0.034594521
0.037943
0.03893788
0.036264596
0.03423004
0.031163112
0.030118695
0.027646694
0.025912558
0.020573776
0.015586467
0.014581531
0.013495407
0.011492598
0.0081897458
0.0060024567
0.0053617292
0.00023548392
-0.001719396
-0.0030267371
-0.003412558
-0.0057145907
-0.0070148793
-0.0091827164
-0.0087193961
-0.0070778604
-0.0072366443
-0.0066616665
-0.0068063229
-0.0067608366
-0.0055591113
-0.0044317793
-0.0032170923
-0.0023393177
-0.001237803
-0.00011477281
0.00042539268
0.00074525739
0.0010040621
0.00035212904
0.00049677323
0.00021707657
0.00014740693
0.00018736332
0.00067234139
0.001622964
0.0032931944
0.0042278901
0.0051223779
0.0093593377
0.010132981
0.0097832768
0.0077342013
0.0055141178
0.0024152484
0.0034394626
0.0016247943
0.00030977127
-0.0017562011
-0.0039844594
-0.0066526621
-0.0088233386
-0.012365337
-0.01173249
-0.010445832
-0.0092269676
-0.0083056469
-0.0062348441
-0.0049137133
-0.0046339527
-0.0038650386
-0.0039879636
-0.0049026201
-0.0054993395
-0.0048733079
-0.0056733542
-0.0059014308
-0.0069243935
-0.0067546229
-0.0083001162
-0.0067957254
-0.0069027639
-0.0063336058
-0.0063262529
-0.0031146177
-0.0058204446
-0.013860519
-0.018250402
-0.01912057
-0.020585598
-0.023971628
-0.024927629
-0.029468457
-0.027256993
-0.020787907
-0.016937695
-0.013534017
-0.010552933
-0.010658937
-0.012914513
-0.017198983
-0.019829353
-0.023269605
-0.026455947
-0.028523969
-0.035381638
-0.040271932
-0.044395451
-0.047401689
-0.052909714
-0.055166719
-0.057265134
-0.060181374
-0.05691774
-0.053112279
-0.051692451
-0.049912091
-0.046379503
-0.041167151
-0.035053669
-0.028215355
-0.027859354
-0.025796008
-0.021139297
-0.013145933
-0.002214544
0.0062731638
0.011385653
0.020307421
0.024619691
0.031531301
0.036578452
0.037315711
0.042091709
0.044983017
0.042618264
0.043177477
0.044510175
0.045173269
0.04576712
0.049443193
0.049780667
0.047139791
0.047678457
0.045513995
0.047152951
0.048099164
0.045715061
0.040708428
0.03901612
0.035360329
0.027782522
0.023094282
0.019964555
0.013230637
0.010719167
0.0062040745
0.0028190206
-0.0044221244
-0.0081685247
-0.0073800284
-0.0096477005
-0.0099455786
-0.010140844
-0.0096132624
-0.012697924
-0.013375751
-0.012979331
-0.011647279
-0.010856402
-0.0097238576
-0.0083627873
-0.0080939323
-0.0061231197
-0.0048305978
-0.0035913344
-0.0026943815
-0.0013750616
-0.00039231059
0.00042348198
8.5137616e-05
-0.00013868122
0.00023180866
6.0578999e-05
2.5335872e-05
-0.00034757451
-0.00011853195
-0.00021942505
0.0003489618
3.463212e-05
0.00023287241
-0.00049478259
0.0014730344
0.0027648868
0.00089610902
0.0021834611
-0.00043044441
-0.00040618088
-0.00294883
-0.0027181579
-0.0018932287
-0.0013259861
-0.002664222
-0.0068251924
-0.0073739853
-0.0091894691
-0.012517474
-0.013098025
-0.012917853
-0.011331444
-0.0085095814
-0.0059478177
-0.0057767907
-0.0055989567
-0.0057920552
-0.0063169336
-0.0065960394
-0.0065188425
-0.0069733596
-0.007554984
-0.0083237509
-0.0083573889
-0.0078195776
-0.0086746988
-0.0083975182
-0.0065910469
-0.0069682686
-0.0082029101
-0.0090317016
-0.013500848
-0.021032043
-0.0216086
-0.020862284
-0.021687534
-0.023880609
-0.03218121
-0.030404345
-0.027613492
-0.016991475
-0.013632233
-0.010389322
-0.012107184
-0.013076058
-0.018874607
-0.022889924
-0.028308391
-0.032344255
-0.035337778
-0.040347053
-0.045390065
-0.048155334
-0.053131965
-0.056902822
-0.059353595
-0.06148052
-0.062371208
-0.065600982
-0.066209063
-0.063248603
-0.059664425
-0.057783581
-0.053946951
-0.044729907
-0.033998056
-0.023790771
-0.016280773
-0.014322951
-0.014234809
-0.013106158
-0.0020946793
0.0092647019
0.015470378
0.02110762
0.025179515
0.031911435
0.033215445
0.038107622
0.037039441
0.032924001
0.030139261
0.028018545
0.037846726
0.043713859
0.047068894
0.053703763
0.0533294
0.0483575
0.051955003
0.050412148
0.050051938
0.047903906
0.045110955
0.04179049
0.03901728
0.034139991
0.027428792
0.020143764
0.014276457
0.010894323
0.0077674392
0.0022390719
-0.0033949042
-0.0075189899
-0.013200108
-0.015441975
-0.016232118
-0.015778313
-0.016765041
-0.016069659
-0.015739008
-0.015018258
-0.013405884
-0.01204289
-0.0099802774
-0.0096169129
-0.0083259458
-0.0073303847
-0.0057259943
-0.0046197443
-0.0035395007
-0.0027444349
-0.0016976323
-0.0014794555
-0.0014950493
-0.001307094
-0.00097444978
-0.00066072525
-0.00035381929
-0.0002521461
0.00011853156
0.00018116019
9.5974418e-05
-0.00023432294
-0.0010583933
-0.0016486221
-0.0024611293
-0.0049292767
-0.0053124369
-0.0035905633
-0.0026739844
-0.0018611508
-0.0017536648
-0.00076809317
-0.001599278
-0.0021095927
-0.0030023317
-0.0048441449
-0.002462572
-0.0065140825
-0.010069598
-0.013026611
-0.016517748
-0.017428248
-0.013413829
-0.0095617737
-0.0068853163
-0.00721523
-0.0068207289
-0.0077856476
-0.0071253347
-0.0077743285
-0.0080811567
-0.0090582153
-0.0086254887
-0.00928191
-0.0090007548
-0.0091427898
-0.0081593791
-0.0088110686
-0.0084855905
-0.011496222
-0.011953482
-0.013974328
-0.018198049
-0.021896313
-0.020703044
-0.022553522
-0.021045257
-0.025779652
-0.03020349
-0.032342394
-0.029162572
-0.019235288
-0.013056407
-0.010542628
-0.012571029
-0.015809021
-0.020923013
-0.02870223
-0.032876335
-0.035692214
-0.038217691
-0.045050894
-0.049263732
-0.053907167
-0.053725597
-0.057355119
-0.063451388
-0.063292127
-0.065630929
-0.067341559
-0.06898994
-0.066757796
-0.063291899
-0.059427821
-0.049309954
-0.036115186
-0.024026924
-0.011125631
-0.01032869
-0.0075276577
-0.0039906959
0.0068015146
0.013018667
0.020722517
0.018282314
0.019492756
0.030045259
0.03256643
0.035920073
0.038804425
0.034005569
0.032095755
0.03149704
0.030864338
0.040900468
0.045682551
0.045251588
0.046115504
0.049854912
0.053580138
0.051828562
0.051036334
0.047510227
0.044978069
0.041691271
0.0380784
0.033826861
0.02922489
0.023699394
0.017441147
0.010830378
0.0078600584
0.0057619621
0.00033816296
-0.0035381375
-0.0085107393
-0.010685988
-0.012345457
-0.014357491
-0.013400452
-0.013920239
-0.013399097
-0.012545868
-0.01174355
-0.0098410881
-0.0085733862
-0.0064250374
-0.0065963643
-0.0058045573
-0.0040407328
-0.0030533687
-0.0022936195
-0.0015477731
-0.0012376218
-0.00063684099
-0.00030726894
-0.00031629042
-9.5094679e-05
0.00010634215
0.00042765803
0.00059404093
0.00095826936
0.0017059803
0.0016514013
0.0023717444
0.0010732432
0.00020910001
-0.0011114136
-0.0044343612
-0.010461709
-0.0059767459
-0.001618011
-0.0007664883
-0.00013738989
-0.00013237493
0.0018969882
0.0024058264
-0.00095663059
-0.0069483851
-0.0090689863
-0.012526364
-0.012306213
-0.012249676
-0.014869304
-0.019337875
-0.018148631
-0.013498611
-0.010339997
-0.0080666893
-0.0062359433
-0.0061727747
-0.0072398472
-0.0071664261
-0.0084679279
-0.0086494345
-0.0093838631
-0.0098691283
-0.0088291761
-0.0092782619
-0.009230067
-0.0094507663
-0.0096108938
-0.011849676
-0.014038402
-0.015005862
-0.014813845
-0.018651438
-0.016764343
-0.015723429
-0.01780921
-0.019153888
-0.023908757
-0.029712859
-0.034051198
-0.030125833
-0.01732724
-0.013769387
-0.011812158
-0.011429126
-0.013459479
-0.018109052
-0.023354089
-0.027543586
-0.032740149
-0.036317781
-0.04061744
-0.047670162
-0.05140573
-0.054742689
-0.060402549
-0.06619204
-0.06775741
-0.071418974
-0.072139997
-0.069685716
-0.066704019
-0.063008802
-0.051166108
-0.036498228
-0.023282697
-0.012946255
-0.005296643
-0.0048487971
-0.0016999415
-0.0019456062
0.00052242027
0.0073359144
0.0081000776
0.012522702
0.019839782
0.024201882
0.024911269
0.026487026
0.027730417
0.022552834
0.025006861
0.030322952
0.03685874
0.043904831
0.048486715
0.050728433
0.048715331
0.051374244
0.049883828
0.046634704
0.043084585
0.041236891
0.035545049
0.032151525
0.030571035
0.026870034
0.022238148
0.017601641
0.010375109
0.0055952955
0.0030099188
0.0016538787
-0.00098536544
-0.0037585654
-0.0057868433
-0.0070149456
-0.0087864059
-0.0080889236
-0.0080674007
-0.0076416236
-0.0082741293
-0.0078066623
-0.0069362973
-0.0065555636
-0.0062616724
-0.004688949
-0.0038856507
-0.003015659
-0.0023278095
-0.0011999753
-0.00023056344
8.077226e-05
-7.896636e-05
0.00068075134
0.0011878939
0.00095891097
0.00054219768
0.0006475594
0.0007042246
0.00087026169
0.0011581225
0.0013230059
0.0012339077
0.0015816582
0.00075002055
0.00058637568
-2.451547e-06
-0.0077865824
-0.011330722
-0.0026550903
-0.0011112965
0.0027790253
-0.00051185415
-0.00022362966
0.0029957483
0.0013512847
-0.0035435963
-0.0080393908
-0.011817573
-0.013263664
-0.013527502
-0.015535107
-0.016523687
-0.017830396
-0.013997977
-0.012068706
-0.0097058777
-0.0078737069
-0.0076385411
-0.0060142016
-0.0064178372
-0.0065651556
-0.0068020835
-0.0078359913
-0.0079749985
-0.0081075793
-0.0073779959
-0.0081328562
-0.0088524895
-0.0092336942
-0.0098346906
-0.014140771
-0.015090163
-0.013529782
-0.014254055
-0.012835107
-0.014139272
-0.013107125
-0.015050319
-0.018998189
-0.022548756
-0.026136428
-0.029883921
-0.026313718
-0.016827274
-0.014615793
-0.015609664
-0.013164057
-0.011155192
-0.012553388
-0.015920765
-0.020435111
-0.025861545
-0.032395014
-0.036644155
-0.042662692
-0.048097531
-0.056299283
-0.063351424
-0.068044498
-0.074415909
-0.076773682
-0.078914064
-0.07723861
-0.072065302
-0.064176512
-0.051262941
-0.03810856
-0.029867821
-0.022559931
-0.020229012
-0.012512556
-0.0083023583
-0.0067019158
-0.0072356845
0.002937561
0.0049961956
0.0072482883
0.010710035
0.017082472
0.017290716
0.018864559
0.024013802
0.027967414
0.033575745
0.035540415
0.041497302
0.045562524
0.048298289
0.04920846
0.048758275
0.045353011
0.043827144
0.042615311
0.040753839
0.035042326
0.031319616
0.029132284
0.025580119
0.022426413
0.018718076
0.013451422
0.009411421
0.0046189858
0.0019554369
-0.00013722747
0.00036571748
-0.0021560896
-0.0014492197
-0.0019314261
-0.0027215605
-0.0019865073
-0.0027946566
-0.0030247164
-0.0039051118
-0.0041424997
-0.0029171815
-0.0022437815
-0.0026555661
-0.0023435338
-0.00123409
-0.0013337766
-0.00015816418
0.00073384868
0.0011924758
0.0010863174
0.0017032894
0.0015404956
0.0017607536
0.00088381787
0.00093649724
0.00083725704
0.001023542
0.0011104827
0.0012308904
0.0012158176
0.00093722126
0.0015085595
0.00088339927
0.0013417427
0.0025917357
-0.005058333
-0.0094196386
-0.0038202659
0.00079750333
0.0036037149
-0.00024997851
-0.003535636
-0.0023247952
-0.005087285
-0.0077652924
-0.0081204472
-0.010425283
-0.013509484
-0.013198117
-0.013663198
-0.011702144
-0.0097939752
-0.0069953457
-0.0055106353
-0.0044771067
-0.0050938517
-0.0048489527
-0.0030201022
-0.0014541456
-0.0017518659
-0.0033518487
-0.0046656066
-0.0049228537
-0.0057102483
-0.0056894183
-0.0061601437
-0.0083303033
-0.0078963306
-0.0068038795
-0.011822075
-0.0123809
-0.011616429
-0.011499161
-0.010586556
-0.01247344
-0.013675853
-0.013423426
-0.017912243
-0.023886594
-0.028156543
-0.030347409
-0.024371494
-0.019525111
-0.016925991
-0.017954627
-0.016894412
-0.014485031
-0.01439443
-0.017163578
-0.020226092
-0.02488578
-0.032953228
-0.039417082
-0.045682164
-0.051691984
-0.058252826
-0.064660149
-0.06857145
-0.072036191
-0.072951553
-0.075181174
-0.073616234
-0.071192261
-0.062966285
-0.051970757
-0.040318687
-0.034528867
-0.031581531
-0.023342763
-0.015962871
-0.010522989
-0.0039516037
-0.0046669834
0.0065199853
0.0061664443
0.0064058933
0.013275698
0.016052565
0.014156685
0.02034678
0.024993066
0.026483897
0.029097591
0.031998517
0.036395647
0.040812769
0.040400681
0.041967513
0.039997913
0.037637259
0.03625061
0.032376394
0.031354455
0.028199586
0.027845418
0.025552064
0.025466866
0.022474667
0.018018713
0.014335387
0.011132484
0.0062119334
0.0039108186
0.0020640776
0.0020686939
0.0026167394
0.0029862515
0.0021093959
0.0010712561
0.00070029143
-0.0011980666
-0.00093665641
-0.0011307347
-0.0014409184
-0.00054417393
4.3556361e-05
-0.00014733877
-0.0007548889
0.00052737421
5.9056231e-05
0.0012067919
0.0014172104
0.0015644593
0.0010008479
0.0024881746
0.0020442819
0.0022364429
0.0009715938
0.00084375334
0.00096328124
0.0020530022
0.0011317391
0.00041655448
-0.00031363645
-4.0556926e-05
0.00027445142
0.002024395
0.00090898524
0.0005672
-0.0029416656
-0.0040880865
-0.0059230943
-0.00066940929
0.001618898
-0.00059460393
-0.0025270539
-0.0062615489
-0.0077614364
-0.0065477146
-0.0060490481
-0.0064821912
-0.0081960819
-0.0083523004
-0.0072473434
-0.0047359427
-0.0037369676
-0.00061054524
0.0023905694
0.00078017317
0.00031395411
0.0007280708
0.0025655016
0.001339658
0.001396362
0.0031777291
0.00051595228
-0.0017373584
-0.00017936394
-0.0022077428
-0.004412343
-0.0063800441
-0.0035029562
-0.0061711466
-0.0095280319
-0.0095492824
-0.010817194
-0.011022258
-0.01080599
-0.013726747
-0.016119713
-0.016219879
-0.019327978
-0.022469091
-0.02882523
-0.02978136
-0.028275431
-0.024115316
-0.01873532
-0.019392331
-0.018664616
-0.017727989
-0.01689669
-0.016651181
-0.01929569
-0.024756073
-0.032597676
-0.038776955
-0.045856759
-0.049248736
-0.054720853
-0.058934326
-0.062806514
-0.063815839
-0.067604707
-0.066880299
-0.066919566
-0.061949134
-0.054134973
-0.04447224
-0.037410692
-0.030525459
-0.026037567
-0.022741524
-0.015134418
-0.0043954771
0.0054729435
0.015099238
0.015789288
0.015168167
0.017084701
0.018088653
0.022049609
0.026408616
0.029368135
0.030473586
0.030437754
0.030517275
0.031454959
0.03117479
0.034064647
0.034339858
0.035256999
0.030217107
0.030325997
0.028255314
0.028358576
0.026735689
0.0263346
0.023701487
0.023416008
0.021116139
0.021181687
0.019815664
0.015125058
0.012832649
0.0089667831
0.0064991092
0.00471271
0.0023737264
0.0050454647
0.0058845414
0.0046476833
0.0032956803
0.0017523651
0.0002380945
0.0010668893
0.00026845305
0.00082452722
0.0010005794
0.0016748538
0.0013531413
0.0013739295
0.0024936238
0.0021501611
0.0031738338
0.00284033
0.0028365249
0.002516243
0.0037044394
0.0050840019
0.0043167856
0.0035439658
0.0049877813
0.0044101721
0.0040652357
0.0045225393
0.0036997967
0.0028548206
0.0025646691
0.0022943313
0.0014261034
-0.00086935417
-0.0032396642
-0.0017731119
0.0039232168
-0.00035140585
-0.0028004721
-0.00095887133
8.4309282e-05
0.00016822443
-0.0043877143
-0.0057371429
-0.0066830913
-0.0046557275
-0.0038687504
-0.0045648408
-0.0033876918
-0.0021142572
-0.00031135814
0.0027275225
0.0049459724
0.0065376139
0.0086432726
0.011245825
0.0080103768
0.0081943262
0.0098101613
0.0090513587
0.0068050076
0.0025099898
-0.00025724681
-0.00020583525
-0.00065855457
-0.0020590653
-0.0023020641
-0.0035658588
-0.0055492399
-0.0049091679
-0.0046514927
-0.0076714974
-0.0098414401
-0.010975458
-0.011648461
-0.013146667
-0.01406307
-0.015048336
-0.017153788
-0.019140369
-0.019427642
-0.019838738
-0.020701307
-0.019180219
-0.018119428
-0.017959922
-0.018666166
-0.018166794
-0.018512097
-0.020951752
-0.023188118
-0.026212183
-0.032897133
-0.038230569
-0.042676605
-0.046838955
-0.05280521
-0.054521835
-0.055293416
-0.05695589
-0.056105509
-0.056817933
-0.049665754
-0.042543004
-0.034490758
-0.028874877
-0.021684577
-0.019061801
-0.013848336
-0.0055763252
0.0024070332
0.019757687
0.027062991
0.02722839
0.029334523
0.029730605
0.026919071
0.028516756
0.034325919
0.03807633
0.035553707
0.036888593
0.035818694
0.035264983
0.035030923
0.034261949
0.035023591
0.03603135
0.031976441
0.027142282
0.026980286
0.025083526
0.024061882
0.023334821
0.020692128
0.017821048
0.016104639
0.013143159
0.010104469
0.0050757217
0.003491904
0.00057716231
-0.0025097688
-0.0033482138
-0.0035776706
-0.00083602947
-0.0003172862
8.399358e-05
0.00068442682
0.0013198253
0.002831825
0.0023298176
0.0010839646
0.0015736992
0.0042154387
0.003935244
0.0055361358
0.0069694975
0.0096576741
0.0098476801
0.011145135
0.014429346
0.016567238
0.017919643
0.017608996
0.016911035
0.015245284
0.014457362
0.013709998
0.011903696
0.010796233
0.011548477
0.0099352418
0.0093634789
0.0089329662
0.0070400669
0.0045005478
0.0013070562
-0.002467481
0.0024087219
0.0087503311
0.0071504079
0.0015549913
0.00096151079
0.0010774081
0.00054135941
-0.00030588143
-0.0016838901
-0.0011120636
-0.00034442609
0.00015470824
-0.00061491968
0.002598923
0.0026946603
0.0056797144
0.0081974286
0.0077853563
0.0092063843
0.010567823
0.012255776
0.011812723
0.010841797
0.010067246
0.0094130407
0.0078124848
0.0032950962
0.00041614391
-0.00094462115
-0.0031329065
-0.0026829638
-0.0020073051
-0.0032328856
-0.0046737987
-0.0038675035
-0.0034992537
-0.0036699059
-0.0036506641
-0.0065510256
-0.0077379571
-0.0087109105
-0.0096106164
-0.0096565093
-0.010111088
-0.010137623
-0.0096272498
-0.010789121
-0.014084426
-0.018212694
-0.018140779
-0.017850052
-0.016752191
-0.014480803
-0.016465863
-0.017398253
-0.021999707
-0.023337708
-0.027089613
-0.031748453
-0.033764896
-0.037923036
-0.039554683
-0.040196338
-0.041907152
-0.046051047
-0.044338755
-0.037994059
-0.032442125
-0.026104016
-0.017567947
-0.010732976
-0.0083091355
-0.0068191757
-0.0019706518
0.0027473499
0.009939915
0.021386145
0.03324894
0.035793968
0.036332752
0.032948712
0.031848059
0.033478327
0.039731459
0.040168583
0.040497432
0.037176837
0.033614072
0.034266134
0.034595039
0.034861158
0.033044405
0.030560089
0.026469273
0.024222817
0.019424682
0.019744424
0.018458213
0.017063687
0.014256821
0.011107114
0.008503669
0.0030401007
-0.0010406364
-0.00079822585
-0.0040503772
-0.0061608511
-0.0065174404
-0.0067532001
-0.0056193656
-0.0022299303
-0.00301229
-0.0021025718
0.0010735849
0.001822355
0.0029036041
0.003955074
0.004610699
0.0073837641
0.0072749396
0.0060730388
0.0063439938
0.0096992525
0.010788891
0.012894807
0.016027486
0.020174462
0.022593028
0.024529695
0.02606279
0.023404739
0.02145505
0.017190664
0.013441298
0.010188469
0.0076588593
0.0066173444
0.0067935402
0.0065301231
0.0045588819
0.0026539173
0.0024430689
-0.0020074217
0.0027024529
0.0073496616
0.011332793
0.0061967481
0.0042573397
0.0053791814
0.0022571055
0.0024308029
0.0012981302
0.0037272854
0.0054124739
0.007488042
0.0068180025
0.0066714821
0.0079489676
0.0082702479
0.0073937109
0.0095299864
0.010472963
0.011654889
0.012811303
0.015430829
0.0170789
0.015712688
0.014237096
0.01193265
0.0092017717
0.0089594656
0.0057705489
0.0010350207
-0.0012419419
-0.0029155406
-0.0031871082
-0.0017871619
-0.0030229625
-0.0038280957
-0.0015587079
-8.0364018e-05
-0.00074513077
-0.0015655829
-0.00092952265
-0.0018114715
-0.0035483035
-0.004283266
-0.0046526783
-0.0041131763
-0.0042700595
-0.0065379579
-0.0053711752
-0.011966669
-0.014176318
-0.013499946
-0.012996927
-0.012953159
-0.012413567
-0.013665932
-0.015496484
-0.018026265
-0.019626702
-0.022681383
-0.024212095
-0.02489452
-0.023941939
-0.025911174
-0.028085185
-0.03295944
-0.029671296
-0.022560056
-0.013666235
-0.0095054285
-0.0035055175
0.0013313927
0.0028365315
0.0044651372
0.0076007232
0.010919548
0.015295963
0.022652252
0.031036046
0.033991784
0.032953463
0.031968808
0.030678448
0.032658304
0.036111546
0.03664572
0.035352095
0.032296511
0.03053249
0.030863785
0.029903602
0.027502591
0.023831866
0.021103627
0.018245175
0.014785181
0.01221004
0.01010546
0.010072909
0.0099216316
0.0085500941
0.0052036908
0.0012509657
-0.0023362623
-0.0058443053
-0.0042270797
-0.0053601089
-0.0052734353
-0.0065053988
-0.0056167774
-0.0068282658
-0.004325569
-0.0026566565
-0.0020496234
-0.0016952398
0.00016512057
0.0012572661
0.0044532635
0.006709716
0.0083376491
0.0087368735
0.0099586505
0.0091947897
0.01078631
0.012741714
0.014958217
0.016384552
0.023211257
0.024337637
0.027361113
0.025203215
0.026505655
0.024482355
0.019541523
0.014323288
0.0091231585
0.0073286561
0.0063242384
0.0044639775
0.003443373
0.0034904684
0.0023265671
-0.001034752
0.0026218941
0.010191039
0.011922923
0.01051633
0.0057914582
0.0037848457
0.0032850953
0.0026873942
0.0023728947
0.0041470045
0.0048609499
0.0073253052
0.0078241978
0.008080491
0.0077901888
0.0091588914
0.0091411803
0.0099623122
0.011977628
0.012803369
0.014246197
0.015998242
0.018213309
0.020499591
0.021545465
0.021279085
0.017614532
0.015245164
0.014704657
0.012874386
0.0092193233
0.0046456776
0.0021303641
-0.00078608069
0.0011501274
-0.00017690813
-0.00012764102
-0.0010510558
-0.00019090594
0.00037496695
0.001383081
0.0017259767
0.00080361852
0.0018861562
0.00016164127
0.00043070016
0.0004639647
0.00069680945
-0.0014564904
-0.00082016545
-0.0061988474
-0.0067789351
-0.0078447172
-0.007738283
-0.0078631144
-0.0077904179
-0.0091036952
-0.0096631513
-0.010799682
-0.011326536
-0.013152917
-0.013583565
-0.014350373
-0.012674925
-0.01371545
-0.015832683
-0.018977197
-0.017930328
-0.013519461
-0.0077762303
-0.0015319009
0.0028511136
0.0077493398
0.010027342
0.0095339841
0.0098997885
0.014794281
0.016710333
0.021078779
0.023944124
0.025185731
0.027281164
0.027491926
0.023989501
0.023914455
0.026573293
0.027008064
0.026345786
0.024263945
0.021527053
0.020183768
0.017753088
0.015651438
0.012489046
0.0095374895
0.007363884
0.006287975
0.0040544144
0.0037982866
0.0026504586
0.0027614724
0.0014612957
-0.00074281849
-0.0032875726
-0.0058139714
-0.0063131567
-0.0066163328
-0.0061112275
-0.0067676249
-0.0081934611
-0.0076010685
-0.0074626937
-0.0064745766
-0.0053390759
-0.0024090696
-0.0022193898
-0.0026344011
-0.00090006219
0.00072474188
0.0040570287
0.0060477644
0.0095706458
0.011211643
0.012092903
0.01217017
0.012317896
0.013794355
0.017296961
0.021098053
0.023916169
0.02511584
0.025396
0.024559024
0.021977142
0.018031086
0.012975264
0.01098802
0.0074590413
0.0048987941
0.0037188685
0.0039374898
0.0015971583
0.00388175
0.0054244972
0.0089429878
0.011766817
0.012326747
0.010242569
0.0058833638
0.0032002627
0.0021493164
0.0033883698
0.0030297375
0.0043455923
0.0061020551
0.0064800137
0.0078982541
0.0079408858
0.0071220163
0.0082480579
0.0090997801
0.0077698429
0.0094698237
0.010910841
0.011820951
0.0144469
0.016968278
0.01973584
0.022212798
0.022313464
0.020279918
0.020613592
0.019898618
0.017899859
0.014910909
0.0094764208
0.0071115095
0.0033515309
0.0048006298
0.0028550211
0.0024263633
0.0018917462
0.0011818701
0.00073394572
0.0017494819
0.0025802325
0.0026386921
0.0025919176
0.0021581116
0.0012344174
0.0015529623
0.0022950049
0.00098541765
0.00029744181
-3.7911609e-05
-0.0024524833
-0.0042771598
-0.0048631874
-0.005835568
-0.0052515218
-0.0061805184
-0.0065614493
-0.0067197715
-0.0064415843
-0.0072543556
-0.0073115799
-0.0069271359
-0.0063009904
-0.007501286
-0.0084908137
-0.0089143423
-0.0098245728
-0.0079480433
-0.0030961867
-0.00010088931
0.0039832909
0.0084279312
0.0073478695
0.0070433983
0.0078587777
0.010831433
0.013477121
0.014953757
0.016466573
0.018138297
0.018494975
0.018942978
0.016006721
0.014262856
0.01525805
0.016435227
0.016522961
0.015036567
0.012811205
0.0099262023
0.006652964
0.0052176099
0.0031742352
0.00087730816
-0.00091624888
-0.0013320023
-0.0020855517
-0.0028031359
-0.0027744322
-0.0025410182
-0.0025806261
-0.0031358483
-0.0045465667
-0.0056499067
-0.0067242194
-0.007960946
-0.0078164011
-0.0084187089
-0.0087560402
-0.0076305594
-0.008612121
-0.0078007941
-0.0052804935
-0.0029269769
-0.0012102265
-0.0014186959
-0.00013902771
0.0015609734
0.0023530998
0.0043096182
0.0062042616
0.0068992266
0.0069060308
0.0074472965
0.0094976153
0.012200216
0.014268051
0.014939059
0.017740233
0.022015889
0.021401374
0.019374156
0.018647336
0.016047448
0.012880941
0.010320253
0.0076969479
0.0048470394
0.0028928963
0.0045392917
0.0050858135
0.0056959545
0.0094395599
0.01161341
0.012657339
0.010943596
0.0083334481
0.0055940456
0.0027794018
0.0027385484
0.0022678448
0.0021830384
0.002595201
0.0032539275
0.0043860524
0.004837058
0.0051589344
0.0049783243
0.0055169826
0.0066805343
0.0065900229
0.0070318418
0.0086267067
0.0098574722
0.011892575
0.012502064
0.014386187
0.016809111
0.0191651
0.01906818
0.018902333
0.021301
0.020811294
0.018596421
0.015970265
0.011667661
0.0085721802
0.0090586411
0.0065536767
0.0042399926
0.0041641384
0.004287228
0.0039954279
0.0036738174
0.0046762337
0.0039806359
0.0043160955
0.0034884722
0.004278438
0.0044573085
0.0041388352
0.0028372562
0.0035079043
0.003335702
-0.00051262903
-0.001681705
-0.0031610723
-0.003597794
-0.0045460519
-0.0053721174
-0.0052837156
-0.0056936085
-0.0059917497
-0.0059608074
-0.005651597
-0.0060921353
-0.005281227
-0.0052379754
-0.0056239224
-0.0058510477
-0.0064042685
-0.0059478893
-0.0043041773
-0.0012261911
0.002619966
0.0055146225
0.0039011916
0.0036478412
0.0037173727
0.0024906999
0.0044504756
0.0077212608
0.008884818
0.0098626213
0.010284818
0.010657568
0.0083841006
0.0057027415
0.0066909253
0.0075854236
0.009582743
0.0073980348
0.0060143285
0.0054536538
0.0025171405
0.0008815886
-0.0014367651
-0.0024427715
-0.0032640577
-0.0039553955
-0.004488157
-0.0056773478
-0.0051239881
-0.003632977
-0.003349547
-0.0044637384
-0.0053343251
-0.0062502519
-0.0066724432
-0.008314437
-0.0098456738
-0.0093205758
-0.010211185
-0.0091174221
-0.0079283189
-0.0059165549
-0.0044443865
-0.0018068368
0.00063436886
0.00090496257
0.0017309324
0.0030943588
0.0023656841
0.0030657748
0.003427789
0.0026439945
0.0026623905
0.0036106373
0.0046778291
0.006259441
0.0087339242
0.0094480203
0.011567061
0.015156461
0.017577017
0.015720679
0.01465672
0.013284519
0.012571246
0.0092652031
0.0082239672
0.0054916768
0.0047753656
0.0057824421
0.0048399684
0.0059175477
0.0065739873
0.0075341762
0.0086148105
0.0067386486
0.0045300095
0.0044753357
0.0026244152
0.0024695695
0.00069320576
0.00047291737
0.001453044
0.0018930211
0.0021542072
0.0022269942
0.0026432939
0.0033006355
0.003517334
0.0026983541
0.0034868197
0.0045542251
0.006370472
0.0079496898
0.0093609286
0.011682379
0.011581565
0.01284808
0.014269237
0.014627959
0.014462504
0.01514264
0.015634839
0.015229466
0.014333261
0.013120311
0.010758083
