-0.0017711652
-0.00092855254
-0.00067585968
0.00018543897
0.0015577866
0.005416902
0.011355662
0.009338338
0.00036735922
-0.0052826179
-0.0089584841
-0.011360347
-0.013211153
-0.011080575
-0.0097568032
-0.0086567534
-0.0058723643
-0.0052767187
-0.0050589143
-0.0042372906
-0.0036230147
-0.0059522042
-0.0072524811
-0.0098645682
-0.011082114
-0.01140536
-0.012487924
-0.012508944
-0.011389074
-0.0092928784
-0.0083961839
-0.0077201686
-0.0087415448
-0.009240621
-0.0079995872
-0.0076945799
-0.0071504804
-0.0068585869
-0.005662253
-0.0048498619
-0.0030635612
-0.0026198133
-0.0020616755
-0.0019386278
-0.0017259768
-0.001924686
-0.0017113511
-0.0032685891
-0.0048942196
-0.0045293074
-0.0018423166
-0.0010700435
0.00047529676
0.0025451478
0.002744845
0.0018958332
0.0014702826
-0.00047406704
-0.0014690637
-0.0020884223
-0.003015422
-0.0023405473
-0.0013317927
0.00031541187
0.0023848904
0.0015393834
0.0020438135
0.0023437892
0.004547362
0.0086336327
0.010628107
0.011566372
0.014617743
0.01682759
0.014501904
0.014208794
0.012482606
0.011081454
0.012398069
0.01449004
0.017932029
0.021158854
0.022756149
0.021360539
0.017127585
0.012893115
0.0098622845
0.0061712534
0.008472331
0.0087426826
0.0089819307
0.0084160847
0.0055146393
0.002099524
0.00016218919
-0.00035605412
-5.6353168e-05
0.0010465386
0.0021089384
0.0021626268
0.0026999621
0.0040069722
0.0044330267
0.0047742944
0.0047574332
0.0046166907
0.004789724
0.0054126821
0.0054968823
0.0058007997
0.005727957
0.0057529218
0.0066441132
0.0073029014
0.0098917561
0.012411754
0.015349243
0.013914109
0.017268658
0.015307287
0.011425319
0.012020671
0.0096683113
0.010308254
0.0050177474
0.002220112
0.00099824425
-0.0011334706
-0.002982769
-0.0021747594
-0.0015289536
0.00049829904
-0.0021813988
-0.0025149692
-0.0031351351
-0.0024498502
-0.0024029062
-0.0016342104
-0.0018039481
-0.0012670208
-0.0015215602
-0.0023799215
-0.0024760134
-0.0020437436
-0.002600967
-0.002208008
-0.0019714099
-0.00063784774
0.00075340908
0.0066446177
0.010985825
0.0056167461
-0.0034909476
-0.0072687732
-0.0082851381
-0.010280703
-0.0095298315
-0.0088498916
-0.010024996
-0.008555607
-0.0079868943
-0.0065243734
-0.0039969203
-0.0015441413
-0.0046342548
-0.0071018993
-0.0086610988
-0.0096532392
-0.013039453
-0.015453013
-0.016898329
-0.015755223
-0.013428706
-0.011228003
-0.011188495
-0.012502117
-0.014213589
-0.012627353
-0.01068193
-0.0087831286
-0.0067177764
-0.0053749693
-0.0037996337
-0.0014641531
-0.00050834425
-6.2352006e-06
0.0008320354
0.0020039368
0.0032772619
0.004844645
0.0043265522
0.0042646307
0.0034389723
0.0016626009
0.0025614128
0.0057885745
0.009478775
0.01008158
0.0078358265
0.0069416032
0.0068689406
0.0061419716
0.004513118
0.0037103274
0.0029345517
0.0021667423
0.00295717
0.0042858441
0.0048380842
0.0054593522
0.0085529482
0.0099267172
0.011016398
0.011848059
0.014021403
0.014818481
0.015717455
0.015070654
0.013686708
0.011533359
0.0093330244
0.010685696
0.01134433
0.013551669
0.01580939
0.018272898
0.016349202
0.012818288
0.011281298
0.0076786716
0.0071657684
0.0061793903
0.0054221489
0.0046243881
0.0042525516
0.002458605
0.001879919
0.00012462718
-0.00089646816
-0.00075250187
-0.00049216952
7.6821317e-05
0.00059680401
0.0012655387
0.0012754038
0.001950108
0.002480801
0.0022316846
0.0023150132
0.0022229491
0.0027613326
0.0031562652
0.0036329944
0.0042379423
0.0046304693
0.0053722496
0.0073561862
0.0096308918
0.012037047
0.015005158
0.016627651
0.019557602
0.019763906
0.014773518
0.011787589
0.00862868
0.0064117728
0.0040954558
0.00184055
-0.0027604528
-0.0032392058
-0.0038689314
-0.0039541699
-0.0032552645
-0.0027917694
-0.0040641252
-0.0052156137
-0.0047470066
-0.0042783299
-0.0028298418
-0.0025840499
-0.002667702
-0.0021671781
-0.0026416615
-0.0028211017
-0.0030067059
-0.0028932136
-0.0030366535
-0.0050940615
-0.0046685133
-0.0048338334
-0.0034538285
-0.001937241
0.0045463967
0.0069167935
-0.00014486341
-0.0047454431
-0.0076130617
-0.013393398
-0.012041165
-0.011746829
-0.010793123
-0.011062058
-0.010870035
-0.0071261336
-0.0048640899
-0.0030419066
-0.00272164
-0.0048258217
-0.0086042477
-0.0099826965
-0.011877146
-0.014558911
-0.019491621
-0.021618448
-0.021374356
-0.020430124
-0.01889527
-0.021245011
-0.022446285
-0.022611504
-0.020729761
-0.016017281
-0.011333322
-0.0092236718
-0.006838578
-0.0045668125
-0.0017107019
0.00047671112
0.0018207909
0.002977419
0.0055297445
0.0085268227
0.0093284031
0.011103681
0.010864053
0.013182382
0.011439668
0.010777085
0.015363863
0.019171531
0.019071803
0.017113851
0.014017997
0.014365005
0.012576853
0.0083653805
0.0095228059
0.007973579
0.0075256773
0.0067453224
0.0075680981
0.010547622
0.011483964
0.014443054
0.015330816
0.014801564
0.011926772
0.014426006
0.015188877
0.014043315
0.01158613
0.0088796792
0.0060341329
0.0039632534
0.0045547507
0.0069021922
0.0079686428
0.0087851305
0.0085810447
0.0033703358
0.0016710349
0.0017136615
0.0022806399
0.001530473
-0.0013718823
-0.0029489515
-0.0014100577
-0.00038337304
-0.0025128678
-0.0019837944
-0.0027661372
-0.0032111699
-0.0024526959
-0.0022843112
-0.0018789846
-0.0018129677
-0.0013077385
-0.00074081061
-0.00052933208
-0.00036793402
-0.00021537114
-0.00010814706
0.0003041299
0.00058611384
0.00068042172
0.0012672257
0.0015027642
0.0026219756
0.0039423369
0.0055050017
0.0065362359
0.012260215
0.018446413
0.020844113
0.015658263
0.010761617
0.0074152699
0.0054332044
0.0035321871
0.001361531
0.00032775435
-0.003869782
-0.005051195
-0.0084126217
-0.0086997836
-0.0076546755
-0.0070734544
-0.0068359403
-0.0075032969
-0.0056301523
-0.0044508522
-0.0047799803
-0.003994751
-0.0034352186
-0.0032705786
-0.0041155271
-0.0039777511
-0.0042873215
-0.0045709516
-0.0050231328
-0.0048235961
-0.0071337254
-0.0063924879
-0.0066966211
-0.0058938974
-0.0047434514
2.4042474e-05
0.00090140873
-0.0076483506
-0.012220901
-0.014404376
-0.018590095
-0.018132404
-0.018369616
-0.019206846
-0.015001104
-0.010258168
-0.0063291639
-0.0058972422
-0.0067923306
-0.0077539663
-0.0082202361
-0.011420601
-0.014391121
-0.017329484
-0.019282919
-0.025542066
-0.02899057
-0.031080195
-0.029790047
-0.030766445
-0.034911339
-0.034868894
-0.034734144
-0.029234899
-0.025282061
-0.019983399
-0.016551109
-0.014254863
-0.010904668
-0.0061003883
-0.0028663634
0.00083781237
0.0025982553
0.0049674087
0.0076661711
0.010581455
0.017301893
0.021520835
0.023583986
0.024643634
0.026017585
0.026094337
0.025884423
0.023339933
0.021828257
0.021401607
0.021271474
0.01729348
0.015869754
0.017842292
0.015567602
0.0161128
0.016929997
0.01576182
0.014221923
0.016972258
0.020372157
0.020289389
0.018072688
0.017314025
0.014791641
0.012731464
0.0079706631
0.0042756885
0.0012642958
-0.0032829486
-0.0031703021
-0.0027599274
-0.0035783206
-0.0049866485
-0.0042001128
-0.0056883855
-0.0098592386
-0.0091836342
-0.0073002187
-0.0061702363
-0.0063926644
-0.0069319233
-0.0078226955
-0.0060935142
-0.0053067826
-0.0051854296
-0.0052839868
-0.0051082758
-0.0054773659
-0.0053558342
-0.0053355017
-0.0043941354
-0.0042306455
-0.0038222216
-0.0029436
-0.0022959504
-0.0017083767
-0.0013081557
-0.0016823572
-0.0011850557
-0.0015686778
-0.0011382616
-0.0011481873
-0.00035438392
0.00039857024
0.0011804798
0.00085491328
0.00065235502
0.0065607028
0.009146951
0.0077456446
0.0062159437
0.0025289498
-7.4256677e-05
-0.00091457316
-0.0026367829
-0.002353808
-0.0051787464
-0.0064365519
-0.0097850173
-0.010684173
-0.012392382
-0.01051918
-0.0088749084
-0.0078874406
-0.0075236946
-0.00619004
-0.0056099465
-0.0054864916
-0.0049334752
-0.0051858316
-0.0061414945
-0.0062962115
-0.0056881448
-0.0063445769
-0.0064546697
-0.0074126702
-0.006811814
-0.0090627546
-0.0081432774
-0.0082125514
-0.007416695
-0.0079255268
-0.0047079434
-0.0091575656
-0.01482712
-0.017728724
-0.017644478
-0.018118898
-0.021872297
-0.023194211
-0.024168303
-0.01721288
-0.011830838
-0.0078877547
-0.0078607503
-0.008447799
-0.010616849
-0.014192598
-0.017769309
-0.020464233
-0.023545198
-0.025028208
-0.030499697
-0.037621157
-0.042300403
-0.045153871
-0.047554658
-0.050108917
-0.048353667
-0.04606552
-0.042816208
-0.035858413
-0.031662514
-0.028734227
-0.024109676
-0.018392912
-0.012203791
-0.0059495319
-0.00043141454
0.00016446445
0.0013759303
0.0050962716
0.01088224
0.020968694
0.024710036
0.026822914
0.03087532
0.029653522
0.031526207
0.030218589
0.026562455
0.026382757
0.025784396
0.02302319
0.023947526
0.025294158
0.024258302
0.02230127
0.026965278
0.026645889
0.023963745
0.025806168
0.023375846
0.025025494
0.025895357
0.022931996
0.020463237
0.017928521
0.012700089
0.0041514398
8.676894e-05
-0.003203304
-0.0085709258
-0.0091858508
-0.012093852
-0.013258688
-0.015745076
-0.015163339
-0.014240097
-0.014906563
-0.012052021
-0.010840662
-0.01018253
-0.011469586
-0.010029822
-0.0091489099
-0.0076964581
-0.0073801982
-0.0064708221
-0.0065165828
-0.006690731
-0.0057556031
-0.0052959256
-0.0048877287
-0.0043675706
-0.0038148543
-0.0019296321
-0.0012197338
-0.0013029149
-0.0014731639
-0.00071117245
-0.0009553609
-0.00087222498
-0.0014859641
-0.0013117825
-0.0012852122
-0.0003503215
-0.0018067632
-0.0016680723
-0.00394876
-0.0022659381
-0.000289017
0.0012410983
0.00065825341
-0.0027125317
-0.0013178454
-0.005489019
-0.0045733129
-0.0038160337
-0.0031476154
-0.0057761147
-0.0087068716
-0.0084076384
-0.011580731
-0.014334006
-0.013348555
-0.012420931
-0.010738083
-0.0083009875
-0.0067943653
-0.0072722426
-0.0072703898
-0.0073263823
-0.0075711214
-0.0078811485
-0.0080419119
-0.0086949964
-0.009049624
-0.009631685
-0.0090567648
-0.0090048404
-0.0098903961
-0.0095719158
-0.0087567242
-0.0097736769
-0.011545825
-0.011411087
-0.015599524
-0.02068823
-0.018479007
-0.018141525
-0.017095664
-0.02221847
-0.026555184
-0.021734019
-0.015987508
-0.0080911435
-0.0077221178
-0.0084039596
-0.011313829
-0.014266524
-0.020268875
-0.025090789
-0.029309699
-0.031118655
-0.036371454
-0.0417487
-0.045956332
-0.049788246
-0.055162276
-0.05675118
-0.058253697
-0.057918254
-0.057190213
-0.054623864
-0.051148399
-0.044614787
-0.039055404
-0.033205343
-0.025110418
-0.014811307
-0.0045911238
0.003608975
0.0074911615
0.0076260737
0.0075284888
0.011339375
0.020008292
0.025599243
0.02625591
0.02937342
0.029764685
0.028454548
0.026708157
0.025090127
0.021539853
0.017901623
0.018558216
0.01862168
0.028014319
0.02883727
0.02961709
0.0369638
0.036392889
0.032786251
0.033563208
0.030253136
0.030425391
0.027189037
0.025039191
0.023296411
0.019490185
0.013466925
0.005620062
-0.00055789173
-0.0043757721
-0.0072252657
-0.008381941
-0.01187515
-0.015206911
-0.015451856
-0.017931217
-0.017254835
-0.015314718
-0.014149826
-0.012887615
-0.011519021
-0.011247134
-0.0098425577
-0.0089778494
-0.0073144717
-0.0059621928
-0.0054434249
-0.0046776045
-0.004348263
-0.0043192442
-0.0037789214
-0.0036269162
-0.00308438
-0.0021471262
-0.0018138099
-0.0014934339
-0.0008193814
-0.00021986322
2.3801264e-05
-0.00024982062
-0.00029006946
-0.00035299336
-0.00061979194
-0.001079749
-0.0015009713
-0.0030260733
-0.0046962691
-0.0073869297
-0.0074769692
-0.0053578627
-0.0041457763
-0.0035101209
-0.0036087585
-0.0037604554
-0.0034427817
-0.0045710526
-0.0041377284
-0.0057913589
-0.0063012343
-0.0045628442
-0.010755441
-0.013480443
-0.015192339
-0.017477254
-0.016414656
-0.012099458
-0.0090534349
-0.0078780402
-0.0080429862
-0.0080736651
-0.0089435123
-0.0082490623
-0.0091422924
-0.0097384562
-0.010787071
-0.01023752
-0.010509895
-0.010023677
-0.0099419339
-0.0094291914
-0.009181024
-0.010323263
-0.013108717
-0.014318393
-0.015618454
-0.018010097
-0.019208042
-0.017721701
-0.018829984
-0.016524519
-0.021683856
-0.023672707
-0.02419412
-0.01738235
-0.01131448
-0.0095606172
-0.011194369
-0.014522306
-0.018143944
-0.022941544
-0.029551363
-0.031632121
-0.035744289
-0.039231733
-0.048439551
-0.050901767
-0.054607885
-0.055191187
-0.060304499
-0.065797928
-0.063869399
-0.065848084
-0.064067036
-0.059215735
-0.055236554
-0.046281046
-0.040069989
-0.026506389
-0.015284233
-0.0050880071
0.00655414
0.0049464529
0.0069286067
0.011631576
0.021232811
0.021563765
0.025237123
0.022962933
0.025123904
0.028487721
0.026551038
0.027157004
0.027630653
0.023083192
0.022099447
0.02433615
0.025392692
0.035219196
0.035135055
0.031990094
0.035485062
0.037685315
0.03975729
0.038818027
0.035012009
0.031100338
0.027539158
0.024168011
0.022766459
0.017529325
0.013072943
0.0062501532
0.0023733265
-0.0015952522
-0.0030784308
-0.0029273003
-0.0063046616
-0.0090526525
-0.010317671
-0.010730906
-0.011045571
-0.011146852
-0.0097034874
-0.0093317544
-0.0079743017
-0.0077638025
-0.0062786267
-0.00556952
-0.0039333649
-0.0027999685
-0.0028113581
-0.0020571452
-0.0012316084
-0.0015964172
-0.0011400766
-0.0011617055
-0.00097311769
-0.00037039417
0.00020419032
0.00045154761
0.00069211396
0.00048320673
0.00069358348
0.00028708107
0.00060225267
0.00036503762
-6.4574496e-06
-0.00045029761
-0.0015316203
-0.0031966379
-0.0055815761
-0.011647884
-0.013474663
-0.004489903
-0.0032713438
-0.0040219102
-0.0030874437
-0.0050268422
-0.0039525751
-0.0047046232
-0.0099752049
-0.012427951
-0.014219994
-0.015608127
-0.014517863
-0.013752161
-0.016002207
-0.017907219
-0.01346452
-0.010026351
-0.0072597201
-0.00704861
-0.0066829096
-0.0074790259
-0.0078893187
-0.0083717593
-0.009339615
-0.010017556
-0.010860027
-0.011024813
-0.010018419
-0.010251002
-0.0096452176
-0.011247284
-0.011502367
-0.013947757
-0.015838116
-0.017194669
-0.017328963
-0.020238842
-0.014941035
-0.015346679
-0.016281994
-0.017123015
-0.021889578
-0.02535574
-0.026275655
-0.018813104
-0.011595949
-0.013131994
-0.013455422
-0.014646797
-0.017498858
-0.022591217
-0.028367087
-0.031685491
-0.035237017
-0.039841449
-0.047513678
-0.052979449
-0.055548202
-0.058368915
-0.065233066
-0.070323848
-0.070504297
-0.069970614
-0.068056756
-0.061558391
-0.056084798
-0.047204666
-0.033445321
-0.018879593
-0.010145341
0.0001810344
0.0082116574
0.0020461531
0.0029404294
-0.0010087398
0.0033946559
0.0095916924
0.010740253
0.018689742
0.020964907
0.023986721
0.022055875
0.023215131
0.025037137
0.020714271
0.027901886
0.03157539
0.036586978
0.041941008
0.044239948
0.044569368
0.042213066
0.044160427
0.039914827
0.035282151
0.031187752
0.027118496
0.022591469
0.019205472
0.018115238
0.013675369
0.0096832798
0.0052861839
0.00045126384
-0.0018165663
-0.0024124312
-0.0028932204
-0.0052695918
-0.0064046345
-0.0071344721
-0.0057333527
-0.0060372311
-0.0046411576
-0.0041257022
-0.0036007532
-0.0044971052
-0.0044082941
-0.0037674341
-0.0028658567
-0.0027096943
-0.0013347213
-0.0012744835
-0.00065986802
-0.00050829278
-8.6028197e-05
-0.0002123266
-0.0001893652
-0.00047571753
0.00062162308
0.000615311
0.00029436907
7.42213e-05
-1.3186607e-05
-0.00015179885
6.8759852e-05
-0.00042756561
-0.00078184845
-0.001151576
-0.0016983127
-0.0031154329
-0.0043542365
-0.0066701145
-0.015534555
-0.01334102
-0.0046960785
-0.0041558083
-0.0018235149
-0.0071418055
-0.0070451658
-0.0063765404
-0.0096026022
-0.012274289
-0.014889031
-0.01767788
-0.016897042
-0.01557977
-0.014935108
-0.012753609
-0.011894414
-0.0088159252
-0.0081871063
-0.0063635991
-0.0059083701
-0.0067159775
-0.0064841841
-0.0069911792
-0.0077250122
-0.0082890204
-0.0094005324
-0.0096943837
-0.01000056
-0.0095576986
-0.010070221
-0.010316965
-0.012890696
-0.012681993
-0.016316406
-0.015218993
-0.015975546
-0.018410654
-0.015051629
-0.015184177
-0.015154489
-0.016589706
-0.019361939
-0.021156743
-0.023359718
-0.026215646
-0.01784471
-0.013043538
-0.01626486
-0.018440765
-0.016043429
-0.016434036
-0.020148818
-0.025918872
-0.0301028
-0.034704175
-0.040366076
-0.045412863
-0.052043877
-0.058626009
-0.068060902
-0.073693002
-0.077416443
-0.080117876
-0.078208189
-0.075928574
-0.067995182
-0.057406862
-0.046316284
-0.030886183
-0.020357135
-0.01428915
-0.0039841603
-0.0039661554
-0.0023107466
-0.0035850745
-0.0043634317
-0.0023768391
0.010324966
0.011178484
0.014327952
0.018188383
0.02316329
0.021070676
0.024074441
0.029889015
0.032457478
0.038687067
0.042105849
0.047049073
0.049193862
0.049800734
0.049912977
0.048935401
0.043125724
0.040520428
0.037663456
0.033165482
0.02607998
0.02341632
0.019250236
0.015813004
0.011473214
0.0075013857
0.0033126962
0.0011787037
-0.0018190591
-0.0026748755
-0.0025193085
-0.0028674338
-0.0049465328
-0.0030750098
-0.002503013
-0.0018754476
-0.0015476031
-0.0013282884
-0.0016327069
-0.0022232038
-0.0026534094
-0.0015030265
-0.00077312695
-0.0014378239
-0.001386135
-0.00067586724
-0.00011115818
0.00014916181
-0.00015131333
-0.00017221324
-0.00016315082
4.2332959e-05
-0.00054803292
-0.00030937521
-0.0007702262
-0.00048779983
-0.00082403162
-0.00039920789
-0.00068469621
-0.001121644
-0.0013179607
-0.001884233
-0.0020974078
-0.00355659
-0.0047058717
-0.006212832
-0.014596314
-0.014976393
-0.0081739066
-0.0047642519
-0.0028754819
-0.010254131
-0.012806952
-0.011298904
-0.014069031
-0.014330699
-0.012801782
-0.014891476
-0.015120561
-0.010962495
-0.0099704197
-0.0075486363
-0.0057621518
-0.0034728301
-0.0026130223
-0.0025063435
-0.0046714201
-0.0043976908
-0.0045657215
-0.003953169
-0.0052513642
-0.0067068248
-0.0073614385
-0.0077695737
-0.0087688417
-0.0087281411
-0.0092395432
-0.011205376
-0.012317253
-0.012975438
-0.015888891
-0.015028931
-0.014711649
-0.015089479
-0.013893617
-0.014062225
-0.016620083
-0.017028074
-0.022457051
-0.026079768
-0.029393113
-0.026063503
-0.016468352
-0.01683773
-0.018892065
-0.021795848
-0.02153252
-0.019100477
-0.021913379
-0.026739601
-0.031307526
-0.03720863
-0.045191319
-0.052200269
-0.061127677
-0.06717425
-0.073698524
-0.076596631
-0.076854399
-0.075914105
-0.074351604
-0.068314767
-0.061553275
-0.053120527
-0.040556188
-0.028373742
-0.019167036
-0.014524762
-0.0089892774
-0.0024800271
0.0016759333
0.0045364679
0.0050816201
0.005268654
0.020781309
0.018526614
0.021151149
0.028986991
0.028141591
0.024564603
0.033213707
0.036737612
0.039490952
0.041707646
0.046150143
0.048324361
0.051030228
0.048467147
0.049771694
0.046624801
0.0438349
0.037381208
0.033766911
0.031378554
0.027106503
0.024476606
0.020767811
0.018506565
0.014025923
0.012265323
0.0086805428
0.0069803516
0.0041577611
0.0024044182
0.0015167045
0.0023441073
0.0025242131
0.0018608163
0.0014596869
0.002265581
0.0010650956
8.2225874e-05
0.00022625968
-0.00044513058
-0.00012641117
0.00038212702
0.00053320167
0.00012300615
-0.00015428152
0.0014037358
0.00089497065
0.0015286166
0.0019379494
0.001001599
0.00026963707
0.0004432732
-0.0003897698
-0.00045121693
-0.0011044653
-0.00039810645
-0.00041291387
0.00031687698
-0.00062143195
-0.0014866572
-0.001820468
-0.0014457905
-0.0023286751
-0.0022687972
-0.0041764814
-0.0063772211
-0.010755129
-0.010333258
-0.012384677
-0.0084273925
-0.0052451419
-0.0080510601
-0.010853518
-0.012590555
-0.013125812
-0.010029402
-0.0099519598
-0.0086044712
-0.0075758223
-0.0065128988
-0.0053489698
-0.0036696228
-0.0030389075
0.00058750565
0.0024045602
-7.0241325e-05
-0.00058990453
-0.0010274418
-0.0001258888
-0.0035798997
-0.003933379
-0.0020204703
-0.0044885642
-0.0055988912
-0.0051481817
-0.0068937771
-0.008827222
-0.010238123
-0.0091713251
-0.013596263
-0.014520284
-0.011765424
-0.014139844
-0.015759458
-0.015776477
-0.016661378
-0.019445928
-0.0188906
-0.022512656
-0.025180434
-0.030210943
-0.02175042
-0.018773757
-0.016443538
-0.014574331
-0.020244645
-0.020990218
-0.02141986
-0.022223774
-0.024886137
-0.031154535
-0.040454899
-0.048534983
-0.054377338
-0.061344861
-0.063842392
-0.06646539
-0.066439381
-0.065927917
-0.061038372
-0.060052144
-0.057432909
-0.051706458
-0.040212277
-0.029131033
-0.016382702
-0.012669883
-0.0058615326
-0.0010318668
0.0029210884
0.012780724
0.019634441
0.02541373
0.032630254
0.033984655
0.034676466
0.036479008
0.038394835
0.041445243
0.043690592
0.046168108
0.047114364
0.046633743
0.04652448
0.047835146
0.048102638
0.049483365
0.047262703
0.04615609
0.039674373
0.03783018
0.034507493
0.033510873
0.030339284
0.027045003
0.024083778
0.023578627
0.020652519
0.022191107
0.020019919
0.01637178
0.013837201
0.011785689
0.010272835
0.0075739137
0.0073310853
0.0094245451
0.0096707369
0.0078181087
0.0065502473
0.0044982037
0.003106374
0.0035570045
0.0013670694
0.0027598583
0.0023062866
0.0031497971
0.0021823265
0.0031829377
0.0029928328
0.0021363849
0.0029592717
0.0036525998
0.0037099576
0.0028093574
0.0029028049
0.0028031471
0.0017188029
0.0013556237
0.0030387892
0.0038267627
0.0033743036
0.0029194335
0.0022373134
0.00086741501
-0.00057038017
-0.0018841948
-0.0032820268
-0.0056703672
-0.006641013
-0.0032893704
0.0038234881
-0.0058342821
-0.0086573499
-0.0040464485
-0.0050163507
-0.0076547375
-0.010847169
-0.0103758
-0.0096963454
-0.0056193698
-0.0050510723
-0.0033699425
-0.0019254629
-0.0015330018
-0.00021191218
0.0020703208
0.0026813204
0.0047140995
0.0062184473
0.0071487941
0.0034414192
0.0057439447
0.0054231877
0.0030895301
3.0803575e-05
-0.0029484201
-0.0047269265
-0.0048021645
-0.0055870222
-0.0077769805
-0.007921977
-0.0062347231
-0.008701373
-0.0080018348
-0.0075972626
-0.0106198
-0.013268224
-0.014059513
-0.015422167
-0.016918325
-0.016397382
-0.017714876
-0.019158223
-0.019304808
-0.014948394
-0.013992651
-0.014340245
-0.01351752
-0.01559681
-0.018717531
-0.021589192
-0.02308996
-0.025993097
-0.030985829
-0.03576487
-0.041283382
-0.04919324
-0.053943643
-0.056990296
-0.057478733
-0.05813314
-0.052963687
-0.048731922
-0.047939044
-0.044534354
-0.039043257
-0.025375419
-0.015544086
-0.0049787672
-8.4693625e-05
0.0060745822
0.0079330603
0.019035426
0.029314169
0.038321262
0.050555192
0.054072387
0.054851363
0.054755467
0.053889276
0.047535548
0.050162908
0.057617454
0.060998249
0.056357564
0.056416425
0.054030334
0.053787642
0.052001244
0.051537329
0.051615406
0.047939801
0.040135342
0.035889943
0.034723388
0.031071997
0.029548471
0.027127725
0.024203312
0.021301894
0.019368436
0.018084629
0.016622069
0.013590053
0.013166386
0.012046329
0.010521378
0.0084007941
0.0081316043
0.011165256
0.012863142
0.014145796
0.014173339
0.013705991
0.013036341
0.011374559
0.010271735
0.010073485
0.010621776
0.011746382
0.01319726
0.013122618
0.013078618
0.01143512
0.013411596
0.01676745
0.017194517
0.018663669
0.017307523
0.015743051
0.014437685
0.013568992
0.012403699
0.010467962
0.011872607
0.012142051
0.010226523
0.0091404199
0.0080845979
0.0030712856
-0.001314569
-0.004963617
-0.006627415
0.0020477616
0.0096273714
0.0025846319
-0.0056375849
-0.0034317916
-0.0038266132
-0.0055769062
-0.0058895559
-0.0050662917
-0.0032053791
-0.0011172474
0.0010163893
0.00096565383
0.0054092652
0.0044078753
0.0058161741
0.0064527506
0.0044610652
0.0060903852
0.0063335427
0.0065748235
0.0070037691
0.0063553169
0.0046115277
0.0024927012
-8.303695e-05
-0.0034441948
-0.004615015
-0.0040351349
-0.0068075788
-0.0047834699
-0.0042277825
-0.0047045681
-0.0065852791
-0.0046756375
-0.0054007698
-0.0068964176
-0.0067207756
-0.0097490583
-0.010479182
-0.012693537
-0.013981011
-0.013488254
-0.012027664
-0.0098126463
-0.0090462251
-0.01205609
-0.013656557
-0.015034396
-0.015523778
-0.018178704
-0.017141745
-0.017868768
-0.022324683
-0.026221575
-0.032271766
-0.034313522
-0.041200183
-0.045663111
-0.046344243
-0.047458044
-0.04277182
-0.03632366
-0.037119908
-0.039067346
-0.02991046
-0.016325602
-0.0053481559
0.0064563206
0.01773406
0.026044796
0.023856356
0.02574212
0.035690225
0.038778745
0.046584703
0.059082713
0.068152747
0.069128494
0.064043969
0.059189181
0.054787471
0.055400884
0.065004031
0.062381127
0.061524045
0.055337616
0.050470905
0.048788449
0.047101142
0.045138776
0.042893408
0.038131554
0.032628095
0.030049489
0.024138637
0.02337224
0.021042764
0.018138964
0.016739035
0.014720685
0.013487615
0.0088445727
0.0086312568
0.0094963282
0.007263237
0.0078892852
0.0093830292
0.0090663436
0.010737832
0.012886902
0.01069586
0.012854938
0.015640697
0.01652943
0.017145232
0.019152701
0.019758734
0.019627596
0.019443635
0.019180603
0.019731827
0.021833933
0.021470686
0.021716636
0.024193248
0.027948336
0.028224249
0.02720599
0.024558031
0.017682553
0.01592286
0.011685584
0.0065738219
0.0036370158
0.0032169644
0.0014721391
0.00068528499
-0.00083745121
-0.0044978714
-0.0052709084
-0.0067762742
-0.0088268166
0.0053307303
0.013885384
0.01267859
0.0029676368
0.00064466138
-0.00037986673
-0.002816622
-0.0013708415
-0.0015379546
0.0025233273
0.004053778
0.0066421941
0.0047322702
0.0061060575
0.0067654024
0.0063282846
0.003816628
0.0059152839
0.0055318079
0.0048701857
0.0057452597
0.010369668
0.0085496997
0.0043761632
0.0035604415
0.0020644622
0.00016072966
0.00044030448
-0.003018285
-0.0051903201
-0.007442999
-0.0079045921
-0.0060112202
-0.0076337607
-0.0073314288
-0.0066183698
-0.0043875869
-0.0035168905
-0.0045905799
-0.0047155141
-0.0037695483
-0.0061091091
-0.0089701495
-0.0099918411
-0.010176317
-0.0096202644
-0.0075433323
-0.010560575
-0.0069851288
-0.013496515
-0.013763873
-0.013247289
-0.014054847
-0.015236247
-0.016538468
-0.019994012
-0.023217398
-0.025816624
-0.028360467
-0.030959365
-0.031406116
-0.028715361
-0.022725274
-0.020542455
-0.021367935
-0.020309509
-0.0093469796
0.0037012031
0.015559979
0.02243457
0.029743999
0.03800821
0.036667046
0.033066645
0.035531571
0.038328856
0.044260398
0.054330174
0.064864047
0.064533566
0.061102265
0.054923938
0.047381203
0.051604133
0.057254021
0.054819058
0.049114954
0.043905956
0.04042131
0.037505112
0.032587618
0.028400346
0.024376159
0.020857856
0.017232482
0.014118564
0.013163587
0.01019708
0.010960469
0.010122879
0.0096067803
0.0059881688
0.0031448527
0.0014050899
0.0017638027
0.0055548982
0.0057928085
0.0068574385
0.005934349
0.0067943015
0.0070792422
0.0092640237
0.01020079
0.0098706853
0.010495768
0.012962359
0.015601363
0.019858998
0.022768092
0.023751103
0.022103792
0.023644253
0.022038586
0.025315566
0.025650522
0.027793331
0.029681077
0.034821746
0.033031853
0.033252439
0.026079525
0.021990749
0.014037927
0.007243484
-0.00051853636
-0.0042747531
-0.0044922513
-0.005556752
-0.0083268145
-0.0099248107
-0.0088605371
-0.010588255
-0.014996327
0.00121492
0.014224095
0.012347483
0.0065188914
-0.0036964452
-0.0064976573
-0.0050284875
-0.003261567
-0.0013853073
0.0022335515
0.002939935
0.0049391627
0.0044356349
0.0043367103
0.0044836178
0.0055473155
0.0048935888
0.0051375463
0.0066453062
0.007700468
0.0077830632
0.0079864718
0.010514122
0.010529048
0.0083568912
0.0074403348
0.0037075831
0.0042104447
0.0027972241
0.00080668935
-0.0023010623
-0.0057610839
-0.0067335081
-0.0088196979
-0.00844253
-0.0080872472
-0.0059044444
-0.0053887007
-0.0044973027
-0.0044355816
-0.0043916012
-0.0042483043
-0.0059017866
-0.0057644227
-0.0082883532
-0.0079632886
-0.0081199678
-0.0066917584
-0.0075861531
-0.0043575874
-0.0087707808
-0.008711593
-0.010039803
-0.010164214
-0.0095954505
-0.011072239
-0.012376085
-0.014288392
-0.016175608
-0.01804021
-0.019556092
-0.018279242
-0.016663892
-0.0099829302
-0.0090161494
-0.0058645519
-0.0044189556
0.0040447039
0.010699276
0.019796884
0.026993496
0.032516885
0.038737319
0.034500587
0.029165478
0.030538034
0.035030748
0.037555036
0.045489527
0.047684946
0.047178889
0.047408958
0.041865989
0.035686814
0.037691337
0.039424506
0.036841815
0.031470221
0.028212089
0.024145318
0.019731285
0.01323903
0.01099572
0.0079420067
0.0049270972
0.0038384016
0.0034281493
0.0023877453
0.0033020929
0.0039154484
0.0057804194
0.0023749272
0.000449706
-0.0016609688
-0.0026166114
-0.00098748861
-0.00018777199
0.001398491
0.0019175347
0.0022699225
0.0038879076
0.0053084964
0.0071015079
0.0073928571
0.0082610705
0.0085427359
0.0088191113
0.011807453
0.014469808
0.01827022
0.019732261
0.023027773
0.024149364
0.022316937
0.020721116
0.022339333
0.024413395
0.027548893
0.030712665
0.032611824
0.031400249
0.025584563
0.018690267
0.010856279
0.0029761519
-0.0037260163
-0.0052589106
-0.0077410475
-0.0089415957
-0.010764766
-0.010994251
-0.010227385
-0.0056051197
-0.0032887494
0.0082197443
0.011267501
0.0088401134
0.002825455
-0.0043457664
-0.0084834788
-0.0077503799
-0.0041581018
-0.0029975001
0.0021964987
0.0051004611
0.0047217464
0.0062005542
0.0046635803
0.0028891755
0.0042320884
0.0048254569
0.0040214186
0.006435568
0.0069773709
0.0083398398
0.0095207637
0.0084248097
0.0095683474
0.0093863441
0.0081052266
0.0045316923
0.0056391336
0.0061200567
0.0047560949
-0.00062492368
-0.004653145
-0.0057017687
-0.0088929393
-0.0058852319
-0.0057747167
-0.0061523879
-0.0050164683
-0.0052289261
-0.0044801275
-0.0042563765
-0.0042917251
-0.0042036257
-0.0048446377
-0.0056052482
-0.0062127967
-0.0062034741
-0.005489689
-0.0054613587
-0.0045802446
-0.0037052671
-0.0056081569
-0.0074938198
-0.0086438584
-0.008831813
-0.0082121234
-0.0090715282
-0.0093171137
-0.010295025
-0.010615706
-0.010207663
-0.0089887088
-0.0066107539
-0.0031596391
-0.0018186937
0.0016060979
0.004592454
0.0085848777
0.012851829
0.019780787
0.022230452
0.027537534
0.028001665
0.022723103
0.021882123
0.024618112
0.026040673
0.028738197
0.032536574
0.031850841
0.032994987
0.03092098
0.026547831
0.020760169
0.019918848
0.020330209
0.020983502
0.018155079
0.013388479
0.0086325634
0.0036204653
-0.0008592899
-0.0030566082
-0.0047562431
-0.0057379993
-0.0059523847
-0.0049623781
-0.0041702254
-0.003100078
-0.00097199949
9.6795527e-05
0.0012690225
0.00075258715
-0.0018584195
-0.0026095668
-0.0033624676
-0.004012867
-0.0023202172
-0.0015629385
-0.00047348165
0.0017703563
0.0024325287
0.0035457296
0.0047876358
0.0063494665
0.0071823923
0.0066523013
0.0083727067
0.010351576
0.012052446
0.014075519
0.016543329
0.016418154
0.015334279
0.014906465
0.016506304
0.020147625
0.021103126
0.020708767
0.021957322
0.022559699
0.017794757
0.012629997
0.0065879785
-0.00020727802
-0.0046438178
-0.0074845066
-0.0083318493
-0.0080303246
-0.0074963885
-0.0049758795
-0.0040058461
0.0010331389
0.0067185659
0.0079795083
0.0077845087
0.0041551528
-0.001057301
-0.0044736
-0.0069725119
-0.0060953606
-0.0055982683
-0.0037522533
-0.00080911096
0.0027477357
0.0053947187
0.0052555217
0.0041788962
0.0027895611
0.0036536801
0.0053731743
0.0040395177
0.0049702767
0.0057065432
0.0071797689
0.0077909896
0.0066038134
0.0074915255
0.0081172218
0.0076450783
0.0060029608
0.00659735
0.0084824318
0.0067288916
0.0043078875
0.0015684082
-0.0016684688
-0.0037937425
-0.00021777311
-0.0016656336
-0.0038039311
-0.00298797
-0.0032273989
-0.0032128686
-0.0031389023
-0.002802056
-0.0029331479
-0.0028890963
-0.0034819282
-0.0017647675
-0.0021022112
-0.0031417799
-0.0039046335
-0.00283247
-0.0029462028
-0.0064052877
-0.0073553746
-0.0085570921
-0.0089156098
-0.0088753058
-0.0089583722
-0.007946987
-0.0080145477
-0.0085591166
-0.0068712197
-0.0049307148
-0.0034034755
-0.0018074863
0.00018426412
0.0029496629
0.0058189937
0.0055234393
0.0093317333
0.011117829
0.014654106
0.018090507
0.016951584
0.013581426
0.012265388
0.012962066
0.013697757
0.018061954
0.018952198
0.018806858
0.018017965
0.016768293
0.014077832
0.0095306913
0.0061991541
0.0085016055
0.0099941511
0.010534041
0.0043214107
0.00134044
-0.001568872
-0.0055981045
-0.0081174655
-0.010158832
-0.010195608
-0.0097527313
-0.0094631786
-0.0076748968
-0.0064310106
-0.0032943001
-0.0011209279
-8.2194204e-05
-0.00060633476
-0.0027782051
-0.0030671905
-0.002762646
-0.0048178542
-0.0045994987
-0.0018859829
-0.0016878955
0.00078415939
0.0027900472
0.0038605357
0.0039342084
0.005160406
0.0070393181
0.0071197829
0.006508943
0.0064170977
0.0075401498
0.0086244131
0.0094158013
0.0094876279
0.0086820823
0.0089894477
0.011051409
0.013375398
0.01394357
0.012849568
0.014103458
0.015862697
0.014147315
0.0085109699
0.0023755157
-0.0018959598
-0.0046918908
-0.0028614919
-0.0010185635
-0.0032022049
-0.0034098097
-0.0023830189
-0.0026908815
0.00072948397
0.0017861687
0.002495814
0.0028809411
-0.0013776613
-0.0027841862
-0.0026102863
-0.0041731921
-0.0036474831
-0.0061182868
-0.0047815658
-0.0025525387
0.00029480978
0.0028992985
0.0025812358
0.0015829042
0.002211967
0.0013818544
-0.00010424391
0.0013699792
0.0026857977
0.004401559
0.0055989413
0.0072290979
0.0082293886
0.0069615512
0.0075937996
0.0063473742
0.0051854855
0.0046255171
0.004582609
0.0051359248
0.0039584999
0.0023675543
0.0012894156
-0.00053024917
