-0.001921843
-0.0010659674
-0.00081577522
3.2466565e-05
0.0014007532
0.0052353597
0.011255361
0.0092177823
0.00014828534
-0.005340405
-0.0088885725
-0.011194571
-0.013008925
-0.010841633
-0.0096515962
-0.0086363494
-0.00575492
-0.005170089
-0.0048617574
-0.004054051
-0.0034064806
-0.0058626646
-0.0073993117
-0.010093805
-0.011449956
-0.011730225
-0.012743464
-0.012655525
-0.011521534
-0.0093955139
-0.0084631959
-0.0079050972
-0.0089746237
-0.0095299071
-0.0082329013
-0.0078258135
-0.0072966741
-0.0070034093
-0.0058333415
-0.0049345328
-0.0031466896
-0.0027220421
-0.0021567359
-0.0020073761
-0.0016680198
-0.0017454263
-0.0014654163
-0.0030025801
-0.0045756598
-0.0042133319
-0.0015508749
-0.00096459458
0.00051955197
0.0028357378
0.0032498207
0.0025142683
0.002089502
0.00023319693
-0.00083531679
-0.0015791207
-0.0025198902
-0.0017634141
-0.00069738647
0.0011023019
0.0032861704
0.0024376479
0.0029216456
0.0031479914
0.0052298496
0.0092648243
0.011266522
0.012207535
0.015247523
0.017578436
0.015298003
0.015020873
0.01324447
0.01179332
0.013001993
0.015088065
0.018562262
0.02180368
0.023295717
0.021758686
0.017301682
0.012895113
0.0097133313
0.0058654649
0.0082353754
0.0085384302
0.0088769399
0.0083689979
0.0055090777
0.0020111796
2.5295916e-05
-0.00056767911
-0.00020254681
0.00087163487
0.0019387726
0.0020370854
0.0026617104
0.0039895065
0.00442612
0.0047833585
0.0047389089
0.004569028
0.0047833556
0.0053902898
0.0054927743
0.0057921435
0.0057457713
0.0058008684
0.006814473
0.0075120263
0.010158295
0.012602915
0.01548625
0.013841565
0.017030495
0.015024283
0.010906323
0.011524692
0.0092179638
0.0098640013
0.0045459319
0.0018515766
0.00069746958
-0.0014559938
-0.0033020219
-0.0024577567
-0.0017955308
0.00010762467
-0.0025813087
-0.0028402597
-0.0034040539
-0.0026848286
-0.0025757723
-0.0017862921
-0.0019792735
-0.0014148945
-0.0016762951
-0.0025328637
-0.002627909
-0.0021977736
-0.0027342261
-0.0023755603
-0.0021131183
-0.0008127106
0.00058290293
0.0064393603
0.010714692
0.0053641344
-0.0037974775
-0.007567269
-0.0085151136
-0.010339762
-0.0094661682
-0.0087807019
-0.0099125621
-0.0084898028
-0.0079718874
-0.0064959119
-0.0039221791
-0.0014677712
-0.004638729
-0.0072283167
-0.0089403034
-0.010043543
-0.013577343
-0.015961451
-0.017337504
-0.016045883
-0.013676058
-0.011395359
-0.011381441
-0.012771438
-0.014521672
-0.012902954
-0.010895798
-0.0089507571
-0.0068747034
-0.0055702937
-0.0040142471
-0.0016574808
-0.00067393726
-0.00013588224
0.00071472936
0.001964283
0.0033671488
0.0050524582
0.0046288576
0.0046365094
0.0039266047
0.00214738
0.002946358
0.0061381258
0.0098934257
0.01068882
0.0085944671
0.0078519242
0.0077288174
0.0070221856
0.0052531899
0.0044871848
0.0037677068
0.0030156924
0.0038591659
0.0052741189
0.0058430385
0.0064486403
0.0095106044
0.010718905
0.011696007
0.01245231
0.014687657
0.015435012
0.016281967
0.015802131
0.014559115
0.01224149
0.0098944663
0.011145142
0.011796932
0.013952247
0.016195236
0.018649159
0.016562535
0.012936884
0.011292194
0.0075006568
0.0069680719
0.0059662774
0.0051918435
0.0044355076
0.0041339791
0.0023590253
0.0017458377
-2.8781144e-05
-0.0011568713
-0.0010257465
-0.00072304884
-0.00015235606
0.00045904393
0.001212566
0.0012914884
0.0019709694
0.0024866083
0.0022168338
0.0023135979
0.0022391275
0.0027799011
0.0031786095
0.0036622515
0.0043064632
0.0047065276
0.0055105746
0.0075676214
0.0099203298
0.012311897
0.015121981
0.016695671
0.019326383
0.019518034
0.014418749
0.011373593
0.0082046474
0.0059824523
0.0037011292
0.001408646
-0.0032481133
-0.0037400991
-0.0042637211
-0.0043342565
-0.0036561588
-0.0032022666
-0.004492358
-0.0056237277
-0.0050873798
-0.0045087514
-0.0030121165
-0.0027534276
-0.0028377704
-0.0023963667
-0.0028703287
-0.0030255181
-0.0032206723
-0.003097091
-0.0031965861
-0.0052630378
-0.0048176454
-0.0050124978
-0.0036589131
-0.0022065207
0.0042711245
0.0065123946
-0.00046932661
-0.0049389373
-0.0078435968
-0.013664947
-0.012273766
-0.011769413
-0.010768615
-0.011102166
-0.01097348
-0.0072810534
-0.0049514566
-0.0029707974
-0.0026006942
-0.0048577689
-0.0087840171
-0.010280076
-0.012276756
-0.015096151
-0.020074444
-0.022099268
-0.021756023
-0.020725861
-0.019205501
-0.021583435
-0.022838276
-0.022981545
-0.020962728
-0.016213668
-0.01148578
-0.0094087012
-0.0070823187
-0.004837608
-0.0019815684
0.00022739415
0.0015844571
0.0028151482
0.0054801417
0.0085732099
0.0095477098
0.011444928
0.011344639
0.01398184
0.012302283
0.011527934
0.016163426
0.0199973
0.019865438
0.018221941
0.015377277
0.015625869
0.013505355
0.0093054686
0.010631663
0.0091633784
0.0087903303
0.0079307261
0.0087928699
0.011741512
0.012672954
0.015528434
0.016319682
0.015594802
0.012714216
0.015196406
0.015896672
0.01481157
0.012345686
0.009556947
0.006523074
0.004276749
0.0049333288
0.0072822099
0.0082707586
0.0090032466
0.0087402033
0.0033549135
0.0015063235
0.0014663793
0.0020118
0.0013040557
-0.0016391065
-0.0032626675
-0.001720774
-0.00071038151
-0.0027872379
-0.0022205019
-0.0030218083
-0.003486191
-0.0027322327
-0.0024748365
-0.0019364092
-0.0018245033
-0.0012377457
-0.00069420913
-0.00047819491
-0.00033960289
-0.00017680654
-6.710472e-05
0.00035285349
0.0006240993
0.00075954567
0.0013386951
0.0016078312
0.0027397264
0.0041165149
0.0057278497
0.0068426437
0.012676735
0.018405257
0.020591166
0.015224512
0.010339739
0.0069603177
0.0051417919
0.0031844398
0.00093796685
-0.00023420731
-0.0042533574
-0.0054141863
-0.0088938398
-0.0090539763
-0.0080246141
-0.0074440093
-0.0071640732
-0.0077380791
-0.0058473514
-0.0046326723
-0.0049059488
-0.0041106727
-0.0035634626
-0.0034449124
-0.0043177311
-0.0041760915
-0.0044910969
-0.0047639452
-0.0051979302
-0.0049676839
-0.0072855267
-0.0065316546
-0.0068416238
-0.0060702743
-0.0049140496
-0.00024936775
0.00051958968
-0.0080510365
-0.01255319
-0.014713976
-0.018878502
-0.018317982
-0.018550817
-0.019458299
-0.015276552
-0.010533707
-0.006514905
-0.0060123379
-0.0068170214
-0.0077450698
-0.0082860924
-0.011585836
-0.014619858
-0.017748654
-0.019807304
-0.026038681
-0.029432365
-0.031373792
-0.030042563
-0.031124602
-0.035380081
-0.035397114
-0.035289473
-0.029605787
-0.025601433
-0.020267359
-0.01684264
-0.014510608
-0.011253428
-0.0064749768
-0.0031269868
0.00060216933
0.0023427069
0.0048832386
0.0077226701
0.010833782
0.017756691
0.022148394
0.024572691
0.025873289
0.027306172
0.027505895
0.027226419
0.024650778
0.023378193
0.023147386
0.02285806
0.018552173
0.017318884
0.019384459
0.017154153
0.017638517
0.018409891
0.017245992
0.015681475
0.018401767
0.021749638
0.021521228
0.019180444
0.018292949
0.015682803
0.013614307
0.0088543
0.0051426835
0.0018806843
-0.0028352968
-0.002801649
-0.0025066757
-0.003308758
-0.0049118632
-0.004196134
-0.0058006946
-0.010175779
-0.0095827821
-0.0077473136
-0.0066006852
-0.0068236412
-0.0073169349
-0.0082345154
-0.0064672
-0.0056249515
-0.0054711801
-0.005496802
-0.0053152872
-0.0056446495
-0.005453765
-0.0053672299
-0.0043767818
-0.0041806761
-0.0037296467
-0.0028515766
-0.0022117707
-0.0016398966
-0.0012637629
-0.0016592833
-0.0011627222
-0.0015467464
-0.0011105132
-0.0011106145
-0.00030568444
0.00045862788
0.0012658143
0.00096277592
0.00082005208
0.0065482202
0.0089190359
0.0074279171
0.0059034298
0.0021965953
-0.000393005
-0.0011692283
-0.0029545694
-0.0026715848
-0.0054641388
-0.0067608029
-0.010086914
-0.011015012
-0.012711674
-0.010786545
-0.0091024547
-0.0080340341
-0.0076343135
-0.0062483316
-0.0056856335
-0.0055544849
-0.0049804244
-0.0052684674
-0.0062664064
-0.0064393039
-0.0058365089
-0.006528125
-0.0066386993
-0.0075998065
-0.00696899
-0.0092128297
-0.0082348631
-0.0083256969
-0.0075422472
-0.0080422011
-0.0048987018
-0.0095373636
-0.015379083
-0.018259927
-0.018041051
-0.018620602
-0.02230605
-0.023545189
-0.024685219
-0.017676164
-0.01204524
-0.0080658899
-0.0078626103
-0.0084772732
-0.010785432
-0.014412837
-0.018104659
-0.020841229
-0.023952737
-0.025426655
-0.030804257
-0.038017609
-0.042634866
-0.045428102
-0.047709085
-0.050469147
-0.048707294
-0.046519221
-0.04336103
-0.036369118
-0.032026901
-0.029032946
-0.024421631
-0.018715072
-0.012441125
-0.0060786561
-0.00055834601
-8.1000764e-05
0.0012981785
0.0052684292
0.011350415
0.021640275
0.025475839
0.027706498
0.031962013
0.0309487
0.033085428
0.031951558
0.028376559
0.028392071
0.027732437
0.024775121
0.025654242
0.026964607
0.025982182
0.02422317
0.028822986
0.028373612
0.025632387
0.027353286
0.024906017
0.02656936
0.027361058
0.024224744
0.021564605
0.01888596
0.013585561
0.0049273156
0.00063199702
-0.0027807035
-0.0083033313
-0.0088975002
-0.011920794
-0.013137224
-0.015938608
-0.015420334
-0.014468324
-0.015299852
-0.012479045
-0.011231
-0.010477713
-0.011828841
-0.010433995
-0.00951342
-0.0079901821
-0.0076537904
-0.0066765355
-0.0066512794
-0.00674391
-0.005750293
-0.0052460824
-0.004825649
-0.0042864988
-0.0036745118
-0.0018426498
-0.0011522163
-0.0012964425
-0.0014521101
-0.00073819032
-0.0009972304
-0.00092540604
-0.0015167287
-0.0013386432
-0.0013189515
-0.00041478256
-0.001856071
-0.0017692132
-0.0039895921
-0.0022828855
-0.00037963928
0.00092619032
0.00044020745
-0.0028761979
-0.0015730776
-0.0057574262
-0.0046846356
-0.0039860476
-0.0032779735
-0.0059129725
-0.0089280062
-0.0086085476
-0.011743343
-0.014474217
-0.013491033
-0.012537926
-0.010778968
-0.0083493154
-0.0068111259
-0.0073062813
-0.0072759399
-0.007365208
-0.007636034
-0.0079686055
-0.008153227
-0.0088242085
-0.0092024156
-0.0097727868
-0.0092200987
-0.0091453232
-0.010022545
-0.0097292864
-0.00883166
-0.0099016652
-0.011682064
-0.01172484
-0.016035577
-0.021250094
-0.018995505
-0.018724789
-0.017759772
-0.022767605
-0.027182107
-0.022339613
-0.016504115
-0.0083052017
-0.0078850675
-0.0084883319
-0.011547201
-0.014556108
-0.020705756
-0.025500146
-0.029780653
-0.031657671
-0.036850385
-0.04221256
-0.046503535
-0.050084925
-0.05535544
-0.056881464
-0.058270815
-0.057867451
-0.057137184
-0.054656934
-0.051144109
-0.044522779
-0.039013724
-0.033248259
-0.025157385
-0.014711472
-0.0044295533
0.0037697442
0.0077710304
0.0079818132
0.0079321782
0.011773256
0.020773678
0.026581456
0.027411038
0.030556787
0.03112659
0.030148171
0.028370696
0.026959411
0.023298097
0.019551414
0.019952122
0.020109794
0.02957605
0.030576164
0.031580253
0.038732751
0.037820674
0.03411386
0.034982945
0.031646053
0.031772525
0.02849155
0.026162103
0.024160213
0.020215994
0.01407395
0.0060584047
-0.00042878352
-0.00438831
-0.0071818623
-0.0083336118
-0.012018371
-0.01538325
-0.015832815
-0.018475715
-0.017777024
-0.015873099
-0.014640853
-0.013430083
-0.011965367
-0.011665297
-0.010234176
-0.0093197329
-0.0076004415
-0.0061937365
-0.0056673155
-0.0048320454
-0.0044701398
-0.0043616344
-0.0038118953
-0.0036240634
-0.003067423
-0.0021278031
-0.0018465138
-0.0015612754
-0.00091172985
-0.00033162358
-9.1578019e-05
-0.00036069773
-0.00040726175
-0.00043679879
-0.00071422493
-0.0011698006
-0.0016251073
-0.0031343477
-0.0047840966
-0.0073932477
-0.0075905053
-0.0055242873
-0.0043073962
-0.003634009
-0.0036652043
-0.0038493275
-0.0035524629
-0.0046935645
-0.0042567468
-0.0058811522
-0.0064018395
-0.004671354
-0.010820033
-0.013533684
-0.015296488
-0.017629192
-0.016554346
-0.012169608
-0.0091326973
-0.0079336273
-0.0081538956
-0.0081684103
-0.0090421318
-0.0083063529
-0.0092630631
-0.0098636331
-0.01094999
-0.010359184
-0.010671243
-0.010149723
-0.010113227
-0.009563696
-0.0093871075
-0.010497507
-0.01334474
-0.014544214
-0.015985425
-0.018517475
-0.019726769
-0.018209442
-0.019428319
-0.017118168
-0.022369447
-0.024382969
-0.024781147
-0.017907427
-0.011489564
-0.0096163797
-0.011255806
-0.014720293
-0.018475749
-0.023423045
-0.030086872
-0.0321937
-0.036251838
-0.039782219
-0.048857585
-0.05122656
-0.054799135
-0.055153004
-0.060186745
-0.065410979
-0.063394733
-0.065222718
-0.063470909
-0.05867576
-0.054438665
-0.045574616
-0.039237002
-0.025598638
-0.014172662
-0.0038936472
0.0074622228
0.0058668239
0.007942939
0.012689671
0.022481533
0.023005176
0.026779097
0.024214765
0.026476086
0.030230872
0.028324727
0.028969896
0.029412923
0.024725211
0.023701851
0.025715069
0.026728151
0.036580114
0.036582314
0.033489819
0.0368224
0.039145784
0.041114856
0.039869834
0.036067331
0.031958444
0.028383591
0.024867465
0.023226336
0.017887355
0.013252831
0.0062607355
0.0021478211
-0.0019322153
-0.0034126145
-0.003340409
-0.0068504398
-0.009632977
-0.011046923
-0.011450204
-0.011797676
-0.011853476
-0.010328426
-0.0099326152
-0.0085231144
-0.008214588
-0.006681091
-0.0059195134
-0.0042647088
-0.003059671
-0.0030514437
-0.0022698739
-0.0013772138
-0.0016887715
-0.0012327122
-0.0012217685
-0.0010373054
-0.00046301479
6.7060402e-05
0.00030423199
0.00051991043
0.00030156466
0.00050926475
0.00013140566
0.00046097205
0.00024192113
-0.00011341695
-0.00051260199
-0.0016378605
-0.0032727426
-0.0056333123
-0.011558044
-0.013554574
-0.004713982
-0.0033702382
-0.0039773624
-0.0030837705
-0.0050224291
-0.0038005438
-0.0046464056
-0.0099318896
-0.012509087
-0.014288199
-0.015765223
-0.014603123
-0.01386015
-0.016168538
-0.018146382
-0.013693127
-0.010182344
-0.0074453864
-0.0072044159
-0.0068113042
-0.0076045477
-0.0080378732
-0.0084621693
-0.0094722544
-0.010138187
-0.011038371
-0.011184823
-0.010154057
-0.01040057
-0.0097993566
-0.01145167
-0.011732293
-0.014222946
-0.016153479
-0.017405061
-0.017538333
-0.020501889
-0.015285606
-0.015696421
-0.016834612
-0.017659563
-0.02255571
-0.026010184
-0.026941011
-0.019318752
-0.011713128
-0.01317602
-0.013457481
-0.014724107
-0.017715737
-0.022937715
-0.028773958
-0.032145613
-0.035849138
-0.040321854
-0.047800682
-0.053269461
-0.055701419
-0.05841712
-0.065077698
-0.070011986
-0.070022734
-0.069466322
-0.067344318
-0.060859215
-0.055225677
-0.046326893
-0.03232836
-0.017569765
-0.0085379143
0.0017443057
0.0094773491
0.0035402817
0.0045491839
0.0007025987
0.0049981974
0.011217873
0.012267696
0.020045431
0.022569386
0.025533991
0.023687546
0.024812747
0.026560873
0.022142772
0.029073205
0.032789851
0.037872871
0.043172543
0.04543125
0.045602717
0.043198106
0.045037208
0.040736606
0.035981819
0.031806384
0.02764709
0.022921748
0.019444199
0.018175045
0.013607101
0.0094626836
0.0049198838
-3.5303686e-05
-0.0023565926
-0.00297031
-0.0034367666
-0.0058364592
-0.00703799
-0.0077559216
-0.006442617
-0.0067557535
-0.0052743512
-0.0047751889
-0.0042369615
-0.0050459605
-0.0049008501
-0.0041857806
-0.0032627883
-0.003055007
-0.0016392755
-0.0015487418
-0.00089202037
-0.00071595447
-0.00022538254
-0.00030320955
-0.00029353461
-0.00059105199
0.00046590306
0.00046447935
0.00011454721
-0.00010300906
-0.00020111105
-0.00033213528
-0.00012358484
-0.00056508877
-0.00093148718
-0.0012805418
-0.0017965791
-0.0032137576
-0.0044173618
-0.0067207459
-0.01551287
-0.013409271
-0.0047402109
-0.0042261592
-0.0018229741
-0.0070335551
-0.0068811578
-0.0061667097
-0.0094391695
-0.012328542
-0.014939845
-0.017734452
-0.017033833
-0.015813028
-0.015194231
-0.013105275
-0.012231111
-0.0091053462
-0.0084581258
-0.0066067481
-0.006108988
-0.006907775
-0.0066037939
-0.0071121386
-0.0078316942
-0.0083768066
-0.0095318549
-0.0098365431
-0.010132925
-0.0097225406
-0.010260678
-0.010550924
-0.013128739
-0.01294518
-0.016579638
-0.015530718
-0.016183786
-0.018441317
-0.015220677
-0.015409162
-0.015409583
-0.01704638
-0.019833288
-0.021711523
-0.023901528
-0.026673085
-0.018231096
-0.013231752
-0.01634768
-0.018486439
-0.016078787
-0.01645319
-0.020192026
-0.025985
-0.03029336
-0.035043531
-0.040750414
-0.045688384
-0.052216403
-0.058642061
-0.067922932
-0.073452439
-0.077047552
-0.079677415
-0.077707825
-0.075328784
-0.067361723
-0.056717835
-0.04545589
-0.029894167
-0.01915369
-0.012973468
-0.0030435592
-0.0029380134
-0.00094290201
-0.0019653963
-0.0027370968
-0.00078318694
0.011797107
0.012540402
0.015684874
0.019529822
0.024508525
0.022476876
0.025559969
0.031225337
0.033939778
0.039915104
0.0431084
0.047988413
0.050037352
0.050536398
0.050516443
0.049396119
0.043505002
0.04090946
0.03803304
0.033475631
0.026271203
0.023500388
0.019249522
0.015735885
0.011355199
0.007176678
0.0028440584
0.00061317868
-0.0024202378
-0.0032737275
-0.0031223171
-0.0034076722
-0.0054166944
-0.0034865965
-0.0029472736
-0.0023360482
-0.0019504975
-0.0018062302
-0.0020777049
-0.0026662216
-0.0030432275
-0.0018396199
-0.001083537
-0.001710974
-0.0015974078
-0.00084828236
-0.00033897526
-3.9867258e-05
-0.00029928512
-0.00029467479
-0.00029697688
-7.5490623e-05
-0.00064050424
-0.00040413105
-0.00091373408
-0.00060888289
-0.00094091138
-0.00051471616
-0.00077986735
-0.0011801475
-0.0013689901
-0.001936651
-0.0021254432
-0.0036282684
-0.0046909152
-0.006156497
-0.0145023
-0.014988996
-0.0081946921
-0.0047426975
-0.0028268743
-0.010132146
-0.012689405
-0.011124818
-0.014035453
-0.014401689
-0.012858679
-0.014898489
-0.015270388
-0.011246368
-0.010252071
-0.0077479303
-0.0059376149
-0.0036413449
-0.0028157398
-0.0027435091
-0.0048635335
-0.0045580531
-0.0046029633
-0.0038973094
-0.0052017026
-0.0066868685
-0.0073958096
-0.0077982201
-0.0088737172
-0.0088622007
-0.0094408778
-0.011461949
-0.012357943
-0.012961919
-0.016046847
-0.015125975
-0.014865454
-0.015129262
-0.014065868
-0.014375867
-0.016865286
-0.017312994
-0.022794311
-0.026487058
-0.029737158
-0.026485119
-0.016969957
-0.017127613
-0.019027586
-0.021861481
-0.021575671
-0.019143603
-0.02193826
-0.026784283
-0.0313147
-0.037251572
-0.04526818
-0.052190053
-0.060961802
-0.066831473
-0.073246277
-0.076141616
-0.076399627
-0.075483405
-0.073809957
-0.06790413
-0.061146725
-0.052729251
-0.040111184
-0.027825723
-0.018391868
-0.013783672
-0.0084551183
-0.0017666104
0.002514666
0.0055602951
0.0063515537
0.0065468258
0.021759169
0.019298421
0.021970591
0.029706639
0.028911119
0.025495894
0.034002388
0.037429961
0.040024043
0.042172683
0.046494288
0.048680666
0.051311697
0.048645534
0.049783588
0.046420231
0.043637026
0.037423665
0.033679853
0.031261795
0.02704174
0.024455244
0.020699525
0.018509115
0.013915023
0.011915492
0.0082125672
0.006364133
0.0035082771
0.0017342877
0.00093646294
0.0018060513
0.002017981
0.0014543319
0.0010731576
0.0018416979
0.00071854141
-0.00032766485
-0.00013076508
-0.00081447794
-0.00047625173
5.9241182e-05
0.00025877659
-0.00013764988
-0.00033955378
0.001196862
0.00068866093
0.0013540723
0.0017394876
0.00085143976
0.00015487215
0.00037883584
-0.00041769706
-0.0004868729
-0.0011873175
-0.00051369994
-0.00047968989
0.00026252785
-0.00068601411
-0.001536573
-0.0018938411
-0.0014936722
-0.0023205477
-0.0022610337
-0.0042074477
-0.0063030965
-0.010528907
-0.010265939
-0.012307005
-0.0082398772
-0.0052036063
-0.007948585
-0.010753565
-0.012579166
-0.013111474
-0.010108679
-0.0099502499
-0.0086951417
-0.0078651546
-0.0067636554
-0.0055517859
-0.0037639367
-0.003095468
0.0005797015
0.0024013493
-0.00013299904
-0.00064593703
-0.00099264271
-3.7207146e-05
-0.0034910213
-0.0037512848
-0.0018944336
-0.0044937106
-0.0056327671
-0.0051509572
-0.0069738734
-0.0089030559
-0.010377373
-0.0090977245
-0.013419629
-0.014439425
-0.011956294
-0.014340826
-0.015804496
-0.015831541
-0.016862894
-0.019576436
-0.019064994
-0.02270915
-0.025471252
-0.030368523
-0.022297731
-0.019382589
-0.016833108
-0.014882217
-0.020382211
-0.021001322
-0.021401021
-0.022128465
-0.024703548
-0.030861126
-0.040116692
-0.048082409
-0.053849603
-0.060779791
-0.063195592
-0.065800266
-0.06586993
-0.065475128
-0.060864801
-0.06000074
-0.057185831
-0.05151564
-0.040033032
-0.028996996
-0.016287627
-0.012392419
-0.0053372799
-0.00067326761
0.0033299092
0.013223926
0.020369977
0.026294136
0.033443278
0.034466226
0.034953773
0.036678293
0.038601094
0.041663425
0.044004455
0.046376933
0.047075414
0.046453325
0.046390709
0.047567314
0.047736989
0.049083193
0.046959751
0.045804916
0.039272416
0.037537955
0.034214821
0.033158425
0.02995573
0.026830339
0.023885078
0.023364935
0.020324927
0.021788977
0.019536162
0.015696093
0.013162861
0.010995781
0.0094475599
0.0069608908
0.0066608211
0.0088193589
0.0090187572
0.0072679246
0.0059686294
0.0039208823
0.0026418764
0.0031287257
0.0010208602
0.0024376572
0.0019979264
0.0028379599
0.0019068457
0.0029310592
0.0027830843
0.0019496261
0.0027821704
0.0034644975
0.0035551207
0.0027230451
0.0029345417
0.0029287389
0.0018033586
0.0013702469
0.0030434286
0.0037806055
0.0033750588
0.0029475116
0.0022169948
0.00078166353
-0.00055327385
-0.0018594311
-0.0032341091
-0.0056387404
-0.0067047144
-0.0032538581
0.0036252502
-0.0058834306
-0.008530683
-0.0040664529
-0.0049263063
-0.0074443631
-0.01077986
-0.010360845
-0.009722649
-0.0056325756
-0.0050561479
-0.0035399443
-0.0020458973
-0.0015221024
-0.00015415658
0.0022720172
0.0029667535
0.0049863368
0.0064998358
0.0074326859
0.0036052568
0.0057860083
0.0056058874
0.0032446512
0.00012336554
-0.0030358825
-0.0047748075
-0.0047595195
-0.0056125332
-0.0077030577
-0.0078479429
-0.0062453793
-0.0086443352
-0.0078568574
-0.0075677801
-0.010666182
-0.01333907
-0.01407596
-0.01536693
-0.016831784
-0.016344777
-0.01760843
-0.019120121
-0.019345298
-0.015263195
-0.014303264
-0.014715405
-0.01385353
-0.015787963
-0.018780203
-0.021512892
-0.022886427
-0.02566988
-0.030564733
-0.035203678
-0.040580213
-0.048371071
-0.053045801
-0.056023738
-0.056656785
-0.057555198
-0.052614402
-0.048632037
-0.047666881
-0.04428367
-0.038850396
-0.025164427
-0.015408965
-0.0049257166
-1.157557e-05
0.0062530797
0.0080735401
0.018952909
0.029171682
0.038269194
0.050790625
0.054190332
0.054666076
0.054512224
0.053516168
0.047345452
0.049939069
0.057287239
0.06044417
0.05575125
0.055760342
0.05329467
0.052961687
0.051190072
0.050758206
0.050883009
0.047367649
0.039619018
0.035362865
0.034233689
0.030522722
0.028894757
0.026545485
0.023637381
0.020671952
0.018774712
0.017321104
0.015661064
0.012449396
0.012128972
0.010984243
0.0094466967
0.0075295223
0.0073757275
0.010384209
0.011999199
0.013298045
0.013376415
0.012968041
0.012449763
0.010926714
0.0097817012
0.009651849
0.01031426
0.011320999
0.012895225
0.012980286
0.013112039
0.011503047
0.013505994
0.016885083
0.017397341
0.018812825
0.017467343
0.015849507
0.014473452
0.013574298
0.012468565
0.010575294
0.01180994
0.01200832
0.010060193
0.0090007361
0.0078950051
0.002999582
-0.0012317819
-0.0048323846
-0.0065678709
0.0021376659
0.0095556936
0.0026336347
-0.0054412043
-0.0033158191
-0.0037328464
-0.0053028371
-0.0056382537
-0.0049029024
-0.0030960584
-0.0010688013
0.00092684776
0.00090283644
0.0053581639
0.0044437489
0.006069985
0.0067526097
0.0048073048
0.0063960879
0.0066860054
0.0069486437
0.0072604681
0.006501825
0.0047501429
0.002685664
3.1246549e-05
-0.0035133323
-0.0045962699
-0.0040822855
-0.0067464549
-0.0047321467
-0.0042366376
-0.0047529452
-0.0065446873
-0.0046687903
-0.0053000991
-0.0067475008
-0.0066976153
-0.0096870751
-0.010467733
-0.012695664
-0.013845151
-0.013286485
-0.011917227
-0.0099150304
-0.0091144772
-0.012024704
-0.013762734
-0.015339398
-0.015759708
-0.018229783
-0.017135054
-0.01771339
-0.022072523
-0.02579839
-0.031803647
-0.033721526
-0.040378844
-0.044696153
-0.045294913
-0.046472338
-0.042083309
-0.03597554
-0.036926523
-0.038706846
-0.029605532
-0.016247687
-0.005527208
0.0060272445
0.017131622
0.025152967
0.023139541
0.025134242
0.034821265
0.038101194
0.046005055
0.058493934
0.067503616
0.068092062
0.063161366
0.058254829
0.054002218
0.054665983
0.06393809
0.061354367
0.060565776
0.054324965
0.049492343
0.047838778
0.046288385
0.044375112
0.042071156
0.037348771
0.031888054
0.029209453
0.023422803
0.022730238
0.020357864
0.017549539
0.016028759
0.013967419
0.012700524
0.0079385613
0.0075904049
0.0084561462
0.0062368231
0.0068954501
0.0083713165
0.0082028991
0.0099039286
0.012132898
0.0099030951
0.012081578
0.014905976
0.015857256
0.016508541
0.018403029
0.018909442
0.018932255
0.018623911
0.018442831
0.019056807
0.021294429
0.020996602
0.021495272
0.024091909
0.027894295
0.028160008
0.027298659
0.024742787
0.017926659
0.01612413
0.011868862
0.0068787149
0.0038894981
0.0033675659
0.0017173505
0.00093578937
-0.00046659818
-0.0040257259
-0.0048320422
-0.0062785661
-0.0083772416
0.0052804062
0.013550357
0.012741127
0.0030727471
0.00088667219
-8.9992133e-05
-0.0024968196
-0.0010835794
-0.0012658073
0.0026993839
0.0043121129
0.0068585592
0.0049920889
0.0062336031
0.0069308787
0.0064984199
0.0041193333
0.0062736494
0.0059096653
0.005400125
0.0062678721
0.010740953
0.0089445669
0.0048493325
0.0039277433
0.0023466895
0.00039179165
0.00062624802
-0.0029616002
-0.0051888351
-0.0073575936
-0.007791698
-0.0059174833
-0.0075928615
-0.0073329017
-0.0065995391
-0.0043277961
-0.003478312
-0.0045621041
-0.004690964
-0.0037629558
-0.0061133397
-0.0088963952
-0.0098254105
-0.010018306
-0.0094016187
-0.007521098
-0.010439692
-0.0070417904
-0.01366046
-0.014010711
-0.013470833
-0.014143891
-0.01522864
-0.016421302
-0.019703377
-0.022826034
-0.025375271
-0.027800037
-0.030334867
-0.030670909
-0.027986974
-0.02237525
-0.020489829
-0.021381325
-0.020604702
-0.0097437899
0.0031375111
0.014878087
0.021509333
0.028708073
0.036568455
0.035331121
0.032210347
0.034806028
0.037640535
0.043598069
0.053456484
0.063703791
0.063122486
0.059556555
0.053673943
0.046580811
0.050579821
0.055942642
0.053598863
0.04816779
0.043039337
0.03957423
0.036732912
0.031977233
0.02777083
0.023683792
0.020218528
0.016610972
0.013468259
0.012499502
0.0096563607
0.010423815
0.0096218127
0.0090681933
0.0054636299
0.0026063745
0.00075155463
0.00097835528
0.0047926669
0.0050250212
0.0061223186
0.0052343652
0.0061449034
0.0063693552
0.0086905724
0.0096413829
0.0094153098
0.01007728
0.012551946
0.015084736
0.019268787
0.021990864
0.022840505
0.021363183
0.022877833
0.021300724
0.02455394
0.025125144
0.027255857
0.029267042
0.034440246
0.032596307
0.032941512
0.025961442
0.022276379
0.014591109
0.007857814
0.00017236537
-0.0037209196
-0.0038872857
-0.0049515222
-0.0076475641
-0.0091144689
-0.008118944
-0.0097988659
-0.014013843
0.0015849371
0.014223005
0.012528509
0.0068089751
-0.0031828015
-0.0059347158
-0.0045244206
-0.0028515286
-0.0010454037
0.0024397749
0.0031759412
0.0052433719
0.0048207528
0.0047195125
0.0048440966
0.0059488932
0.0052595715
0.0055946242
0.007126406
0.0080835261
0.0082341532
0.0084879791
0.011033565
0.011126522
0.0090337672
0.0079432731
0.0041200842
0.0044036829
0.0030038787
0.0010408525
-0.0021651493
-0.0055787202
-0.0065717399
-0.0087452821
-0.0083643342
-0.0079695565
-0.0058238506
-0.0054305932
-0.0044663632
-0.0044297397
-0.0042536756
-0.0041571171
-0.0057204222
-0.0055522723
-0.0080588967
-0.0077049664
-0.0078012722
-0.0064910498
-0.0074281057
-0.0044448503
-0.0090085998
-0.0089401777
-0.010224135
-0.010270928
-0.0096636545
-0.011044707
-0.012329209
-0.014126364
-0.015924128
-0.017672994
-0.019110636
-0.017811381
-0.016266459
-0.0099592349
-0.0092758614
-0.0064333134
-0.0052283643
0.0029939236
0.0096441506
0.018639044
0.02576355
0.031184783
0.03726348
0.033402792
0.028324041
0.029699788
0.034240816
0.036658495
0.044333476
0.046447445
0.045923369
0.046099273
0.040779058
0.034622825
0.036464779
0.038282905
0.035834632
0.030715854
0.027391684
0.023446609
0.019216116
0.012961804
0.01066113
0.0075036432
0.0044717988
0.003332594
0.002931043
0.0019561264
0.0029077911
0.003446809
0.0051679329
0.0019348211
1.9888396e-05
-0.0021006424
-0.0031258909
-0.0015372342
-0.00071905408
0.00086636485
0.0013558819
0.0016331838
0.0033200168
0.0047981683
0.0065787998
0.0069398454
0.0079664094
0.00816053
0.0084071599
0.011331343
0.0139891
0.017746862
0.019172724
0.022481491
0.023577919
0.02186785
0.020379904
0.02200321
0.02413985
0.027327828
0.030475559
0.032296139
0.031114046
0.02551813
0.01888947
0.011351463
0.0036618853
-0.0029105387
-0.0044319251
-0.0070068746
-0.0082395493
-0.0098426603
-0.010012195
-0.0094306941
-0.0048946571
-0.0025978653
0.0084661217
0.011433066
0.0091431296
0.0033036163
-0.0038304236
-0.0078688754
-0.0071301515
-0.0036063495
-0.0025089492
0.0025094922
0.0052922126
0.0049972485
0.0064539199
0.0049681283
0.0032526033
0.0045991617
0.0051353865
0.004282257
0.0066831086
0.0072820055
0.0086208158
0.0098903252
0.009004689
0.010229181
0.01019236
0.0087788349
0.0051722635
0.0061471625
0.0064128876
0.0049155069
-0.00038222831
-0.0044875727
-0.0055188703
-0.0087042801
-0.005857701
-0.0057489295
-0.006075831
-0.0050229614
-0.0051996372
-0.0044755942
-0.0041537109
-0.0041292513
-0.0040308843
-0.0046272979
-0.0054290444
-0.0060649192
-0.0059710471
-0.005266258
-0.0053540079
-0.0045794161
-0.0038132196
-0.005785871
-0.0076283837
-0.0087060139
-0.0088562057
-0.0081952972
-0.009021113
-0.0092289452
-0.010122447
-0.010384737
-0.010023345
-0.0087657102
-0.0065068363
-0.0033305783
-0.0022673014
0.00089970027
0.0036765095
0.0074095361
0.011661425
0.018533202
0.021004003
0.0262909
0.02690825
0.021867321
0.021090538
0.023707284
0.025266328
0.027871653
0.031485515
0.030857455
0.031925688
0.029932515
0.02570694
0.01994884
0.018976294
0.019495204
0.02023869
0.017531904
0.012892702
0.0082618737
0.00334411
-0.0010059674
-0.0031058498
-0.0049041577
-0.0058959475
-0.0061343667
-0.0051655586
-0.0043998966
-0.0033816548
-0.0013013099
-0.00022695421
0.00087160207
0.00029842227
-0.0022426212
-0.003016945
-0.003814915
-0.0043852749
-0.002716718
-0.0019659211
-0.00089376441
0.0013992537
0.0020053409
0.0032065379
0.0045708617
0.00619285
0.0069968859
0.0064534317
0.008176267
0.010122439
0.011813307
0.013815683
0.016191852
0.016088953
0.015089663
0.014761292
0.016473222
0.020149255
0.021125052
0.020705027
0.022098637
0.022855496
0.018097484
0.01300121
0.0071820288
0.00066735252
-0.0036188064
-0.0065051728
-0.0074092247
-0.0073332545
-0.0068869354
-0.0043671748
-0.003402322
0.0013497394
0.0068922413
0.0082791407
0.0081382586
0.0044861691
-0.00058463133
-0.0039644182
-0.0064630206
-0.0055436641
-0.005087294
-0.0032866138
-0.00049952873
0.0028098078
0.0053196121
0.0052280362
0.0042652796
0.0029805172
0.0038752363
0.0055100168
0.0042070173
0.0051573143
0.0059793786
0.0075155246
0.0082148127
0.0071205186
0.0080945626
0.0087954407
0.0084059185
0.0067083765
0.0072150623
0.0090430721
0.0071362773
0.0046159004
0.0018209747
-0.0015391002
-0.0036874168
-0.0001502352
-0.0016612791
-0.0037401831
-0.0029003163
-0.0030808472
-0.0030819308
-0.0029910036
-0.0025892505
-0.0027740119
-0.0027090722
-0.0032985784
-0.0016212406
-0.0019591196
-0.0029772687
-0.0037845506
-0.0027409488
-0.0030027687
-0.0064609828
-0.0073916413
-0.0085388915
-0.0088548478
-0.0088952693
-0.0089318491
-0.0079284523
-0.0079970572
-0.0085292383
-0.0068919787
-0.0050133563
-0.0036283952
-0.0021354647
-0.00036580633
0.002121183
0.0048610917
0.0046784482
0.0083282563
0.01022139
0.013774866
0.017236905
0.016286242
0.012937873
0.01169408
0.012354696
0.013004575
0.017304617
0.018278035
0.018103995
0.017320367
0.016134328
0.013507409
0.0090136708
0.0057377868
0.0080289502
0.0094614339
0.01007665
0.0039807677
0.0011354269
-0.0016907865
-0.0056109763
-0.0080206592
-0.010095951
-0.010105506
-0.009732842
-0.0093881092
-0.007672866
-0.0065438199
-0.0035054372
-0.0012926943
-0.00028943666
-0.00095576821
-0.0030907441
-0.0034670778
-0.0032236275
-0.0052262799
-0.0049867609
-0.0023262013
-0.0021100382
0.00045828178
0.002537987
0.0037392261
0.0039122699
0.0052223176
0.0070596215
0.0070473035
0.0064700674
0.0064654846
0.0075170035
0.0085853785
0.0092675704
0.0093026637
0.0085804709
0.0089939112
0.011041147
0.013355726
0.014035108
0.012985145
0.014322587
0.016237615
0.01463642
0.0090982211
0.0031487999
-0.0010134326
-0.0036541094
-0.002223666
-0.00055130291
-0.0028656469
-0.0030332637
-0.0019820766
-0.0023089714
0.00090795764
0.0019193393
0.0027207724
0.0031849033
-0.00099340546
-0.0024685373
-0.002280444
-0.0038499163
-0.0032943876
-0.0057678998
-0.0044135234
-0.002268715
0.00034816406
0.0027537013
0.0024995873
0.0015812838
0.0022871691
0.0015186356
7.7205331e-05
0.0014968079
0.0028534369
0.004619386
0.0059001987
0.0075474111
0.0085889422
0.0073555519
0.0080538415
0.0068775086
0.0057238241
0.0051313051
0.0050920103
0.0055779374
0.0044066657
0.0026966216
0.0015060079
-0.00036761155
