-0.0025245541
-0.0016156268
-0.0013754373
-0.00057942305
0.00077261925
0.0045091902
0.010854159
0.0087355594
-0.00072801021
-0.0055715534
-0.0086089262
-0.010531466
-0.012200012
-0.0098858619
-0.0092307679
-0.0085547335
-0.0052851427
-0.0047435704
-0.0040731296
-0.0033210925
-0.002540344
-0.0055045059
-0.007986634
-0.011010754
-0.012921323
-0.013029685
-0.013765623
-0.013241849
-0.012051374
-0.0098060561
-0.008731244
-0.0086448115
-0.0099069393
-0.010687051
-0.0091661576
-0.008350748
-0.007881449
-0.0075826989
-0.0065176952
-0.0052732164
-0.0034792032
-0.0031309575
-0.0025369772
-0.0022823695
-0.0014361921
-0.0010283875
-0.00048167705
-0.0019385438
-0.0033014206
-0.0029494301
-0.00038510822
-0.00054279904
0.00069657284
0.0039980979
0.0052697237
0.0049880086
0.0045663797
0.0030622528
0.0016996708
0.00045808589
-0.00053776304
0.00054511857
0.0018402384
0.0042498622
0.0068912907
0.0060307058
0.0064329739
0.0063647999
0.0079598001
0.01178959
0.01382018
0.014772189
0.017766643
0.020581819
0.018482397
0.018269189
0.016291928
0.014640783
0.015417685
0.017480166
0.021083195
0.024382984
0.025453991
0.023351274
0.017998069
0.012903105
0.0091175185
0.0046423107
0.0072875532
0.0077214209
0.0084569765
0.0081806506
0.0054868311
0.0016578016
-0.00052227718
-0.0014141791
-0.00078732138
0.00017202005
0.0012581095
0.0015349198
0.0025087038
0.0039196437
0.004398493
0.0048196148
0.0046648115
0.0043783771
0.0047578822
0.0053007204
0.0054763426
0.0057575187
0.0058170283
0.0059926548
0.0074959122
0.0083485258
0.011224449
0.01336756
0.016034276
0.01355139
0.016077846
0.013892268
0.0088303398
0.0095407799
0.0074165737
0.0080869922
0.0026586698
0.00037743485
-0.00050562909
-0.0027460862
-0.0045790335
-0.003589746
-0.0028618398
-0.0014550728
-0.0041809485
-0.0041414215
-0.0044797293
-0.0036247423
-0.0032672367
-0.0023946191
-0.0026805749
-0.0020063894
-0.0022952345
-0.0031446326
-0.0032354913
-0.0028138938
-0.0032672625
-0.0030457695
-0.0026799521
-0.001512162
-9.9121675e-05
0.0056183309
0.0096301582
0.0043536877
-0.0050235968
-0.008761252
-0.0094350158
-0.010576
-0.0092115152
-0.0085039431
-0.0094628245
-0.0082265859
-0.0079118596
-0.006382066
-0.0036232143
-0.0011622912
-0.0046566257
-0.0077339862
-0.010057122
-0.011604759
-0.015728899
-0.017995204
-0.019094205
-0.017208525
-0.014665464
-0.012064787
-0.012153226
-0.013848721
-0.015754006
-0.014005358
-0.01175127
-0.0096212709
-0.007502411
-0.0063515912
-0.0048727006
-0.002430792
-0.0013363093
-0.0006544704
0.0002455052
0.001805668
0.0037266962
0.0058837108
0.0058380793
0.0061240241
0.0058771343
0.0040864967
0.0044861391
0.0075363308
0.011552028
0.013117777
0.011629029
0.011493208
0.011168325
0.010543041
0.0082134777
0.0075946144
0.0071003272
0.0064114932
0.0074671494
0.0092272183
0.0098628557
0.010405793
0.013341229
0.013887658
0.014414445
0.014869314
0.017352672
0.017901135
0.018540012
0.018728042
0.018048741
0.015074013
0.012140234
0.012982929
0.01360734
0.015554557
0.017738622
0.020154204
0.017415868
0.01341127
0.011335778
0.0067885978
0.0061772861
0.0051138256
0.0042706216
0.0036799854
0.0036596892
0.0019607064
0.0012095126
-0.00064241445
-0.0021984841
-0.0021187249
-0.0016465661
-0.0010690656
-9.1996372e-05
0.0010006754
0.0013558267
0.0020544152
0.0025098373
0.0021574304
0.0023079365
0.0023038408
0.0028541752
0.0032679865
0.0037792798
0.0045805465
0.0050107605
0.0060638748
0.008413362
0.011078082
0.013411298
0.015589275
0.016967753
0.018401507
0.018534547
0.012999672
0.009717605
0.0065085166
0.0042651705
0.0021238228
-0.00031897005
-0.0051987555
-0.0057436722
-0.0058428798
-0.0058546029
-0.0052597357
-0.0048442556
-0.0062052891
-0.0072561837
-0.0064488727
-0.0054304375
-0.0037412152
-0.0034309383
-0.0035180441
-0.003313121
-0.0037849976
-0.0038431835
-0.0040765381
-0.0039126004
-0.0038363163
-0.0059389431
-0.0054141736
-0.0057271555
-0.0044792513
-0.0032836395
0.0031700358
0.0048947991
-0.0017671794
-0.005712914
-0.0087657371
-0.014751141
-0.01320417
-0.011859749
-0.010670587
-0.0112626
-0.011387261
-0.0079007328
-0.0053009237
-0.0026863609
-0.0021169111
-0.0049855576
-0.0095030944
-0.011469593
-0.013875194
-0.017245111
-0.022405733
-0.024022544
-0.02328269
-0.021908809
-0.020446424
-0.022937132
-0.024406243
-0.024461709
-0.021894595
-0.016999214
-0.012095616
-0.010148819
-0.0080572815
-0.0059207899
-0.0030650348
-0.00076987373
0.00063912175
0.0021660652
0.0052817307
0.008758759
0.010424937
0.012809916
0.013266985
0.017179671
0.015752746
0.01453133
0.01936168
0.023300378
0.023039978
0.022654302
0.020814396
0.020669323
0.017219366
0.013065821
0.015067092
0.013922576
0.013848943
0.012672341
0.013691957
0.016517073
0.017428911
0.019869954
0.020275143
0.018767757
0.015863994
0.018278007
0.018727853
0.017884592
0.015383913
0.012266018
0.0084788384
0.0055307313
0.006447641
0.0088022807
0.0094792219
0.0098757109
0.0093768379
0.0032932243
0.00084747758
0.0004772503
0.00093644064
0.00039838643
-0.0027080035
-0.0045175314
-0.0029636391
-0.0020184154
-0.0038847184
-0.0031673318
-0.0040444925
-0.0045862755
-0.0038503798
-0.0032369377
-0.0021661074
-0.0018706456
-0.00095777463
-0.00050780322
-0.00027364623
-0.00022627836
-2.2548117e-05
9.7064643e-05
0.00054774783
0.00077604114
0.0010760415
0.0016245726
0.0020280991
0.0032107298
0.0048132268
0.0066192418
0.0080682751
0.014342812
0.018240634
0.019579379
0.013489508
0.0086522304
0.0051405091
0.0039761419
0.0017934504
-0.00075628994
-0.002482054
-0.005787659
-0.0068661513
-0.010818712
-0.010470747
-0.0095043687
-0.0089262291
-0.0084766051
-0.0086772076
-0.0067161478
-0.0053599529
-0.005409823
-0.0045743596
-0.0040764385
-0.0041422479
-0.0051265473
-0.0049694528
-0.0053061986
-0.0055359197
-0.0058971197
-0.0055440351
-0.007892732
-0.0070883215
-0.0074216344
-0.006775782
-0.0055964424
-0.0013430086
-0.0010076865
-0.0096617801
-0.013882346
-0.015952372
-0.020032128
-0.019060298
-0.019275621
-0.020464113
-0.016378343
-0.011635863
-0.0072578697
-0.0064727205
-0.0069157845
-0.0077094839
-0.0085495176
-0.012246773
-0.015534806
-0.019425335
-0.021904845
-0.028025143
-0.031199545
-0.032548181
-0.031052627
-0.03255723
-0.03725505
-0.037509996
-0.037510792
-0.031089341
-0.02687892
-0.021403195
-0.018008762
-0.01553359
-0.012648466
-0.0079733308
-0.0041694804
-0.00034040282
0.0013205134
0.0045465578
0.0079486658
0.01184309
0.01957588
0.024658628
0.028527509
0.030791909
0.032460519
0.033152127
0.032594402
0.029894159
0.029577939
0.030130505
0.029204402
0.023586944
0.023115403
0.025553124
0.023500358
0.023741386
0.024329469
0.023182681
0.021519681
0.024119803
0.027259565
0.026448584
0.023611468
0.022208644
0.019247451
0.017145677
0.012388847
0.0086106636
0.004346238
-0.0010446897
-0.0013270366
-0.0014936688
-0.0022305075
-0.004612722
-0.0041802188
-0.006249931
-0.01144194
-0.011179374
-0.0095356932
-0.0083224807
-0.0085475485
-0.0088569816
-0.0098817949
-0.0079619435
-0.0068976272
-0.0066141821
-0.0063480625
-0.0061433327
-0.006313784
-0.0058454879
-0.0054941426
-0.0043073673
-0.0039807984
-0.003359347
-0.0024834827
-0.0018750517
-0.0013659763
-0.0010861916
-0.0015669877
-0.0010733879
-0.0014590206
-0.00099951973
-0.00096032349
-0.00011088654
0.00069885845
0.0016071521
0.0013942265
0.0014908403
0.00649829
0.0080073757
0.0061570072
0.0046533739
0.00086717761
-0.0016679983
-0.0021878491
-0.0042257157
-0.003942692
-0.0066057083
-0.0080578071
-0.011294498
-0.012338365
-0.013988843
-0.011856003
-0.01001264
-0.008620408
-0.0080767891
-0.0064814982
-0.0059883816
-0.0058264583
-0.0051682215
-0.0055990106
-0.006766054
-0.0070116738
-0.006429965
-0.0072623177
-0.0073748176
-0.0083483517
-0.0075976942
-0.0098131304
-0.0086012058
-0.008778279
-0.008044456
-0.0085088985
-0.0056617354
-0.011056556
-0.017586937
-0.020384739
-0.019627343
-0.020627419
-0.024041064
-0.024949098
-0.026752883
-0.0195293
-0.01290285
-0.0087784308
-0.0078700503
-0.00859517
-0.011459763
-0.015293791
-0.019446058
-0.022349212
-0.025582895
-0.027020445
-0.032022497
-0.039603418
-0.043972717
-0.046525025
-0.04832679
-0.051910066
-0.050121801
-0.048334026
-0.045540315
-0.038411935
-0.033484452
-0.030227821
-0.025669451
-0.020003713
-0.01339046
-0.006595153
-0.0010660719
-0.0010628616
0.00098717153
0.0059570594
0.013223112
0.024326599
0.02853905
0.031240834
0.036308785
0.036129411
0.039322313
0.038883438
0.035632976
0.036429328
0.0355246
0.031782846
0.032481104
0.033646406
0.032877701
0.031910772
0.036253818
0.035284506
0.032306955
0.03354176
0.031026702
0.032744821
0.033223861
0.029395735
0.025970075
0.022715716
0.01712745
0.0080308185
0.0028129093
-0.0010903011
-0.0072329532
-0.0077440977
-0.011228564
-0.012651367
-0.016712736
-0.016448316
-0.015381232
-0.016873005
-0.014187139
-0.01279235
-0.011658446
-0.013265862
-0.012050687
-0.010971461
-0.0091650785
-0.0087481593
-0.007499389
-0.0071900657
-0.0069566262
-0.0057290526
-0.0050467099
-0.0045773302
-0.0039622115
-0.0031131415
-0.0014947209
-0.00088214628
-0.0012705528
-0.0013678949
-0.0008462618
-0.0011647084
-0.0011381303
-0.0016397872
-0.0014460862
-0.0014539087
-0.00067262681
-0.0020533022
-0.0021737765
-0.0041529206
-0.0023506751
-0.00074212836
-0.00033344146
-0.00043197638
-0.0035308626
-0.0025940064
-0.0068310553
-0.0051299263
-0.0046661035
-0.0037994063
-0.0064604035
-0.0098125446
-0.0094121844
-0.012393789
-0.015035062
-0.014060948
-0.013005903
-0.010942505
-0.0085426271
-0.0068781681
-0.0074424361
-0.0072981403
-0.007520511
-0.0078956843
-0.0083184336
-0.0085984871
-0.0093410567
-0.0098135822
-0.010337194
-0.0098734341
-0.0097072543
-0.010551142
-0.010358769
-0.0091314033
-0.010413619
-0.012227021
-0.012979853
-0.017779786
-0.023497552
-0.021061495
-0.021057842
-0.020416201
-0.024964143
-0.029689798
-0.024761985
-0.018570541
-0.0091614343
-0.0085368663
-0.0088258215
-0.01248069
-0.015714445
-0.02245328
-0.027137573
-0.031664468
-0.033813736
-0.038766113
-0.044067999
-0.048692348
-0.051271643
-0.056128092
-0.057402598
-0.058339285
-0.057664239
-0.056925067
-0.054789214
-0.051126949
-0.044154746
-0.038847003
-0.033419927
-0.025345252
-0.014312131
-0.0037832715
0.0044128208
0.0088905058
0.0094047711
0.0095469361
0.013508783
0.023835221
0.030510306
0.032031548
0.035290257
0.036574206
0.036922663
0.035020854
0.034436546
0.030331076
0.026150579
0.025527746
0.026062247
0.035822974
0.03753174
0.039432905
0.045808559
0.043531814
0.039424297
0.040661894
0.037217719
0.037161064
0.033701605
0.030653749
0.027615423
0.023119229
0.016502049
0.0078117754
8.7649343e-05
-0.0044384617
-0.0070082486
-0.008140295
-0.012591257
-0.016088606
-0.017356652
-0.020653707
-0.019865778
-0.018106622
-0.016604961
-0.015599951
-0.013750751
-0.01333795
-0.011800647
-0.010687267
-0.0087443207
-0.0071199111
-0.0065628782
-0.0054498088
-0.0049576472
-0.0045311951
-0.0039437908
-0.0036126526
-0.0029995951
-0.002050511
-0.0019773297
-0.0018326415
-0.0012811236
-0.00077866503
-0.00055309515
-0.00080420618
-0.00087603091
-0.00077202052
-0.0010919569
-0.0015300072
-0.002121651
-0.0035674454
-0.0051354067
-0.0074185199
-0.0080446499
-0.0061899861
-0.0049538756
-0.0041295616
-0.0038909872
-0.0042048157
-0.0039911878
-0.0051836121
-0.0047328205
-0.0062403251
-0.00680426
-0.0051053933
-0.011078399
-0.013746651
-0.015713087
-0.018236942
-0.017113105
-0.012450209
-0.0094497471
-0.008155976
-0.0085975331
-0.008547391
-0.0094366098
-0.0085355154
-0.0097461457
-0.010364341
-0.011601667
-0.010845837
-0.011316636
-0.010653906
-0.010798399
-0.010101714
-0.010211442
-0.011194481
-0.014288832
-0.0154475
-0.01745331
-0.020546984
-0.021801677
-0.020160402
-0.021821657
-0.019492763
-0.025111811
-0.027224016
-0.027129255
-0.020007735
-0.012189902
-0.0098394296
-0.011501554
-0.015512241
-0.019802971
-0.025349047
-0.032228905
-0.034440017
-0.038282034
-0.041984164
-0.050529717
-0.052525734
-0.055564135
-0.055000274
-0.059715728
-0.063863185
-0.061496066
-0.062721256
-0.061086401
-0.056515862
-0.051247107
-0.042748896
-0.035905056
-0.021967634
-0.0097263803
0.00088379256
0.011094554
0.0095483077
0.012000268
0.01692205
0.02747642
0.028770821
0.032946991
0.029222092
0.031884815
0.03720348
0.03541948
0.036221464
0.036542004
0.031293283
0.030111469
0.031230745
0.032069987
0.042023786
0.042371351
0.039488719
0.042171752
0.044987662
0.046545119
0.04407706
0.040288618
0.035390867
0.031761327
0.027665279
0.025065844
0.019319475
0.013972384
0.0063030648
0.0012457997
-0.0032800676
-0.0047493492
-0.0049928436
-0.0090335528
-0.011954275
-0.013963931
-0.014327399
-0.014806093
-0.01467997
-0.012828182
-0.012336059
-0.010718365
-0.01001773
-0.0082909482
-0.007319487
-0.0055900843
-0.0040984808
-0.0040117861
-0.003120789
-0.0019596352
-0.0020581886
-0.0016032547
-0.0014620203
-0.0012940564
-0.00083349731
-0.00048145926
-0.00028503052
-0.00016890371
-0.00042500361
-0.00022801017
-0.00049129599
-0.00010415043
-0.00025054481
-0.00054125493
-0.00076181952
-0.002062821
-0.0035771613
-0.005840257
-0.011198686
-0.013874218
-0.0056102982
-0.0037658161
-0.0037991713
-0.0030690776
-0.0050047767
-0.0031924183
-0.0044135349
-0.0097586283
-0.012833631
-0.014561018
-0.016393607
-0.014944162
-0.014292106
-0.016833861
-0.019103033
-0.014607555
-0.010806318
-0.0081880516
-0.0078276391
-0.0073248827
-0.0081066346
-0.0086320911
-0.0088238093
-0.010002812
-0.01062071
-0.011751746
-0.011824865
-0.010696612
-0.010998843
-0.010415913
-0.012269214
-0.012651998
-0.015323705
-0.017414929
-0.018246631
-0.018375812
-0.021554078
-0.016663888
-0.017095388
-0.019045083
-0.019805759
-0.025220238
-0.028627958
-0.029602433
-0.021341344
-0.012181847
-0.013352121
-0.013465715
-0.015033349
-0.01858325
-0.024323705
-0.030401442
-0.033986102
-0.03829762
-0.042243473
-0.048948699
-0.054429511
-0.056314284
-0.05860994
-0.064456225
-0.06876454
-0.068096482
-0.067449152
-0.064494566
-0.058062512
-0.051789194
-0.042815802
-0.027860515
-0.012330455
-0.0021082086
0.0079973907
0.014540116
0.0095167962
0.010984202
0.0075479528
0.011412364
0.017722593
0.01837747
0.025468185
0.028987303
0.031723069
0.030214229
0.031203211
0.032655818
0.027856777
0.033758479
0.037647694
0.043016443
0.04809868
0.05019646
0.049736115
0.047138268
0.04854433
0.04402372
0.038780492
0.034280911
0.029761463
0.024242863
0.020399105
0.018414274
0.013334031
0.0085802987
0.0034546833
-0.0019815738
-0.0045166981
-0.0052018251
-0.0056109517
-0.0081039287
-0.0095714119
-0.01024172
-0.0092796742
-0.0096298432
-0.0078071257
-0.0073731359
-0.0067817948
-0.0072413814
-0.0068710739
-0.0058591666
-0.0048505147
-0.0044362581
-0.0028574926
-0.0026457749
-0.0018206298
-0.0015466013
-0.00078279991
-0.00066674132
-0.00071021226
-0.0010523899
-0.00015697699
-0.00013884723
-0.00060474022
-0.00081193052
-0.00095280882
-0.001053481
-0.0008929636
-0.0011151814
-0.0015300421
-0.0017964053
-0.0021896449
-0.0036070562
-0.0046698633
-0.0069232712
-0.01542613
-0.013682271
-0.0049167403
-0.0045075629
-0.001820811
-0.0066005536
-0.0062251261
-0.0053273873
-0.0087854387
-0.012545551
-0.015143098
-0.017960738
-0.017580998
-0.016746057
-0.016230724
-0.014511942
-0.013577899
-0.01026303
-0.0095422037
-0.0075793441
-0.0069114593
-0.0076749648
-0.007082233
-0.0075959763
-0.008258422
-0.0087279514
-0.010057145
-0.010405181
-0.010662386
-0.010381909
-0.011022504
-0.011486763
-0.014080912
-0.013997929
-0.017632567
-0.016777616
-0.017016744
-0.018563967
-0.015896866
-0.016309104
-0.016429962
-0.018873079
-0.021718682
-0.023930646
-0.026068767
-0.028502841
-0.019776639
-0.013984606
-0.016678957
-0.018669132
-0.016220222
-0.016529804
-0.020364859
-0.026249516
-0.031055599
-0.036400958
-0.042287763
-0.046790467
-0.052906508
-0.058706268
-0.067371049
-0.072490186
-0.075571992
-0.077915573
-0.07570637
-0.072929626
-0.064827886
-0.053961725
-0.042014312
-0.0259261
-0.01433991
-0.0077107387
0.0007188455
0.0011745544
0.0045284762
0.0045133167
0.003768243
0.0055914217
0.017685672
0.017988075
0.021112561
0.024895579
0.029889462
0.028101677
0.031502083
0.036570623
0.039868977
0.044827253
0.047118602
0.051745772
0.053411313
0.053479053
0.052930308
0.051238992
0.045022117
0.042465587
0.039511378
0.034716225
0.027036094
0.023836662
0.019246666
0.015427408
0.010883141
0.0058778471
0.00096950696
-0.0016489214
-0.0048249525
-0.0056691354
-0.0055343511
-0.0055686258
-0.0072973406
-0.0051329431
-0.0047243163
-0.0041784506
-0.0035620752
-0.0037179972
-0.0038576971
-0.0044382924
-0.0046024999
-0.0031859937
-0.0023251771
-0.0028035743
-0.0024424991
-0.0015379429
-0.0012502436
-0.00079598354
-0.00089117227
-0.00078452099
-0.00083228112
-0.00054678495
-0.0010103895
-0.00078315441
-0.0014877656
-0.0010932151
-0.0014084304
-0.00097674923
-0.0011605519
-0.0014141615
-0.0015731076
-0.002146323
-0.0022375848
-0.003914982
-0.0046310896
-0.0059311567
-0.014126245
-0.015039407
-0.0082778343
-0.0046564799
-0.0026324439
-0.0096442059
-0.012219219
-0.010428476
-0.01390114
-0.01468565
-0.013086264
-0.01492654
-0.015869696
-0.012381861
-0.011378677
-0.008545106
-0.0066394672
-0.0043154044
-0.0036266097
-0.0036921716
-0.0056319869
-0.0051995023
-0.0047519304
-0.0036738711
-0.0050030563
-0.0066070433
-0.0075332943
-0.0079128054
-0.0092932194
-0.0093984388
-0.010246216
-0.01248824
-0.012520702
-0.012907842
-0.016678671
-0.015514149
-0.015480673
-0.015288394
-0.014754872
-0.015630433
-0.017846099
-0.018452675
-0.02414335
-0.028116216
-0.031113341
-0.028171584
-0.018976375
-0.018287144
-0.01956967
-0.022124012
-0.021748275
-0.019316107
-0.022037783
-0.026963012
-0.031343399
-0.037423339
-0.045575624
-0.052149191
-0.060298303
-0.065460366
-0.071437289
-0.074321558
-0.074580539
-0.073760605
-0.071643369
-0.066261582
-0.059520522
-0.051164148
-0.038331168
-0.025633647
-0.015291197
-0.01081931
-0.0063184817
0.0010870567
0.0058695968
0.0096556039
0.011431288
0.011659513
0.025670607
0.022385651
0.025248359
0.032585232
0.031989233
0.029221057
0.037157113
0.040199355
0.042156406
0.044032831
0.047870868
0.050105884
0.052437575
0.049359081
0.049831165
0.045601951
0.042845532
0.037593494
0.033331623
0.030794763
0.026782686
0.024369797
0.020426383
0.018519316
0.013471422
0.010516169
0.0063406646
0.0038992587
0.00091034117
-0.00094623432
-0.0013845032
-0.0003461724
-6.9472703e-06
-0.00017160577
-0.00047295994
0.00014616548
-0.00066767548
-0.0019672277
-0.0015588641
-0.0022918674
-0.001875614
-0.0012323022
-0.00083892377
-0.001180274
-0.0010806428
0.00036936664
-0.00013657793
0.000655895
0.00094564018
0.00025080296
-0.00030418753
0.00012108637
-0.00052940607
-0.00062949681
-0.0015187262
-0.00097607391
-0.00074679396
4.5131351e-05
-0.00094434272
-0.0017362361
-0.0021873334
-0.0016851988
-0.0022880381
-0.0022299799
-0.0043313127
-0.006006598
-0.0096240186
-0.0099966599
-0.011996317
-0.0074898159
-0.0050374643
-0.0075386849
-0.010353751
-0.01253361
-0.013054118
-0.01042579
-0.0099434105
-0.0090578239
-0.0090224839
-0.007766682
-0.0063630503
-0.0041411926
-0.0033217103
0.00054848491
0.002388506
-0.00038402992
-0.00087006703
-0.00085344642
0.00031751948
-0.0031355075
-0.0030229081
-0.0013902865
-0.0045142961
-0.0057682708
-0.0051620591
-0.0072942585
-0.0092063917
-0.010934374
-0.0088033218
-0.012713091
-0.014115991
-0.012719773
-0.015144756
-0.015984644
-0.016051798
-0.017668955
-0.020098466
-0.019762573
-0.023495126
-0.026634525
-0.03099884
-0.024486976
-0.021817919
-0.018391388
-0.016113757
-0.020932473
-0.021045736
-0.021325665
-0.02174723
-0.023973192
-0.029687491
-0.038763864
-0.046272113
-0.051738659
-0.05851951
-0.060608394
-0.063139768
-0.063592126
-0.06366397
-0.060170519
-0.059795123
-0.05619752
-0.050752365
-0.039316052
-0.028460848
-0.015907328
-0.011282562
-0.003240269
0.00076112917
0.0049651923
0.014996736
0.023312121
0.029815762
0.036695376
0.036392507
0.036062997
0.037475432
0.039426132
0.042536151
0.045259906
0.047212232
0.046919613
0.045731656
0.045855625
0.046495987
0.046274392
0.047482506
0.045747941
0.044400219
0.03766459
0.036369054
0.033044131
0.031748632
0.028421513
0.025971681
0.023090277
0.022510164
0.019014562
0.02018046
0.017601135
0.012993343
0.010465499
0.0078361499
0.0061464607
0.0045087991
0.0039797641
0.0063986142
0.0064108384
0.0050671882
0.0036421579
0.0016115965
0.00078388625
0.0014156102
-0.00036397671
0.0011488528
0.00076448522
0.0015906112
0.00080492246
0.0019235454
0.0019440905
0.0012025908
0.0020737653
0.0027120881
0.0029357732
0.002377796
0.0030614888
0.0034311062
0.0021415818
0.0014287397
0.003061986
0.0035959766
0.0033780793
0.0030598239
0.0021357205
0.00043865762
-0.00048484858
-0.0017603766
-0.0030424385
-0.0055122333
-0.0069595197
-0.0031118087
0.0028322984
-0.0060800248
-0.0080240152
-0.0041464706
-0.0045661285
-0.0066028652
-0.010510625
-0.010301025
-0.0098278637
-0.0056853986
-0.0050764504
-0.0042199514
-0.0025276348
-0.0014785051
7.6865818e-05
0.0030788026
0.0041084861
0.0060752862
0.0076253899
0.0085682529
0.0042606072
0.005954263
0.0063366863
0.0038651356
0.00049361339
-0.0033857321
-0.0049663313
-0.0045889399
-0.0057145771
-0.0074073665
-0.0075518067
-0.006288004
-0.0084161838
-0.007276948
-0.00744985
-0.010851712
-0.013622456
-0.014141747
-0.015145981
-0.016485619
-0.01613436
-0.017182642
-0.018967716
-0.019507257
-0.016522399
-0.015545718
-0.016216042
-0.01519757
-0.016552575
-0.01903089
-0.021207693
-0.022072291
-0.024377011
-0.028880352
-0.03295891
-0.037767538
-0.045082397
-0.049454432
-0.052157506
-0.053368994
-0.055243426
-0.051217263
-0.048232496
-0.046578226
-0.043280935
-0.038078952
-0.024320462
-0.014868482
-0.0047135144
0.00028089665
0.0069670696
0.0086354594
0.018622844
0.028601734
0.038060924
0.05173236
0.054662112
0.053924931
0.05353925
0.052023735
0.046585069
0.049043711
0.055966379
0.058227856
0.053325995
0.053136011
0.050352014
0.049657868
0.047945383
0.047641716
0.047953422
0.045079037
0.037553722
0.033254553
0.032274891
0.028325625
0.026279902
0.024216529
0.021373657
0.018152184
0.016399817
0.014267002
0.011817047
0.0078867685
0.0079793118
0.0067358994
0.0051479697
0.0040444352
0.0043522203
0.0072600216
0.0085434241
0.0099070402
0.01018872
0.010016242
0.010103452
0.0091353349
0.0078215669
0.0079653033
0.0090841959
0.0096194664
0.011687086
0.012410958
0.013245722
0.011774751
0.01388359
0.017355614
0.018208636
0.019409449
0.018106626
0.016275327
0.014616521
0.013595522
0.012728029
0.011004621
0.011559274
0.011473396
0.0093948729
0.0084420005
0.0071366342
0.0027127676
-0.00090063348
-0.0043074551
-0.0063296945
0.002497283
0.0092689826
0.002829646
-0.0046556822
-0.0028519289
-0.0033577794
-0.0042065606
-0.0046330452
-0.0042493449
-0.0026587757
-0.00087501691
0.00056868145
0.00065156687
0.0051537587
0.0045872435
0.0070852286
0.0079520461
0.006192263
0.0076188987
0.008095856
0.0084439246
0.0082872638
0.0070878573
0.0053046033
0.0034575151
0.00048838054
-0.0037898822
-0.0045212894
-0.0042708876
-0.0065019592
-0.0045268536
-0.0042720577
-0.0049464535
-0.0063823203
-0.0046414015
-0.0048974163
-0.0061518336
-0.0066049741
-0.0094391423
-0.01042194
-0.012704172
-0.013301712
-0.012479407
-0.011475482
-0.010324567
-0.0093874857
-0.011899159
-0.014187443
-0.016559406
-0.016703426
-0.018434099
-0.01710829
-0.017091877
-0.021063882
-0.02410565
-0.029931171
-0.031353543
-0.037093488
-0.040828321
-0.041097594
-0.042529517
-0.039329267
-0.03458306
-0.036152984
-0.037264848
-0.028385821
-0.015936029
-0.0062434164
0.0043109404
0.01472187
0.021585652
0.02027228
0.022702733
0.031345424
0.035390991
0.043686465
0.056138822
0.06490709
0.063946334
0.059630954
0.054517419
0.050861203
0.051726378
0.059674325
0.057247327
0.056732697
0.050274364
0.045578095
0.044040095
0.043037356
0.041320456
0.038782149
0.034217639
0.02892789
0.025849307
0.020559467
0.020162232
0.017618264
0.015191837
0.013187657
0.010954355
0.0095521625
0.0043145156
0.0034269972
0.0042954182
0.0021311674
0.0029201097
0.0043244655
0.0047491209
0.0065683152
0.0091168807
0.0067320356
0.0089881405
0.011967092
0.013168556
0.013961779
0.015404344
0.015512275
0.016150894
0.015345012
0.015491741
0.016356729
0.019136411
0.019100268
0.020609815
0.023686555
0.027678129
0.027903044
0.027669336
0.025481814
0.018903086
0.01692921
0.012601978
0.0080982869
0.0048994273
0.0039699718
0.0026981961
0.0019378069
0.0010168139
-0.0021371439
-0.0030765777
-0.0042877339
-0.0065789415
0.0050791097
0.01221025
0.012991275
0.0034931882
0.0018547154
0.0010695062
-0.0012176099
6.5468796e-05
-0.00017721811
0.0034036106
0.0053454525
0.0077240194
0.0060313636
0.0067437854
0.0075927838
0.0071789609
0.0053301545
0.0077071115
0.007421095
0.0075198818
0.0083583215
0.012226092
0.010524036
0.0067420094
0.0053969504
0.0034755987
0.0013160396
0.0013700222
-0.0027348609
-0.0051828948
-0.0070159721
-0.0073401218
-0.0055425359
-0.0074292648
-0.0073387935
-0.0065242162
-0.0040886327
-0.0033239976
-0.0044482009
-0.0045927633
-0.0037365859
-0.0061302622
-0.0086013783
-0.0091596881
-0.0093862617
-0.0085270357
-0.0074321608
-0.0099561579
-0.0072684368
-0.014316239
-0.014998063
-0.014365011
-0.014500066
-0.015198209
-0.015952635
-0.018540838
-0.021260575
-0.023609859
-0.025558318
-0.027836876
-0.027730083
-0.025073424
-0.020975151
-0.020279323
-0.021434883
-0.021785476
-0.011331031
0.00088274316
0.012150516
0.017808382
0.024564368
0.030809436
0.029987419
0.028785158
0.031903855
0.034887253
0.040948755
0.049961724
0.05906277
0.057478165
0.053373717
0.048673962
0.043379245
0.046482572
0.050697125
0.048718082
0.044379134
0.03957286
0.036185913
0.033644108
0.029535694
0.025252762
0.020914324
0.017661214
0.014124931
0.01086704
0.0098431611
0.0074934826
0.0082771992
0.0076175476
0.0069138454
0.0033654743
0.00045246155
-0.0018625866
-0.0021634344
0.0017437418
0.0019538722
0.0031818389
0.0024344298
0.0035473113
0.0035298069
0.0063967671
0.0074037537
0.0075938076
0.0084033274
0.010910298
0.013018229
0.016907943
0.018881953
0.019198112
0.018400745
0.019812154
0.018349273
0.021507436
0.023023632
0.025105961
0.027610905
0.032914244
0.030854125
0.031697801
0.02548911
0.023418897
0.016803837
0.010315134
0.0029359723
-0.0015055858
-0.0014674231
-0.002530603
-0.0049305624
-0.0058731015
-0.0051525716
-0.0066413112
-0.010083907
0.0030650055
0.014218646
0.013252614
0.0079693099
-0.0011282266
-0.0036829499
-0.0025081533
-0.0012113751
0.0003142106
0.0032646686
0.0041199662
0.006460209
0.0063612248
0.0062507211
0.0062860119
0.0075552042
0.0067235023
0.0074229359
0.0090508052
0.0096157583
0.010038513
0.010494009
0.013111337
0.013516416
0.011741271
0.0099550263
0.005770089
0.0051766354
0.0038304971
0.0019775049
-0.0016214973
-0.0048492656
-0.0059246671
-0.0084476188
-0.0080515507
-0.0074987937
-0.0055014755
-0.0055981633
-0.0043426052
-0.0044063722
-0.0037019735
-0.0037923683
-0.0049949648
-0.0047036708
-0.0071410705
-0.0066716773
-0.0065264895
-0.0056882154
-0.0067959163
-0.0047939019
-0.0099598762
-0.0098545164
-0.010961464
-0.010697783
-0.0099364706
-0.010934579
-0.012141705
-0.013478255
-0.014918209
-0.016204127
-0.017328813
-0.015939938
-0.014676726
-0.0098644534
-0.010314709
-0.0087083591
-0.008465999
-0.0012091977
0.0054236503
0.014007684
0.020843766
0.025856376
0.031368126
0.02901161
0.024958294
0.026346806
0.031081087
0.033072329
0.039709271
0.041497443
0.040901288
0.040860533
0.036431332
0.030366873
0.031558546
0.033716502
0.0318059
0.02769839
0.024110065
0.020651773
0.017155439
0.011852902
0.0093227709
0.0057501892
0.0026506052
0.0013093636
0.00094261792
0.00022965056
0.0013305839
0.0015722512
0.0027179868
0.00017439651
-0.001699382
-0.0038593368
-0.0051630091
-0.0037362166
-0.0028441825
-0.0012621398
-0.00089072936
-0.00091377084
0.0010484538
0.0027568563
0.0044879672
0.0051277985
0.0067877652
0.0066317066
0.0067593544
0.0094269009
0.012066268
0.015653431
0.016934576
0.020296363
0.021292139
0.020071505
0.019015055
0.020658717
0.023045671
0.02644357
0.029527135
0.031033402
0.029969235
0.025252398
0.019686281
0.013332197
0.0064048186
0.00035137138
-0.0011239831
-0.0040701829
-0.0054313635
-0.0061542372
-0.0060839729
-0.0062439293
-0.0020528067
0.00016567098
0.009451631
0.012095324
0.010355195
0.0052162615
-0.001769052
-0.0054104622
-0.0046492378
-0.0013993402
-0.00055474568
0.0037614663
0.0060592188
0.0060992566
0.0074673824
0.0061863202
0.0047063145
0.0060674548
0.0063751048
0.0053256105
0.007673271
0.008500544
0.0097447201
0.011368572
0.011324206
0.012872514
0.013416421
0.011473268
0.0077345485
0.0081792781
0.0075842109
0.0055531547
0.00058855319
-0.0038252835
-0.0047872769
-0.007949643
-0.0057475775
-0.005645781
-0.0057696034
-0.0050489337
-0.0050824813
-0.0044574608
-0.0037430486
-0.0034793559
-0.0033399187
-0.0037579391
-0.0047242292
-0.0054734091
-0.0050413392
-0.0043725341
-0.004924605
-0.004576102
-0.0042450295
-0.0064967275
-0.0081666391
-0.008954636
-0.0089537766
-0.0081279926
-0.0088194518
-0.008876271
-0.0094321338
-0.0094608582
-0.0092860735
-0.0078737158
-0.0060911659
-0.0040143347
-0.0040617323
-0.0019258901
1.2731547e-05
0.0027081698
0.0068998096
0.013542864
0.016098208
0.021304367
0.022534591
0.018444194
0.017924195
0.020063972
0.022168948
0.024405478
0.027281279
0.026883911
0.027648491
0.025978653
0.022343377
0.016703527
0.015206078
0.016155185
0.01725944
0.015039205
0.010909595
0.0067791149
0.0022386888
-0.0015926777
-0.0033028164
-0.0054958161
-0.0065277404
-0.0068622948
-0.0059782806
-0.0053185811
-0.004507962
-0.0026185517
-0.0015219532
-0.00071807968
-0.0015182372
-0.0037794278
-0.004646458
-0.0056247043
-0.0058749069
-0.0043027211
-0.0035778513
-0.0025748954
-8.5157012e-05
0.00029658946
0.0018497713
0.0037037653
0.0055663837
0.0062548603
0.0056579535
0.0073905082
0.0092058909
0.01085675
0.012776341
0.014785944
0.014772148
0.014111202
0.014180602
0.016340893
0.020155775
0.021212758
0.020690065
0.022663898
0.024038683
0.019308391
0.01448606
0.0095582301
0.0041658747
0.00048123915
-0.0025878378
-0.0037187263
-0.0045449743
-0.0044491232
-0.0019323562
-0.00098822577
0.002616141
0.0075869429
0.0094776704
0.0095532584
0.0058102344
0.0013060475
-0.001927691
-0.0044250554
-0.0033368781
-0.003043397
-0.0014240559
0.00073880021
0.0030580959
0.0050191858
0.0051180942
0.0046108132
0.0037443416
0.0047614611
0.0060573868
0.0048770155
0.0059054647
0.0070707203
0.0088585474
0.009910105
0.0091873391
0.010506711
0.011508316
0.011449279
0.0095300393
0.0096859113
0.011285633
0.0087658201
0.005847952
0.0028312405
-0.0010216256
-0.0032621138
0.00011991646
-0.0016438611
-0.0034851913
-0.0025497015
-0.0024946404
-0.0025581796
-0.0023994087
-0.0017380287
-0.002137468
-0.0019889755
-0.0025651795
-0.0010471331
-0.0013867531
-0.0023192238
-0.003304219
-0.0023748641
-0.0032290325
-0.0066837634
-0.0075367078
-0.008466089
-0.0086117999
-0.0089751233
-0.0088257565
-0.0078543136
-0.0079270954
-0.0084097251
-0.0069750148
-0.005343922
-0.004528074
-0.0034473782
-0.0025660881
-0.0011927368
0.0010294838
0.0012984835
0.0043143482
0.0066356315
0.010257906
0.0138225
0.013624878
0.010363659
0.0094088492
0.0099252157
0.010231848
0.014275269
0.015581381
0.015292543
0.014529977
0.013598467
0.011225715
0.0069455887
0.0038923176
0.0061383293
0.0073305648
0.0082470903
0.0026181953
0.0003153743
-0.0021784445
-0.0056624635
-0.0076334342
-0.009844424
-0.0097451013
-0.0096532845
-0.0090878319
-0.0076647426
-0.0069950574
-0.0043499854
-0.0019797597
-0.0011184065
-0.002353502
-0.0043408998
-0.0050666273
-0.0050675532
-0.0068599824
-0.0065358094
-0.0040870748
-0.003798609
-0.00084522866
0.001529746
0.0032539875
0.0038245158
0.0054699642
0.0071408351
0.006757386
0.0063145646
0.0066590321
0.0074244183
0.0084292402
0.0086746469
0.0085628072
0.0081740254
0.0090117653
0.011000098
0.013277039
0.014401259
0.013527453
0.015199105
0.017737287
0.016592843
0.011447226
0.0062419371
0.0025166763
0.00049701613
0.00032763743
0.0013177394
-0.0015194149
-0.0015270798
-0.00037830718
-0.00078133096
0.0016218523
0.0024520218
0.0036206059
0.0044007524
0.00054361789
-0.0012059413
-0.0009610749
-0.0025568132
-0.0018820059
-0.0043663521
-0.0029413539
-0.0011334199
0.00056158117
0.0021713121
0.0021729931
0.0015748022
0.0025879777
0.0020657603
0.0008030023
0.0020041224
0.0035239934
0.005490694
0.0071052284
0.0088206641
0.010027157
0.0089315545
0.0098940091
0.0089980465
0.0078771784
0.0071544571
0.0071296157
0.007345988
0.0061993293
0.0040128911
0.0023723771
0.00028293892
